Time,U,AI1,AI2,AD,BI2,BI2,BD,VA,VB
0.00,7394.00,1.00,0.00,0.00,1.00,0.00,0.00,75.00,75.00
0.01,7394.00,1.00,0.00,0.00,1.00,0.00,0.00,68.47,68.47
0.01,7393.00,2.00,0.00,0.00,0.00,1.00,0.00,62.51,77.53
0.02,7393.00,2.00,0.00,0.00,0.00,1.00,0.00,57.06,85.80
0.03,7392.00,2.00,0.00,0.00,1.00,1.00,0.00,52.10,93.35
0.03,7389.00,3.00,0.00,0.00,3.00,1.00,0.00,47.56,100.25
0.04,7389.00,3.00,0.00,0.00,3.00,1.00,0.00,43.42,106.54
0.05,7387.00,5.00,0.00,0.00,3.00,1.00,0.00,39.64,112.29
0.06,7387.00,5.00,0.00,0.00,3.00,1.00,0.00,36.19,117.53
0.06,7386.00,5.00,0.00,0.00,4.00,1.00,0.00,33.03,122.32
0.07,7385.00,6.00,0.00,0.00,4.00,1.00,0.00,30.16,126.69
0.08,7383.00,6.00,0.00,0.00,6.00,1.00,0.00,27.53,130.69
0.08,7379.00,8.00,0.00,0.00,8.00,1.00,0.00,25.13,134.33
0.09,7379.00,8.00,0.00,0.00,7.00,2.00,0.00,22.95,152.68
0.10,7379.00,8.00,0.00,0.00,7.00,1.00,1.00,20.95,154.41
0.10,7379.00,8.00,0.00,0.00,7.00,1.00,1.00,19.12,155.98
0.11,7379.00,8.00,0.00,0.00,7.00,1.00,1.00,17.46,157.43
0.12,7378.00,7.00,1.00,0.00,8.00,1.00,1.00,1518.25,158.74
0.12,7368.00,14.00,2.00,0.00,10.00,1.00,1.00,4390.68,159.94
0.13,7360.00,19.00,4.00,0.00,10.00,2.00,1.00,10017.61,176.06
0.14,7350.00,27.00,3.00,1.00,12.00,2.00,1.00,13652.25,190.78
0.15,7341.00,34.00,5.00,1.00,11.00,3.00,1.00,19975.04,219.23
0.15,7327.00,45.00,6.00,1.00,13.00,3.00,1.00,27249.57,245.21
0.16,7315.00,56.00,6.00,2.00,12.00,4.00,1.00,33890.67,283.95
0.17,7297.00,69.00,9.00,2.00,14.00,4.00,1.00,44460.42,319.32
0.17,7281.00,78.00,14.00,2.00,15.00,5.00,1.00,61621.38,366.63
0.18,7270.00,84.00,17.00,2.00,16.00,6.00,1.00,81794.96,424.84
0.19,7251.00,96.00,19.00,4.00,19.00,6.00,1.00,103216.53,477.99
0.19,7226.00,114.00,22.00,4.00,23.00,6.00,1.00,127279.74,526.51
0.20,7208.00,131.00,21.00,5.00,23.00,7.00,1.00,147745.31,585.82
0.21,7187.00,136.00,29.00,5.00,30.00,8.00,1.00,178447.32,655.00
0.22,7158.00,156.00,33.00,5.00,34.00,8.00,2.00,212485.17,718.15
0.22,7139.00,166.00,40.00,5.00,36.00,8.00,2.00,254075.34,775.80
0.23,7113.00,181.00,47.00,5.00,39.00,9.00,2.00,302560.20,843.45
0.24,7082.00,203.00,54.00,6.00,40.00,8.00,3.00,357339.38,890.19
0.24,7050.00,230.00,56.00,7.00,39.00,11.00,3.00,410353.23,977.93
0.25,7015.00,256.00,59.00,10.00,42.00,10.00,4.00,463257.77,1043.01
0.26,6984.00,274.00,67.00,11.00,44.00,10.00,6.00,523574.12,1102.42
0.26,6934.00,315.00,72.00,13.00,46.00,10.00,6.00,586149.91,1156.66
0.27,6903.00,339.00,76.00,14.00,48.00,9.00,7.00,649286.10,1191.15
0.28,6876.00,355.00,80.00,17.00,51.00,10.00,7.00,712933.90,1237.66
0.28,6832.00,381.00,88.00,21.00,55.00,11.00,8.00,783058.01,1295.14
0.29,6791.00,402.00,98.00,26.00,58.00,11.00,10.00,862099.12,1347.62
0.30,6749.00,425.00,109.00,28.00,62.00,12.00,11.00,950783.08,1410.55
0.31,6697.00,459.00,122.00,29.00,65.00,12.00,12.00,1051274.88,1468.01
0.31,6658.00,469.00,140.00,35.00,69.00,13.00,12.00,1170057.89,1535.48
0.32,6593.00,512.00,155.00,35.00,73.00,15.00,13.00,1301032.44,1627.12
0.33,6545.00,545.00,164.00,37.00,76.00,16.00,13.00,1434123.05,1725.81
0.33,6507.00,569.00,173.00,40.00,74.00,20.00,13.00,1569145.48,1875.99
0.34,6451.00,602.00,188.00,44.00,78.00,20.00,13.00,1714945.40,2013.10
0.35,6386.00,648.00,201.00,48.00,78.00,22.00,13.00,1867579.70,2168.32
0.35,6333.00,678.00,220.00,50.00,78.00,24.00,13.00,2035467.15,2340.07
0.36,6262.00,723.00,239.00,54.00,80.00,25.00,13.00,2217279.61,2511.88
0.37,6207.00,751.00,260.00,56.00,84.00,24.00,14.00,2414809.12,2653.71
0.38,6137.00,791.00,282.00,59.00,86.00,25.00,16.00,2628189.43,2798.21
0.38,6048.00,846.00,304.00,63.00,93.00,26.00,16.00,2856040.30,2945.16
0.39,5970.00,899.00,316.00,70.00,97.00,27.00,17.00,3082078.60,3094.33
0.40,5880.00,951.00,343.00,74.00,102.00,28.00,18.00,3328996.81,3245.54
0.40,5801.00,998.00,365.00,78.00,106.00,30.00,18.00,3587465.26,3413.62
0.41,5715.00,1057.00,380.00,84.00,109.00,30.00,21.00,3845962.01,3567.07
0.42,5621.00,1108.00,409.00,92.00,114.00,30.00,22.00,4125516.95,3707.16
0.42,5537.00,1153.00,434.00,98.00,118.00,34.00,22.00,4418287.17,3895.14
0.43,5455.00,1199.00,463.00,101.00,122.00,34.00,22.00,4729131.25,4066.75
0.44,5362.00,1249.00,498.00,106.00,125.00,31.00,25.00,5065489.17,4178.35
0.44,5255.00,1314.00,535.00,107.00,125.00,35.00,25.00,5428143.98,4340.33
0.45,5141.00,1397.00,561.00,112.00,121.00,39.00,25.00,5798280.38,4548.29
0.46,5040.00,1456.00,594.00,115.00,124.00,42.00,25.00,6185763.11,4783.22
0.47,4928.00,1521.00,631.00,121.00,122.00,44.00,29.00,6595090.94,5027.73
0.47,4805.00,1586.00,673.00,129.00,128.00,45.00,30.00,7031873.27,5265.98
0.48,4689.00,1643.00,718.00,139.00,128.00,47.00,32.00,7498226.44,5513.52
0.49,4559.00,1709.00,773.00,142.00,130.00,51.00,32.00,8006598.65,5799.61
0.49,4419.00,1794.00,815.00,151.00,129.00,54.00,34.00,8533800.93,6105.85
0.50,4304.00,1847.00,859.00,161.00,132.00,59.00,34.00,9081198.32,6460.54
0.51,4194.00,1893.00,912.00,166.00,136.00,61.00,34.00,9660553.11,6814.39
0.51,4078.00,1963.00,946.00,172.00,141.00,62.00,34.00,10240538.64,7152.46
0.52,3964.00,2017.00,1000.00,175.00,137.00,67.00,36.00,10851146.17,7536.20
0.53,3836.00,2071.00,1067.00,179.00,135.00,71.00,37.00,11509239.46,7946.62
0.53,3695.00,2146.00,1120.00,187.00,135.00,73.00,40.00,12189651.15,8351.35
0.54,3574.00,2194.00,1180.00,193.00,136.00,77.00,42.00,12900954.11,8780.93
0.55,3441.00,2267.00,1232.00,198.00,137.00,79.00,42.00,13628439.82,9203.14
0.56,3305.00,2323.00,1296.00,209.00,138.00,79.00,46.00,14388727.05,9588.60
0.56,3170.00,2381.00,1357.00,217.00,142.00,79.00,50.00,15174452.54,9940.49
0.57,3053.00,2418.00,1430.00,223.00,139.00,82.00,51.00,16001429.02,10306.81
0.58,2912.00,2484.00,1494.00,230.00,141.00,83.00,52.00,16852543.73,10656.25
0.58,2788.00,2519.00,1568.00,243.00,139.00,85.00,54.00,17740717.87,11005.31
0.59,2631.00,2587.00,1649.00,247.00,139.00,89.00,54.00,18673240.64,11384.07
0.60,2486.00,2651.00,1718.00,256.00,138.00,92.00,55.00,19628222.67,11774.92
0.60,2352.00,2697.00,1788.00,265.00,144.00,94.00,56.00,20605210.46,12161.78
0.61,2205.00,2757.00,1859.00,275.00,145.00,97.00,58.00,21603790.33,12560.02
0.62,2062.00,2811.00,1936.00,282.00,145.00,102.00,58.00,22631095.88,12998.71
0.62,1936.00,2839.00,2024.00,287.00,148.00,103.00,59.00,23701151.27,13414.21
0.63,1802.00,2890.00,2096.00,295.00,146.00,106.00,61.00,24786196.93,13838.61
0.64,1679.00,2917.00,2174.00,306.00,149.00,108.00,63.00,25893941.64,14256.09
0.65,1577.00,2919.00,2262.00,314.00,147.00,112.00,65.00,27037431.80,14697.32
0.65,1468.00,2936.00,2345.00,322.00,145.00,114.00,66.00,28206043.39,15130.17
0.66,1355.00,2967.00,2416.00,330.00,143.00,116.00,69.00,29379561.05,15555.38
0.67,1274.00,2972.00,2485.00,336.00,140.00,117.00,72.00,30554553.03,15958.59
0.67,1184.00,2971.00,2567.00,343.00,137.00,119.00,75.00,31750420.98,16356.73
0.68,1109.00,2956.00,2640.00,353.00,142.00,120.00,76.00,32951826.30,16735.22
0.69,1022.00,2947.00,2724.00,361.00,144.00,121.00,77.00,34174812.31,17095.79
0.69,945.00,2938.00,2804.00,366.00,142.00,123.00,78.00,35411490.59,17455.00
0.70,873.00,2896.00,2909.00,375.00,136.00,127.00,80.00,36698226.58,17843.02
0.71,806.00,2884.00,2978.00,384.00,133.00,130.00,81.00,37976578.33,18242.33
0.72,724.00,2870.00,3064.00,388.00,137.00,130.00,83.00,39272815.14,18606.87
0.72,656.00,2855.00,3138.00,395.00,136.00,132.00,84.00,40567351.95,18969.71
0.73,609.00,2816.00,3206.00,411.00,135.00,129.00,90.00,41851322.85,19255.88
0.74,552.00,2790.00,3278.00,421.00,131.00,132.00,92.00,43131657.06,19562.21
0.74,513.00,2737.00,3357.00,429.00,131.00,135.00,94.00,44419187.60,19886.93
0.75,466.00,2716.00,3414.00,437.00,128.00,139.00,96.00,45680236.85,20243.47
0.76,422.00,2680.00,3485.00,443.00,129.00,137.00,100.00,46938143.09,20538.92
0.76,382.00,2637.00,3560.00,449.00,126.00,141.00,101.00,48199189.33,20868.73
0.77,344.00,2591.00,3632.00,456.00,124.00,147.00,102.00,49458595.16,21259.97
0.78,313.00,2561.00,3686.00,462.00,123.00,147.00,104.00,50689461.83,21617.13
0.78,277.00,2526.00,3743.00,472.00,119.00,154.00,105.00,51898781.14,22048.36
0.79,263.00,2463.00,3811.00,481.00,112.00,156.00,110.00,53104954.99,22472.08
0.80,235.00,2432.00,3860.00,491.00,110.00,155.00,113.00,54279713.31,22843.89
0.81,212.00,2384.00,3925.00,496.00,109.00,156.00,114.00,55449828.64,23198.34
0.81,188.00,2328.00,3991.00,509.00,107.00,154.00,119.00,56617207.55,23491.88
0.82,170.00,2278.00,4055.00,512.00,103.00,159.00,119.00,57779083.72,23834.98
0.83,150.00,2239.00,4105.00,520.00,100.00,156.00,126.00,58914903.82,24103.13
0.83,128.00,2189.00,4172.00,525.00,94.00,154.00,134.00,60052476.23,24317.89
0.84,109.00,2143.00,4228.00,534.00,91.00,155.00,136.00,61175122.77,24528.97
0.85,90.00,2102.00,4280.00,541.00,91.00,155.00,137.00,62278134.05,24721.67
0.85,72.00,2068.00,4325.00,548.00,89.00,156.00,138.00,63352703.31,24912.61
0.86,49.00,2022.00,4389.00,553.00,87.00,155.00,141.00,64429851.45,25071.90
0.87,38.00,1960.00,4453.00,562.00,85.00,153.00,145.00,65509353.75,25187.28
0.88,26.00,1911.00,4504.00,571.00,84.00,153.00,147.00,66571475.10,25292.61
0.88,18.00,1855.00,4557.00,582.00,81.00,152.00,151.00,67620733.82,25373.74
0.89,11.00,1814.00,4602.00,585.00,78.00,152.00,154.00,68646231.16,25447.81
0.90,7.00,1762.00,4652.00,591.00,76.00,151.00,157.00,69657547.99,25500.41
0.90,3.00,1729.00,4683.00,597.00,75.00,149.00,160.00,70627374.88,25518.38
0.91,1.00,1686.00,4720.00,605.00,74.00,147.00,163.00,71568338.67,25504.74
0.92,0.00,1637.00,4760.00,615.00,70.00,151.00,163.00,72487459.47,25552.38
0.92,0.00,1590.00,4800.00,622.00,67.00,149.00,168.00,73386639.44,25565.83
0.93,0.00,1545.00,4836.00,631.00,65.00,147.00,172.00,74261605.39,25548.06
0.94,0.00,1502.00,4868.00,642.00,63.00,147.00,174.00,75108456.84,25531.83
0.94,0.00,1457.00,4906.00,649.00,62.00,146.00,176.00,75938655.90,25502.00
0.95,0.00,1416.00,4942.00,654.00,60.00,148.00,176.00,76750647.47,25504.81
0.96,0.00,1369.00,4981.00,662.00,58.00,148.00,178.00,77550524.41,25507.37
0.97,0.00,1322.00,5024.00,666.00,56.00,149.00,179.00,78345350.45,25524.74
0.97,0.00,1285.00,5055.00,672.00,56.00,145.00,183.00,79117538.00,25480.50
0.98,0.00,1240.00,5088.00,684.00,56.00,143.00,185.00,79872062.64,25410.06
0.99,0.00,1203.00,5120.00,689.00,56.00,137.00,191.00,80608960.27,25255.62
0.99,0.00,1163.00,5149.00,700.00,53.00,137.00,194.00,81325258.78,25114.63
1.00,0.00,1132.00,5171.00,709.00,50.00,140.00,194.00,82012235.82,25030.99
1.01,0.00,1099.00,5197.00,716.00,50.00,139.00,195.00,82678453.63,24939.60
1.01,0.00,1058.00,5228.00,726.00,48.00,139.00,197.00,83333231.59,24856.18
1.02,0.00,1046.00,5235.00,731.00,47.00,138.00,199.00,83941510.12,24764.99
1.03,0.00,1014.00,5253.00,745.00,46.00,139.00,199.00,84523863.75,24696.77
1.03,0.00,991.00,5268.00,753.00,43.00,139.00,202.00,85078043.05,24634.49
1.04,0.00,967.00,5285.00,760.00,42.00,132.00,210.00,85609505.91,24472.46
1.05,0.00,933.00,5310.00,769.00,41.00,132.00,211.00,86132248.89,24324.55
1.06,0.00,900.00,5334.00,778.00,41.00,129.00,214.00,86645528.89,24144.45
1.06,0.00,873.00,5353.00,786.00,40.00,129.00,215.00,87142658.56,23980.03
1.07,0.00,851.00,5368.00,793.00,40.00,126.00,218.00,87619034.76,23784.86
1.08,0.00,830.00,5381.00,801.00,40.00,125.00,219.00,88073460.12,23591.66
1.08,0.00,807.00,5394.00,811.00,40.00,121.00,223.00,88507845.94,23355.19
1.09,0.00,782.00,5410.00,820.00,40.00,121.00,223.00,88928444.00,23139.31
1.10,0.00,757.00,5427.00,828.00,38.00,121.00,225.00,89337957.60,22942.23
1.10,0.00,737.00,5443.00,832.00,38.00,118.00,228.00,89735849.18,22717.24
1.11,0.00,715.00,5461.00,836.00,37.00,118.00,229.00,90126135.63,22511.84
1.12,0.00,696.00,5468.00,848.00,35.00,117.00,232.00,90492953.69,22309.30
1.12,0.00,679.00,5480.00,853.00,33.00,117.00,234.00,90845858.35,22124.40
1.13,0.00,661.00,5494.00,857.00,33.00,116.00,235.00,91189065.76,21940.58
1.14,0.00,647.00,5498.00,867.00,33.00,116.00,235.00,91508397.48,21772.76
1.15,0.00,621.00,5513.00,878.00,31.00,117.00,236.00,91822457.52,21634.58
1.15,0.00,602.00,5527.00,883.00,31.00,109.00,244.00,92130202.96,21388.25
1.16,0.00,591.00,5530.00,891.00,30.00,107.00,247.00,92415657.91,21133.32
1.17,0.00,584.00,5534.00,894.00,30.00,103.00,251.00,92682265.98,20840.50
1.17,0.00,566.00,5544.00,902.00,27.00,105.00,252.00,92940681.83,20603.22
1.18,0.00,548.00,5552.00,912.00,25.00,104.00,255.00,93188614.45,20371.58
1.19,0.00,535.00,5551.00,926.00,24.00,100.00,260.00,93413455.70,20100.01
1.19,0.00,526.00,5551.00,935.00,23.00,100.00,261.00,93618718.83,19852.09
1.20,0.00,509.00,5564.00,939.00,23.00,98.00,263.00,93825638.38,19595.72
1.21,0.00,493.00,5567.00,952.00,22.00,99.00,263.00,94019047.09,19376.69
1.22,0.00,478.00,5575.00,959.00,21.00,96.00,267.00,94207633.06,19131.67
1.22,0.00,460.00,5582.00,970.00,19.00,95.00,270.00,94390313.85,18892.95
1.23,0.00,451.00,5583.00,978.00,19.00,93.00,272.00,94558590.05,18644.98
1.24,0.00,438.00,5587.00,987.00,19.00,90.00,275.00,94718222.32,18373.53
1.24,0.00,426.00,5592.00,994.00,18.00,91.00,275.00,94871466.40,18140.74
1.25,0.00,415.00,5597.00,1000.00,18.00,90.00,276.00,95018877.89,17913.20
1.26,0.00,404.00,5601.00,1007.00,17.00,87.00,280.00,95159462.62,17660.40
1.26,0.00,392.00,5607.00,1013.00,16.00,84.00,284.00,95296819.80,17384.54
1.27,0.00,375.00,5617.00,1020.00,16.00,82.00,286.00,95437239.63,17102.66
1.28,0.00,369.00,5615.00,1028.00,15.00,83.00,286.00,95562427.57,16860.35
1.28,0.00,358.00,5621.00,1033.00,13.00,85.00,286.00,95685728.42,16669.18
1.29,0.00,347.00,5622.00,1043.00,13.00,84.00,287.00,95799795.05,16479.64
1.30,0.00,337.00,5624.00,1051.00,13.00,84.00,287.00,95906933.91,16306.60
1.31,0.00,327.00,5622.00,1063.00,13.00,82.00,289.00,96001738.65,16118.58
1.31,0.00,320.00,5622.00,1070.00,13.00,80.00,291.00,96088288.35,15916.89
1.32,0.00,314.00,5624.00,1074.00,12.00,81.00,291.00,96170306.22,15747.78
1.33,0.00,309.00,5626.00,1077.00,11.00,82.00,291.00,96248187.05,15608.43
1.33,0.00,301.00,5628.00,1083.00,11.00,79.00,294.00,96322290.69,15436.13
1.34,0.00,289.00,5632.00,1091.00,11.00,76.00,297.00,96395950.98,15233.77
1.35,0.00,280.00,5631.00,1101.00,11.00,74.00,299.00,96461695.07,15018.99
1.35,0.00,270.00,5630.00,1112.00,11.00,73.00,300.00,96520212.08,14807.88
1.36,0.00,261.00,5635.00,1116.00,11.00,71.00,302.00,96581145.14,14585.11
1.37,0.00,250.00,5640.00,1122.00,11.00,70.00,303.00,96644283.99,14366.72
1.38,0.00,245.00,5636.00,1131.00,10.00,71.00,303.00,96695915.69,14182.36
1.38,0.00,233.00,5639.00,1140.00,10.00,67.00,307.00,96747558.50,13953.97
1.39,0.00,228.00,5640.00,1144.00,10.00,67.00,307.00,96796206.86,13745.46
1.40,0.00,218.00,5640.00,1154.00,10.00,67.00,307.00,96840618.99,13555.11
1.40,0.00,212.00,5642.00,1158.00,10.00,65.00,309.00,96884168.35,13351.29
1.41,0.00,204.00,5639.00,1169.00,10.00,65.00,309.00,96919418.89,13165.21
1.42,0.00,192.00,5646.00,1174.00,10.00,63.00,311.00,96962116.11,12965.30
1.42,0.00,183.00,5651.00,1178.00,9.00,64.00,311.00,97008606.99,12797.81
1.43,0.00,181.00,5647.00,1184.00,9.00,63.00,312.00,97045040.40,12629.88
1.44,0.00,176.00,5645.00,1191.00,9.00,62.00,313.00,97075296.66,12461.56
1.44,0.00,171.00,5639.00,1202.00,8.00,60.00,316.00,97093904.58,12277.84
1.45,0.00,165.00,5639.00,1208.00,6.00,60.00,318.00,97110891.98,12110.12
1.46,0.00,160.00,5635.00,1217.00,6.00,58.00,320.00,97120391.12,11926.96
1.47,0.00,159.00,5627.00,1226.00,6.00,58.00,320.00,97117044.49,11759.75
1.47,0.00,158.00,5623.00,1231.00,6.00,58.00,320.00,97107980.01,11607.10
1.48,0.00,154.00,5621.00,1237.00,6.00,58.00,320.00,97096700.14,11467.74
1.49,0.00,151.00,5610.00,1251.00,6.00,56.00,322.00,97069877.15,11310.47
1.49,0.00,146.00,5610.00,1256.00,6.00,54.00,324.00,97045389.78,11136.85
1.50,0.00,141.00,5606.00,1265.00,4.00,52.00,328.00,97017025.38,10948.30
1.51,0.00,138.00,5604.00,1270.00,4.00,48.00,332.00,96988126.24,10716.07
1.51,0.00,137.00,5594.00,1281.00,4.00,47.00,333.00,96946720.39,10489.05
1.52,0.00,134.00,5592.00,1286.00,4.00,45.00,335.00,96905915.33,10251.74
1.53,0.00,129.00,5586.00,1297.00,4.00,44.00,336.00,96859649.73,10020.08
1.53,0.00,120.00,5587.00,1305.00,4.00,43.00,337.00,96818914.87,9793.56
1.54,0.00,119.00,5578.00,1315.00,4.00,42.00,338.00,96768206.22,9571.75
1.55,0.00,116.00,5575.00,1321.00,4.00,41.00,339.00,96717406.25,9354.23
1.56,0.00,114.00,5567.00,1331.00,4.00,41.00,339.00,96659011.12,9155.65
1.56,0.00,107.00,5568.00,1337.00,4.00,40.00,340.00,96607203.18,8959.34
1.57,0.00,104.00,5562.00,1346.00,4.00,40.00,340.00,96550892.53,8780.12
1.58,0.00,101.00,5556.00,1355.00,4.00,39.00,341.00,96490471.37,8601.48
1.58,0.00,98.00,5552.00,1362.00,4.00,38.00,342.00,96429302.21,8423.38
1.59,0.00,94.00,5544.00,1374.00,4.00,38.00,342.00,96361440.88,8260.78
1.60,0.00,90.00,5542.00,1380.00,4.00,37.00,343.00,96296484.11,8097.32
1.60,0.00,89.00,5537.00,1386.00,4.00,36.00,344.00,96229671.91,7933.07
1.61,0.00,88.00,5533.00,1391.00,4.00,35.00,345.00,96162668.21,7768.10
1.62,0.00,86.00,5527.00,1399.00,4.00,35.00,345.00,96092485.08,7617.49
1.62,0.00,83.00,5522.00,1407.00,4.00,34.00,346.00,96020901.62,7464.98
1.63,0.00,81.00,5516.00,1415.00,4.00,34.00,346.00,95946537.48,7325.74
1.64,0.00,78.00,5512.00,1422.00,4.00,33.00,347.00,95872639.44,7183.61
1.65,0.00,76.00,5505.00,1431.00,4.00,33.00,347.00,95794659.96,7053.85
1.65,0.00,75.00,5493.00,1444.00,4.00,32.00,348.00,95705442.93,6920.37
1.66,0.00,74.00,5488.00,1450.00,4.00,32.00,348.00,95616482.88,6798.51
1.67,0.00,73.00,5478.00,1461.00,4.00,32.00,348.00,95520246.08,6687.27
1.67,0.00,71.00,5472.00,1469.00,4.00,32.00,348.00,95423375.24,6585.70
1.68,0.00,71.00,5458.00,1483.00,4.00,31.00,349.00,95313907.10,6477.96
1.69,0.00,68.00,5453.00,1491.00,4.00,31.00,349.00,95206459.49,6379.61
1.69,0.00,68.00,5446.00,1498.00,4.00,31.00,349.00,95097852.08,6289.81
1.70,0.00,66.00,5444.00,1502.00,4.00,29.00,351.00,94995696.87,6177.79
1.71,0.00,62.00,5440.00,1510.00,4.00,29.00,351.00,94896427.61,6075.52
1.72,0.00,59.00,5437.00,1516.00,4.00,28.00,352.00,94801295.58,5967.14
1.72,0.00,57.00,5432.00,1523.00,4.00,28.00,352.00,94706935.67,5868.19
1.73,0.00,56.00,5428.00,1528.00,3.00,29.00,352.00,94614783.00,5792.88
1.74,0.00,53.00,5422.00,1537.00,3.00,29.00,352.00,94521640.67,5724.13
1.74,0.00,51.00,5417.00,1544.00,3.00,29.00,352.00,94429097.31,5661.37
1.75,0.00,50.00,5415.00,1547.00,3.00,29.00,352.00,94341607.53,5604.07
1.76,0.00,50.00,5405.00,1557.00,3.00,28.00,353.00,94246713.10,5536.74
1.76,0.00,49.00,5398.00,1565.00,3.00,27.00,354.00,94149565.29,5460.24
1.77,0.00,48.00,5392.00,1572.00,3.00,27.00,354.00,94051862.89,5390.41
1.78,0.00,47.00,5392.00,1573.00,3.00,25.00,356.00,93962668.10,5296.61
1.78,0.00,44.00,5387.00,1581.00,3.00,25.00,356.00,93873728.55,5210.98
1.79,0.00,44.00,5378.00,1590.00,3.00,25.00,356.00,93779012.59,5132.81
1.80,0.00,43.00,5369.00,1600.00,3.00,23.00,358.00,93679023.28,5031.40
1.81,0.00,42.00,5365.00,1605.00,3.00,23.00,358.00,93581731.28,4938.82
1.81,0.00,41.00,5354.00,1617.00,3.00,23.00,358.00,93476385.74,4854.29
1.82,0.00,37.00,5348.00,1627.00,3.00,23.00,358.00,93371199.54,4777.13
1.83,0.00,36.00,5340.00,1636.00,3.00,21.00,360.00,93263154.06,4676.65
1.83,0.00,35.00,5332.00,1645.00,3.00,21.00,360.00,93152498.03,4584.91
1.84,0.00,35.00,5320.00,1657.00,3.00,21.00,360.00,93033449.87,4501.16
1.85,0.00,34.00,5312.00,1666.00,3.00,21.00,360.00,92912749.49,4424.70
1.85,0.00,33.00,5307.00,1672.00,3.00,21.00,360.00,92795047.58,4354.90
1.86,0.00,32.00,5302.00,1678.00,3.00,20.00,361.00,92680083.24,4276.16
1.87,0.00,29.00,5298.00,1685.00,3.00,20.00,361.00,92569120.10,4204.27
1.88,0.00,29.00,5284.00,1699.00,3.00,20.00,361.00,92446786.88,4138.64
1.88,0.00,28.00,5278.00,1706.00,3.00,20.00,361.00,92326092.20,4078.72
1.89,0.00,27.00,5273.00,1712.00,3.00,20.00,361.00,92208395.36,4024.03
1.90,0.00,27.00,5270.00,1715.00,3.00,20.00,361.00,92096440.38,3974.09
1.90,0.00,26.00,5260.00,1726.00,3.00,20.00,361.00,91979210.80,3928.51
1.91,0.00,26.00,5251.00,1735.00,3.00,19.00,362.00,91858668.20,3871.87
1.92,0.00,25.00,5247.00,1740.00,3.00,17.00,364.00,91742612.72,3790.11
1.92,0.00,25.00,5242.00,1745.00,3.00,17.00,364.00,91629151.38,3715.48
1.93,0.00,25.00,5233.00,1754.00,3.00,16.00,365.00,91512049.08,3632.32
1.94,0.00,25.00,5221.00,1766.00,3.00,16.00,365.00,91387115.67,3556.40
1.94,0.00,25.00,5217.00,1770.00,3.00,15.00,366.00,91267051.97,3472.07
1.95,0.00,25.00,5214.00,1773.00,3.00,14.00,367.00,91152935.78,3380.06
1.96,0.00,25.00,5207.00,1780.00,3.00,14.00,367.00,91038240.36,3296.06
1.97,0.00,24.00,5202.00,1786.00,3.00,13.00,368.00,90926020.41,3204.36
1.97,0.00,24.00,5198.00,1790.00,3.00,12.00,369.00,90817562.99,3105.61
1.98,0.00,24.00,5187.00,1801.00,2.00,13.00,369.00,90702024.15,3030.49
1.99,0.00,24.00,5183.00,1805.00,2.00,13.00,369.00,90590536.75,2961.90
1.99,0.00,23.00,5178.00,1811.00,2.00,12.00,370.00,90481245.52,2884.27
2.00,0.00,23.00,5173.00,1816.00,2.00,12.00,370.00,90373959.51,2813.40
2.01,0.00,22.00,5164.00,1826.00,2.00,12.00,370.00,90262494.76,2748.70
2.01,0.00,21.00,5158.00,1833.00,2.00,11.00,371.00,90151722.07,2674.60
2.02,0.00,19.00,5157.00,1836.00,2.00,11.00,371.00,90049092.68,2606.96
2.03,0.00,18.00,5153.00,1841.00,2.00,11.00,371.00,89949390.58,2545.21
2.03,0.00,18.00,5144.00,1850.00,2.00,11.00,371.00,89844849.18,2488.84
2.04,0.00,18.00,5137.00,1857.00,2.00,11.00,371.00,89738894.77,2437.38
2.05,0.00,18.00,5127.00,1867.00,2.00,11.00,371.00,89627143.45,2390.40
2.06,0.00,18.00,5118.00,1876.00,2.00,11.00,371.00,89511602.06,2347.50
2.06,0.00,18.00,5111.00,1883.00,2.00,11.00,371.00,89395605.29,2308.35
2.07,0.00,18.00,5107.00,1887.00,2.00,11.00,371.00,89283699.98,2272.60
2.08,0.00,18.00,5100.00,1894.00,2.00,11.00,371.00,89171022.79,2239.96
2.08,0.00,18.00,5092.00,1902.00,2.00,11.00,371.00,89056138.43,2210.17
2.09,0.00,18.00,5081.00,1913.00,2.00,10.00,372.00,88934732.38,2167.95
2.10,0.00,18.00,5071.00,1923.00,2.00,10.00,372.00,88808874.86,2129.40
2.10,0.00,18.00,5062.00,1932.00,2.00,10.00,372.00,88680455.56,2094.22
2.11,0.00,18.00,5052.00,1942.00,2.00,10.00,372.00,88548195.32,2062.09
2.12,0.00,18.00,5044.00,1950.00,2.00,10.00,372.00,88415433.40,2032.76
2.12,0.00,18.00,5038.00,1956.00,2.00,10.00,372.00,88285217.91,2005.99
2.13,0.00,18.00,5028.00,1966.00,2.00,10.00,372.00,88151317.94,1981.55
2.14,0.00,16.00,5024.00,1972.00,2.00,10.00,372.00,88023068.11,1959.23
2.15,0.00,15.00,5019.00,1978.00,2.00,10.00,372.00,87898474.43,1938.86
2.15,0.00,14.00,5016.00,1982.00,2.00,10.00,372.00,87780222.78,1920.27
2.16,0.00,14.00,5007.00,1991.00,2.00,9.00,373.00,87658747.19,1888.26
2.17,0.00,14.00,4997.00,2001.00,2.00,9.00,373.00,87532826.05,1859.05
2.17,0.00,14.00,4991.00,2007.00,2.00,8.00,374.00,87408855.85,1817.36
2.18,0.00,14.00,4979.00,2019.00,2.00,8.00,374.00,87277652.87,1779.29
2.19,0.00,14.00,4971.00,2027.00,2.00,8.00,374.00,87145855.96,1744.54
2.19,0.00,14.00,4964.00,2034.00,2.00,8.00,374.00,87015019.03,1712.82
2.20,0.00,14.00,4953.00,2045.00,2.00,7.00,375.00,86879049.59,1668.84
2.21,0.00,14.00,4945.00,2053.00,2.00,7.00,375.00,86742901.13,1628.68
2.22,0.00,14.00,4938.00,2060.00,2.00,7.00,375.00,86608091.98,1592.03
2.22,0.00,14.00,4931.00,2067.00,2.00,7.00,375.00,86474505.17,1558.56
2.23,0.00,14.00,4922.00,2076.00,2.00,7.00,375.00,86339029.75,1528.01
2.24,0.00,14.00,4913.00,2085.00,2.00,7.00,375.00,86201830.15,1500.12
2.24,0.00,14.00,4904.00,2094.00,2.00,6.00,376.00,86063056.69,1459.63
2.25,0.00,14.00,4900.00,2098.00,2.00,5.00,377.00,85930357.79,1407.65
2.26,0.00,11.00,4894.00,2107.00,1.00,6.00,377.00,85800199.92,1375.22
2.26,0.00,11.00,4886.00,2115.00,1.00,6.00,377.00,85669357.22,1345.61
2.27,0.00,11.00,4880.00,2121.00,1.00,5.00,378.00,85540893.83,1303.55
2.28,0.00,11.00,4870.00,2131.00,1.00,5.00,378.00,85408593.33,1265.16
2.28,0.00,10.00,4865.00,2137.00,1.00,5.00,378.00,85280301.49,1230.11
2.29,0.00,10.00,4849.00,2153.00,1.00,5.00,378.00,85139143.82,1198.11
2.30,0.00,10.00,4838.00,2164.00,1.00,5.00,378.00,84993752.21,1168.90
2.31,0.00,10.00,4832.00,2170.00,1.00,5.00,378.00,84852006.74,1142.23
2.31,0.00,10.00,4827.00,2175.00,1.00,5.00,378.00,84715092.57,1117.89
2.32,0.00,10.00,4817.00,2185.00,1.00,4.00,379.00,84575077.02,1080.64
2.33,0.00,10.00,4812.00,2190.00,1.00,4.00,379.00,84439741.96,1046.63
2.33,0.00,9.00,4805.00,2198.00,1.00,3.00,380.00,84305675.16,1000.57
2.34,0.00,9.00,4795.00,2208.00,1.00,3.00,380.00,84168259.24,958.51
2.35,0.00,9.00,4786.00,2217.00,1.00,3.00,380.00,84029288.05,920.12
2.35,0.00,9.00,4776.00,2227.00,1.00,3.00,380.00,83887394.94,885.07
2.36,0.00,9.00,4772.00,2231.00,1.00,3.00,380.00,83751847.99,853.07
2.37,0.00,9.00,4763.00,2240.00,1.00,3.00,380.00,83614583.10,823.85
2.38,0.00,9.00,4754.00,2249.00,1.00,3.00,380.00,83475749.96,797.19
2.38,0.00,9.00,4743.00,2260.00,1.00,3.00,380.00,83332480.40,772.84
2.39,0.00,8.00,4729.00,2275.00,1.00,3.00,380.00,83180653.93,750.61
2.40,0.00,8.00,4719.00,2285.00,1.00,3.00,380.00,83027024.54,730.32
2.40,0.00,8.00,4709.00,2295.00,1.00,3.00,380.00,82871749.46,711.80
2.41,0.00,8.00,4702.00,2302.00,1.00,3.00,380.00,82719479.18,694.89
2.42,0.00,8.00,4697.00,2307.00,1.00,3.00,380.00,82572956.33,679.45
2.42,0.00,7.00,4688.00,2317.00,1.00,3.00,380.00,82425671.20,665.35
2.43,0.00,6.00,4679.00,2327.00,1.00,2.00,381.00,82277690.29,637.46
2.44,0.00,6.00,4664.00,2342.00,1.00,2.00,381.00,82120060.40,612.00
2.44,0.00,6.00,4658.00,2348.00,0.00,3.00,381.00,81967142.32,603.78
2.45,0.00,6.00,4644.00,2362.00,0.00,3.00,381.00,81806507.40,596.28
2.46,0.00,6.00,4637.00,2369.00,0.00,3.00,381.00,81649343.70,589.42
2.47,0.00,6.00,4624.00,2382.00,0.00,3.00,381.00,81486335.31,583.17
2.47,0.00,6.00,4617.00,2389.00,0.00,3.00,381.00,81327004.63,577.46
2.48,0.00,5.00,4613.00,2394.00,0.00,3.00,381.00,81175538.69,572.24
2.49,0.00,5.00,4604.00,2403.00,0.00,3.00,381.00,81023741.04,567.48
2.49,0.00,5.00,4594.00,2413.00,0.00,3.00,381.00,80870138.01,563.14
2.50,0.00,4.00,4582.00,2426.00,0.00,3.00,381.00,80711882.50,559.17
2.51,0.00,4.00,4573.00,2435.00,0.00,3.00,381.00,80553886.37,555.55
2.51,0.00,4.00,4569.00,2439.00,0.00,3.00,381.00,80403638.71,552.25
2.52,0.00,4.00,4563.00,2445.00,0.00,2.00,382.00,80257460.22,534.20
2.53,0.00,4.00,4554.00,2454.00,0.00,2.00,382.00,80110489.49,517.73
2.53,0.00,4.00,4549.00,2459.00,0.00,2.00,382.00,79968804.87,502.70
2.54,0.00,4.00,4541.00,2467.00,0.00,2.00,382.00,79827439.14,488.97
2.55,0.00,4.00,4531.00,2477.00,0.00,2.00,382.00,79683359.81,476.44
2.56,0.00,4.00,4527.00,2481.00,0.00,1.00,383.00,79545817.05,449.98
2.56,0.00,4.00,4520.00,2488.00,0.00,1.00,383.00,79409734.81,425.82
2.57,0.00,4.00,4504.00,2504.00,0.00,1.00,383.00,79261465.08,403.76
2.58,0.00,4.00,4496.00,2512.00,0.00,1.00,383.00,79114087.59,383.63
2.58,0.00,4.00,4493.00,2515.00,0.00,1.00,383.00,78975036.20,365.25
2.59,0.00,4.00,4488.00,2520.00,0.00,1.00,383.00,78840581.46,348.46
2.60,0.00,4.00,4482.00,2526.00,0.00,1.00,383.00,78708820.49,333.15
2.60,0.00,4.00,4472.00,2536.00,0.00,1.00,383.00,78573509.57,319.16
2.61,0.00,4.00,4462.00,2546.00,0.00,1.00,383.00,78434958.01,306.39
2.62,0.00,4.00,4453.00,2555.00,0.00,1.00,383.00,78294950.14,294.73
2.62,0.00,4.00,4439.00,2569.00,0.00,1.00,383.00,78146101.25,284.09
2.63,0.00,4.00,4433.00,2575.00,0.00,1.00,383.00,78001199.48,274.38
2.64,0.00,4.00,4423.00,2585.00,0.00,1.00,383.00,77853892.15,265.51
2.65,0.00,4.00,4413.00,2595.00,0.00,1.00,383.00,77704388.73,257.41
2.65,0.00,4.00,4405.00,2603.00,0.00,1.00,383.00,77555884.73,250.02
2.66,0.00,4.00,4396.00,2612.00,0.00,1.00,383.00,77406791.26,243.27
2.67,0.00,4.00,4386.00,2622.00,0.00,1.00,383.00,77255657.13,237.11
2.67,0.00,4.00,4376.00,2632.00,0.00,1.00,383.00,77102660.00,231.49
2.68,0.00,4.00,4373.00,2635.00,0.00,1.00,383.00,76958478.32,226.36
2.69,0.00,4.00,4367.00,2641.00,0.00,1.00,383.00,76817837.58,221.67
2.69,0.00,3.00,4360.00,2649.00,0.00,1.00,383.00,76678927.12,217.39
2.70,0.00,3.00,4359.00,2650.00,0.00,0.00,384.00,76550610.03,198.46
2.71,0.00,2.00,4351.00,2659.00,0.00,0.00,384.00,76421447.90,181.18
2.72,0.00,2.00,4345.00,2665.00,0.00,0.00,384.00,76294518.69,165.40
2.72,0.00,2.00,4337.00,2673.00,0.00,0.00,384.00,76166623.63,151.00
2.73,0.00,2.00,4329.00,2681.00,0.00,0.00,384.00,76037846.61,137.85
2.74,0.00,2.00,4320.00,2690.00,0.00,0.00,384.00,75906762.08,125.85
2.74,0.00,2.00,4312.00,2698.00,0.00,0.00,384.00,75775073.50,114.89
2.75,0.00,2.00,4305.00,2705.00,0.00,0.00,384.00,75644335.54,104.89
2.76,0.00,2.00,4299.00,2711.00,0.00,0.00,384.00,75515967.86,95.75
2.76,0.00,2.00,4294.00,2716.00,0.00,0.00,384.00,75391266.46,87.42
2.77,0.00,2.00,4284.00,2726.00,0.00,0.00,384.00,75262400.42,79.80
2.78,0.00,2.00,4278.00,2732.00,0.00,0.00,384.00,75135741.65,72.85
2.78,0.00,2.00,4267.00,2743.00,0.00,0.00,384.00,75003586.34,66.51
2.79,0.00,2.00,4259.00,2751.00,0.00,0.00,384.00,74870920.20,60.72
2.80,0.00,2.00,4259.00,2751.00,0.00,0.00,384.00,74749806.07,55.43
2.81,0.00,2.00,4252.00,2758.00,0.00,0.00,384.00,74628721.74,50.61
2.81,0.00,2.00,4245.00,2765.00,0.00,0.00,384.00,74507664.90,46.20
2.82,0.00,2.00,4238.00,2772.00,0.00,0.00,384.00,74386632.99,42.18
2.83,0.00,2.00,4232.00,2778.00,0.00,0.00,384.00,74267126.26,38.50
2.83,0.00,2.00,4218.00,2792.00,0.00,0.00,384.00,74136993.18,35.15
2.84,0.00,2.00,4213.00,2797.00,0.00,0.00,384.00,74010680.20,32.09
2.85,0.00,2.00,4202.00,2808.00,0.00,0.00,384.00,73878840.44,29.30
2.85,0.00,2.00,4197.00,2813.00,0.00,0.00,384.00,73750969.34,26.74
2.86,0.00,2.00,4190.00,2820.00,0.00,0.00,384.00,73623716.54,24.42
2.87,0.00,1.00,4184.00,2827.00,0.00,0.00,384.00,73498530.46,22.29
2.88,0.00,1.00,4176.00,2835.00,0.00,0.00,384.00,73372226.68,20.35
2.88,0.00,1.00,4166.00,2845.00,0.00,0.00,384.00,73241897.80,18.58
2.89,0.00,1.00,4160.00,2851.00,0.00,0.00,384.00,73113903.56,16.96
2.90,0.00,1.00,4157.00,2854.00,0.00,0.00,384.00,72992547.58,15.48
2.90,0.00,1.00,4150.00,2861.00,0.00,0.00,384.00,72871242.62,14.13
2.91,0.00,1.00,4137.00,2874.00,0.00,0.00,384.00,72740970.41,12.90
2.92,0.00,1.00,4131.00,2880.00,0.00,0.00,384.00,72613027.83,11.78
2.92,0.00,1.00,4121.00,2890.00,0.00,0.00,384.00,72481202.87,10.75
2.93,0.00,1.00,4116.00,2895.00,0.00,0.00,384.00,72353345.30,9.82
2.94,0.00,1.00,4110.00,2901.00,0.00,0.00,384.00,72227606.93,8.96
2.94,0.00,1.00,4099.00,2912.00,0.00,0.00,384.00,72096292.01,8.18
2.95,0.00,1.00,4097.00,2914.00,0.00,0.00,384.00,71973406.93,7.47
2.96,0.00,1.00,4091.00,2920.00,0.00,0.00,384.00,71852208.20,6.82
2.97,0.00,1.00,4089.00,2922.00,0.00,0.00,384.00,71738558.51,6.23
2.97,0.00,1.00,4086.00,2925.00,0.00,0.00,384.00,71630298.02,5.68
2.98,0.00,1.00,4079.00,2932.00,0.00,0.00,384.00,71520948.21,5.19
2.99,0.00,1.00,4073.00,2938.00,0.00,0.00,384.00,71412106.27,4.74
2.99,0.00,1.00,4070.00,2941.00,0.00,0.00,384.00,71308234.97,4.32
3.00,0.00,1.00,4065.00,2946.00,0.00,0.00,384.00,71205896.83,3.95
3.01,0.00,1.00,4059.00,2952.00,0.00,0.00,384.00,71103455.88,3.60
3.01,0.00,1.00,4048.00,2963.00,0.00,0.00,384.00,70993409.76,3.29
3.02,0.00,1.00,4038.00,2973.00,0.00,0.00,384.00,70877922.89,3.00
3.03,0.00,1.00,4027.00,2984.00,0.00,0.00,384.00,70755966.65,2.74
3.03,0.00,1.00,4016.00,2995.00,0.00,0.00,384.00,70628104.50,2.50
3.04,0.00,1.00,4010.00,3001.00,0.00,0.00,384.00,70502362.29,2.29
3.05,0.00,1.00,4000.00,3011.00,0.00,0.00,384.00,70372545.94,2.09
3.06,0.00,1.00,3997.00,3014.00,0.00,0.00,384.00,70249526.55,1.90
3.06,0.00,1.00,3991.00,3020.00,0.00,0.00,384.00,70128205.32,1.74
3.07,0.00,1.00,3978.00,3033.00,0.00,0.00,384.00,69997918.40,1.59
3.08,0.00,1.00,3972.00,3039.00,0.00,0.00,384.00,69869962.41,1.45
3.08,0.00,1.00,3965.00,3046.00,0.00,0.00,384.00,69742631.88,1.32
3.09,0.00,1.00,3955.00,3056.00,0.00,0.00,384.00,69611365.86,1.21
3.10,0.00,1.00,3949.00,3062.00,0.00,0.00,384.00,69482516.18,1.10
3.10,0.00,1.00,3945.00,3066.00,0.00,0.00,384.00,69358876.82,1.01
3.11,0.00,1.00,3937.00,3074.00,0.00,0.00,384.00,69233984.98,0.92
3.12,0.00,1.00,3932.00,3079.00,0.00,0.00,384.00,69112456.75,0.84
3.12,0.00,1.00,3927.00,3084.00,0.00,0.00,384.00,68993999.09,0.77
3.13,0.00,1.00,3917.00,3094.00,0.00,0.00,384.00,68870833.28,0.70
3.14,0.00,1.00,3907.00,3104.00,0.00,0.00,384.00,68743369.07,0.64
3.15,0.00,1.00,3896.00,3115.00,0.00,0.00,384.00,68610478.45,0.58
3.15,0.00,1.00,3884.00,3127.00,0.00,0.00,384.00,68471131.67,0.53
3.16,0.00,1.00,3878.00,3133.00,0.00,0.00,384.00,68334904.76,0.49
3.17,0.00,1.00,3871.00,3140.00,0.00,0.00,384.00,68200023.80,0.44
3.17,0.00,1.00,3863.00,3148.00,0.00,0.00,384.00,68064869.24,0.40
3.18,0.00,1.00,3852.00,3159.00,0.00,0.00,384.00,67924957.99,0.37
3.19,0.00,1.00,3845.00,3166.00,0.00,0.00,384.00,67786713.48,0.34
3.19,0.00,1.00,3836.00,3175.00,0.00,0.00,384.00,67646985.91,0.31
3.20,0.00,1.00,3827.00,3184.00,0.00,0.00,384.00,67505904.47,0.28
3.21,0.00,1.00,3816.00,3195.00,0.00,0.00,384.00,67360582.37,0.26
3.22,0.00,1.00,3814.00,3197.00,0.00,0.00,384.00,67224909.80,0.23
3.22,0.00,1.00,3805.00,3206.00,0.00,0.00,384.00,67087530.07,0.21
3.23,0.00,1.00,3800.00,3211.00,0.00,0.00,384.00,66954601.34,0.20
3.24,0.00,1.00,3791.00,3220.00,0.00,0.00,384.00,66819726.84,0.18
3.24,0.00,1.00,3788.00,3223.00,0.00,0.00,384.00,66692089.60,0.16
3.25,0.00,1.00,3780.00,3231.00,0.00,0.00,384.00,66563548.14,0.15
3.26,0.00,1.00,3772.00,3239.00,0.00,0.00,384.00,66434181.15,0.14
3.26,0.00,1.00,3768.00,3243.00,0.00,0.00,384.00,66310069.45,0.12
3.27,0.00,1.00,3763.00,3248.00,0.00,0.00,384.00,66189253.37,0.11
3.28,0.00,1.00,3753.00,3258.00,0.00,0.00,384.00,66063934.49,0.10
3.28,0.00,1.00,3743.00,3268.00,0.00,0.00,384.00,65934504.68,0.09
3.29,0.00,0.00,3739.00,3273.00,0.00,0.00,384.00,65810335.80,0.09
3.30,0.00,0.00,3723.00,3289.00,0.00,0.00,384.00,65672942.16,0.08
3.31,0.00,0.00,3714.00,3298.00,0.00,0.00,384.00,65533991.39,0.07
3.31,0.00,0.00,3708.00,3304.00,0.00,0.00,384.00,65398125.98,0.07
3.32,0.00,0.00,3701.00,3311.00,0.00,0.00,384.00,65263574.97,0.06
3.33,0.00,0.00,3691.00,3321.00,0.00,0.00,384.00,65125716.95,0.05
3.33,0.00,0.00,3688.00,3324.00,0.00,0.00,384.00,64995356.28,0.05
3.34,0.00,0.00,3683.00,3329.00,0.00,0.00,384.00,64868835.33,0.05
3.35,0.00,0.00,3680.00,3332.00,0.00,0.00,384.00,64748824.34,0.04
3.35,0.00,0.00,3665.00,3347.00,0.00,0.00,384.00,64616728.77,0.04
3.36,0.00,0.00,3658.00,3354.00,0.00,0.00,384.00,64485619.46,0.03
3.37,0.00,0.00,3655.00,3357.00,0.00,0.00,384.00,64361419.61,0.03
3.38,0.00,0.00,3649.00,3363.00,0.00,0.00,384.00,64239020.65,0.03
3.38,0.00,0.00,3642.00,3370.00,0.00,0.00,384.00,64116763.60,0.03
3.39,0.00,0.00,3629.00,3383.00,0.00,0.00,384.00,63985622.17,0.02
3.40,0.00,0.00,3621.00,3391.00,0.00,0.00,384.00,63853881.47,0.02
3.40,0.00,0.00,3609.00,3403.00,0.00,0.00,384.00,63715584.52,0.02
3.41,0.00,0.00,3599.00,3413.00,0.00,0.00,384.00,63574306.75,0.02
3.42,0.00,0.00,3594.00,3418.00,0.00,0.00,384.00,63437819.38,0.02
3.42,0.00,0.00,3583.00,3429.00,0.00,0.00,384.00,63296691.37,0.02
3.43,0.00,0.00,3577.00,3435.00,0.00,0.00,384.00,63158838.25,0.01
3.44,0.00,0.00,3570.00,3442.00,0.00,0.00,384.00,63022472.69,0.01
3.44,0.00,0.00,3562.00,3450.00,0.00,0.00,384.00,62885962.88,0.01
3.45,0.00,0.00,3559.00,3453.00,0.00,0.00,384.00,62756832.79,0.01
3.46,0.00,0.00,3549.00,3463.00,0.00,0.00,384.00,62623923.77,0.01
3.47,0.00,0.00,3539.00,3473.00,0.00,0.00,384.00,62487564.90,0.01
3.47,0.00,0.00,3531.00,3481.00,0.00,0.00,384.00,62351060.94,0.01
3.48,0.00,0.00,3521.00,3491.00,0.00,0.00,384.00,62211420.08,0.01
3.49,0.00,0.00,3513.00,3499.00,0.00,0.00,384.00,62071920.19,0.01
3.49,0.00,0.00,3503.00,3509.00,0.00,0.00,384.00,61929544.25,0.01
3.50,0.00,0.00,3496.00,3516.00,0.00,0.00,384.00,61789049.62,0.01
3.51,0.00,0.00,3490.00,3522.00,0.00,0.00,384.00,61651774.87,0.01
3.51,0.00,0.00,3481.00,3531.00,0.00,0.00,384.00,61512932.62,0.00
3.52,0.00,0.00,3474.00,3538.00,0.00,0.00,384.00,61375664.05,0.00
3.53,0.00,0.00,3468.00,3544.00,0.00,0.00,384.00,61241334.55,0.00
3.53,0.00,0.00,3459.00,3553.00,0.00,0.00,384.00,61105181.01,0.00
3.54,0.00,0.00,3444.00,3568.00,0.00,0.00,384.00,60958348.46,0.00
3.55,0.00,0.00,3437.00,3575.00,0.00,0.00,384.00,60813785.33,0.00
3.56,0.00,0.00,3428.00,3584.00,0.00,0.00,384.00,60668289.41,0.00
3.56,0.00,0.00,3414.00,3598.00,0.00,0.00,384.00,60514430.30,0.00
3.57,0.00,0.00,3411.00,3601.00,0.00,0.00,384.00,60369461.68,0.00
3.58,0.00,0.00,3401.00,3611.00,0.00,0.00,384.00,60222093.17,0.00
3.58,0.00,0.00,3393.00,3619.00,0.00,0.00,384.00,60075538.57,0.00
3.59,0.00,0.00,3383.00,3629.00,0.00,0.00,384.00,59926722.26,0.00
3.60,0.00,0.00,3374.00,3638.00,0.00,0.00,384.00,59777343.37,0.00
3.60,0.00,0.00,3370.00,3642.00,0.00,0.00,384.00,59634962.61,0.00
3.61,0.00,0.00,3360.00,3652.00,0.00,0.00,384.00,59489956.73,0.00
3.62,0.00,0.00,3354.00,3658.00,0.00,0.00,384.00,59348563.42,0.00
3.62,0.00,0.00,3347.00,3665.00,0.00,0.00,384.00,59208966.00,0.00
3.63,0.00,0.00,3340.00,3672.00,0.00,0.00,384.00,59071007.86,0.00
3.64,0.00,0.00,3333.00,3679.00,0.00,0.00,384.00,58934546.42,0.00
3.65,0.00,0.00,3319.00,3693.00,0.00,0.00,384.00,58788935.23,0.00
3.65,0.00,0.00,3315.00,3697.00,0.00,0.00,384.00,58649993.88,0.00
3.66,0.00,0.00,3304.00,3708.00,0.00,0.00,384.00,58506625.62,0.00
3.67,0.00,0.00,3298.00,3714.00,0.00,0.00,384.00,58366727.42,0.00
3.67,0.00,0.00,3290.00,3722.00,0.00,0.00,384.00,58226992.50,0.00
3.68,0.00,0.00,3283.00,3729.00,0.00,0.00,384.00,58088909.00,0.00
3.69,0.00,0.00,3276.00,3736.00,0.00,0.00,384.00,57952333.05,0.00
3.69,0.00,0.00,3269.00,3743.00,0.00,0.00,384.00,57817133.41,0.00
3.70,0.00,0.00,3267.00,3745.00,0.00,0.00,384.00,57690701.86,0.00
3.71,0.00,0.00,3262.00,3750.00,0.00,0.00,384.00,57567767.89,0.00
3.72,0.00,0.00,3244.00,3768.00,0.00,0.00,384.00,57428496.82,0.00
3.72,0.00,0.00,3238.00,3774.00,0.00,0.00,384.00,57292339.05,0.00
3.73,0.00,0.00,3236.00,3776.00,0.00,0.00,384.00,57165032.73,0.00
3.74,0.00,0.00,3232.00,3780.00,0.00,0.00,384.00,57042802.44,0.00
3.74,0.00,0.00,3226.00,3786.00,0.00,0.00,384.00,56922201.77,0.00
3.75,0.00,0.00,3219.00,3793.00,0.00,0.00,384.00,56801586.34,0.00
3.76,0.00,0.00,3206.00,3806.00,0.00,0.00,384.00,56671943.45,0.00
3.76,0.00,0.00,3199.00,3813.00,0.00,0.00,384.00,56543073.29,0.00
3.77,0.00,0.00,3190.00,3822.00,0.00,0.00,384.00,56411903.67,0.00
3.78,0.00,0.00,3184.00,3828.00,0.00,0.00,384.00,56283141.96,0.00
3.78,0.00,0.00,3178.00,3834.00,0.00,0.00,384.00,56156578.54,0.00
3.79,0.00,0.00,3169.00,3843.00,0.00,0.00,384.00,56027514.84,0.00
3.80,0.00,0.00,3162.00,3850.00,0.00,0.00,384.00,55899173.39,0.00
3.81,0.00,0.00,3157.00,3855.00,0.00,0.00,384.00,55774495.82,0.00
3.81,0.00,0.00,3149.00,3863.00,0.00,0.00,384.00,55648656.12,0.00
3.82,0.00,0.00,3137.00,3875.00,0.00,0.00,384.00,55515746.30,0.00
3.83,0.00,0.00,3125.00,3887.00,0.00,0.00,384.00,55376382.02,0.00
3.83,0.00,0.00,3115.00,3897.00,0.00,0.00,384.00,55234129.89,0.00
3.84,0.00,0.00,3103.00,3909.00,0.00,0.00,384.00,55086236.78,0.00
3.85,0.00,0.00,3093.00,3919.00,0.00,0.00,384.00,54936198.41,0.00
3.85,0.00,0.00,3086.00,3926.00,0.00,0.00,384.00,54788708.71,0.00
3.86,0.00,0.00,3080.00,3932.00,0.00,0.00,384.00,54645047.95,0.00
3.87,0.00,0.00,3074.00,3938.00,0.00,0.00,384.00,54504882.71,0.00
3.88,0.00,0.00,3069.00,3943.00,0.00,0.00,384.00,54369410.96,0.00
3.88,0.00,0.00,3062.00,3950.00,0.00,0.00,384.00,54235219.32,0.00
3.89,0.00,0.00,3058.00,3954.00,0.00,0.00,384.00,54106703.30,0.00
3.90,0.00,0.00,3053.00,3959.00,0.00,0.00,384.00,53981866.37,0.00
3.90,0.00,0.00,3044.00,3968.00,0.00,0.00,384.00,53854379.04,0.00
3.91,0.00,0.00,3039.00,3973.00,0.00,0.00,384.00,53730481.19,0.00
3.92,0.00,0.00,3032.00,3980.00,0.00,0.00,384.00,53606855.74,0.00
3.92,0.00,0.00,3023.00,3989.00,0.00,0.00,384.00,53480474.15,0.00
3.93,0.00,0.00,3014.00,3998.00,0.00,0.00,384.00,53351576.66,0.00
3.94,0.00,0.00,3005.00,4007.00,0.00,0.00,384.00,53220382.22,0.00
3.94,0.00,0.00,3000.00,4012.00,0.00,0.00,384.00,53093100.13,0.00
3.95,0.00,0.00,2991.00,4021.00,0.00,0.00,384.00,52963380.46,0.00
3.96,0.00,0.00,2987.00,4025.00,0.00,0.00,384.00,52838946.89,0.00
3.97,0.00,0.00,2975.00,4037.00,0.00,0.00,384.00,52707320.90,0.00
3.97,0.00,0.00,2973.00,4039.00,0.00,0.00,384.00,52584151.72,0.00
3.98,0.00,0.00,2965.00,4047.00,0.00,0.00,384.00,52459689.10,0.00
3.99,0.00,0.00,2956.00,4056.00,0.00,0.00,384.00,52332543.33,0.00
3.99,0.00,0.00,2947.00,4065.00,0.00,0.00,384.00,52202948.12,0.00
4.00,0.00,0.00,2940.00,4072.00,0.00,0.00,384.00,52074121.41,0.00
4.01,0.00,0.00,2931.00,4081.00,0.00,0.00,384.00,51942991.64,0.00
4.01,0.00,0.00,2925.00,4087.00,0.00,0.00,384.00,51814266.17,0.00
4.02,0.00,0.00,2919.00,4093.00,0.00,0.00,384.00,51687735.78,0.00
4.03,0.00,0.00,2914.00,4098.00,0.00,0.00,384.00,51564711.60,0.00
4.03,0.00,0.00,2907.00,4105.00,0.00,0.00,384.00,51441883.73,0.00
4.04,0.00,0.00,2901.00,4111.00,0.00,0.00,384.00,51320737.24,0.00
4.05,0.00,0.00,2898.00,4114.00,0.00,0.00,384.00,51205632.86,0.00
4.06,0.00,0.00,2895.00,4117.00,0.00,0.00,384.00,51096044.36,0.00
4.06,0.00,0.00,2888.00,4124.00,0.00,0.00,384.00,50985482.31,0.00
4.07,0.00,0.00,2881.00,4131.00,0.00,0.00,384.00,50874031.27,0.00
4.08,0.00,0.00,2876.00,4136.00,0.00,0.00,384.00,50764773.31,0.00
4.08,0.00,0.00,2865.00,4147.00,0.00,0.00,384.00,50648503.78,0.00
4.09,0.00,0.00,2857.00,4155.00,0.00,0.00,384.00,50530340.05,0.00
4.10,0.00,0.00,2848.00,4164.00,0.00,0.00,384.00,50408944.60,0.00
4.10,0.00,0.00,2845.00,4167.00,0.00,0.00,384.00,50293612.99,0.00
4.11,0.00,0.00,2838.00,4174.00,0.00,0.00,384.00,50177807.72,0.00
4.12,0.00,0.00,2833.00,4179.00,0.00,0.00,384.00,50064574.78,0.00
4.12,0.00,0.00,2826.00,4186.00,0.00,0.00,384.00,49950685.56,0.00
4.13,0.00,0.00,2816.00,4196.00,0.00,0.00,384.00,49831690.17,0.00
4.14,0.00,0.00,2809.00,4203.00,0.00,0.00,384.00,49712540.29,0.00
4.15,0.00,0.00,2802.00,4210.00,0.00,0.00,384.00,49593249.34,0.00
4.15,0.00,0.00,2798.00,4214.00,0.00,0.00,384.00,49478336.58,0.00
4.16,0.00,0.00,2790.00,4222.00,0.00,0.00,384.00,49361411.30,0.00
4.17,0.00,0.00,2781.00,4231.00,0.00,0.00,384.00,49241146.71,0.00
4.17,0.00,0.00,2775.00,4237.00,0.00,0.00,384.00,49122340.38,0.00
4.18,0.00,0.00,2766.00,4246.00,0.00,0.00,384.00,49000358.39,0.00
4.19,0.00,0.00,2762.00,4250.00,0.00,0.00,384.00,48882988.93,0.00
4.19,0.00,0.00,2752.00,4260.00,0.00,0.00,384.00,48760816.38,0.00
4.20,0.00,0.00,2741.00,4271.00,0.00,0.00,384.00,48632756.66,0.00
4.21,0.00,0.00,2738.00,4274.00,0.00,0.00,384.00,48511340.91,0.00
4.22,0.00,0.00,2733.00,4279.00,0.00,0.00,384.00,48392986.12,0.00
4.22,0.00,0.00,2722.00,4290.00,0.00,0.00,384.00,48268411.65,0.00
4.23,0.00,0.00,2713.00,4299.00,0.00,0.00,384.00,48141163.88,0.00
4.24,0.00,0.00,2705.00,4307.00,0.00,0.00,384.00,48012977.90,0.00
4.24,0.00,0.00,2698.00,4314.00,0.00,0.00,384.00,47885437.49,0.00
4.25,0.00,0.00,2689.00,4323.00,0.00,0.00,384.00,47755482.05,0.00
4.26,0.00,0.00,2680.00,4332.00,0.00,0.00,384.00,47623321.88,0.00
4.26,0.00,0.00,2674.00,4338.00,0.00,0.00,384.00,47493655.79,0.00
4.27,0.00,0.00,2667.00,4345.00,0.00,0.00,384.00,47364764.31,0.00
4.28,0.00,0.00,2657.00,4355.00,0.00,0.00,384.00,47232072.93,0.00
4.28,0.00,0.00,2650.00,4362.00,0.00,0.00,384.00,47100419.83,0.00
4.29,0.00,0.00,2642.00,4370.00,0.00,0.00,384.00,46968211.93,0.00
4.30,0.00,0.00,2634.00,4378.00,0.00,0.00,384.00,46835497.63,0.00
4.31,0.00,0.00,2624.00,4388.00,0.00,0.00,384.00,46699316.50,0.00
4.31,0.00,0.00,2619.00,4393.00,0.00,0.00,384.00,46567481.95,0.00
4.32,0.00,0.00,2612.00,4400.00,0.00,0.00,384.00,46436610.83,0.00
4.33,0.00,0.00,2609.00,4403.00,0.00,0.00,384.00,46312628.56,0.00
4.33,0.00,0.00,2604.00,4408.00,0.00,0.00,384.00,46191930.52,0.00
4.34,0.00,0.00,2594.00,4418.00,0.00,0.00,384.00,46066719.36,0.00
4.35,0.00,0.00,2583.00,4429.00,0.00,0.00,384.00,45935885.60,0.00
4.35,0.00,0.00,2577.00,4435.00,0.00,0.00,384.00,45807430.42,0.00
4.36,0.00,0.00,2568.00,4444.00,0.00,0.00,384.00,45676639.79,0.00
4.37,0.00,0.00,2559.00,4453.00,0.00,0.00,384.00,45543717.05,0.00
4.38,0.00,0.00,2550.00,4462.00,0.00,0.00,384.00,45408847.92,0.00
4.38,0.00,0.00,2538.00,4474.00,0.00,0.00,384.00,45267694.93,0.00
4.39,0.00,0.00,2534.00,4478.00,0.00,0.00,384.00,45132823.75,0.00
4.40,0.00,0.00,2526.00,4486.00,0.00,0.00,384.00,44997678.07,0.00
4.40,0.00,0.00,2519.00,4493.00,0.00,0.00,384.00,44863784.21,0.00
4.41,0.00,0.00,2513.00,4499.00,0.00,0.00,384.00,44732535.37,0.00
4.42,0.00,0.00,2503.00,4509.00,0.00,0.00,384.00,44597692.10,0.00
4.42,0.00,0.00,2497.00,4515.00,0.00,0.00,384.00,44465576.50,0.00
4.43,0.00,0.00,2493.00,4519.00,0.00,0.00,384.00,44338955.80,0.00
4.44,0.00,0.00,2489.00,4523.00,0.00,0.00,384.00,44217351.45,0.00
4.44,0.00,0.00,2476.00,4536.00,0.00,0.00,384.00,44086805.86,0.00
4.45,0.00,0.00,2468.00,4544.00,0.00,0.00,384.00,43955609.28,0.00
4.46,0.00,0.00,2459.00,4553.00,0.00,0.00,384.00,43822315.86,0.00
4.47,0.00,0.00,2449.00,4563.00,0.00,0.00,384.00,43685605.95,0.00
4.47,0.00,0.00,2440.00,4572.00,0.00,0.00,384.00,43547279.36,0.00
4.48,0.00,0.00,2427.00,4585.00,0.00,0.00,384.00,43401467.78,0.00
4.49,0.00,0.00,2418.00,4594.00,0.00,0.00,384.00,43254831.90,0.00
4.49,0.00,0.00,2407.00,4605.00,0.00,0.00,384.00,43104439.14,0.00
4.50,0.00,0.00,2397.00,4615.00,0.00,0.00,384.00,42952118.92,0.00
4.51,0.00,0.00,2388.00,4624.00,0.00,0.00,384.00,42799541.24,0.00
4.51,0.00,0.00,2380.00,4632.00,0.00,0.00,384.00,42648230.95,0.00
4.52,0.00,0.00,2375.00,4637.00,0.00,0.00,384.00,42502584.64,0.00
4.53,0.00,0.00,2368.00,4644.00,0.00,0.00,384.00,42359104.36,0.00
4.53,0.00,0.00,2359.00,4653.00,0.00,0.00,384.00,42214597.01,0.00
4.54,0.00,0.00,2353.00,4659.00,0.00,0.00,384.00,42073658.90,0.00
4.55,0.00,0.00,2346.00,4666.00,0.00,0.00,384.00,41934477.00,0.00
4.56,0.00,0.00,2340.00,4672.00,0.00,0.00,384.00,41798400.62,0.00
4.56,0.00,0.00,2329.00,4683.00,0.00,0.00,384.00,41657647.66,0.00
4.57,0.00,0.00,2326.00,4686.00,0.00,0.00,384.00,41524644.07,0.00
4.58,0.00,0.00,2320.00,4692.00,0.00,0.00,384.00,41394208.03,0.00
4.58,0.00,0.00,2315.00,4697.00,0.00,0.00,384.00,41267618.22,0.00
4.59,0.00,0.00,2304.00,4708.00,0.00,0.00,384.00,41135525.93,0.00
4.60,0.00,0.00,2291.00,4721.00,0.00,0.00,384.00,40995405.69,0.00
4.60,0.00,0.00,2283.00,4729.00,0.00,0.00,384.00,40855468.03,0.00
4.61,0.00,0.00,2274.00,4738.00,0.00,0.00,384.00,40714194.79,0.00
4.62,0.00,0.00,2267.00,4745.00,0.00,0.00,384.00,40574706.82,0.00
4.62,0.00,0.00,2260.00,4752.00,0.00,0.00,384.00,40436848.81,0.00
4.63,0.00,0.00,2253.00,4759.00,0.00,0.00,384.00,40300478.78,0.00
4.64,0.00,0.00,2244.00,4768.00,0.00,0.00,384.00,40162462.34,0.00
4.65,0.00,0.00,2234.00,4778.00,0.00,0.00,384.00,40021440.80,0.00
4.65,0.00,0.00,2229.00,4783.00,0.00,0.00,384.00,39885187.29,0.00
4.66,0.00,0.00,2221.00,4791.00,0.00,0.00,384.00,39748779.71,0.00
4.67,0.00,0.00,2215.00,4797.00,0.00,0.00,384.00,39615235.99,0.00
4.67,0.00,0.00,2207.00,4805.00,0.00,0.00,384.00,39481302.30,0.00
4.68,0.00,0.00,2196.00,4816.00,0.00,0.00,384.00,39342505.58,0.00
4.69,0.00,0.00,2184.00,4828.00,0.00,0.00,384.00,39197767.01,0.00
4.69,0.00,0.00,2177.00,4835.00,0.00,0.00,384.00,39055115.40,0.00
4.70,0.00,0.00,2170.00,4842.00,0.00,0.00,384.00,38914369.22,0.00
4.71,0.00,0.00,2160.00,4852.00,0.00,0.00,384.00,38770855.50,0.00
4.72,0.00,0.00,2150.00,4862.00,0.00,0.00,384.00,38624815.30,0.00
4.72,0.00,0.00,2141.00,4871.00,0.00,0.00,384.00,38477970.88,0.00
4.73,0.00,0.00,2135.00,4877.00,0.00,0.00,384.00,38334899.28,0.00
4.74,0.00,0.00,2130.00,4882.00,0.00,0.00,384.00,38196774.14,0.00
4.74,0.00,0.00,2126.00,4886.00,0.00,0.00,384.00,38064667.11,0.00
4.75,0.00,0.00,2119.00,4893.00,0.00,0.00,384.00,37933547.33,0.00
4.76,0.00,0.00,2115.00,4897.00,0.00,0.00,384.00,37807835.70,0.00
4.76,0.00,0.00,2100.00,4912.00,0.00,0.00,384.00,37670535.71,0.00
4.77,0.00,0.00,2096.00,4916.00,0.00,0.00,384.00,37539182.13,0.00
4.78,0.00,0.00,2089.00,4923.00,0.00,0.00,384.00,37408750.05,0.00
4.78,0.00,0.00,2084.00,4928.00,0.00,0.00,384.00,37282163.98,0.00
4.79,0.00,0.00,2074.00,4938.00,0.00,0.00,384.00,37151577.28,0.00
4.80,0.00,0.00,2068.00,4944.00,0.00,0.00,384.00,37023347.79,0.00
4.81,0.00,0.00,2062.00,4950.00,0.00,0.00,384.00,36897270.15,0.00
4.81,0.00,0.00,2055.00,4957.00,0.00,0.00,384.00,36771654.62,0.00
4.82,0.00,0.00,2052.00,4960.00,0.00,0.00,384.00,36652470.23,0.00
4.83,0.00,0.00,2047.00,4965.00,0.00,0.00,384.00,36536152.42,0.00
4.83,0.00,0.00,2042.00,4970.00,0.00,0.00,384.00,36422451.53,0.00
4.84,0.00,0.00,2038.00,4974.00,0.00,0.00,384.00,36312642.02,0.00
4.85,0.00,0.00,2031.00,4981.00,0.00,0.00,384.00,36201878.10,0.00
4.85,0.00,0.00,2025.00,4987.00,0.00,0.00,384.00,36091745.25,0.00
4.86,0.00,0.00,2016.00,4996.00,0.00,0.00,384.00,35977681.43,0.00
4.87,0.00,0.00,2011.00,5001.00,0.00,0.00,384.00,35866038.33,0.00
4.88,0.00,0.00,2003.00,5009.00,0.00,0.00,384.00,35752098.12,0.00
4.88,0.00,0.00,1995.00,5017.00,0.00,0.00,384.00,35636060.88,0.00
4.89,0.00,0.00,1993.00,5019.00,0.00,0.00,384.00,35527123.11,0.00
4.90,0.00,0.00,1979.00,5033.00,0.00,0.00,384.00,35406638.82,0.00
4.90,0.00,0.00,1969.00,5043.00,0.00,0.00,384.00,35281622.63,0.00
4.91,0.00,0.00,1960.00,5052.00,0.00,0.00,384.00,35153971.54,0.00
4.92,0.00,0.00,1958.00,5054.00,0.00,0.00,384.00,35034431.21,0.00
4.92,0.00,0.00,1952.00,5060.00,0.00,0.00,384.00,34916286.12,0.00
4.93,0.00,0.00,1940.00,5072.00,0.00,0.00,384.00,34790400.82,0.00
4.94,0.00,0.00,1934.00,5078.00,0.00,0.00,384.00,34666463.30,0.00
4.94,0.00,0.00,1925.00,5087.00,0.00,0.00,384.00,34539796.99,0.00
4.95,0.00,0.00,1917.00,5095.00,0.00,0.00,384.00,34412141.77,0.00
4.96,0.00,0.00,1908.00,5104.00,0.00,0.00,384.00,34282081.39,0.00
4.97,0.00,0.00,1897.00,5115.00,0.00,0.00,384.00,34146820.66,0.00
4.97,0.00,0.00,1893.00,5119.00,0.00,0.00,384.00,34017328.76,0.00
4.98,0.00,0.00,1880.00,5132.00,0.00,0.00,384.00,33879582.37,0.00
4.99,0.00,0.00,1871.00,5141.00,0.00,0.00,384.00,33740309.64,0.00
4.99,0.00,0.00,1864.00,5148.00,0.00,0.00,384.00,33602647.97,0.00
5.00,0.00,0.00,1856.00,5156.00,0.00,0.00,384.00,33464954.81,0.00
5.01,0.00,0.00,1849.00,5163.00,0.00,0.00,384.00,33328735.26,0.00
5.01,0.00,0.00,1846.00,5166.00,0.00,0.00,384.00,33199870.25,0.00
5.02,0.00,0.00,1844.00,5168.00,0.00,0.00,384.00,33079221.70,0.00
5.03,0.00,0.00,1839.00,5173.00,0.00,0.00,384.00,32961567.11,0.00
5.03,0.00,0.00,1829.00,5183.00,0.00,0.00,384.00,32839134.35,0.00
5.04,0.00,0.00,1824.00,5188.00,0.00,0.00,384.00,32719851.04,0.00
5.05,0.00,0.00,1818.00,5194.00,0.00,0.00,384.00,32601940.47,0.00
5.06,0.00,0.00,1814.00,5198.00,0.00,0.00,384.00,32488287.91,0.00
5.06,0.00,0.00,1804.00,5208.00,0.00,0.00,384.00,32369508.62,0.00
5.07,0.00,0.00,1800.00,5212.00,0.00,0.00,384.00,32255062.89,0.00
5.08,0.00,0.00,1790.00,5222.00,0.00,0.00,384.00,32135559.47,0.00
5.08,0.00,0.00,1785.00,5227.00,0.00,0.00,384.00,32018950.43,0.00
5.09,0.00,0.00,1774.00,5238.00,0.00,0.00,384.00,31895969.78,0.00
5.10,0.00,0.00,1767.00,5245.00,0.00,0.00,384.00,31773181.58,0.00
5.10,0.00,0.00,1763.00,5249.00,0.00,0.00,384.00,31655076.07,0.00
5.11,0.00,0.00,1753.00,5259.00,0.00,0.00,384.00,31532231.58,0.00
5.12,0.00,0.00,1749.00,5263.00,0.00,0.00,384.00,31414074.72,0.00
5.12,0.00,0.00,1740.00,5272.00,0.00,0.00,384.00,31292685.63,0.00
5.13,0.00,0.00,1733.00,5279.00,0.00,0.00,384.00,31171350.41,0.00
5.14,0.00,0.00,1728.00,5284.00,0.00,0.00,384.00,31053069.07,0.00
5.15,0.00,0.00,1720.00,5292.00,0.00,0.00,384.00,30933068.65,0.00
5.15,0.00,0.00,1714.00,5298.00,0.00,0.00,384.00,30814503.59,0.00
5.16,0.00,0.00,1709.00,5303.00,0.00,0.00,384.00,30698751.05,0.00
5.17,0.00,0.00,1697.00,5315.00,0.00,0.00,384.00,30575050.06,0.00
5.17,0.00,0.00,1691.00,5321.00,0.00,0.00,384.00,30453106.59,0.00
5.18,0.00,0.00,1685.00,5327.00,0.00,0.00,384.00,30332767.61,0.00
5.19,0.00,0.00,1679.00,5333.00,0.00,0.00,384.00,30213893.39,0.00
5.19,0.00,0.00,1668.00,5344.00,0.00,0.00,384.00,30088844.77,0.00
5.20,0.00,0.00,1659.00,5353.00,0.00,0.00,384.00,29961164.18,0.00
5.21,0.00,0.00,1647.00,5365.00,0.00,0.00,384.00,29826573.67,0.00
5.22,0.00,0.00,1641.00,5371.00,0.00,0.00,384.00,29694688.88,0.00
5.22,0.00,0.00,1637.00,5375.00,0.00,0.00,384.00,29568278.89,0.00
5.23,0.00,0.00,1629.00,5383.00,0.00,0.00,384.00,29440857.71,0.00
5.24,0.00,0.00,1624.00,5388.00,0.00,0.00,384.00,29317020.19,0.00
5.24,0.00,0.00,1616.00,5396.00,0.00,0.00,384.00,29191947.54,0.00
5.25,0.00,0.00,1610.00,5402.00,0.00,0.00,384.00,29068751.90,0.00
5.26,0.00,0.00,1606.00,5406.00,0.00,0.00,384.00,28950274.31,0.00
5.26,0.00,0.00,1598.00,5414.00,0.00,0.00,384.00,28830094.80,0.00
5.27,0.00,0.00,1593.00,5419.00,0.00,0.00,384.00,28712868.44,0.00
5.28,0.00,0.00,1586.00,5426.00,0.00,0.00,384.00,28595333.56,0.00
5.28,0.00,0.00,1583.00,5429.00,0.00,0.00,384.00,28483526.19,0.00
5.29,0.00,0.00,1574.00,5438.00,0.00,0.00,384.00,28367933.70,0.00
5.30,0.00,0.00,1569.00,5443.00,0.00,0.00,384.00,28254895.03,0.00
5.31,0.00,0.00,1561.00,5451.00,0.00,0.00,384.00,28139680.82,0.00
5.31,0.00,0.00,1555.00,5457.00,0.00,0.00,384.00,28025485.08,0.00
5.32,0.00,0.00,1547.00,5465.00,0.00,0.00,384.00,27909214.58,0.00
5.33,0.00,0.00,1542.00,5470.00,0.00,0.00,384.00,27795556.90,0.00
5.33,0.00,0.00,1538.00,5474.00,0.00,0.00,384.00,27685786.85,0.00
5.34,0.00,0.00,1533.00,5479.00,0.00,0.00,384.00,27578063.57,0.00
5.35,0.00,0.00,1529.00,5483.00,0.00,0.00,384.00,27473711.18,0.00
5.35,0.00,0.00,1519.00,5493.00,0.00,0.00,384.00,27363422.20,0.00
5.36,0.00,0.00,1510.00,5502.00,0.00,0.00,384.00,27249215.96,0.00
5.37,0.00,0.00,1501.00,5511.00,0.00,0.00,384.00,27131433.53,0.00
5.38,0.00,0.00,1494.00,5518.00,0.00,0.00,384.00,27013390.93,0.00
5.38,0.00,0.00,1487.00,5525.00,0.00,0.00,384.00,26895110.81,0.00
5.39,0.00,0.00,1476.00,5536.00,0.00,0.00,384.00,26770604.61,0.00
5.40,0.00,0.00,1469.00,5543.00,0.00,0.00,384.00,26646423.77,0.00
5.40,0.00,0.00,1460.00,5552.00,0.00,0.00,384.00,26519535.24,0.00
5.41,0.00,0.00,1449.00,5563.00,0.00,0.00,384.00,26387170.24,0.00
5.42,0.00,0.00,1444.00,5568.00,0.00,0.00,384.00,26258819.49,0.00
5.42,0.00,0.00,1439.00,5573.00,0.00,0.00,384.00,26134133.47,0.00
5.43,0.00,0.00,1435.00,5577.00,0.00,0.00,384.00,26014295.35,0.00
5.44,0.00,0.00,1423.00,5589.00,0.00,0.00,384.00,25886864.53,0.00
5.44,0.00,0.00,1416.00,5596.00,0.00,0.00,384.00,25760013.68,0.00
5.45,0.00,0.00,1409.00,5603.00,0.00,0.00,384.00,25633692.34,0.00
5.46,0.00,0.00,1401.00,5611.00,0.00,0.00,384.00,25506351.98,0.00
5.47,0.00,0.00,1394.00,5618.00,0.00,0.00,384.00,25379583.76,0.00
5.47,0.00,0.00,1388.00,5624.00,0.00,0.00,384.00,25254840.18,0.00
5.48,0.00,0.00,1379.00,5633.00,0.00,0.00,384.00,25127437.94,0.00
5.49,0.00,0.00,1373.00,5639.00,0.00,0.00,384.00,25002115.53,0.00
5.49,0.00,0.00,1364.00,5648.00,0.00,0.00,384.00,24874184.77,0.00
5.50,0.00,0.00,1358.00,5654.00,0.00,0.00,384.00,24748379.98,0.00
5.51,0.00,0.00,1350.00,5662.00,0.00,0.00,384.00,24621511.26,0.00
5.51,0.00,0.00,1342.00,5670.00,0.00,0.00,384.00,24493671.18,0.00
5.52,0.00,0.00,1332.00,5680.00,0.00,0.00,384.00,24361939.81,0.00
5.53,0.00,0.00,1326.00,5686.00,0.00,0.00,384.00,24232665.20,0.00
5.53,0.00,0.00,1317.00,5695.00,0.00,0.00,384.00,24101126.50,0.00
5.54,0.00,0.00,1306.00,5706.00,0.00,0.00,384.00,23964516.23,0.00
5.55,0.00,0.00,1300.00,5712.00,0.00,0.00,384.00,23830787.58,0.00
5.56,0.00,0.00,1296.00,5716.00,0.00,0.00,384.00,23702694.20,0.00
5.56,0.00,0.00,1288.00,5724.00,0.00,0.00,384.00,23573736.19,0.00
5.57,0.00,0.00,1279.00,5733.00,0.00,0.00,384.00,23442486.59,0.00
5.58,0.00,0.00,1276.00,5736.00,0.00,0.00,384.00,23318158.71,0.00
5.58,0.00,0.00,1269.00,5743.00,0.00,0.00,384.00,23194140.61,0.00
5.59,0.00,0.00,1260.00,5752.00,0.00,0.00,384.00,23067400.69,0.00
5.60,0.00,0.00,1251.00,5761.00,0.00,0.00,384.00,22938175.95,0.00
5.60,0.00,0.00,1245.00,5767.00,0.00,0.00,384.00,22811189.75,0.00
5.61,0.00,0.00,1239.00,5773.00,0.00,0.00,384.00,22686247.13,0.00
5.62,0.00,0.00,1233.00,5779.00,0.00,0.00,384.00,22563170.13,0.00
5.62,0.00,0.00,1228.00,5784.00,0.00,0.00,384.00,22443298.61,0.00
5.63,0.00,0.00,1224.00,5788.00,0.00,0.00,384.00,22327855.79,0.00
5.64,0.00,0.00,1218.00,5794.00,0.00,0.00,384.00,22213451.43,0.00
5.65,0.00,0.00,1212.00,5800.00,0.00,0.00,384.00,22099995.05,0.00
5.65,0.00,0.00,1206.00,5806.00,0.00,0.00,384.00,21987404.11,0.00
5.66,0.00,0.00,1200.00,5812.00,0.00,0.00,384.00,21875603.30,0.00
5.67,0.00,0.00,1196.00,5816.00,0.00,0.00,384.00,21767528.38,0.00
5.67,0.00,0.00,1193.00,5819.00,0.00,0.00,384.00,21664357.28,0.00
5.68,0.00,0.00,1192.00,5820.00,0.00,0.00,384.00,21568667.60,0.00
5.69,0.00,0.00,1185.00,5827.00,0.00,0.00,384.00,21470794.00,0.00
5.69,0.00,0.00,1175.00,5837.00,0.00,0.00,384.00,21366419.73,0.00
5.70,0.00,0.00,1166.00,5846.00,0.00,0.00,384.00,21257613.13,0.00
5.71,0.00,0.00,1161.00,5851.00,0.00,0.00,384.00,21150769.43,0.00
5.72,0.00,0.00,1159.00,5853.00,0.00,0.00,384.00,21050224.59,0.00
5.72,0.00,0.00,1156.00,5856.00,0.00,0.00,384.00,20953927.89,0.00
5.73,0.00,0.00,1149.00,5863.00,0.00,0.00,384.00,20855500.15,0.00
5.74,0.00,0.00,1142.00,5870.00,0.00,0.00,384.00,20755126.88,0.00
5.74,0.00,0.00,1135.00,5877.00,0.00,0.00,384.00,20652977.58,0.00
5.75,0.00,0.00,1130.00,5882.00,0.00,0.00,384.00,20552211.46,0.00
5.76,0.00,0.00,1129.00,5883.00,0.00,0.00,384.00,20458717.35,0.00
5.76,0.00,0.00,1118.00,5894.00,0.00,0.00,384.00,20356838.86,0.00
5.77,0.00,0.00,1111.00,5901.00,0.00,0.00,384.00,20253315.37,0.00
5.78,0.00,0.00,1105.00,5907.00,0.00,0.00,384.00,20149792.43,0.00
5.78,0.00,0.00,1097.00,5915.00,0.00,0.00,384.00,20043265.33,0.00
5.79,0.00,0.00,1090.00,5922.00,0.00,0.00,384.00,19935498.00,0.00
5.80,0.00,0.00,1087.00,5925.00,0.00,0.00,384.00,19832607.70,0.00
5.81,0.00,0.00,1079.00,5933.00,0.00,0.00,384.00,19726658.17,0.00
5.81,0.00,0.00,1073.00,5939.00,0.00,0.00,384.00,19620920.42,0.00
5.82,0.00,0.00,1068.00,5944.00,0.00,0.00,384.00,19516878.34,0.00
5.83,0.00,0.00,1060.00,5952.00,0.00,0.00,384.00,19409877.32,0.00
5.83,0.00,0.00,1056.00,5956.00,0.00,0.00,384.00,19306184.28,0.00
5.84,0.00,0.00,1048.00,5964.00,0.00,0.00,384.00,19199501.94,0.00
5.85,0.00,0.00,1041.00,5971.00,0.00,0.00,384.00,19091592.83,0.00
5.85,0.00,0.00,1037.00,5975.00,0.00,0.00,384.00,18987070.83,0.00
5.86,0.00,0.00,1033.00,5979.00,0.00,0.00,384.00,18885640.92,0.00
5.87,0.00,0.00,1025.00,5987.00,0.00,0.00,384.00,18781024.62,0.00
5.88,0.00,0.00,1024.00,5988.00,0.00,0.00,384.00,18684015.60,0.00
5.88,0.00,0.00,1014.00,5998.00,0.00,0.00,384.00,18580430.60,0.00
5.89,0.00,0.00,1005.00,6007.00,0.00,0.00,384.00,18472344.56,0.00
5.90,0.00,0.00,1000.00,6012.00,0.00,0.00,384.00,18366158.64,0.00
5.90,0.00,0.00,990.00,6022.00,0.00,0.00,384.00,18254195.85,0.00
5.91,0.00,0.00,988.00,6024.00,0.00,0.00,384.00,18148977.72,0.00
5.92,0.00,0.00,980.00,6032.00,0.00,0.00,384.00,18040903.04,0.00
5.92,0.00,0.00,978.00,6034.00,0.00,0.00,384.00,17939234.47,0.00
5.93,0.00,0.00,973.00,6039.00,0.00,0.00,384.00,17838907.23,0.00
5.94,0.00,0.00,967.00,6045.00,0.00,0.00,384.00,17738302.23,0.00
5.94,0.00,0.00,963.00,6049.00,0.00,0.00,384.00,17640448.28,0.00
5.95,0.00,0.00,951.00,6061.00,0.00,0.00,384.00,17533087.30,0.00
5.96,0.00,0.00,946.00,6066.00,0.00,0.00,384.00,17427563.29,0.00
5.97,0.00,0.00,942.00,6070.00,0.00,0.00,384.00,17325218.65,0.00
5.97,0.00,0.00,937.00,6075.00,0.00,0.00,384.00,17224274.25,0.00
5.98,0.00,0.00,931.00,6081.00,0.00,0.00,384.00,17123105.80,0.00
5.99,0.00,0.00,925.00,6087.00,0.00,0.00,384.00,17021732.81,0.00
5.99,0.00,0.00,918.00,6094.00,0.00,0.00,384.00,16918670.76,0.00
6.00,0.00,0.00,908.00,6104.00,0.00,0.00,384.00,16809559.82,0.00
6.01,0.00,0.00,906.00,6106.00,0.00,0.00,384.00,16706945.26,0.00
6.01,0.00,0.00,896.00,6116.00,0.00,0.00,384.00,16598242.81,0.00
6.02,0.00,0.00,891.00,6121.00,0.00,0.00,384.00,16491494.17,0.00
6.03,0.00,0.00,882.00,6130.00,0.00,0.00,384.00,16380519.98,0.00
6.03,0.00,0.00,874.00,6138.00,0.00,0.00,384.00,16267190.47,0.00
6.04,0.00,0.00,870.00,6142.00,0.00,0.00,384.00,16157719.96,0.00
6.05,0.00,0.00,863.00,6149.00,0.00,0.00,384.00,16047265.58,0.00
6.06,0.00,0.00,854.00,6158.00,0.00,0.00,384.00,15932908.27,0.00
6.06,0.00,0.00,850.00,6162.00,0.00,0.00,384.00,15822499.51,0.00
6.07,0.00,0.00,843.00,6169.00,0.00,0.00,384.00,15711188.52,0.00
6.08,0.00,0.00,834.00,6178.00,0.00,0.00,384.00,15596049.22,0.00
6.08,0.00,0.00,827.00,6185.00,0.00,0.00,384.00,15480419.61,0.00
6.09,0.00,0.00,825.00,6187.00,0.00,0.00,384.00,15371853.94,0.00
6.10,0.00,0.00,821.00,6191.00,0.00,0.00,384.00,15266732.50,0.00
6.10,0.00,0.00,815.00,6197.00,0.00,0.00,384.00,15161750.75,0.00
6.11,0.00,0.00,810.00,6202.00,0.00,0.00,384.00,15058398.78,0.00
6.12,0.00,0.00,802.00,6210.00,0.00,0.00,384.00,14952027.83,0.00
6.12,0.00,0.00,798.00,6214.00,0.00,0.00,384.00,14848910.00,0.00
6.13,0.00,0.00,794.00,6218.00,0.00,0.00,384.00,14748762.01,0.00
6.14,0.00,0.00,791.00,6221.00,0.00,0.00,384.00,14652827.54,0.00
6.15,0.00,0.00,784.00,6228.00,0.00,0.00,384.00,14554730.50,0.00
6.15,0.00,0.00,776.00,6236.00,0.00,0.00,384.00,14453156.88,0.00
6.16,0.00,0.00,771.00,6241.00,0.00,0.00,384.00,14352916.31,0.00
6.17,0.00,0.00,768.00,6244.00,0.00,0.00,384.00,14256897.35,0.00
6.17,0.00,0.00,756.00,6256.00,0.00,0.00,384.00,14151211.58,0.00
6.18,0.00,0.00,750.00,6262.00,0.00,0.00,384.00,14045714.63,0.00
6.19,0.00,0.00,744.00,6268.00,0.00,0.00,384.00,13940390.07,0.00
6.19,0.00,0.00,739.00,6273.00,0.00,0.00,384.00,13836725.20,0.00
6.20,0.00,0.00,733.00,6279.00,0.00,0.00,384.00,13733073.16,0.00
6.21,0.00,0.00,725.00,6287.00,0.00,0.00,384.00,13626428.21,0.00
6.22,0.00,0.00,719.00,6293.00,0.00,0.00,384.00,13520055.64,0.00
6.22,0.00,0.00,717.00,6295.00,0.00,0.00,384.00,13419940.93,0.00
6.23,0.00,0.00,710.00,6302.00,0.00,0.00,384.00,13318027.66,0.00
6.24,0.00,0.00,705.00,6307.00,0.00,0.00,384.00,13217476.98,0.00
6.24,0.00,0.00,695.00,6317.00,0.00,0.00,384.00,13110658.75,0.00
6.25,0.00,0.00,687.00,6325.00,0.00,0.00,384.00,13001123.30,0.00
6.26,0.00,0.00,685.00,6327.00,0.00,0.00,384.00,12898121.15,0.00
6.26,0.00,0.00,678.00,6334.00,0.00,0.00,384.00,12793571.84,0.00
6.27,0.00,0.00,673.00,6339.00,0.00,0.00,384.00,12690614.70,0.00
6.28,0.00,0.00,672.00,6340.00,0.00,0.00,384.00,12595120.36,0.00
6.28,0.00,0.00,667.00,6345.00,0.00,0.00,384.00,12500429.72,0.00
6.29,0.00,0.00,659.00,6353.00,0.00,0.00,384.00,12401965.86,0.00
6.30,0.00,0.00,655.00,6357.00,0.00,0.00,384.00,12306066.59,0.00
6.31,0.00,0.00,647.00,6365.00,0.00,0.00,384.00,12206499.36,0.00
6.31,0.00,0.00,644.00,6368.00,0.00,0.00,384.00,12111095.10,0.00
6.32,0.00,0.00,641.00,6371.00,0.00,0.00,384.00,12019491.32,0.00
6.33,0.00,0.00,636.00,6376.00,0.00,0.00,384.00,11928352.47,0.00
6.33,0.00,0.00,630.00,6382.00,0.00,0.00,384.00,11836135.77,0.00
6.34,0.00,0.00,626.00,6386.00,0.00,0.00,384.00,11745939.68,0.00
6.35,0.00,0.00,620.00,6392.00,0.00,0.00,384.00,11654583.62,0.00
6.35,0.00,0.00,620.00,6392.00,0.00,0.00,384.00,11571182.51,0.00
6.36,0.00,0.00,615.00,6397.00,0.00,0.00,384.00,11487532.06,0.00
6.37,0.00,0.00,612.00,6400.00,0.00,0.00,384.00,11406658.64,0.00
6.38,0.00,0.00,605.00,6407.00,0.00,0.00,384.00,11322311.16,0.00
6.38,0.00,0.00,604.00,6408.00,0.00,0.00,384.00,11243806.00,0.00
6.39,0.00,0.00,602.00,6410.00,0.00,0.00,384.00,11169132.14,0.00
6.40,0.00,0.00,599.00,6413.00,0.00,0.00,384.00,11096453.65,0.00
6.40,0.00,0.00,589.00,6423.00,0.00,0.00,384.00,11015080.59,0.00
6.41,0.00,0.00,582.00,6430.00,0.00,0.00,384.00,10930276.96,0.00
6.42,0.00,0.00,576.00,6436.00,0.00,0.00,384.00,10843843.86,0.00
6.42,0.00,0.00,570.00,6442.00,0.00,0.00,384.00,10755923.10,0.00
6.43,0.00,0.00,564.00,6448.00,0.00,0.00,384.00,10666644.25,0.00
6.44,0.00,0.00,558.00,6454.00,0.00,0.00,384.00,10576125.59,0.00
6.44,0.00,0.00,553.00,6459.00,0.00,0.00,384.00,10485977.36,0.00
6.45,0.00,0.00,547.00,6465.00,0.00,0.00,384.00,10394665.01,0.00
6.46,0.00,0.00,544.00,6468.00,0.00,0.00,384.00,10306796.82,0.00
6.47,0.00,0.00,541.00,6471.00,0.00,0.00,384.00,10222072.94,0.00
6.47,0.00,0.00,539.00,6473.00,0.00,0.00,384.00,10141721.85,0.00
6.48,0.00,0.00,534.00,6478.00,0.00,0.00,384.00,10060855.84,0.00
6.49,0.00,0.00,530.00,6482.00,0.00,0.00,384.00,9981022.08,0.00
6.49,0.00,0.00,523.00,6489.00,0.00,0.00,384.00,9897623.74,0.00
6.50,0.00,0.00,515.00,6497.00,0.00,0.00,384.00,9809468.87,0.00
6.51,0.00,0.00,511.00,6501.00,0.00,0.00,384.00,9722980.95,0.00
6.51,0.00,0.00,507.00,6505.00,0.00,0.00,384.00,9638014.78,0.00
6.52,0.00,0.00,504.00,6508.00,0.00,0.00,384.00,9555940.22,0.00
6.53,0.00,0.00,498.00,6514.00,0.00,0.00,384.00,9471998.48,0.00
6.53,0.00,0.00,493.00,6519.00,0.00,0.00,384.00,9387854.51,0.00
6.54,0.00,0.00,487.00,6525.00,0.00,0.00,384.00,9302023.59,0.00
6.55,0.00,0.00,482.00,6530.00,0.00,0.00,384.00,9216154.93,0.00
6.56,0.00,0.00,478.00,6534.00,0.00,0.00,384.00,9131754.12,0.00
6.56,0.00,0.00,472.00,6540.00,0.00,0.00,384.00,9045688.71,0.00
6.57,0.00,0.00,468.00,6544.00,0.00,0.00,384.00,8961108.27,0.00
6.58,0.00,0.00,464.00,6548.00,0.00,0.00,384.00,8877883.55,0.00
6.58,0.00,0.00,460.00,6552.00,0.00,0.00,384.00,8795896.45,0.00
6.59,0.00,0.00,458.00,6554.00,0.00,0.00,384.00,8718043.81,0.00
6.60,0.00,0.00,454.00,6558.00,0.00,0.00,384.00,8640961.04,0.00
6.60,0.00,0.00,451.00,6561.00,0.00,0.00,384.00,8566083.38,0.00
6.61,0.00,0.00,445.00,6567.00,0.00,0.00,384.00,8488711.91,0.00
6.62,0.00,0.00,435.00,6577.00,0.00,0.00,384.00,8403054.50,0.00
6.62,0.00,0.00,432.00,6580.00,0.00,0.00,384.00,8320348.86,0.00
6.63,0.00,0.00,428.00,6584.00,0.00,0.00,384.00,8238835.67,0.00
6.64,0.00,0.00,422.00,6590.00,0.00,0.00,384.00,8155406.42,0.00
6.65,0.00,0.00,416.00,6596.00,0.00,0.00,384.00,8070228.01,0.00
6.65,0.00,0.00,413.00,6599.00,0.00,0.00,384.00,7987959.63,0.00
6.66,0.00,0.00,408.00,6604.00,0.00,0.00,384.00,7905343.33,0.00
6.67,0.00,0.00,404.00,6608.00,0.00,0.00,384.00,7823911.65,0.00
6.67,0.00,0.00,396.00,6616.00,0.00,0.00,384.00,7737552.22,0.00
6.68,0.00,0.00,393.00,6619.00,0.00,0.00,384.00,7654205.68,0.00
6.69,0.00,0.00,384.00,6628.00,0.00,0.00,384.00,7564595.82,0.00
6.69,0.00,0.00,380.00,6632.00,0.00,0.00,384.00,7476779.60,0.00
6.70,0.00,0.00,375.00,6637.00,0.00,0.00,384.00,7389098.49,0.00
6.71,0.00,0.00,372.00,6640.00,0.00,0.00,384.00,7304545.35,0.00
6.72,0.00,0.00,370.00,6642.00,0.00,0.00,384.00,7224350.16,0.00
6.72,0.00,0.00,368.00,6644.00,0.00,0.00,384.00,7148133.44,0.00
6.73,0.00,0.00,363.00,6649.00,0.00,0.00,384.00,7071041.78,0.00
6.74,0.00,0.00,361.00,6651.00,0.00,0.00,384.00,6997658.34,0.00
6.74,0.00,0.00,355.00,6657.00,0.00,0.00,384.00,6921650.96,0.00
6.75,0.00,0.00,354.00,6658.00,0.00,0.00,384.00,6850759.69,0.00
6.76,0.00,0.00,346.00,6666.00,0.00,0.00,384.00,6774022.86,0.00
6.76,0.00,0.00,345.00,6667.00,0.00,0.00,384.00,6702465.63,0.00
6.77,0.00,0.00,340.00,6672.00,0.00,0.00,384.00,6629627.78,0.00
6.78,0.00,0.00,333.00,6679.00,0.00,0.00,384.00,6552616.16,0.00
6.78,0.00,0.00,328.00,6684.00,0.00,0.00,384.00,6474798.85,0.00
6.79,0.00,0.00,325.00,6687.00,0.00,0.00,384.00,6399250.62,0.00
6.80,0.00,0.00,320.00,6692.00,0.00,0.00,384.00,6322769.26,0.00
6.81,0.00,0.00,315.00,6697.00,0.00,0.00,384.00,6245436.06,0.00
6.81,0.00,0.00,312.00,6700.00,0.00,0.00,384.00,6170329.77,0.00
6.82,0.00,0.00,307.00,6705.00,0.00,0.00,384.00,6094251.85,0.00
6.83,0.00,0.00,305.00,6707.00,0.00,0.00,384.00,6021793.91,0.00
6.83,0.00,0.00,303.00,6709.00,0.00,0.00,384.00,5952640.67,0.00
6.84,0.00,0.00,298.00,6714.00,0.00,0.00,384.00,5881997.47,0.00
6.85,0.00,0.00,295.00,6717.00,0.00,0.00,384.00,5812998.65,0.00
6.85,0.00,0.00,293.00,6719.00,0.00,0.00,384.00,5747003.36,0.00
6.86,0.00,0.00,288.00,6724.00,0.00,0.00,384.00,5679243.11,0.00
6.87,0.00,0.00,284.00,6728.00,0.00,0.00,384.00,5611373.91,0.00
6.88,0.00,0.00,278.00,6734.00,0.00,0.00,384.00,5540400.62,0.00
6.88,0.00,0.00,269.00,6743.00,0.00,0.00,384.00,5462086.57,0.00
6.89,0.00,0.00,266.00,6746.00,0.00,0.00,384.00,5386084.86,0.00
6.90,0.00,0.00,262.00,6750.00,0.00,0.00,384.00,5310691.84,0.00
6.90,0.00,0.00,257.00,6755.00,0.00,0.00,384.00,5234352.17,0.00
6.91,0.00,0.00,254.00,6758.00,0.00,0.00,384.00,5160152.92,0.00
6.92,0.00,0.00,250.00,6762.00,0.00,0.00,384.00,5086405.39,0.00
6.92,0.00,0.00,243.00,6769.00,0.00,0.00,384.00,5008563.32,0.00
6.93,0.00,0.00,240.00,6772.00,0.00,0.00,384.00,4932992.48,0.00
6.94,0.00,0.00,237.00,6775.00,0.00,0.00,384.00,4859495.12,0.00
6.94,0.00,0.00,231.00,6781.00,0.00,0.00,384.00,4783383.75,0.00
6.95,0.00,0.00,227.00,6785.00,0.00,0.00,384.00,4707890.61,0.00
6.96,0.00,0.00,225.00,6787.00,0.00,0.00,384.00,4635966.48,0.00
6.97,0.00,0.00,221.00,6791.00,0.00,0.00,384.00,4564295.97,0.00
6.97,0.00,0.00,219.00,6793.00,0.00,0.00,384.00,4495861.61,0.00
6.98,0.00,0.00,213.00,6799.00,0.00,0.00,384.00,4424372.38,0.00
6.99,0.00,0.00,209.00,6803.00,0.00,0.00,384.00,4353098.88,0.00
6.99,0.00,0.00,208.00,6804.00,0.00,0.00,384.00,4286529.30,0.00
7.00,0.00,0.00,206.00,6806.00,0.00,0.00,384.00,4222751.71,0.00
7.01,0.00,0.00,203.00,6809.00,0.00,0.00,384.00,4160020.68,0.00
7.01,0.00,0.00,200.00,6812.00,0.00,0.00,384.00,4098245.07,0.00
7.02,0.00,0.00,197.00,6815.00,0.00,0.00,384.00,4037341.72,0.00
7.03,0.00,0.00,192.00,6820.00,0.00,0.00,384.00,3974230.00,0.00
7.03,0.00,0.00,187.00,6825.00,0.00,0.00,384.00,3909102.26,0.00
7.04,0.00,0.00,180.00,6832.00,0.00,0.00,384.00,3839129.37,0.00
7.05,0.00,0.00,179.00,6833.00,0.00,0.00,384.00,3773747.14,0.00
7.06,0.00,0.00,176.00,6836.00,0.00,0.00,384.00,3709551.20,0.00
7.06,0.00,0.00,172.00,6840.00,0.00,0.00,384.00,3644935.94,0.00
7.07,0.00,0.00,169.00,6843.00,0.00,0.00,384.00,3581440.18,0.00
7.08,0.00,0.00,166.00,6846.00,0.00,0.00,384.00,3518966.44,0.00
7.08,0.00,0.00,165.00,6847.00,0.00,0.00,384.00,3460430.37,0.00
7.09,0.00,0.00,162.00,6850.00,0.00,0.00,384.00,3402484.44,0.00
7.10,0.00,0.00,157.00,6855.00,0.00,0.00,384.00,3342072.65,0.00
7.10,0.00,0.00,154.00,6858.00,0.00,0.00,384.00,3282414.33,0.00
7.11,0.00,0.00,152.00,6860.00,0.00,0.00,384.00,3224946.21,0.00
7.12,0.00,0.00,150.00,6862.00,0.00,0.00,384.00,3169477.55,0.00
7.12,0.00,0.00,150.00,6862.00,0.00,0.00,384.00,3118838.90,0.00
7.13,0.00,0.00,148.00,6864.00,0.00,0.00,384.00,3069605.03,0.00
7.14,0.00,0.00,147.00,6865.00,0.00,0.00,384.00,3023155.94,0.00
7.15,0.00,0.00,146.00,6866.00,0.00,0.00,384.00,2979249.14,0.00
7.15,0.00,0.00,143.00,6869.00,0.00,0.00,384.00,2934658.63,0.00
7.16,0.00,0.00,139.00,6873.00,0.00,0.00,384.00,2887941.64,0.00
7.17,0.00,0.00,138.00,6874.00,0.00,0.00,384.00,2843790.26,0.00
7.17,0.00,0.00,136.00,6876.00,0.00,0.00,384.00,2800478.78,0.00
7.18,0.00,0.00,131.00,6881.00,0.00,0.00,384.00,2753427.14,0.00
7.19,0.00,0.00,129.00,6883.00,0.00,0.00,384.00,2707467.94,0.00
7.19,0.00,0.00,127.00,6885.00,0.00,0.00,384.00,2662506.05,0.00
7.20,0.00,0.00,124.00,6888.00,0.00,0.00,384.00,2616952.34,0.00
7.21,0.00,0.00,121.00,6891.00,0.00,0.00,384.00,2570858.32,0.00
7.22,0.00,0.00,119.00,6893.00,0.00,0.00,384.00,2525773.36,0.00
7.22,0.00,0.00,115.00,6897.00,0.00,0.00,384.00,2478604.97,0.00
7.23,0.00,0.00,114.00,6898.00,0.00,0.00,384.00,2434041.50,0.00
7.24,0.00,0.00,110.00,6902.00,0.00,0.00,384.00,2387349.19,0.00
7.24,0.00,0.00,107.00,6905.00,0.00,0.00,384.00,2340215.73,0.00
7.25,0.00,0.00,106.00,6906.00,0.00,0.00,384.00,2295684.15,0.00
7.26,0.00,0.00,105.00,6907.00,0.00,0.00,384.00,2253527.89,0.00
7.26,0.00,0.00,105.00,6907.00,0.00,0.00,384.00,2215042.43,0.00
7.27,0.00,0.00,103.00,6909.00,0.00,0.00,384.00,2176903.51,0.00
7.28,0.00,0.00,99.00,6913.00,0.00,0.00,384.00,2136076.32,0.00
7.28,0.00,0.00,96.00,6916.00,0.00,0.00,384.00,2094297.26,0.00
7.29,0.00,0.00,96.00,6916.00,0.00,0.00,384.00,2056156.17,0.00
7.30,0.00,0.00,95.00,6917.00,0.00,0.00,384.00,2019833.93,0.00
7.31,0.00,0.00,94.00,6918.00,0.00,0.00,384.00,1985172.18,0.00
7.31,0.00,0.00,94.00,6918.00,0.00,0.00,384.00,1953528.64,0.00
7.32,0.00,0.00,92.00,6920.00,0.00,0.00,384.00,1921635.87,0.00
7.33,0.00,0.00,89.00,6923.00,0.00,0.00,384.00,1888013.25,0.00
7.33,0.00,0.00,87.00,6925.00,0.00,0.00,384.00,1854313.74,0.00
7.34,0.00,0.00,86.00,6926.00,0.00,0.00,384.00,1822046.33,0.00
7.35,0.00,0.00,85.00,6927.00,0.00,0.00,384.00,1791086.32,0.00
7.35,0.00,0.00,85.00,6927.00,0.00,0.00,384.00,1762822.20,0.00
7.36,0.00,0.00,83.00,6929.00,0.00,0.00,384.00,1734014.58,0.00
7.37,0.00,0.00,83.00,6929.00,0.00,0.00,384.00,1707715.41,0.00
7.38,0.00,0.00,81.00,6931.00,0.00,0.00,384.00,1680701.64,0.00
7.38,0.00,0.00,79.00,6933.00,0.00,0.00,384.00,1653035.50,0.00
7.39,0.00,0.00,78.00,6934.00,0.00,0.00,384.00,1626276.10,0.00
7.40,0.00,0.00,77.00,6935.00,0.00,0.00,384.00,1600344.50,0.00
7.40,0.00,0.00,74.00,6938.00,0.00,0.00,384.00,1572163.98,0.00
7.41,0.00,0.00,73.00,6939.00,0.00,0.00,384.00,1544934.99,0.00
7.42,0.00,0.00,68.00,6944.00,0.00,0.00,384.00,1512565.42,0.00
7.42,0.00,0.00,66.00,6946.00,0.00,0.00,384.00,1480009.85,0.00
7.43,0.00,0.00,64.00,6948.00,0.00,0.00,384.00,1447284.46,0.00
7.44,0.00,0.00,61.00,6951.00,0.00,0.00,384.00,1412901.72,0.00
7.44,0.00,0.00,60.00,6952.00,0.00,0.00,384.00,1380010.59,0.00
7.45,0.00,0.00,59.00,6953.00,0.00,0.00,384.00,1348481.18,0.00
7.46,0.00,0.00,58.00,6954.00,0.00,0.00,384.00,1318194.91,0.00
7.47,0.00,0.00,58.00,6954.00,0.00,0.00,384.00,1290545.85,0.00
7.47,0.00,0.00,58.00,6954.00,0.00,0.00,384.00,1265304.36,0.00
7.48,0.00,0.00,57.00,6955.00,0.00,0.00,384.00,1240758.49,0.00
7.49,0.00,0.00,56.00,6956.00,0.00,0.00,384.00,1216847.66,0.00
7.49,0.00,0.00,56.00,6956.00,0.00,0.00,384.00,1195018.90,0.00
7.50,0.00,0.00,55.00,6957.00,0.00,0.00,384.00,1173588.58,0.00
7.51,0.00,0.00,55.00,6957.00,0.00,0.00,384.00,1154024.33,0.00
7.51,0.00,0.00,55.00,6957.00,0.00,0.00,384.00,1136163.67,0.00
7.52,0.00,0.00,55.00,6957.00,0.00,0.00,384.00,1119858.23,0.00
7.53,0.00,0.00,54.00,6958.00,0.00,0.00,384.00,1103470.30,0.00
7.53,0.00,0.00,53.00,6959.00,0.00,0.00,384.00,1087007.05,0.00
7.54,0.00,0.00,51.00,6961.00,0.00,0.00,384.00,1068972.73,0.00
7.55,0.00,0.00,48.00,6964.00,0.00,0.00,384.00,1048001.83,0.00
7.56,0.00,0.00,47.00,6965.00,0.00,0.00,384.00,1027354.67,0.00
7.56,0.00,0.00,45.00,6967.00,0.00,0.00,384.00,1005500.76,0.00
7.57,0.00,0.00,44.00,6968.00,0.00,0.00,384.00,984047.49,0.00
7.58,0.00,0.00,41.00,6971.00,0.00,0.00,384.00,959955.35,0.00
7.58,0.00,0.00,41.00,6971.00,0.00,0.00,384.00,937961.06,0.00
7.59,0.00,0.00,40.00,6972.00,0.00,0.00,384.00,916379.62,0.00
7.60,0.00,0.00,39.00,6973.00,0.00,0.00,384.00,895175.11,0.00
7.60,0.00,0.00,38.00,6974.00,0.00,0.00,384.00,874314.68,0.00
7.61,0.00,0.00,35.00,6977.00,0.00,0.00,384.00,850763.76,0.00
7.62,0.00,0.00,35.00,6977.00,0.00,0.00,384.00,829263.56,0.00
7.62,0.00,0.00,35.00,6977.00,0.00,0.00,384.00,809635.51,0.00
7.63,0.00,0.00,34.00,6978.00,0.00,0.00,384.00,790214.29,0.00
7.64,0.00,0.00,33.00,6979.00,0.00,0.00,384.00,770981.87,0.00
7.65,0.00,0.00,33.00,6979.00,0.00,0.00,384.00,753424.14,0.00
7.65,0.00,0.00,32.00,6980.00,0.00,0.00,384.00,735892.95,0.00
7.66,0.00,0.00,31.00,6981.00,0.00,0.00,384.00,718385.99,0.00
7.67,0.00,0.00,30.00,6982.00,0.00,0.00,384.00,700901.17,0.00
7.67,0.00,0.00,30.00,6982.00,0.00,0.00,384.00,684938.85,0.00
7.68,0.00,0.00,30.00,6982.00,0.00,0.00,384.00,670366.46,0.00
7.69,0.00,0.00,29.00,6983.00,0.00,0.00,384.00,655560.67,0.00
7.69,0.00,0.00,29.00,6983.00,0.00,0.00,384.00,642044.11,0.00
7.70,0.00,0.00,28.00,6984.00,0.00,0.00,384.00,628202.21,0.00
7.71,0.00,0.00,28.00,6984.00,0.00,0.00,384.00,615565.60,0.00
7.72,0.00,0.00,28.00,6984.00,0.00,0.00,384.00,604029.34,0.00
7.72,0.00,0.00,28.00,6984.00,0.00,0.00,384.00,593497.61,0.00
7.73,0.00,0.00,26.00,6986.00,0.00,0.00,384.00,580878.32,0.00
7.74,0.00,0.00,26.00,6986.00,0.00,0.00,384.00,569357.87,0.00
7.74,0.00,0.00,26.00,6986.00,0.00,0.00,384.00,558840.57,0.00
7.75,0.00,0.00,25.00,6987.00,0.00,0.00,384.00,547736.76,0.00
7.76,0.00,0.00,25.00,6987.00,0.00,0.00,384.00,537599.83,0.00
7.76,0.00,0.00,25.00,6987.00,0.00,0.00,384.00,528345.58,0.00
7.77,0.00,0.00,25.00,6987.00,0.00,0.00,384.00,519897.16,0.00
7.78,0.00,0.00,25.00,6987.00,0.00,0.00,384.00,512184.39,0.00
7.78,0.00,0.00,23.00,6989.00,0.00,0.00,384.00,502138.59,0.00
7.79,0.00,0.00,23.00,6989.00,0.00,0.00,384.00,492967.54,0.00
7.80,0.00,0.00,22.00,6990.00,0.00,0.00,384.00,483092.76,0.00
7.81,0.00,0.00,22.00,6990.00,0.00,0.00,384.00,474077.84,0.00
7.81,0.00,0.00,22.00,6990.00,0.00,0.00,384.00,465847.89,0.00
7.82,0.00,0.00,22.00,6990.00,0.00,0.00,384.00,458334.59,0.00
7.83,0.00,0.00,21.00,6991.00,0.00,0.00,384.00,449973.19,0.00
7.83,0.00,0.00,21.00,6991.00,0.00,0.00,384.00,442339.88,0.00
7.84,0.00,0.00,21.00,6991.00,0.00,0.00,384.00,435371.24,0.00
7.85,0.00,0.00,21.00,6991.00,0.00,0.00,384.00,429009.40,0.00
7.85,0.00,0.00,20.00,6992.00,0.00,0.00,384.00,421699.22,0.00
7.86,0.00,0.00,19.00,6993.00,0.00,0.00,384.00,413523.26,0.00
7.87,0.00,0.00,19.00,6993.00,0.00,0.00,384.00,406059.23,0.00
7.88,0.00,0.00,19.00,6993.00,0.00,0.00,384.00,399245.14,0.00
7.88,0.00,0.00,19.00,6993.00,0.00,0.00,384.00,393024.40,0.00
7.89,0.00,0.00,19.00,6993.00,0.00,0.00,384.00,387345.33,0.00
7.90,0.00,0.00,17.00,6995.00,0.00,0.00,384.00,379156.15,0.00
7.90,0.00,0.00,16.00,6996.00,0.00,0.00,384.00,370177.74,0.00
7.91,0.00,0.00,15.00,6997.00,0.00,0.00,384.00,360478.81,0.00
7.92,0.00,0.00,15.00,6997.00,0.00,0.00,384.00,351624.43,0.00
7.92,0.00,0.00,15.00,6997.00,0.00,0.00,384.00,343541.06,0.00
7.93,0.00,0.00,15.00,6997.00,0.00,0.00,384.00,336161.55,0.00
7.94,0.00,0.00,15.00,6997.00,0.00,0.00,384.00,329424.63,0.00
7.94,0.00,0.00,14.00,6998.00,0.00,0.00,384.00,321772.01,0.00
7.95,0.00,0.00,14.00,6998.00,0.00,0.00,384.00,314785.75,0.00
7.96,0.00,0.00,14.00,6998.00,0.00,0.00,384.00,308407.83,0.00
7.97,0.00,0.00,13.00,6999.00,0.00,0.00,384.00,301082.96,0.00
7.97,0.00,0.00,13.00,6999.00,0.00,0.00,384.00,294395.91,0.00
7.98,0.00,0.00,13.00,6999.00,0.00,0.00,384.00,288291.15,0.00
7.99,0.00,0.00,11.00,7001.00,0.00,0.00,384.00,279713.33,0.00
7.99,0.00,0.00,10.00,7002.00,0.00,0.00,384.00,270380.13,0.00
8.00,0.00,0.00,10.00,7002.00,0.00,0.00,384.00,261859.62,0.00
8.01,0.00,0.00,10.00,7002.00,0.00,0.00,384.00,254081.05,0.00
8.01,0.00,0.00,10.00,7002.00,0.00,0.00,384.00,246979.80,0.00
8.02,0.00,0.00,10.00,7002.00,0.00,0.00,384.00,240496.90,0.00
8.03,0.00,0.00,10.00,7002.00,0.00,0.00,384.00,234578.51,0.00
8.03,0.00,0.00,10.00,7002.00,0.00,0.00,384.00,229175.47,0.00
8.04,0.00,0.00,10.00,7002.00,0.00,0.00,384.00,224242.90,0.00
8.05,0.00,0.00,10.00,7002.00,0.00,0.00,384.00,219739.84,0.00
8.06,0.00,0.00,10.00,7002.00,0.00,0.00,384.00,215628.89,0.00
8.06,0.00,0.00,10.00,7002.00,0.00,0.00,384.00,211875.91,0.00
8.07,0.00,0.00,10.00,7002.00,0.00,0.00,384.00,208449.72,0.00
8.08,0.00,0.00,10.00,7002.00,0.00,0.00,384.00,205321.87,0.00
8.08,0.00,0.00,10.00,7002.00,0.00,0.00,384.00,202466.38,0.00
8.09,0.00,0.00,10.00,7002.00,0.00,0.00,384.00,199859.54,0.00
8.10,0.00,0.00,10.00,7002.00,0.00,0.00,384.00,197479.69,0.00
8.10,0.00,0.00,10.00,7002.00,0.00,0.00,384.00,195307.07,0.00
8.11,0.00,0.00,9.00,7003.00,0.00,0.00,384.00,191821.31,0.00
8.12,0.00,0.00,9.00,7003.00,0.00,0.00,384.00,188639.09,0.00
8.12,0.00,0.00,9.00,7003.00,0.00,0.00,384.00,185733.96,0.00
8.13,0.00,0.00,9.00,7003.00,0.00,0.00,384.00,183081.80,0.00
8.14,0.00,0.00,9.00,7003.00,0.00,0.00,384.00,180660.57,0.00
8.15,0.00,0.00,9.00,7003.00,0.00,0.00,384.00,178450.18,0.00
8.15,0.00,0.00,9.00,7003.00,0.00,0.00,384.00,176432.26,0.00
8.16,0.00,0.00,9.00,7003.00,0.00,0.00,384.00,174590.05,0.00
8.17,0.00,0.00,9.00,7003.00,0.00,0.00,384.00,172908.25,0.00
8.17,0.00,0.00,9.00,7003.00,0.00,0.00,384.00,171372.90,0.00
8.18,0.00,0.00,9.00,7003.00,0.00,0.00,384.00,169971.24,0.00
8.19,0.00,0.00,9.00,7003.00,0.00,0.00,384.00,168691.64,0.00
8.19,0.00,0.00,9.00,7003.00,0.00,0.00,384.00,167523.45,0.00
8.20,0.00,0.00,9.00,7003.00,0.00,0.00,384.00,166456.99,0.00
8.21,0.00,0.00,9.00,7003.00,0.00,0.00,384.00,165483.39,0.00
8.22,0.00,0.00,9.00,7003.00,0.00,0.00,384.00,164594.56,0.00
8.22,0.00,0.00,8.00,7004.00,0.00,0.00,384.00,162280.82,0.00
8.23,0.00,0.00,8.00,7004.00,0.00,0.00,384.00,160168.55,0.00
8.24,0.00,0.00,8.00,7004.00,0.00,0.00,384.00,158240.21,0.00
8.24,0.00,0.00,8.00,7004.00,0.00,0.00,384.00,156479.78,0.00
8.25,0.00,0.00,8.00,7004.00,0.00,0.00,384.00,154872.65,0.00
8.26,0.00,0.00,7.00,7005.00,0.00,0.00,384.00,151903.14,0.00
8.26,0.00,0.00,7.00,7005.00,0.00,0.00,384.00,149192.20,0.00
8.27,0.00,0.00,7.00,7005.00,0.00,0.00,384.00,146717.33,0.00
8.28,0.00,0.00,6.00,7006.00,0.00,0.00,384.00,142955.64,0.00
8.28,0.00,0.00,5.00,7007.00,0.00,0.00,384.00,138019.19,0.00
8.29,0.00,0.00,5.00,7007.00,0.00,0.00,384.00,133512.58,0.00
8.30,0.00,0.00,5.00,7007.00,0.00,0.00,384.00,129398.40,0.00
8.31,0.00,0.00,5.00,7007.00,0.00,0.00,384.00,125642.46,0.00
8.31,0.00,0.00,5.00,7007.00,0.00,0.00,384.00,122213.58,0.00
8.32,0.00,0.00,5.00,7007.00,0.00,0.00,384.00,119083.27,0.00
8.33,0.00,0.00,5.00,7007.00,0.00,0.00,384.00,116225.53,0.00
8.33,0.00,0.00,5.00,7007.00,0.00,0.00,384.00,113616.63,0.00
8.34,0.00,0.00,5.00,7007.00,0.00,0.00,384.00,111234.91,0.00
8.35,0.00,0.00,5.00,7007.00,0.00,0.00,384.00,109060.58,0.00
8.35,0.00,0.00,5.00,7007.00,0.00,0.00,384.00,107075.58,0.00
8.36,0.00,0.00,3.00,7009.00,0.00,0.00,384.00,102258.80,0.00
8.37,0.00,0.00,3.00,7009.00,0.00,0.00,384.00,97861.44,0.00
8.38,0.00,0.00,3.00,7009.00,0.00,0.00,384.00,93846.99,0.00
8.38,0.00,0.00,3.00,7009.00,0.00,0.00,384.00,90182.10,0.00
8.39,0.00,0.00,3.00,7009.00,0.00,0.00,384.00,86836.34,0.00
8.40,0.00,0.00,3.00,7009.00,0.00,0.00,384.00,83781.91,0.00
8.40,0.00,0.00,3.00,7009.00,0.00,0.00,384.00,80993.45,0.00
8.41,0.00,0.00,3.00,7009.00,0.00,0.00,384.00,78447.80,0.00
8.42,0.00,0.00,3.00,7009.00,0.00,0.00,384.00,76123.82,0.00
8.42,0.00,0.00,3.00,7009.00,0.00,0.00,384.00,74002.19,0.00
8.43,0.00,0.00,3.00,7009.00,0.00,0.00,384.00,72065.31,0.00
8.44,0.00,0.00,3.00,7009.00,0.00,0.00,384.00,70297.09,0.00
8.44,0.00,0.00,3.00,7009.00,0.00,0.00,384.00,68682.83,0.00
8.45,0.00,0.00,3.00,7009.00,0.00,0.00,384.00,67209.14,0.00
8.46,0.00,0.00,2.00,7010.00,0.00,0.00,384.00,64361.46,0.00
8.47,0.00,0.00,2.00,7010.00,0.00,0.00,384.00,61761.74,0.00
8.47,0.00,0.00,2.00,7010.00,0.00,0.00,384.00,59388.40,0.00
8.48,0.00,0.00,1.00,7011.00,0.00,0.00,384.00,55719.41,0.00
8.49,0.00,0.00,1.00,7011.00,0.00,0.00,384.00,52369.89,0.00
8.49,0.00,0.00,1.00,7011.00,0.00,0.00,384.00,49312.04,0.00
8.50,0.00,0.00,1.00,7011.00,0.00,0.00,384.00,46520.45,0.00
8.51,0.00,0.00,1.00,7011.00,0.00,0.00,384.00,43971.95,0.00
8.51,0.00,0.00,1.00,7011.00,0.00,0.00,384.00,41645.36,0.00
8.52,0.00,0.00,1.00,7011.00,0.00,0.00,384.00,39521.36,0.00
8.53,0.00,0.00,1.00,7011.00,0.00,0.00,384.00,37582.31,0.00
8.53,0.00,0.00,1.00,7011.00,0.00,0.00,384.00,35812.10,0.00
8.54,0.00,0.00,1.00,7011.00,0.00,0.00,384.00,34196.04,0.00
8.55,0.00,0.00,1.00,7011.00,0.00,0.00,384.00,32720.69,0.00
8.56,0.00,0.00,1.00,7011.00,0.00,0.00,384.00,31373.82,0.00
8.56,0.00,0.00,1.00,7011.00,0.00,0.00,384.00,30144.22,0.00
8.57,0.00,0.00,1.00,7011.00,0.00,0.00,384.00,29021.69,0.00
8.58,0.00,0.00,1.00,7011.00,0.00,0.00,384.00,27996.91,0.00
8.58,0.00,0.00,1.00,7011.00,0.00,0.00,384.00,27061.36,0.00
8.59,0.00,0.00,1.00,7011.00,0.00,0.00,384.00,26207.28,0.00
8.60,0.00,0.00,1.00,7011.00,0.00,0.00,384.00,25427.57,0.00
8.60,0.00,0.00,1.00,7011.00,0.00,0.00,384.00,24715.75,0.00
8.61,0.00,0.00,1.00,7011.00,0.00,0.00,384.00,24065.91,0.00
8.62,0.00,0.00,1.00,7011.00,0.00,0.00,384.00,23472.66,0.00
8.62,0.00,0.00,1.00,7011.00,0.00,0.00,384.00,22931.07,0.00
8.63,0.00,0.00,1.00,7011.00,0.00,0.00,384.00,22436.63,0.00
8.64,0.00,0.00,1.00,7011.00,0.00,0.00,384.00,21985.25,0.00
8.65,0.00,0.00,1.00,7011.00,0.00,0.00,384.00,21573.17,0.00
8.65,0.00,0.00,0.00,7012.00,0.00,0.00,384.00,19694.67,0.00
8.66,0.00,0.00,0.00,7012.00,0.00,0.00,384.00,17979.73,0.00
8.67,0.00,0.00,0.00,7012.00,0.00,0.00,384.00,16414.13,0.00
8.67,0.00,0.00,0.00,7012.00,0.00,0.00,384.00,14984.85,0.00
8.68,0.00,0.00,0.00,7012.00,0.00,0.00,384.00,13680.03,0.00
8.69,0.00,0.00,0.00,7012.00,0.00,0.00,384.00,12488.82,0.00
8.69,0.00,0.00,0.00,7012.00,0.00,0.00,384.00,11401.35,0.00
8.70,0.00,0.00,0.00,7012.00,0.00,0.00,384.00,10408.56,0.00
8.71,0.00,0.00,0.00,7012.00,0.00,0.00,384.00,9502.22,0.00
8.72,0.00,0.00,0.00,7012.00,0.00,0.00,384.00,8674.81,0.00
8.72,0.00,0.00,0.00,7012.00,0.00,0.00,384.00,7919.44,0.00
8.73,0.00,0.00,0.00,7012.00,0.00,0.00,384.00,7229.85,0.00
8.74,0.00,0.00,0.00,7012.00,0.00,0.00,384.00,6600.30,0.00
8.74,0.00,0.00,0.00,7012.00,0.00,0.00,384.00,6025.57,0.00
8.75,0.00,0.00,0.00,7012.00,0.00,0.00,384.00,5500.89,0.00
8.76,0.00,0.00,0.00,7012.00,0.00,0.00,384.00,5021.89,0.00
8.76,0.00,0.00,0.00,7012.00,0.00,0.00,384.00,4584.61,0.00
8.77,0.00,0.00,0.00,7012.00,0.00,0.00,384.00,4185.40,0.00
8.78,0.00,0.00,0.00,7012.00,0.00,0.00,384.00,3820.95,0.00
8.78,0.00,0.00,0.00,7012.00,0.00,0.00,384.00,3488.23,0.00
8.79,0.00,0.00,0.00,7012.00,0.00,0.00,384.00,3184.49,0.00
8.80,0.00,0.00,0.00,7012.00,0.00,0.00,384.00,2907.20,0.00
8.81,0.00,0.00,0.00,7012.00,0.00,0.00,384.00,2654.05,0.00
8.81,0.00,0.00,0.00,7012.00,0.00,0.00,384.00,2422.95,0.00
8.82,0.00,0.00,0.00,7012.00,0.00,0.00,384.00,2211.97,0.00
8.83,0.00,0.00,0.00,7012.00,0.00,0.00,384.00,2019.36,0.00
8.83,0.00,0.00,0.00,7012.00,0.00,0.00,384.00,1843.52,0.00
8.84,0.00,0.00,0.00,7012.00,0.00,0.00,384.00,1682.99,0.00
8.85,0.00,0.00,0.00,7012.00,0.00,0.00,384.00,1536.44,0.00
8.85,0.00,0.00,0.00,7012.00,0.00,0.00,384.00,1402.66,0.00
8.86,0.00,0.00,0.00,7012.00,0.00,0.00,384.00,1280.52,0.00
8.87,0.00,0.00,0.00,7012.00,0.00,0.00,384.00,1169.02,0.00
8.88,0.00,0.00,0.00,7012.00,0.00,0.00,384.00,1067.22,0.00
8.88,0.00,0.00,0.00,7012.00,0.00,0.00,384.00,974.29,0.00
8.89,0.00,0.00,0.00,7012.00,0.00,0.00,384.00,889.46,0.00
8.90,0.00,0.00,0.00,7012.00,0.00,0.00,384.00,812.01,0.00
8.90,0.00,0.00,0.00,7012.00,0.00,0.00,384.00,741.30,0.00
8.91,0.00,0.00,0.00,7012.00,0.00,0.00,384.00,676.75,0.00
8.92,0.00,0.00,0.00,7012.00,0.00,0.00,384.00,617.82,0.00
8.92,0.00,0.00,0.00,7012.00,0.00,0.00,384.00,564.02,0.00
8.93,0.00,0.00,0.00,7012.00,0.00,0.00,384.00,514.91,0.00
8.94,0.00,0.00,0.00,7012.00,0.00,0.00,384.00,470.07,0.00
8.94,0.00,0.00,0.00,7012.00,0.00,0.00,384.00,429.14,0.00
8.95,0.00,0.00,0.00,7012.00,0.00,0.00,384.00,391.77,0.00
8.96,0.00,0.00,0.00,7012.00,0.00,0.00,384.00,357.66,0.00
8.97,0.00,0.00,0.00,7012.00,0.00,0.00,384.00,326.52,0.00
8.97,0.00,0.00,0.00,7012.00,0.00,0.00,384.00,298.08,0.00
8.98,0.00,0.00,0.00,7012.00,0.00,0.00,384.00,272.13,0.00
8.99,0.00,0.00,0.00,7012.00,0.00,0.00,384.00,248.43,0.00
8.99,0.00,0.00,0.00,7012.00,0.00,0.00,384.00,226.80,0.00
9.00,0.00,0.00,0.00,7012.00,0.00,0.00,384.00,207.05,0.00
9.01,0.00,0.00,0.00,7012.00,0.00,0.00,384.00,189.02,0.00
9.01,0.00,0.00,0.00,7012.00,0.00,0.00,384.00,172.56,0.00
9.02,0.00,0.00,0.00,7012.00,0.00,0.00,384.00,157.54,0.00
9.03,0.00,0.00,0.00,7012.00,0.00,0.00,384.00,143.82,0.00
9.03,0.00,0.00,0.00,7012.00,0.00,0.00,384.00,131.30,0.00
9.04,0.00,0.00,0.00,7012.00,0.00,0.00,384.00,119.86,0.00
9.05,0.00,0.00,0.00,7012.00,0.00,0.00,384.00,109.43,0.00
9.06,0.00,0.00,0.00,7012.00,0.00,0.00,384.00,99.90,0.00
9.06,0.00,0.00,0.00,7012.00,0.00,0.00,384.00,91.20,0.00
9.07,0.00,0.00,0.00,7012.00,0.00,0.00,384.00,83.26,0.00
9.08,0.00,0.00,0.00,7012.00,0.00,0.00,384.00,76.01,0.00
9.08,0.00,0.00,0.00,7012.00,0.00,0.00,384.00,69.39,0.00
9.09,0.00,0.00,0.00,7012.00,0.00,0.00,384.00,63.35,0.00
9.10,0.00,0.00,0.00,7012.00,0.00,0.00,384.00,57.83,0.00
9.10,0.00,0.00,0.00,7012.00,0.00,0.00,384.00,52.80,0.00
9.11,0.00,0.00,0.00,7012.00,0.00,0.00,384.00,48.20,0.00
9.12,0.00,0.00,0.00,7012.00,0.00,0.00,384.00,44.00,0.00
9.12,0.00,0.00,0.00,7012.00,0.00,0.00,384.00,40.17,0.00
9.13,0.00,0.00,0.00,7012.00,0.00,0.00,384.00,36.67,0.00
9.14,0.00,0.00,0.00,7012.00,0.00,0.00,384.00,33.48,0.00
9.15,0.00,0.00,0.00,7012.00,0.00,0.00,384.00,30.56,0.00
9.15,0.00,0.00,0.00,7012.00,0.00,0.00,384.00,27.90,0.00
9.16,0.00,0.00,0.00,7012.00,0.00,0.00,384.00,25.47,0.00
9.17,0.00,0.00,0.00,7012.00,0.00,0.00,384.00,23.25,0.00
9.17,0.00,0.00,0.00,7012.00,0.00,0.00,384.00,21.23,0.00
9.18,0.00,0.00,0.00,7012.00,0.00,0.00,384.00,19.38,0.00
9.19,0.00,0.00,0.00,7012.00,0.00,0.00,384.00,17.69,0.00
9.19,0.00,0.00,0.00,7012.00,0.00,0.00,384.00,16.15,0.00
9.20,0.00,0.00,0.00,7012.00,0.00,0.00,384.00,14.75,0.00
9.21,0.00,0.00,0.00,7012.00,0.00,0.00,384.00,13.46,0.00
9.22,0.00,0.00,0.00,7012.00,0.00,0.00,384.00,12.29,0.00
9.22,0.00,0.00,0.00,7012.00,0.00,0.00,384.00,11.22,0.00
9.23,0.00,0.00,0.00,7012.00,0.00,0.00,384.00,10.24,0.00
9.24,0.00,0.00,0.00,7012.00,0.00,0.00,384.00,9.35,0.00
9.24,0.00,0.00,0.00,7012.00,0.00,0.00,384.00,8.54,0.00
9.25,0.00,0.00,0.00,7012.00,0.00,0.00,384.00,7.79,0.00
9.26,0.00,0.00,0.00,7012.00,0.00,0.00,384.00,7.11,0.00
9.26,0.00,0.00,0.00,7012.00,0.00,0.00,384.00,6.50,0.00
9.27,0.00,0.00,0.00,7012.00,0.00,0.00,384.00,5.93,0.00
9.28,0.00,0.00,0.00,7012.00,0.00,0.00,384.00,5.41,0.00
9.28,0.00,0.00,0.00,7012.00,0.00,0.00,384.00,4.94,0.00
9.29,0.00,0.00,0.00,7012.00,0.00,0.00,384.00,4.51,0.00
9.30,0.00,0.00,0.00,7012.00,0.00,0.00,384.00,4.12,0.00
9.31,0.00,0.00,0.00,7012.00,0.00,0.00,384.00,3.76,0.00
9.31,0.00,0.00,0.00,7012.00,0.00,0.00,384.00,3.43,0.00
9.32,0.00,0.00,0.00,7012.00,0.00,0.00,384.00,3.13,0.00
9.33,0.00,0.00,0.00,7012.00,0.00,0.00,384.00,2.86,0.00
9.33,0.00,0.00,0.00,7012.00,0.00,0.00,384.00,2.61,0.00
9.34,0.00,0.00,0.00,7012.00,0.00,0.00,384.00,2.38,0.00
9.35,0.00,0.00,0.00,7012.00,0.00,0.00,384.00,2.18,0.00
9.35,0.00,0.00,0.00,7012.00,0.00,0.00,384.00,1.99,0.00
9.36,0.00,0.00,0.00,7012.00,0.00,0.00,384.00,1.81,0.00
9.37,0.00,0.00,0.00,7012.00,0.00,0.00,384.00,1.66,0.00
9.38,0.00,0.00,0.00,7012.00,0.00,0.00,384.00,1.51,0.00
9.38,0.00,0.00,0.00,7012.00,0.00,0.00,384.00,1.38,0.00
9.39,0.00,0.00,0.00,7012.00,0.00,0.00,384.00,1.26,0.00
9.40,0.00,0.00,0.00,7012.00,0.00,0.00,384.00,1.15,0.00
9.40,0.00,0.00,0.00,7012.00,0.00,0.00,384.00,1.05,0.00
9.41,0.00,0.00,0.00,7012.00,0.00,0.00,384.00,0.96,0.00
9.42,0.00,0.00,0.00,7012.00,0.00,0.00,384.00,0.88,0.00
9.42,0.00,0.00,0.00,7012.00,0.00,0.00,384.00,0.80,0.00
9.43,0.00,0.00,0.00,7012.00,0.00,0.00,384.00,0.73,0.00
9.44,0.00,0.00,0.00,7012.00,0.00,0.00,384.00,0.67,0.00
9.44,0.00,0.00,0.00,7012.00,0.00,0.00,384.00,0.61,0.00
9.45,0.00,0.00,0.00,7012.00,0.00,0.00,384.00,0.56,0.00
9.46,0.00,0.00,0.00,7012.00,0.00,0.00,384.00,0.51,0.00
9.47,0.00,0.00,0.00,7012.00,0.00,0.00,384.00,0.46,0.00
9.47,0.00,0.00,0.00,7012.00,0.00,0.00,384.00,0.42,0.00
9.48,0.00,0.00,0.00,7012.00,0.00,0.00,384.00,0.39,0.00
9.49,0.00,0.00,0.00,7012.00,0.00,0.00,384.00,0.35,0.00
9.49,0.00,0.00,0.00,7012.00,0.00,0.00,384.00,0.32,0.00
9.50,0.00,0.00,0.00,7012.00,0.00,0.00,384.00,0.29,0.00
9.51,0.00,0.00,0.00,7012.00,0.00,0.00,384.00,0.27,0.00
9.51,0.00,0.00,0.00,7012.00,0.00,0.00,384.00,0.24,0.00
9.52,0.00,0.00,0.00,7012.00,0.00,0.00,384.00,0.22,0.00
9.53,0.00,0.00,0.00,7012.00,0.00,0.00,384.00,0.20,0.00
9.53,0.00,0.00,0.00,7012.00,0.00,0.00,384.00,0.19,0.00
9.54,0.00,0.00,0.00,7012.00,0.00,0.00,384.00,0.17,0.00
9.55,0.00,0.00,0.00,7012.00,0.00,0.00,384.00,0.16,0.00
9.56,0.00,0.00,0.00,7012.00,0.00,0.00,384.00,0.14,0.00
9.56,0.00,0.00,0.00,7012.00,0.00,0.00,384.00,0.13,0.00
9.57,0.00,0.00,0.00,7012.00,0.00,0.00,384.00,0.12,0.00
9.58,0.00,0.00,0.00,7012.00,0.00,0.00,384.00,0.11,0.00
9.58,0.00,0.00,0.00,7012.00,0.00,0.00,384.00,0.10,0.00
9.59,0.00,0.00,0.00,7012.00,0.00,0.00,384.00,0.09,0.00
9.60,0.00,0.00,0.00,7012.00,0.00,0.00,384.00,0.08,0.00
9.60,0.00,0.00,0.00,7012.00,0.00,0.00,384.00,0.07,0.00
9.61,0.00,0.00,0.00,7012.00,0.00,0.00,384.00,0.07,0.00
9.62,0.00,0.00,0.00,7012.00,0.00,0.00,384.00,0.06,0.00
9.62,0.00,0.00,0.00,7012.00,0.00,0.00,384.00,0.06,0.00
9.63,0.00,0.00,0.00,7012.00,0.00,0.00,384.00,0.05,0.00
9.64,0.00,0.00,0.00,7012.00,0.00,0.00,384.00,0.05,0.00
9.65,0.00,0.00,0.00,7012.00,0.00,0.00,384.00,0.04,0.00
9.65,0.00,0.00,0.00,7012.00,0.00,0.00,384.00,0.04,0.00
9.66,0.00,0.00,0.00,7012.00,0.00,0.00,384.00,0.04,0.00
9.67,0.00,0.00,0.00,7012.00,0.00,0.00,384.00,0.03,0.00
9.67,0.00,0.00,0.00,7012.00,0.00,0.00,384.00,0.03,0.00
9.68,0.00,0.00,0.00,7012.00,0.00,0.00,384.00,0.03,0.00
9.69,0.00,0.00,0.00,7012.00,0.00,0.00,384.00,0.03,0.00
9.69,0.00,0.00,0.00,7012.00,0.00,0.00,384.00,0.02,0.00
9.70,0.00,0.00,0.00,7012.00,0.00,0.00,384.00,0.02,0.00
9.71,0.00,0.00,0.00,7012.00,0.00,0.00,384.00,0.02,0.00
9.72,0.00,0.00,0.00,7012.00,0.00,0.00,384.00,0.02,0.00
9.72,0.00,0.00,0.00,7012.00,0.00,0.00,384.00,0.02,0.00
9.73,0.00,0.00,0.00,7012.00,0.00,0.00,384.00,0.01,0.00
9.74,0.00,0.00,0.00,7012.00,0.00,0.00,384.00,0.01,0.00
9.74,0.00,0.00,0.00,7012.00,0.00,0.00,384.00,0.01,0.00
9.75,0.00,0.00,0.00,7012.00,0.00,0.00,384.00,0.01,0.00
9.76,0.00,0.00,0.00,7012.00,0.00,0.00,384.00,0.01,0.00
9.76,0.00,0.00,0.00,7012.00,0.00,0.00,384.00,0.01,0.00
9.77,0.00,0.00,0.00,7012.00,0.00,0.00,384.00,0.01,0.00
9.78,0.00,0.00,0.00,7012.00,0.00,0.00,384.00,0.01,0.00
9.78,0.00,0.00,0.00,7012.00,0.00,0.00,384.00,0.01,0.00
9.79,0.00,0.00,0.00,7012.00,0.00,0.00,384.00,0.01,0.00
9.80,0.00,0.00,0.00,7012.00,0.00,0.00,384.00,0.01,0.00
9.81,0.00,0.00,0.00,7012.00,0.00,0.00,384.00,0.01,0.00
9.81,0.00,0.00,0.00,7012.00,0.00,0.00,384.00,0.00,0.00
9.82,0.00,0.00,0.00,7012.00,0.00,0.00,384.00,0.00,0.00
9.83,0.00,0.00,0.00,7012.00,0.00,0.00,384.00,0.00,0.00
9.83,0.00,0.00,0.00,7012.00,0.00,0.00,384.00,0.00,0.00
9.84,0.00,0.00,0.00,7012.00,0.00,0.00,384.00,0.00,0.00
9.85,0.00,0.00,0.00,7012.00,0.00,0.00,384.00,0.00,0.00
9.85,0.00,0.00,0.00,7012.00,0.00,0.00,384.00,0.00,0.00
9.86,0.00,0.00,0.00,7012.00,0.00,0.00,384.00,0.00,0.00
9.87,0.00,0.00,0.00,7012.00,0.00,0.00,384.00,0.00,0.00
9.88,0.00,0.00,0.00,7012.00,0.00,0.00,384.00,0.00,0.00
9.88,0.00,0.00,0.00,7012.00,0.00,0.00,384.00,0.00,0.00
9.89,0.00,0.00,0.00,7012.00,0.00,0.00,384.00,0.00,0.00
9.90,0.00,0.00,0.00,7012.00,0.00,0.00,384.00,0.00,0.00
9.90,0.00,0.00,0.00,7012.00,0.00,0.00,384.00,0.00,0.00
9.91,0.00,0.00,0.00,7012.00,0.00,0.00,384.00,0.00,0.00
9.92,0.00,0.00,0.00,7012.00,0.00,0.00,384.00,0.00,0.00
9.92,0.00,0.00,0.00,7012.00,0.00,0.00,384.00,0.00,0.00
9.93,0.00,0.00,0.00,7012.00,0.00,0.00,384.00,0.00,0.00
9.94,0.00,0.00,0.00,7012.00,0.00,0.00,384.00,0.00,0.00
9.94,0.00,0.00,0.00,7012.00,0.00,0.00,384.00,0.00,0.00
9.95,0.00,0.00,0.00,7012.00,0.00,0.00,384.00,0.00,0.00
9.96,0.00,0.00,0.00,7012.00,0.00,0.00,384.00,0.00,0.00
9.97,0.00,0.00,0.00,7012.00,0.00,0.00,384.00,0.00,0.00
9.97,0.00,0.00,0.00,7012.00,0.00,0.00,384.00,0.00,0.00
9.98,0.00,0.00,0.00,7012.00,0.00,0.00,384.00,0.00,0.00
9.99,0.00,0.00,0.00,7012.00,0.00,0.00,384.00,0.00,0.00
9.99,0.00,0.00,0.00,7012.00,0.00,0.00,384.00,0.00,0.00
