Time,U,AI1,AI2,AD,BI2,BI2,BD,VA,VB
0.00,7395.00,1.00,0.00,0.00,0.00,0.00,0.00,75.00,75.00
0.01,7391.00,5.00,0.00,0.00,0.00,0.00,0.00,68.52,68.47
0.01,7390.00,6.00,0.00,0.00,0.00,0.00,0.00,62.61,62.51
0.02,7388.00,8.00,0.00,0.00,0.00,0.00,0.00,57.20,57.06
0.03,7387.00,8.00,0.00,0.00,1.00,0.00,0.00,52.26,52.10
0.03,7387.00,8.00,0.00,0.00,1.00,0.00,0.00,47.75,47.56
0.04,7387.00,8.00,0.00,0.00,1.00,0.00,0.00,43.63,43.42
0.05,7386.00,8.00,0.00,0.00,2.00,0.00,0.00,39.86,39.64
0.06,7384.00,9.00,0.00,0.00,3.00,0.00,0.00,36.42,36.19
0.06,7382.00,11.00,0.00,0.00,3.00,0.00,0.00,33.28,33.03
0.07,7382.00,11.00,0.00,0.00,3.00,0.00,0.00,30.40,30.16
0.08,7382.00,11.00,0.00,0.00,3.00,0.00,0.00,27.78,27.53
0.08,7382.00,11.00,0.00,0.00,3.00,0.00,0.00,25.38,25.13
0.09,7381.00,12.00,0.00,0.00,3.00,0.00,0.00,23.19,22.95
0.10,7381.00,11.00,1.00,0.00,3.00,0.00,0.00,36.21,20.95
0.10,7381.00,11.00,1.00,0.00,3.00,0.00,0.00,48.11,19.12
0.11,7380.00,11.00,1.00,0.00,4.00,0.00,0.00,58.98,17.46
0.12,7378.00,13.00,1.00,0.00,4.00,0.00,0.00,68.91,15.94
0.12,7376.00,14.00,1.00,0.00,5.00,0.00,0.00,77.98,14.55
0.13,7374.00,16.00,1.00,0.00,4.00,1.00,0.00,86.27,28.31
0.14,7374.00,15.00,2.00,0.00,4.00,1.00,0.00,108.87,40.87
0.15,7374.00,13.00,4.00,0.00,4.00,1.00,0.00,159.56,52.33
0.15,7371.00,15.00,3.00,1.00,5.00,1.00,0.00,190.86,62.80
0.16,7365.00,20.00,3.00,1.00,5.00,2.00,0.00,219.45,87.37
0.17,7359.00,26.00,3.00,1.00,4.00,3.00,0.00,245.57,124.84
0.17,7358.00,25.00,5.00,1.00,4.00,3.00,0.00,299.49,159.03
0.18,7353.00,28.00,6.00,1.00,5.00,3.00,0.00,363.77,190.26
0.19,7351.00,30.00,6.00,1.00,4.00,4.00,0.00,422.50,233.78
0.19,7342.00,36.00,7.00,1.00,6.00,4.00,0.00,491.19,273.52
0.20,7331.00,43.00,9.00,1.00,8.00,4.00,0.00,583.99,309.79
0.21,7327.00,43.00,12.00,1.00,9.00,4.00,0.00,713.85,342.91
0.22,7316.00,52.00,11.00,2.00,11.00,4.00,0.00,817.47,373.14
0.22,7301.00,63.00,11.00,2.00,14.00,5.00,0.00,912.15,415.77
0.23,7293.00,67.00,12.00,3.00,15.00,6.00,0.00,1013.68,469.70
0.24,7281.00,72.00,15.00,4.00,17.00,7.00,0.00,1151.51,533.96
0.24,7268.00,80.00,17.00,4.00,19.00,8.00,0.00,1307.49,607.65
0.25,7254.00,87.00,18.00,5.00,24.00,8.00,0.00,1465.02,674.93
0.26,7231.00,99.00,23.00,5.00,30.00,8.00,0.00,1684.07,736.34
0.26,7207.00,118.00,27.00,5.00,30.00,9.00,0.00,1944.31,807.43
0.27,7182.00,136.00,29.00,6.00,32.00,11.00,0.00,2212.12,902.38
0.28,7166.00,146.00,32.00,6.00,33.00,12.00,1.00,2501.87,1004.08
0.28,7126.00,174.00,38.00,6.00,35.00,16.00,1.00,2856.76,1157.02
0.29,7105.00,189.00,42.00,6.00,36.00,16.00,2.00,3241.09,1296.64
0.30,7063.00,218.00,46.00,8.00,42.00,17.00,2.00,3652.34,1439.13
0.31,7014.00,252.00,54.00,9.00,47.00,18.00,2.00,4148.26,1584.23
0.31,6965.00,287.00,62.00,11.00,51.00,18.00,2.00,4721.56,1716.70
0.32,6910.00,322.00,73.00,12.00,57.00,19.00,3.00,5410.62,1852.65
0.33,6859.00,353.00,84.00,13.00,61.00,22.00,4.00,6205.44,2021.84
0.33,6793.00,404.00,91.00,14.00,66.00,24.00,4.00,7036.80,2206.34
0.34,6714.00,470.00,93.00,18.00,72.00,25.00,4.00,7826.43,2389.80
0.35,6628.00,531.00,109.00,20.00,79.00,25.00,4.00,8788.26,2557.29
0.35,6515.00,622.00,120.00,22.00,86.00,25.00,6.00,9832.31,2710.19
0.36,6414.00,683.00,146.00,24.00,97.00,25.00,7.00,11176.82,2849.77
0.37,6304.00,771.00,159.00,28.00,100.00,27.00,7.00,12600.55,3007.25
0.38,6197.00,850.00,174.00,35.00,103.00,29.00,8.00,14126.72,3181.06
0.38,6086.00,931.00,196.00,38.00,105.00,32.00,8.00,15851.63,3384.81
0.39,5959.00,1024.00,215.00,44.00,113.00,30.00,11.00,17713.06,3540.77
0.40,5795.00,1145.00,241.00,50.00,120.00,34.00,11.00,19804.39,3743.24
0.40,5621.00,1272.00,281.00,51.00,121.00,38.00,12.00,22316.09,3988.17
0.41,5464.00,1388.00,312.00,54.00,122.00,44.00,12.00,25076.66,4301.91
0.42,5268.00,1530.00,354.00,58.00,122.00,51.00,13.00,28229.87,4693.50
0.42,5068.00,1677.00,389.00,61.00,136.00,50.00,15.00,31636.66,5035.96
0.43,4863.00,1826.00,429.00,67.00,141.00,55.00,15.00,35350.25,5423.72
0.44,4636.00,1983.00,488.00,70.00,144.00,58.00,17.00,39629.59,5822.79
0.44,4386.00,2156.00,544.00,80.00,149.00,63.00,18.00,44380.78,6262.22
0.45,4147.00,2321.00,607.00,83.00,151.00,66.00,21.00,49668.23,6708.46
0.46,3891.00,2506.00,667.00,88.00,152.00,71.00,21.00,55400.58,7190.95
0.47,3617.00,2717.00,716.00,93.00,154.00,76.00,23.00,61374.16,7706.55
0.47,3327.00,2928.00,778.00,102.00,158.00,77.00,26.00,67763.45,8192.28
0.48,3071.00,3093.00,855.00,113.00,160.00,78.00,26.00,74757.91,8650.73
0.49,2796.00,3256.00,951.00,119.00,164.00,84.00,26.00,82590.73,9159.40
0.49,2550.00,3405.00,1034.00,129.00,164.00,86.00,28.00,90994.22,9653.83
0.50,2243.00,3608.00,1118.00,138.00,170.00,89.00,30.00,99934.15,10150.27
0.51,1996.00,3755.00,1198.00,150.00,171.00,94.00,32.00,109304.10,10678.60
0.51,1697.00,3942.00,1293.00,159.00,176.00,95.00,34.00,119292.30,11175.94
0.52,1447.00,4062.00,1413.00,163.00,179.00,95.00,37.00,130220.95,11629.99
0.53,1201.00,4193.00,1516.00,167.00,182.00,98.00,39.00,141753.46,12089.56
0.53,1014.00,4260.00,1625.00,173.00,185.00,99.00,40.00,153927.84,12524.14
0.54,825.00,4326.00,1741.00,177.00,186.00,98.00,43.00,166793.84,12905.85
0.55,681.00,4334.00,1867.00,184.00,183.00,103.00,44.00,180441.97,13329.44
0.56,541.00,4345.00,1990.00,188.00,177.00,108.00,47.00,194759.65,13791.27
0.56,423.00,4348.00,2092.00,198.00,176.00,112.00,47.00,209373.57,14272.97
0.57,328.00,4312.00,2216.00,204.00,170.00,118.00,48.00,224588.68,14802.86
0.58,250.00,4265.00,2334.00,210.00,166.00,121.00,50.00,240262.93,15331.69
0.58,185.00,4214.00,2441.00,218.00,163.00,123.00,52.00,256191.43,15844.51
0.59,127.00,4168.00,2538.00,224.00,158.00,128.00,53.00,272201.99,16387.79
0.60,89.00,4095.00,2642.00,230.00,156.00,125.00,59.00,288392.69,16838.70
0.60,59.00,4013.00,2745.00,239.00,150.00,128.00,62.00,304732.97,17295.41
0.61,39.00,3916.00,2855.00,246.00,146.00,132.00,62.00,321315.05,17772.45
0.62,26.00,3813.00,2964.00,253.00,143.00,134.00,63.00,338103.06,18237.99
0.62,15.00,3717.00,3059.00,265.00,142.00,135.00,63.00,354868.87,18678.02
0.63,11.00,3604.00,3163.00,277.00,139.00,134.00,68.00,371749.63,19064.72
0.64,10.00,3483.00,3276.00,286.00,132.00,137.00,72.00,388870.61,19462.80
0.65,6.00,3391.00,3364.00,294.00,130.00,137.00,74.00,405835.49,19826.23
0.65,5.00,3296.00,3457.00,297.00,124.00,139.00,78.00,422732.87,20188.05
0.66,5.00,3197.00,3551.00,302.00,120.00,142.00,79.00,439583.60,20563.44
0.67,4.00,3106.00,3634.00,311.00,118.00,142.00,81.00,456226.46,20906.14
0.67,2.00,3027.00,3710.00,316.00,111.00,148.00,82.00,472574.22,21309.14
0.68,1.00,2956.00,3778.00,320.00,109.00,146.00,86.00,488532.18,21647.00
0.69,1.00,2864.00,3864.00,326.00,108.00,145.00,88.00,504404.41,21940.42
0.69,0.00,2792.00,3927.00,336.00,104.00,145.00,92.00,519852.77,22208.29
0.70,0.00,2737.00,3976.00,342.00,103.00,142.00,96.00,534703.55,22407.76
0.71,0.00,2654.00,4052.00,349.00,102.00,137.00,102.00,549413.95,22514.75
0.72,0.00,2577.00,4116.00,362.00,100.00,134.00,107.00,563815.81,22567.36
0.72,0.00,2504.00,4183.00,368.00,97.00,137.00,107.00,577980.84,22660.45
0.73,0.00,2432.00,4245.00,378.00,95.00,138.00,108.00,591854.38,22760.46
0.74,0.00,2363.00,4307.00,385.00,91.00,138.00,112.00,605461.58,22851.76
0.74,0.00,2291.00,4367.00,397.00,88.00,138.00,115.00,618795.41,22935.11
0.75,0.00,2223.00,4423.00,409.00,85.00,138.00,118.00,631819.36,23011.20
0.76,0.00,2166.00,4476.00,413.00,84.00,139.00,118.00,644515.12,23095.69
0.76,0.00,2111.00,4518.00,426.00,81.00,140.00,120.00,656745.77,23187.85
0.77,0.00,2047.00,4573.00,435.00,77.00,143.00,121.00,668746.77,23317.05
0.78,0.00,1988.00,4627.00,440.00,76.00,142.00,123.00,680522.91,23419.98
0.78,0.00,1933.00,4674.00,448.00,75.00,142.00,124.00,691988.45,23513.94
0.79,0.00,1861.00,4739.00,455.00,75.00,140.00,126.00,703440.63,23569.68
0.80,0.00,1811.00,4781.00,463.00,73.00,138.00,130.00,714535.06,23590.52
0.81,0.00,1760.00,4825.00,470.00,71.00,139.00,131.00,725332.68,23624.56
0.81,0.00,1720.00,4858.00,477.00,68.00,140.00,133.00,735693.86,23670.67
0.82,0.00,1673.00,4900.00,482.00,65.00,139.00,137.00,745791.48,23697.73
0.83,0.00,1620.00,4949.00,486.00,63.00,139.00,139.00,755753.47,23722.44
0.83,0.00,1574.00,4983.00,498.00,63.00,137.00,141.00,765366.18,23714.96
0.84,0.00,1533.00,5019.00,503.00,62.00,134.00,145.00,774689.81,23663.05
0.85,0.00,1496.00,5048.00,511.00,60.00,136.00,145.00,783644.17,23645.71
0.85,0.00,1452.00,5084.00,519.00,58.00,136.00,147.00,792366.29,23629.88
0.86,0.00,1407.00,5124.00,524.00,57.00,133.00,151.00,800936.32,23570.36
0.87,0.00,1363.00,5161.00,531.00,56.00,127.00,158.00,809322.31,23425.88
0.88,0.00,1312.00,5202.00,541.00,54.00,126.00,161.00,817600.25,23278.96
0.88,0.00,1278.00,5229.00,548.00,54.00,120.00,167.00,825569.14,23054.70
0.89,0.00,1235.00,5260.00,560.00,52.00,121.00,168.00,833315.77,22864.99
0.90,0.00,1204.00,5283.00,568.00,52.00,119.00,170.00,840739.12,22661.75
0.90,0.00,1162.00,5315.00,578.00,51.00,118.00,172.00,848002.33,22461.18
0.91,0.00,1129.00,5343.00,583.00,50.00,118.00,173.00,855059.11,22278.08
0.92,0.00,1093.00,5370.00,592.00,47.00,118.00,176.00,861912.28,22110.92
0.92,0.00,1055.00,5401.00,599.00,43.00,119.00,179.00,868639.50,21973.34
0.93,0.00,1017.00,5431.00,607.00,40.00,118.00,183.00,875236.62,21832.72
0.94,0.00,978.00,5462.00,615.00,39.00,117.00,185.00,881729.90,21689.32
0.94,0.00,953.00,5476.00,626.00,37.00,119.00,185.00,887872.91,21588.45
0.95,0.00,918.00,5505.00,632.00,37.00,118.00,186.00,893921.24,21481.34
0.96,0.00,902.00,5508.00,645.00,35.00,117.00,189.00,899492.46,21368.54
0.97,0.00,874.00,5531.00,650.00,34.00,116.00,191.00,904928.22,21250.53
0.97,0.00,855.00,5545.00,655.00,33.00,117.00,191.00,910105.02,21157.83
0.98,0.00,838.00,5551.00,666.00,32.00,117.00,192.00,914925.01,21073.19
0.99,0.00,810.00,5569.00,676.00,32.00,116.00,193.00,919599.29,20980.90
0.99,0.00,790.00,5580.00,685.00,31.00,114.00,196.00,924035.26,20866.61
1.00,0.00,768.00,5596.00,691.00,30.00,113.00,198.00,928328.63,20747.24
1.01,0.00,751.00,5608.00,696.00,29.00,110.00,202.00,932431.61,20593.19
1.01,0.00,732.00,5622.00,701.00,29.00,108.00,204.00,936390.69,20422.52
1.02,0.00,707.00,5642.00,706.00,28.00,107.00,206.00,940308.42,20251.68
1.03,0.00,693.00,5649.00,713.00,26.00,105.00,210.00,943993.09,20065.67
1.03,0.00,675.00,5655.00,725.00,26.00,103.00,212.00,947449.77,19865.82
1.04,0.00,660.00,5665.00,730.00,25.00,104.00,212.00,950758.26,19698.38
1.05,0.00,645.00,5670.00,740.00,25.00,103.00,213.00,953856.23,19530.51
1.06,0.00,625.00,5682.00,748.00,24.00,99.00,218.00,956867.01,19317.16
1.06,0.00,605.00,5692.00,758.00,24.00,96.00,221.00,959768.09,19077.32
1.07,0.00,590.00,5706.00,759.00,24.00,95.00,222.00,962629.04,18843.34
1.08,0.00,573.00,5711.00,771.00,24.00,95.00,222.00,965318.10,18629.73
1.08,0.00,558.00,5715.00,782.00,24.00,93.00,224.00,967835.09,18404.68
1.09,0.00,543.00,5725.00,787.00,23.00,91.00,227.00,970285.00,18169.18
1.10,0.00,527.00,5736.00,792.00,21.00,92.00,228.00,972688.67,17969.20
1.10,0.00,510.00,5741.00,804.00,19.00,94.00,228.00,974959.93,17816.69
1.11,0.00,492.00,5743.00,820.00,19.00,93.00,229.00,977065.14,17662.43
1.12,0.00,481.00,5744.00,830.00,19.00,90.00,232.00,979003.64,17476.54
1.12,0.00,471.00,5748.00,836.00,19.00,90.00,232.00,980834.86,17306.83
1.13,0.00,464.00,5748.00,843.00,17.00,89.00,235.00,982507.99,17136.88
1.14,0.00,456.00,5751.00,848.00,17.00,87.00,237.00,984081.73,16951.68
1.15,0.00,444.00,5759.00,852.00,17.00,86.00,238.00,985639.79,16767.59
1.15,0.00,429.00,5768.00,858.00,17.00,84.00,240.00,987198.54,16569.47
1.16,0.00,410.00,5776.00,869.00,16.00,85.00,240.00,988742.91,16403.63
1.17,0.00,401.00,5777.00,877.00,16.00,83.00,242.00,990168.97,16222.19
1.17,0.00,390.00,5783.00,882.00,16.00,82.00,243.00,991562.05,16041.52
1.18,0.00,382.00,5784.00,889.00,16.00,82.00,243.00,992849.88,15876.59
1.19,0.00,368.00,5788.00,899.00,16.00,82.00,243.00,994086.62,15726.01
1.19,0.00,362.00,5790.00,903.00,16.00,81.00,244.00,995246.62,15573.53
1.20,0.00,346.00,5798.00,911.00,15.00,79.00,247.00,996426.66,15404.27
1.21,0.00,334.00,5801.00,920.00,14.00,77.00,250.00,997549.90,15219.71
1.22,0.00,322.00,5804.00,929.00,14.00,74.00,253.00,998621.23,15006.15
1.22,0.00,310.00,5809.00,936.00,14.00,74.00,253.00,999675.19,14811.18
1.23,0.00,300.00,5813.00,942.00,14.00,73.00,254.00,1000698.24,14618.17
1.24,0.00,293.00,5806.00,956.00,13.00,73.00,255.00,1001527.82,14441.97
1.24,0.00,284.00,5807.00,964.00,13.00,73.00,255.00,1002300.79,14281.11
1.25,0.00,281.00,5802.00,972.00,11.00,74.00,256.00,1002931.91,14149.28
1.26,0.00,269.00,5804.00,982.00,10.00,73.00,258.00,1003538.59,14013.90
1.26,0.00,262.00,5799.00,994.00,9.00,73.00,259.00,1004017.78,13890.31
1.27,0.00,250.00,5805.00,1000.00,9.00,72.00,260.00,1004545.74,13762.47
1.28,0.00,239.00,5809.00,1007.00,9.00,67.00,265.00,1005088.20,13570.63
1.28,0.00,235.00,5805.00,1015.00,8.00,68.00,265.00,1005523.75,13410.53
1.29,0.00,226.00,5802.00,1027.00,8.00,67.00,266.00,1005876.62,13249.34
1.30,0.00,220.00,5800.00,1035.00,6.00,68.00,267.00,1006168.98,13117.22
1.31,0.00,212.00,5799.00,1044.00,6.00,67.00,268.00,1006421.08,12981.57
1.31,0.00,203.00,5805.00,1047.00,6.00,67.00,268.00,1006741.55,12857.74
1.32,0.00,200.00,5798.00,1057.00,6.00,67.00,268.00,1006929.19,12744.68
1.33,0.00,193.00,5797.00,1065.00,5.00,67.00,269.00,1007085.61,12641.48
1.33,0.00,185.00,5797.00,1073.00,5.00,65.00,271.00,1007228.53,12517.21
1.34,0.00,178.00,5801.00,1076.00,4.00,66.00,271.00,1007419.20,12418.79
1.35,0.00,173.00,5800.00,1082.00,4.00,65.00,272.00,1007578.39,12313.91
1.35,0.00,166.00,5798.00,1091.00,4.00,63.00,274.00,1007693.78,12188.12
1.36,0.00,163.00,5793.00,1099.00,3.00,62.00,276.00,1007724.10,12058.26
1.37,0.00,154.00,5794.00,1107.00,3.00,60.00,278.00,1007766.82,11909.66
1.38,0.00,152.00,5784.00,1119.00,3.00,60.00,278.00,1007655.62,11774.01
1.38,0.00,146.00,5784.00,1125.00,2.00,59.00,280.00,1007554.03,11635.14
1.39,0.00,139.00,5788.00,1128.00,2.00,58.00,281.00,1007521.30,11493.34
1.40,0.00,135.00,5786.00,1134.00,2.00,58.00,281.00,1007461.35,11363.88
1.40,0.00,128.00,5783.00,1144.00,2.00,57.00,282.00,1007361.50,11230.68
1.41,0.00,124.00,5780.00,1151.00,2.00,56.00,283.00,1007225.21,11094.05
1.42,0.00,121.00,5776.00,1158.00,2.00,55.00,284.00,1007040.58,10954.30
1.42,0.00,118.00,5771.00,1166.00,2.00,54.00,285.00,1006796.78,10811.69
1.43,0.00,113.00,5770.00,1172.00,2.00,52.00,287.00,1006559.02,10651.45
1.44,0.00,106.00,5761.00,1188.00,2.00,51.00,288.00,1006206.56,10490.15
1.44,0.00,106.00,5753.00,1196.00,2.00,50.00,289.00,1005764.35,10327.86
1.45,0.00,103.00,5746.00,1206.00,2.00,47.00,292.00,1005255.16,10134.64
1.46,0.00,99.00,5743.00,1213.00,2.00,47.00,292.00,1004744.85,9958.24
1.47,0.00,96.00,5739.00,1220.00,2.00,44.00,295.00,1004218.52,9752.13
1.47,0.00,93.00,5737.00,1225.00,2.00,43.00,296.00,1003707.57,9548.95
1.48,0.00,91.00,5734.00,1230.00,2.00,42.00,297.00,1003195.67,9348.44
1.49,0.00,86.00,5736.00,1233.00,2.00,41.00,298.00,1002758.01,9150.36
1.49,0.00,83.00,5730.00,1242.00,2.00,41.00,298.00,1002268.00,8969.53
1.50,0.00,83.00,5720.00,1252.00,2.00,41.00,298.00,1001670.06,8804.45
1.51,0.00,80.00,5708.00,1267.00,2.00,40.00,299.00,1000943.46,8638.72
1.51,0.00,77.00,5706.00,1272.00,2.00,38.00,301.00,1000249.55,8457.37
1.52,0.00,75.00,5701.00,1279.00,2.00,37.00,302.00,999540.42,8276.79
1.53,0.00,74.00,5695.00,1286.00,2.00,37.00,302.00,998802.39,8111.94
1.53,0.00,71.00,5690.00,1294.00,2.00,37.00,302.00,998052.95,7961.44
1.54,0.00,63.00,5689.00,1303.00,2.00,36.00,303.00,997353.20,7809.02
1.55,0.00,59.00,5680.00,1316.00,1.00,37.00,303.00,996578.65,7684.90
1.56,0.00,55.00,5677.00,1323.00,1.00,35.00,305.00,995825.90,7541.54
1.56,0.00,52.00,5672.00,1331.00,1.00,34.00,306.00,995063.02,7395.63
1.57,0.00,49.00,5668.00,1338.00,1.00,32.00,308.00,994305.91,7232.39
1.58,0.00,47.00,5654.00,1354.00,1.00,30.00,310.00,993403.84,7053.32
1.58,0.00,45.00,5650.00,1360.00,1.00,30.00,310.00,992519.56,6889.84
1.59,0.00,44.00,5642.00,1369.00,1.00,30.00,310.00,991591.44,6740.59
1.60,0.00,44.00,5633.00,1378.00,1.00,29.00,311.00,990608.23,6589.32
1.60,0.00,42.00,5625.00,1388.00,1.00,29.00,311.00,989589.73,6451.22
1.61,0.00,41.00,5617.00,1397.00,1.00,29.00,311.00,988538.98,6325.14
1.62,0.00,40.00,5611.00,1404.00,1.00,28.00,312.00,987488.80,6195.02
1.62,0.00,39.00,5604.00,1412.00,1.00,28.00,312.00,986424.13,6076.23
1.63,0.00,39.00,5597.00,1419.00,1.00,28.00,312.00,985346.21,5967.78
1.64,0.00,36.00,5593.00,1426.00,1.00,27.00,313.00,984301.26,5853.76
1.65,0.00,36.00,5584.00,1435.00,1.00,25.00,315.00,983211.31,5719.61
1.65,0.00,36.00,5574.00,1445.00,1.00,25.00,315.00,982065.24,5597.15
1.66,0.00,36.00,5566.00,1453.00,1.00,25.00,315.00,980897.93,5485.35
1.67,0.00,36.00,5560.00,1459.00,1.00,25.00,315.00,979741.25,5383.29
1.67,0.00,36.00,5547.00,1472.00,1.00,25.00,315.00,978489.14,5290.11
1.68,0.00,35.00,5539.00,1481.00,1.00,25.00,315.00,977224.94,5205.04
1.69,0.00,33.00,5536.00,1486.00,1.00,25.00,315.00,976024.81,5127.39
1.69,0.00,32.00,5527.00,1496.00,1.00,25.00,315.00,974793.09,5056.49
1.70,0.00,32.00,5524.00,1499.00,1.00,25.00,315.00,973622.63,4991.77
1.71,0.00,32.00,5518.00,1505.00,1.00,25.00,315.00,972463.10,4932.69
1.72,0.00,31.00,5513.00,1511.00,1.00,25.00,315.00,971328.55,4878.75
1.72,0.00,30.00,5511.00,1514.00,1.00,24.00,316.00,970261.92,4814.48
1.73,0.00,29.00,5504.00,1522.00,1.00,21.00,319.00,969182.20,4710.74
1.74,0.00,29.00,5494.00,1532.00,1.00,19.00,321.00,968045.48,4585.99
1.74,0.00,29.00,5487.00,1539.00,1.00,19.00,321.00,966901.72,4472.10
1.75,0.00,27.00,5478.00,1550.00,1.00,18.00,322.00,965721.50,4353.10
1.76,0.00,27.00,5474.00,1554.00,1.00,18.00,322.00,964583.09,4244.47
1.76,0.00,26.00,5469.00,1560.00,1.00,18.00,322.00,963467.84,4145.29
1.77,0.00,26.00,5463.00,1566.00,1.00,17.00,323.00,962358.73,4039.73
1.78,0.00,25.00,5455.00,1575.00,1.00,17.00,323.00,961225.20,3943.36
1.78,0.00,25.00,5449.00,1581.00,1.00,17.00,323.00,960099.40,3855.38
1.79,0.00,25.00,5442.00,1588.00,1.00,17.00,323.00,958965.63,3775.06
1.80,0.00,25.00,5436.00,1594.00,1.00,17.00,323.00,957839.61,3701.74
1.81,0.00,25.00,5427.00,1603.00,1.00,16.00,324.00,956675.58,3619.77
1.81,0.00,21.00,5422.00,1612.00,1.00,15.00,325.00,955536.94,3529.93
1.82,0.00,21.00,5417.00,1617.00,1.00,14.00,326.00,954421.48,3432.88
1.83,0.00,21.00,5403.00,1631.00,1.00,13.00,327.00,953192.00,3329.26
1.83,0.00,21.00,5396.00,1638.00,1.00,13.00,327.00,951963.52,3234.66
1.84,0.00,21.00,5389.00,1645.00,1.00,13.00,327.00,950735.92,3148.30
1.85,0.00,20.00,5383.00,1652.00,1.00,13.00,327.00,949524.17,3069.46
1.85,0.00,18.00,5378.00,1659.00,1.00,13.00,327.00,948341.93,2997.48
1.86,0.00,18.00,5372.00,1665.00,1.00,13.00,327.00,947171.61,2931.77
1.87,0.00,17.00,5364.00,1674.00,1.00,13.00,327.00,945982.14,2871.79
1.88,0.00,17.00,5352.00,1686.00,1.00,13.00,327.00,944715.09,2817.02
1.88,0.00,14.00,5345.00,1696.00,1.00,13.00,327.00,943452.27,2767.03
1.89,0.00,13.00,5338.00,1704.00,1.00,13.00,327.00,942193.31,2721.39
1.90,0.00,12.00,5327.00,1716.00,1.00,12.00,328.00,940877.79,2664.70
1.90,0.00,11.00,5325.00,1719.00,1.00,12.00,328.00,939645.80,2612.94
1.91,0.00,11.00,5316.00,1728.00,1.00,12.00,328.00,938384.97,2565.70
1.92,0.00,10.00,5307.00,1738.00,1.00,12.00,328.00,937097.78,2522.56
1.92,0.00,8.00,5303.00,1744.00,1.00,12.00,328.00,935861.62,2483.19
1.93,0.00,8.00,5296.00,1751.00,1.00,12.00,328.00,934627.02,2447.24
1.94,0.00,8.00,5290.00,1757.00,1.00,12.00,328.00,933408.87,2414.42
1.94,0.00,8.00,5281.00,1766.00,1.00,12.00,328.00,932160.68,2384.46
1.95,0.00,8.00,5277.00,1770.00,1.00,11.00,329.00,930960.17,2342.08
1.96,0.00,8.00,5274.00,1773.00,1.00,11.00,329.00,929818.23,2303.40
1.97,0.00,7.00,5269.00,1779.00,1.00,10.00,330.00,928699.76,2253.06
1.97,0.00,7.00,5266.00,1782.00,1.00,9.00,331.00,927632.78,2192.08
1.98,0.00,7.00,5259.00,1789.00,1.00,8.00,332.00,926552.76,2121.39
1.99,0.00,7.00,5248.00,1800.00,1.00,8.00,332.00,925400.74,2056.85
1.99,0.00,7.00,5238.00,1810.00,1.00,8.00,332.00,924197.93,1997.93
2.00,0.00,7.00,5231.00,1817.00,1.00,8.00,332.00,922993.81,1944.15
2.01,0.00,7.00,5226.00,1822.00,1.00,8.00,332.00,921818.53,1895.04
2.01,0.00,7.00,5219.00,1829.00,1.00,8.00,332.00,920639.56,1850.21
2.02,0.00,7.00,5211.00,1837.00,1.00,8.00,332.00,919442.18,1809.29
2.03,0.00,7.00,5204.00,1844.00,1.00,8.00,332.00,918243.02,1771.93
2.03,0.00,7.00,5201.00,1847.00,1.00,8.00,332.00,917102.32,1737.82
2.04,0.00,7.00,5194.00,1854.00,1.00,8.00,332.00,915954.94,1706.68
2.05,0.00,7.00,5189.00,1859.00,1.00,8.00,332.00,914831.50,1678.26
2.06,0.00,7.00,5180.00,1868.00,1.00,7.00,333.00,913669.84,1637.28
2.06,0.00,7.00,5174.00,1874.00,1.00,7.00,333.00,912518.33,1599.88
2.07,0.00,7.00,5168.00,1880.00,1.00,7.00,333.00,911376.10,1565.73
2.08,0.00,7.00,5161.00,1887.00,1.00,7.00,333.00,910227.32,1534.55
2.08,0.00,7.00,5152.00,1896.00,1.00,7.00,333.00,909042.51,1506.09
2.09,0.00,7.00,5143.00,1905.00,1.00,7.00,333.00,907824.79,1480.11
2.10,0.00,5.00,5136.00,1914.00,1.00,7.00,333.00,906607.03,1456.39
2.10,0.00,4.00,5131.00,1920.00,1.00,7.00,333.00,905419.29,1434.73
2.11,0.00,4.00,5119.00,1932.00,1.00,7.00,333.00,904153.82,1414.97
2.12,0.00,4.00,5109.00,1942.00,1.00,7.00,333.00,902847.38,1396.92
2.12,0.00,4.00,5100.00,1951.00,1.00,7.00,333.00,901518.51,1380.44
2.13,0.00,4.00,5091.00,1960.00,1.00,6.00,334.00,900169.17,1350.38
2.14,0.00,3.00,5079.00,1973.00,1.00,6.00,334.00,898756.04,1322.93
2.15,0.00,3.00,5068.00,1984.00,1.00,5.00,335.00,897299.65,1282.85
2.15,0.00,3.00,5062.00,1990.00,1.00,5.00,335.00,895878.86,1246.26
2.16,0.00,3.00,5054.00,1998.00,1.00,5.00,335.00,894460.56,1212.86
2.17,0.00,3.00,5046.00,2006.00,1.00,5.00,335.00,893044.52,1182.36
2.17,0.00,3.00,5040.00,2012.00,1.00,5.00,335.00,891660.59,1154.52
2.18,0.00,3.00,5028.00,2024.00,1.00,5.00,335.00,890215.87,1129.11
2.19,0.00,3.00,5018.00,2034.00,1.00,5.00,335.00,888745.64,1105.90
2.19,0.00,3.00,5013.00,2039.00,1.00,5.00,335.00,887327.22,1084.72
2.20,0.00,3.00,5003.00,2049.00,1.00,5.00,335.00,885881.03,1065.38
2.21,0.00,3.00,4997.00,2055.00,1.00,5.00,335.00,884469.57,1047.73
2.22,0.00,3.00,4993.00,2059.00,1.00,5.00,335.00,883119.86,1031.61
2.22,0.00,3.00,4983.00,2069.00,1.00,5.00,335.00,881736.46,1016.90
2.23,0.00,3.00,4977.00,2075.00,1.00,5.00,335.00,880382.34,1003.47
2.24,0.00,3.00,4965.00,2087.00,1.00,5.00,335.00,878964.85,991.21
2.24,0.00,2.00,4963.00,2090.00,0.00,6.00,335.00,877639.70,995.03
2.25,0.00,2.00,4957.00,2096.00,0.00,6.00,335.00,876338.82,998.53
2.26,0.00,2.00,4950.00,2103.00,0.00,6.00,335.00,875045.08,1001.72
2.26,0.00,2.00,4946.00,2107.00,0.00,6.00,335.00,873802.95,1004.63
2.27,0.00,2.00,4937.00,2116.00,0.00,6.00,335.00,872532.85,1007.29
2.28,0.00,2.00,4931.00,2122.00,0.00,6.00,335.00,871282.26,1009.72
2.28,0.00,2.00,4923.00,2130.00,0.00,6.00,335.00,870019.46,1011.94
2.29,0.00,2.00,4918.00,2135.00,0.00,6.00,335.00,868790.56,1013.96
2.30,0.00,2.00,4906.00,2147.00,0.00,6.00,335.00,867487.50,1015.81
2.31,0.00,2.00,4896.00,2157.00,0.00,6.00,335.00,866146.70,1017.49
2.31,0.00,2.00,4889.00,2164.00,0.00,6.00,335.00,864816.49,1019.03
2.32,0.00,2.00,4882.00,2171.00,0.00,6.00,335.00,863495.96,1020.44
2.33,0.00,2.00,4870.00,2183.00,0.00,6.00,335.00,862109.15,1021.72
2.33,0.00,2.00,4852.00,2201.00,0.00,5.00,336.00,860571.67,1007.87
2.34,0.00,2.00,4844.00,2209.00,0.00,5.00,336.00,859046.73,995.22
2.35,0.00,2.00,4835.00,2218.00,0.00,5.00,336.00,857518.24,983.68
2.35,0.00,2.00,4831.00,2222.00,0.00,5.00,336.00,856061.62,973.14
2.36,0.00,2.00,4821.00,2232.00,0.00,5.00,336.00,854580.52,963.52
2.37,0.00,2.00,4813.00,2240.00,0.00,5.00,336.00,853107.10,954.73
2.38,0.00,2.00,4804.00,2249.00,0.00,5.00,336.00,851625.69,946.72
2.38,0.00,2.00,4796.00,2257.00,0.00,5.00,336.00,850151.99,939.40
2.39,0.00,2.00,4788.00,2265.00,0.00,5.00,336.00,848685.33,932.71
2.40,0.00,2.00,4780.00,2273.00,0.00,4.00,337.00,847225.12,911.59
2.40,0.00,2.00,4774.00,2279.00,0.00,4.00,337.00,845800.83,892.30
2.41,0.00,2.00,4764.00,2289.00,0.00,3.00,338.00,844349.28,859.67
2.42,0.00,2.00,4760.00,2293.00,0.00,3.00,338.00,842962.95,829.89
2.42,0.00,2.00,4754.00,2299.00,0.00,3.00,338.00,841606.18,802.69
2.43,0.00,2.00,4746.00,2307.00,0.00,3.00,338.00,840246.35,777.87
2.44,0.00,2.00,4740.00,2313.00,0.00,3.00,338.00,838913.79,755.20
2.44,0.00,2.00,4730.00,2323.00,0.00,3.00,338.00,837546.03,734.51
2.45,0.00,2.00,4722.00,2331.00,0.00,3.00,338.00,836176.18,715.62
2.46,0.00,2.00,4714.00,2339.00,0.00,3.00,338.00,834804.41,698.38
2.47,0.00,2.00,4708.00,2345.00,0.00,3.00,338.00,833460.93,682.64
2.47,0.00,2.00,4702.00,2351.00,0.00,3.00,338.00,832143.30,668.26
2.48,0.00,2.00,4691.00,2362.00,0.00,3.00,338.00,830774.17,655.14
2.49,0.00,2.00,4677.00,2376.00,0.00,3.00,338.00,829312.92,643.17
2.49,0.00,2.00,4667.00,2386.00,0.00,3.00,338.00,827827.60,632.23
2.50,0.00,2.00,4660.00,2393.00,0.00,3.00,338.00,826365.35,622.25
2.51,0.00,2.00,4650.00,2403.00,0.00,3.00,338.00,824879.11,613.13
2.51,0.00,2.00,4638.00,2415.00,0.00,3.00,338.00,823340.91,604.81
2.52,0.00,2.00,4628.00,2425.00,0.00,3.00,338.00,821785.28,597.22
2.53,0.00,2.00,4621.00,2432.00,0.00,2.00,339.00,820258.78,575.26
2.53,0.00,2.00,4613.00,2440.00,0.00,2.00,339.00,818743.89,555.22
2.54,0.00,2.00,4609.00,2444.00,0.00,2.00,339.00,817299.70,536.92
2.55,0.00,2.00,4596.00,2457.00,0.00,2.00,339.00,815784.89,520.21
2.56,0.00,2.00,4589.00,2464.00,0.00,2.00,339.00,814295.70,504.96
2.56,0.00,2.00,4581.00,2472.00,0.00,2.00,339.00,812814.89,491.04
2.57,0.00,2.00,4572.00,2481.00,0.00,2.00,339.00,811326.73,478.32
2.58,0.00,2.00,4568.00,2485.00,0.00,2.00,339.00,809906.95,466.72
2.58,0.00,2.00,4556.00,2497.00,0.00,2.00,339.00,808429.45,456.13
2.59,0.00,2.00,4553.00,2500.00,0.00,2.00,339.00,807034.46,446.45
2.60,0.00,2.00,4547.00,2506.00,0.00,2.00,339.00,805669.76,437.63
2.60,0.00,2.00,4537.00,2516.00,0.00,2.00,339.00,804272.65,429.56
2.61,0.00,0.00,4530.00,2525.00,0.00,2.00,339.00,802891.00,422.21
2.62,0.00,0.00,4523.00,2532.00,0.00,2.00,339.00,801523.48,415.49
2.62,0.00,0.00,4513.00,2542.00,0.00,2.00,339.00,800123.79,409.36
2.63,0.00,0.00,4508.00,2547.00,0.00,2.00,339.00,798769.81,403.76
2.64,0.00,0.00,4504.00,2551.00,0.00,2.00,339.00,797472.64,398.65
2.65,0.00,0.00,4494.00,2561.00,0.00,2.00,339.00,796137.23,393.98
2.65,0.00,0.00,4485.00,2570.00,0.00,2.00,339.00,794781.90,389.72
2.66,0.00,0.00,4474.00,2581.00,0.00,2.00,339.00,793378.34,385.83
2.67,0.00,0.00,4465.00,2590.00,0.00,2.00,339.00,791960.73,382.28
2.67,0.00,0.00,4460.00,2595.00,0.00,2.00,339.00,790590.40,379.04
2.68,0.00,0.00,4457.00,2598.00,0.00,2.00,339.00,789293.31,376.08
2.69,0.00,0.00,4451.00,2604.00,0.00,2.00,339.00,788018.06,373.38
2.69,0.00,0.00,4442.00,2613.00,0.00,2.00,339.00,786717.71,370.91
2.70,0.00,0.00,4430.00,2625.00,0.00,2.00,339.00,785349.33,368.66
2.71,0.00,0.00,4426.00,2629.00,0.00,2.00,339.00,784039.00,366.61
2.72,0.00,0.00,4418.00,2637.00,0.00,2.00,339.00,782721.61,364.73
2.72,0.00,0.00,4412.00,2643.00,0.00,2.00,339.00,781427.83,363.02
2.73,0.00,0.00,4409.00,2646.00,0.00,2.00,339.00,780200.67,361.45
2.74,0.00,0.00,4401.00,2654.00,0.00,2.00,339.00,778959.27,360.03
2.74,0.00,0.00,4394.00,2661.00,0.00,2.00,339.00,777719.87,358.72
2.75,0.00,0.00,4379.00,2676.00,0.00,2.00,339.00,776362.15,357.53
2.76,0.00,0.00,4370.00,2685.00,0.00,2.00,339.00,774986.43,356.45
2.76,0.00,0.00,4352.00,2703.00,0.00,2.00,339.00,773459.06,355.45
2.77,0.00,0.00,4342.00,2713.00,0.00,2.00,339.00,771913.33,354.55
2.78,0.00,0.00,4336.00,2719.00,0.00,2.00,339.00,770410.91,353.72
2.78,0.00,0.00,4329.00,2726.00,0.00,2.00,339.00,768933.04,352.97
2.79,0.00,0.00,4320.00,2735.00,0.00,2.00,339.00,767447.55,352.28
2.80,0.00,0.00,4317.00,2738.00,0.00,2.00,339.00,766045.24,351.65
2.81,0.00,0.00,4306.00,2749.00,0.00,2.00,339.00,764598.75,351.08
2.81,0.00,0.00,4292.00,2763.00,0.00,2.00,339.00,763066.81,350.55
2.82,0.00,0.00,4282.00,2773.00,0.00,2.00,339.00,761516.89,350.07
2.83,0.00,0.00,4274.00,2781.00,0.00,2.00,339.00,759980.60,349.64
2.83,0.00,0.00,4264.00,2791.00,0.00,2.00,339.00,758426.72,349.24
2.84,0.00,0.00,4255.00,2800.00,0.00,2.00,339.00,756871.79,348.87
2.85,0.00,0.00,4250.00,2805.00,0.00,2.00,339.00,755375.98,348.54
2.85,0.00,0.00,4246.00,2809.00,0.00,2.00,339.00,753949.21,348.24
2.86,0.00,0.00,4235.00,2820.00,0.00,2.00,339.00,752480.37,347.96
2.87,0.00,0.00,4227.00,2828.00,0.00,2.00,339.00,751018.16,347.71
2.88,0.00,0.00,4222.00,2833.00,0.00,2.00,339.00,749607.07,347.48
2.88,0.00,0.00,4216.00,2839.00,0.00,2.00,339.00,748227.67,347.27
2.89,0.00,0.00,4212.00,2843.00,0.00,2.00,339.00,746907.26,347.07
2.90,0.00,0.00,4202.00,2853.00,0.00,2.00,339.00,745550.62,346.90
2.90,0.00,0.00,4186.00,2869.00,0.00,2.00,339.00,744070.74,346.74
2.91,0.00,0.00,4179.00,2876.00,0.00,2.00,339.00,742613.46,346.59
2.92,0.00,0.00,4170.00,2885.00,0.00,1.00,340.00,741146.78,331.44
2.92,0.00,0.00,4165.00,2890.00,0.00,1.00,340.00,739731.61,317.60
2.93,0.00,0.00,4157.00,2898.00,0.00,1.00,340.00,738318.43,304.97
2.94,0.00,0.00,4150.00,2905.00,0.00,1.00,340.00,736922.10,293.43
2.94,0.00,0.00,4141.00,2914.00,0.00,1.00,340.00,735511.11,282.91
2.95,0.00,0.00,4134.00,2921.00,0.00,1.00,340.00,734116.78,273.30
2.96,0.00,0.00,4126.00,2929.00,0.00,1.00,340.00,732722.65,264.52
2.97,0.00,0.00,4120.00,2935.00,0.00,1.00,340.00,731358.74,256.51
2.97,0.00,0.00,4111.00,2944.00,0.00,1.00,340.00,729977.37,249.20
2.98,0.00,0.00,4104.00,2951.00,0.00,1.00,340.00,728610.09,242.52
2.99,0.00,0.00,4094.00,2961.00,0.00,1.00,340.00,727210.62,236.43
2.99,0.00,0.00,4088.00,2967.00,0.00,1.00,340.00,725841.84,230.86
3.00,0.00,0.00,4082.00,2973.00,0.00,1.00,340.00,724501.10,225.78
3.01,0.00,0.00,4071.00,2984.00,0.00,1.00,340.00,723110.85,221.15
3.01,0.00,0.00,4063.00,2992.00,0.00,1.00,340.00,721720.45,216.91
3.02,0.00,0.00,4056.00,2999.00,0.00,1.00,340.00,720344.92,213.05
3.03,0.00,0.00,4049.00,3006.00,0.00,1.00,340.00,718982.98,209.52
3.03,0.00,0.00,4043.00,3012.00,0.00,1.00,340.00,717648.49,206.30
3.04,0.00,0.00,4034.00,3021.00,0.00,1.00,340.00,716294.00,203.36
3.05,0.00,0.00,4025.00,3030.00,0.00,1.00,340.00,714921.25,200.67
3.06,0.00,0.00,4014.00,3041.00,0.00,1.00,340.00,713501.76,198.22
3.06,0.00,0.00,4006.00,3049.00,0.00,1.00,340.00,712084.63,195.99
3.07,0.00,0.00,4000.00,3055.00,0.00,1.00,340.00,710699.71,193.94
3.08,0.00,0.00,3994.00,3061.00,0.00,1.00,340.00,709344.21,192.08
3.08,0.00,0.00,3987.00,3068.00,0.00,1.00,340.00,708000.58,190.38
3.09,0.00,0.00,3978.00,3077.00,0.00,1.00,340.00,706637.74,188.82
3.10,0.00,0.00,3969.00,3086.00,0.00,1.00,340.00,705257.35,187.40
3.10,0.00,0.00,3965.00,3090.00,0.00,1.00,340.00,703936.05,186.11
3.11,0.00,0.00,3956.00,3099.00,0.00,1.00,340.00,702593.61,184.93
3.12,0.00,0.00,3948.00,3107.00,0.00,1.00,340.00,701246.89,183.85
3.12,0.00,0.00,3941.00,3114.00,0.00,1.00,340.00,699911.26,182.86
3.13,0.00,0.00,3933.00,3122.00,0.00,1.00,340.00,698570.77,181.96
3.14,0.00,0.00,3927.00,3128.00,0.00,1.00,340.00,697255.87,181.14
3.15,0.00,0.00,3917.00,3138.00,0.00,1.00,340.00,695904.27,180.39
3.15,0.00,0.00,3911.00,3144.00,0.00,1.00,340.00,694579.21,179.71
3.16,0.00,0.00,3902.00,3153.00,0.00,1.00,340.00,693233.35,179.08
3.17,0.00,0.00,3895.00,3160.00,0.00,1.00,340.00,691898.52,178.51
3.17,0.00,0.00,3886.00,3169.00,0.00,1.00,340.00,690543.72,177.99
3.18,0.00,0.00,3878.00,3177.00,0.00,1.00,340.00,689185.69,177.51
3.19,0.00,0.00,3872.00,3183.00,0.00,1.00,340.00,687854.77,177.08
3.19,0.00,0.00,3863.00,3192.00,0.00,1.00,340.00,686503.55,176.68
3.20,0.00,0.00,3857.00,3198.00,0.00,1.00,340.00,685178.85,176.32
3.21,0.00,0.00,3853.00,3202.00,0.00,1.00,340.00,683908.42,175.99
3.22,0.00,0.00,3843.00,3212.00,0.00,1.00,340.00,682597.44,175.69
3.22,0.00,0.00,3834.00,3221.00,0.00,1.00,340.00,681264.43,175.41
3.23,0.00,0.00,3827.00,3228.00,0.00,1.00,340.00,679941.35,175.16
3.24,0.00,0.00,3817.00,3238.00,0.00,1.00,340.00,678582.27,174.93
3.24,0.00,0.00,3803.00,3252.00,0.00,1.00,340.00,677130.20,174.72
3.25,0.00,0.00,3795.00,3260.00,0.00,1.00,340.00,675683.30,174.53
3.26,0.00,0.00,3792.00,3263.00,0.00,1.00,340.00,674316.26,174.36
3.26,0.00,0.00,3784.00,3271.00,0.00,1.00,340.00,672947.05,174.20
3.27,0.00,0.00,3780.00,3275.00,0.00,1.00,340.00,671635.96,174.05
3.28,0.00,0.00,3773.00,3282.00,0.00,1.00,340.00,670332.90,173.92
3.28,0.00,0.00,3765.00,3290.00,0.00,1.00,340.00,669022.16,173.80
3.29,0.00,0.00,3753.00,3302.00,0.00,1.00,340.00,667644.29,173.69
3.30,0.00,0.00,3746.00,3309.00,0.00,1.00,340.00,666280.22,173.59
3.31,0.00,0.00,3743.00,3312.00,0.00,1.00,340.00,664988.85,173.50
3.31,0.00,0.00,3735.00,3320.00,0.00,1.00,340.00,663688.79,173.41
3.32,0.00,0.00,3730.00,3325.00,0.00,1.00,340.00,662425.84,173.33
3.33,0.00,0.00,3724.00,3331.00,0.00,1.00,340.00,661181.80,173.26
3.33,0.00,0.00,3718.00,3337.00,0.00,1.00,340.00,659955.02,173.20
3.34,0.00,0.00,3714.00,3341.00,0.00,1.00,340.00,658774.07,173.14
3.35,0.00,0.00,3705.00,3350.00,0.00,1.00,340.00,657559.86,173.09
3.35,0.00,0.00,3700.00,3355.00,0.00,1.00,340.00,656375.37,173.04
3.36,0.00,0.00,3694.00,3361.00,0.00,1.00,340.00,655202.99,173.00
3.37,0.00,0.00,3681.00,3374.00,0.00,1.00,340.00,653936.53,172.95
3.38,0.00,0.00,3672.00,3383.00,0.00,1.00,340.00,652644.20,172.92
3.38,0.00,0.00,3666.00,3389.00,0.00,1.00,340.00,651373.31,172.88
3.39,0.00,0.00,3662.00,3393.00,0.00,1.00,340.00,650152.04,172.85
3.40,0.00,0.00,3655.00,3400.00,0.00,1.00,340.00,648931.05,172.82
3.40,0.00,0.00,3647.00,3408.00,0.00,1.00,340.00,647695.29,172.80
3.41,0.00,0.00,3638.00,3417.00,0.00,1.00,340.00,646431.01,172.78
3.42,0.00,0.00,3629.00,3426.00,0.00,1.00,340.00,645140.67,172.75
3.42,0.00,0.00,3616.00,3439.00,0.00,1.00,340.00,643766.44,172.73
3.43,0.00,0.00,3609.00,3446.00,0.00,1.00,340.00,642405.68,172.72
3.44,0.00,0.00,3606.00,3449.00,0.00,1.00,340.00,641117.33,172.70
3.44,0.00,0.00,3596.00,3459.00,0.00,1.00,340.00,639789.99,172.69
3.45,0.00,0.00,3591.00,3464.00,0.00,1.00,340.00,638502.11,172.67
3.46,0.00,0.00,3581.00,3474.00,0.00,1.00,340.00,637175.21,172.66
3.47,0.00,0.00,3569.00,3486.00,0.00,1.00,340.00,635782.57,172.65
3.47,0.00,0.00,3555.00,3500.00,0.00,1.00,340.00,634299.84,172.64
3.48,0.00,0.00,3551.00,3504.00,0.00,1.00,340.00,632885.04,172.63
3.49,0.00,0.00,3541.00,3514.00,0.00,1.00,340.00,631442.14,172.62
3.49,0.00,0.00,3533.00,3522.00,0.00,1.00,340.00,630003.64,172.61
3.50,0.00,0.00,3529.00,3526.00,0.00,1.00,340.00,628629.24,172.60
3.51,0.00,0.00,3518.00,3537.00,0.00,1.00,340.00,627208.23,172.60
3.51,0.00,0.00,3512.00,3543.00,0.00,1.00,340.00,625819.78,172.59
3.52,0.00,0.00,3502.00,3553.00,0.00,1.00,340.00,624400.96,172.59
3.53,0.00,0.00,3493.00,3562.00,0.00,1.00,340.00,622969.42,172.58
3.53,0.00,0.00,3484.00,3571.00,0.00,1.00,340.00,621526.28,172.58
3.54,0.00,0.00,3482.00,3573.00,0.00,1.00,340.00,620177.68,172.57
3.55,0.00,0.00,3475.00,3580.00,0.00,1.00,340.00,618840.35,172.57
3.56,0.00,0.00,3471.00,3584.00,0.00,1.00,340.00,617558.38,172.57
3.56,0.00,0.00,3459.00,3596.00,0.00,1.00,340.00,616206.81,172.56
3.57,0.00,0.00,3450.00,3605.00,0.00,1.00,340.00,614836.72,172.56
3.58,0.00,0.00,3443.00,3612.00,0.00,1.00,340.00,613479.76,172.56
3.58,0.00,0.00,3438.00,3617.00,0.00,1.00,340.00,612164.83,172.55
3.59,0.00,0.00,3431.00,3624.00,0.00,1.00,340.00,610858.27,172.55
3.60,0.00,0.00,3422.00,3633.00,0.00,1.00,340.00,609529.30,172.55
3.60,0.00,0.00,3415.00,3640.00,0.00,1.00,340.00,608209.90,172.55
3.61,0.00,0.00,3412.00,3643.00,0.00,1.00,340.00,606959.34,172.55
3.62,0.00,0.00,3404.00,3651.00,0.00,1.00,340.00,605696.56,172.54
3.62,0.00,0.00,3393.00,3662.00,0.00,1.00,340.00,604377.56,172.54
3.63,0.00,0.00,3390.00,3665.00,0.00,1.00,340.00,603127.36,172.54
3.64,0.00,0.00,3380.00,3675.00,0.00,1.00,340.00,601834.86,172.54
3.65,0.00,0.00,3369.00,3686.00,0.00,1.00,340.00,600488.70,172.54
3.65,0.00,0.00,3367.00,3688.00,0.00,1.00,340.00,599228.71,172.54
3.66,0.00,0.00,3361.00,3694.00,0.00,1.00,340.00,597987.37,172.54
3.67,0.00,0.00,3356.00,3699.00,0.00,1.00,340.00,596778.08,172.54
3.67,0.00,0.00,3347.00,3708.00,0.00,1.00,340.00,595537.98,172.54
3.68,0.00,0.00,3333.00,3722.00,0.00,1.00,340.00,594194.62,172.54
3.69,0.00,0.00,3328.00,3727.00,0.00,1.00,340.00,592892.13,172.54
3.69,0.00,0.00,3319.00,3736.00,0.00,1.00,340.00,591566.88,172.53
3.70,0.00,0.00,3309.00,3746.00,0.00,1.00,340.00,590205.82,172.53
3.71,0.00,0.00,3303.00,3752.00,0.00,1.00,340.00,588872.12,172.53
3.72,0.00,0.00,3289.00,3766.00,0.00,1.00,340.00,587443.24,172.53
3.72,0.00,0.00,3282.00,3773.00,0.00,1.00,340.00,586032.57,172.53
3.73,0.00,0.00,3276.00,3779.00,0.00,1.00,340.00,584653.54,172.53
3.74,0.00,0.00,3269.00,3786.00,0.00,1.00,340.00,583288.41,172.53
3.74,0.00,0.00,3265.00,3790.00,0.00,1.00,340.00,581981.05,172.53
3.75,0.00,0.00,3258.00,3797.00,0.00,1.00,340.00,580681.39,172.53
3.76,0.00,0.00,3248.00,3807.00,0.00,1.00,340.00,579343.70,172.53
3.76,0.00,0.00,3238.00,3817.00,0.00,1.00,340.00,577971.27,172.53
3.77,0.00,0.00,3229.00,3826.00,0.00,1.00,340.00,576582.13,172.53
3.78,0.00,0.00,3219.00,3836.00,0.00,0.00,341.00,575162.68,157.51
3.78,0.00,0.00,3214.00,3841.00,0.00,0.00,341.00,573790.67,143.79
3.79,0.00,0.00,3205.00,3850.00,0.00,0.00,341.00,572401.90,131.27
3.80,0.00,0.00,3197.00,3858.00,0.00,0.00,341.00,571012.85,119.84
3.81,0.00,0.00,3193.00,3862.00,0.00,0.00,341.00,569683.61,109.41
3.81,0.00,0.00,3191.00,3864.00,0.00,0.00,341.00,568439.10,99.88
3.82,0.00,0.00,3182.00,3873.00,0.00,0.00,341.00,567166.83,91.18
3.83,0.00,0.00,3176.00,3879.00,0.00,0.00,341.00,565914.26,83.24
3.83,0.00,0.00,3168.00,3887.00,0.00,0.00,341.00,564649.64,75.99
3.84,0.00,0.00,3162.00,3893.00,0.00,0.00,341.00,563404.06,69.38
3.85,0.00,0.00,3158.00,3897.00,0.00,0.00,341.00,562205.93,63.34
3.85,0.00,0.00,3153.00,3902.00,0.00,0.00,341.00,561036.13,57.82
3.86,0.00,0.00,3146.00,3909.00,0.00,0.00,341.00,559862.15,52.79
3.87,0.00,0.00,3137.00,3918.00,0.00,0.00,341.00,558654.32,48.19
3.88,0.00,0.00,3130.00,3925.00,0.00,0.00,341.00,557445.61,43.99
3.88,0.00,0.00,3125.00,3930.00,0.00,0.00,341.00,556266.14,40.16
3.89,0.00,0.00,3119.00,3936.00,0.00,0.00,341.00,555098.35,36.67
3.90,0.00,0.00,3109.00,3946.00,0.00,0.00,341.00,553881.16,33.47
3.90,0.00,0.00,3103.00,3952.00,0.00,0.00,341.00,552678.91,30.56
3.91,0.00,0.00,3097.00,3958.00,0.00,0.00,341.00,551490.31,27.90
3.92,0.00,0.00,3093.00,3962.00,0.00,0.00,341.00,550344.24,25.47
3.92,0.00,0.00,3084.00,3971.00,0.00,0.00,341.00,549161.91,23.25
3.93,0.00,0.00,3077.00,3978.00,0.00,0.00,341.00,547976.50,21.23
3.94,0.00,0.00,3071.00,3984.00,0.00,0.00,341.00,546803.28,19.38
3.94,0.00,0.00,3063.00,3992.00,0.00,0.00,341.00,545611.17,17.69
3.95,0.00,0.00,3059.00,3996.00,0.00,0.00,341.00,544461.89,16.15
3.96,0.00,0.00,3050.00,4005.00,0.00,0.00,341.00,543276.62,14.74
3.97,0.00,0.00,3037.00,4018.00,0.00,0.00,341.00,541998.39,13.46
3.97,0.00,0.00,3031.00,4024.00,0.00,0.00,341.00,540740.36,12.29
3.98,0.00,0.00,3022.00,4033.00,0.00,0.00,341.00,539455.75,11.22
3.99,0.00,0.00,3021.00,4034.00,0.00,0.00,341.00,538267.01,10.24
3.99,0.00,0.00,3019.00,4036.00,0.00,0.00,341.00,537150.86,9.35
4.00,0.00,0.00,3012.00,4043.00,0.00,0.00,341.00,536025.91,8.54
4.01,0.00,0.00,3001.00,4054.00,0.00,0.00,341.00,534832.82,7.79
4.01,0.00,0.00,2994.00,4061.00,0.00,0.00,341.00,533637.58,7.11
4.02,0.00,0.00,2987.00,4068.00,0.00,0.00,341.00,532440.36,6.49
4.03,0.00,0.00,2980.00,4075.00,0.00,0.00,341.00,531241.34,5.93
4.03,0.00,0.00,2975.00,4080.00,0.00,0.00,341.00,530070.73,5.41
4.04,0.00,0.00,2968.00,4087.00,0.00,0.00,341.00,528896.02,4.94
4.05,0.00,0.00,2962.00,4093.00,0.00,0.00,341.00,527732.58,4.51
4.06,0.00,0.00,2951.00,4104.00,0.00,0.00,341.00,526504.35,4.12
4.06,0.00,0.00,2944.00,4111.00,0.00,0.00,341.00,525276.98,3.76
4.07,0.00,0.00,2938.00,4117.00,0.00,0.00,341.00,524065.44,3.43
4.08,0.00,0.00,2934.00,4121.00,0.00,0.00,341.00,522898.41,3.13
4.08,0.00,0.00,2926.00,4129.00,0.00,0.00,341.00,521711.94,2.86
4.09,0.00,0.00,2921.00,4134.00,0.00,0.00,341.00,520552.80,2.61
4.10,0.00,0.00,2911.00,4144.00,0.00,0.00,341.00,519343.50,2.38
4.10,0.00,0.00,2906.00,4149.00,0.00,0.00,341.00,518163.49,2.18
4.11,0.00,0.00,2900.00,4155.00,0.00,0.00,341.00,516995.21,1.99
4.12,0.00,0.00,2896.00,4159.00,0.00,0.00,341.00,515867.70,1.81
4.12,0.00,0.00,2886.00,4169.00,0.00,0.00,341.00,514687.30,1.66
4.13,0.00,0.00,2875.00,4180.00,0.00,0.00,341.00,513443.56,1.51
4.14,0.00,0.00,2866.00,4189.00,0.00,0.00,341.00,512171.99,1.38
4.15,0.00,0.00,2861.00,4194.00,0.00,0.00,341.00,510935.08,1.26
4.15,0.00,0.00,2847.00,4208.00,0.00,0.00,341.00,509594.64,1.15
4.16,0.00,0.00,2833.00,4222.00,0.00,0.00,341.00,508159.60,1.05
4.17,0.00,0.00,2825.00,4230.00,0.00,0.00,341.00,506728.26,0.96
4.17,0.00,0.00,2817.00,4238.00,0.00,0.00,341.00,505300.32,0.88
4.18,0.00,0.00,2808.00,4247.00,0.00,0.00,341.00,503860.44,0.80
4.19,0.00,0.00,2804.00,4251.00,0.00,0.00,341.00,502484.79,0.73
4.19,0.00,0.00,2792.00,4263.00,0.00,0.00,341.00,501047.63,0.67
4.20,0.00,0.00,2784.00,4271.00,0.00,0.00,341.00,499614.35,0.61
4.21,0.00,0.00,2782.00,4273.00,0.00,0.00,341.00,498274.77,0.55
4.22,0.00,0.00,2773.00,4282.00,0.00,0.00,341.00,496915.64,0.51
4.22,0.00,0.00,2767.00,4288.00,0.00,0.00,341.00,495583.70,0.46
4.23,0.00,0.00,2759.00,4296.00,0.00,0.00,341.00,494246.57,0.42
4.24,0.00,0.00,2751.00,4304.00,0.00,0.00,341.00,492904.70,0.39
4.24,0.00,0.00,2744.00,4311.00,0.00,0.00,341.00,491573.51,0.35
4.25,0.00,0.00,2738.00,4317.00,0.00,0.00,341.00,490267.12,0.32
4.26,0.00,0.00,2733.00,4322.00,0.00,0.00,341.00,488998.39,0.29
4.26,0.00,0.00,2724.00,4331.00,0.00,0.00,341.00,487703.99,0.27
4.27,0.00,0.00,2712.00,4343.00,0.00,0.00,341.00,486341.07,0.24
4.28,0.00,0.00,2703.00,4352.00,0.00,0.00,341.00,484960.60,0.22
4.28,0.00,0.00,2700.00,4355.00,0.00,0.00,341.00,483654.25,0.20
4.29,0.00,0.00,2690.00,4365.00,0.00,0.00,341.00,482310.45,0.19
4.30,0.00,0.00,2687.00,4368.00,0.00,0.00,341.00,481037.59,0.17
4.31,0.00,0.00,2682.00,4373.00,0.00,0.00,341.00,479799.51,0.15
4.31,0.00,0.00,2676.00,4379.00,0.00,0.00,341.00,478578.18,0.14
4.32,0.00,0.00,2666.00,4389.00,0.00,0.00,341.00,477312.07,0.13
4.33,0.00,0.00,2662.00,4393.00,0.00,0.00,341.00,476095.17,0.12
4.33,0.00,0.00,2660.00,4395.00,0.00,0.00,341.00,474953.28,0.11
4.34,0.00,0.00,2649.00,4406.00,0.00,0.00,341.00,473744.72,0.10
4.35,0.00,0.00,2642.00,4413.00,0.00,0.00,341.00,472535.34,0.09
4.35,0.00,0.00,2634.00,4421.00,0.00,0.00,341.00,471310.19,0.08
4.36,0.00,0.00,2629.00,4426.00,0.00,0.00,341.00,470115.69,0.07
4.37,0.00,0.00,2622.00,4433.00,0.00,0.00,341.00,468919.16,0.07
4.38,0.00,0.00,2614.00,4441.00,0.00,0.00,341.00,467705.74,0.06
4.38,0.00,0.00,2603.00,4452.00,0.00,0.00,341.00,466431.83,0.06
4.39,0.00,0.00,2596.00,4459.00,0.00,0.00,341.00,465162.74,0.05
4.40,0.00,0.00,2593.00,4462.00,0.00,0.00,341.00,463958.15,0.05
4.40,0.00,0.00,2588.00,4467.00,0.00,0.00,341.00,462782.43,0.04
4.41,0.00,0.00,2579.00,4476.00,0.00,0.00,341.00,461573.02,0.04
4.42,0.00,0.00,2574.00,4481.00,0.00,0.00,341.00,460392.90,0.04
4.42,0.00,0.00,2567.00,4488.00,0.00,0.00,341.00,459209.51,0.03
4.43,0.00,0.00,2557.00,4498.00,0.00,0.00,341.00,457978.05,0.03
4.44,0.00,0.00,2550.00,4505.00,0.00,0.00,341.00,456747.75,0.03
4.44,0.00,0.00,2540.00,4515.00,0.00,0.00,341.00,455473.43,0.03
4.45,0.00,0.00,2533.00,4522.00,0.00,0.00,341.00,454203.97,0.02
4.46,0.00,0.00,2530.00,4525.00,0.00,0.00,341.00,452999.04,0.02
4.47,0.00,0.00,2527.00,4528.00,0.00,0.00,341.00,451853.07,0.02
4.47,0.00,0.00,2524.00,4531.00,0.00,0.00,341.00,450760.96,0.02
4.48,0.00,0.00,2515.00,4540.00,0.00,0.00,341.00,449627.93,0.02
4.49,0.00,0.00,2513.00,4542.00,0.00,0.00,341.00,448562.68,0.01
4.49,0.00,0.00,2504.00,4551.00,0.00,0.00,341.00,447454.19,0.01
4.50,0.00,0.00,2499.00,4556.00,0.00,0.00,341.00,446366.28,0.01
4.51,0.00,0.00,2493.00,4562.00,0.00,0.00,341.00,445282.16,0.01
4.51,0.00,0.00,2484.00,4571.00,0.00,0.00,341.00,444156.42,0.01
4.52,0.00,0.00,2476.00,4579.00,0.00,0.00,341.00,443007.68,0.01
4.53,0.00,0.00,2472.00,4583.00,0.00,0.00,341.00,441898.03,0.01
4.53,0.00,0.00,2463.00,4592.00,0.00,0.00,341.00,440748.98,0.01
4.54,0.00,0.00,2457.00,4598.00,0.00,0.00,341.00,439608.98,0.01
4.55,0.00,0.00,2450.00,4605.00,0.00,0.00,341.00,438462.25,0.01
4.56,0.00,0.00,2443.00,4612.00,0.00,0.00,341.00,437309.36,0.01
4.56,0.00,0.00,2438.00,4617.00,0.00,0.00,341.00,436180.88,0.01
4.57,0.00,0.00,2427.00,4628.00,0.00,0.00,341.00,434984.58,0.00
4.58,0.00,0.00,2422.00,4633.00,0.00,0.00,341.00,433816.45,0.00
4.58,0.00,0.00,2418.00,4637.00,0.00,0.00,341.00,432689.07,0.00
4.59,0.00,0.00,2415.00,4640.00,0.00,0.00,341.00,431613.95,0.00
4.60,0.00,0.00,2409.00,4646.00,0.00,0.00,341.00,430541.52,0.00
4.60,0.00,0.00,2400.00,4655.00,0.00,0.00,341.00,429426.46,0.00
4.61,0.00,0.00,2398.00,4657.00,0.00,0.00,341.00,428377.63,0.00
4.62,0.00,0.00,2390.00,4665.00,0.00,0.00,341.00,427299.16,0.00
4.62,0.00,0.00,2381.00,4674.00,0.00,0.00,341.00,426178.59,0.00
4.63,0.00,0.00,2376.00,4679.00,0.00,0.00,341.00,425079.65,0.00
4.64,0.00,0.00,2365.00,4690.00,0.00,0.00,341.00,423910.34,0.00
4.65,0.00,0.00,2358.00,4697.00,0.00,0.00,341.00,422736.81,0.00
4.65,0.00,0.00,2352.00,4703.00,0.00,0.00,341.00,421574.46,0.00
4.66,0.00,0.00,2344.00,4711.00,0.00,0.00,341.00,420392.28,0.00
4.67,0.00,0.00,2332.00,4723.00,0.00,0.00,341.00,419131.89,0.00
4.67,0.00,0.00,2322.00,4733.00,0.00,0.00,341.00,417830.07,0.00
4.68,0.00,0.00,2314.00,4741.00,0.00,0.00,341.00,416520.46,0.00
4.69,0.00,0.00,2308.00,4747.00,0.00,0.00,341.00,415233.78,0.00
4.69,0.00,0.00,2300.00,4755.00,0.00,0.00,341.00,413938.00,0.00
4.70,0.00,0.00,2293.00,4762.00,0.00,0.00,341.00,412648.93,0.00
4.71,0.00,0.00,2283.00,4772.00,0.00,0.00,341.00,411320.91,0.00
4.72,0.00,0.00,2275.00,4780.00,0.00,0.00,341.00,409987.37,0.00
4.72,0.00,0.00,2270.00,4785.00,0.00,0.00,341.00,408693.84,0.00
4.73,0.00,0.00,2267.00,4788.00,0.00,0.00,341.00,407466.91,0.00
4.74,0.00,0.00,2260.00,4795.00,0.00,0.00,341.00,406240.75,0.00
4.74,0.00,0.00,2255.00,4800.00,0.00,0.00,341.00,405045.34,0.00
4.75,0.00,0.00,2245.00,4810.00,0.00,0.00,341.00,403802.89,0.00
4.76,0.00,0.00,2237.00,4818.00,0.00,0.00,341.00,402547.53,0.00
4.76,0.00,0.00,2225.00,4830.00,0.00,0.00,341.00,401220.27,0.00
4.77,0.00,0.00,2219.00,4836.00,0.00,0.00,341.00,399917.46,0.00
4.78,0.00,0.00,2209.00,4846.00,0.00,0.00,341.00,398576.90,0.00
4.78,0.00,0.00,2202.00,4853.00,0.00,0.00,341.00,397246.91,0.00
4.79,0.00,0.00,2196.00,4859.00,0.00,0.00,341.00,395941.61,0.00
4.80,0.00,0.00,2182.00,4873.00,0.00,0.00,341.00,394538.67,0.00
4.81,0.00,0.00,2169.00,4886.00,0.00,0.00,341.00,393061.56,0.00
4.81,0.00,0.00,2163.00,4892.00,0.00,0.00,341.00,391621.83,0.00
4.82,0.00,0.00,2158.00,4897.00,0.00,0.00,341.00,390231.29,0.00
4.83,0.00,0.00,2153.00,4902.00,0.00,0.00,341.00,388885.68,0.00
4.83,0.00,0.00,2150.00,4905.00,0.00,0.00,341.00,387611.17,0.00
4.84,0.00,0.00,2147.00,4908.00,0.00,0.00,341.00,386401.63,0.00
4.85,0.00,0.00,2141.00,4914.00,0.00,0.00,341.00,385206.37,0.00
4.85,0.00,0.00,2134.00,4921.00,0.00,0.00,341.00,384009.14,0.00
4.86,0.00,0.00,2127.00,4928.00,0.00,0.00,341.00,382810.12,0.00
4.87,0.00,0.00,2117.00,4938.00,0.00,0.00,341.00,381564.38,0.00
4.88,0.00,0.00,2107.00,4948.00,0.00,0.00,341.00,380275.96,0.00
4.88,0.00,0.00,2102.00,4953.00,0.00,0.00,341.00,379023.66,0.00
4.89,0.00,0.00,2098.00,4957.00,0.00,0.00,341.00,377819.38,0.00
4.90,0.00,0.00,2090.00,4965.00,0.00,0.00,341.00,376598.89,0.00
4.90,0.00,0.00,2084.00,4971.00,0.00,0.00,341.00,375393.63,0.00
4.91,0.00,0.00,2078.00,4977.00,0.00,0.00,341.00,374202.28,0.00
4.92,0.00,0.00,2072.00,4983.00,0.00,0.00,341.00,373023.66,0.00
4.92,0.00,0.00,2067.00,4988.00,0.00,0.00,341.00,371871.67,0.00
4.93,0.00,0.00,2060.00,4995.00,0.00,0.00,341.00,370713.98,0.00
4.94,0.00,0.00,2053.00,5002.00,0.00,0.00,341.00,369551.07,0.00
4.94,0.00,0.00,2049.00,5006.00,0.00,0.00,341.00,368428.47,0.00
4.95,0.00,0.00,2042.00,5013.00,0.00,0.00,341.00,367297.63,0.00
4.96,0.00,0.00,2032.00,5023.00,0.00,0.00,341.00,366114.19,0.00
4.97,0.00,0.00,2029.00,5026.00,0.00,0.00,341.00,364987.84,0.00
4.97,0.00,0.00,2018.00,5037.00,0.00,0.00,341.00,363793.49,0.00
4.98,0.00,0.00,2008.00,5047.00,0.00,0.00,341.00,362552.02,0.00
4.99,0.00,0.00,2001.00,5054.00,0.00,0.00,341.00,361312.57,0.00
4.99,0.00,0.00,1997.00,5058.00,0.00,0.00,341.00,360120.03,0.00
5.00,0.00,0.00,1987.00,5068.00,0.00,0.00,341.00,358880.22,0.00
5.01,0.00,0.00,1978.00,5077.00,0.00,0.00,341.00,357612.24,0.00
5.01,0.00,0.00,1972.00,5083.00,0.00,0.00,341.00,356363.59,0.00
5.02,0.00,0.00,1966.00,5089.00,0.00,0.00,341.00,355132.60,0.00
5.03,0.00,0.00,1959.00,5096.00,0.00,0.00,341.00,353902.73,0.00
5.03,0.00,0.00,1948.00,5107.00,0.00,0.00,341.00,352613.78,0.00
5.04,0.00,0.00,1941.00,5114.00,0.00,0.00,341.00,351330.95,0.00
5.05,0.00,0.00,1932.00,5123.00,0.00,0.00,341.00,350023.67,0.00
5.06,0.00,0.00,1925.00,5130.00,0.00,0.00,341.00,348724.08,0.00
5.06,0.00,0.00,1917.00,5138.00,0.00,0.00,341.00,347416.51,0.00
5.07,0.00,0.00,1904.00,5151.00,0.00,0.00,341.00,346026.53,0.00
5.08,0.00,0.00,1897.00,5158.00,0.00,0.00,341.00,344651.39,0.00
5.08,0.00,0.00,1889.00,5166.00,0.00,0.00,341.00,343274.78,0.00
5.09,0.00,0.00,1886.00,5169.00,0.00,0.00,341.00,341971.96,0.00
5.10,0.00,0.00,1880.00,5175.00,0.00,0.00,341.00,340691.47,0.00
5.10,0.00,0.00,1872.00,5183.00,0.00,0.00,341.00,339401.35,0.00
5.11,0.00,0.00,1865.00,5190.00,0.00,0.00,341.00,338117.45,0.00
5.12,0.00,0.00,1860.00,5195.00,0.00,0.00,341.00,336869.28,0.00
5.12,0.00,0.00,1856.00,5199.00,0.00,0.00,341.00,335668.77,0.00
5.13,0.00,0.00,1849.00,5206.00,0.00,0.00,341.00,334466.75,0.00
5.14,0.00,0.00,1845.00,5210.00,0.00,0.00,341.00,333308.41,0.00
5.15,0.00,0.00,1837.00,5218.00,0.00,0.00,341.00,332129.89,0.00
5.15,0.00,0.00,1829.00,5226.00,0.00,0.00,341.00,330932.93,0.00
5.16,0.00,0.00,1827.00,5228.00,0.00,0.00,341.00,329809.27,0.00
5.17,0.00,0.00,1822.00,5233.00,0.00,0.00,341.00,328707.50,0.00
5.17,0.00,0.00,1818.00,5237.00,0.00,0.00,341.00,327640.76,0.00
5.18,0.00,0.00,1812.00,5243.00,0.00,0.00,341.00,326575.98,0.00
5.19,0.00,0.00,1806.00,5249.00,0.00,0.00,341.00,325512.99,0.00
5.19,0.00,0.00,1795.00,5260.00,0.00,0.00,341.00,324376.51,0.00
5.20,0.00,0.00,1790.00,5265.00,0.00,0.00,341.00,323263.04,0.00
5.21,0.00,0.00,1785.00,5270.00,0.00,0.00,341.00,322170.58,0.00
5.22,0.00,0.00,1780.00,5275.00,0.00,0.00,341.00,321097.32,0.00
5.22,0.00,0.00,1774.00,5281.00,0.00,0.00,341.00,320026.59,0.00
5.23,0.00,0.00,1767.00,5288.00,0.00,0.00,341.00,318943.13,0.00
5.24,0.00,0.00,1760.00,5295.00,0.00,0.00,341.00,317848.05,0.00
5.24,0.00,0.00,1756.00,5299.00,0.00,0.00,341.00,316787.42,0.00
5.25,0.00,0.00,1749.00,5306.00,0.00,0.00,341.00,315713.20,0.00
5.26,0.00,0.00,1745.00,5310.00,0.00,0.00,341.00,314671.63,0.00
5.26,0.00,0.00,1735.00,5320.00,0.00,0.00,341.00,313569.75,0.00
5.27,0.00,0.00,1728.00,5327.00,0.00,0.00,341.00,312457.84,0.00
5.28,0.00,0.00,1722.00,5333.00,0.00,0.00,341.00,311351.79,0.00
5.28,0.00,0.00,1720.00,5335.00,0.00,0.00,341.00,310311.18,0.00
5.29,0.00,0.00,1712.00,5343.00,0.00,0.00,341.00,309240.23,0.00
5.30,0.00,0.00,1709.00,5346.00,0.00,0.00,341.00,308216.67,0.00
5.31,0.00,0.00,1703.00,5352.00,0.00,0.00,341.00,307191.33,0.00
5.31,0.00,0.00,1693.00,5362.00,0.00,0.00,341.00,306104.29,0.00
5.32,0.00,0.00,1686.00,5369.00,0.00,0.00,341.00,305005.93,0.00
5.33,0.00,0.00,1679.00,5376.00,0.00,0.00,341.00,303897.24,0.00
5.33,0.00,0.00,1670.00,5385.00,0.00,0.00,341.00,302749.06,0.00
5.34,0.00,0.00,1660.00,5395.00,0.00,0.00,341.00,301549.77,0.00
5.35,0.00,0.00,1652.00,5403.00,0.00,0.00,341.00,300333.85,0.00
5.35,0.00,0.00,1647.00,5408.00,0.00,0.00,341.00,299147.77,0.00
5.36,0.00,0.00,1642.00,5413.00,0.00,0.00,341.00,297988.99,0.00
5.37,0.00,0.00,1630.00,5425.00,0.00,0.00,341.00,296749.97,0.00
5.38,0.00,0.00,1624.00,5431.00,0.00,0.00,341.00,295527.78,0.00
5.38,0.00,0.00,1619.00,5436.00,0.00,0.00,341.00,294335.99,0.00
5.39,0.00,0.00,1615.00,5440.00,0.00,0.00,341.00,293187.00,0.00
5.40,0.00,0.00,1610.00,5445.00,0.00,0.00,341.00,292062.10,0.00
5.40,0.00,0.00,1600.00,5455.00,0.00,0.00,341.00,290884.08,0.00
5.41,0.00,0.00,1595.00,5460.00,0.00,0.00,341.00,289732.64,0.00
5.42,0.00,0.00,1588.00,5467.00,0.00,0.00,341.00,288575.46,0.00
5.42,0.00,0.00,1584.00,5471.00,0.00,0.00,341.00,287458.09,0.00
5.43,0.00,0.00,1577.00,5478.00,0.00,0.00,341.00,286332.02,0.00
5.44,0.00,0.00,1567.00,5488.00,0.00,0.00,341.00,285152.94,0.00
5.44,0.00,0.00,1560.00,5495.00,0.00,0.00,341.00,283970.50,0.00
5.45,0.00,0.00,1554.00,5501.00,0.00,0.00,341.00,282800.00,0.00
5.46,0.00,0.00,1543.00,5512.00,0.00,0.00,341.00,281565.30,0.00
5.47,0.00,0.00,1537.00,5518.00,0.00,0.00,341.00,280347.06,0.00
5.47,0.00,0.00,1531.00,5524.00,0.00,0.00,341.00,279143.86,0.00
5.48,0.00,0.00,1529.00,5526.00,0.00,0.00,341.00,278014.49,0.00
5.49,0.00,0.00,1525.00,5530.00,0.00,0.00,341.00,276922.53,0.00
5.49,0.00,0.00,1523.00,5532.00,0.00,0.00,341.00,275894.80,0.00
5.50,0.00,0.00,1515.00,5540.00,0.00,0.00,341.00,274835.61,0.00
5.51,0.00,0.00,1509.00,5546.00,0.00,0.00,341.00,273777.72,0.00
5.51,0.00,0.00,1500.00,5555.00,0.00,0.00,341.00,272675.97,0.00
5.52,0.00,0.00,1495.00,5560.00,0.00,0.00,341.00,271594.21,0.00
5.53,0.00,0.00,1492.00,5563.00,0.00,0.00,341.00,270560.78,0.00
5.53,0.00,0.00,1487.00,5568.00,0.00,0.00,341.00,269541.45,0.00
5.54,0.00,0.00,1482.00,5573.00,0.00,0.00,341.00,268535.01,0.00
5.55,0.00,0.00,1474.00,5581.00,0.00,0.00,341.00,267495.28,0.00
5.56,0.00,0.00,1467.00,5588.00,0.00,0.00,341.00,266440.15,0.00
5.56,0.00,0.00,1458.00,5597.00,0.00,0.00,341.00,265340.90,0.00
5.57,0.00,0.00,1455.00,5600.00,0.00,0.00,341.00,264291.49,0.00
5.58,0.00,0.00,1448.00,5607.00,0.00,0.00,341.00,263227.52,0.00
5.58,0.00,0.00,1445.00,5610.00,0.00,0.00,341.00,262210.33,0.00
5.59,0.00,0.00,1441.00,5614.00,0.00,0.00,341.00,261220.87,0.00
5.60,0.00,0.00,1433.00,5622.00,0.00,0.00,341.00,260196.65,0.00
5.60,0.00,0.00,1422.00,5633.00,0.00,0.00,341.00,259095.60,0.00
5.61,0.00,0.00,1417.00,5638.00,0.00,0.00,341.00,258014.49,0.00
5.62,0.00,0.00,1408.00,5647.00,0.00,0.00,341.00,256891.51,0.00
5.62,0.00,0.00,1398.00,5657.00,0.00,0.00,341.00,255715.25,0.00
5.63,0.00,0.00,1391.00,5664.00,0.00,0.00,341.00,254535.39,0.00
5.64,0.00,0.00,1385.00,5670.00,0.00,0.00,341.00,253367.25,0.00
5.65,0.00,0.00,1376.00,5679.00,0.00,0.00,341.00,252164.75,0.00
5.65,0.00,0.00,1368.00,5687.00,0.00,0.00,341.00,250945.88,0.00
5.66,0.00,0.00,1361.00,5694.00,0.00,0.00,341.00,249727.08,0.00
5.67,0.00,0.00,1352.00,5703.00,0.00,0.00,341.00,248478.30,0.00
5.67,0.00,0.00,1346.00,5709.00,0.00,0.00,341.00,247247.19,0.00
5.68,0.00,0.00,1341.00,5714.00,0.00,0.00,341.00,246047.25,0.00
5.69,0.00,0.00,1337.00,5718.00,0.00,0.00,341.00,244890.81,0.00
5.69,0.00,0.00,1333.00,5722.00,0.00,0.00,341.00,243774.13,0.00
5.70,0.00,0.00,1328.00,5727.00,0.00,0.00,341.00,242678.73,0.00
5.71,0.00,0.00,1321.00,5734.00,0.00,0.00,341.00,241572.75,0.00
5.72,0.00,0.00,1315.00,5740.00,0.00,0.00,341.00,240472.11,0.00
5.72,0.00,0.00,1305.00,5750.00,0.00,0.00,341.00,239316.26,0.00
5.73,0.00,0.00,1301.00,5754.00,0.00,0.00,341.00,238200.11,0.00
5.74,0.00,0.00,1297.00,5758.00,0.00,0.00,341.00,237120.23,0.00
5.74,0.00,0.00,1291.00,5764.00,0.00,0.00,341.00,236043.44,0.00
5.75,0.00,0.00,1286.00,5769.00,0.00,0.00,341.00,234984.50,0.00
5.76,0.00,0.00,1279.00,5776.00,0.00,0.00,341.00,233911.82,0.00
5.76,0.00,0.00,1272.00,5783.00,0.00,0.00,341.00,232826.59,0.00
5.77,0.00,0.00,1263.00,5792.00,0.00,0.00,341.00,231699.84,0.00
5.78,0.00,0.00,1256.00,5799.00,0.00,0.00,341.00,230565.21,0.00
5.78,0.00,0.00,1251.00,5804.00,0.00,0.00,341.00,229453.42,0.00
5.79,0.00,0.00,1241.00,5814.00,0.00,0.00,341.00,228287.38,0.00
5.80,0.00,0.00,1234.00,5821.00,0.00,0.00,341.00,227116.85,0.00
5.81,0.00,0.00,1227.00,5828.00,0.00,0.00,341.00,225942.22,0.00
5.81,0.00,0.00,1219.00,5836.00,0.00,0.00,341.00,224748.82,0.00
5.82,0.00,0.00,1213.00,5842.00,0.00,0.00,341.00,223568.30,0.00
5.83,0.00,0.00,1202.00,5853.00,0.00,0.00,341.00,222324.45,0.00
5.83,0.00,0.00,1194.00,5861.00,0.00,0.00,341.00,221067.81,0.00
5.84,0.00,0.00,1188.00,5867.00,0.00,0.00,341.00,219829.51,0.00
5.85,0.00,0.00,1184.00,5871.00,0.00,0.00,341.00,218638.03,0.00
5.85,0.00,0.00,1174.00,5881.00,0.00,0.00,341.00,217399.19,0.00
5.86,0.00,0.00,1170.00,5885.00,0.00,0.00,341.00,216207.20,0.00
5.87,0.00,0.00,1163.00,5892.00,0.00,0.00,341.00,215012.97,0.00
5.88,0.00,0.00,1155.00,5900.00,0.00,0.00,341.00,213801.65,0.00
5.88,0.00,0.00,1149.00,5906.00,0.00,0.00,341.00,212604.77,0.00
5.89,0.00,0.00,1145.00,5910.00,0.00,0.00,341.00,211451.14,0.00
5.90,0.00,0.00,1141.00,5914.00,0.00,0.00,341.00,210337.00,0.00
5.90,0.00,0.00,1134.00,5921.00,0.00,0.00,341.00,209213.90,0.00
5.91,0.00,0.00,1130.00,5925.00,0.00,0.00,341.00,208127.66,0.00
5.92,0.00,0.00,1123.00,5932.00,0.00,0.00,341.00,207030.04,0.00
5.92,0.00,0.00,1117.00,5938.00,0.00,0.00,341.00,205937.05,0.00
5.93,0.00,0.00,1115.00,5940.00,0.00,0.00,341.00,204908.37,0.00
5.94,0.00,0.00,1110.00,5945.00,0.00,0.00,341.00,203893.39,0.00
5.94,0.00,0.00,1101.00,5954.00,0.00,0.00,341.00,202830.83,0.00
5.95,0.00,0.00,1095.00,5960.00,0.00,0.00,341.00,201769.86,0.00
5.96,0.00,0.00,1088.00,5967.00,0.00,0.00,341.00,200695.33,0.00
5.97,0.00,0.00,1082.00,5973.00,0.00,0.00,341.00,199623.43,0.00
5.97,0.00,0.00,1074.00,5981.00,0.00,0.00,341.00,198523.89,0.00
5.98,0.00,0.00,1072.00,5983.00,0.00,0.00,341.00,197489.23,0.00
5.99,0.00,0.00,1069.00,5986.00,0.00,0.00,341.00,196498.82,0.00
5.99,0.00,0.00,1067.00,5988.00,0.00,0.00,341.00,195563.88,0.00
6.00,0.00,0.00,1062.00,5993.00,0.00,0.00,341.00,194634.54,0.00
6.01,0.00,0.00,1055.00,6000.00,0.00,0.00,341.00,193680.27,0.00
6.01,0.00,0.00,1049.00,6006.00,0.00,0.00,341.00,192718.25,0.00
6.02,0.00,0.00,1037.00,6018.00,0.00,0.00,341.00,191659.00,0.00
6.03,0.00,0.00,1029.00,6026.00,0.00,0.00,341.00,190571.02,0.00
6.03,0.00,0.00,1022.00,6033.00,0.00,0.00,341.00,189471.81,0.00
6.04,0.00,0.00,1015.00,6040.00,0.00,0.00,341.00,188362.34,0.00
6.05,0.00,0.00,1011.00,6044.00,0.00,0.00,341.00,187288.56,0.00
6.06,0.00,0.00,1003.00,6052.00,0.00,0.00,341.00,186187.30,0.00
6.06,0.00,0.00,996.00,6059.00,0.00,0.00,341.00,185075.95,0.00
6.07,0.00,0.00,992.00,6063.00,0.00,0.00,341.00,184000.46,0.00
6.08,0.00,0.00,989.00,6066.00,0.00,0.00,341.00,182972.75,0.00
6.08,0.00,0.00,983.00,6072.00,0.00,0.00,341.00,181943.63,0.00
6.09,0.00,0.00,978.00,6077.00,0.00,0.00,341.00,180928.24,0.00
6.10,0.00,0.00,973.00,6082.00,0.00,0.00,341.00,179925.40,0.00
6.10,0.00,0.00,968.00,6087.00,0.00,0.00,341.00,178934.02,0.00
6.11,0.00,0.00,961.00,6094.00,0.00,0.00,341.00,177923.07,0.00
6.12,0.00,0.00,951.00,6104.00,0.00,0.00,341.00,176849.17,0.00
6.12,0.00,0.00,943.00,6112.00,0.00,0.00,341.00,175747.80,0.00
6.13,0.00,0.00,940.00,6115.00,0.00,0.00,341.00,174696.44,0.00
6.14,0.00,0.00,937.00,6118.00,0.00,0.00,341.00,173690.79,0.00
6.15,0.00,0.00,928.00,6127.00,0.00,0.00,341.00,172636.75,0.00
6.15,0.00,0.00,924.00,6131.00,0.00,0.00,341.00,171613.61,0.00
6.16,0.00,0.00,922.00,6133.00,0.00,0.00,341.00,170648.77,0.00
6.17,0.00,0.00,920.00,6135.00,0.00,0.00,341.00,169737.17,0.00
6.17,0.00,0.00,913.00,6142.00,0.00,0.00,341.00,168799.12,0.00
6.18,0.00,0.00,910.00,6145.00,0.00,0.00,341.00,167896.98,0.00
6.19,0.00,0.00,905.00,6150.00,0.00,0.00,341.00,166997.61,0.00
6.19,0.00,0.00,899.00,6156.00,0.00,0.00,341.00,166085.75,0.00
6.20,0.00,0.00,896.00,6159.00,0.00,0.00,341.00,165207.55,0.00
6.21,0.00,0.00,895.00,6160.00,0.00,0.00,341.00,164390.14,0.00
6.22,0.00,0.00,889.00,6166.00,0.00,0.00,341.00,163553.16,0.00
6.22,0.00,0.00,880.00,6175.00,0.00,0.00,341.00,162653.24,0.00
6.23,0.00,0.00,869.00,6186.00,0.00,0.00,341.00,161665.75,0.00
6.24,0.00,0.00,863.00,6192.00,0.00,0.00,341.00,160673.38,0.00
6.24,0.00,0.00,856.00,6199.00,0.00,0.00,341.00,159661.53,0.00
6.25,0.00,0.00,851.00,6204.00,0.00,0.00,341.00,158661.91,0.00
6.26,0.00,0.00,842.00,6213.00,0.00,0.00,341.00,157613.39,0.00
6.26,0.00,0.00,833.00,6222.00,0.00,0.00,341.00,156520.19,0.00
6.27,0.00,0.00,827.00,6228.00,0.00,0.00,341.00,155431.22,0.00
6.28,0.00,0.00,824.00,6231.00,0.00,0.00,341.00,154391.21,0.00
6.28,0.00,0.00,818.00,6237.00,0.00,0.00,341.00,153350.84,0.00
6.29,0.00,0.00,816.00,6239.00,0.00,0.00,341.00,152370.25,0.00
6.30,0.00,0.00,811.00,6244.00,0.00,0.00,341.00,151399.20,0.00
6.31,0.00,0.00,803.00,6252.00,0.00,0.00,341.00,150391.80,0.00
6.31,0.00,0.00,793.00,6262.00,0.00,0.00,341.00,149321.15,0.00
6.32,0.00,0.00,790.00,6265.00,0.00,0.00,341.00,148297.85,0.00
6.33,0.00,0.00,785.00,6270.00,0.00,0.00,341.00,147287.79,0.00
6.33,0.00,0.00,782.00,6273.00,0.00,0.00,341.00,146319.86,0.00
6.34,0.00,0.00,778.00,6277.00,0.00,0.00,341.00,145375.41,0.00
6.35,0.00,0.00,774.00,6281.00,0.00,0.00,341.00,144452.40,0.00
6.35,0.00,0.00,767.00,6288.00,0.00,0.00,341.00,143503.92,0.00
6.36,0.00,0.00,765.00,6290.00,0.00,0.00,341.00,142607.28,0.00
6.37,0.00,0.00,759.00,6296.00,0.00,0.00,341.00,141697.91,0.00
6.38,0.00,0.00,751.00,6304.00,0.00,0.00,341.00,140746.87,0.00
6.38,0.00,0.00,744.00,6311.00,0.00,0.00,341.00,139772.77,0.00
6.39,0.00,0.00,735.00,6320.00,0.00,0.00,341.00,138747.56,0.00
6.40,0.00,0.00,724.00,6331.00,0.00,0.00,341.00,137645.61,0.00
6.40,0.00,0.00,715.00,6340.00,0.00,0.00,341.00,136503.59,0.00
6.41,0.00,0.00,711.00,6344.00,0.00,0.00,341.00,135400.07,0.00
6.42,0.00,0.00,706.00,6349.00,0.00,0.00,341.00,134316.71,0.00
6.42,0.00,0.00,703.00,6352.00,0.00,0.00,341.00,133281.81,0.00
6.43,0.00,0.00,698.00,6357.00,0.00,0.00,341.00,132261.14,0.00
6.44,0.00,0.00,696.00,6359.00,0.00,0.00,341.00,131298.54,0.00
6.44,0.00,0.00,688.00,6367.00,0.00,0.00,341.00,130298.87,0.00
6.45,0.00,0.00,684.00,6371.00,0.00,0.00,341.00,129325.40,0.00
6.46,0.00,0.00,678.00,6377.00,0.00,0.00,341.00,128345.85,0.00
6.47,0.00,0.00,675.00,6380.00,0.00,0.00,341.00,127405.79,0.00
6.47,0.00,0.00,672.00,6383.00,0.00,0.00,341.00,126501.82,0.00
6.48,0.00,0.00,668.00,6387.00,0.00,0.00,341.00,125615.80,0.00
6.49,0.00,0.00,663.00,6392.00,0.00,0.00,341.00,124731.17,0.00
6.49,0.00,0.00,657.00,6398.00,0.00,0.00,341.00,123832.76,0.00
6.50,0.00,0.00,653.00,6402.00,0.00,0.00,341.00,122951.83,0.00
6.51,0.00,0.00,650.00,6405.00,0.00,0.00,341.00,122101.88,0.00
6.51,0.00,0.00,638.00,6417.00,0.00,0.00,341.00,121145.04,0.00
6.52,0.00,0.00,632.00,6423.00,0.00,0.00,341.00,120180.66,0.00
6.53,0.00,0.00,624.00,6431.00,0.00,0.00,341.00,119179.36,0.00
6.53,0.00,0.00,617.00,6438.00,0.00,0.00,341.00,118159.35,0.00
6.54,0.00,0.00,611.00,6444.00,0.00,0.00,341.00,117137.25,0.00
6.55,0.00,0.00,608.00,6447.00,0.00,0.00,341.00,116158.33,0.00
6.56,0.00,0.00,602.00,6453.00,0.00,0.00,341.00,115173.79,0.00
6.56,0.00,0.00,598.00,6457.00,0.00,0.00,341.00,114214.15,0.00
6.57,0.00,0.00,593.00,6462.00,0.00,0.00,341.00,113262.25,0.00
6.58,0.00,0.00,586.00,6469.00,0.00,0.00,341.00,112287.36,0.00
6.58,0.00,0.00,579.00,6476.00,0.00,0.00,341.00,111291.49,0.00
6.59,0.00,0.00,574.00,6481.00,0.00,0.00,341.00,110306.47,0.00
6.60,0.00,0.00,568.00,6487.00,0.00,0.00,341.00,109316.36,0.00
6.60,0.00,0.00,564.00,6491.00,0.00,0.00,341.00,108351.63,0.00
6.61,0.00,0.00,560.00,6495.00,0.00,0.00,341.00,107410.10,0.00
6.62,0.00,0.00,556.00,6499.00,0.00,0.00,341.00,106489.77,0.00
6.62,0.00,0.00,552.00,6503.00,0.00,0.00,341.00,105588.79,0.00
6.63,0.00,0.00,547.00,6508.00,0.00,0.00,341.00,104690.49,0.00
6.64,0.00,0.00,538.00,6517.00,0.00,0.00,341.00,103734.54,0.00
6.65,0.00,0.00,536.00,6519.00,0.00,0.00,341.00,102831.07,0.00
6.65,0.00,0.00,530.00,6525.00,0.00,0.00,341.00,101915.46,0.00
6.66,0.00,0.00,523.00,6532.00,0.00,0.00,341.00,100973.74,0.00
6.67,0.00,0.00,516.00,6539.00,0.00,0.00,341.00,100008.15,0.00
6.67,0.00,0.00,510.00,6545.00,0.00,0.00,341.00,99035.80,0.00
6.68,0.00,0.00,507.00,6548.00,0.00,0.00,341.00,98102.32,0.00
6.69,0.00,0.00,503.00,6552.00,0.00,0.00,341.00,97189.34,0.00
6.69,0.00,0.00,497.00,6558.00,0.00,0.00,341.00,96265.04,0.00
6.70,0.00,0.00,491.00,6564.00,0.00,0.00,341.00,95330.41,0.00
6.71,0.00,0.00,487.00,6568.00,0.00,0.00,341.00,94416.37,0.00
6.72,0.00,0.00,481.00,6574.00,0.00,0.00,341.00,93491.10,0.00
6.72,0.00,0.00,475.00,6580.00,0.00,0.00,341.00,92555.58,0.00
6.73,0.00,0.00,471.00,6584.00,0.00,0.00,341.00,91640.74,0.00
6.74,0.00,0.00,464.00,6591.00,0.00,0.00,341.00,90699.71,0.00
6.74,0.00,0.00,460.00,6595.00,0.00,0.00,341.00,89779.84,0.00
6.75,0.00,0.00,456.00,6599.00,0.00,0.00,341.00,88879.29,0.00
6.76,0.00,0.00,449.00,6606.00,0.00,0.00,341.00,87951.33,0.00
6.76,0.00,0.00,445.00,6610.00,0.00,0.00,341.00,87043.38,0.00
6.77,0.00,0.00,438.00,6617.00,0.00,0.00,341.00,86108.67,0.00
6.78,0.00,0.00,435.00,6620.00,0.00,0.00,341.00,85209.58,0.00
6.78,0.00,0.00,430.00,6625.00,0.00,0.00,341.00,84313.00,0.00
6.79,0.00,0.00,423.00,6632.00,0.00,0.00,341.00,83388.66,0.00
6.80,0.00,0.00,420.00,6635.00,0.00,0.00,341.00,82499.06,0.00
6.81,0.00,0.00,418.00,6637.00,0.00,0.00,341.00,81656.21,0.00
6.81,0.00,0.00,412.00,6643.00,0.00,0.00,341.00,80795.99,0.00
6.82,0.00,0.00,407.00,6648.00,0.00,0.00,341.00,79934.93,0.00
6.83,0.00,0.00,405.00,6650.00,0.00,0.00,341.00,79118.15,0.00
6.83,0.00,0.00,402.00,6653.00,0.00,0.00,341.00,78326.82,0.00
6.84,0.00,0.00,399.00,6656.00,0.00,0.00,341.00,77558.75,0.00
6.85,0.00,0.00,397.00,6658.00,0.00,0.00,341.00,76826.93,0.00
6.85,0.00,0.00,397.00,6658.00,0.00,0.00,341.00,76158.30,0.00
6.86,0.00,0.00,394.00,6661.00,0.00,0.00,341.00,75502.33,0.00
6.87,0.00,0.00,393.00,6662.00,0.00,0.00,341.00,74887.96,0.00
6.88,0.00,0.00,386.00,6669.00,0.00,0.00,341.00,74221.48,0.00
6.88,0.00,0.00,384.00,6671.00,0.00,0.00,341.00,73582.48,0.00
6.89,0.00,0.00,383.00,6672.00,0.00,0.00,341.00,72983.64,0.00
6.90,0.00,0.00,380.00,6675.00,0.00,0.00,341.00,72391.42,0.00
6.90,0.00,0.00,376.00,6679.00,0.00,0.00,341.00,71790.24,0.00
6.91,0.00,0.00,375.00,6680.00,0.00,0.00,341.00,71225.94,0.00
6.92,0.00,0.00,370.00,6685.00,0.00,0.00,341.00,70635.24,0.00
6.92,0.00,0.00,367.00,6688.00,0.00,0.00,341.00,70050.48,0.00
6.93,0.00,0.00,364.00,6691.00,0.00,0.00,341.00,69471.12,0.00
6.94,0.00,0.00,360.00,6695.00,0.00,0.00,341.00,68881.70,0.00
6.94,0.00,0.00,357.00,6698.00,0.00,0.00,341.00,68298.09,0.00
6.95,0.00,0.00,356.00,6699.00,0.00,0.00,341.00,67749.84,0.00
6.96,0.00,0.00,353.00,6702.00,0.00,0.00,341.00,67203.86,0.00
6.97,0.00,0.00,351.00,6704.00,0.00,0.00,341.00,66674.97,0.00
6.97,0.00,0.00,347.00,6708.00,0.00,0.00,341.00,66131.64,0.00
6.98,0.00,0.00,342.00,6713.00,0.00,0.00,341.00,65560.11,0.00
6.99,0.00,0.00,340.00,6715.00,0.00,0.00,341.00,65007.88,0.00
6.99,0.00,0.00,340.00,6715.00,0.00,0.00,341.00,64503.32,0.00
7.00,0.00,0.00,337.00,6718.00,0.00,0.00,341.00,63997.26,0.00
7.01,0.00,0.00,333.00,6722.00,0.00,0.00,341.00,63474.79,0.00
7.01,0.00,0.00,327.00,6728.00,0.00,0.00,341.00,62907.29,0.00
7.02,0.00,0.00,325.00,6730.00,0.00,0.00,341.00,62358.74,0.00
7.03,0.00,0.00,318.00,6737.00,0.00,0.00,341.00,61752.38,0.00
7.03,0.00,0.00,317.00,6738.00,0.00,0.00,341.00,61183.36,0.00
7.04,0.00,0.00,315.00,6740.00,0.00,0.00,341.00,60633.41,0.00
7.05,0.00,0.00,314.00,6741.00,0.00,0.00,341.00,60115.92,0.00
7.06,0.00,0.00,309.00,6746.00,0.00,0.00,341.00,59567.99,0.00
7.06,0.00,0.00,306.00,6749.00,0.00,0.00,341.00,59022.29,0.00
7.07,0.00,0.00,301.00,6754.00,0.00,0.00,341.00,58448.60,0.00
7.08,0.00,0.00,295.00,6760.00,0.00,0.00,341.00,57834.29,0.00
7.08,0.00,0.00,291.00,6764.00,0.00,0.00,341.00,57212.93,0.00
7.09,0.00,0.00,285.00,6770.00,0.00,0.00,341.00,56555.07,0.00
7.10,0.00,0.00,281.00,6774.00,0.00,0.00,341.00,55893.92,0.00
7.10,0.00,0.00,279.00,6776.00,0.00,0.00,341.00,55259.80,0.00
7.11,0.00,0.00,276.00,6779.00,0.00,0.00,341.00,54635.35,0.00
7.12,0.00,0.00,269.00,6786.00,0.00,0.00,341.00,53959.66,0.00
7.12,0.00,0.00,266.00,6789.00,0.00,0.00,341.00,53297.23,0.00
7.13,0.00,0.00,264.00,6791.00,0.00,0.00,341.00,52661.95,0.00
7.14,0.00,0.00,260.00,6795.00,0.00,0.00,341.00,52021.42,0.00
7.15,0.00,0.00,257.00,6798.00,0.00,0.00,341.00,51391.12,0.00
7.15,0.00,0.00,254.00,6801.00,0.00,0.00,341.00,50770.17,0.00
7.16,0.00,0.00,249.00,6806.00,0.00,0.00,341.00,50127.71,0.00
7.17,0.00,0.00,244.00,6811.00,0.00,0.00,341.00,49465.60,0.00
7.17,0.00,0.00,241.00,6814.00,0.00,0.00,341.00,48815.59,0.00
7.18,0.00,0.00,233.00,6822.00,0.00,0.00,341.00,48101.51,0.00
7.19,0.00,0.00,229.00,6826.00,0.00,0.00,341.00,47388.98,0.00
7.19,0.00,0.00,227.00,6828.00,0.00,0.00,341.00,46707.93,0.00
7.20,0.00,0.00,222.00,6833.00,0.00,0.00,341.00,46010.56,0.00
7.21,0.00,0.00,216.00,6839.00,0.00,0.00,341.00,45283.25,0.00
7.22,0.00,0.00,209.00,6846.00,0.00,0.00,341.00,44513.58,0.00
7.22,0.00,0.00,207.00,6848.00,0.00,0.00,341.00,43780.31,0.00
7.23,0.00,0.00,203.00,6852.00,0.00,0.00,341.00,43050.25,0.00
7.24,0.00,0.00,198.00,6857.00,0.00,0.00,341.00,42308.11,0.00
7.24,0.00,0.00,193.00,6862.00,0.00,0.00,341.00,41554.92,0.00
7.25,0.00,0.00,190.00,6865.00,0.00,0.00,341.00,40821.69,0.00
7.26,0.00,0.00,182.00,6873.00,0.00,0.00,341.00,40031.58,0.00
7.26,0.00,0.00,177.00,6878.00,0.00,0.00,341.00,39234.57,0.00
7.27,0.00,0.00,177.00,6878.00,0.00,0.00,341.00,38506.37,0.00
7.28,0.00,0.00,172.00,6883.00,0.00,0.00,341.00,37765.92,0.00
7.28,0.00,0.00,170.00,6885.00,0.00,0.00,341.00,37059.35,0.00
7.29,0.00,0.00,164.00,6891.00,0.00,0.00,341.00,36323.64,0.00
7.30,0.00,0.00,160.00,6895.00,0.00,0.00,341.00,35591.36,0.00
7.31,0.00,0.00,159.00,6896.00,0.00,0.00,341.00,34907.27,0.00
7.31,0.00,0.00,156.00,6899.00,0.00,0.00,341.00,34237.18,0.00
7.32,0.00,0.00,153.00,6902.00,0.00,0.00,341.00,33579.87,0.00
7.33,0.00,0.00,151.00,6904.00,0.00,0.00,341.00,32949.26,0.00
7.33,0.00,0.00,151.00,6904.00,0.00,0.00,341.00,32373.09,0.00
7.34,0.00,0.00,151.00,6904.00,0.00,0.00,341.00,31846.67,0.00
7.35,0.00,0.00,149.00,6906.00,0.00,0.00,341.00,31335.65,0.00
7.35,0.00,0.00,146.00,6909.00,0.00,0.00,341.00,30823.68,0.00
7.36,0.00,0.00,145.00,6910.00,0.00,0.00,341.00,30340.89,0.00
7.37,0.00,0.00,143.00,6912.00,0.00,0.00,341.00,29869.73,0.00
7.38,0.00,0.00,141.00,6914.00,0.00,0.00,341.00,29409.20,0.00
7.38,0.00,0.00,136.00,6919.00,0.00,0.00,341.00,28913.32,0.00
7.39,0.00,0.00,134.00,6921.00,0.00,0.00,341.00,28430.20,0.00
7.40,0.00,0.00,128.00,6927.00,0.00,0.00,341.00,27898.66,0.00
7.40,0.00,0.00,126.00,6929.00,0.00,0.00,341.00,27382.95,0.00
7.41,0.00,0.00,122.00,6933.00,0.00,0.00,341.00,26851.68,0.00
7.42,0.00,0.00,119.00,6936.00,0.00,0.00,341.00,26321.21,0.00
7.42,0.00,0.00,119.00,6936.00,0.00,0.00,341.00,25836.53,0.00
7.43,0.00,0.00,117.00,6938.00,0.00,0.00,341.00,25363.65,0.00
7.44,0.00,0.00,116.00,6939.00,0.00,0.00,341.00,24916.58,0.00
7.44,0.00,0.00,114.00,6941.00,0.00,0.00,341.00,24478.05,0.00
7.45,0.00,0.00,112.00,6943.00,0.00,0.00,341.00,24047.34,0.00
7.46,0.00,0.00,110.00,6945.00,0.00,0.00,341.00,23623.77,0.00
7.47,0.00,0.00,110.00,6945.00,0.00,0.00,341.00,23236.77,0.00
7.47,0.00,0.00,109.00,6946.00,0.00,0.00,341.00,22868.15,0.00
7.48,0.00,0.00,106.00,6949.00,0.00,0.00,341.00,22486.30,0.00
7.49,0.00,0.00,106.00,6949.00,0.00,0.00,341.00,22137.40,0.00
7.49,0.00,0.00,105.00,6950.00,0.00,0.00,341.00,21803.61,0.00
7.50,0.00,0.00,103.00,6952.00,0.00,0.00,341.00,21468.59,0.00
7.51,0.00,0.00,100.00,6955.00,0.00,0.00,341.00,21117.42,0.00
7.51,0.00,0.00,99.00,6956.00,0.00,0.00,341.00,20781.55,0.00
7.52,0.00,0.00,98.00,6957.00,0.00,0.00,341.00,20459.65,0.00
7.53,0.00,0.00,94.00,6961.00,0.00,0.00,341.00,20105.45,0.00
7.53,0.00,0.00,93.00,6962.00,0.00,0.00,341.00,19766.81,0.00
7.54,0.00,0.00,93.00,6962.00,0.00,0.00,341.00,19457.40,0.00
7.55,0.00,0.00,91.00,6964.00,0.00,0.00,341.00,19144.66,0.00
7.56,0.00,0.00,91.00,6964.00,0.00,0.00,341.00,18858.92,0.00
7.56,0.00,0.00,88.00,6967.00,0.00,0.00,341.00,18552.78,0.00
7.57,0.00,0.00,86.00,6969.00,0.00,0.00,341.00,18243.02,0.00
7.58,0.00,0.00,84.00,6971.00,0.00,0.00,341.00,17929.96,0.00
7.58,0.00,0.00,84.00,6971.00,0.00,0.00,341.00,17643.93,0.00
7.59,0.00,0.00,82.00,6973.00,0.00,0.00,341.00,17352.55,0.00
7.60,0.00,0.00,81.00,6974.00,0.00,0.00,341.00,17071.30,0.00
7.60,0.00,0.00,78.00,6977.00,0.00,0.00,341.00,16769.26,0.00
7.61,0.00,0.00,75.00,6980.00,0.00,0.00,341.00,16448.23,0.00
7.62,0.00,0.00,73.00,6982.00,0.00,0.00,341.00,16124.87,0.00
7.62,0.00,0.00,72.00,6983.00,0.00,0.00,341.00,15814.40,0.00
7.63,0.00,0.00,71.00,6984.00,0.00,0.00,341.00,15515.71,0.00
7.64,0.00,0.00,70.00,6985.00,0.00,0.00,341.00,15227.79,0.00
7.65,0.00,0.00,69.00,6986.00,0.00,0.00,341.00,14949.70,0.00
7.65,0.00,0.00,66.00,6989.00,0.00,0.00,341.00,14650.55,0.00
7.66,0.00,0.00,66.00,6989.00,0.00,0.00,341.00,14377.23,0.00
7.67,0.00,0.00,63.00,6992.00,0.00,0.00,341.00,14082.44,0.00
7.67,0.00,0.00,60.00,6995.00,0.00,0.00,341.00,13768.03,0.00
7.68,0.00,0.00,59.00,6996.00,0.00,0.00,341.00,13465.73,0.00
7.69,0.00,0.00,56.00,6999.00,0.00,0.00,341.00,13144.47,0.00
7.69,0.00,0.00,54.00,7001.00,0.00,0.00,341.00,12820.90,0.00
7.70,0.00,0.00,53.00,7002.00,0.00,0.00,341.00,12510.24,0.00
7.71,0.00,0.00,51.00,7004.00,0.00,0.00,341.00,12196.35,0.00
7.72,0.00,0.00,49.00,7006.00,0.00,0.00,341.00,11879.52,0.00
7.72,0.00,0.00,48.00,7007.00,0.00,0.00,341.00,11575.02,0.00
7.73,0.00,0.00,48.00,7007.00,0.00,0.00,341.00,11296.80,0.00
7.74,0.00,0.00,48.00,7007.00,0.00,0.00,341.00,11042.61,0.00
7.74,0.00,0.00,47.00,7008.00,0.00,0.00,341.00,10795.34,0.00
7.75,0.00,0.00,46.00,7009.00,0.00,0.00,341.00,10554.39,0.00
7.76,0.00,0.00,46.00,7009.00,0.00,0.00,341.00,10334.25,0.00
7.76,0.00,0.00,46.00,7009.00,0.00,0.00,341.00,10133.11,0.00
7.77,0.00,0.00,46.00,7009.00,0.00,0.00,341.00,9949.33,0.00
7.78,0.00,0.00,46.00,7009.00,0.00,0.00,341.00,9781.43,0.00
7.78,0.00,0.00,45.00,7010.00,0.00,0.00,341.00,9612.99,0.00
7.79,0.00,0.00,45.00,7010.00,0.00,0.00,341.00,9459.10,0.00
7.80,0.00,0.00,45.00,7010.00,0.00,0.00,341.00,9318.50,0.00
7.81,0.00,0.00,41.00,7014.00,0.00,0.00,341.00,9129.94,0.00
7.81,0.00,0.00,40.00,7015.00,0.00,0.00,341.00,8942.63,0.00
7.82,0.00,0.00,39.00,7016.00,0.00,0.00,341.00,8756.48,0.00
7.83,0.00,0.00,38.00,7017.00,0.00,0.00,341.00,8571.37,0.00
7.83,0.00,0.00,37.00,7018.00,0.00,0.00,341.00,8387.22,0.00
7.84,0.00,0.00,37.00,7018.00,0.00,0.00,341.00,8218.97,0.00
7.85,0.00,0.00,34.00,7021.00,0.00,0.00,341.00,8020.18,0.00
7.85,0.00,0.00,33.00,7022.00,0.00,0.00,341.00,7823.52,0.00
7.86,0.00,0.00,31.00,7024.00,0.00,0.00,341.00,7613.80,0.00
7.87,0.00,0.00,31.00,7024.00,0.00,0.00,341.00,7422.18,0.00
7.88,0.00,0.00,28.00,7027.00,0.00,0.00,341.00,7202.04,0.00
7.88,0.00,0.00,27.00,7028.00,0.00,0.00,341.00,6985.88,0.00
7.89,0.00,0.00,27.00,7028.00,0.00,0.00,341.00,6788.38,0.00
7.90,0.00,0.00,27.00,7028.00,0.00,0.00,341.00,6607.93,0.00
7.90,0.00,0.00,27.00,7028.00,0.00,0.00,341.00,6443.07,0.00
7.91,0.00,0.00,27.00,7028.00,0.00,0.00,341.00,6292.43,0.00
7.92,0.00,0.00,26.00,7029.00,0.00,0.00,341.00,6139.78,0.00
7.92,0.00,0.00,26.00,7029.00,0.00,0.00,341.00,6000.30,0.00
7.93,0.00,0.00,26.00,7029.00,0.00,0.00,341.00,5872.87,0.00
7.94,0.00,0.00,26.00,7029.00,0.00,0.00,341.00,5756.44,0.00
7.94,0.00,0.00,25.00,7030.00,0.00,0.00,341.00,5635.04,0.00
7.95,0.00,0.00,25.00,7030.00,0.00,0.00,341.00,5524.12,0.00
7.96,0.00,0.00,23.00,7032.00,0.00,0.00,341.00,5392.73,0.00
7.97,0.00,0.00,23.00,7032.00,0.00,0.00,341.00,5272.68,0.00
7.97,0.00,0.00,23.00,7032.00,0.00,0.00,341.00,5163.00,0.00
7.98,0.00,0.00,21.00,7034.00,0.00,0.00,341.00,5032.74,0.00
7.99,0.00,0.00,21.00,7034.00,0.00,0.00,341.00,4913.73,0.00
7.99,0.00,0.00,21.00,7034.00,0.00,0.00,341.00,4804.99,0.00
8.00,0.00,0.00,21.00,7034.00,0.00,0.00,341.00,4705.64,0.00
8.01,0.00,0.00,20.00,7035.00,0.00,0.00,341.00,4599.84,0.00
8.01,0.00,0.00,20.00,7035.00,0.00,0.00,341.00,4503.18,0.00
8.02,0.00,0.00,19.00,7036.00,0.00,0.00,341.00,4399.84,0.00
8.03,0.00,0.00,18.00,7037.00,0.00,0.00,341.00,4290.40,0.00
8.03,0.00,0.00,17.00,7038.00,0.00,0.00,341.00,4175.38,0.00
8.04,0.00,0.00,17.00,7038.00,0.00,0.00,341.00,4070.30,0.00
8.05,0.00,0.00,17.00,7038.00,0.00,0.00,341.00,3974.28,0.00
8.06,0.00,0.00,17.00,7038.00,0.00,0.00,341.00,3886.56,0.00
8.06,0.00,0.00,17.00,7038.00,0.00,0.00,341.00,3806.41,0.00
8.07,0.00,0.00,17.00,7038.00,0.00,0.00,341.00,3733.18,0.00
8.08,0.00,0.00,16.00,7039.00,0.00,0.00,341.00,3651.24,0.00
8.08,0.00,0.00,15.00,7040.00,0.00,0.00,341.00,3561.36,0.00
8.09,0.00,0.00,15.00,7040.00,0.00,0.00,341.00,3479.24,0.00
8.10,0.00,0.00,15.00,7040.00,0.00,0.00,341.00,3404.21,0.00
8.10,0.00,0.00,15.00,7040.00,0.00,0.00,341.00,3335.66,0.00
8.11,0.00,0.00,15.00,7040.00,0.00,0.00,341.00,3273.02,0.00
8.12,0.00,0.00,14.00,7041.00,0.00,0.00,341.00,3200.77,0.00
8.12,0.00,0.00,14.00,7041.00,0.00,0.00,341.00,3134.76,0.00
8.13,0.00,0.00,14.00,7041.00,0.00,0.00,341.00,3074.44,0.00
8.14,0.00,0.00,14.00,7041.00,0.00,0.00,341.00,3019.34,0.00
8.15,0.00,0.00,14.00,7041.00,0.00,0.00,341.00,2968.99,0.00
8.15,0.00,0.00,12.00,7043.00,0.00,0.00,341.00,2892.94,0.00
8.16,0.00,0.00,11.00,7044.00,0.00,0.00,341.00,2808.43,0.00
8.17,0.00,0.00,11.00,7044.00,0.00,0.00,341.00,2731.22,0.00
8.17,0.00,0.00,11.00,7044.00,0.00,0.00,341.00,2660.68,0.00
8.18,0.00,0.00,9.00,7046.00,0.00,0.00,341.00,2566.18,0.00
8.19,0.00,0.00,9.00,7046.00,0.00,0.00,341.00,2479.84,0.00
8.19,0.00,0.00,8.00,7047.00,0.00,0.00,341.00,2385.93,0.00
8.20,0.00,0.00,8.00,7047.00,0.00,0.00,341.00,2300.12,0.00
8.21,0.00,0.00,8.00,7047.00,0.00,0.00,341.00,2221.73,0.00
8.22,0.00,0.00,8.00,7047.00,0.00,0.00,341.00,2150.10,0.00
8.22,0.00,0.00,8.00,7047.00,0.00,0.00,341.00,2084.66,0.00
8.23,0.00,0.00,8.00,7047.00,0.00,0.00,341.00,2024.87,0.00
8.24,0.00,0.00,8.00,7047.00,0.00,0.00,341.00,1970.24,0.00
8.24,0.00,0.00,8.00,7047.00,0.00,0.00,341.00,1920.32,0.00
8.25,0.00,0.00,8.00,7047.00,0.00,0.00,341.00,1874.72,0.00
8.26,0.00,0.00,6.00,7049.00,0.00,0.00,341.00,1803.00,0.00
8.26,0.00,0.00,6.00,7049.00,0.00,0.00,341.00,1737.48,0.00
8.27,0.00,0.00,6.00,7049.00,0.00,0.00,341.00,1677.61,0.00
8.28,0.00,0.00,6.00,7049.00,0.00,0.00,341.00,1622.92,0.00
8.28,0.00,0.00,6.00,7049.00,0.00,0.00,341.00,1572.94,0.00
8.29,0.00,0.00,6.00,7049.00,0.00,0.00,341.00,1527.28,0.00
8.30,0.00,0.00,6.00,7049.00,0.00,0.00,341.00,1485.56,0.00
8.31,0.00,0.00,6.00,7049.00,0.00,0.00,341.00,1447.45,0.00
8.31,0.00,0.00,5.00,7050.00,0.00,0.00,341.00,1397.60,0.00
8.32,0.00,0.00,5.00,7050.00,0.00,0.00,341.00,1352.05,0.00
8.33,0.00,0.00,5.00,7050.00,0.00,0.00,341.00,1310.44,0.00
8.33,0.00,0.00,5.00,7050.00,0.00,0.00,341.00,1272.42,0.00
8.34,0.00,0.00,5.00,7050.00,0.00,0.00,341.00,1237.68,0.00
8.35,0.00,0.00,4.00,7051.00,0.00,0.00,341.00,1190.92,0.00
8.35,0.00,0.00,4.00,7051.00,0.00,0.00,341.00,1148.19,0.00
8.36,0.00,0.00,4.00,7051.00,0.00,0.00,341.00,1109.16,0.00
8.37,0.00,0.00,4.00,7051.00,0.00,0.00,341.00,1073.49,0.00
8.38,0.00,0.00,4.00,7051.00,0.00,0.00,341.00,1040.90,0.00
8.38,0.00,0.00,4.00,7051.00,0.00,0.00,341.00,1011.13,0.00
8.39,0.00,0.00,4.00,7051.00,0.00,0.00,341.00,983.93,0.00
8.40,0.00,0.00,4.00,7051.00,0.00,0.00,341.00,959.07,0.00
8.40,0.00,0.00,4.00,7051.00,0.00,0.00,341.00,936.37,0.00
8.41,0.00,0.00,4.00,7051.00,0.00,0.00,341.00,915.62,0.00
8.42,0.00,0.00,4.00,7051.00,0.00,0.00,341.00,896.66,0.00
8.42,0.00,0.00,4.00,7051.00,0.00,0.00,341.00,879.34,0.00
8.43,0.00,0.00,4.00,7051.00,0.00,0.00,341.00,863.52,0.00
8.44,0.00,0.00,4.00,7051.00,0.00,0.00,341.00,849.06,0.00
8.44,0.00,0.00,4.00,7051.00,0.00,0.00,341.00,835.85,0.00
8.45,0.00,0.00,4.00,7051.00,0.00,0.00,341.00,823.78,0.00
8.46,0.00,0.00,4.00,7051.00,0.00,0.00,341.00,812.75,0.00
8.47,0.00,0.00,3.00,7052.00,0.00,0.00,341.00,787.65,0.00
8.47,0.00,0.00,3.00,7052.00,0.00,0.00,341.00,764.72,0.00
8.48,0.00,0.00,3.00,7052.00,0.00,0.00,341.00,743.77,0.00
8.49,0.00,0.00,3.00,7052.00,0.00,0.00,341.00,724.62,0.00
8.49,0.00,0.00,3.00,7052.00,0.00,0.00,341.00,707.13,0.00
8.50,0.00,0.00,3.00,7052.00,0.00,0.00,341.00,691.15,0.00
8.51,0.00,0.00,3.00,7052.00,0.00,0.00,341.00,676.55,0.00
8.51,0.00,0.00,3.00,7052.00,0.00,0.00,341.00,663.21,0.00
8.52,0.00,0.00,3.00,7052.00,0.00,0.00,341.00,651.02,0.00
8.53,0.00,0.00,3.00,7052.00,0.00,0.00,341.00,639.89,0.00
8.53,0.00,0.00,3.00,7052.00,0.00,0.00,341.00,629.71,0.00
8.54,0.00,0.00,3.00,7052.00,0.00,0.00,341.00,620.41,0.00
8.55,0.00,0.00,3.00,7052.00,0.00,0.00,341.00,611.92,0.00
8.56,0.00,0.00,3.00,7052.00,0.00,0.00,341.00,604.16,0.00
8.56,0.00,0.00,3.00,7052.00,0.00,0.00,341.00,597.07,0.00
8.57,0.00,0.00,3.00,7052.00,0.00,0.00,341.00,590.59,0.00
8.58,0.00,0.00,3.00,7052.00,0.00,0.00,341.00,584.67,0.00
8.58,0.00,0.00,3.00,7052.00,0.00,0.00,341.00,579.26,0.00
8.59,0.00,0.00,2.00,7053.00,0.00,0.00,341.00,559.30,0.00
8.60,0.00,0.00,2.00,7053.00,0.00,0.00,341.00,541.06,0.00
8.60,0.00,0.00,2.00,7053.00,0.00,0.00,341.00,524.39,0.00
8.61,0.00,0.00,2.00,7053.00,0.00,0.00,341.00,509.17,0.00
8.62,0.00,0.00,2.00,7053.00,0.00,0.00,341.00,495.25,0.00
8.62,0.00,0.00,2.00,7053.00,0.00,0.00,341.00,482.54,0.00
8.63,0.00,0.00,2.00,7053.00,0.00,0.00,341.00,470.93,0.00
8.64,0.00,0.00,2.00,7053.00,0.00,0.00,341.00,460.32,0.00
8.65,0.00,0.00,2.00,7053.00,0.00,0.00,341.00,450.62,0.00
8.65,0.00,0.00,2.00,7053.00,0.00,0.00,341.00,441.76,0.00
8.66,0.00,0.00,2.00,7053.00,0.00,0.00,341.00,433.67,0.00
8.67,0.00,0.00,2.00,7053.00,0.00,0.00,341.00,426.28,0.00
8.67,0.00,0.00,2.00,7053.00,0.00,0.00,341.00,419.52,0.00
8.68,0.00,0.00,2.00,7053.00,0.00,0.00,341.00,413.35,0.00
8.69,0.00,0.00,2.00,7053.00,0.00,0.00,341.00,407.71,0.00
8.69,0.00,0.00,2.00,7053.00,0.00,0.00,341.00,402.56,0.00
8.70,0.00,0.00,2.00,7053.00,0.00,0.00,341.00,397.85,0.00
8.71,0.00,0.00,2.00,7053.00,0.00,0.00,341.00,393.55,0.00
8.72,0.00,0.00,2.00,7053.00,0.00,0.00,341.00,389.62,0.00
8.72,0.00,0.00,2.00,7053.00,0.00,0.00,341.00,386.02,0.00
8.73,0.00,0.00,2.00,7053.00,0.00,0.00,341.00,382.74,0.00
8.74,0.00,0.00,2.00,7053.00,0.00,0.00,341.00,379.75,0.00
8.74,0.00,0.00,2.00,7053.00,0.00,0.00,341.00,377.01,0.00
8.75,0.00,0.00,2.00,7053.00,0.00,0.00,341.00,374.50,0.00
8.76,0.00,0.00,2.00,7053.00,0.00,0.00,341.00,372.22,0.00
8.76,0.00,0.00,2.00,7053.00,0.00,0.00,341.00,370.13,0.00
8.77,0.00,0.00,2.00,7053.00,0.00,0.00,341.00,368.22,0.00
8.78,0.00,0.00,2.00,7053.00,0.00,0.00,341.00,366.48,0.00
8.78,0.00,0.00,1.00,7054.00,0.00,0.00,341.00,349.86,0.00
8.79,0.00,0.00,1.00,7054.00,0.00,0.00,341.00,334.68,0.00
8.80,0.00,0.00,1.00,7054.00,0.00,0.00,341.00,320.81,0.00
8.81,0.00,0.00,1.00,7054.00,0.00,0.00,341.00,308.13,0.00
8.81,0.00,0.00,1.00,7054.00,0.00,0.00,341.00,296.55,0.00
8.82,0.00,0.00,1.00,7054.00,0.00,0.00,341.00,285.97,0.00
8.83,0.00,0.00,1.00,7054.00,0.00,0.00,341.00,276.31,0.00
8.83,0.00,0.00,1.00,7054.00,0.00,0.00,341.00,267.48,0.00
8.84,0.00,0.00,1.00,7054.00,0.00,0.00,341.00,259.41,0.00
8.85,0.00,0.00,1.00,7054.00,0.00,0.00,341.00,252.03,0.00
8.85,0.00,0.00,1.00,7054.00,0.00,0.00,341.00,245.30,0.00
8.86,0.00,0.00,1.00,7054.00,0.00,0.00,341.00,239.14,0.00
8.87,0.00,0.00,1.00,7054.00,0.00,0.00,341.00,233.52,0.00
8.88,0.00,0.00,1.00,7054.00,0.00,0.00,341.00,228.38,0.00
8.88,0.00,0.00,1.00,7054.00,0.00,0.00,341.00,223.69,0.00
8.89,0.00,0.00,1.00,7054.00,0.00,0.00,341.00,219.40,0.00
8.90,0.00,0.00,1.00,7054.00,0.00,0.00,341.00,215.48,0.00
8.90,0.00,0.00,1.00,7054.00,0.00,0.00,341.00,211.90,0.00
8.91,0.00,0.00,1.00,7054.00,0.00,0.00,341.00,208.63,0.00
8.92,0.00,0.00,1.00,7054.00,0.00,0.00,341.00,205.64,0.00
8.92,0.00,0.00,1.00,7054.00,0.00,0.00,341.00,202.91,0.00
8.93,0.00,0.00,1.00,7054.00,0.00,0.00,341.00,200.41,0.00
8.94,0.00,0.00,1.00,7054.00,0.00,0.00,341.00,198.14,0.00
8.94,0.00,0.00,1.00,7054.00,0.00,0.00,341.00,196.05,0.00
8.95,0.00,0.00,0.00,7055.00,0.00,0.00,341.00,179.13,0.00
8.96,0.00,0.00,0.00,7055.00,0.00,0.00,341.00,163.66,0.00
8.97,0.00,0.00,0.00,7055.00,0.00,0.00,341.00,149.53,0.00
8.97,0.00,0.00,0.00,7055.00,0.00,0.00,341.00,136.62,0.00
8.98,0.00,0.00,0.00,7055.00,0.00,0.00,341.00,124.83,0.00
8.99,0.00,0.00,0.00,7055.00,0.00,0.00,341.00,114.05,0.00
8.99,0.00,0.00,0.00,7055.00,0.00,0.00,341.00,104.20,0.00
9.00,0.00,0.00,0.00,7055.00,0.00,0.00,341.00,95.21,0.00
9.01,0.00,0.00,0.00,7055.00,0.00,0.00,341.00,86.99,0.00
9.01,0.00,0.00,0.00,7055.00,0.00,0.00,341.00,79.48,0.00
9.02,0.00,0.00,0.00,7055.00,0.00,0.00,341.00,72.62,0.00
9.03,0.00,0.00,0.00,7055.00,0.00,0.00,341.00,66.35,0.00
9.03,0.00,0.00,0.00,7055.00,0.00,0.00,341.00,60.62,0.00
9.04,0.00,0.00,0.00,7055.00,0.00,0.00,341.00,55.39,0.00
9.05,0.00,0.00,0.00,7055.00,0.00,0.00,341.00,50.60,0.00
9.06,0.00,0.00,0.00,7055.00,0.00,0.00,341.00,46.23,0.00
9.06,0.00,0.00,0.00,7055.00,0.00,0.00,341.00,42.24,0.00
9.07,0.00,0.00,0.00,7055.00,0.00,0.00,341.00,38.60,0.00
9.08,0.00,0.00,0.00,7055.00,0.00,0.00,341.00,35.26,0.00
9.08,0.00,0.00,0.00,7055.00,0.00,0.00,341.00,32.22,0.00
9.09,0.00,0.00,0.00,7055.00,0.00,0.00,341.00,29.44,0.00
9.10,0.00,0.00,0.00,7055.00,0.00,0.00,341.00,26.90,0.00
9.10,0.00,0.00,0.00,7055.00,0.00,0.00,341.00,24.57,0.00
9.11,0.00,0.00,0.00,7055.00,0.00,0.00,341.00,22.45,0.00
9.12,0.00,0.00,0.00,7055.00,0.00,0.00,341.00,20.51,0.00
9.12,0.00,0.00,0.00,7055.00,0.00,0.00,341.00,18.74,0.00
9.13,0.00,0.00,0.00,7055.00,0.00,0.00,341.00,17.12,0.00
9.14,0.00,0.00,0.00,7055.00,0.00,0.00,341.00,15.65,0.00
9.15,0.00,0.00,0.00,7055.00,0.00,0.00,341.00,14.30,0.00
9.15,0.00,0.00,0.00,7055.00,0.00,0.00,341.00,13.06,0.00
9.16,0.00,0.00,0.00,7055.00,0.00,0.00,341.00,11.93,0.00
9.17,0.00,0.00,0.00,7055.00,0.00,0.00,341.00,10.90,0.00
9.17,0.00,0.00,0.00,7055.00,0.00,0.00,341.00,9.96,0.00
9.18,0.00,0.00,0.00,7055.00,0.00,0.00,341.00,9.10,0.00
9.19,0.00,0.00,0.00,7055.00,0.00,0.00,341.00,8.32,0.00
9.19,0.00,0.00,0.00,7055.00,0.00,0.00,341.00,7.60,0.00
9.20,0.00,0.00,0.00,7055.00,0.00,0.00,341.00,6.94,0.00
9.21,0.00,0.00,0.00,7055.00,0.00,0.00,341.00,6.34,0.00
9.22,0.00,0.00,0.00,7055.00,0.00,0.00,341.00,5.80,0.00
9.22,0.00,0.00,0.00,7055.00,0.00,0.00,341.00,5.29,0.00
9.23,0.00,0.00,0.00,7055.00,0.00,0.00,341.00,4.84,0.00
9.24,0.00,0.00,0.00,7055.00,0.00,0.00,341.00,4.42,0.00
9.24,0.00,0.00,0.00,7055.00,0.00,0.00,341.00,4.04,0.00
9.25,0.00,0.00,0.00,7055.00,0.00,0.00,341.00,3.69,0.00
9.26,0.00,0.00,0.00,7055.00,0.00,0.00,341.00,3.37,0.00
9.26,0.00,0.00,0.00,7055.00,0.00,0.00,341.00,3.08,0.00
9.27,0.00,0.00,0.00,7055.00,0.00,0.00,341.00,2.81,0.00
9.28,0.00,0.00,0.00,7055.00,0.00,0.00,341.00,2.57,0.00
9.28,0.00,0.00,0.00,7055.00,0.00,0.00,341.00,2.35,0.00
9.29,0.00,0.00,0.00,7055.00,0.00,0.00,341.00,2.15,0.00
9.30,0.00,0.00,0.00,7055.00,0.00,0.00,341.00,1.96,0.00
9.31,0.00,0.00,0.00,7055.00,0.00,0.00,341.00,1.79,0.00
9.31,0.00,0.00,0.00,7055.00,0.00,0.00,341.00,1.64,0.00
9.32,0.00,0.00,0.00,7055.00,0.00,0.00,341.00,1.50,0.00
9.33,0.00,0.00,0.00,7055.00,0.00,0.00,341.00,1.37,0.00
9.33,0.00,0.00,0.00,7055.00,0.00,0.00,341.00,1.25,0.00
9.34,0.00,0.00,0.00,7055.00,0.00,0.00,341.00,1.14,0.00
9.35,0.00,0.00,0.00,7055.00,0.00,0.00,341.00,1.04,0.00
9.35,0.00,0.00,0.00,7055.00,0.00,0.00,341.00,0.95,0.00
9.36,0.00,0.00,0.00,7055.00,0.00,0.00,341.00,0.87,0.00
9.37,0.00,0.00,0.00,7055.00,0.00,0.00,341.00,0.80,0.00
9.38,0.00,0.00,0.00,7055.00,0.00,0.00,341.00,0.73,0.00
9.38,0.00,0.00,0.00,7055.00,0.00,0.00,341.00,0.66,0.00
9.39,0.00,0.00,0.00,7055.00,0.00,0.00,341.00,0.61,0.00
9.40,0.00,0.00,0.00,7055.00,0.00,0.00,341.00,0.55,0.00
9.40,0.00,0.00,0.00,7055.00,0.00,0.00,341.00,0.51,0.00
9.41,0.00,0.00,0.00,7055.00,0.00,0.00,341.00,0.46,0.00
9.42,0.00,0.00,0.00,7055.00,0.00,0.00,341.00,0.42,0.00
9.42,0.00,0.00,0.00,7055.00,0.00,0.00,341.00,0.39,0.00
9.43,0.00,0.00,0.00,7055.00,0.00,0.00,341.00,0.35,0.00
9.44,0.00,0.00,0.00,7055.00,0.00,0.00,341.00,0.32,0.00
9.44,0.00,0.00,0.00,7055.00,0.00,0.00,341.00,0.29,0.00
9.45,0.00,0.00,0.00,7055.00,0.00,0.00,341.00,0.27,0.00
9.46,0.00,0.00,0.00,7055.00,0.00,0.00,341.00,0.25,0.00
9.47,0.00,0.00,0.00,7055.00,0.00,0.00,341.00,0.22,0.00
9.47,0.00,0.00,0.00,7055.00,0.00,0.00,341.00,0.21,0.00
9.48,0.00,0.00,0.00,7055.00,0.00,0.00,341.00,0.19,0.00
9.49,0.00,0.00,0.00,7055.00,0.00,0.00,341.00,0.17,0.00
9.49,0.00,0.00,0.00,7055.00,0.00,0.00,341.00,0.16,0.00
9.50,0.00,0.00,0.00,7055.00,0.00,0.00,341.00,0.14,0.00
9.51,0.00,0.00,0.00,7055.00,0.00,0.00,341.00,0.13,0.00
9.51,0.00,0.00,0.00,7055.00,0.00,0.00,341.00,0.12,0.00
9.52,0.00,0.00,0.00,7055.00,0.00,0.00,341.00,0.11,0.00
9.53,0.00,0.00,0.00,7055.00,0.00,0.00,341.00,0.10,0.00
9.53,0.00,0.00,0.00,7055.00,0.00,0.00,341.00,0.09,0.00
9.54,0.00,0.00,0.00,7055.00,0.00,0.00,341.00,0.08,0.00
9.55,0.00,0.00,0.00,7055.00,0.00,0.00,341.00,0.08,0.00
9.56,0.00,0.00,0.00,7055.00,0.00,0.00,341.00,0.07,0.00
9.56,0.00,0.00,0.00,7055.00,0.00,0.00,341.00,0.06,0.00
9.57,0.00,0.00,0.00,7055.00,0.00,0.00,341.00,0.06,0.00
9.58,0.00,0.00,0.00,7055.00,0.00,0.00,341.00,0.05,0.00
9.58,0.00,0.00,0.00,7055.00,0.00,0.00,341.00,0.05,0.00
9.59,0.00,0.00,0.00,7055.00,0.00,0.00,341.00,0.04,0.00
9.60,0.00,0.00,0.00,7055.00,0.00,0.00,341.00,0.04,0.00
9.60,0.00,0.00,0.00,7055.00,0.00,0.00,341.00,0.04,0.00
9.61,0.00,0.00,0.00,7055.00,0.00,0.00,341.00,0.03,0.00
9.62,0.00,0.00,0.00,7055.00,0.00,0.00,341.00,0.03,0.00
9.62,0.00,0.00,0.00,7055.00,0.00,0.00,341.00,0.03,0.00
9.63,0.00,0.00,0.00,7055.00,0.00,0.00,341.00,0.03,0.00
9.64,0.00,0.00,0.00,7055.00,0.00,0.00,341.00,0.02,0.00
9.65,0.00,0.00,0.00,7055.00,0.00,0.00,341.00,0.02,0.00
9.65,0.00,0.00,0.00,7055.00,0.00,0.00,341.00,0.02,0.00
9.66,0.00,0.00,0.00,7055.00,0.00,0.00,341.00,0.02,0.00
9.67,0.00,0.00,0.00,7055.00,0.00,0.00,341.00,0.02,0.00
9.67,0.00,0.00,0.00,7055.00,0.00,0.00,341.00,0.01,0.00
9.68,0.00,0.00,0.00,7055.00,0.00,0.00,341.00,0.01,0.00
9.69,0.00,0.00,0.00,7055.00,0.00,0.00,341.00,0.01,0.00
9.69,0.00,0.00,0.00,7055.00,0.00,0.00,341.00,0.01,0.00
9.70,0.00,0.00,0.00,7055.00,0.00,0.00,341.00,0.01,0.00
9.71,0.00,0.00,0.00,7055.00,0.00,0.00,341.00,0.01,0.00
9.72,0.00,0.00,0.00,7055.00,0.00,0.00,341.00,0.01,0.00
9.72,0.00,0.00,0.00,7055.00,0.00,0.00,341.00,0.01,0.00
9.73,0.00,0.00,0.00,7055.00,0.00,0.00,341.00,0.01,0.00
9.74,0.00,0.00,0.00,7055.00,0.00,0.00,341.00,0.01,0.00
9.74,0.00,0.00,0.00,7055.00,0.00,0.00,341.00,0.01,0.00
9.75,0.00,0.00,0.00,7055.00,0.00,0.00,341.00,0.01,0.00
9.76,0.00,0.00,0.00,7055.00,0.00,0.00,341.00,0.01,0.00
9.76,0.00,0.00,0.00,7055.00,0.00,0.00,341.00,0.00,0.00
9.77,0.00,0.00,0.00,7055.00,0.00,0.00,341.00,0.00,0.00
9.78,0.00,0.00,0.00,7055.00,0.00,0.00,341.00,0.00,0.00
9.78,0.00,0.00,0.00,7055.00,0.00,0.00,341.00,0.00,0.00
9.79,0.00,0.00,0.00,7055.00,0.00,0.00,341.00,0.00,0.00
9.80,0.00,0.00,0.00,7055.00,0.00,0.00,341.00,0.00,0.00
9.81,0.00,0.00,0.00,7055.00,0.00,0.00,341.00,0.00,0.00
9.81,0.00,0.00,0.00,7055.00,0.00,0.00,341.00,0.00,0.00
9.82,0.00,0.00,0.00,7055.00,0.00,0.00,341.00,0.00,0.00
9.83,0.00,0.00,0.00,7055.00,0.00,0.00,341.00,0.00,0.00
9.83,0.00,0.00,0.00,7055.00,0.00,0.00,341.00,0.00,0.00
9.84,0.00,0.00,0.00,7055.00,0.00,0.00,341.00,0.00,0.00
9.85,0.00,0.00,0.00,7055.00,0.00,0.00,341.00,0.00,0.00
9.85,0.00,0.00,0.00,7055.00,0.00,0.00,341.00,0.00,0.00
9.86,0.00,0.00,0.00,7055.00,0.00,0.00,341.00,0.00,0.00
9.87,0.00,0.00,0.00,7055.00,0.00,0.00,341.00,0.00,0.00
9.88,0.00,0.00,0.00,7055.00,0.00,0.00,341.00,0.00,0.00
9.88,0.00,0.00,0.00,7055.00,0.00,0.00,341.00,0.00,0.00
9.89,0.00,0.00,0.00,7055.00,0.00,0.00,341.00,0.00,0.00
9.90,0.00,0.00,0.00,7055.00,0.00,0.00,341.00,0.00,0.00
9.90,0.00,0.00,0.00,7055.00,0.00,0.00,341.00,0.00,0.00
9.91,0.00,0.00,0.00,7055.00,0.00,0.00,341.00,0.00,0.00
9.92,0.00,0.00,0.00,7055.00,0.00,0.00,341.00,0.00,0.00
9.92,0.00,0.00,0.00,7055.00,0.00,0.00,341.00,0.00,0.00
9.93,0.00,0.00,0.00,7055.00,0.00,0.00,341.00,0.00,0.00
9.94,0.00,0.00,0.00,7055.00,0.00,0.00,341.00,0.00,0.00
9.94,0.00,0.00,0.00,7055.00,0.00,0.00,341.00,0.00,0.00
9.95,0.00,0.00,0.00,7055.00,0.00,0.00,341.00,0.00,0.00
9.96,0.00,0.00,0.00,7055.00,0.00,0.00,341.00,0.00,0.00
9.97,0.00,0.00,0.00,7055.00,0.00,0.00,341.00,0.00,0.00
9.97,0.00,0.00,0.00,7055.00,0.00,0.00,341.00,0.00,0.00
9.98,0.00,0.00,0.00,7055.00,0.00,0.00,341.00,0.00,0.00
9.99,0.00,0.00,0.00,7055.00,0.00,0.00,341.00,0.00,0.00
9.99,0.00,0.00,0.00,7055.00,0.00,0.00,341.00,0.00,0.00
