Time,U,AI1,AI2,AD,BI2,BI2,BD,VA,VB
0.00,7394.00,0.00,0.00,0.00,2.00,0.00,0.00,75.00,75.00
0.01,7392.00,1.00,0.00,0.00,3.00,0.00,0.00,68.52,68.47
0.01,7392.00,1.00,0.00,0.00,3.00,0.00,0.00,62.60,62.51
0.02,7391.00,2.00,0.00,0.00,3.00,0.00,0.00,57.19,57.06
0.03,7389.00,3.00,0.00,0.00,4.00,0.00,0.00,52.25,52.10
0.03,7389.00,3.00,0.00,0.00,4.00,0.00,0.00,47.73,47.56
0.04,7386.00,4.00,0.00,0.00,6.00,0.00,0.00,43.61,43.42
0.05,7386.00,4.00,0.00,0.00,6.00,0.00,0.00,39.84,39.64
0.06,7386.00,4.00,0.00,0.00,6.00,0.00,0.00,36.40,36.19
0.06,7384.00,5.00,0.00,0.00,7.00,0.00,0.00,33.25,33.03
0.07,7384.00,5.00,0.00,0.00,6.00,1.00,0.00,30.38,45.18
0.08,7383.00,6.00,0.00,0.00,6.00,1.00,0.00,27.75,56.27
0.08,7383.00,6.00,0.00,0.00,5.00,2.00,0.00,25.36,81.42
0.09,7381.00,6.00,0.00,0.00,7.00,2.00,0.00,23.17,104.37
0.10,7380.00,6.00,0.00,0.00,8.00,1.00,1.00,21.16,110.31
0.10,7380.00,5.00,1.00,0.00,8.00,1.00,1.00,169.57,115.73
0.11,7376.00,7.00,1.00,0.00,10.00,1.00,1.00,305.15,120.67
0.12,7372.00,10.00,1.00,0.00,11.00,1.00,1.00,429.01,125.19
0.12,7368.00,13.00,2.00,0.00,11.00,1.00,1.00,692.40,129.31
0.13,7364.00,17.00,1.00,1.00,11.00,1.00,1.00,782.81,133.07
0.14,7360.00,18.00,2.00,1.00,13.00,1.00,1.00,1015.63,136.51
0.15,7345.00,28.00,3.00,1.00,16.00,2.00,1.00,1378.56,154.67
0.15,7330.00,43.00,3.00,1.00,16.00,2.00,1.00,1710.14,171.25
0.16,7313.00,56.00,5.00,1.00,18.00,1.00,2.00,2313.53,171.36
0.17,7296.00,71.00,7.00,1.00,18.00,1.00,2.00,3165.24,171.46
0.17,7282.00,82.00,8.00,2.00,19.00,1.00,2.00,4093.59,171.55
0.18,7256.00,104.00,10.00,2.00,20.00,2.00,2.00,5242.19,186.66
0.19,7232.00,127.00,11.00,2.00,19.00,3.00,2.00,6441.77,215.48
0.19,7195.00,162.00,13.00,2.00,19.00,3.00,2.00,7838.16,241.78
0.20,7161.00,188.00,21.00,2.00,17.00,5.00,2.00,10315.74,295.85
0.21,7117.00,226.00,24.00,4.00,18.00,5.00,2.00,13029.94,345.20
0.22,7076.00,258.00,33.00,4.00,17.00,6.00,2.00,16861.69,405.28
0.22,7025.00,301.00,41.00,4.00,15.00,8.00,2.00,21564.20,490.18
0.23,6971.00,348.00,44.00,6.00,16.00,9.00,2.00,26311.07,582.70
0.24,6895.00,406.00,58.00,8.00,17.00,10.00,2.00,32751.01,682.19
0.24,6827.00,464.00,62.00,11.00,20.00,10.00,2.00,39235.43,773.02
0.25,6742.00,526.00,83.00,11.00,22.00,10.00,2.00,48314.39,855.94
0.26,6650.00,599.00,97.00,13.00,24.00,11.00,2.00,58712.11,946.66
0.26,6548.00,680.00,110.00,15.00,30.00,11.00,2.00,70164.39,1029.49
0.27,6443.00,763.00,130.00,16.00,29.00,13.00,2.00,83631.74,1135.14
0.28,6319.00,852.00,154.00,18.00,38.00,13.00,2.00,99540.96,1231.60
0.28,6195.00,942.00,180.00,20.00,42.00,15.00,2.00,117981.52,1349.70
0.29,6075.00,1030.00,205.00,22.00,47.00,15.00,2.00,138584.46,1457.52
0.30,5935.00,1142.00,227.00,24.00,50.00,15.00,3.00,160712.24,1555.96
0.31,5794.00,1243.00,258.00,27.00,56.00,14.00,4.00,185585.19,1630.79
0.31,5659.00,1336.00,288.00,30.00,65.00,14.00,4.00,212815.87,1699.11
0.32,5535.00,1415.00,321.00,41.00,65.00,14.00,5.00,242651.25,1761.49
0.33,5400.00,1512.00,352.00,46.00,66.00,14.00,6.00,274565.80,1818.43
0.33,5221.00,1640.00,395.00,49.00,69.00,15.00,7.00,310182.64,1885.43
0.34,5064.00,1738.00,441.00,57.00,74.00,15.00,7.00,349632.57,1946.60
0.35,4871.00,1881.00,480.00,61.00,80.00,16.00,7.00,391532.74,2017.47
0.35,4717.00,1971.00,534.00,66.00,79.00,20.00,9.00,437924.92,2142.26
0.36,4536.00,2067.00,605.00,74.00,81.00,24.00,9.00,490974.89,2316.28
0.37,4354.00,2185.00,654.00,84.00,83.00,27.00,9.00,546802.29,2520.21
0.38,4185.00,2300.00,698.00,90.00,87.00,26.00,10.00,604415.96,2691.36
0.38,4009.00,2400.00,762.00,98.00,89.00,28.00,10.00,666666.18,2877.65
0.39,3862.00,2464.00,835.00,104.00,90.00,30.00,11.00,734504.41,3077.77
0.40,3690.00,2558.00,902.00,108.00,96.00,29.00,13.00,806546.41,3245.44
0.40,3515.00,2660.00,967.00,113.00,97.00,29.00,15.00,882128.47,3398.51
0.41,3359.00,2722.00,1056.00,117.00,98.00,28.00,16.00,964550.27,3523.23
0.42,3188.00,2801.00,1138.00,126.00,97.00,29.00,17.00,1052169.18,3652.11
0.42,3031.00,2863.00,1219.00,132.00,100.00,33.00,18.00,1144385.91,3829.87
0.43,2868.00,2928.00,1305.00,138.00,104.00,35.00,18.00,1241554.31,4022.19
0.44,2733.00,2974.00,1385.00,143.00,105.00,38.00,18.00,1342345.14,4242.83
0.44,2577.00,3022.00,1482.00,148.00,106.00,42.00,19.00,1448999.32,4504.35
0.45,2447.00,3073.00,1551.00,154.00,108.00,43.00,20.00,1556803.76,4758.13
0.46,2302.00,3124.00,1633.00,160.00,113.00,43.00,21.00,1667612.05,4989.80
0.47,2139.00,3185.00,1723.00,168.00,112.00,48.00,21.00,1782366.50,5276.42
0.47,1998.00,3232.00,1809.00,173.00,113.00,50.00,21.00,1900125.20,5568.13
0.48,1834.00,3304.00,1885.00,184.00,111.00,56.00,22.00,2019126.25,5924.57
0.49,1653.00,3380.00,1980.00,190.00,113.00,56.00,24.00,2142116.70,6249.98
0.49,1510.00,3414.00,2077.00,198.00,115.00,55.00,27.00,2269052.29,6532.03
0.50,1340.00,3478.00,2173.00,200.00,120.00,57.00,28.00,2399441.91,6819.56
0.51,1175.00,3547.00,2260.00,207.00,119.00,59.00,29.00,2531635.01,7112.11
0.51,1002.00,3614.00,2353.00,212.00,121.00,63.00,31.00,2666377.16,7439.27
0.52,835.00,3667.00,2455.00,220.00,121.00,67.00,31.00,2804800.18,7798.04
0.53,710.00,3672.00,2558.00,232.00,124.00,68.00,32.00,2946736.24,8140.59
0.53,590.00,3667.00,2671.00,242.00,124.00,70.00,32.00,3093384.11,8483.36
0.54,478.00,3652.00,2786.00,250.00,121.00,77.00,32.00,3244637.12,8901.44
0.55,375.00,3628.00,2895.00,264.00,122.00,79.00,33.00,3399195.94,9313.17
0.56,272.00,3633.00,2985.00,269.00,123.00,78.00,36.00,3553920.54,9674.02
0.56,182.00,3628.00,3066.00,278.00,125.00,80.00,37.00,3707444.53,10033.49
0.57,123.00,3600.00,3146.00,282.00,126.00,82.00,37.00,3859721.40,10391.71
0.58,61.00,3532.00,3270.00,287.00,125.00,83.00,38.00,4017469.11,10733.76
0.58,25.00,3467.00,3362.00,295.00,119.00,88.00,40.00,4175407.50,11121.14
0.59,3.00,3398.00,3447.00,301.00,114.00,91.00,42.00,4332468.50,11519.86
0.60,1.00,3315.00,3523.00,310.00,108.00,92.00,47.00,4487375.85,11898.89
0.60,0.00,3216.00,3617.00,316.00,105.00,91.00,51.00,4643019.79,12229.88
0.61,0.00,3150.00,3675.00,324.00,100.00,96.00,51.00,4793928.35,12607.17
0.62,0.00,3074.00,3746.00,329.00,96.00,99.00,52.00,4942463.69,12996.68
0.62,0.00,2980.00,3830.00,339.00,94.00,98.00,55.00,5090783.93,13337.25
0.63,0.00,2884.00,3916.00,349.00,90.00,99.00,58.00,5239208.05,13663.18
0.64,0.00,2783.00,4010.00,356.00,88.00,99.00,60.00,5388928.97,13960.74
0.65,0.00,2712.00,4071.00,366.00,85.00,101.00,61.00,5534877.00,14262.43
0.65,0.00,2636.00,4141.00,372.00,82.00,104.00,61.00,5678730.22,14582.92
0.66,0.00,2561.00,4209.00,379.00,80.00,103.00,64.00,5820369.16,14860.48
0.67,0.00,2485.00,4278.00,386.00,79.00,102.00,66.00,5960135.42,15098.84
0.67,0.00,2410.00,4342.00,397.00,79.00,99.00,69.00,6097439.61,15271.39
0.68,0.00,2336.00,4408.00,405.00,77.00,98.00,72.00,6232794.98,15413.88
0.69,0.00,2267.00,4473.00,409.00,74.00,98.00,75.00,6366219.65,15543.97
0.69,0.00,2209.00,4523.00,417.00,73.00,99.00,75.00,6495626.99,15677.75
0.70,0.00,2150.00,4573.00,426.00,68.00,103.00,76.00,6621364.15,15859.98
0.71,0.00,2101.00,4613.00,435.00,66.00,104.00,77.00,6742245.91,16041.36
0.72,0.00,2042.00,4664.00,443.00,65.00,103.00,79.00,6860344.38,16191.92
0.72,0.00,1976.00,4720.00,453.00,62.00,105.00,80.00,6976651.19,16359.42
0.73,0.00,1922.00,4758.00,469.00,59.00,105.00,83.00,7088617.02,16512.34
0.74,0.00,1857.00,4817.00,475.00,58.00,104.00,85.00,7199771.81,16636.91
0.74,0.00,1807.00,4858.00,484.00,55.00,104.00,88.00,7307481.46,16750.64
0.75,0.00,1754.00,4902.00,493.00,53.00,103.00,91.00,7412494.35,16839.44
0.76,0.00,1722.00,4927.00,500.00,52.00,102.00,93.00,7512189.14,16905.49
0.76,0.00,1673.00,4967.00,509.00,52.00,100.00,95.00,7609278.81,16935.74
0.77,0.00,1623.00,5007.00,519.00,52.00,100.00,95.00,7703988.45,16963.36
0.78,0.00,1570.00,5055.00,524.00,52.00,97.00,98.00,7797725.54,16943.50
0.78,0.00,1522.00,5097.00,530.00,51.00,96.00,100.00,7889672.78,16910.34
0.79,0.00,1471.00,5137.00,541.00,50.00,97.00,100.00,7979684.34,16895.10
0.80,0.00,1436.00,5169.00,544.00,50.00,95.00,102.00,8066725.59,16851.14
0.81,0.00,1395.00,5200.00,554.00,48.00,96.00,103.00,8150903.01,16826.03
0.81,0.00,1356.00,5230.00,563.00,46.00,96.00,105.00,8232313.77,16803.11
0.82,0.00,1321.00,5253.00,575.00,46.00,96.00,105.00,8310145.36,16782.18
0.83,0.00,1292.00,5271.00,586.00,44.00,96.00,107.00,8383955.87,16763.07
0.83,0.00,1254.00,5303.00,592.00,43.00,95.00,109.00,8456196.00,16730.61
0.84,0.00,1214.00,5335.00,600.00,42.00,94.00,111.00,8527001.42,16685.95
0.85,0.00,1174.00,5371.00,604.00,41.00,91.00,115.00,8597097.04,16600.10
0.85,0.00,1138.00,5400.00,611.00,40.00,90.00,117.00,8665492.56,16506.71
0.86,0.00,1105.00,5424.00,620.00,39.00,91.00,117.00,8731583.75,16436.48
0.87,0.00,1079.00,5445.00,625.00,38.00,90.00,119.00,8795119.01,16357.34
0.88,0.00,1052.00,5467.00,630.00,38.00,87.00,122.00,8856469.45,16240.02
0.88,0.00,1027.00,5480.00,642.00,36.00,89.00,122.00,8914471.76,16162.96
0.89,0.00,995.00,5508.00,646.00,35.00,89.00,123.00,8971668.69,16092.61
0.90,0.00,963.00,5535.00,651.00,34.00,87.00,126.00,9027979.61,15998.34
0.90,0.00,942.00,5542.00,665.00,34.00,86.00,127.00,9080476.44,15897.26
0.91,0.00,921.00,5554.00,674.00,34.00,84.00,129.00,9130239.94,15774.93
0.92,0.00,899.00,5570.00,680.00,33.00,84.00,130.00,9178107.19,15663.25
0.92,0.00,871.00,5589.00,689.00,31.00,84.00,132.00,9224692.72,15561.30
0.93,0.00,832.00,5623.00,694.00,31.00,84.00,132.00,9272360.79,15468.23
0.94,0.00,814.00,5629.00,706.00,31.00,83.00,133.00,9316811.37,15368.24
0.94,0.00,784.00,5649.00,716.00,30.00,84.00,133.00,9360425.71,15291.97
0.95,0.00,759.00,5660.00,730.00,30.00,83.00,134.00,9401923.94,15207.33
0.96,0.00,738.00,5676.00,735.00,28.00,82.00,137.00,9442240.14,15115.03
0.97,0.00,720.00,5689.00,740.00,28.00,82.00,137.00,9481025.73,15030.77
0.97,0.00,705.00,5693.00,751.00,27.00,82.00,138.00,9517060.88,14953.85
0.98,0.00,683.00,5709.00,757.00,27.00,77.00,143.00,9552386.00,14808.51
0.99,0.00,670.00,5716.00,763.00,26.00,76.00,145.00,9585710.41,14660.80
0.99,0.00,645.00,5736.00,768.00,24.00,73.00,150.00,9619159.93,14480.88
1.00,0.00,621.00,5750.00,778.00,24.00,73.00,150.00,9651822.39,14316.63
1.01,0.00,608.00,5757.00,784.00,24.00,70.00,153.00,9682714.22,14121.61
1.01,0.00,595.00,5761.00,793.00,24.00,70.00,153.00,9711537.68,13943.58
1.02,0.00,570.00,5779.00,800.00,23.00,70.00,154.00,9740574.74,13781.05
1.03,0.00,552.00,5790.00,807.00,23.00,68.00,156.00,9768755.30,13602.62
1.03,0.00,538.00,5792.00,819.00,23.00,67.00,157.00,9794801.30,13424.71
1.04,0.00,525.00,5800.00,824.00,23.00,66.00,158.00,9819798.64,13247.26
1.05,0.00,511.00,5807.00,831.00,23.00,64.00,160.00,9843687.60,13055.22
1.06,0.00,501.00,5809.00,839.00,22.00,64.00,161.00,9865812.87,12879.91
1.06,0.00,491.00,5812.00,846.00,21.00,62.00,164.00,9886477.01,12689.81
1.07,0.00,480.00,5818.00,851.00,19.00,61.00,167.00,9906257.04,12501.24
1.08,0.00,465.00,5822.00,862.00,19.00,61.00,167.00,9924928.84,12329.09
1.08,0.00,454.00,5823.00,872.00,19.00,58.00,170.00,9942137.44,12126.87
1.09,0.00,443.00,5826.00,880.00,19.00,56.00,172.00,9958309.81,11912.20
1.10,0.00,432.00,5834.00,883.00,19.00,55.00,173.00,9974286.63,11701.21
1.10,0.00,421.00,5839.00,889.00,19.00,55.00,173.00,9989634.08,11508.58
1.11,0.00,415.00,5838.00,896.00,18.00,56.00,173.00,10003505.12,11347.76
1.12,0.00,404.00,5841.00,904.00,16.00,56.00,175.00,10016628.36,11200.93
1.12,0.00,396.00,5847.00,906.00,14.00,58.00,175.00,10029519.02,11096.94
1.13,0.00,383.00,5847.00,919.00,14.00,58.00,175.00,10041295.81,11002.01
1.14,0.00,369.00,5851.00,929.00,14.00,56.00,177.00,10052655.94,10885.29
1.15,0.00,361.00,5853.00,935.00,14.00,53.00,180.00,10063334.92,10733.67
1.15,0.00,353.00,5852.00,944.00,14.00,53.00,180.00,10072940.93,10595.25
1.16,0.00,341.00,5854.00,954.00,14.00,52.00,181.00,10082017.36,10453.86
1.17,0.00,332.00,5857.00,960.00,14.00,51.00,182.00,10090760.24,10309.76
1.17,0.00,322.00,5859.00,968.00,13.00,51.00,183.00,10099048.14,10178.20
1.18,0.00,314.00,5862.00,973.00,12.00,52.00,183.00,10107070.56,10073.13
1.19,0.00,306.00,5862.00,981.00,12.00,51.00,184.00,10114399.81,9962.18
1.19,0.00,292.00,5859.00,998.00,11.00,50.00,186.00,10120645.02,9845.87
1.20,0.00,285.00,5857.00,1007.00,10.00,51.00,186.00,10126050.17,9754.71
1.21,0.00,275.00,5853.00,1021.00,10.00,51.00,186.00,10130387.33,9671.49
1.22,0.00,270.00,5852.00,1027.00,10.00,51.00,186.00,10134199.52,9595.51
1.22,0.00,263.00,5852.00,1034.00,10.00,51.00,186.00,10137682.28,9526.15
1.23,0.00,257.00,5846.00,1046.00,10.00,50.00,187.00,10139962.73,9447.81
1.24,0.00,252.00,5845.00,1052.00,10.00,50.00,187.00,10141895.87,9376.29
1.24,0.00,248.00,5839.00,1062.00,10.00,48.00,189.00,10142760.62,9280.95
1.25,0.00,241.00,5838.00,1070.00,9.00,48.00,190.00,10143400.38,9193.91
1.26,0.00,238.00,5831.00,1080.00,9.00,47.00,191.00,10142933.27,9099.43
1.26,0.00,230.00,5833.00,1086.00,8.00,44.00,195.00,10142807.02,8968.10
1.27,0.00,225.00,5829.00,1095.00,8.00,43.00,196.00,10142090.73,8833.19
1.28,0.00,223.00,5822.00,1104.00,8.00,41.00,198.00,10140384.72,8679.98
1.28,0.00,216.00,5822.00,1111.00,8.00,39.00,200.00,10138826.08,8510.06
1.29,0.00,211.00,5816.00,1122.00,8.00,37.00,202.00,10136500.75,8324.90
1.30,0.00,207.00,5809.00,1133.00,8.00,36.00,203.00,10133324.74,8140.83
1.31,0.00,201.00,5807.00,1141.00,8.00,35.00,204.00,10130122.69,7957.77
1.31,0.00,196.00,5799.00,1154.00,7.00,33.00,207.00,10125995.48,7760.60
1.32,0.00,188.00,5801.00,1160.00,7.00,33.00,207.00,10122525.34,7580.60
1.33,0.00,183.00,5801.00,1165.00,5.00,35.00,207.00,10119355.04,7446.32
1.33,0.00,178.00,5802.00,1169.00,5.00,34.00,208.00,10116608.95,7308.71
1.34,0.00,174.00,5801.00,1174.00,5.00,32.00,210.00,10113949.89,7153.04
1.35,0.00,169.00,5797.00,1183.00,5.00,32.00,210.00,10110919.68,7010.92
1.35,0.00,164.00,5793.00,1192.00,5.00,31.00,211.00,10107550.36,6866.15
1.36,0.00,157.00,5791.00,1201.00,5.00,30.00,212.00,10104171.71,6718.97
1.37,0.00,153.00,5785.00,1211.00,5.00,30.00,212.00,10100183.60,6584.60
1.38,0.00,144.00,5787.00,1218.00,5.00,30.00,212.00,10096840.56,6461.93
1.38,0.00,144.00,5779.00,1226.00,5.00,30.00,212.00,10092584.53,6349.95
1.39,0.00,139.00,5772.00,1238.00,5.00,30.00,212.00,10087644.65,6247.71
1.40,0.00,135.00,5768.00,1246.00,4.00,31.00,212.00,10082530.65,6169.40
1.40,0.00,132.00,5763.00,1254.00,4.00,30.00,213.00,10077107.41,6082.89
1.41,0.00,128.00,5759.00,1262.00,4.00,29.00,214.00,10071551.86,5988.89
1.42,0.00,126.00,5752.00,1271.00,3.00,29.00,215.00,10065424.78,5903.07
1.42,0.00,120.00,5753.00,1276.00,3.00,29.00,215.00,10059977.30,5824.72
1.43,0.00,118.00,5743.00,1288.00,3.00,29.00,215.00,10053498.25,5753.20
1.44,0.00,116.00,5736.00,1297.00,3.00,28.00,216.00,10046527.37,5672.88
1.44,0.00,110.00,5729.00,1310.00,3.00,27.00,217.00,10039107.22,5584.53
1.45,0.00,108.00,5722.00,1319.00,3.00,27.00,217.00,10031276.60,5503.88
1.46,0.00,105.00,5717.00,1327.00,3.00,26.00,218.00,10023371.46,5415.23
1.47,0.00,101.00,5716.00,1332.00,3.00,26.00,218.00,10015999.15,5334.29
1.47,0.00,98.00,5703.00,1348.00,3.00,26.00,218.00,10007310.85,5260.40
1.48,0.00,97.00,5699.00,1353.00,3.00,25.00,219.00,9998772.37,5177.93
1.49,0.00,96.00,5692.00,1361.00,3.00,25.00,219.00,9989920.07,5102.63
1.49,0.00,93.00,5682.00,1374.00,3.00,23.00,221.00,9980330.37,5003.85
1.50,0.00,90.00,5673.00,1386.00,3.00,22.00,222.00,9970217.20,4898.64
1.51,0.00,88.00,5670.00,1391.00,3.00,22.00,222.00,9960527.19,4802.59
1.51,0.00,85.00,5667.00,1397.00,3.00,20.00,224.00,9951223.80,4684.87
1.52,0.00,83.00,5663.00,1403.00,3.00,20.00,224.00,9942123.32,4577.39
1.53,0.00,80.00,5658.00,1411.00,3.00,20.00,224.00,9933058.02,4479.27
1.53,0.00,78.00,5654.00,1417.00,3.00,18.00,226.00,9924175.13,4359.65
1.54,0.00,74.00,5652.00,1423.00,3.00,18.00,226.00,9915759.35,4250.44
1.55,0.00,72.00,5651.00,1426.00,3.00,17.00,227.00,9907920.49,4135.73
1.56,0.00,69.00,5644.00,1436.00,3.00,16.00,228.00,9899707.36,4015.97
1.56,0.00,66.00,5639.00,1444.00,3.00,16.00,228.00,9891452.73,3906.65
1.57,0.00,62.00,5635.00,1452.00,3.00,16.00,228.00,9883310.47,3806.84
1.58,0.00,59.00,5631.00,1459.00,3.00,16.00,228.00,9875270.82,3715.73
1.58,0.00,58.00,5621.00,1470.00,3.00,16.00,228.00,9866423.55,3632.55
1.59,0.00,58.00,5613.00,1478.00,3.00,15.00,229.00,9857138.91,3541.59
1.60,0.00,57.00,5599.00,1493.00,3.00,15.00,229.00,9846553.30,3458.55
1.60,0.00,56.00,5597.00,1496.00,3.00,15.00,229.00,9836581.89,3382.74
1.61,0.00,54.00,5594.00,1501.00,3.00,14.00,230.00,9827021.39,3298.50
1.62,0.00,52.00,5592.00,1505.00,3.00,14.00,230.00,9817986.51,3221.61
1.62,0.00,52.00,5582.00,1515.00,2.00,15.00,230.00,9808230.01,3166.43
1.63,0.00,51.00,5577.00,1521.00,2.00,15.00,230.00,9798565.38,3116.06
1.64,0.00,50.00,5573.00,1526.00,2.00,14.00,231.00,9789134.94,3055.05
1.65,0.00,50.00,5571.00,1528.00,2.00,14.00,231.00,9780218.89,2999.35
1.65,0.00,49.00,5564.00,1536.00,2.00,14.00,231.00,9771021.61,2948.50
1.66,0.00,48.00,5559.00,1542.00,2.00,14.00,231.00,9761867.93,2902.08
1.67,0.00,48.00,5551.00,1550.00,2.00,14.00,231.00,9752303.31,2859.70
1.67,0.00,47.00,5544.00,1558.00,2.00,14.00,231.00,9742513.54,2821.02
1.68,0.00,44.00,5539.00,1566.00,2.00,13.00,232.00,9732818.52,2770.67
1.69,0.00,43.00,5535.00,1571.00,2.00,13.00,232.00,9723360.33,2724.71
1.69,0.00,42.00,5518.00,1589.00,2.00,13.00,232.00,9712165.46,2682.76
1.70,0.00,40.00,5514.00,1595.00,2.00,13.00,232.00,9701336.96,2644.45
1.71,0.00,39.00,5507.00,1603.00,2.00,13.00,232.00,9690392.52,2609.49
1.72,0.00,38.00,5496.00,1615.00,2.00,12.00,233.00,9678741.20,2562.54
1.72,0.00,35.00,5490.00,1624.00,2.00,11.00,234.00,9667195.28,2504.66
1.73,0.00,33.00,5489.00,1627.00,2.00,11.00,234.00,9656496.78,2451.82
1.74,0.00,32.00,5477.00,1640.00,2.00,11.00,234.00,9644919.95,2403.58
1.74,0.00,32.00,5472.00,1645.00,2.00,11.00,234.00,9633592.25,2359.54
1.75,0.00,32.00,5463.00,1654.00,2.00,11.00,234.00,9621891.28,2319.33
1.76,0.00,30.00,5461.00,1658.00,2.00,11.00,234.00,9610900.90,2282.63
1.76,0.00,30.00,5454.00,1665.00,2.00,11.00,234.00,9599808.57,2249.12
1.77,0.00,29.00,5450.00,1670.00,2.00,11.00,234.00,9589073.78,2218.53
1.78,0.00,28.00,5442.00,1679.00,2.00,10.00,235.00,9578064.69,2175.58
1.78,0.00,28.00,5430.00,1691.00,2.00,8.00,237.00,9566204.08,2106.33
1.79,0.00,28.00,5424.00,1697.00,2.00,8.00,237.00,9554466.94,2043.10
1.80,0.00,28.00,5416.00,1705.00,2.00,8.00,237.00,9542542.15,1985.38
1.81,0.00,27.00,5411.00,1711.00,2.00,8.00,237.00,9530896.60,1932.69
1.81,0.00,25.00,5404.00,1720.00,2.00,8.00,237.00,9519205.67,1884.58
1.82,0.00,24.00,5400.00,1725.00,2.00,7.00,238.00,9507924.00,1825.64
1.83,0.00,24.00,5394.00,1731.00,2.00,7.00,238.00,9496715.78,1771.83
1.83,0.00,22.00,5388.00,1739.00,2.00,7.00,238.00,9485574.62,1722.71
1.84,0.00,22.00,5381.00,1746.00,1.00,8.00,238.00,9474344.52,1692.89
1.85,0.00,21.00,5373.00,1755.00,1.00,7.00,239.00,9462882.95,1650.64
1.85,0.00,21.00,5368.00,1760.00,1.00,7.00,239.00,9451660.61,1612.07
1.86,0.00,20.00,5355.00,1774.00,1.00,7.00,239.00,9439454.92,1576.86
1.87,0.00,19.00,5347.00,1783.00,1.00,7.00,239.00,9427102.04,1544.72
1.88,0.00,18.00,5335.00,1796.00,1.00,7.00,239.00,9414013.79,1515.37
1.88,0.00,18.00,5326.00,1805.00,1.00,7.00,239.00,9400704.35,1488.58
1.89,0.00,18.00,5321.00,1810.00,1.00,7.00,239.00,9387793.82,1464.12
1.90,0.00,18.00,5312.00,1819.00,1.00,7.00,239.00,9374646.78,1441.79
1.90,0.00,18.00,5305.00,1826.00,1.00,7.00,239.00,9361584.12,1421.41
1.91,0.00,17.00,5298.00,1834.00,1.00,7.00,239.00,9348598.54,1402.80
1.92,0.00,17.00,5295.00,1837.00,1.00,6.00,240.00,9336284.33,1370.79
1.92,0.00,17.00,5282.00,1850.00,1.00,6.00,240.00,9323081.19,1341.56
1.93,0.00,17.00,5271.00,1861.00,1.00,6.00,240.00,9309366.31,1314.89
1.94,0.00,16.00,5263.00,1870.00,1.00,4.00,242.00,9295634.68,1260.48
1.94,0.00,15.00,5253.00,1881.00,1.00,4.00,242.00,9281587.21,1210.82
1.95,0.00,13.00,5245.00,1891.00,1.00,4.00,242.00,9267551.73,1165.48
1.96,0.00,13.00,5238.00,1898.00,1.00,4.00,242.00,9253677.41,1124.08
1.97,0.00,13.00,5231.00,1905.00,1.00,4.00,242.00,9239950.30,1086.30
1.97,0.00,13.00,5218.00,1918.00,1.00,4.00,242.00,9225456.29,1051.80
1.98,0.00,13.00,5214.00,1922.00,1.00,4.00,242.00,9211613.78,1020.30
1.99,0.00,12.00,5202.00,1935.00,1.00,4.00,242.00,9197164.56,991.55
1.99,0.00,12.00,5197.00,1940.00,1.00,4.00,242.00,9183212.74,965.30
2.00,0.00,12.00,5187.00,1950.00,1.00,4.00,242.00,9168964.11,941.34
2.01,0.00,12.00,5178.00,1959.00,1.00,4.00,242.00,9154594.62,919.47
2.01,0.00,12.00,5174.00,1963.00,1.00,4.00,242.00,9140865.83,899.50
2.02,0.00,12.00,5169.00,1968.00,1.00,4.00,242.00,9127572.18,881.26
2.03,0.00,12.00,5157.00,1980.00,1.00,4.00,242.00,9113624.39,864.62
2.03,0.00,11.00,5143.00,1995.00,1.00,4.00,242.00,9098778.58,849.42
2.04,0.00,11.00,5134.00,2004.00,1.00,4.00,242.00,9083863.48,835.55
2.05,0.00,11.00,5125.00,2013.00,1.00,3.00,243.00,9068885.06,807.86
2.06,0.00,10.00,5118.00,2021.00,1.00,3.00,243.00,9054149.26,782.59
2.06,0.00,10.00,5105.00,2034.00,1.00,3.00,243.00,9038733.79,759.51
2.07,0.00,10.00,5090.00,2049.00,1.00,3.00,243.00,9022396.82,738.45
2.08,0.00,10.00,5081.00,2058.00,1.00,3.00,243.00,9006119.42,719.22
2.08,0.00,10.00,5075.00,2064.00,1.00,3.00,243.00,8990347.12,701.66
2.09,0.00,10.00,5067.00,2072.00,1.00,3.00,243.00,8974735.80,685.63
2.10,0.00,9.00,5055.00,2085.00,1.00,3.00,243.00,8958670.68,671.00
2.10,0.00,8.00,5049.00,2092.00,1.00,3.00,243.00,8943092.31,657.64
2.11,0.00,7.00,5044.00,2098.00,1.00,3.00,243.00,8928108.86,645.44
2.12,0.00,6.00,5039.00,2104.00,1.00,3.00,243.00,8913668.94,634.31
2.12,0.00,6.00,5031.00,2112.00,1.00,3.00,243.00,8899274.88,624.15
2.13,0.00,6.00,5021.00,2122.00,1.00,2.00,244.00,8884622.30,599.84
2.14,0.00,6.00,5012.00,2131.00,1.00,2.00,244.00,8869883.72,577.66
2.15,0.00,6.00,5009.00,2134.00,1.00,2.00,244.00,8855967.96,557.40
2.15,0.00,6.00,4999.00,2144.00,1.00,2.00,244.00,8841752.33,538.91
2.16,0.00,6.00,4989.00,2154.00,1.00,2.00,244.00,8827262.70,522.03
2.17,0.00,6.00,4984.00,2159.00,1.00,2.00,244.00,8813273.96,506.62
2.17,0.00,6.00,4980.00,2163.00,1.00,2.00,244.00,8799893.00,492.56
2.18,0.00,6.00,4972.00,2171.00,1.00,2.00,244.00,8786466.43,479.71
2.19,0.00,6.00,4963.00,2180.00,1.00,2.00,244.00,8772847.93,467.99
2.19,0.00,6.00,4950.00,2193.00,1.00,2.00,244.00,8758453.18,457.28
2.20,0.00,6.00,4938.00,2205.00,1.00,2.00,244.00,8743499.45,447.51
2.21,0.00,6.00,4934.00,2209.00,1.00,2.00,244.00,8729236.92,438.59
2.22,0.00,6.00,4929.00,2214.00,1.00,2.00,244.00,8715455.61,430.44
2.22,0.00,6.00,4923.00,2220.00,1.00,2.00,244.00,8701963.73,423.01
2.23,0.00,6.00,4911.00,2232.00,1.00,2.00,244.00,8687834.89,416.22
2.24,0.00,6.00,4902.00,2241.00,1.00,2.00,244.00,8673574.81,410.03
2.24,0.00,6.00,4896.00,2247.00,1.00,2.00,244.00,8659645.50,404.37
2.25,0.00,5.00,4895.00,2249.00,1.00,2.00,244.00,8646769.58,399.20
2.26,0.00,5.00,4890.00,2254.00,1.00,2.00,244.00,8634255.07,394.49
2.26,0.00,4.00,4887.00,2258.00,1.00,2.00,244.00,8622371.21,390.18
2.27,0.00,4.00,4880.00,2265.00,1.00,2.00,244.00,8610462.59,386.25
2.28,0.00,4.00,4873.00,2272.00,1.00,2.00,244.00,8598531.34,382.67
2.28,0.00,4.00,4865.00,2280.00,1.00,2.00,244.00,8586429.22,379.39
2.29,0.00,4.00,4854.00,2291.00,1.00,2.00,244.00,8573720.24,376.40
2.30,0.00,4.00,4848.00,2297.00,1.00,1.00,245.00,8561208.04,358.65
2.31,0.00,4.00,4839.00,2306.00,1.00,1.00,245.00,8548424.91,342.44
2.31,0.00,4.00,4830.00,2315.00,1.00,1.00,245.00,8535394.24,327.65
2.32,0.00,4.00,4820.00,2325.00,1.00,1.00,245.00,8521987.21,314.14
2.33,0.00,4.00,4816.00,2329.00,1.00,1.00,245.00,8509137.73,301.81
2.33,0.00,4.00,4807.00,2338.00,1.00,0.00,246.00,8496046.47,275.53
2.34,0.00,4.00,4800.00,2345.00,1.00,0.00,246.00,8483034.76,251.54
2.35,0.00,4.00,4793.00,2352.00,1.00,0.00,246.00,8470095.74,229.63
2.35,0.00,4.00,4786.00,2359.00,1.00,0.00,246.00,8457223.15,209.64
2.36,0.00,4.00,4782.00,2363.00,1.00,0.00,246.00,8444861.89,191.38
2.37,0.00,4.00,4768.00,2377.00,1.00,0.00,246.00,8431465.51,174.72
2.38,0.00,4.00,4761.00,2384.00,1.00,0.00,246.00,8418175.08,159.51
2.38,0.00,3.00,4756.00,2390.00,1.00,0.00,246.00,8405281.87,145.62
2.39,0.00,3.00,4747.00,2399.00,1.00,0.00,246.00,8392150.65,132.94
2.40,0.00,3.00,4742.00,2404.00,1.00,0.00,246.00,8379402.91,121.36
2.40,0.00,3.00,4736.00,2410.00,1.00,0.00,246.00,8366855.31,110.79
2.41,0.00,3.00,4729.00,2417.00,1.00,0.00,246.00,8354340.29,101.15
2.42,0.00,3.00,4723.00,2423.00,1.00,0.00,246.00,8342005.25,92.34
2.42,0.00,3.00,4708.00,2438.00,1.00,0.00,246.00,8328482.58,84.30
2.43,0.00,3.00,4702.00,2444.00,1.00,0.00,246.00,8315227.00,76.96
2.44,0.00,3.00,4693.00,2453.00,1.00,0.00,246.00,8301764.70,70.26
2.44,0.00,3.00,4684.00,2462.00,1.00,0.00,246.00,8288113.59,64.14
2.45,0.00,3.00,4671.00,2475.00,1.00,0.00,246.00,8273689.02,58.55
2.46,0.00,3.00,4666.00,2480.00,1.00,0.00,246.00,8259759.69,53.46
2.47,0.00,3.00,4658.00,2488.00,1.00,0.00,246.00,8245832.12,48.80
2.47,0.00,3.00,4652.00,2494.00,1.00,0.00,246.00,8232206.60,44.55
2.48,0.00,3.00,4647.00,2499.00,1.00,0.00,246.00,8219007.29,40.67
2.49,0.00,3.00,4638.00,2508.00,1.00,0.00,246.00,8205596.39,37.13
2.49,0.00,3.00,4630.00,2516.00,1.00,0.00,246.00,8192142.45,33.90
2.50,0.00,3.00,4614.00,2532.00,1.00,0.00,246.00,8177447.34,30.95
2.51,0.00,3.00,4604.00,2542.00,1.00,0.00,246.00,8162519.68,28.25
2.51,0.00,3.00,4596.00,2550.00,1.00,0.00,246.00,8147680.01,25.79
2.52,0.00,3.00,4592.00,2554.00,1.00,0.00,246.00,8133521.69,23.55
2.53,0.00,3.00,4584.00,2562.00,1.00,0.00,246.00,8119384.91,21.49
2.53,0.00,3.00,4581.00,2565.00,1.00,0.00,246.00,8106018.99,19.62
2.54,0.00,3.00,4574.00,2572.00,1.00,0.00,246.00,8092756.35,17.91
2.55,0.00,3.00,4568.00,2578.00,1.00,0.00,246.00,8079738.29,16.35
2.56,0.00,2.00,4560.00,2587.00,1.00,0.00,246.00,8066643.25,14.93
2.56,0.00,2.00,4551.00,2596.00,1.00,0.00,246.00,8053327.63,13.63
2.57,0.00,2.00,4540.00,2607.00,1.00,0.00,246.00,8039510.04,12.44
2.58,0.00,2.00,4536.00,2611.00,1.00,0.00,246.00,8026285.49,11.36
2.58,0.00,2.00,4530.00,2617.00,1.00,0.00,246.00,8013302.23,10.37
2.59,0.00,2.00,4521.00,2626.00,1.00,0.00,246.00,8000088.76,9.47
2.60,0.00,2.00,4512.00,2635.00,1.00,0.00,246.00,7986664.95,8.64
2.60,0.00,2.00,4502.00,2645.00,1.00,0.00,246.00,7972898.74,7.89
2.61,0.00,2.00,4500.00,2647.00,1.00,0.00,246.00,7960021.58,7.20
2.62,0.00,2.00,4495.00,2652.00,1.00,0.00,246.00,7947505.92,6.58
2.62,0.00,2.00,4484.00,2663.00,1.00,0.00,246.00,7934419.18,6.00
2.63,0.00,2.00,4473.00,2674.00,1.00,0.00,246.00,7920810.70,5.48
2.64,0.00,2.00,4468.00,2679.00,1.00,0.00,246.00,7907626.93,5.00
2.65,0.00,2.00,4462.00,2685.00,1.00,0.00,246.00,7894680.95,4.57
2.65,0.00,2.00,4457.00,2690.00,1.00,0.00,246.00,7882102.46,4.17
2.66,0.00,2.00,4447.00,2700.00,1.00,0.00,246.00,7869108.54,3.81
2.67,0.00,2.00,4443.00,2704.00,1.00,0.00,246.00,7856636.46,3.48
2.67,0.00,2.00,4437.00,2710.00,1.00,0.00,246.00,7844340.68,3.17
2.68,0.00,2.00,4427.00,2720.00,1.00,0.00,246.00,7831605.03,2.90
2.69,0.00,2.00,4417.00,2730.00,1.00,0.00,246.00,7818467.52,2.64
2.69,0.00,2.00,4402.00,2745.00,1.00,0.00,246.00,7804211.72,2.41
2.70,0.00,2.00,4394.00,2753.00,1.00,0.00,246.00,7789985.87,2.20
2.71,0.00,2.00,4382.00,2765.00,1.00,0.00,246.00,7775186.46,2.01
2.72,0.00,2.00,4372.00,2775.00,1.00,0.00,246.00,7760163.55,1.84
2.72,0.00,2.00,4368.00,2779.00,1.00,0.00,246.00,7745837.79,1.68
2.73,0.00,2.00,4362.00,2785.00,1.00,0.00,246.00,7731848.49,1.53
2.74,0.00,2.00,4354.00,2793.00,1.00,0.00,246.00,7717866.12,1.40
2.74,0.00,2.00,4347.00,2800.00,1.00,0.00,246.00,7704040.32,1.28
2.75,0.00,2.00,4339.00,2808.00,1.00,0.00,246.00,7690207.32,1.16
2.76,0.00,2.00,4332.00,2815.00,1.00,0.00,246.00,7676517.99,1.06
2.76,0.00,2.00,4323.00,2824.00,1.00,0.00,246.00,7662659.42,0.97
2.77,0.00,2.00,4315.00,2832.00,1.00,0.00,246.00,7648796.49,0.89
2.78,0.00,2.00,4311.00,2836.00,1.00,0.00,246.00,7635530.50,0.81
2.78,0.00,2.00,4301.00,2846.00,1.00,0.00,246.00,7621908.48,0.74
2.79,0.00,2.00,4287.00,2860.00,1.00,0.00,246.00,7607360.26,0.67
2.80,0.00,2.00,4278.00,2869.00,1.00,0.00,246.00,7592717.06,0.62
2.81,0.00,2.00,4271.00,2876.00,1.00,0.00,246.00,7578287.51,0.56
2.81,0.00,2.00,4267.00,2880.00,1.00,0.00,246.00,7564503.86,0.51
2.82,0.00,2.00,4256.00,2891.00,1.00,0.00,246.00,7550258.66,0.47
2.83,0.00,2.00,4251.00,2896.00,1.00,0.00,246.00,7536493.22,0.43
2.83,0.00,2.00,4239.00,2908.00,1.00,0.00,246.00,7522114.45,0.39
2.84,0.00,2.00,4236.00,2911.00,1.00,0.00,246.00,7508527.39,0.36
2.85,0.00,2.00,4230.00,2917.00,0.00,1.00,246.00,7495213.00,15.35
2.85,0.00,2.00,4227.00,2920.00,0.00,1.00,246.00,7482598.35,29.04
2.86,0.00,1.00,4217.00,2931.00,0.00,1.00,246.00,7469571.40,41.53
2.87,0.00,1.00,4211.00,2937.00,0.00,1.00,246.00,7456768.69,52.94
2.88,0.00,1.00,4203.00,2945.00,0.00,1.00,246.00,7443870.38,63.35
2.88,0.00,1.00,4198.00,2950.00,0.00,1.00,246.00,7431335.41,72.86
2.89,0.00,1.00,4187.00,2961.00,0.00,1.00,246.00,7418231.05,81.54
2.90,0.00,1.00,4181.00,2967.00,0.00,1.00,246.00,7405357.60,89.46
2.90,0.00,1.00,4174.00,2974.00,0.00,1.00,246.00,7392544.91,96.69
2.91,0.00,1.00,4162.00,2986.00,0.00,1.00,246.00,7379036.53,103.30
2.92,0.00,1.00,4151.00,2997.00,0.00,1.00,246.00,7365042.85,109.32
2.92,0.00,1.00,4144.00,3004.00,0.00,1.00,246.00,7351206.69,114.83
2.93,0.00,1.00,4133.00,3015.00,0.00,1.00,246.00,7336913.53,119.85
2.94,0.00,1.00,4127.00,3021.00,0.00,1.00,246.00,7322954.03,124.44
2.94,0.00,1.00,4119.00,3029.00,0.00,1.00,246.00,7308998.88,128.63
2.95,0.00,1.00,4108.00,3040.00,0.00,1.00,246.00,7294597.04,132.45
2.96,0.00,1.00,4104.00,3044.00,0.00,1.00,246.00,7280838.68,135.94
2.97,0.00,1.00,4094.00,3054.00,0.00,1.00,246.00,7266766.83,139.13
2.97,0.00,1.00,4092.00,3056.00,0.00,1.00,246.00,7253610.44,142.03
2.98,0.00,1.00,4082.00,3066.00,0.00,1.00,246.00,7240088.53,144.69
2.99,0.00,1.00,4076.00,3072.00,0.00,1.00,246.00,7226833.66,147.11
2.99,0.00,1.00,4070.00,3078.00,0.00,1.00,246.00,7213822.72,149.33
3.00,0.00,1.00,4056.00,3092.00,0.00,0.00,247.00,7199832.76,136.32
3.01,0.00,1.00,4053.00,3095.00,0.00,0.00,247.00,7186600.96,124.45
3.01,0.00,1.00,4047.00,3101.00,0.00,0.00,247.00,7173611.11,113.62
3.02,0.00,1.00,4038.00,3110.00,0.00,0.00,247.00,7160391.59,103.72
3.03,0.00,1.00,4032.00,3116.00,0.00,0.00,247.00,7147412.95,94.69
3.03,0.00,1.00,4025.00,3123.00,0.00,0.00,247.00,7134504.13,86.45
3.04,0.00,1.00,4016.00,3132.00,0.00,0.00,247.00,7121358.65,78.92
3.05,0.00,1.00,4013.00,3135.00,0.00,0.00,247.00,7108898.34,72.05
3.06,0.00,1.00,4006.00,3142.00,0.00,0.00,247.00,7096463.09,65.77
3.06,0.00,1.00,4001.00,3147.00,0.00,0.00,247.00,7084351.17,60.05
3.07,0.00,1.00,3994.00,3154.00,0.00,0.00,247.00,7072234.21,54.82
3.08,0.00,1.00,3987.00,3161.00,0.00,0.00,247.00,7060112.60,50.04
3.08,0.00,1.00,3980.00,3168.00,0.00,0.00,247.00,7047986.77,45.69
3.09,0.00,1.00,3970.00,3178.00,0.00,0.00,247.00,7035406.42,41.71
3.10,0.00,1.00,3963.00,3185.00,0.00,0.00,247.00,7022861.46,38.08
3.10,0.00,1.00,3956.00,3192.00,0.00,0.00,247.00,7010348.86,34.76
3.11,0.00,1.00,3947.00,3201.00,0.00,0.00,247.00,6997565.36,31.73
3.12,0.00,1.00,3935.00,3213.00,0.00,0.00,247.00,6984083.69,28.97
3.12,0.00,1.00,3922.00,3226.00,0.00,0.00,247.00,6969813.91,26.45
3.13,0.00,1.00,3914.00,3234.00,0.00,0.00,247.00,6955575.33,24.15
3.14,0.00,1.00,3906.00,3242.00,0.00,0.00,247.00,6941365.20,22.04
3.15,0.00,1.00,3900.00,3248.00,0.00,0.00,247.00,6927481.54,20.12
3.15,0.00,1.00,3892.00,3256.00,0.00,0.00,247.00,6913595.68,18.37
3.16,0.00,1.00,3885.00,3263.00,0.00,0.00,247.00,6899858.05,16.77
3.17,0.00,1.00,3877.00,3271.00,0.00,0.00,247.00,6886105.60,15.31
3.17,0.00,1.00,3866.00,3282.00,0.00,0.00,247.00,6871888.92,13.98
3.18,0.00,1.00,3862.00,3286.00,0.00,0.00,247.00,6858299.74,12.76
3.19,0.00,1.00,3853.00,3295.00,0.00,0.00,247.00,6844532.68,11.65
3.19,0.00,1.00,3842.00,3306.00,0.00,0.00,247.00,6830302.66,10.64
3.20,0.00,1.00,3833.00,3315.00,0.00,0.00,247.00,6815950.13,9.71
3.21,0.00,1.00,3820.00,3328.00,0.00,0.00,247.00,6800884.77,8.86
3.22,0.00,1.00,3817.00,3331.00,0.00,0.00,247.00,6786670.47,8.09
3.22,0.00,1.00,3811.00,3337.00,0.00,0.00,247.00,6772783.01,7.39
3.23,0.00,1.00,3797.00,3351.00,0.00,0.00,247.00,6757992.29,6.74
3.24,0.00,1.00,3785.00,3363.00,0.00,0.00,247.00,6742676.82,6.16
3.24,0.00,1.00,3778.00,3370.00,0.00,0.00,247.00,6727633.11,5.62
3.25,0.00,1.00,3769.00,3379.00,0.00,0.00,247.00,6712537.20,5.13
3.26,0.00,0.00,3762.00,3387.00,0.00,0.00,247.00,6697694.07,4.68
3.26,0.00,0.00,3752.00,3397.00,0.00,0.00,247.00,6682631.18,4.28
3.27,0.00,0.00,3743.00,3406.00,0.00,0.00,247.00,6667517.76,3.90
3.28,0.00,0.00,3732.00,3417.00,0.00,0.00,247.00,6652057.71,3.56
3.28,0.00,0.00,3723.00,3426.00,0.00,0.00,247.00,6636581.43,3.25
3.29,0.00,0.00,3716.00,3433.00,0.00,0.00,247.00,6621390.82,2.97
3.30,0.00,0.00,3705.00,3444.00,0.00,0.00,247.00,6605860.22,2.71
3.31,0.00,0.00,3694.00,3455.00,0.00,0.00,247.00,6590019.05,2.48
3.31,0.00,0.00,3688.00,3461.00,0.00,0.00,247.00,6574645.29,2.26
3.32,0.00,0.00,3679.00,3470.00,0.00,0.00,247.00,6559247.83,2.06
3.33,0.00,0.00,3674.00,3475.00,0.00,0.00,247.00,6544429.71,1.88
3.33,0.00,0.00,3668.00,3481.00,0.00,0.00,247.00,6529990.58,1.72
3.34,0.00,0.00,3662.00,3487.00,0.00,0.00,247.00,6515897.70,1.57
3.35,0.00,0.00,3655.00,3494.00,0.00,0.00,247.00,6501970.94,1.43
3.35,0.00,0.00,3651.00,3498.00,0.00,0.00,247.00,6488646.65,1.31
3.36,0.00,0.00,3647.00,3502.00,0.00,0.00,247.00,6475872.73,1.19
3.37,0.00,0.00,3637.00,3512.00,0.00,0.00,247.00,6462700.26,1.09
3.38,0.00,0.00,3627.00,3522.00,0.00,0.00,247.00,6449163.68,1.00
3.38,0.00,0.00,3618.00,3531.00,0.00,0.00,247.00,6435444.68,0.91
3.39,0.00,0.00,3612.00,3537.00,0.00,0.00,247.00,6422009.72,0.83
3.40,0.00,0.00,3606.00,3543.00,0.00,0.00,247.00,6408834.23,0.76
3.40,0.00,0.00,3596.00,3553.00,0.00,0.00,247.00,6395294.90,0.69
3.41,0.00,0.00,3594.00,3555.00,0.00,0.00,247.00,6382625.03,0.63
3.42,0.00,0.00,3588.00,3561.00,0.00,0.00,247.00,6370148.53,0.58
3.42,0.00,0.00,3581.00,3568.00,0.00,0.00,247.00,6357698.47,0.53
3.43,0.00,0.00,3571.00,3578.00,0.00,0.00,247.00,6344821.89,0.48
3.44,0.00,0.00,3557.00,3592.00,0.00,0.00,247.00,6330954.68,0.44
3.44,0.00,0.00,3552.00,3597.00,0.00,0.00,247.00,6317534.55,0.40
3.45,0.00,0.00,3546.00,3603.00,0.00,0.00,247.00,6304372.65,0.37
3.46,0.00,0.00,3538.00,3611.00,0.00,0.00,247.00,6291146.15,0.33
3.47,0.00,0.00,3528.00,3621.00,0.00,0.00,247.00,6277560.22,0.30
3.47,0.00,0.00,3518.00,3631.00,0.00,0.00,247.00,6263645.92,0.28
3.48,0.00,0.00,3512.00,3637.00,0.00,0.00,247.00,6250032.52,0.25
3.49,0.00,0.00,3503.00,3646.00,0.00,0.00,247.00,6236243.34,0.23
3.49,0.00,0.00,3498.00,3651.00,0.00,0.00,247.00,6222894.49,0.21
3.50,0.00,0.00,3488.00,3661.00,0.00,0.00,247.00,6209196.78,0.19
3.51,0.00,0.00,3485.00,3664.00,0.00,0.00,247.00,6196231.94,0.18
3.51,0.00,0.00,3476.00,3673.00,0.00,0.00,247.00,6183035.31,0.16
3.52,0.00,0.00,3467.00,3682.00,0.00,0.00,247.00,6169626.84,0.15
3.53,0.00,0.00,3457.00,3692.00,0.00,0.00,247.00,6155874.66,0.13
3.53,0.00,0.00,3451.00,3698.00,0.00,0.00,247.00,6142409.40,0.12
3.54,0.00,0.00,3444.00,3705.00,0.00,0.00,247.00,6129056.02,0.11
3.55,0.00,0.00,3438.00,3711.00,0.00,0.00,247.00,6115955.09,0.10
3.56,0.00,0.00,3430.00,3719.00,0.00,0.00,247.00,6102784.30,0.09
3.56,0.00,0.00,3423.00,3726.00,0.00,0.00,247.00,6089699.96,0.09
3.57,0.00,0.00,3412.00,3737.00,0.00,0.00,247.00,6076093.66,0.08
3.58,0.00,0.00,3408.00,3741.00,0.00,0.00,247.00,6063062.12,0.07
3.58,0.00,0.00,3399.00,3750.00,0.00,0.00,247.00,6049804.53,0.06
3.59,0.00,0.00,3391.00,3758.00,0.00,0.00,247.00,6036490.63,0.06
3.60,0.00,0.00,3382.00,3767.00,0.00,0.00,247.00,6022975.07,0.05
3.60,0.00,0.00,3375.00,3774.00,0.00,0.00,247.00,6009575.73,0.05
3.61,0.00,0.00,3370.00,3779.00,0.00,0.00,247.00,5996583.04,0.04
3.62,0.00,0.00,3362.00,3787.00,0.00,0.00,247.00,5983511.18,0.04
3.62,0.00,0.00,3351.00,3798.00,0.00,0.00,247.00,5969916.28,0.04
3.63,0.00,0.00,3344.00,3805.00,0.00,0.00,247.00,5956444.45,0.03
3.64,0.00,0.00,3339.00,3810.00,0.00,0.00,247.00,5943385.54,0.03
3.65,0.00,0.00,3333.00,3816.00,0.00,0.00,247.00,5930553.61,0.03
3.65,0.00,0.00,3330.00,3819.00,0.00,0.00,247.00,5918379.78,0.03
3.66,0.00,0.00,3325.00,3824.00,0.00,0.00,247.00,5906506.72,0.02
3.67,0.00,0.00,3321.00,3828.00,0.00,0.00,247.00,5895058.63,0.02
3.67,0.00,0.00,3316.00,3833.00,0.00,0.00,247.00,5883848.59,0.02
3.68,0.00,0.00,3307.00,3842.00,0.00,0.00,247.00,5872255.10,0.02
3.69,0.00,0.00,3293.00,3856.00,0.00,0.00,247.00,5859560.13,0.02
3.69,0.00,0.00,3283.00,3866.00,0.00,0.00,247.00,5846459.78,0.02
3.70,0.00,0.00,3275.00,3874.00,0.00,0.00,247.00,5833289.55,0.01
3.71,0.00,0.00,3268.00,3881.00,0.00,0.00,247.00,5820205.73,0.01
3.72,0.00,0.00,3264.00,3885.00,0.00,0.00,247.00,5807651.50,0.01
3.72,0.00,0.00,3259.00,3890.00,0.00,0.00,247.00,5795430.90,0.01
3.73,0.00,0.00,3256.00,3893.00,0.00,0.00,247.00,5783815.57,0.01
3.74,0.00,0.00,3251.00,3898.00,0.00,0.00,247.00,5772452.72,0.01
3.74,0.00,0.00,3241.00,3908.00,0.00,0.00,247.00,5760569.40,0.01
3.75,0.00,0.00,3234.00,3915.00,0.00,0.00,247.00,5748661.26,0.01
3.76,0.00,0.00,3228.00,3921.00,0.00,0.00,247.00,5736880.68,0.01
3.76,0.00,0.00,3217.00,3932.00,0.00,0.00,247.00,5724465.49,0.01
3.77,0.00,0.00,3211.00,3938.00,0.00,0.00,247.00,5712221.69,0.01
3.78,0.00,0.00,3209.00,3940.00,0.00,0.00,247.00,5700735.35,0.01
3.78,0.00,0.00,3205.00,3944.00,0.00,0.00,247.00,5689640.62,0.00
3.79,0.00,0.00,3194.00,3955.00,0.00,0.00,247.00,5677852.00,0.00
3.80,0.00,0.00,3186.00,3963.00,0.00,0.00,247.00,5665880.17,0.00
3.81,0.00,0.00,3177.00,3972.00,0.00,0.00,247.00,5653590.71,0.00
3.81,0.00,0.00,3169.00,3980.00,0.00,0.00,247.00,5641161.28,0.00
3.82,0.00,0.00,3158.00,3991.00,0.00,0.00,247.00,5628153.32,0.00
3.83,0.00,0.00,3150.00,3999.00,0.00,0.00,247.00,5615067.49,0.00
3.83,0.00,0.00,3146.00,4003.00,0.00,0.00,247.00,5602511.45,0.00
3.84,0.00,0.00,3138.00,4011.00,0.00,0.00,247.00,5589838.48,0.00
3.85,0.00,0.00,3134.00,4015.00,0.00,0.00,247.00,5577659.64,0.00
3.85,0.00,0.00,3126.00,4023.00,0.00,0.00,247.00,5565331.29,0.00
3.86,0.00,0.00,3117.00,4032.00,0.00,0.00,247.00,5552716.13,0.00
3.87,0.00,0.00,3108.00,4041.00,0.00,0.00,247.00,5539838.93,0.00
3.88,0.00,0.00,3102.00,4047.00,0.00,0.00,247.00,5527173.02,0.00
3.88,0.00,0.00,3092.00,4057.00,0.00,0.00,247.00,5514099.21,0.00
3.89,0.00,0.00,3087.00,4062.00,0.00,0.00,247.00,5501403.93,0.00
3.90,0.00,0.00,3078.00,4071.00,0.00,0.00,247.00,5488453.54,0.00
3.90,0.00,0.00,3072.00,4077.00,0.00,0.00,247.00,5475720.77,0.00
3.91,0.00,0.00,3061.00,4088.00,0.00,0.00,247.00,5462435.66,0.00
3.92,0.00,0.00,3052.00,4097.00,0.00,0.00,247.00,5448946.40,0.00
3.92,0.00,0.00,3045.00,4104.00,0.00,0.00,247.00,5435571.10,0.00
3.93,0.00,0.00,3042.00,4107.00,0.00,0.00,247.00,5422900.82,0.00
3.94,0.00,0.00,3034.00,4115.00,0.00,0.00,247.00,5410123.50,0.00
3.94,0.00,0.00,3029.00,4120.00,0.00,0.00,247.00,5397699.08,0.00
3.95,0.00,0.00,3023.00,4126.00,0.00,0.00,247.00,5385446.83,0.00
3.96,0.00,0.00,3015.00,4134.00,0.00,0.00,247.00,5373051.42,0.00
3.97,0.00,0.00,3008.00,4141.00,0.00,0.00,247.00,5360675.46,0.00
3.97,0.00,0.00,2998.00,4151.00,0.00,0.00,247.00,5347866.55,0.00
3.98,0.00,0.00,2991.00,4158.00,0.00,0.00,247.00,5335112.78,0.00
3.99,0.00,0.00,2982.00,4167.00,0.00,0.00,247.00,5322108.98,0.00
3.99,0.00,0.00,2974.00,4175.00,0.00,0.00,247.00,5309026.95,0.00
4.00,0.00,0.00,2968.00,4181.00,0.00,0.00,247.00,5296173.92,0.00
4.01,0.00,0.00,2961.00,4188.00,0.00,0.00,247.00,5283379.89,0.00
4.01,0.00,0.00,2952.00,4197.00,0.00,0.00,247.00,5270339.27,0.00
4.02,0.00,0.00,2949.00,4200.00,0.00,0.00,247.00,5257974.73,0.00
4.03,0.00,0.00,2943.00,4206.00,0.00,0.00,247.00,5245777.21,0.00
4.03,0.00,0.00,2939.00,4210.00,0.00,0.00,247.00,5234032.72,0.00
4.04,0.00,0.00,2928.00,4221.00,0.00,0.00,247.00,5221650.49,0.00
4.05,0.00,0.00,2922.00,4227.00,0.00,0.00,247.00,5209436.80,0.00
4.06,0.00,0.00,2914.00,4235.00,0.00,0.00,247.00,5197076.62,0.00
4.06,0.00,0.00,2902.00,4247.00,0.00,0.00,247.00,5183981.66,0.00
4.07,0.00,0.00,2895.00,4254.00,0.00,0.00,247.00,5170966.60,0.00
4.08,0.00,0.00,2884.00,4265.00,0.00,0.00,247.00,5157423.59,0.00
4.08,0.00,0.00,2872.00,4277.00,0.00,0.00,247.00,5143248.02,0.00
4.09,0.00,0.00,2868.00,4281.00,0.00,0.00,247.00,5129696.38,0.00
4.10,0.00,0.00,2862.00,4287.00,0.00,0.00,247.00,5116414.34,0.00
4.10,0.00,0.00,2846.00,4303.00,0.00,0.00,247.00,5101876.26,0.00
4.11,0.00,0.00,2834.00,4315.00,0.00,0.00,247.00,5086791.59,0.00
4.12,0.00,0.00,2825.00,4324.00,0.00,0.00,247.00,5071658.27,0.00
4.12,0.00,0.00,2817.00,4332.00,0.00,0.00,247.00,5056630.75,0.00
4.13,0.00,0.00,2810.00,4339.00,0.00,0.00,247.00,5041850.08,0.00
4.14,0.00,0.00,2805.00,4344.00,0.00,0.00,247.00,5027595.41,0.00
4.15,0.00,0.00,2800.00,4349.00,0.00,0.00,247.00,5013821.31,0.00
4.15,0.00,0.00,2791.00,4358.00,0.00,0.00,247.00,4999885.30,0.00
4.16,0.00,0.00,2786.00,4363.00,0.00,0.00,247.00,4986402.30,0.00
4.17,0.00,0.00,2785.00,4364.00,0.00,0.00,247.00,4973934.12,0.00
4.17,0.00,0.00,2779.00,4370.00,0.00,0.00,247.00,4961641.89,0.00
4.18,0.00,0.00,2772.00,4377.00,0.00,0.00,247.00,4949360.18,0.00
4.19,0.00,0.00,2765.00,4384.00,0.00,0.00,247.00,4937088.08,0.00
4.19,0.00,0.00,2758.00,4391.00,0.00,0.00,247.00,4924824.78,0.00
4.20,0.00,0.00,2751.00,4398.00,0.00,0.00,247.00,4912569.48,0.00
4.21,0.00,0.00,2743.00,4406.00,0.00,0.00,247.00,4900171.29,0.00
4.22,0.00,0.00,2732.00,4417.00,0.00,0.00,247.00,4887191.84,0.00
4.22,0.00,0.00,2725.00,4424.00,0.00,0.00,247.00,4874282.30,0.00
4.23,0.00,0.00,2715.00,4434.00,0.00,0.00,247.00,4860985.94,0.00
4.24,0.00,0.00,2708.00,4441.00,0.00,0.00,247.00,4847786.86,0.00
4.24,0.00,0.00,2701.00,4448.00,0.00,0.00,247.00,4834676.65,0.00
4.25,0.00,0.00,2689.00,4460.00,0.00,0.00,247.00,4820896.48,0.00
4.26,0.00,0.00,2681.00,4468.00,0.00,0.00,247.00,4807105.16,0.00
4.26,0.00,0.00,2672.00,4477.00,0.00,0.00,247.00,4793153.45,0.00
4.27,0.00,0.00,2663.00,4486.00,0.00,0.00,247.00,4779055.18,0.00
4.28,0.00,0.00,2658.00,4491.00,0.00,0.00,247.00,4765423.96,0.00
4.28,0.00,0.00,2651.00,4498.00,0.00,0.00,247.00,4751918.94,0.00
4.29,0.00,0.00,2644.00,4505.00,0.00,0.00,247.00,4738529.25,0.00
4.30,0.00,0.00,2642.00,4507.00,0.00,0.00,247.00,4725996.06,0.00
4.31,0.00,0.00,2634.00,4515.00,0.00,0.00,247.00,4713343.97,0.00
4.31,0.00,0.00,2632.00,4517.00,0.00,0.00,247.00,4701484.67,0.00
4.32,0.00,0.00,2625.00,4524.00,0.00,0.00,247.00,4689598.50,0.00
4.33,0.00,0.00,2616.00,4533.00,0.00,0.00,247.00,4677387.28,0.00
4.33,0.00,0.00,2608.00,4541.00,0.00,0.00,247.00,4665029.35,0.00
4.34,0.00,0.00,2600.00,4549.00,0.00,0.00,247.00,4652537.39,0.00
4.35,0.00,0.00,2594.00,4555.00,0.00,0.00,247.00,4640223.44,0.00
4.35,0.00,0.00,2584.00,4565.00,0.00,0.00,247.00,4627471.19,0.00
4.36,0.00,0.00,2576.00,4573.00,0.00,0.00,247.00,4614618.97,0.00
4.37,0.00,0.00,2570.00,4579.00,0.00,0.00,247.00,4601975.90,0.00
4.38,0.00,0.00,2562.00,4587.00,0.00,0.00,247.00,4589223.43,0.00
4.38,0.00,0.00,2557.00,4592.00,0.00,0.00,247.00,4576821.72,0.00
4.39,0.00,0.00,2551.00,4598.00,0.00,0.00,247.00,4564590.22,0.00
4.40,0.00,0.00,2540.00,4609.00,0.00,0.00,247.00,4551763.07,0.00
4.40,0.00,0.00,2530.00,4619.00,0.00,0.00,247.00,4538541.97,0.00
4.41,0.00,0.00,2524.00,4625.00,0.00,0.00,247.00,4525561.88,0.00
4.42,0.00,0.00,2511.00,4638.00,0.00,0.00,247.00,4511750.34,0.00
4.42,0.00,0.00,2504.00,4645.00,0.00,0.00,247.00,4498080.62,0.00
4.43,0.00,0.00,2496.00,4653.00,0.00,0.00,247.00,4484390.21,0.00
4.44,0.00,0.00,2486.00,4663.00,0.00,0.00,247.00,4470380.44,0.00
4.44,0.00,0.00,2479.00,4670.00,0.00,0.00,247.00,4456529.59,0.00
4.45,0.00,0.00,2471.00,4678.00,0.00,0.00,247.00,4442673.72,0.00
4.46,0.00,0.00,2456.00,4693.00,0.00,0.00,247.00,4427761.62,0.00
4.47,0.00,0.00,2450.00,4699.00,0.00,0.00,247.00,4413236.65,0.00
4.47,0.00,0.00,2447.00,4702.00,0.00,0.00,247.00,4399516.05,0.00
4.48,0.00,0.00,2441.00,4708.00,0.00,0.00,247.00,4386079.62,0.00
4.49,0.00,0.00,2434.00,4715.00,0.00,0.00,247.00,4372752.59,0.00
4.49,0.00,0.00,2429.00,4720.00,0.00,0.00,247.00,4359825.95,0.00
4.50,0.00,0.00,2420.00,4729.00,0.00,0.00,247.00,4346664.18,0.00
4.51,0.00,0.00,2406.00,4743.00,0.00,0.00,247.00,4332536.45,0.00
4.51,0.00,0.00,2397.00,4752.00,0.00,0.00,247.00,4318277.39,0.00
4.52,0.00,0.00,2388.00,4761.00,0.00,0.00,247.00,4303898.33,0.00
4.53,0.00,0.00,2381.00,4768.00,0.00,0.00,247.00,4289710.12,0.00
4.53,0.00,0.00,2369.00,4780.00,0.00,0.00,247.00,4274945.08,0.00
4.54,0.00,0.00,2360.00,4789.00,0.00,0.00,247.00,4260103.80,0.00
4.55,0.00,0.00,2351.00,4798.00,0.00,0.00,247.00,4245192.80,0.00
4.56,0.00,0.00,2340.00,4809.00,0.00,0.00,247.00,4229917.70,0.00
4.56,0.00,0.00,2334.00,4815.00,0.00,0.00,247.00,4215061.08,0.00
4.57,0.00,0.00,2326.00,4823.00,0.00,0.00,247.00,4200286.34,0.00
4.58,0.00,0.00,2317.00,4832.00,0.00,0.00,247.00,4185436.15,0.00
4.58,0.00,0.00,2312.00,4837.00,0.00,0.00,247.00,4171117.98,0.00
4.59,0.00,0.00,2303.00,4846.00,0.00,0.00,247.00,4156684.93,0.00
4.60,0.00,0.00,2294.00,4855.00,0.00,0.00,247.00,4142146.92,0.00
4.60,0.00,0.00,2287.00,4862.00,0.00,0.00,247.00,4127813.48,0.00
4.61,0.00,0.00,2285.00,4864.00,0.00,0.00,247.00,4114418.10,0.00
4.62,0.00,0.00,2278.00,4871.00,0.00,0.00,247.00,4101128.57,0.00
4.62,0.00,0.00,2271.00,4878.00,0.00,0.00,247.00,4087935.73,0.00
4.63,0.00,0.00,2263.00,4886.00,0.00,0.00,247.00,4074680.99,0.00
4.64,0.00,0.00,2258.00,4891.00,0.00,0.00,247.00,4061820.41,0.00
4.65,0.00,0.00,2252.00,4897.00,0.00,0.00,247.00,4049169.68,0.00
4.65,0.00,0.00,2243.00,4906.00,0.00,0.00,247.00,4036260.00,0.00
4.66,0.00,0.00,2234.00,4915.00,0.00,0.00,247.00,4023113.71,0.00
4.67,0.00,0.00,2224.00,4925.00,0.00,0.00,247.00,4009601.07,0.00
4.67,0.00,0.00,2218.00,4931.00,0.00,0.00,247.00,3996354.62,0.00
4.68,0.00,0.00,2214.00,4935.00,0.00,0.00,247.00,3983651.85,0.00
4.69,0.00,0.00,2204.00,4945.00,0.00,0.00,247.00,3970544.36,0.00
4.69,0.00,0.00,2197.00,4952.00,0.00,0.00,247.00,3957517.83,0.00
4.70,0.00,0.00,2189.00,4960.00,0.00,0.00,247.00,3944415.06,0.00
4.71,0.00,0.00,2181.00,4968.00,0.00,0.00,247.00,3931242.62,0.00
4.72,0.00,0.00,2176.00,4973.00,0.00,0.00,247.00,3918457.21,0.00
4.72,0.00,0.00,2165.00,4984.00,0.00,0.00,247.00,3905124.00,0.00
4.73,0.00,0.00,2160.00,4989.00,0.00,0.00,247.00,3892191.73,0.00
4.74,0.00,0.00,2151.00,4998.00,0.00,0.00,247.00,3879024.83,0.00
4.74,0.00,0.00,2145.00,5004.00,0.00,0.00,247.00,3866094.26,0.00
4.75,0.00,0.00,2141.00,5008.00,0.00,0.00,247.00,3853680.06,0.00
4.76,0.00,0.00,2135.00,5014.00,0.00,0.00,247.00,3841437.15,0.00
4.76,0.00,0.00,2129.00,5020.00,0.00,0.00,247.00,3829350.73,0.00
4.77,0.00,0.00,2124.00,5025.00,0.00,0.00,247.00,3817557.50,0.00
4.78,0.00,0.00,2112.00,5037.00,0.00,0.00,247.00,3804980.53,0.00
4.78,0.00,0.00,2105.00,5044.00,0.00,0.00,247.00,3792438.69,0.00
4.79,0.00,0.00,2097.00,5052.00,0.00,0.00,247.00,3779778.71,0.00
4.80,0.00,0.00,2086.00,5063.00,0.00,0.00,247.00,3766560.09,0.00
4.81,0.00,0.00,2080.00,5069.00,0.00,0.00,247.00,3753582.26,0.00
4.81,0.00,0.00,2078.00,5071.00,0.00,0.00,247.00,3741425.37,0.00
4.82,0.00,0.00,2070.00,5079.00,0.00,0.00,247.00,3729117.07,0.00
4.83,0.00,0.00,2060.00,5089.00,0.00,0.00,247.00,3716369.98,0.00
4.83,0.00,0.00,2047.00,5102.00,0.00,0.00,247.00,3702771.33,0.00
4.84,0.00,0.00,2038.00,5111.00,0.00,0.00,247.00,3688995.62,0.00
4.85,0.00,0.00,2034.00,5115.00,0.00,0.00,247.00,3675809.31,0.00
4.85,0.00,0.00,2023.00,5126.00,0.00,0.00,247.00,3662109.86,0.00
4.86,0.00,0.00,2016.00,5133.00,0.00,0.00,247.00,3648542.52,0.00
4.87,0.00,0.00,2007.00,5142.00,0.00,0.00,247.00,3634795.41,0.00
4.88,0.00,0.00,2005.00,5144.00,0.00,0.00,247.00,3621935.71,0.00
4.88,0.00,0.00,2001.00,5148.00,0.00,0.00,247.00,3609586.25,0.00
4.89,0.00,0.00,1993.00,5156.00,0.00,0.00,247.00,3597102.02,0.00
4.90,0.00,0.00,1990.00,5159.00,0.00,0.00,247.00,3585245.82,0.00
4.90,0.00,0.00,1984.00,5165.00,0.00,0.00,247.00,3573512.71,0.00
4.91,0.00,0.00,1977.00,5172.00,0.00,0.00,247.00,3561741.80,0.00
4.92,0.00,0.00,1971.00,5178.00,0.00,0.00,247.00,3550086.60,0.00
4.92,0.00,0.00,1967.00,5182.00,0.00,0.00,247.00,3538837.57,0.00
4.93,0.00,0.00,1964.00,5185.00,0.00,0.00,247.00,3528109.84,0.00
4.94,0.00,0.00,1961.00,5188.00,0.00,0.00,247.00,3517858.37,0.00
4.94,0.00,0.00,1950.00,5199.00,0.00,0.00,247.00,3506840.17,0.00
4.95,0.00,0.00,1942.00,5207.00,0.00,0.00,247.00,3495572.18,0.00
4.96,0.00,0.00,1936.00,5213.00,0.00,0.00,247.00,3484376.43,0.00
4.97,0.00,0.00,1929.00,5220.00,0.00,0.00,247.00,3473096.47,0.00
4.97,0.00,0.00,1924.00,5225.00,0.00,0.00,247.00,3462040.01,0.00
4.98,0.00,0.00,1920.00,5229.00,0.00,0.00,247.00,3451338.00,0.00
4.99,0.00,0.00,1915.00,5234.00,0.00,0.00,247.00,3440809.56,0.00
4.99,0.00,0.00,1904.00,5245.00,0.00,0.00,247.00,3429538.31,0.00
5.00,0.00,0.00,1896.00,5253.00,0.00,0.00,247.00,3418039.13,0.00
5.01,0.00,0.00,1882.00,5267.00,0.00,0.00,247.00,3405430.33,0.00
5.01,0.00,0.00,1874.00,5275.00,0.00,0.00,247.00,3392709.18,0.00
5.02,0.00,0.00,1865.00,5284.00,0.00,0.00,247.00,3379735.13,0.00
5.03,0.00,0.00,1852.00,5297.00,0.00,0.00,247.00,3365929.14,0.00
5.03,0.00,0.00,1846.00,5303.00,0.00,0.00,247.00,3352414.71,0.00
5.04,0.00,0.00,1838.00,5311.00,0.00,0.00,247.00,3338866.17,0.00
5.05,0.00,0.00,1832.00,5317.00,0.00,0.00,247.00,3325586.93,0.00
5.06,0.00,0.00,1822.00,5327.00,0.00,0.00,247.00,3311952.82,0.00
5.06,0.00,0.00,1816.00,5333.00,0.00,0.00,247.00,3298595.40,0.00
5.07,0.00,0.00,1810.00,5339.00,0.00,0.00,247.00,3285490.77,0.00
5.08,0.00,0.00,1805.00,5344.00,0.00,0.00,247.00,3272767.32,0.00
5.08,0.00,0.00,1799.00,5350.00,0.00,0.00,247.00,3260241.89,0.00
5.09,0.00,0.00,1795.00,5354.00,0.00,0.00,247.00,3248197.83,0.00
5.10,0.00,0.00,1790.00,5359.00,0.00,0.00,247.00,3236443.31,0.00
5.10,0.00,0.00,1783.00,5366.00,0.00,0.00,247.00,3224652.84,0.00
5.11,0.00,0.00,1778.00,5371.00,0.00,0.00,247.00,3213130.00,0.00
5.12,0.00,0.00,1773.00,5376.00,0.00,0.00,247.00,3201851.67,0.00
5.12,0.00,0.00,1765.00,5384.00,0.00,0.00,247.00,3190346.01,0.00
5.13,0.00,0.00,1759.00,5390.00,0.00,0.00,247.00,3178933.14,0.00
5.14,0.00,0.00,1751.00,5398.00,0.00,0.00,247.00,3167304.58,0.00
5.15,0.00,0.00,1744.00,5405.00,0.00,0.00,247.00,3155629.19,0.00
5.15,0.00,0.00,1736.00,5413.00,0.00,0.00,247.00,3143760.80,0.00
5.16,0.00,0.00,1730.00,5419.00,0.00,0.00,247.00,3132016.53,0.00
5.17,0.00,0.00,1723.00,5426.00,0.00,0.00,247.00,3120235.44,0.00
5.17,0.00,0.00,1718.00,5431.00,0.00,0.00,247.00,3108721.17,0.00
5.18,0.00,0.00,1712.00,5437.00,0.00,0.00,247.00,3097300.42,0.00
5.19,0.00,0.00,1704.00,5445.00,0.00,0.00,247.00,3085664.67,0.00
5.19,0.00,0.00,1698.00,5451.00,0.00,0.00,247.00,3074132.94,0.00
5.20,0.00,0.00,1690.00,5459.00,0.00,0.00,247.00,3062395.80,0.00
5.21,0.00,0.00,1682.00,5467.00,0.00,0.00,247.00,3050470.98,0.00
5.22,0.00,0.00,1678.00,5471.00,0.00,0.00,247.00,3038975.62,0.00
5.22,0.00,0.00,1673.00,5476.00,0.00,0.00,247.00,3027722.40,0.00
5.23,0.00,0.00,1666.00,5483.00,0.00,0.00,247.00,3016389.91,0.00
5.24,0.00,0.00,1664.00,5485.00,0.00,0.00,247.00,3005736.17,0.00
5.24,0.00,0.00,1659.00,5490.00,0.00,0.00,247.00,2995251.84,0.00
5.25,0.00,0.00,1652.00,5497.00,0.00,0.00,247.00,2984621.82,0.00
5.26,0.00,0.00,1644.00,5505.00,0.00,0.00,247.00,2973708.46,0.00
5.26,0.00,0.00,1636.00,5513.00,0.00,0.00,247.00,2962536.25,0.00
5.27,0.00,0.00,1633.00,5516.00,0.00,0.00,247.00,2951878.71,0.00
5.28,0.00,0.00,1623.00,5526.00,0.00,0.00,247.00,2940639.74,0.00
5.28,0.00,0.00,1616.00,5533.00,0.00,0.00,247.00,2929320.28,0.00
5.29,0.00,0.00,1611.00,5538.00,0.00,0.00,247.00,2918227.75,0.00
5.30,0.00,0.00,1605.00,5544.00,0.00,0.00,247.00,2907192.31,0.00
5.31,0.00,0.00,1600.00,5549.00,0.00,0.00,247.00,2896359.27,0.00
5.31,0.00,0.00,1593.00,5556.00,0.00,0.00,247.00,2885410.65,0.00
5.32,0.00,0.00,1585.00,5564.00,0.00,0.00,247.00,2874206.22,0.00
5.33,0.00,0.00,1576.00,5573.00,0.00,0.00,247.00,2862617.87,0.00
5.33,0.00,0.00,1569.00,5580.00,0.00,0.00,247.00,2850979.22,0.00
5.34,0.00,0.00,1561.00,5588.00,0.00,0.00,247.00,2839144.38,0.00
5.35,0.00,0.00,1554.00,5595.00,0.00,0.00,247.00,2827280.54,0.00
5.35,0.00,0.00,1547.00,5602.00,0.00,0.00,247.00,2815390.20,0.00
5.36,0.00,0.00,1543.00,5606.00,0.00,0.00,247.00,2803926.36,0.00
5.37,0.00,0.00,1538.00,5611.00,0.00,0.00,247.00,2792701.92,0.00
5.38,0.00,0.00,1532.00,5617.00,0.00,0.00,247.00,2781545.97,0.00
5.38,0.00,0.00,1527.00,5622.00,0.00,0.00,247.00,2770602.81,0.00
5.39,0.00,0.00,1523.00,5626.00,0.00,0.00,247.00,2760004.31,0.00
5.40,0.00,0.00,1513.00,5636.00,0.00,0.00,247.00,2748819.30,0.00
5.40,0.00,0.00,1510.00,5639.00,0.00,0.00,247.00,2738150.05,0.00
5.41,0.00,0.00,1505.00,5644.00,0.00,0.00,247.00,2727651.54,0.00
5.42,0.00,0.00,1493.00,5656.00,0.00,0.00,247.00,2716257.40,0.00
5.42,0.00,0.00,1480.00,5669.00,0.00,0.00,247.00,2703894.79,0.00
5.43,0.00,0.00,1475.00,5674.00,0.00,0.00,247.00,2691849.26,0.00
5.44,0.00,0.00,1469.00,5680.00,0.00,0.00,247.00,2679943.16,0.00
5.44,0.00,0.00,1459.00,5690.00,0.00,0.00,247.00,2667563.51,0.00
5.45,0.00,0.00,1453.00,5696.00,0.00,0.00,247.00,2655352.18,0.00
5.46,0.00,0.00,1445.00,5704.00,0.00,0.00,247.00,2642994.15,0.00
5.47,0.00,0.00,1435.00,5714.00,0.00,0.00,247.00,2630201.63,0.00
5.47,0.00,0.00,1428.00,5721.00,0.00,0.00,247.00,2617462.86,0.00
5.48,0.00,0.00,1418.00,5731.00,0.00,0.00,247.00,2604322.51,0.00
5.49,0.00,0.00,1408.00,5741.00,0.00,0.00,247.00,2590815.26,0.00
5.49,0.00,0.00,1401.00,5748.00,0.00,0.00,247.00,2577423.51,0.00
5.50,0.00,0.00,1396.00,5753.00,0.00,0.00,247.00,2564437.76,0.00
5.51,0.00,0.00,1390.00,5759.00,0.00,0.00,247.00,2551672.70,0.00
5.51,0.00,0.00,1386.00,5763.00,0.00,0.00,247.00,2539409.71,0.00
5.52,0.00,0.00,1382.00,5767.00,0.00,0.00,247.00,2527605.40,0.00
5.53,0.00,0.00,1373.00,5776.00,0.00,0.00,247.00,2515468.98,0.00
5.53,0.00,0.00,1370.00,5779.00,0.00,0.00,247.00,2503930.55,0.00
5.54,0.00,0.00,1361.00,5788.00,0.00,0.00,247.00,2492037.05,0.00
5.55,0.00,0.00,1352.00,5797.00,0.00,0.00,247.00,2479819.16,0.00
5.56,0.00,0.00,1348.00,5801.00,0.00,0.00,247.00,2468056.05,0.00
5.56,0.00,0.00,1342.00,5807.00,0.00,0.00,247.00,2456407.98,0.00
5.57,0.00,0.00,1334.00,5815.00,0.00,0.00,247.00,2444564.54,0.00
5.58,0.00,0.00,1331.00,5818.00,0.00,0.00,247.00,2433293.76,0.00
5.58,0.00,0.00,1322.00,5827.00,0.00,0.00,247.00,2421644.78,0.00
5.59,0.00,0.00,1316.00,5833.00,0.00,0.00,247.00,2410100.97,0.00
5.60,0.00,0.00,1312.00,5837.00,0.00,0.00,247.00,2398953.71,0.00
5.60,0.00,0.00,1303.00,5846.00,0.00,0.00,247.00,2387417.58,0.00
5.61,0.00,0.00,1296.00,5853.00,0.00,0.00,247.00,2375826.63,0.00
5.62,0.00,0.00,1289.00,5860.00,0.00,0.00,247.00,2364185.61,0.00
5.62,0.00,0.00,1282.00,5867.00,0.00,0.00,247.00,2352498.84,0.00
5.63,0.00,0.00,1278.00,5871.00,0.00,0.00,247.00,2341220.97,0.00
5.64,0.00,0.00,1273.00,5876.00,0.00,0.00,247.00,2330166.44,0.00
5.65,0.00,0.00,1267.00,5882.00,0.00,0.00,247.00,2319165.71,0.00
5.65,0.00,0.00,1263.00,5886.00,0.00,0.00,247.00,2308514.60,0.00
5.66,0.00,0.00,1256.00,5893.00,0.00,0.00,247.00,2297732.21,0.00
5.67,0.00,0.00,1248.00,5901.00,0.00,0.00,247.00,2286679.65,0.00
5.67,0.00,0.00,1245.00,5904.00,0.00,0.00,247.00,2276131.41,0.00
5.68,0.00,0.00,1242.00,5907.00,0.00,0.00,247.00,2266043.94,0.00
5.69,0.00,0.00,1239.00,5910.00,0.00,0.00,247.00,2256377.40,0.00
5.69,0.00,0.00,1236.00,5913.00,0.00,0.00,247.00,2247095.43,0.00
5.70,0.00,0.00,1229.00,5920.00,0.00,0.00,247.00,2237563.87,0.00
5.71,0.00,0.00,1222.00,5927.00,0.00,0.00,247.00,2227804.29,0.00
5.72,0.00,0.00,1217.00,5932.00,0.00,0.00,247.00,2218136.85,0.00
5.72,0.00,0.00,1212.00,5937.00,0.00,0.00,247.00,2208553.59,0.00
5.73,0.00,0.00,1209.00,5940.00,0.00,0.00,247.00,2199347.70,0.00
5.74,0.00,0.00,1202.00,5947.00,0.00,0.00,247.00,2189885.66,0.00
5.74,0.00,0.00,1195.00,5954.00,0.00,0.00,247.00,2180189.59,0.00
5.75,0.00,0.00,1186.00,5963.00,0.00,0.00,247.00,2169979.25,0.00
5.76,0.00,0.00,1182.00,5967.00,0.00,0.00,247.00,2160050.23,0.00
5.76,0.00,0.00,1176.00,5973.00,0.00,0.00,247.00,2150077.77,0.00
5.77,0.00,0.00,1172.00,5977.00,0.00,0.00,247.00,2140366.07,0.00
5.78,0.00,0.00,1166.00,5983.00,0.00,0.00,247.00,2130592.15,0.00
5.78,0.00,0.00,1156.00,5993.00,0.00,0.00,247.00,2120160.45,0.00
5.79,0.00,0.00,1152.00,5997.00,0.00,0.00,247.00,2110029.22,0.00
5.80,0.00,0.00,1147.00,6002.00,0.00,0.00,247.00,2100022.23,0.00
5.81,0.00,0.00,1142.00,6007.00,0.00,0.00,247.00,2090128.77,0.00
5.81,0.00,0.00,1133.00,6016.00,0.00,0.00,247.00,2079738.10,0.00
5.82,0.00,0.00,1124.00,6025.00,0.00,0.00,247.00,2068893.17,0.00
5.83,0.00,0.00,1118.00,6031.00,0.00,0.00,247.00,2058083.93,0.00
5.83,0.00,0.00,1112.00,6037.00,0.00,0.00,247.00,2047307.31,0.00
5.84,0.00,0.00,1104.00,6045.00,0.00,0.00,247.00,2036260.02,0.00
5.85,0.00,0.00,1097.00,6052.00,0.00,0.00,247.00,2025115.68,0.00
5.85,0.00,0.00,1089.00,6060.00,0.00,0.00,247.00,2013732.45,0.00
5.86,0.00,0.00,1079.00,6070.00,0.00,0.00,247.00,2001830.50,0.00
5.87,0.00,0.00,1070.00,6079.00,0.00,0.00,247.00,1989604.88,0.00
5.88,0.00,0.00,1068.00,6081.00,0.00,0.00,247.00,1978135.18,0.00
5.88,0.00,0.00,1057.00,6092.00,0.00,0.00,247.00,1966004.01,0.00
5.89,0.00,0.00,1055.00,6094.00,0.00,0.00,247.00,1954620.60,0.00
5.90,0.00,0.00,1049.00,6100.00,0.00,0.00,247.00,1943319.41,0.00
5.90,0.00,0.00,1043.00,6106.00,0.00,0.00,247.00,1932093.35,0.00
5.91,0.00,0.00,1036.00,6113.00,0.00,0.00,247.00,1920785.68,0.00
5.92,0.00,0.00,1034.00,6115.00,0.00,0.00,247.00,1910154.61,0.00
5.92,0.00,0.00,1030.00,6119.00,0.00,0.00,247.00,1899841.22,0.00
5.93,0.00,0.00,1026.00,6123.00,0.00,0.00,247.00,1889818.06,0.00
5.94,0.00,0.00,1020.00,6129.00,0.00,0.00,247.00,1879759.59,0.00
5.94,0.00,0.00,1013.00,6136.00,0.00,0.00,247.00,1869518.63,0.00
5.95,0.00,0.00,1006.00,6143.00,0.00,0.00,247.00,1859110.94,0.00
5.96,0.00,0.00,999.00,6150.00,0.00,0.00,247.00,1848550.93,0.00
5.97,0.00,0.00,995.00,6154.00,0.00,0.00,247.00,1838302.47,0.00
5.97,0.00,0.00,990.00,6159.00,0.00,0.00,247.00,1828188.39,0.00
5.98,0.00,0.00,983.00,6166.00,0.00,0.00,247.00,1817896.62,0.00
5.99,0.00,0.00,978.00,6171.00,0.00,0.00,247.00,1807742.99,0.00
5.99,0.00,0.00,972.00,6177.00,0.00,0.00,247.00,1797565.32,0.00
6.00,0.00,0.00,963.00,6186.00,0.00,0.00,247.00,1786914.98,0.00
6.01,0.00,0.00,959.00,6190.00,0.00,0.00,247.00,1776584.00,0.00
6.01,0.00,0.00,950.00,6199.00,0.00,0.00,247.00,1765793.61,0.00
6.02,0.00,0.00,948.00,6201.00,0.00,0.00,247.00,1755635.12,0.00
6.03,0.00,0.00,944.00,6205.00,0.00,0.00,247.00,1745753.48,0.00
6.03,0.00,0.00,941.00,6208.00,0.00,0.00,247.00,1736275.00,0.00
6.04,0.00,0.00,935.00,6214.00,0.00,0.00,247.00,1726714.13,0.00
6.05,0.00,0.00,931.00,6218.00,0.00,0.00,247.00,1717378.48,0.00
6.06,0.00,0.00,924.00,6225.00,0.00,0.00,247.00,1707797.87,0.00
6.06,0.00,0.00,917.00,6232.00,0.00,0.00,247.00,1697993.48,0.00
6.07,0.00,0.00,911.00,6238.00,0.00,0.00,247.00,1688134.87,0.00
6.08,0.00,0.00,907.00,6242.00,0.00,0.00,247.00,1678527.20,0.00
6.08,0.00,0.00,895.00,6254.00,0.00,0.00,247.00,1667946.92,0.00
6.09,0.00,0.00,889.00,6260.00,0.00,0.00,247.00,1657379.48,0.00
6.10,0.00,0.00,883.00,6266.00,0.00,0.00,247.00,1646823.75,0.00
6.10,0.00,0.00,877.00,6272.00,0.00,0.00,247.00,1636278.72,0.00
6.11,0.00,0.00,871.00,6278.00,0.00,0.00,247.00,1625743.48,0.00
6.12,0.00,0.00,860.00,6289.00,0.00,0.00,247.00,1614466.01,0.00
6.12,0.00,0.00,847.00,6302.00,0.00,0.00,247.00,1602210.00,0.00
6.13,0.00,0.00,845.00,6304.00,0.00,0.00,247.00,1590712.53,0.00
6.14,0.00,0.00,837.00,6312.00,0.00,0.00,247.00,1579006.68,0.00
6.15,0.00,0.00,829.00,6320.00,0.00,0.00,247.00,1567110.45,0.00
6.15,0.00,0.00,822.00,6327.00,0.00,0.00,247.00,1555190.53,0.00
6.16,0.00,0.00,815.00,6334.00,0.00,0.00,247.00,1543248.96,0.00
6.17,0.00,0.00,811.00,6338.00,0.00,0.00,247.00,1531738.30,0.00
6.17,0.00,0.00,805.00,6344.00,0.00,0.00,247.00,1520320.87,0.00
6.18,0.00,0.00,797.00,6352.00,0.00,0.00,247.00,1508688.13,0.00
6.19,0.00,0.00,790.00,6359.00,0.00,0.00,247.00,1497008.93,0.00
6.19,0.00,0.00,787.00,6362.00,0.00,0.00,247.00,1485888.21,0.00
6.20,0.00,0.00,783.00,6366.00,0.00,0.00,247.00,1475127.48,0.00
6.21,0.00,0.00,774.00,6375.00,0.00,0.00,247.00,1463944.47,0.00
6.22,0.00,0.00,766.00,6383.00,0.00,0.00,247.00,1452525.91,0.00
6.22,0.00,0.00,765.00,6384.00,0.00,0.00,247.00,1441943.76,0.00
6.23,0.00,0.00,762.00,6387.00,0.00,0.00,247.00,1431825.31,0.00
6.24,0.00,0.00,758.00,6391.00,0.00,0.00,247.00,1421980.23,0.00
6.24,0.00,0.00,752.00,6397.00,0.00,0.00,247.00,1412084.45,0.00
6.25,0.00,0.00,748.00,6401.00,0.00,0.00,247.00,1402442.81,0.00
6.26,0.00,0.00,740.00,6409.00,0.00,0.00,247.00,1392432.44,0.00
6.26,0.00,0.00,735.00,6414.00,0.00,0.00,247.00,1382535.88,0.00
6.27,0.00,0.00,731.00,6418.00,0.00,0.00,247.00,1372893.53,0.00
6.28,0.00,0.00,727.00,6422.00,0.00,0.00,247.00,1363483.42,0.00
6.28,0.00,0.00,718.00,6431.00,0.00,0.00,247.00,1353534.34,0.00
6.29,0.00,0.00,712.00,6437.00,0.00,0.00,247.00,1343543.55,0.00
6.30,0.00,0.00,706.00,6443.00,0.00,0.00,247.00,1333514.65,0.00
6.31,0.00,0.00,701.00,6448.00,0.00,0.00,247.00,1323601.16,0.00
6.31,0.00,0.00,698.00,6451.00,0.00,0.00,247.00,1314093.58,0.00
6.32,0.00,0.00,694.00,6455.00,0.00,0.00,247.00,1304806.60,0.00
6.33,0.00,0.00,690.00,6459.00,0.00,0.00,247.00,1295721.16,0.00
6.33,0.00,0.00,683.00,6466.00,0.00,0.00,247.00,1286369.15,0.00
6.34,0.00,0.00,678.00,6471.00,0.00,0.00,247.00,1277074.06,0.00
6.35,0.00,0.00,673.00,6476.00,0.00,0.00,247.00,1267830.99,0.00
6.35,0.00,0.00,668.00,6481.00,0.00,0.00,247.00,1258635.43,0.00
6.36,0.00,0.00,663.00,6486.00,0.00,0.00,247.00,1249483.27,0.00
6.37,0.00,0.00,657.00,6492.00,0.00,0.00,247.00,1240220.55,0.00
6.38,0.00,0.00,653.00,6496.00,0.00,0.00,247.00,1231157.26,0.00
6.38,0.00,0.00,651.00,6498.00,0.00,0.00,247.00,1222576.66,0.00
6.39,0.00,0.00,649.00,6500.00,0.00,0.00,247.00,1214437.01,0.00
6.40,0.00,0.00,645.00,6504.00,0.00,0.00,247.00,1206399.77,0.00
6.40,0.00,0.00,642.00,6507.00,0.00,0.00,247.00,1198606.31,0.00
6.41,0.00,0.00,638.00,6511.00,0.00,0.00,247.00,1190885.34,0.00
6.42,0.00,0.00,628.00,6521.00,0.00,0.00,247.00,1182329.21,0.00
6.42,0.00,0.00,621.00,6528.00,0.00,0.00,247.00,1173460.77,0.00
6.43,0.00,0.00,616.00,6533.00,0.00,0.00,247.00,1164607.47,0.00
6.44,0.00,0.00,610.00,6539.00,0.00,0.00,247.00,1155617.77,0.00
6.44,0.00,0.00,606.00,6543.00,0.00,0.00,247.00,1146803.93,0.00
6.45,0.00,0.00,604.00,6545.00,0.00,0.00,247.00,1138451.21,0.00
6.46,0.00,0.00,599.00,6550.00,0.00,0.00,247.00,1130069.07,0.00
6.47,0.00,0.00,594.00,6555.00,0.00,0.00,247.00,1121660.05,0.00
6.47,0.00,0.00,587.00,6562.00,0.00,0.00,247.00,1112926.01,0.00
6.48,0.00,0.00,585.00,6564.00,0.00,0.00,247.00,1104646.20,0.00
6.49,0.00,0.00,577.00,6572.00,0.00,0.00,247.00,1095879.98,0.00
6.49,0.00,0.00,576.00,6573.00,0.00,0.00,247.00,1087720.99,0.00
6.50,0.00,0.00,567.00,6582.00,0.00,0.00,247.00,1078914.92,0.00
6.51,0.00,0.00,565.00,6584.00,0.00,0.00,247.00,1070569.29,0.00
6.51,0.00,0.00,563.00,6586.00,0.00,0.00,247.00,1062644.33,0.00
6.52,0.00,0.00,560.00,6589.00,0.00,0.00,247.00,1054953.44,0.00
6.53,0.00,0.00,558.00,6591.00,0.00,0.00,247.00,1047626.65,0.00
6.53,0.00,0.00,554.00,6595.00,0.00,0.00,247.00,1040332.02,0.00
6.54,0.00,0.00,550.00,6599.00,0.00,0.00,247.00,1033066.77,0.00
6.55,0.00,0.00,548.00,6601.00,0.00,0.00,247.00,1026128.84,0.00
6.56,0.00,0.00,543.00,6606.00,0.00,0.00,247.00,1019039.24,0.00
6.56,0.00,0.00,536.00,6613.00,0.00,0.00,247.00,1011510.61,0.00
6.57,0.00,0.00,529.00,6620.00,0.00,0.00,247.00,1003580.89,0.00
6.58,0.00,0.00,525.00,6624.00,0.00,0.00,247.00,995735.44,0.00
6.58,0.00,0.00,524.00,6625.00,0.00,0.00,247.00,988417.66,0.00
6.59,0.00,0.00,522.00,6627.00,0.00,0.00,247.00,981431.73,0.00
6.60,0.00,0.00,515.00,6634.00,0.00,0.00,247.00,973997.82,0.00
6.60,0.00,0.00,508.00,6641.00,0.00,0.00,247.00,966154.63,0.00
6.61,0.00,0.00,503.00,6646.00,0.00,0.00,247.00,958238.00,0.00
6.62,0.00,0.00,499.00,6650.00,0.00,0.00,247.00,950404.49,0.00
6.62,0.00,0.00,497.00,6652.00,0.00,0.00,247.00,942947.40,0.00
6.63,0.00,0.00,491.00,6658.00,0.00,0.00,247.00,935233.27,0.00
6.64,0.00,0.00,486.00,6663.00,0.00,0.00,247.00,927434.54,0.00
6.65,0.00,0.00,480.00,6669.00,0.00,0.00,247.00,919408.29,0.00
6.65,0.00,0.00,472.00,6677.00,0.00,0.00,247.00,910873.72,0.00
6.66,0.00,0.00,469.00,6680.00,0.00,0.00,247.00,902625.90,0.00
6.67,0.00,0.00,464.00,6685.00,0.00,0.00,247.00,894339.60,0.00
6.67,0.00,0.00,455.00,6694.00,0.00,0.00,247.00,885417.22,0.00
6.68,0.00,0.00,451.00,6698.00,0.00,0.00,247.00,876664.87,0.00
6.69,0.00,0.00,447.00,6702.00,0.00,0.00,247.00,868067.87,0.00
6.69,0.00,0.00,440.00,6709.00,0.00,0.00,247.00,859162.09,0.00
6.70,0.00,0.00,436.00,6713.00,0.00,0.00,247.00,850424.91,0.00
6.71,0.00,0.00,433.00,6716.00,0.00,0.00,247.00,841992.00,0.00
6.72,0.00,0.00,429.00,6720.00,0.00,0.00,247.00,833686.83,0.00
6.72,0.00,0.00,424.00,6725.00,0.00,0.00,247.00,825348.13,0.00
6.73,0.00,0.00,421.00,6728.00,0.00,0.00,247.00,817279.26,0.00
6.74,0.00,0.00,416.00,6733.00,0.00,0.00,247.00,809156.45,0.00
6.74,0.00,0.00,409.00,6740.00,0.00,0.00,247.00,800683.89,0.00
6.75,0.00,0.00,406.00,6743.00,0.00,0.00,247.00,792492.72,0.00
6.76,0.00,0.00,402.00,6747.00,0.00,0.00,247.00,784408.41,0.00
6.76,0.00,0.00,398.00,6751.00,0.00,0.00,247.00,776421.72,0.00
6.77,0.00,0.00,394.00,6755.00,0.00,0.00,247.00,768524.22,0.00
6.78,0.00,0.00,386.00,6763.00,0.00,0.00,247.00,760107.26,0.00
6.78,0.00,0.00,381.00,6768.00,0.00,0.00,247.00,751666.44,0.00
6.79,0.00,0.00,381.00,6768.00,0.00,0.00,247.00,743954.97,0.00
6.80,0.00,0.00,378.00,6771.00,0.00,0.00,247.00,736459.14,0.00
6.81,0.00,0.00,374.00,6775.00,0.00,0.00,247.00,729010.07,0.00
6.81,0.00,0.00,370.00,6779.00,0.00,0.00,247.00,721603.73,0.00
6.82,0.00,0.00,360.00,6789.00,0.00,0.00,247.00,713335.05,0.00
6.83,0.00,0.00,351.00,6798.00,0.00,0.00,247.00,704428.76,0.00
6.83,0.00,0.00,346.00,6803.00,0.00,0.00,247.00,695540.88,0.00
6.84,0.00,0.00,344.00,6805.00,0.00,0.00,247.00,687120.51,0.00
6.85,0.00,0.00,338.00,6811.00,0.00,0.00,247.00,678526.35,0.00
6.85,0.00,0.00,336.00,6813.00,0.00,0.00,247.00,670374.32,0.00
6.86,0.00,0.00,330.00,6819.00,0.00,0.00,247.00,662025.30,0.00
6.87,0.00,0.00,323.00,6826.00,0.00,0.00,247.00,653346.07,0.00
6.88,0.00,0.00,319.00,6830.00,0.00,0.00,247.00,644815.87,0.00
6.88,0.00,0.00,317.00,6832.00,0.00,0.00,247.00,636722.29,0.00
6.89,0.00,0.00,313.00,6836.00,0.00,0.00,247.00,628727.12,0.00
6.90,0.00,0.00,311.00,6838.00,0.00,0.00,247.00,621122.33,0.00
6.90,0.00,0.00,308.00,6841.00,0.00,0.00,247.00,613723.96,0.00
6.91,0.00,0.00,306.00,6843.00,0.00,0.00,247.00,606664.40,0.00
6.92,0.00,0.00,303.00,6846.00,0.00,0.00,247.00,599764.15,0.00
6.92,0.00,0.00,299.00,6850.00,0.00,0.00,247.00,592859.20,0.00
6.93,0.00,0.00,295.00,6854.00,0.00,0.00,247.00,585949.97,0.00
6.94,0.00,0.00,291.00,6858.00,0.00,0.00,247.00,579036.82,0.00
6.94,0.00,0.00,289.00,6860.00,0.00,0.00,247.00,572420.56,0.00
6.95,0.00,0.00,285.00,6864.00,0.00,0.00,247.00,565775.06,0.00
6.96,0.00,0.00,280.00,6869.00,0.00,0.00,247.00,558952.64,0.00
6.97,0.00,0.00,280.00,6869.00,0.00,0.00,247.00,552719.72,0.00
6.97,0.00,0.00,277.00,6872.00,0.00,0.00,247.00,546574.67,0.00
6.98,0.00,0.00,275.00,6874.00,0.00,0.00,247.00,540660.14,0.00
6.99,0.00,0.00,266.00,6883.00,0.00,0.00,247.00,533904.59,0.00
6.99,0.00,0.00,266.00,6883.00,0.00,0.00,247.00,527732.77,0.00
7.00,0.00,0.00,264.00,6885.00,0.00,0.00,247.00,521793.78,0.00
7.01,0.00,0.00,261.00,6888.00,0.00,0.00,247.00,515917.27,0.00
7.01,0.00,0.00,255.00,6894.00,0.00,0.00,247.00,509647.14,0.00
7.02,0.00,0.00,252.00,6897.00,0.00,0.00,247.00,503468.11,0.00
7.03,0.00,0.00,250.00,6899.00,0.00,0.00,247.00,497522.53,0.00
7.03,0.00,0.00,243.00,6906.00,0.00,0.00,247.00,491039.07,0.00
7.04,0.00,0.00,239.00,6910.00,0.00,0.00,247.00,484514.90,0.00
7.05,0.00,0.00,236.00,6913.00,0.00,0.00,247.00,478103.78,0.00
7.06,0.00,0.00,235.00,6914.00,0.00,0.00,247.00,472096.40,0.00
7.06,0.00,0.00,234.00,6915.00,0.00,0.00,247.00,466457.87,0.00
7.07,0.00,0.00,233.00,6916.00,0.00,0.00,247.00,461156.31,0.00
7.08,0.00,0.00,231.00,6918.00,0.00,0.00,247.00,456012.39,0.00
7.08,0.00,0.00,225.00,6924.00,0.00,0.00,247.00,450411.56,0.00
7.09,0.00,0.00,224.00,6925.00,0.00,0.00,247.00,445144.45,0.00
7.10,0.00,0.00,223.00,6926.00,0.00,0.00,247.00,440182.22,0.00
7.10,0.00,0.00,220.00,6929.00,0.00,0.00,247.00,435198.07,0.00
7.11,0.00,0.00,216.00,6933.00,0.00,0.00,247.00,430043.67,0.00
7.12,0.00,0.00,213.00,6936.00,0.00,0.00,247.00,424883.95,0.00
7.12,0.00,0.00,208.00,6941.00,0.00,0.00,247.00,419418.91,0.00
7.13,0.00,0.00,206.00,6943.00,0.00,0.00,247.00,414125.63,0.00
7.14,0.00,0.00,201.00,6948.00,0.00,0.00,247.00,408538.57,0.00
7.15,0.00,0.00,196.00,6953.00,0.00,0.00,247.00,402683.12,0.00
7.15,0.00,0.00,194.00,6955.00,0.00,0.00,247.00,397033.16,0.00
7.16,0.00,0.00,193.00,6956.00,0.00,0.00,247.00,391721.17,0.00
7.17,0.00,0.00,190.00,6959.00,0.00,0.00,247.00,386417.48,0.00
7.17,0.00,0.00,187.00,6962.00,0.00,0.00,247.00,381121.38,0.00
7.18,0.00,0.00,186.00,6963.00,0.00,0.00,247.00,376132.66,0.00
7.19,0.00,0.00,185.00,6964.00,0.00,0.00,247.00,371424.78,0.00
7.19,0.00,0.00,180.00,6969.00,0.00,0.00,247.00,366372.54,0.00
7.20,0.00,0.00,180.00,6969.00,0.00,0.00,247.00,361756.85,0.00
7.21,0.00,0.00,178.00,6971.00,0.00,0.00,247.00,357239.52,0.00
7.22,0.00,0.00,175.00,6974.00,0.00,0.00,247.00,352661.84,0.00
7.22,0.00,0.00,173.00,6976.00,0.00,0.00,247.00,348179.23,0.00
7.23,0.00,0.00,168.00,6981.00,0.00,0.00,247.00,343332.80,0.00
7.24,0.00,0.00,166.00,6983.00,0.00,0.00,247.00,338604.68,0.00
7.24,0.00,0.00,159.00,6990.00,0.00,0.00,247.00,333233.48,0.00
7.25,0.00,0.00,157.00,6992.00,0.00,0.00,247.00,328025.93,0.00
7.26,0.00,0.00,155.00,6994.00,0.00,0.00,247.00,322967.89,0.00
7.26,0.00,0.00,155.00,6994.00,0.00,0.00,247.00,318346.90,0.00
7.27,0.00,0.00,154.00,6995.00,0.00,0.00,247.00,313974.97,0.00
7.28,0.00,0.00,150.00,6999.00,0.00,0.00,247.00,309379.88,0.00
7.28,0.00,0.00,147.00,7002.00,0.00,0.00,247.00,304731.15,0.00
7.29,0.00,0.00,142.00,7007.00,0.00,0.00,247.00,299732.95,0.00
7.30,0.00,0.00,141.00,7008.00,0.00,0.00,247.00,295016.39,0.00
7.31,0.00,0.00,136.00,7013.00,0.00,0.00,247.00,289956.23,0.00
7.31,0.00,0.00,136.00,7013.00,0.00,0.00,247.00,285333.30,0.00
7.32,0.00,0.00,135.00,7014.00,0.00,0.00,247.00,280959.59,0.00
7.33,0.00,0.00,132.00,7017.00,0.00,0.00,247.00,276513.12,0.00
7.33,0.00,0.00,127.00,7022.00,0.00,0.00,247.00,271699.69,0.00
7.34,0.00,0.00,123.00,7026.00,0.00,0.00,247.00,266701.26,0.00
7.35,0.00,0.00,121.00,7028.00,0.00,0.00,247.00,261834.26,0.00
7.35,0.00,0.00,119.00,7030.00,0.00,0.00,247.00,257087.35,0.00
7.36,0.00,0.00,117.00,7032.00,0.00,0.00,247.00,252450.14,0.00
7.37,0.00,0.00,116.00,7033.00,0.00,0.00,247.00,248063.39,0.00
7.38,0.00,0.00,115.00,7034.00,0.00,0.00,247.00,243905.46,0.00
7.38,0.00,0.00,113.00,7036.00,0.00,0.00,247.00,239806.34,0.00
7.39,0.00,0.00,112.00,7037.00,0.00,0.00,247.00,235911.19,0.00
7.40,0.00,0.00,111.00,7038.00,0.00,0.00,247.00,232202.37,0.00
7.40,0.00,0.00,109.00,7040.00,0.00,0.00,247.00,228513.56,0.00
7.41,0.00,0.00,108.00,7041.00,0.00,0.00,247.00,224993.26,0.00
7.42,0.00,0.00,105.00,7044.00,0.00,0.00,247.00,221326.45,0.00
7.42,0.00,0.00,104.00,7045.00,0.00,0.00,247.00,217826.25,0.00
7.43,0.00,0.00,102.00,7047.00,0.00,0.00,247.00,214328.02,0.00
7.44,0.00,0.00,99.00,7050.00,0.00,0.00,247.00,210681.38,0.00
7.44,0.00,0.00,96.00,7053.00,0.00,0.00,247.00,206899.14,0.00
7.45,0.00,0.00,94.00,7055.00,0.00,0.00,247.00,203143.25,0.00
7.46,0.00,0.00,92.00,7057.00,0.00,0.00,247.00,199411.43,0.00
7.47,0.00,0.00,86.00,7063.00,0.00,0.00,247.00,195100.68,0.00
7.47,0.00,0.00,85.00,7064.00,0.00,0.00,247.00,191012.19,0.00
7.48,0.00,0.00,85.00,7064.00,0.00,0.00,247.00,187276.97,0.00
7.49,0.00,0.00,83.00,7066.00,0.00,0.00,247.00,183564.03,0.00
7.49,0.00,0.00,81.00,7068.00,0.00,0.00,247.00,179871.46,0.00
7.50,0.00,0.00,79.00,7070.00,0.00,0.00,247.00,176197.50,0.00
7.51,0.00,0.00,76.00,7073.00,0.00,0.00,247.00,172390.30,0.00
7.51,0.00,0.00,75.00,7074.00,0.00,0.00,247.00,168761.83,0.00
7.52,0.00,0.00,72.00,7077.00,0.00,0.00,247.00,164996.20,0.00
7.53,0.00,0.00,71.00,7078.00,0.00,0.00,247.00,161405.72,0.00
7.53,0.00,0.00,70.00,7079.00,0.00,0.00,247.00,157975.25,0.00
7.54,0.00,0.00,68.00,7081.00,0.00,0.00,247.00,154540.73,0.00
7.55,0.00,0.00,66.00,7083.00,0.00,0.00,247.00,151102.52,0.00
7.56,0.00,0.00,66.00,7083.00,0.00,0.00,247.00,147961.40,0.00
7.56,0.00,0.00,65.00,7084.00,0.00,0.00,247.00,144941.47,0.00
7.57,0.00,0.00,63.00,7086.00,0.00,0.00,247.00,141882.01,0.00
7.58,0.00,0.00,62.00,7087.00,0.00,0.00,247.00,138936.69,0.00
7.58,0.00,0.00,62.00,7087.00,0.00,0.00,247.00,136245.86,0.00
7.59,0.00,0.00,62.00,7087.00,0.00,0.00,247.00,133787.54,0.00
7.60,0.00,0.00,62.00,7087.00,0.00,0.00,247.00,131541.64,0.00
7.60,0.00,0.00,60.00,7089.00,0.00,0.00,247.00,129189.33,0.00
7.61,0.00,0.00,60.00,7089.00,0.00,0.00,247.00,127040.29,0.00
7.62,0.00,0.00,58.00,7091.00,0.00,0.00,247.00,124776.47,0.00
7.62,0.00,0.00,55.00,7094.00,0.00,0.00,247.00,122257.57,0.00
7.63,0.00,0.00,53.00,7096.00,0.00,0.00,247.00,119655.86,0.00
7.64,0.00,0.00,51.00,7098.00,0.00,0.00,247.00,116978.50,0.00
7.65,0.00,0.00,48.00,7101.00,0.00,0.00,247.00,114081.78,0.00
7.65,0.00,0.00,47.00,7102.00,0.00,0.00,247.00,111285.13,0.00
7.66,0.00,0.00,47.00,7102.00,0.00,0.00,247.00,108730.14,0.00
7.67,0.00,0.00,47.00,7102.00,0.00,0.00,247.00,106395.91,0.00
7.67,0.00,0.00,46.00,7103.00,0.00,0.00,247.00,104113.15,0.00
7.68,0.00,0.00,45.00,7104.00,0.00,0.00,247.00,101877.40,0.00
7.69,0.00,0.00,45.00,7104.00,0.00,0.00,247.00,99834.84,0.00
7.69,0.00,0.00,44.00,7105.00,0.00,0.00,247.00,97818.54,0.00
7.70,0.00,0.00,44.00,7105.00,0.00,0.00,247.00,95976.47,0.00
7.71,0.00,0.00,44.00,7105.00,0.00,0.00,247.00,94293.56,0.00
7.72,0.00,0.00,41.00,7108.00,0.00,0.00,247.00,92305.37,0.00
7.72,0.00,0.00,40.00,7109.00,0.00,0.00,247.00,90338.75,0.00
7.73,0.00,0.00,38.00,7111.00,0.00,0.00,247.00,88241.60,0.00
7.74,0.00,0.00,37.00,7112.00,0.00,0.00,247.00,86175.42,0.00
7.74,0.00,0.00,35.00,7114.00,0.00,0.00,247.00,83987.32,0.00
7.75,0.00,0.00,35.00,7114.00,0.00,0.00,247.00,81988.28,0.00
7.76,0.00,0.00,35.00,7114.00,0.00,0.00,247.00,80161.97,0.00
7.76,0.00,0.00,34.00,7115.00,0.00,0.00,247.00,78343.24,0.00
7.77,0.00,0.00,33.00,7116.00,0.00,0.00,247.00,76531.44,0.00
7.78,0.00,0.00,31.00,7118.00,0.00,0.00,247.00,74575.72,0.00
7.78,0.00,0.00,31.00,7118.00,0.00,0.00,247.00,72788.99,0.00
7.79,0.00,0.00,31.00,7118.00,0.00,0.00,247.00,71156.65,0.00
7.80,0.00,0.00,31.00,7118.00,0.00,0.00,247.00,69665.35,0.00
7.81,0.00,0.00,31.00,7118.00,0.00,0.00,247.00,68302.91,0.00
7.81,0.00,0.00,30.00,7119.00,0.00,0.00,247.00,66907.97,0.00
7.82,0.00,0.00,29.00,7120.00,0.00,0.00,247.00,65483.33,0.00
7.83,0.00,0.00,29.00,7120.00,0.00,0.00,247.00,64181.79,0.00
7.83,0.00,0.00,29.00,7120.00,0.00,0.00,247.00,62992.71,0.00
7.84,0.00,0.00,29.00,7120.00,0.00,0.00,247.00,61906.38,0.00
7.85,0.00,0.00,29.00,7120.00,0.00,0.00,247.00,60913.91,0.00
7.85,0.00,0.00,27.00,7122.00,0.00,0.00,247.00,59706.74,0.00
7.86,0.00,0.00,27.00,7122.00,0.00,0.00,247.00,58603.87,0.00
7.87,0.00,0.00,24.00,7125.00,0.00,0.00,247.00,57145.61,0.00
7.88,0.00,0.00,23.00,7126.00,0.00,0.00,247.00,55663.12,0.00
7.88,0.00,0.00,22.00,7127.00,0.00,0.00,247.00,54158.50,0.00
7.89,0.00,0.00,22.00,7127.00,0.00,0.00,247.00,52783.89,0.00
7.90,0.00,0.00,20.00,7129.00,0.00,0.00,247.00,51227.59,0.00
7.90,0.00,0.00,19.00,7130.00,0.00,0.00,247.00,49655.54,0.00
7.91,0.00,0.00,19.00,7130.00,0.00,0.00,247.00,48219.33,0.00
7.92,0.00,0.00,18.00,7131.00,0.00,0.00,247.00,46756.98,0.00
7.92,0.00,0.00,18.00,7131.00,0.00,0.00,247.00,45420.99,0.00
7.93,0.00,0.00,18.00,7131.00,0.00,0.00,247.00,44200.44,0.00
7.94,0.00,0.00,18.00,7131.00,0.00,0.00,247.00,43085.35,0.00
7.94,0.00,0.00,16.00,7133.00,0.00,0.00,247.00,41766.16,0.00
7.95,0.00,0.00,16.00,7133.00,0.00,0.00,247.00,40560.95,0.00
7.96,0.00,0.00,15.00,7134.00,0.00,0.00,247.00,39309.65,0.00
7.97,0.00,0.00,14.00,7135.00,0.00,0.00,247.00,38016.24,0.00
7.97,0.00,0.00,14.00,7135.00,0.00,0.00,247.00,36834.59,0.00
7.98,0.00,0.00,12.00,7137.00,0.00,0.00,247.00,35454.58,0.00
7.99,0.00,0.00,12.00,7137.00,0.00,0.00,247.00,34193.82,0.00
7.99,0.00,0.00,12.00,7137.00,0.00,0.00,247.00,33041.99,0.00
8.00,0.00,0.00,12.00,7137.00,0.00,0.00,247.00,31989.69,0.00
8.01,0.00,0.00,12.00,7137.00,0.00,0.00,247.00,31028.32,0.00
8.01,0.00,0.00,12.00,7137.00,0.00,0.00,247.00,30150.01,0.00
8.02,0.00,0.00,11.00,7138.00,0.00,0.00,247.00,29197.37,0.00
8.03,0.00,0.00,10.00,7139.00,0.00,0.00,247.00,28176.81,0.00
8.03,0.00,0.00,10.00,7139.00,0.00,0.00,247.00,27244.44,0.00
8.04,0.00,0.00,9.00,7140.00,0.00,0.00,247.00,26242.40,0.00
8.05,0.00,0.00,9.00,7140.00,0.00,0.00,247.00,25326.94,0.00
8.06,0.00,0.00,8.00,7141.00,0.00,0.00,247.00,24340.35,0.00
8.06,0.00,0.00,7.00,7142.00,0.00,0.00,247.00,23288.78,0.00
8.07,0.00,0.00,7.00,7142.00,0.00,0.00,247.00,22328.08,0.00
8.08,0.00,0.00,7.00,7142.00,0.00,0.00,247.00,21450.38,0.00
8.08,0.00,0.00,7.00,7142.00,0.00,0.00,247.00,20648.53,0.00
8.09,0.00,0.00,7.00,7142.00,0.00,0.00,247.00,19915.96,0.00
8.10,0.00,0.00,6.00,7143.00,0.00,0.00,247.00,19096.46,0.00
8.10,0.00,0.00,6.00,7143.00,0.00,0.00,247.00,18347.77,0.00
8.11,0.00,0.00,6.00,7143.00,0.00,0.00,247.00,17663.77,0.00
8.12,0.00,0.00,6.00,7143.00,0.00,0.00,247.00,17038.88,0.00
8.12,0.00,0.00,5.00,7144.00,0.00,0.00,247.00,16317.75,0.00
8.13,0.00,0.00,5.00,7144.00,0.00,0.00,247.00,15658.93,0.00
8.14,0.00,0.00,5.00,7144.00,0.00,0.00,247.00,15057.04,0.00
8.15,0.00,0.00,5.00,7144.00,0.00,0.00,247.00,14507.15,0.00
8.15,0.00,0.00,5.00,7144.00,0.00,0.00,247.00,14004.78,0.00
8.16,0.00,0.00,5.00,7144.00,0.00,0.00,247.00,13545.82,0.00
8.17,0.00,0.00,5.00,7144.00,0.00,0.00,247.00,13126.52,0.00
8.17,0.00,0.00,5.00,7144.00,0.00,0.00,247.00,12743.44,0.00
8.18,0.00,0.00,4.00,7145.00,0.00,0.00,247.00,12243.24,0.00
8.19,0.00,0.00,3.00,7146.00,0.00,0.00,247.00,11636.03,0.00
8.19,0.00,0.00,3.00,7146.00,0.00,0.00,247.00,11081.28,0.00
8.20,0.00,0.00,3.00,7146.00,0.00,0.00,247.00,10574.47,0.00
8.21,0.00,0.00,3.00,7146.00,0.00,0.00,247.00,10111.45,0.00
8.22,0.00,0.00,3.00,7146.00,0.00,0.00,247.00,9688.44,0.00
8.22,0.00,0.00,3.00,7146.00,0.00,0.00,247.00,9301.98,0.00
8.23,0.00,0.00,3.00,7146.00,0.00,0.00,247.00,8948.91,0.00
8.24,0.00,0.00,3.00,7146.00,0.00,0.00,247.00,8626.35,0.00
8.24,0.00,0.00,3.00,7146.00,0.00,0.00,247.00,8331.67,0.00
8.25,0.00,0.00,3.00,7146.00,0.00,0.00,247.00,8062.44,0.00
8.26,0.00,0.00,3.00,7146.00,0.00,0.00,247.00,7816.48,0.00
8.26,0.00,0.00,3.00,7146.00,0.00,0.00,247.00,7591.77,0.00
8.27,0.00,0.00,3.00,7146.00,0.00,0.00,247.00,7386.48,0.00
8.28,0.00,0.00,3.00,7146.00,0.00,0.00,247.00,7198.93,0.00
8.28,0.00,0.00,2.00,7147.00,0.00,0.00,247.00,6877.35,0.00
8.29,0.00,0.00,2.00,7147.00,0.00,0.00,247.00,6583.56,0.00
8.30,0.00,0.00,2.00,7147.00,0.00,0.00,247.00,6315.15,0.00
8.31,0.00,0.00,2.00,7147.00,0.00,0.00,247.00,6069.94,0.00
8.31,0.00,0.00,2.00,7147.00,0.00,0.00,247.00,5845.91,0.00
8.32,0.00,0.00,1.00,7148.00,0.00,0.00,247.00,5491.01,0.00
8.33,0.00,0.00,1.00,7148.00,0.00,0.00,247.00,5166.78,0.00
8.33,0.00,0.00,1.00,7148.00,0.00,0.00,247.00,4870.56,0.00
8.34,0.00,0.00,1.00,7148.00,0.00,0.00,247.00,4599.94,0.00
8.35,0.00,0.00,1.00,7148.00,0.00,0.00,247.00,4352.70,0.00
8.35,0.00,0.00,1.00,7148.00,0.00,0.00,247.00,4126.83,0.00
8.36,0.00,0.00,1.00,7148.00,0.00,0.00,247.00,3920.47,0.00
8.37,0.00,0.00,1.00,7148.00,0.00,0.00,247.00,3731.94,0.00
8.38,0.00,0.00,1.00,7148.00,0.00,0.00,247.00,3559.71,0.00
8.38,0.00,0.00,1.00,7148.00,0.00,0.00,247.00,3402.35,0.00
8.39,0.00,0.00,1.00,7148.00,0.00,0.00,247.00,3258.59,0.00
8.40,0.00,0.00,1.00,7148.00,0.00,0.00,247.00,3127.26,0.00
8.40,0.00,0.00,0.00,7149.00,0.00,0.00,247.00,2857.04,0.00
8.41,0.00,0.00,0.00,7149.00,0.00,0.00,247.00,2610.17,0.00
8.42,0.00,0.00,0.00,7149.00,0.00,0.00,247.00,2384.63,0.00
8.42,0.00,0.00,0.00,7149.00,0.00,0.00,247.00,2178.58,0.00
8.43,0.00,0.00,0.00,7149.00,0.00,0.00,247.00,1990.34,0.00
8.44,0.00,0.00,0.00,7149.00,0.00,0.00,247.00,1818.36,0.00
8.44,0.00,0.00,0.00,7149.00,0.00,0.00,247.00,1661.24,0.00
8.45,0.00,0.00,0.00,7149.00,0.00,0.00,247.00,1517.69,0.00
8.46,0.00,0.00,0.00,7149.00,0.00,0.00,247.00,1386.55,0.00
8.47,0.00,0.00,0.00,7149.00,0.00,0.00,247.00,1266.74,0.00
8.47,0.00,0.00,0.00,7149.00,0.00,0.00,247.00,1157.29,0.00
8.48,0.00,0.00,0.00,7149.00,0.00,0.00,247.00,1057.29,0.00
8.49,0.00,0.00,0.00,7149.00,0.00,0.00,247.00,965.93,0.00
8.49,0.00,0.00,0.00,7149.00,0.00,0.00,247.00,882.47,0.00
8.50,0.00,0.00,0.00,7149.00,0.00,0.00,247.00,806.22,0.00
8.51,0.00,0.00,0.00,7149.00,0.00,0.00,247.00,736.55,0.00
8.51,0.00,0.00,0.00,7149.00,0.00,0.00,247.00,672.91,0.00
8.52,0.00,0.00,0.00,7149.00,0.00,0.00,247.00,614.77,0.00
8.53,0.00,0.00,0.00,7149.00,0.00,0.00,247.00,561.64,0.00
8.53,0.00,0.00,0.00,7149.00,0.00,0.00,247.00,513.11,0.00
8.54,0.00,0.00,0.00,7149.00,0.00,0.00,247.00,468.78,0.00
8.55,0.00,0.00,0.00,7149.00,0.00,0.00,247.00,428.27,0.00
8.56,0.00,0.00,0.00,7149.00,0.00,0.00,247.00,391.27,0.00
8.56,0.00,0.00,0.00,7149.00,0.00,0.00,247.00,357.46,0.00
8.57,0.00,0.00,0.00,7149.00,0.00,0.00,247.00,326.57,0.00
8.58,0.00,0.00,0.00,7149.00,0.00,0.00,247.00,298.35,0.00
8.58,0.00,0.00,0.00,7149.00,0.00,0.00,247.00,272.57,0.00
8.59,0.00,0.00,0.00,7149.00,0.00,0.00,247.00,249.02,0.00
8.60,0.00,0.00,0.00,7149.00,0.00,0.00,247.00,227.50,0.00
8.60,0.00,0.00,0.00,7149.00,0.00,0.00,247.00,207.85,0.00
8.61,0.00,0.00,0.00,7149.00,0.00,0.00,247.00,189.89,0.00
8.62,0.00,0.00,0.00,7149.00,0.00,0.00,247.00,173.48,0.00
8.62,0.00,0.00,0.00,7149.00,0.00,0.00,247.00,158.49,0.00
8.63,0.00,0.00,0.00,7149.00,0.00,0.00,247.00,144.79,0.00
8.64,0.00,0.00,0.00,7149.00,0.00,0.00,247.00,132.28,0.00
8.65,0.00,0.00,0.00,7149.00,0.00,0.00,247.00,120.85,0.00
8.65,0.00,0.00,0.00,7149.00,0.00,0.00,247.00,110.41,0.00
8.66,0.00,0.00,0.00,7149.00,0.00,0.00,247.00,100.87,0.00
8.67,0.00,0.00,0.00,7149.00,0.00,0.00,247.00,92.15,0.00
8.67,0.00,0.00,0.00,7149.00,0.00,0.00,247.00,84.19,0.00
8.68,0.00,0.00,0.00,7149.00,0.00,0.00,247.00,76.92,0.00
8.69,0.00,0.00,0.00,7149.00,0.00,0.00,247.00,70.27,0.00
8.69,0.00,0.00,0.00,7149.00,0.00,0.00,247.00,64.20,0.00
8.70,0.00,0.00,0.00,7149.00,0.00,0.00,247.00,58.65,0.00
8.71,0.00,0.00,0.00,7149.00,0.00,0.00,247.00,53.58,0.00
8.72,0.00,0.00,0.00,7149.00,0.00,0.00,247.00,48.95,0.00
8.72,0.00,0.00,0.00,7149.00,0.00,0.00,247.00,44.72,0.00
8.73,0.00,0.00,0.00,7149.00,0.00,0.00,247.00,40.86,0.00
8.74,0.00,0.00,0.00,7149.00,0.00,0.00,247.00,37.33,0.00
8.74,0.00,0.00,0.00,7149.00,0.00,0.00,247.00,34.10,0.00
8.75,0.00,0.00,0.00,7149.00,0.00,0.00,247.00,31.16,0.00
8.76,0.00,0.00,0.00,7149.00,0.00,0.00,247.00,28.46,0.00
8.76,0.00,0.00,0.00,7149.00,0.00,0.00,247.00,26.00,0.00
8.77,0.00,0.00,0.00,7149.00,0.00,0.00,247.00,23.76,0.00
8.78,0.00,0.00,0.00,7149.00,0.00,0.00,247.00,21.70,0.00
8.78,0.00,0.00,0.00,7149.00,0.00,0.00,247.00,19.83,0.00
8.79,0.00,0.00,0.00,7149.00,0.00,0.00,247.00,18.12,0.00
8.80,0.00,0.00,0.00,7149.00,0.00,0.00,247.00,16.55,0.00
8.81,0.00,0.00,0.00,7149.00,0.00,0.00,247.00,15.12,0.00
8.81,0.00,0.00,0.00,7149.00,0.00,0.00,247.00,13.81,0.00
8.82,0.00,0.00,0.00,7149.00,0.00,0.00,247.00,12.62,0.00
8.83,0.00,0.00,0.00,7149.00,0.00,0.00,247.00,11.53,0.00
8.83,0.00,0.00,0.00,7149.00,0.00,0.00,247.00,10.53,0.00
8.84,0.00,0.00,0.00,7149.00,0.00,0.00,247.00,9.62,0.00
8.85,0.00,0.00,0.00,7149.00,0.00,0.00,247.00,8.79,0.00
8.85,0.00,0.00,0.00,7149.00,0.00,0.00,247.00,8.03,0.00
8.86,0.00,0.00,0.00,7149.00,0.00,0.00,247.00,7.34,0.00
8.87,0.00,0.00,0.00,7149.00,0.00,0.00,247.00,6.70,0.00
8.88,0.00,0.00,0.00,7149.00,0.00,0.00,247.00,6.12,0.00
8.88,0.00,0.00,0.00,7149.00,0.00,0.00,247.00,5.60,0.00
8.89,0.00,0.00,0.00,7149.00,0.00,0.00,247.00,5.11,0.00
8.90,0.00,0.00,0.00,7149.00,0.00,0.00,247.00,4.67,0.00
8.90,0.00,0.00,0.00,7149.00,0.00,0.00,247.00,4.27,0.00
8.91,0.00,0.00,0.00,7149.00,0.00,0.00,247.00,3.90,0.00
8.92,0.00,0.00,0.00,7149.00,0.00,0.00,247.00,3.56,0.00
8.92,0.00,0.00,0.00,7149.00,0.00,0.00,247.00,3.25,0.00
8.93,0.00,0.00,0.00,7149.00,0.00,0.00,247.00,2.97,0.00
8.94,0.00,0.00,0.00,7149.00,0.00,0.00,247.00,2.72,0.00
8.94,0.00,0.00,0.00,7149.00,0.00,0.00,247.00,2.48,0.00
8.95,0.00,0.00,0.00,7149.00,0.00,0.00,247.00,2.27,0.00
8.96,0.00,0.00,0.00,7149.00,0.00,0.00,247.00,2.07,0.00
8.97,0.00,0.00,0.00,7149.00,0.00,0.00,247.00,1.89,0.00
8.97,0.00,0.00,0.00,7149.00,0.00,0.00,247.00,1.73,0.00
8.98,0.00,0.00,0.00,7149.00,0.00,0.00,247.00,1.58,0.00
8.99,0.00,0.00,0.00,7149.00,0.00,0.00,247.00,1.44,0.00
8.99,0.00,0.00,0.00,7149.00,0.00,0.00,247.00,1.32,0.00
9.00,0.00,0.00,0.00,7149.00,0.00,0.00,247.00,1.20,0.00
9.01,0.00,0.00,0.00,7149.00,0.00,0.00,247.00,1.10,0.00
9.01,0.00,0.00,0.00,7149.00,0.00,0.00,247.00,1.00,0.00
9.02,0.00,0.00,0.00,7149.00,0.00,0.00,247.00,0.92,0.00
9.03,0.00,0.00,0.00,7149.00,0.00,0.00,247.00,0.84,0.00
9.03,0.00,0.00,0.00,7149.00,0.00,0.00,247.00,0.77,0.00
9.04,0.00,0.00,0.00,7149.00,0.00,0.00,247.00,0.70,0.00
9.05,0.00,0.00,0.00,7149.00,0.00,0.00,247.00,0.64,0.00
9.06,0.00,0.00,0.00,7149.00,0.00,0.00,247.00,0.58,0.00
9.06,0.00,0.00,0.00,7149.00,0.00,0.00,247.00,0.53,0.00
9.07,0.00,0.00,0.00,7149.00,0.00,0.00,247.00,0.49,0.00
9.08,0.00,0.00,0.00,7149.00,0.00,0.00,247.00,0.45,0.00
9.08,0.00,0.00,0.00,7149.00,0.00,0.00,247.00,0.41,0.00
9.09,0.00,0.00,0.00,7149.00,0.00,0.00,247.00,0.37,0.00
9.10,0.00,0.00,0.00,7149.00,0.00,0.00,247.00,0.34,0.00
9.10,0.00,0.00,0.00,7149.00,0.00,0.00,247.00,0.31,0.00
9.11,0.00,0.00,0.00,7149.00,0.00,0.00,247.00,0.28,0.00
9.12,0.00,0.00,0.00,7149.00,0.00,0.00,247.00,0.26,0.00
9.12,0.00,0.00,0.00,7149.00,0.00,0.00,247.00,0.24,0.00
9.13,0.00,0.00,0.00,7149.00,0.00,0.00,247.00,0.22,0.00
9.14,0.00,0.00,0.00,7149.00,0.00,0.00,247.00,0.20,0.00
9.15,0.00,0.00,0.00,7149.00,0.00,0.00,247.00,0.18,0.00
9.15,0.00,0.00,0.00,7149.00,0.00,0.00,247.00,0.16,0.00
9.16,0.00,0.00,0.00,7149.00,0.00,0.00,247.00,0.15,0.00
9.17,0.00,0.00,0.00,7149.00,0.00,0.00,247.00,0.14,0.00
9.17,0.00,0.00,0.00,7149.00,0.00,0.00,247.00,0.13,0.00
9.18,0.00,0.00,0.00,7149.00,0.00,0.00,247.00,0.11,0.00
9.19,0.00,0.00,0.00,7149.00,0.00,0.00,247.00,0.10,0.00
9.19,0.00,0.00,0.00,7149.00,0.00,0.00,247.00,0.10,0.00
9.20,0.00,0.00,0.00,7149.00,0.00,0.00,247.00,0.09,0.00
9.21,0.00,0.00,0.00,7149.00,0.00,0.00,247.00,0.08,0.00
9.22,0.00,0.00,0.00,7149.00,0.00,0.00,247.00,0.07,0.00
9.22,0.00,0.00,0.00,7149.00,0.00,0.00,247.00,0.07,0.00
9.23,0.00,0.00,0.00,7149.00,0.00,0.00,247.00,0.06,0.00
9.24,0.00,0.00,0.00,7149.00,0.00,0.00,247.00,0.06,0.00
9.24,0.00,0.00,0.00,7149.00,0.00,0.00,247.00,0.05,0.00
9.25,0.00,0.00,0.00,7149.00,0.00,0.00,247.00,0.05,0.00
9.26,0.00,0.00,0.00,7149.00,0.00,0.00,247.00,0.04,0.00
9.26,0.00,0.00,0.00,7149.00,0.00,0.00,247.00,0.04,0.00
9.27,0.00,0.00,0.00,7149.00,0.00,0.00,247.00,0.04,0.00
9.28,0.00,0.00,0.00,7149.00,0.00,0.00,247.00,0.03,0.00
9.28,0.00,0.00,0.00,7149.00,0.00,0.00,247.00,0.03,0.00
9.29,0.00,0.00,0.00,7149.00,0.00,0.00,247.00,0.03,0.00
9.30,0.00,0.00,0.00,7149.00,0.00,0.00,247.00,0.02,0.00
9.31,0.00,0.00,0.00,7149.00,0.00,0.00,247.00,0.02,0.00
9.31,0.00,0.00,0.00,7149.00,0.00,0.00,247.00,0.02,0.00
9.32,0.00,0.00,0.00,7149.00,0.00,0.00,247.00,0.02,0.00
9.33,0.00,0.00,0.00,7149.00,0.00,0.00,247.00,0.02,0.00
9.33,0.00,0.00,0.00,7149.00,0.00,0.00,247.00,0.02,0.00
9.34,0.00,0.00,0.00,7149.00,0.00,0.00,247.00,0.01,0.00
9.35,0.00,0.00,0.00,7149.00,0.00,0.00,247.00,0.01,0.00
9.35,0.00,0.00,0.00,7149.00,0.00,0.00,247.00,0.01,0.00
9.36,0.00,0.00,0.00,7149.00,0.00,0.00,247.00,0.01,0.00
9.37,0.00,0.00,0.00,7149.00,0.00,0.00,247.00,0.01,0.00
9.38,0.00,0.00,0.00,7149.00,0.00,0.00,247.00,0.01,0.00
9.38,0.00,0.00,0.00,7149.00,0.00,0.00,247.00,0.01,0.00
9.39,0.00,0.00,0.00,7149.00,0.00,0.00,247.00,0.01,0.00
9.40,0.00,0.00,0.00,7149.00,0.00,0.00,247.00,0.01,0.00
9.40,0.00,0.00,0.00,7149.00,0.00,0.00,247.00,0.01,0.00
9.41,0.00,0.00,0.00,7149.00,0.00,0.00,247.00,0.01,0.00
9.42,0.00,0.00,0.00,7149.00,0.00,0.00,247.00,0.01,0.00
9.42,0.00,0.00,0.00,7149.00,0.00,0.00,247.00,0.00,0.00
9.43,0.00,0.00,0.00,7149.00,0.00,0.00,247.00,0.00,0.00
9.44,0.00,0.00,0.00,7149.00,0.00,0.00,247.00,0.00,0.00
9.44,0.00,0.00,0.00,7149.00,0.00,0.00,247.00,0.00,0.00
9.45,0.00,0.00,0.00,7149.00,0.00,0.00,247.00,0.00,0.00
9.46,0.00,0.00,0.00,7149.00,0.00,0.00,247.00,0.00,0.00
9.47,0.00,0.00,0.00,7149.00,0.00,0.00,247.00,0.00,0.00
9.47,0.00,0.00,0.00,7149.00,0.00,0.00,247.00,0.00,0.00
9.48,0.00,0.00,0.00,7149.00,0.00,0.00,247.00,0.00,0.00
9.49,0.00,0.00,0.00,7149.00,0.00,0.00,247.00,0.00,0.00
9.49,0.00,0.00,0.00,7149.00,0.00,0.00,247.00,0.00,0.00
9.50,0.00,0.00,0.00,7149.00,0.00,0.00,247.00,0.00,0.00
9.51,0.00,0.00,0.00,7149.00,0.00,0.00,247.00,0.00,0.00
9.51,0.00,0.00,0.00,7149.00,0.00,0.00,247.00,0.00,0.00
9.52,0.00,0.00,0.00,7149.00,0.00,0.00,247.00,0.00,0.00
9.53,0.00,0.00,0.00,7149.00,0.00,0.00,247.00,0.00,0.00
9.53,0.00,0.00,0.00,7149.00,0.00,0.00,247.00,0.00,0.00
9.54,0.00,0.00,0.00,7149.00,0.00,0.00,247.00,0.00,0.00
9.55,0.00,0.00,0.00,7149.00,0.00,0.00,247.00,0.00,0.00
9.56,0.00,0.00,0.00,7149.00,0.00,0.00,247.00,0.00,0.00
9.56,0.00,0.00,0.00,7149.00,0.00,0.00,247.00,0.00,0.00
9.57,0.00,0.00,0.00,7149.00,0.00,0.00,247.00,0.00,0.00
9.58,0.00,0.00,0.00,7149.00,0.00,0.00,247.00,0.00,0.00
9.58,0.00,0.00,0.00,7149.00,0.00,0.00,247.00,0.00,0.00
9.59,0.00,0.00,0.00,7149.00,0.00,0.00,247.00,0.00,0.00
9.60,0.00,0.00,0.00,7149.00,0.00,0.00,247.00,0.00,0.00
9.60,0.00,0.00,0.00,7149.00,0.00,0.00,247.00,0.00,0.00
9.61,0.00,0.00,0.00,7149.00,0.00,0.00,247.00,0.00,0.00
9.62,0.00,0.00,0.00,7149.00,0.00,0.00,247.00,0.00,0.00
9.62,0.00,0.00,0.00,7149.00,0.00,0.00,247.00,0.00,0.00
9.63,0.00,0.00,0.00,7149.00,0.00,0.00,247.00,0.00,0.00
9.64,0.00,0.00,0.00,7149.00,0.00,0.00,247.00,0.00,0.00
9.65,0.00,0.00,0.00,7149.00,0.00,0.00,247.00,0.00,0.00
9.65,0.00,0.00,0.00,7149.00,0.00,0.00,247.00,0.00,0.00
9.66,0.00,0.00,0.00,7149.00,0.00,0.00,247.00,0.00,0.00
9.67,0.00,0.00,0.00,7149.00,0.00,0.00,247.00,0.00,0.00
9.67,0.00,0.00,0.00,7149.00,0.00,0.00,247.00,0.00,0.00
9.68,0.00,0.00,0.00,7149.00,0.00,0.00,247.00,0.00,0.00
9.69,0.00,0.00,0.00,7149.00,0.00,0.00,247.00,0.00,0.00
9.69,0.00,0.00,0.00,7149.00,0.00,0.00,247.00,0.00,0.00
9.70,0.00,0.00,0.00,7149.00,0.00,0.00,247.00,0.00,0.00
9.71,0.00,0.00,0.00,7149.00,0.00,0.00,247.00,0.00,0.00
9.72,0.00,0.00,0.00,7149.00,0.00,0.00,247.00,0.00,0.00
9.72,0.00,0.00,0.00,7149.00,0.00,0.00,247.00,0.00,0.00
9.73,0.00,0.00,0.00,7149.00,0.00,0.00,247.00,0.00,0.00
9.74,0.00,0.00,0.00,7149.00,0.00,0.00,247.00,0.00,0.00
9.74,0.00,0.00,0.00,7149.00,0.00,0.00,247.00,0.00,0.00
9.75,0.00,0.00,0.00,7149.00,0.00,0.00,247.00,0.00,0.00
9.76,0.00,0.00,0.00,7149.00,0.00,0.00,247.00,0.00,0.00
9.76,0.00,0.00,0.00,7149.00,0.00,0.00,247.00,0.00,0.00
9.77,0.00,0.00,0.00,7149.00,0.00,0.00,247.00,0.00,0.00
9.78,0.00,0.00,0.00,7149.00,0.00,0.00,247.00,0.00,0.00
9.78,0.00,0.00,0.00,7149.00,0.00,0.00,247.00,0.00,0.00
9.79,0.00,0.00,0.00,7149.00,0.00,0.00,247.00,0.00,0.00
9.80,0.00,0.00,0.00,7149.00,0.00,0.00,247.00,0.00,0.00
9.81,0.00,0.00,0.00,7149.00,0.00,0.00,247.00,0.00,0.00
9.81,0.00,0.00,0.00,7149.00,0.00,0.00,247.00,0.00,0.00
9.82,0.00,0.00,0.00,7149.00,0.00,0.00,247.00,0.00,0.00
9.83,0.00,0.00,0.00,7149.00,0.00,0.00,247.00,0.00,0.00
9.83,0.00,0.00,0.00,7149.00,0.00,0.00,247.00,0.00,0.00
9.84,0.00,0.00,0.00,7149.00,0.00,0.00,247.00,0.00,0.00
9.85,0.00,0.00,0.00,7149.00,0.00,0.00,247.00,0.00,0.00
9.85,0.00,0.00,0.00,7149.00,0.00,0.00,247.00,0.00,0.00
9.86,0.00,0.00,0.00,7149.00,0.00,0.00,247.00,0.00,0.00
9.87,0.00,0.00,0.00,7149.00,0.00,0.00,247.00,0.00,0.00
9.88,0.00,0.00,0.00,7149.00,0.00,0.00,247.00,0.00,0.00
9.88,0.00,0.00,0.00,7149.00,0.00,0.00,247.00,0.00,0.00
9.89,0.00,0.00,0.00,7149.00,0.00,0.00,247.00,0.00,0.00
9.90,0.00,0.00,0.00,7149.00,0.00,0.00,247.00,0.00,0.00
9.90,0.00,0.00,0.00,7149.00,0.00,0.00,247.00,0.00,0.00
9.91,0.00,0.00,0.00,7149.00,0.00,0.00,247.00,0.00,0.00
9.92,0.00,0.00,0.00,7149.00,0.00,0.00,247.00,0.00,0.00
9.92,0.00,0.00,0.00,7149.00,0.00,0.00,247.00,0.00,0.00
9.93,0.00,0.00,0.00,7149.00,0.00,0.00,247.00,0.00,0.00
9.94,0.00,0.00,0.00,7149.00,0.00,0.00,247.00,0.00,0.00
9.94,0.00,0.00,0.00,7149.00,0.00,0.00,247.00,0.00,0.00
9.95,0.00,0.00,0.00,7149.00,0.00,0.00,247.00,0.00,0.00
9.96,0.00,0.00,0.00,7149.00,0.00,0.00,247.00,0.00,0.00
9.97,0.00,0.00,0.00,7149.00,0.00,0.00,247.00,0.00,0.00
9.97,0.00,0.00,0.00,7149.00,0.00,0.00,247.00,0.00,0.00
9.98,0.00,0.00,0.00,7149.00,0.00,0.00,247.00,0.00,0.00
9.99,0.00,0.00,0.00,7149.00,0.00,0.00,247.00,0.00,0.00
9.99,0.00,0.00,0.00,7149.00,0.00,0.00,247.00,0.00,0.00
