Time,U,AI1,AI2,AD,BI2,BI2,BD,VA,VB
0.00,7392.00,1.00,0.00,0.00,3.00,0.00,0.00,75.00,75.00
0.01,7386.00,5.00,0.00,0.00,5.00,0.00,0.00,68.47,68.47
0.01,7386.00,5.00,0.00,0.00,5.00,0.00,0.00,62.51,62.51
0.02,7386.00,5.00,0.00,0.00,5.00,0.00,0.00,57.06,57.06
0.03,7384.00,6.00,0.00,0.00,5.00,1.00,0.00,52.10,67.12
0.03,7383.00,6.00,0.00,0.00,6.00,1.00,0.00,47.56,76.30
0.04,7381.00,7.00,0.00,0.00,6.00,2.00,0.00,43.42,99.70
0.05,7379.00,8.00,0.00,0.00,7.00,2.00,0.00,39.64,121.06
0.06,7378.00,9.00,0.00,0.00,7.00,2.00,0.00,36.19,140.57
0.06,7376.00,9.00,0.00,0.00,9.00,2.00,0.00,33.03,158.38
0.07,7370.00,10.00,0.00,0.00,14.00,2.00,0.00,30.16,174.63
0.08,7367.00,12.00,0.00,0.00,15.00,2.00,0.00,27.53,189.47
0.08,7365.00,13.00,0.00,0.00,16.00,2.00,0.00,25.13,203.02
0.09,7362.00,14.00,0.00,0.00,18.00,2.00,0.00,22.95,215.39
0.10,7360.00,14.00,1.00,0.00,19.00,2.00,0.00,171.18,226.68
0.10,7359.00,14.00,1.00,0.00,20.00,2.00,0.00,306.51,236.99
0.11,7354.00,16.00,0.00,1.00,22.00,3.00,0.00,279.82,261.42
0.12,7351.00,18.00,0.00,1.00,23.00,2.00,1.00,255.45,268.70
0.12,7348.00,19.00,0.00,1.00,23.00,4.00,1.00,233.21,305.40
0.13,7345.00,21.00,0.00,1.00,23.00,5.00,1.00,212.90,353.92
0.14,7340.00,22.00,1.00,1.00,25.00,6.00,1.00,344.59,413.24
0.15,7336.00,23.00,2.00,1.00,25.00,8.00,1.00,615.05,497.44
0.15,7330.00,25.00,2.00,2.00,28.00,8.00,1.00,861.96,574.31
0.16,7322.00,32.00,2.00,2.00,29.00,8.00,1.00,1087.36,644.49
0.17,7314.00,35.00,5.00,2.00,31.00,8.00,1.00,1743.84,708.55
0.17,7305.00,39.00,5.00,2.00,36.00,7.00,2.00,2343.15,752.02
0.18,7294.00,46.00,5.00,2.00,38.00,9.00,2.00,2890.27,821.74
0.19,7290.00,46.00,7.00,2.00,40.00,9.00,2.00,3690.22,885.40
0.19,7277.00,52.00,7.00,2.00,46.00,10.00,2.00,4420.51,958.53
0.20,7268.00,53.00,12.00,2.00,47.00,11.00,3.00,5838.36,1040.32
0.21,7254.00,60.00,15.00,2.00,50.00,12.00,3.00,7583.45,1130.01
0.22,7237.00,68.00,16.00,3.00,56.00,13.00,3.00,9326.82,1226.92
0.22,7218.00,79.00,18.00,3.00,60.00,14.00,4.00,11218.84,1330.40
0.23,7205.00,82.00,23.00,3.00,63.00,16.00,4.00,13697.27,1454.93
0.24,7170.00,102.00,27.00,3.00,73.00,17.00,4.00,16560.81,1583.63
0.24,7144.00,115.00,28.00,4.00,82.00,18.00,5.00,19325.24,1716.15
0.25,7116.00,131.00,33.00,4.00,88.00,19.00,5.00,22600.11,1852.16
0.26,7096.00,146.00,34.00,5.00,86.00,22.00,7.00,25740.04,2021.39
0.26,7070.00,160.00,38.00,6.00,89.00,25.00,8.00,29207.49,2220.95
0.27,7040.00,178.00,41.00,7.00,95.00,25.00,10.00,32823.70,2403.14
0.28,7017.00,182.00,47.00,9.00,101.00,29.00,11.00,37026.42,2629.55
0.28,6994.00,201.00,47.00,9.00,103.00,31.00,11.00,40863.18,2866.30
0.29,6968.00,214.00,51.00,10.00,109.00,32.00,12.00,44966.77,3097.45
0.30,6947.00,222.00,54.00,11.00,113.00,36.00,13.00,49163.73,3368.57
0.31,6911.00,239.00,60.00,11.00,121.00,41.00,13.00,53896.63,3691.20
0.31,6882.00,252.00,67.00,12.00,122.00,47.00,14.00,59269.02,4075.87
0.32,6858.00,262.00,69.00,15.00,129.00,47.00,16.00,64474.07,4427.05
0.33,6821.00,282.00,74.00,16.00,137.00,49.00,17.00,69977.04,4777.69
0.33,6784.00,299.00,81.00,18.00,147.00,49.00,18.00,76052.46,5097.80
0.34,6745.00,321.00,86.00,21.00,154.00,51.00,18.00,82350.00,5420.08
0.35,6696.00,353.00,92.00,23.00,159.00,54.00,19.00,89000.57,5759.37
0.35,6638.00,386.00,100.00,29.00,160.00,63.00,20.00,96273.89,6204.33
0.36,6601.00,400.00,111.00,33.00,162.00,69.00,20.00,104566.42,6700.68
0.37,6542.00,436.00,120.00,35.00,168.00,73.00,22.00,113488.94,7213.90
0.38,6486.00,460.00,135.00,35.00,179.00,78.00,23.00,123888.01,7757.54
0.38,6427.00,486.00,153.00,38.00,188.00,76.00,28.00,136085.72,8223.80
0.39,6353.00,531.00,161.00,41.00,202.00,78.00,30.00,148423.16,8679.51
0.40,6281.00,576.00,170.00,45.00,214.00,78.00,32.00,161038.38,9095.54
0.40,6224.00,614.00,177.00,48.00,219.00,79.00,35.00,173606.74,9490.36
0.41,6174.00,649.00,185.00,51.00,216.00,85.00,36.00,186282.55,9940.95
0.42,6092.00,687.00,211.00,52.00,226.00,92.00,36.00,201760.61,10457.46
0.42,6013.00,725.00,229.00,59.00,236.00,97.00,37.00,218595.06,11004.10
0.43,5943.00,759.00,245.00,61.00,241.00,108.00,39.00,236367.34,11668.41
0.44,5862.00,812.00,256.00,64.00,247.00,113.00,42.00,254244.63,12349.98
0.44,5776.00,852.00,279.00,65.00,256.00,123.00,45.00,274020.55,13122.44
0.45,5691.00,889.00,297.00,70.00,275.00,127.00,47.00,294778.63,13887.73
0.46,5613.00,927.00,321.00,73.00,280.00,134.00,48.00,317334.73,14691.54
0.47,5531.00,969.00,336.00,80.00,284.00,147.00,49.00,340180.20,15620.66
0.47,5441.00,1010.00,363.00,82.00,290.00,158.00,52.00,365092.62,16634.13
0.48,5355.00,1060.00,381.00,85.00,301.00,158.00,56.00,390539.93,17559.35
0.49,5259.00,1107.00,410.00,91.00,308.00,161.00,60.00,418128.10,18449.07
0.49,5166.00,1145.00,436.00,96.00,321.00,167.00,65.00,447220.02,19351.46
0.50,5074.00,1191.00,462.00,100.00,326.00,174.00,69.00,477684.74,20280.44
0.51,4972.00,1235.00,488.00,105.00,343.00,182.00,71.00,509402.72,21248.71
0.51,4874.00,1277.00,517.00,109.00,354.00,187.00,78.00,542715.54,22207.78
0.52,4785.00,1325.00,537.00,115.00,362.00,190.00,82.00,576132.24,23128.41
0.53,4670.00,1392.00,562.00,121.00,363.00,202.00,86.00,610394.92,24149.15
0.53,4577.00,1421.00,601.00,128.00,371.00,207.00,91.00,647533.17,25156.13
0.54,4500.00,1435.00,646.00,132.00,371.00,216.00,96.00,688197.98,26210.63
0.55,4396.00,1470.00,689.00,134.00,380.00,230.00,97.00,731781.80,27383.63
0.56,4286.00,1528.00,722.00,140.00,381.00,238.00,101.00,776528.14,28574.68
0.56,4176.00,1572.00,758.00,150.00,392.00,244.00,104.00,822786.49,29752.15
0.57,4044.00,1640.00,788.00,159.00,407.00,252.00,106.00,869523.77,30947.28
0.58,3945.00,1674.00,825.00,166.00,414.00,256.00,116.00,917749.92,32098.43
0.58,3845.00,1704.00,856.00,173.00,433.00,265.00,120.00,966433.90,33284.56
0.59,3747.00,1749.00,891.00,179.00,429.00,277.00,124.00,1016136.76,34547.68
0.60,3640.00,1779.00,944.00,184.00,437.00,280.00,132.00,1069473.95,35745.88
0.60,3537.00,1829.00,975.00,189.00,439.00,291.00,136.00,1122823.93,37005.00
0.61,3425.00,1872.00,1019.00,196.00,448.00,297.00,139.00,1178138.57,38244.62
0.62,3318.00,1917.00,1052.00,204.00,455.00,311.00,139.00,1233594.27,39586.62
0.62,3202.00,1964.00,1102.00,207.00,463.00,316.00,142.00,1291732.67,40886.89
0.63,3072.00,2014.00,1152.00,209.00,477.00,327.00,145.00,1352320.18,42239.18
0.64,2950.00,2050.00,1209.00,220.00,481.00,337.00,149.00,1416195.15,43623.95
0.65,2841.00,2084.00,1258.00,227.00,486.00,351.00,149.00,1481869.47,45098.47
0.65,2722.00,2127.00,1300.00,237.00,498.00,358.00,154.00,1548134.85,46549.76
0.66,2640.00,2132.00,1356.00,244.00,501.00,368.00,155.00,1617043.06,48024.90
0.67,2530.00,2163.00,1410.00,249.00,506.00,379.00,159.00,1688063.50,49536.85
0.67,2397.00,2201.00,1475.00,258.00,513.00,388.00,164.00,1762664.80,51052.35
0.68,2291.00,2210.00,1541.00,268.00,514.00,405.00,167.00,1840685.38,52691.28
0.69,2201.00,2220.00,1604.00,274.00,510.00,415.00,172.00,1921376.81,54337.73
0.69,2103.00,2245.00,1656.00,282.00,509.00,418.00,183.00,2002853.98,55885.88
0.70,1980.00,2284.00,1713.00,286.00,514.00,432.00,187.00,2085799.62,57509.55
0.71,1875.00,2300.00,1779.00,290.00,520.00,437.00,195.00,2171437.95,59066.96
0.72,1778.00,2303.00,1851.00,295.00,518.00,453.00,198.00,2260435.89,60729.12
0.72,1697.00,2312.00,1905.00,301.00,517.00,460.00,204.00,2349796.72,62351.71
0.73,1614.00,2320.00,1961.00,305.00,511.00,476.00,209.00,2439789.33,64073.37
0.74,1509.00,2350.00,2008.00,314.00,517.00,483.00,215.00,2529006.60,65750.29
0.74,1431.00,2342.00,2054.00,333.00,519.00,498.00,219.00,2617365.83,67506.53
0.75,1345.00,2345.00,2108.00,343.00,527.00,501.00,227.00,2706143.57,69154.92
0.76,1267.00,2348.00,2168.00,346.00,519.00,516.00,232.00,2796204.78,70885.12
0.76,1183.00,2346.00,2233.00,354.00,514.00,528.00,238.00,2888188.85,72644.93
0.77,1111.00,2346.00,2291.00,361.00,509.00,533.00,245.00,2980876.73,74326.63
0.78,1050.00,2325.00,2347.00,369.00,507.00,547.00,251.00,3073906.66,76072.21
0.78,963.00,2325.00,2416.00,375.00,500.00,560.00,257.00,3169201.87,77861.10
0.79,888.00,2315.00,2481.00,382.00,498.00,571.00,261.00,3265964.19,79659.47
0.80,817.00,2314.00,2532.00,390.00,492.00,578.00,273.00,3361962.62,81406.40
0.81,745.00,2313.00,2586.00,396.00,493.00,585.00,278.00,3457714.38,83106.39
0.81,684.00,2289.00,2653.00,401.00,490.00,598.00,281.00,3555193.95,84853.64
0.82,637.00,2244.00,2721.00,410.00,496.00,599.00,289.00,3654401.10,86463.78
0.83,571.00,2228.00,2789.00,413.00,490.00,613.00,292.00,3755185.43,88144.03
0.83,511.00,2209.00,2848.00,416.00,494.00,622.00,296.00,3856057.49,89813.18
0.84,468.00,2194.00,2893.00,423.00,492.00,622.00,304.00,3954906.43,91336.99
0.85,421.00,2179.00,2940.00,435.00,486.00,625.00,310.00,4052208.85,92773.18
0.85,371.00,2156.00,3000.00,442.00,474.00,638.00,315.00,4150052.45,94279.62
0.86,329.00,2129.00,3056.00,450.00,465.00,646.00,321.00,4247789.15,95775.06
0.87,281.00,2113.00,3105.00,462.00,451.00,658.00,326.00,4344376.67,97320.57
0.88,248.00,2095.00,3146.00,466.00,441.00,667.00,333.00,4438713.20,98866.70
0.88,216.00,2064.00,3194.00,475.00,435.00,675.00,337.00,4532046.37,100398.39
0.89,193.00,2029.00,3240.00,482.00,423.00,688.00,341.00,4624163.11,101992.01
0.90,176.00,1994.00,3277.00,492.00,421.00,687.00,349.00,4713817.24,103431.84
0.90,157.00,1942.00,3337.00,500.00,412.00,695.00,353.00,4804678.51,104866.48
0.91,134.00,1889.00,3407.00,504.00,406.00,695.00,361.00,4898144.14,106176.19
0.92,119.00,1834.00,3474.00,506.00,397.00,700.00,366.00,4993536.64,107446.98
0.92,101.00,1794.00,3521.00,513.00,393.00,703.00,371.00,5087683.61,108652.18
0.93,80.00,1768.00,3555.00,523.00,387.00,706.00,377.00,5178740.48,109797.51
0.94,58.00,1739.00,3597.00,528.00,377.00,713.00,384.00,5268178.20,110948.27
0.94,48.00,1689.00,3651.00,533.00,370.00,715.00,390.00,5357940.53,112028.87
0.95,38.00,1631.00,3708.00,542.00,355.00,728.00,394.00,5448449.88,113210.67
0.96,30.00,1592.00,3745.00,551.00,345.00,734.00,399.00,5536636.59,114379.71
0.97,23.00,1556.00,3787.00,552.00,336.00,739.00,403.00,5623454.06,115522.07
0.97,17.00,1521.00,3820.00,560.00,327.00,742.00,409.00,5707669.43,116610.03
0.98,10.00,1473.00,3868.00,567.00,319.00,745.00,414.00,5791762.76,117648.32
0.99,6.00,1440.00,3896.00,576.00,310.00,752.00,416.00,5872740.05,118701.36
0.99,3.00,1396.00,3935.00,583.00,302.00,756.00,421.00,5952525.18,119722.80
1.00,1.00,1361.00,3964.00,591.00,289.00,766.00,424.00,6029719.62,120805.53
1.01,0.00,1335.00,3987.00,594.00,279.00,774.00,427.00,6103647.60,121914.16
1.01,0.00,1298.00,4018.00,600.00,270.00,779.00,431.00,6175795.37,123001.37
1.02,0.00,1261.00,4049.00,606.00,262.00,778.00,440.00,6246317.96,123978.89
1.03,0.00,1219.00,4082.00,615.00,258.00,776.00,446.00,6315657.37,124841.25
1.03,0.00,1196.00,4093.00,627.00,247.00,783.00,450.00,6380611.52,125733.68
1.04,0.00,1170.00,4112.00,634.00,232.00,790.00,458.00,6442764.09,126653.56
1.05,0.00,1136.00,4138.00,642.00,225.00,795.00,460.00,6503410.68,127568.45
1.06,0.00,1101.00,4165.00,650.00,218.00,799.00,463.00,6562832.63,128463.77
1.06,0.00,1063.00,4195.00,658.00,210.00,803.00,467.00,6621587.31,129341.23
1.07,0.00,1026.00,4228.00,662.00,207.00,804.00,469.00,6680183.48,130157.30
1.08,0.00,1003.00,4249.00,664.00,201.00,802.00,477.00,6736832.19,130872.27
1.08,0.00,972.00,4271.00,673.00,198.00,799.00,483.00,6791853.23,131479.91
1.09,0.00,940.00,4295.00,681.00,194.00,802.00,484.00,6845688.79,132079.70
1.10,0.00,924.00,4304.00,688.00,190.00,800.00,490.00,6896188.65,132597.23
1.10,0.00,899.00,4324.00,693.00,182.00,802.00,496.00,6945295.81,133099.73
1.11,0.00,874.00,4338.00,704.00,173.00,807.00,500.00,6992230.14,133633.60
1.12,0.00,859.00,4349.00,708.00,168.00,807.00,505.00,7036730.14,134120.98
1.12,0.00,840.00,4364.00,712.00,163.00,806.00,511.00,7079608.75,134550.89
1.13,0.00,824.00,4375.00,717.00,158.00,806.00,516.00,7120406.18,134943.37
1.14,0.00,802.00,4389.00,725.00,156.00,804.00,520.00,7159754.37,135271.63
1.15,0.00,780.00,4402.00,734.00,152.00,803.00,525.00,7197629.29,135556.29
1.15,0.00,760.00,4416.00,740.00,146.00,800.00,534.00,7234309.43,135771.08
1.16,0.00,739.00,4425.00,752.00,145.00,795.00,540.00,7269147.68,135892.06
1.17,0.00,723.00,4434.00,759.00,142.00,795.00,543.00,7302304.44,136002.50
1.17,0.00,698.00,4452.00,766.00,137.00,797.00,546.00,7335278.22,136133.37
1.18,0.00,678.00,4468.00,770.00,134.00,792.00,554.00,7367784.44,136177.73
1.19,0.00,660.00,4479.00,777.00,132.00,786.00,562.00,7399112.71,136128.09
1.19,0.00,646.00,4486.00,784.00,130.00,780.00,570.00,7428764.66,135992.64
1.20,0.00,628.00,4496.00,792.00,128.00,778.00,574.00,7457336.92,135838.93
1.21,0.00,613.00,4500.00,803.00,125.00,776.00,579.00,7484022.17,135668.56
1.22,0.00,601.00,4507.00,808.00,120.00,774.00,586.00,7509435.37,135482.98
1.22,0.00,577.00,4519.00,820.00,120.00,766.00,594.00,7534438.46,135193.37
1.23,0.00,557.00,4525.00,834.00,111.00,773.00,596.00,7558165.77,135034.14
1.24,0.00,545.00,4523.00,848.00,109.00,767.00,604.00,7579526.55,134798.64
1.24,0.00,530.00,4534.00,852.00,105.00,763.00,612.00,7600679.84,134523.56
1.25,0.00,523.00,4535.00,858.00,101.00,759.00,620.00,7620141.43,134212.33
1.26,0.00,509.00,4538.00,869.00,100.00,757.00,623.00,7638359.06,133898.16
1.26,0.00,494.00,4543.00,879.00,97.00,756.00,627.00,7655741.53,133596.32
1.27,0.00,481.00,4542.00,893.00,95.00,753.00,632.00,7671460.17,133275.69
1.28,0.00,465.00,4549.00,902.00,93.00,746.00,641.00,7686861.70,132877.83
1.28,0.00,453.00,4551.00,912.00,90.00,742.00,648.00,7701222.60,132454.51
1.29,0.00,447.00,4547.00,922.00,86.00,746.00,648.00,7713732.08,132128.15
1.30,0.00,430.00,4557.00,929.00,85.00,745.00,650.00,7726654.60,131815.18
1.31,0.00,426.00,4554.00,936.00,83.00,741.00,656.00,7738001.18,131469.37
1.31,0.00,417.00,4558.00,941.00,79.00,739.00,662.00,7748960.66,131123.63
1.32,0.00,404.00,4566.00,946.00,75.00,736.00,669.00,7760167.69,130762.93
1.33,0.00,391.00,4571.00,954.00,71.00,731.00,678.00,7771150.01,130358.51
1.33,0.00,380.00,4579.00,957.00,68.00,731.00,681.00,7782377.90,129989.32
1.34,0.00,366.00,4586.00,964.00,66.00,725.00,689.00,7793679.70,129562.13
1.35,0.00,358.00,4587.00,971.00,65.00,718.00,697.00,7804147.62,129066.97
1.35,0.00,345.00,4588.00,983.00,64.00,716.00,700.00,7813854.28,128584.89
1.36,0.00,335.00,4592.00,989.00,63.00,712.00,705.00,7823316.63,128084.69
1.37,0.00,322.00,4602.00,992.00,62.00,704.00,714.00,7833457.35,127507.87
1.38,0.00,318.00,4601.00,997.00,60.00,701.00,719.00,7842564.85,126936.20
1.38,0.00,305.00,4605.00,1006.00,60.00,694.00,726.00,7851480.20,126309.15
1.39,0.00,296.00,4606.00,1014.00,59.00,687.00,734.00,7859769.48,125631.53
1.40,0.00,291.00,4605.00,1020.00,58.00,686.00,736.00,7867186.73,124997.90
1.40,0.00,282.00,4606.00,1028.00,56.00,687.00,737.00,7874108.34,124434.47
1.41,0.00,273.00,4610.00,1033.00,56.00,677.00,747.00,7881028.18,123769.86
1.42,0.00,262.00,4614.00,1040.00,53.00,676.00,751.00,7887946.38,123148.10
1.42,0.00,256.00,4616.00,1044.00,50.00,675.00,755.00,7894562.63,122565.47
1.43,0.00,250.00,4618.00,1048.00,50.00,667.00,763.00,7900903.22,121913.37
1.44,0.00,245.00,4614.00,1057.00,50.00,663.00,767.00,7906090.77,121257.97
1.44,0.00,241.00,4612.00,1063.00,48.00,660.00,772.00,7910526.15,120614.57
1.45,0.00,234.00,4609.00,1073.00,48.00,656.00,776.00,7914124.63,119967.10
1.46,0.00,227.00,4605.00,1084.00,47.00,651.00,782.00,7916808.84,119300.90
1.47,0.00,222.00,4601.00,1093.00,47.00,649.00,784.00,7918658.39,118662.66
1.47,0.00,212.00,4604.00,1100.00,45.00,646.00,789.00,7920797.59,118034.92
1.48,0.00,199.00,4614.00,1103.00,43.00,638.00,799.00,7924252.82,117341.66
1.49,0.00,193.00,4612.00,1111.00,42.00,627.00,811.00,7927106.73,116543.51
1.49,0.00,184.00,4611.00,1121.00,41.00,623.00,816.00,7929561.89,115754.77
1.50,0.00,177.00,4613.00,1126.00,40.00,621.00,819.00,7932103.74,115004.67
1.51,0.00,172.00,4610.00,1134.00,38.00,618.00,824.00,7933973.55,114274.81
1.51,0.00,167.00,4608.00,1141.00,38.00,613.00,829.00,7935380.09,113533.39
1.52,0.00,159.00,4612.00,1145.00,36.00,612.00,832.00,7937265.06,112841.50
1.53,0.00,156.00,4609.00,1151.00,36.00,605.00,839.00,7938535.21,112104.70
1.53,0.00,149.00,4608.00,1159.00,35.00,602.00,843.00,7939544.54,111386.99
1.54,0.00,144.00,4603.00,1169.00,34.00,594.00,852.00,7939714.82,110611.59
1.55,0.00,142.00,4597.00,1177.00,34.00,588.00,858.00,7938968.88,109813.57
1.56,0.00,136.00,4589.00,1191.00,33.00,579.00,868.00,7937086.04,108949.83
1.56,0.00,135.00,4578.00,1203.00,32.00,577.00,871.00,7933714.60,108131.25
1.57,0.00,133.00,4576.00,1207.00,30.00,576.00,874.00,7930336.28,107368.93
1.58,0.00,128.00,4573.00,1215.00,30.00,573.00,877.00,7926801.45,106627.92
1.58,0.00,123.00,4569.00,1224.00,29.00,564.00,887.00,7922973.48,105816.23
1.59,0.00,123.00,4557.00,1236.00,29.00,552.00,899.00,7917676.06,104894.93
1.60,0.00,121.00,4552.00,1243.00,26.00,553.00,901.00,7912088.76,104068.89
1.60,0.00,119.00,4545.00,1252.00,25.00,550.00,905.00,7905936.36,103269.70
1.61,0.00,112.00,4546.00,1258.00,25.00,545.00,910.00,7900469.92,102464.99
1.62,0.00,107.00,4545.00,1264.00,23.00,545.00,912.00,7895329.26,101730.34
1.62,0.00,105.00,4542.00,1269.00,23.00,541.00,916.00,7890185.52,100999.58
1.63,0.00,100.00,4538.00,1278.00,22.00,536.00,922.00,7884888.75,100257.33
1.64,0.00,96.00,4537.00,1283.00,22.00,531.00,927.00,7879902.97,99504.60
1.65,0.00,89.00,4540.00,1287.00,19.00,530.00,931.00,7875802.03,98802.39
1.65,0.00,85.00,4533.00,1298.00,16.00,528.00,936.00,7871006.56,98131.28
1.66,0.00,83.00,4523.00,1310.00,15.00,527.00,938.00,7865126.36,97503.58
1.67,0.00,81.00,4518.00,1317.00,15.00,521.00,944.00,7859007.03,96840.41
1.67,0.00,76.00,4517.00,1323.00,15.00,515.00,950.00,7853270.32,96144.84
1.68,0.00,73.00,4513.00,1330.00,15.00,511.00,954.00,7847432.20,95449.74
1.69,0.00,71.00,4506.00,1339.00,14.00,506.00,960.00,7841050.81,94740.06
1.69,0.00,69.00,4502.00,1345.00,14.00,500.00,966.00,7834624.19,94002.03
1.70,0.00,67.00,4498.00,1351.00,14.00,498.00,968.00,7828156.24,93298.22
1.71,0.00,65.00,4495.00,1356.00,14.00,492.00,974.00,7821800.78,92565.56
1.72,0.00,63.00,4492.00,1361.00,13.00,489.00,978.00,7815548.05,91851.63
1.72,0.00,60.00,4489.00,1367.00,13.00,487.00,980.00,7809389.10,91169.81
1.73,0.00,58.00,4483.00,1375.00,13.00,484.00,983.00,7802865.04,90502.30
1.74,0.00,56.00,4480.00,1380.00,13.00,483.00,984.00,7796458.39,89877.89
1.74,0.00,55.00,4471.00,1390.00,13.00,479.00,988.00,7789257.53,89247.75
1.75,0.00,53.00,4465.00,1398.00,12.00,478.00,990.00,7781782.29,88657.47
1.76,0.00,49.00,4459.00,1408.00,12.00,475.00,993.00,7774056.59,88073.51
1.76,0.00,48.00,4458.00,1410.00,12.00,467.00,1001.00,7766853.39,87420.22
1.77,0.00,47.00,4445.00,1424.00,11.00,467.00,1002.00,7758324.38,86823.81
1.78,0.00,46.00,4441.00,1429.00,11.00,462.00,1007.00,7749937.14,86204.22
1.78,0.00,43.00,4438.00,1435.00,11.00,455.00,1014.00,7741829.54,85533.42
1.79,0.00,42.00,4436.00,1438.00,9.00,450.00,1021.00,7734127.44,84845.92
1.80,0.00,41.00,4427.00,1448.00,8.00,448.00,1024.00,7725743.94,84188.23
1.81,0.00,41.00,4421.00,1454.00,8.00,445.00,1027.00,7717189.04,83542.74
1.81,0.00,41.00,4414.00,1461.00,8.00,443.00,1029.00,7708327.46,82923.42
1.82,0.00,41.00,4403.00,1472.00,8.00,438.00,1034.00,7698584.98,82282.90
1.83,0.00,41.00,4397.00,1478.00,8.00,431.00,1041.00,7688789.44,81593.00
1.83,0.00,39.00,4388.00,1489.00,8.00,427.00,1045.00,7678494.76,80903.08
1.84,0.00,38.00,4381.00,1497.00,6.00,422.00,1052.00,7668044.90,80198.12
1.85,0.00,35.00,4377.00,1504.00,6.00,410.00,1064.00,7657904.05,79374.27
1.85,0.00,34.00,4372.00,1510.00,6.00,403.00,1071.00,7647895.05,78516.99
1.86,0.00,34.00,4366.00,1516.00,5.00,402.00,1073.00,7637856.21,77719.34
1.87,0.00,33.00,4360.00,1523.00,5.00,399.00,1076.00,7627790.14,76946.07
1.88,0.00,33.00,4343.00,1540.00,5.00,395.00,1080.00,7616046.64,76180.05
1.88,0.00,32.00,4334.00,1550.00,5.00,391.00,1084.00,7603973.64,75420.63
1.89,0.00,30.00,4330.00,1556.00,5.00,389.00,1086.00,7592350.99,74697.30
1.90,0.00,30.00,4323.00,1563.00,5.00,386.00,1089.00,7580688.77,73991.88
1.90,0.00,29.00,4321.00,1566.00,5.00,382.00,1093.00,7569741.59,73287.79
1.91,0.00,28.00,4313.00,1575.00,5.00,380.00,1095.00,7558545.80,72614.97
1.92,0.00,28.00,4303.00,1585.00,5.00,377.00,1098.00,7546822.58,71955.66
1.92,0.00,27.00,4299.00,1590.00,5.00,372.00,1103.00,7535519.26,71278.65
1.93,0.00,27.00,4295.00,1594.00,5.00,367.00,1108.00,7524599.25,70585.48
1.94,0.00,27.00,4289.00,1600.00,5.00,363.00,1112.00,7513728.73,69892.57
1.94,0.00,26.00,4285.00,1605.00,5.00,358.00,1117.00,7503203.86,69184.88
1.95,0.00,26.00,4279.00,1611.00,5.00,356.00,1119.00,7492694.05,68508.77
1.96,0.00,26.00,4274.00,1616.00,5.00,353.00,1122.00,7482348.24,67846.46
1.97,0.00,26.00,4266.00,1624.00,5.00,346.00,1129.00,7471701.46,67136.66
1.97,0.00,25.00,4260.00,1631.00,4.00,345.00,1131.00,7461080.36,66473.64
1.98,0.00,23.00,4251.00,1642.00,4.00,343.00,1133.00,7450032.02,65838.31
1.99,0.00,22.00,4251.00,1643.00,4.00,340.00,1136.00,7439945.74,65213.24
1.99,0.00,20.00,4246.00,1650.00,4.00,336.00,1140.00,7429986.58,64582.50
2.00,0.00,20.00,4240.00,1656.00,4.00,333.00,1143.00,7419993.23,63961.61
2.01,0.00,19.00,4237.00,1660.00,4.00,328.00,1148.00,7410419.37,63319.67
2.01,0.00,17.00,4229.00,1670.00,4.00,325.00,1151.00,7400477.31,62688.56
2.02,0.00,16.00,4225.00,1675.00,4.00,321.00,1155.00,7390800.04,62052.31
2.03,0.00,15.00,4216.00,1685.00,3.00,319.00,1158.00,7380613.35,61441.42
2.03,0.00,15.00,4203.00,1698.00,3.00,316.00,1161.00,7369360.67,60838.65
2.04,0.00,14.00,4193.00,1709.00,3.00,312.00,1165.00,7357585.51,60228.28
2.05,0.00,14.00,4186.00,1716.00,3.00,308.00,1169.00,7345784.08,59610.96
2.06,0.00,14.00,4181.00,1721.00,3.00,305.00,1172.00,7334259.11,59002.33
2.06,0.00,14.00,4173.00,1729.00,2.00,300.00,1178.00,7322535.85,58371.58
2.07,0.00,14.00,4164.00,1738.00,2.00,297.00,1181.00,7310481.31,57750.68
2.08,0.00,14.00,4157.00,1745.00,2.00,294.00,1184.00,7298424.83,57138.78
2.08,0.00,13.00,4151.00,1752.00,2.00,290.00,1188.00,7286516.77,56520.06
2.09,0.00,13.00,4146.00,1757.00,2.00,289.00,1189.00,7274894.46,55940.20
2.10,0.00,12.00,4139.00,1765.00,2.00,288.00,1190.00,7263232.58,55395.81
2.10,0.00,11.00,4134.00,1771.00,2.00,282.00,1196.00,7251835.02,54808.69
2.11,0.00,11.00,4127.00,1778.00,2.00,281.00,1197.00,7240378.26,54257.66
2.12,0.00,11.00,4114.00,1791.00,2.00,277.00,1201.00,7227966.13,53694.52
2.12,0.00,10.00,4108.00,1798.00,2.00,272.00,1206.00,7215733.41,53105.31
2.13,0.00,10.00,4099.00,1807.00,2.00,268.00,1210.00,7203213.78,52507.31
2.14,0.00,10.00,4091.00,1815.00,2.00,266.00,1212.00,7190582.47,51931.33
2.15,0.00,10.00,4086.00,1820.00,2.00,261.00,1217.00,7178299.89,51330.39
2.15,0.00,10.00,4078.00,1828.00,2.00,260.00,1218.00,7165884.97,50766.76
2.16,0.00,10.00,4068.00,1838.00,2.00,258.00,1220.00,7153048.78,50222.15
2.17,0.00,10.00,4060.00,1846.00,2.00,255.00,1223.00,7140128.47,49679.90
2.17,0.00,9.00,4057.00,1850.00,2.00,250.00,1228.00,7127882.51,49109.76
2.18,0.00,9.00,4042.00,1865.00,2.00,248.00,1230.00,7114449.42,48559.21
2.19,0.00,9.00,4033.00,1874.00,2.00,245.00,1233.00,7100833.95,48011.53
2.19,0.00,9.00,4019.00,1888.00,2.00,241.00,1237.00,7086300.82,47451.45
2.20,0.00,9.00,4010.00,1897.00,2.00,237.00,1241.00,7071681.10,46880.05
2.21,0.00,9.00,4005.00,1902.00,2.00,235.00,1243.00,7057583.25,46328.35
2.22,0.00,9.00,3994.00,1913.00,2.00,232.00,1246.00,7043060.44,45779.63
2.22,0.00,9.00,3985.00,1922.00,2.00,228.00,1250.00,7028450.13,45218.59
2.23,0.00,8.00,3979.00,1929.00,2.00,219.00,1259.00,7014210.66,44571.20
2.24,0.00,8.00,3970.00,1938.00,2.00,216.00,1262.00,6999859.02,43935.11
2.24,0.00,8.00,3967.00,1941.00,2.00,215.00,1263.00,6986306.36,43339.39
2.25,0.00,8.00,3962.00,1946.00,2.00,214.00,1264.00,6973182.68,42780.51
2.26,0.00,8.00,3950.00,1958.00,2.00,211.00,1267.00,6959398.96,42225.24
2.26,0.00,8.00,3947.00,1961.00,2.00,207.00,1271.00,6946364.80,41658.22
2.27,0.00,7.00,3936.00,1973.00,2.00,204.00,1274.00,6932813.05,41095.50
2.28,0.00,7.00,3928.00,1981.00,2.00,201.00,1277.00,6919239.48,40536.72
2.28,0.00,6.00,3920.00,1990.00,2.00,198.00,1280.00,6905645.99,39981.52
2.29,0.00,5.00,3913.00,1998.00,2.00,193.00,1285.00,6892184.56,39399.55
2.30,0.00,5.00,3894.00,2017.00,1.00,192.00,1287.00,6877040.91,38853.23
2.31,0.00,5.00,3888.00,2023.00,1.00,191.00,1288.00,6862314.51,38339.46
2.31,0.00,5.00,3887.00,2024.00,1.00,183.00,1296.00,6848720.20,37750.25
2.32,0.00,5.00,3877.00,2034.00,1.00,177.00,1302.00,6834807.33,37122.20
2.33,0.00,5.00,3867.00,2044.00,1.00,174.00,1305.00,6820603.61,36503.77
2.33,0.00,5.00,3857.00,2054.00,1.00,172.00,1307.00,6806134.39,35909.14
2.34,0.00,5.00,3848.00,2063.00,1.00,168.00,1311.00,6791573.01,35306.20
2.35,0.00,5.00,3842.00,2069.00,1.00,166.00,1313.00,6777378.20,34725.71
2.35,0.00,4.00,3834.00,2078.00,1.00,163.00,1316.00,6763217.56,34150.71
2.36,0.00,4.00,3826.00,2086.00,1.00,162.00,1317.00,6749088.11,33610.74
2.37,0.00,2.00,3822.00,2092.00,1.00,162.00,1317.00,6735588.09,33117.80
2.38,0.00,2.00,3816.00,2098.00,1.00,161.00,1318.00,6722362.20,32652.76
2.38,0.00,2.00,3804.00,2110.00,1.00,156.00,1323.00,6708485.19,32153.09
2.39,0.00,2.00,3796.00,2118.00,1.00,150.00,1329.00,6694614.70,31606.80
2.40,0.00,2.00,3787.00,2127.00,1.00,149.00,1330.00,6680599.91,31093.05
2.40,0.00,2.00,3775.00,2139.00,1.00,147.00,1332.00,6666002.71,30593.99
2.41,0.00,2.00,3764.00,2150.00,1.00,147.00,1332.00,6651024.03,30138.38
2.42,0.00,2.00,3755.00,2159.00,1.00,141.00,1338.00,6635997.55,29632.31
2.42,0.00,2.00,3750.00,2164.00,1.00,140.00,1339.00,6621528.36,29155.29
2.43,0.00,2.00,3739.00,2175.00,1.00,138.00,1341.00,6606666.55,28689.75
2.44,0.00,2.00,3728.00,2186.00,1.00,136.00,1343.00,6591446.30,28234.71
2.44,0.00,2.00,3721.00,2193.00,1.00,133.00,1346.00,6576499.74,27774.21
2.45,0.00,2.00,3715.00,2199.00,1.00,129.00,1350.00,6561953.30,27293.73
2.46,0.00,2.00,3708.00,2206.00,1.00,127.00,1352.00,6547621.89,26825.04
2.47,0.00,2.00,3704.00,2210.00,1.00,123.00,1356.00,6533937.46,26337.06
2.47,0.00,1.00,3698.00,2217.00,0.00,124.00,1356.00,6520543.23,25906.60
2.48,0.00,1.00,3692.00,2223.00,0.00,124.00,1356.00,6507413.94,25513.63
2.49,0.00,1.00,3683.00,2232.00,0.00,121.00,1359.00,6494075.82,25109.80
2.49,0.00,1.00,3678.00,2237.00,0.00,121.00,1359.00,6481147.97,24741.13
2.50,0.00,1.00,3669.00,2246.00,0.00,121.00,1359.00,6467993.75,24404.57
2.51,0.00,0.00,3660.00,2256.00,0.00,121.00,1359.00,6454632.87,24097.32
2.51,0.00,0.00,3656.00,2260.00,0.00,119.00,1361.00,6441834.46,23786.77
2.52,0.00,0.00,3653.00,2263.00,0.00,115.00,1365.00,6429699.80,23443.17
2.53,0.00,0.00,3646.00,2270.00,0.00,112.00,1368.00,6417570.17,23084.42
2.53,0.00,0.00,3642.00,2274.00,0.00,112.00,1368.00,6405895.80,22756.91
2.54,0.00,0.00,3635.00,2281.00,0.00,110.00,1370.00,6394186.38,22427.87
2.55,0.00,0.00,3628.00,2288.00,0.00,109.00,1371.00,6382444.95,22112.47
2.56,0.00,0.00,3618.00,2298.00,0.00,107.00,1373.00,6370223.60,21794.47
2.56,0.00,0.00,3608.00,2308.00,0.00,107.00,1373.00,6357564.15,21504.17
2.57,0.00,0.00,3602.00,2314.00,0.00,106.00,1374.00,6345105.62,21224.12
2.58,0.00,0.00,3597.00,2319.00,0.00,103.00,1377.00,6332980.78,20923.39
2.58,0.00,0.00,3588.00,2328.00,0.00,99.00,1381.00,6320559.65,20588.76
2.59,0.00,0.00,3582.00,2334.00,0.00,96.00,1384.00,6308318.71,20238.19
2.60,0.00,0.00,3576.00,2340.00,0.00,95.00,1385.00,6296242.27,19903.12
2.60,0.00,0.00,3569.00,2347.00,0.00,94.00,1386.00,6284165.80,19582.21
2.61,0.00,0.00,3563.00,2353.00,0.00,92.00,1388.00,6272239.50,19259.20
2.62,0.00,0.00,3556.00,2360.00,0.00,89.00,1391.00,6260300.08,18919.24
2.62,0.00,0.00,3551.00,2365.00,0.00,87.00,1393.00,6248649.14,18578.84
2.63,0.00,0.00,3542.00,2374.00,0.00,86.00,1394.00,6236660.64,18253.06
2.64,0.00,0.00,3532.00,2384.00,0.00,85.00,1395.00,6224213.73,17940.62
2.65,0.00,0.00,3523.00,2393.00,0.00,83.00,1397.00,6211498.58,17625.34
2.65,0.00,0.00,3513.00,2403.00,0.00,82.00,1398.00,6198388.29,17322.49
2.66,0.00,0.00,3505.00,2411.00,0.00,81.00,1399.00,6185217.76,17030.99
2.67,0.00,0.00,3500.00,2416.00,0.00,79.00,1401.00,6172442.90,16734.83
2.67,0.00,0.00,3493.00,2423.00,0.00,77.00,1403.00,6159728.81,16434.41
2.68,0.00,0.00,3481.00,2435.00,0.00,76.00,1404.00,6146319.03,16145.12
2.69,0.00,0.00,3473.00,2443.00,0.00,74.00,1406.00,6132875.08,15850.98
2.69,0.00,0.00,3466.00,2450.00,0.00,72.00,1408.00,6119550.15,15552.40
2.70,0.00,0.00,3459.00,2457.00,0.00,70.00,1410.00,6106333.89,15249.78
2.71,0.00,0.00,3453.00,2463.00,0.00,69.00,1411.00,6093367.06,14958.48
2.72,0.00,0.00,3449.00,2467.00,0.00,68.00,1412.00,6080928.41,14677.53
2.72,0.00,0.00,3447.00,2469.00,0.00,68.00,1412.00,6069272.41,14421.04
2.73,0.00,0.00,3437.00,2479.00,0.00,66.00,1414.00,6057129.05,14156.84
2.74,0.00,0.00,3427.00,2489.00,0.00,65.00,1415.00,6044540.78,13900.62
2.74,0.00,0.00,3422.00,2494.00,0.00,64.00,1416.00,6032297.48,13651.69
2.75,0.00,0.00,3415.00,2501.00,0.00,62.00,1418.00,6020068.67,13394.39
2.76,0.00,0.00,3402.00,2514.00,0.00,62.00,1418.00,6006951.69,13159.49
2.76,0.00,0.00,3397.00,2519.00,0.00,61.00,1419.00,5994225.73,12930.03
2.77,0.00,0.00,3388.00,2528.00,0.00,59.00,1421.00,5981255.81,12690.50
2.78,0.00,0.00,3383.00,2533.00,0.00,59.00,1421.00,5968664.10,12471.82
2.78,0.00,0.00,3370.00,2546.00,0.00,57.00,1423.00,5955215.83,12242.14
2.79,0.00,0.00,3365.00,2551.00,0.00,55.00,1425.00,5942187.43,12002.42
2.80,0.00,0.00,3355.00,2561.00,0.00,53.00,1427.00,5928791.17,11753.52
2.81,0.00,0.00,3343.00,2573.00,0.00,53.00,1427.00,5914758.62,11526.30
2.81,0.00,0.00,3336.00,2580.00,0.00,53.00,1427.00,5900896.38,11318.86
2.82,0.00,0.00,3331.00,2585.00,0.00,52.00,1428.00,5887490.03,11114.46
2.83,0.00,0.00,3326.00,2590.00,0.00,52.00,1428.00,5874499.91,10927.86
2.83,0.00,0.00,3318.00,2598.00,0.00,51.00,1429.00,5861439.06,10742.48
2.84,0.00,0.00,3312.00,2604.00,0.00,50.00,1430.00,5848614.11,10558.23
2.85,0.00,0.00,3302.00,2614.00,0.00,49.00,1431.00,5835403.59,10374.99
2.85,0.00,0.00,3296.00,2620.00,0.00,49.00,1431.00,5822442.02,10207.71
2.86,0.00,0.00,3284.00,2632.00,0.00,47.00,1433.00,5808806.30,10024.95
2.87,0.00,0.00,3281.00,2635.00,0.00,47.00,1433.00,5795907.24,9858.10
2.88,0.00,0.00,3274.00,2642.00,0.00,46.00,1434.00,5783079.76,9690.76
2.88,0.00,0.00,3271.00,2645.00,0.00,44.00,1436.00,5770918.55,9507.95
2.89,0.00,0.00,3262.00,2654.00,0.00,44.00,1436.00,5758464.21,9341.05
2.90,0.00,0.00,3250.00,2666.00,0.00,44.00,1436.00,5745291.58,9188.69
2.90,0.00,0.00,3242.00,2674.00,0.00,43.00,1437.00,5732064.11,9034.57
2.91,0.00,0.00,3232.00,2684.00,0.00,43.00,1437.00,5718486.13,8893.87
2.92,0.00,0.00,3226.00,2690.00,0.00,43.00,1437.00,5705189.06,8765.42
2.92,0.00,0.00,3216.00,2700.00,0.00,41.00,1439.00,5691547.56,8618.11
2.93,0.00,0.00,3205.00,2711.00,0.00,40.00,1440.00,5677441.35,8468.60
2.94,0.00,0.00,3199.00,2717.00,0.00,39.00,1441.00,5663662.07,8317.09
2.94,0.00,0.00,3191.00,2725.00,0.00,38.00,1442.00,5649880.79,8163.75
2.95,0.00,0.00,3183.00,2733.00,0.00,38.00,1442.00,5636097.67,8023.76
2.96,0.00,0.00,3169.00,2747.00,0.00,37.00,1443.00,5621411.50,7880.94
2.97,0.00,0.00,3155.00,2761.00,0.00,37.00,1443.00,5605900.91,7750.56
2.97,0.00,0.00,3150.00,2766.00,0.00,37.00,1443.00,5590989.75,7631.52
2.98,0.00,0.00,3141.00,2775.00,0.00,37.00,1443.00,5576024.93,7522.86
2.99,0.00,0.00,3133.00,2783.00,0.00,37.00,1443.00,5561161.33,7423.65
2.99,0.00,0.00,3125.00,2791.00,0.00,35.00,1445.00,5546390.15,7303.04
3.00,0.00,0.00,3115.00,2801.00,0.00,34.00,1446.00,5531402.87,7177.91
3.01,0.00,0.00,3108.00,2808.00,0.00,31.00,1449.00,5516669.00,7018.60
3.01,0.00,0.00,3102.00,2814.00,0.00,28.00,1452.00,5502316.72,6828.09
3.02,0.00,0.00,3098.00,2818.00,0.00,28.00,1452.00,5488613.25,6654.18
3.03,0.00,0.00,3090.00,2826.00,0.00,28.00,1452.00,5474901.17,6495.41
3.03,0.00,0.00,3084.00,2832.00,0.00,27.00,1453.00,5461481.70,6335.44
3.04,0.00,0.00,3072.00,2844.00,0.00,26.00,1454.00,5447427.96,6174.37
3.05,0.00,0.00,3067.00,2849.00,0.00,25.00,1455.00,5433846.82,6012.31
3.06,0.00,0.00,3056.00,2860.00,0.00,24.00,1456.00,5419795.73,5849.34
3.06,0.00,0.00,3051.00,2865.00,0.00,24.00,1456.00,5406217.00,5700.56
3.07,0.00,0.00,3044.00,2872.00,0.00,24.00,1456.00,5392769.02,5564.73
3.08,0.00,0.00,3039.00,2877.00,0.00,23.00,1457.00,5379740.89,5425.71
3.08,0.00,0.00,3036.00,2880.00,0.00,23.00,1457.00,5367396.51,5298.79
3.09,0.00,0.00,3029.00,2887.00,0.00,22.00,1458.00,5355075.40,5167.90
3.10,0.00,0.00,3024.00,2892.00,0.00,22.00,1458.00,5343076.02,5048.41
3.10,0.00,0.00,3021.00,2895.00,0.00,21.00,1459.00,5331670.80,4924.30
3.11,0.00,0.00,3015.00,2901.00,0.00,20.00,1460.00,5320357.31,4795.97
3.12,0.00,0.00,3006.00,2910.00,0.00,20.00,1460.00,5308676.88,4678.82
3.12,0.00,0.00,2996.00,2920.00,0.00,20.00,1460.00,5296511.21,4571.87
3.13,0.00,0.00,2991.00,2925.00,0.00,19.00,1461.00,5284653.75,4459.21
3.14,0.00,0.00,2986.00,2930.00,0.00,17.00,1463.00,5273077.61,4326.31
3.15,0.00,0.00,2983.00,2933.00,0.00,17.00,1463.00,5262058.78,4204.99
3.15,0.00,0.00,2976.00,2940.00,0.00,17.00,1463.00,5250947.82,4094.23
3.16,0.00,0.00,2974.00,2942.00,0.00,16.00,1464.00,5240503.89,3978.09
3.17,0.00,0.00,2970.00,2946.00,0.00,16.00,1464.00,5230368.46,3872.06
3.17,0.00,0.00,2963.00,2953.00,0.00,16.00,1464.00,5220063.96,3775.27
3.18,0.00,0.00,2957.00,2959.00,0.00,16.00,1464.00,5209755.34,3686.90
3.19,0.00,0.00,2950.00,2966.00,0.00,16.00,1464.00,5199292.75,3606.23
3.19,0.00,0.00,2940.00,2976.00,0.00,16.00,1464.00,5188238.87,3532.58
3.20,0.00,0.00,2933.00,2983.00,0.00,16.00,1464.00,5177095.91,3465.35
3.21,0.00,0.00,2926.00,2990.00,0.00,16.00,1464.00,5165871.62,3403.97
3.22,0.00,0.00,2921.00,2995.00,0.00,16.00,1464.00,5154873.54,3347.94
3.22,0.00,0.00,2915.00,3001.00,0.00,16.00,1464.00,5143931.73,3296.78
3.23,0.00,0.00,2907.00,3009.00,0.00,16.00,1464.00,5132740.86,3250.08
3.24,0.00,0.00,2899.00,3017.00,0.00,16.00,1464.00,5121322.58,3207.45
3.24,0.00,0.00,2894.00,3022.00,0.00,16.00,1464.00,5110147.40,3168.53
3.25,0.00,0.00,2888.00,3028.00,0.00,15.00,1465.00,5099043.93,3117.97
3.26,0.00,0.00,2883.00,3033.00,0.00,14.00,1466.00,5088156.15,3056.79
3.26,0.00,0.00,2874.00,3042.00,0.00,14.00,1466.00,5076864.36,3000.94
3.27,0.00,0.00,2867.00,3049.00,0.00,14.00,1466.00,5065504.19,2949.96
3.28,0.00,0.00,2862.00,3054.00,0.00,14.00,1466.00,5054382.05,2903.41
3.28,0.00,0.00,2856.00,3060.00,0.00,14.00,1466.00,5043327.01,2860.92
3.29,0.00,0.00,2846.00,3070.00,0.00,14.00,1466.00,5031732.29,2822.12
3.30,0.00,0.00,2838.00,3078.00,0.00,13.00,1467.00,5019945.33,2771.68
3.31,0.00,0.00,2830.00,3086.00,0.00,13.00,1467.00,5007982.88,2725.64
3.31,0.00,0.00,2825.00,3091.00,0.00,12.00,1468.00,4996310.92,2668.58
3.32,0.00,0.00,2816.00,3100.00,0.00,11.00,1469.00,4984303.24,2601.46
3.33,0.00,0.00,2810.00,3106.00,0.00,11.00,1469.00,4972439.74,2540.19
3.33,0.00,0.00,2801.00,3115.00,0.00,11.00,1469.00,4960257.19,2484.26
3.34,0.00,0.00,2790.00,3126.00,0.00,10.00,1470.00,4947482.90,2418.17
3.35,0.00,0.00,2786.00,3130.00,0.00,9.00,1471.00,4935220.02,2342.81
3.35,0.00,0.00,2780.00,3136.00,0.00,8.00,1472.00,4923123.57,2258.99
3.36,0.00,0.00,2778.00,3138.00,0.00,8.00,1472.00,4911779.96,2182.47
3.37,0.00,0.00,2771.00,3145.00,0.00,8.00,1472.00,4900372.48,2112.62
3.38,0.00,0.00,2768.00,3148.00,0.00,8.00,1472.00,4889507.63,2048.85
3.38,0.00,0.00,2762.00,3154.00,0.00,8.00,1472.00,4878687.46,1990.62
3.39,0.00,0.00,2757.00,3159.00,0.00,8.00,1472.00,4868058.32,1937.47
3.40,0.00,0.00,2749.00,3167.00,0.00,8.00,1472.00,4857152.86,1888.95
3.40,0.00,0.00,2741.00,3175.00,0.00,7.00,1473.00,4845995.17,1829.63
3.41,0.00,0.00,2736.00,3180.00,0.00,7.00,1473.00,4835057.87,1775.48
3.42,0.00,0.00,2726.00,3190.00,0.00,7.00,1473.00,4823570.65,1726.04
3.42,0.00,0.00,2717.00,3199.00,0.00,7.00,1473.00,4811731.60,1680.90
3.43,0.00,0.00,2708.00,3208.00,0.00,7.00,1473.00,4799571.37,1639.70
3.44,0.00,0.00,2705.00,3211.00,0.00,7.00,1473.00,4788019.32,1602.08
3.44,0.00,0.00,2698.00,3218.00,0.00,7.00,1473.00,4776421.55,1567.74
3.45,0.00,0.00,2690.00,3226.00,0.00,7.00,1473.00,4764631.82,1536.39
3.46,0.00,0.00,2686.00,3230.00,0.00,7.00,1473.00,4753267.77,1507.77
3.47,0.00,0.00,2676.00,3240.00,0.00,7.00,1473.00,4741390.94,1481.64
3.47,0.00,0.00,2670.00,3246.00,0.00,7.00,1473.00,4729646.91,1457.79
3.48,0.00,0.00,2661.00,3255.00,0.00,7.00,1473.00,4717573.42,1436.01
3.49,0.00,0.00,2654.00,3262.00,0.00,6.00,1474.00,4705499.63,1401.11
3.49,0.00,0.00,2647.00,3269.00,0.00,6.00,1474.00,4693425.55,1369.24
3.50,0.00,0.00,2637.00,3279.00,0.00,6.00,1474.00,4680900.52,1340.15
3.51,0.00,0.00,2631.00,3285.00,0.00,6.00,1474.00,4668564.74,1313.60
3.51,0.00,0.00,2626.00,3290.00,0.00,6.00,1474.00,4656551.95,1289.35
3.52,0.00,0.00,2622.00,3294.00,0.00,6.00,1474.00,4644984.27,1267.22
3.53,0.00,0.00,2611.00,3305.00,0.00,6.00,1474.00,4632771.30,1247.01
3.53,0.00,0.00,2608.00,3308.00,0.00,6.00,1474.00,4621171.10,1228.57
3.54,0.00,0.00,2603.00,3313.00,0.00,6.00,1474.00,4609829.85,1211.73
3.55,0.00,0.00,2595.00,3321.00,0.00,6.00,1474.00,4598274.29,1196.35
3.56,0.00,0.00,2589.00,3327.00,0.00,6.00,1474.00,4586823.56,1182.32
3.56,0.00,0.00,2583.00,3333.00,0.00,6.00,1474.00,4575468.53,1169.51
3.57,0.00,0.00,2576.00,3340.00,0.00,6.00,1474.00,4564050.62,1157.81
3.58,0.00,0.00,2565.00,3351.00,0.00,6.00,1474.00,4551974.40,1147.13
3.58,0.00,0.00,2557.00,3359.00,0.00,6.00,1474.00,4539747.88,1137.38
3.59,0.00,0.00,2549.00,3367.00,0.00,6.00,1474.00,4527384.14,1128.48
3.60,0.00,0.00,2542.00,3374.00,0.00,6.00,1474.00,4515045.38,1120.36
3.60,0.00,0.00,2533.00,3383.00,0.00,6.00,1474.00,4502428.94,1112.94
3.61,0.00,0.00,2524.00,3392.00,0.00,6.00,1474.00,4489559.01,1106.17
3.62,0.00,0.00,2518.00,3398.00,0.00,6.00,1474.00,4476908.36,1099.99
3.62,0.00,0.00,2512.00,3404.00,0.00,6.00,1474.00,4464457.88,1094.34
3.63,0.00,0.00,2504.00,3412.00,0.00,6.00,1474.00,4451889.70,1089.19
3.64,0.00,0.00,2497.00,3419.00,0.00,6.00,1474.00,4439364.28,1084.49
3.65,0.00,0.00,2492.00,3424.00,0.00,6.00,1474.00,4427178.37,1080.19
3.65,0.00,0.00,2487.00,3429.00,0.00,6.00,1474.00,4415302.40,1076.27
3.66,0.00,0.00,2481.00,3435.00,0.00,6.00,1474.00,4403559.16,1072.69
3.67,0.00,0.00,2477.00,3439.00,0.00,6.00,1474.00,4392237.55,1069.43
3.67,0.00,0.00,2473.00,3443.00,0.00,6.00,1474.00,4381300.86,1066.44
3.68,0.00,0.00,2466.00,3450.00,0.00,6.00,1474.00,4370264.87,1063.72
3.69,0.00,0.00,2460.00,3456.00,0.00,5.00,1475.00,4359288.46,1046.21
3.69,0.00,0.00,2451.00,3465.00,0.00,5.00,1475.00,4347915.76,1030.23
3.70,0.00,0.00,2449.00,3467.00,0.00,5.00,1475.00,4337232.87,1015.63
3.71,0.00,0.00,2445.00,3471.00,0.00,5.00,1475.00,4326879.30,1002.31
3.72,0.00,0.00,2439.00,3477.00,0.00,4.00,1476.00,4316525.88,975.13
3.72,0.00,0.00,2430.00,3486.00,0.00,4.00,1476.00,4305721.92,950.31
3.73,0.00,0.00,2422.00,3494.00,0.00,4.00,1476.00,4294656.87,927.65
3.74,0.00,0.00,2418.00,3498.00,0.00,4.00,1476.00,4283954.39,906.97
3.74,0.00,0.00,2412.00,3504.00,0.00,4.00,1476.00,4273282.45,888.09
3.75,0.00,0.00,2405.00,3511.00,0.00,4.00,1476.00,4262488.17,870.85
3.76,0.00,0.00,2398.00,3518.00,0.00,4.00,1476.00,4251582.19,855.11
3.76,0.00,0.00,2392.00,3524.00,0.00,4.00,1476.00,4240724.48,840.74
3.77,0.00,0.00,2381.00,3535.00,0.00,4.00,1476.00,4229159.67,827.63
3.78,0.00,0.00,2373.00,3543.00,0.00,4.00,1476.00,4217400.02,815.65
3.78,0.00,0.00,2365.00,3551.00,0.00,4.00,1476.00,4205462.51,804.72
3.79,0.00,0.00,2355.00,3561.00,0.00,4.00,1476.00,4193062.16,794.74
3.80,0.00,0.00,2348.00,3568.00,0.00,4.00,1476.00,4180689.96,785.63
3.81,0.00,0.00,2343.00,3573.00,0.00,3.00,1477.00,4168643.92,762.29
3.81,0.00,0.00,2341.00,3575.00,0.00,3.00,1477.00,4157346.35,740.98
3.82,0.00,0.00,2338.00,3578.00,0.00,3.00,1477.00,4146581.83,721.53
3.83,0.00,0.00,2335.00,3581.00,0.00,3.00,1477.00,4136303.95,703.77
3.83,0.00,0.00,2329.00,3587.00,0.00,3.00,1477.00,4126019.63,687.56
3.84,0.00,0.00,2322.00,3594.00,0.00,3.00,1477.00,4115579.22,672.76
3.85,0.00,0.00,2318.00,3598.00,0.00,3.00,1477.00,4105446.99,659.25
3.85,0.00,0.00,2315.00,3601.00,0.00,3.00,1477.00,4095746.35,646.91
3.86,0.00,0.00,2310.00,3606.00,0.00,3.00,1477.00,4086139.24,635.65
3.87,0.00,0.00,2302.00,3614.00,0.00,3.00,1477.00,4076166.83,625.37
3.88,0.00,0.00,2295.00,3621.00,0.00,3.00,1477.00,4066011.15,615.99
3.88,0.00,0.00,2288.00,3628.00,0.00,3.00,1477.00,4055688.17,607.42
3.89,0.00,0.00,2281.00,3635.00,0.00,3.00,1477.00,4045212.46,599.59
3.90,0.00,0.00,2269.00,3647.00,0.00,3.00,1477.00,4033846.15,592.45
3.90,0.00,0.00,2262.00,3654.00,0.00,3.00,1477.00,4022417.96,585.93
3.91,0.00,0.00,2255.00,3661.00,0.00,3.00,1477.00,4010933.28,579.98
3.92,0.00,0.00,2251.00,3665.00,0.00,3.00,1477.00,3999847.70,574.55
3.92,0.00,0.00,2247.00,3669.00,0.00,3.00,1477.00,3989126.50,569.59
3.93,0.00,0.00,2239.00,3677.00,0.00,2.00,1478.00,3978137.00,550.04
3.94,0.00,0.00,2230.00,3686.00,0.00,2.00,1478.00,3966752.34,532.19
3.94,0.00,0.00,2227.00,3689.00,0.00,2.00,1478.00,3955908.32,515.89
3.95,0.00,0.00,2219.00,3697.00,0.00,2.00,1478.00,3944806.70,501.02
3.96,0.00,0.00,2211.00,3705.00,0.00,2.00,1478.00,3933469.92,487.44
3.97,0.00,0.00,2201.00,3715.00,0.00,2.00,1478.00,3921617.99,475.04
3.97,0.00,0.00,2192.00,3724.00,0.00,2.00,1478.00,3909445.99,463.72
3.98,0.00,0.00,2185.00,3731.00,0.00,1.00,1479.00,3897282.27,438.37
3.99,0.00,0.00,2182.00,3734.00,0.00,1.00,1479.00,3885727.02,415.22
3.99,0.00,0.00,2173.00,3743.00,0.00,1.00,1479.00,3873825.88,394.09
4.00,0.00,0.00,2169.00,3747.00,0.00,1.00,1479.00,3862360.10,374.79
4.01,0.00,0.00,2162.00,3754.00,0.00,1.00,1479.00,3850841.11,357.18
4.01,0.00,0.00,2158.00,3758.00,0.00,1.00,1479.00,3839724.23,341.10
4.02,0.00,0.00,2152.00,3764.00,0.00,1.00,1479.00,3828673.96,326.42
4.03,0.00,0.00,2149.00,3767.00,0.00,1.00,1479.00,3818135.22,313.02
4.03,0.00,0.00,2140.00,3776.00,0.00,1.00,1479.00,3807162.07,300.79
4.04,0.00,0.00,2130.00,3786.00,0.00,1.00,1479.00,3795642.10,289.62
4.05,0.00,0.00,2122.00,3794.00,0.00,1.00,1479.00,3783923.40,279.42
4.06,0.00,0.00,2117.00,3799.00,0.00,1.00,1479.00,3772473.96,270.12
4.06,0.00,0.00,2112.00,3804.00,0.00,1.00,1479.00,3761270.33,261.62
4.07,0.00,0.00,2103.00,3813.00,0.00,0.00,1480.00,3749690.19,238.84
4.08,0.00,0.00,2094.00,3822.00,0.00,0.00,1480.00,3737766.32,218.04
4.08,0.00,0.00,2089.00,3827.00,0.00,0.00,1480.00,3726129.59,199.06
4.09,0.00,0.00,2077.00,3839.00,0.00,0.00,1480.00,3713703.34,181.72
4.10,0.00,0.00,2073.00,3843.00,0.00,0.00,1480.00,3701758.21,165.90
4.10,0.00,0.00,2069.00,3847.00,0.00,0.00,1480.00,3690252.28,151.45
4.11,0.00,0.00,2066.00,3850.00,0.00,0.00,1480.00,3679297.56,138.26
4.12,0.00,0.00,2055.00,3861.00,0.00,0.00,1480.00,3667644.17,126.23
4.12,0.00,0.00,2047.00,3869.00,0.00,0.00,1480.00,3655803.68,115.23
4.13,0.00,0.00,2041.00,3875.00,0.00,0.00,1480.00,3644092.81,105.20
4.14,0.00,0.00,2030.00,3886.00,0.00,0.00,1480.00,3631749.14,96.04
4.15,0.00,0.00,2025.00,3891.00,0.00,0.00,1480.00,3619729.16,87.68
4.15,0.00,0.00,2022.00,3894.00,0.00,0.00,1480.00,3608305.12,80.04
4.16,0.00,0.00,2010.00,3906.00,0.00,0.00,1480.00,3596073.08,73.07
4.17,0.00,0.00,2003.00,3913.00,0.00,0.00,1480.00,3583854.52,66.71
4.17,0.00,0.00,1998.00,3918.00,0.00,0.00,1480.00,3571948.77,60.90
4.18,0.00,0.00,1992.00,3924.00,0.00,0.00,1480.00,3560178.32,55.60
4.19,0.00,0.00,1987.00,3929.00,0.00,0.00,1480.00,3548681.65,50.76
4.19,0.00,0.00,1975.00,3941.00,0.00,0.00,1480.00,3536383.28,46.34
4.20,0.00,0.00,1964.00,3952.00,0.00,0.00,1480.00,3523503.26,42.30
4.21,0.00,0.00,1958.00,3958.00,0.00,0.00,1480.00,3510843.39,38.62
4.22,0.00,0.00,1953.00,3963.00,0.00,0.00,1480.00,3498534.74,35.26
4.22,0.00,0.00,1946.00,3970.00,0.00,0.00,1480.00,3486246.27,32.19
4.23,0.00,0.00,1942.00,3974.00,0.00,0.00,1480.00,3474426.90,29.38
4.24,0.00,0.00,1939.00,3977.00,0.00,0.00,1480.00,3463186.01,26.82
4.24,0.00,0.00,1931.00,3985.00,0.00,0.00,1480.00,3451722.09,24.49
4.25,0.00,0.00,1921.00,3995.00,0.00,0.00,1480.00,3439754.09,22.36
4.26,0.00,0.00,1910.00,4006.00,0.00,0.00,1480.00,3427175.66,20.41
4.26,0.00,0.00,1901.00,4015.00,0.00,0.00,1480.00,3414340.45,18.63
4.27,0.00,0.00,1893.00,4023.00,0.00,0.00,1480.00,3401421.01,17.01
4.28,0.00,0.00,1890.00,4026.00,0.00,0.00,1480.00,3389175.86,15.53
4.28,0.00,0.00,1883.00,4033.00,0.00,0.00,1480.00,3376945.35,14.18
4.29,0.00,0.00,1875.00,4041.00,0.00,0.00,1480.00,3364577.97,12.94
4.30,0.00,0.00,1863.00,4053.00,0.00,0.00,1480.00,3351484.71,11.82
4.31,0.00,0.00,1856.00,4060.00,0.00,0.00,1480.00,3338479.95,10.79
4.31,0.00,0.00,1847.00,4069.00,0.00,0.00,1480.00,3325255.51,9.85
4.32,0.00,0.00,1838.00,4078.00,0.00,0.00,1480.00,3311830.52,8.99
4.33,0.00,0.00,1834.00,4082.00,0.00,0.00,1480.00,3298973.61,8.21
4.33,0.00,0.00,1821.00,4095.00,0.00,0.00,1480.00,3285283.21,7.49
4.34,0.00,0.00,1815.00,4101.00,0.00,0.00,1480.00,3271883.52,6.84
4.35,0.00,0.00,1808.00,4108.00,0.00,0.00,1480.00,3258599.01,6.24
4.35,0.00,0.00,1800.00,4116.00,0.00,0.00,1480.00,3245269.43,5.70
4.36,0.00,0.00,1792.00,4124.00,0.00,0.00,1480.00,3231898.67,5.20
4.37,0.00,0.00,1786.00,4130.00,0.00,0.00,1480.00,3218790.79,4.75
4.38,0.00,0.00,1779.00,4137.00,0.00,0.00,1480.00,3205772.68,4.34
4.38,0.00,0.00,1773.00,4143.00,0.00,0.00,1480.00,3192986.75,3.96
4.39,0.00,0.00,1769.00,4147.00,0.00,0.00,1480.00,3180713.24,3.61
4.40,0.00,0.00,1757.00,4159.00,0.00,0.00,1480.00,3167705.68,3.30
4.40,0.00,0.00,1753.00,4163.00,0.00,0.00,1480.00,3155229.85,3.01
4.41,0.00,0.00,1744.00,4172.00,0.00,0.00,1480.00,3142488.28,2.75
4.42,0.00,0.00,1737.00,4179.00,0.00,0.00,1480.00,3129804.57,2.51
4.42,0.00,0.00,1731.00,4185.00,0.00,0.00,1480.00,3117323.93,2.29
4.43,0.00,0.00,1725.00,4191.00,0.00,0.00,1480.00,3105028.66,2.09
4.44,0.00,0.00,1721.00,4195.00,0.00,0.00,1480.00,3093203.10,1.91
4.44,0.00,0.00,1708.00,4208.00,0.00,0.00,1480.00,3080454.24,1.74
4.45,0.00,0.00,1704.00,4212.00,0.00,0.00,1480.00,3068214.58,1.59
4.46,0.00,0.00,1695.00,4221.00,0.00,0.00,1480.00,3055688.62,1.45
4.47,0.00,0.00,1689.00,4227.00,0.00,0.00,1480.00,3043351.98,1.33
4.47,0.00,0.00,1675.00,4241.00,0.00,0.00,1480.00,3029986.33,1.21
4.48,0.00,0.00,1665.00,4251.00,0.00,0.00,1480.00,3016282.19,1.11
4.49,0.00,0.00,1661.00,4255.00,0.00,0.00,1480.00,3003170.43,1.01
4.49,0.00,0.00,1654.00,4262.00,0.00,0.00,1480.00,2990148.78,0.92
4.50,0.00,0.00,1646.00,4270.00,0.00,0.00,1480.00,2977059.15,0.84
4.51,0.00,0.00,1639.00,4277.00,0.00,0.00,1480.00,2964057.69,0.77
4.51,0.00,0.00,1636.00,4280.00,0.00,0.00,1480.00,2951737.65,0.70
4.52,0.00,0.00,1627.00,4289.00,0.00,0.00,1480.00,2939138.31,0.64
4.53,0.00,0.00,1618.00,4298.00,0.00,0.00,1480.00,2926283.99,0.58
4.53,0.00,0.00,1606.00,4310.00,0.00,0.00,1480.00,2912746.20,0.53
4.54,0.00,0.00,1600.00,4316.00,0.00,0.00,1480.00,2899485.84,0.49
4.55,0.00,0.00,1597.00,4319.00,0.00,0.00,1480.00,2886929.43,0.44
4.56,0.00,0.00,1586.00,4330.00,0.00,0.00,1480.00,2873813.86,0.41
4.56,0.00,0.00,1581.00,4335.00,0.00,0.00,1480.00,2861089.17,0.37
4.57,0.00,0.00,1567.00,4349.00,0.00,0.00,1480.00,2847369.26,0.34
4.58,0.00,0.00,1562.00,4354.00,0.00,0.00,1480.00,2834092.88,0.31
4.58,0.00,0.00,1556.00,4360.00,0.00,0.00,1480.00,2821071.16,0.28
4.59,0.00,0.00,1554.00,4362.00,0.00,0.00,1480.00,2808882.86,0.26
4.60,0.00,0.00,1547.00,4369.00,0.00,0.00,1480.00,2796704.25,0.24
4.60,0.00,0.00,1543.00,4373.00,0.00,0.00,1480.00,2784985.17,0.21
4.61,0.00,0.00,1534.00,4382.00,0.00,0.00,1480.00,2772934.47,0.20
4.62,0.00,0.00,1529.00,4387.00,0.00,0.00,1480.00,2761181.94,0.18
4.62,0.00,0.00,1522.00,4394.00,0.00,0.00,1480.00,2749401.15,0.16
4.63,0.00,0.00,1517.00,4399.00,0.00,0.00,1480.00,2737895.03,0.15
4.64,0.00,0.00,1512.00,4404.00,0.00,0.00,1480.00,2726639.67,0.14
4.65,0.00,0.00,1508.00,4408.00,0.00,0.00,1480.00,2715763.45,0.12
4.65,0.00,0.00,1498.00,4418.00,0.00,0.00,1480.00,2704331.97,0.11
4.66,0.00,0.00,1488.00,4428.00,0.00,0.00,1480.00,2692393.59,0.10
4.67,0.00,0.00,1480.00,4436.00,0.00,0.00,1480.00,2680292.91,0.09
4.67,0.00,0.00,1475.00,4441.00,0.00,0.00,1480.00,2668494.74,0.09
4.68,0.00,0.00,1468.00,4448.00,0.00,0.00,1480.00,2656672.30,0.08
4.69,0.00,0.00,1462.00,4454.00,0.00,0.00,1480.00,2644977.92,0.07
4.69,0.00,0.00,1455.00,4461.00,0.00,0.00,1480.00,2633250.22,0.07
4.70,0.00,0.00,1449.00,4467.00,0.00,0.00,1480.00,2621642.34,0.06
4.71,0.00,0.00,1441.00,4475.00,0.00,0.00,1480.00,2609843.37,0.05
4.72,0.00,0.00,1432.00,4484.00,0.00,0.00,1480.00,2597719.73,0.05
4.72,0.00,0.00,1425.00,4491.00,0.00,0.00,1480.00,2585600.15,0.05
4.73,0.00,0.00,1420.00,4496.00,0.00,0.00,1480.00,2573784.74,0.04
4.74,0.00,0.00,1415.00,4501.00,0.00,0.00,1480.00,2562247.01,0.04
4.74,0.00,0.00,1406.00,4510.00,0.00,0.00,1480.00,2550361.86,0.03
4.75,0.00,0.00,1400.00,4516.00,0.00,0.00,1480.00,2538610.23,0.03
4.76,0.00,0.00,1393.00,4523.00,0.00,0.00,1480.00,2526830.28,0.03
4.76,0.00,0.00,1389.00,4527.00,0.00,0.00,1480.00,2515475.14,0.03
4.77,0.00,0.00,1384.00,4532.00,0.00,0.00,1480.00,2504357.61,0.02
4.78,0.00,0.00,1376.00,4540.00,0.00,0.00,1480.00,2493006.30,0.02
4.78,0.00,0.00,1369.00,4547.00,0.00,0.00,1480.00,2481591.80,0.02
4.79,0.00,0.00,1356.00,4560.00,0.00,0.00,1480.00,2469218.22,0.02
4.80,0.00,0.00,1348.00,4568.00,0.00,0.00,1480.00,2456720.23,0.02
4.81,0.00,0.00,1342.00,4574.00,0.00,0.00,1480.00,2444409.13,0.02
4.81,0.00,0.00,1338.00,4578.00,0.00,0.00,1480.00,2432569.11,0.01
4.82,0.00,0.00,1335.00,4581.00,0.00,0.00,1480.00,2421309.37,0.01
4.83,0.00,0.00,1330.00,4586.00,0.00,0.00,1480.00,2410278.93,0.01
4.83,0.00,0.00,1324.00,4592.00,0.00,0.00,1480.00,2399307.60,0.01
4.84,0.00,0.00,1316.00,4600.00,0.00,0.00,1480.00,2388089.75,0.01
4.85,0.00,0.00,1307.00,4609.00,0.00,0.00,1480.00,2376496.62,0.01
4.85,0.00,0.00,1301.00,4615.00,0.00,0.00,1480.00,2365011.59,0.01
4.86,0.00,0.00,1299.00,4617.00,0.00,0.00,1480.00,2354226.17,0.01
4.87,0.00,0.00,1288.00,4628.00,0.00,0.00,1480.00,2342727.36,0.01
4.88,0.00,0.00,1282.00,4634.00,0.00,0.00,1480.00,2331328.43,0.01
4.88,0.00,0.00,1277.00,4639.00,0.00,0.00,1480.00,2320170.92,0.01
4.89,0.00,0.00,1274.00,4642.00,0.00,0.00,1480.00,2309534.27,0.01
4.90,0.00,0.00,1269.00,4647.00,0.00,0.00,1480.00,2299072.66,0.00
4.90,0.00,0.00,1267.00,4649.00,0.00,0.00,1480.00,2289221.54,0.00
4.91,0.00,0.00,1261.00,4655.00,0.00,0.00,1480.00,2279326.83,0.00
4.92,0.00,0.00,1257.00,4659.00,0.00,0.00,1480.00,2269692.78,0.00
4.92,0.00,0.00,1252.00,4664.00,0.00,0.00,1480.00,2260146.48,0.00
4.93,0.00,0.00,1243.00,4673.00,0.00,0.00,1480.00,2250079.34,0.00
4.94,0.00,0.00,1236.00,4680.00,0.00,0.00,1480.00,2239837.20,0.00
4.94,0.00,0.00,1231.00,4685.00,0.00,0.00,1480.00,2229735.75,0.00
4.95,0.00,0.00,1224.00,4692.00,0.00,0.00,1480.00,2219462.27,0.00
4.96,0.00,0.00,1222.00,4694.00,0.00,0.00,1480.00,2209782.90,0.00
4.97,0.00,0.00,1216.00,4700.00,0.00,0.00,1480.00,2200044.98,0.00
4.97,0.00,0.00,1207.00,4709.00,0.00,0.00,1480.00,2189802.92,0.00
4.98,0.00,0.00,1196.00,4720.00,0.00,0.00,1480.00,2178800.15,0.00
4.99,0.00,0.00,1192.00,4724.00,0.00,0.00,1480.00,2168154.54,0.00
4.99,0.00,0.00,1182.00,4734.00,0.00,0.00,1480.00,2156933.60,0.00
5.00,0.00,0.00,1175.00,4741.00,0.00,0.00,1480.00,2145638.10,0.00
5.01,0.00,0.00,1170.00,4746.00,0.00,0.00,1480.00,2134575.02,0.00
5.01,0.00,0.00,1165.00,4751.00,0.00,0.00,1480.00,2123724.12,0.00
5.02,0.00,0.00,1159.00,4757.00,0.00,0.00,1480.00,2112916.67,0.00
5.03,0.00,0.00,1157.00,4759.00,0.00,0.00,1480.00,2102749.84,0.00
5.03,0.00,0.00,1149.00,4767.00,0.00,0.00,1480.00,2092266.44,0.00
5.04,0.00,0.00,1135.00,4781.00,0.00,0.00,1480.00,2080592.66,0.00
5.05,0.00,0.00,1128.00,4788.00,0.00,0.00,1480.00,2068883.76,0.00
5.06,0.00,0.00,1124.00,4792.00,0.00,0.00,1480.00,2057593.51,0.00
5.06,0.00,0.00,1119.00,4797.00,0.00,0.00,1480.00,2046535.20,0.00
5.07,0.00,0.00,1111.00,4805.00,0.00,0.00,1480.00,2035237.96,0.00
5.08,0.00,0.00,1100.00,4816.00,0.00,0.00,1480.00,2023271.90,0.00
5.08,0.00,0.00,1094.00,4822.00,0.00,0.00,1480.00,2011446.40,0.00
5.09,0.00,0.00,1088.00,4828.00,0.00,0.00,1480.00,1999749.24,0.00
5.10,0.00,0.00,1081.00,4835.00,0.00,0.00,1480.00,1988019.00,0.00
5.10,0.00,0.00,1076.00,4840.00,0.00,0.00,1480.00,1976559.02,0.00
5.11,0.00,0.00,1064.00,4852.00,0.00,0.00,1480.00,1964294.16,0.00
5.12,0.00,0.00,1054.00,4862.00,0.00,0.00,1480.00,1951594.96,0.00
5.12,0.00,0.00,1048.00,4868.00,0.00,0.00,1480.00,1939100.17,0.00
5.13,0.00,0.00,1041.00,4875.00,0.00,0.00,1480.00,1926641.76,0.00
5.14,0.00,0.00,1034.00,4882.00,0.00,0.00,1480.00,1914216.56,0.00
5.15,0.00,0.00,1027.00,4889.00,0.00,0.00,1480.00,1901821.67,0.00
5.15,0.00,0.00,1024.00,4892.00,0.00,0.00,1480.00,1890055.39,0.00
5.16,0.00,0.00,1021.00,4895.00,0.00,0.00,1480.00,1878862.98,0.00
5.17,0.00,0.00,1015.00,4901.00,0.00,0.00,1480.00,1867743.77,0.00
5.17,0.00,0.00,1010.00,4906.00,0.00,0.00,1480.00,1856841.62,0.00
5.18,0.00,0.00,1006.00,4910.00,0.00,0.00,1480.00,1846287.87,0.00
5.19,0.00,0.00,1000.00,4916.00,0.00,0.00,1480.00,1835751.69,0.00
5.19,0.00,0.00,995.00,4921.00,0.00,0.00,1480.00,1825381.82,0.00
5.20,0.00,0.00,991.00,4925.00,0.00,0.00,1480.00,1815313.99,0.00
5.21,0.00,0.00,988.00,4928.00,0.00,0.00,1480.00,1805672.13,0.00
5.22,0.00,0.00,979.00,4937.00,0.00,0.00,1480.00,1795517.77,0.00
5.22,0.00,0.00,973.00,4943.00,0.00,0.00,1480.00,1785346.21,0.00
5.23,0.00,0.00,963.00,4953.00,0.00,0.00,1480.00,1774558.05,0.00
5.24,0.00,0.00,956.00,4960.00,0.00,0.00,1480.00,1763657.65,0.00
5.24,0.00,0.00,951.00,4965.00,0.00,0.00,1480.00,1752955.27,0.00
5.25,0.00,0.00,949.00,4967.00,0.00,0.00,1480.00,1742884.34,0.00
5.26,0.00,0.00,944.00,4972.00,0.00,0.00,1480.00,1732939.19,0.00
5.26,0.00,0.00,932.00,4984.00,0.00,0.00,1480.00,1722057.25,0.00
5.27,0.00,0.00,924.00,4992.00,0.00,0.00,1480.00,1710921.02,0.00
5.28,0.00,0.00,919.00,4997.00,0.00,0.00,1480.00,1700003.33,0.00
5.28,0.00,0.00,907.00,5009.00,0.00,0.00,1480.00,1688233.53,0.00
5.29,0.00,0.00,900.00,5016.00,0.00,0.00,1480.00,1676436.99,0.00
5.30,0.00,0.00,890.00,5026.00,0.00,0.00,1480.00,1664165.32,0.00
5.31,0.00,0.00,885.00,5031.00,0.00,0.00,1480.00,1652211.06,0.00
5.31,0.00,0.00,880.00,5036.00,0.00,0.00,1480.00,1640546.58,0.00
5.32,0.00,0.00,875.00,5041.00,0.00,0.00,1480.00,1629146.64,0.00
5.33,0.00,0.00,870.00,5046.00,0.00,0.00,1480.00,1617988.21,0.00
5.33,0.00,0.00,868.00,5048.00,0.00,0.00,1480.00,1607500.94,0.00
5.34,0.00,0.00,866.00,5050.00,0.00,0.00,1480.00,1597626.40,0.00
5.35,0.00,0.00,858.00,5058.00,0.00,0.00,1480.00,1587409.85,0.00
5.35,0.00,0.00,853.00,5063.00,0.00,0.00,1480.00,1577331.76,0.00
5.36,0.00,0.00,849.00,5067.00,0.00,0.00,1480.00,1567530.31,0.00
5.37,0.00,0.00,846.00,5070.00,0.00,0.00,1480.00,1558131.63,0.00
5.38,0.00,0.00,838.00,5078.00,0.00,0.00,1480.00,1548349.50,0.00
5.38,0.00,0.00,832.00,5084.00,0.00,0.00,1480.00,1538517.77,0.00
5.39,0.00,0.00,826.00,5090.00,0.00,0.00,1480.00,1528640.76,0.00
5.40,0.00,0.00,815.00,5101.00,0.00,0.00,1480.00,1517971.26,0.00
5.40,0.00,0.00,812.00,5104.00,0.00,0.00,1480.00,1507780.13,0.00
5.41,0.00,0.00,803.00,5113.00,0.00,0.00,1480.00,1497124.31,0.00
5.42,0.00,0.00,794.00,5122.00,0.00,0.00,1480.00,1486044.28,0.00
5.42,0.00,0.00,790.00,5126.00,0.00,0.00,1480.00,1475328.13,0.00
5.43,0.00,0.00,788.00,5128.00,0.00,0.00,1480.00,1465244.64,0.00
5.44,0.00,0.00,780.00,5136.00,0.00,0.00,1480.00,1454837.33,0.00
5.44,0.00,0.00,778.00,5138.00,0.00,0.00,1480.00,1445035.78,0.00
5.45,0.00,0.00,774.00,5142.00,0.00,0.00,1480.00,1435486.79,0.00
5.46,0.00,0.00,769.00,5147.00,0.00,0.00,1480.00,1426018.13,0.00
5.47,0.00,0.00,759.00,5157.00,0.00,0.00,1480.00,1415871.65,0.00
5.47,0.00,0.00,751.00,5165.00,0.00,0.00,1480.00,1405406.84,0.00
5.48,0.00,0.00,742.00,5174.00,0.00,0.00,1480.00,1394501.18,0.00
5.49,0.00,0.00,733.00,5183.00,0.00,0.00,1480.00,1383193.05,0.00
5.49,0.00,0.00,725.00,5191.00,0.00,0.00,1480.00,1371667.75,0.00
5.50,0.00,0.00,718.00,5198.00,0.00,0.00,1480.00,1360094.40,0.00
5.51,0.00,0.00,710.00,5206.00,0.00,0.00,1480.00,1348326.96,0.00
5.51,0.00,0.00,702.00,5214.00,0.00,0.00,1480.00,1336382.34,0.00
5.52,0.00,0.00,698.00,5218.00,0.00,0.00,1480.00,1324876.88,0.00
5.53,0.00,0.00,690.00,5226.00,0.00,0.00,1480.00,1313171.42,0.00
5.53,0.00,0.00,680.00,5236.00,0.00,0.00,1480.00,1300982.92,0.00
5.54,0.00,0.00,674.00,5242.00,0.00,0.00,1480.00,1288954.35,0.00
5.55,0.00,0.00,669.00,5247.00,0.00,0.00,1480.00,1277222.03,0.00
5.56,0.00,0.00,664.00,5252.00,0.00,0.00,1480.00,1265760.15,0.00
5.56,0.00,0.00,664.00,5252.00,0.00,0.00,1480.00,1255296.33,0.00
5.57,0.00,0.00,661.00,5255.00,0.00,0.00,1480.00,1245292.96,0.00
5.58,0.00,0.00,656.00,5260.00,0.00,0.00,1480.00,1235409.50,0.00
5.58,0.00,0.00,647.00,5269.00,0.00,0.00,1480.00,1225034.56,0.00
5.59,0.00,0.00,643.00,5273.00,0.00,0.00,1480.00,1214962.11,0.00
5.60,0.00,0.00,634.00,5282.00,0.00,0.00,1480.00,1204414.64,0.00
5.60,0.00,0.00,628.00,5288.00,0.00,0.00,1480.00,1193884.22,0.00
5.61,0.00,0.00,625.00,5291.00,0.00,0.00,1480.00,1183820.05,0.00
5.62,0.00,0.00,621.00,5295.00,0.00,0.00,1480.00,1174031.31,0.00
5.62,0.00,0.00,614.00,5302.00,0.00,0.00,1480.00,1164043.31,0.00
5.63,0.00,0.00,606.00,5310.00,0.00,0.00,1480.00,1153723.17,0.00
5.64,0.00,0.00,600.00,5316.00,0.00,0.00,1480.00,1143400.29,0.00
5.65,0.00,0.00,596.00,5320.00,0.00,0.00,1480.00,1133375.35,0.00
5.65,0.00,0.00,592.00,5324.00,0.00,0.00,1480.00,1123622.43,0.00
5.66,0.00,0.00,587.00,5329.00,0.00,0.00,1480.00,1113967.59,0.00
5.67,0.00,0.00,580.00,5336.00,0.00,0.00,1480.00,1104101.84,0.00
5.67,0.00,0.00,576.00,5340.00,0.00,0.00,1480.00,1094494.23,0.00
5.68,0.00,0.00,571.00,5345.00,0.00,0.00,1480.00,1084972.06,0.00
5.69,0.00,0.00,565.00,5351.00,0.00,0.00,1480.00,1075377.66,0.00
5.69,0.00,0.00,563.00,5353.00,0.00,0.00,1480.00,1066318.23,0.00
5.70,0.00,0.00,556.00,5360.00,0.00,0.00,1480.00,1056996.05,0.00
5.71,0.00,0.00,550.00,5366.00,0.00,0.00,1480.00,1047584.21,0.00
5.72,0.00,0.00,547.00,5369.00,0.00,0.00,1480.00,1038541.23,0.00
5.72,0.00,0.00,541.00,5375.00,0.00,0.00,1480.00,1029384.29,0.00
5.73,0.00,0.00,536.00,5380.00,0.00,0.00,1480.00,1020273.54,0.00
5.74,0.00,0.00,531.00,5385.00,0.00,0.00,1480.00,1011204.96,0.00
5.74,0.00,0.00,525.00,5391.00,0.00,0.00,1480.00,1002024.65,0.00
5.75,0.00,0.00,524.00,5392.00,0.00,0.00,1480.00,993493.50,0.00
5.76,0.00,0.00,522.00,5394.00,0.00,0.00,1480.00,985404.74,0.00
5.76,0.00,0.00,517.00,5399.00,0.00,0.00,1480.00,977269.16,0.00
5.77,0.00,0.00,511.00,5405.00,0.00,0.00,1480.00,968940.61,0.00
5.78,0.00,0.00,506.00,5410.00,0.00,0.00,1480.00,960586.12,0.00
5.78,0.00,0.00,501.00,5415.00,0.00,0.00,1480.00,952207.95,0.00
5.79,0.00,0.00,494.00,5422.00,0.00,0.00,1480.00,943507.70,0.00
5.80,0.00,0.00,490.00,5426.00,0.00,0.00,1480.00,934964.10,0.00
5.81,0.00,0.00,484.00,5432.00,0.00,0.00,1480.00,926263.06,0.00
5.81,0.00,0.00,481.00,5435.00,0.00,0.00,1480.00,917868.98,0.00
5.82,0.00,0.00,480.00,5436.00,0.00,0.00,1480.00,910055.60,0.00
5.83,0.00,0.00,475.00,5441.00,0.00,0.00,1480.00,902171.41,0.00
5.83,0.00,0.00,463.00,5453.00,0.00,0.00,1480.00,893170.97,0.00
5.84,0.00,0.00,456.00,5460.00,0.00,0.00,1480.00,883902.64,0.00
5.85,0.00,0.00,453.00,5463.00,0.00,0.00,1480.00,874990.66,0.00
5.85,0.00,0.00,452.00,5464.00,0.00,0.00,1480.00,866704.47,0.00
5.86,0.00,0.00,446.00,5470.00,0.00,0.00,1480.00,858238.42,0.00
5.87,0.00,0.00,441.00,5475.00,0.00,0.00,1480.00,849758.41,0.00
5.88,0.00,0.00,434.00,5482.00,0.00,0.00,1480.00,840965.18,0.00
5.88,0.00,0.00,430.00,5486.00,0.00,0.00,1480.00,832336.70,0.00
5.89,0.00,0.00,427.00,5489.00,0.00,0.00,1480.00,824008.87,0.00
5.90,0.00,0.00,424.00,5492.00,0.00,0.00,1480.00,815955.50,0.00
5.90,0.00,0.00,419.00,5497.00,0.00,0.00,1480.00,807852.22,0.00
5.91,0.00,0.00,417.00,5499.00,0.00,0.00,1480.00,800154.09,0.00
5.92,0.00,0.00,413.00,5503.00,0.00,0.00,1480.00,792525.35,0.00
5.92,0.00,0.00,412.00,5504.00,0.00,0.00,1480.00,785410.66,0.00
5.93,0.00,0.00,410.00,5506.00,0.00,0.00,1480.00,778615.03,0.00
5.94,0.00,0.00,402.00,5514.00,0.00,0.00,1480.00,771209.29,0.00
5.94,0.00,0.00,395.00,5521.00,0.00,0.00,1480.00,763396.79,0.00
5.95,0.00,0.00,393.00,5523.00,0.00,0.00,1480.00,755964.10,0.00
5.96,0.00,0.00,389.00,5527.00,0.00,0.00,1480.00,748577.71,0.00
5.97,0.00,0.00,388.00,5528.00,0.00,0.00,1480.00,741684.26,0.00
5.97,0.00,0.00,382.00,5534.00,0.00,0.00,1480.00,734489.67,0.00
5.98,0.00,0.00,380.00,5536.00,0.00,0.00,1480.00,727621.10,0.00
5.99,0.00,0.00,378.00,5538.00,0.00,0.00,1480.00,721050.15,0.00
5.99,0.00,0.00,372.00,5544.00,0.00,0.00,1480.00,714149.99,0.00
6.00,0.00,0.00,369.00,5547.00,0.00,0.00,1480.00,707399.98,0.00
6.01,0.00,0.00,366.00,5550.00,0.00,0.00,1480.00,700787.03,0.00
6.01,0.00,0.00,363.00,5553.00,0.00,0.00,1480.00,694299.22,0.00
6.02,0.00,0.00,358.00,5558.00,0.00,0.00,1480.00,687625.19,0.00
6.03,0.00,0.00,352.00,5564.00,0.00,0.00,1480.00,680630.91,0.00
6.03,0.00,0.00,349.00,5567.00,0.00,0.00,1480.00,673794.98,0.00
6.04,0.00,0.00,348.00,5568.00,0.00,0.00,1480.00,667404.06,0.00
6.05,0.00,0.00,344.00,5572.00,0.00,0.00,1480.00,660968.72,0.00
6.06,0.00,0.00,344.00,5572.00,0.00,0.00,1480.00,655093.73,0.00
6.06,0.00,0.00,339.00,5577.00,0.00,0.00,1480.00,648979.16,0.00
6.07,0.00,0.00,337.00,5579.00,0.00,0.00,1480.00,643096.57,0.00
6.08,0.00,0.00,331.00,5585.00,0.00,0.00,1480.00,636824.81,0.00
6.08,0.00,0.00,324.00,5592.00,0.00,0.00,1480.00,630047.56,0.00
6.09,0.00,0.00,319.00,5597.00,0.00,0.00,1480.00,623109.29,0.00
6.10,0.00,0.00,316.00,5600.00,0.00,0.00,1480.00,616324.48,0.00
6.10,0.00,0.00,309.00,5607.00,0.00,0.00,1480.00,609078.84,0.00
6.11,0.00,0.00,304.00,5612.00,0.00,0.00,1480.00,601712.97,0.00
6.12,0.00,0.00,298.00,5618.00,0.00,0.00,1480.00,594087.11,0.00
6.12,0.00,0.00,296.00,5620.00,0.00,0.00,1480.00,586824.81,0.00
6.13,0.00,0.00,291.00,5625.00,0.00,0.00,1480.00,579443.73,0.00
6.14,0.00,0.00,286.00,5630.00,0.00,0.00,1480.00,571954.20,0.00
6.15,0.00,0.00,283.00,5633.00,0.00,0.00,1480.00,564666.14,0.00
6.15,0.00,0.00,279.00,5637.00,0.00,0.00,1480.00,557411.77,0.00
6.16,0.00,0.00,274.00,5642.00,0.00,0.00,1480.00,550037.93,0.00
6.17,0.00,0.00,271.00,5645.00,0.00,0.00,1480.00,542855.48,0.00
6.17,0.00,0.00,268.00,5648.00,0.00,0.00,1480.00,535847.75,0.00
6.18,0.00,0.00,264.00,5652.00,0.00,0.00,1480.00,528849.30,0.00
6.19,0.00,0.00,258.00,5658.00,0.00,0.00,1480.00,521558.87,0.00
6.19,0.00,0.00,255.00,5661.00,0.00,0.00,1480.00,514452.56,0.00
6.20,0.00,0.00,250.00,5666.00,0.00,0.00,1480.00,507213.88,0.00
6.21,0.00,0.00,249.00,5667.00,0.00,0.00,1480.00,500455.29,0.00
6.22,0.00,0.00,242.00,5674.00,0.00,0.00,1480.00,493233.59,0.00
6.22,0.00,0.00,235.00,5681.00,0.00,0.00,1480.00,485589.11,0.00
6.23,0.00,0.00,234.00,5682.00,0.00,0.00,1480.00,478460.04,0.00
6.24,0.00,0.00,227.00,5689.00,0.00,0.00,1480.00,470900.13,0.00
6.24,0.00,0.00,225.00,5691.00,0.00,0.00,1480.00,463698.05,0.00
6.25,0.00,0.00,220.00,5696.00,0.00,0.00,1480.00,456371.94,0.00
6.26,0.00,0.00,218.00,5698.00,0.00,0.00,1480.00,449383.29,0.00
6.26,0.00,0.00,216.00,5700.00,0.00,0.00,1480.00,442702.72,0.00
6.27,0.00,0.00,216.00,5700.00,0.00,0.00,1480.00,436603.88,0.00
6.28,0.00,0.00,215.00,5701.00,0.00,0.00,1480.00,430885.86,0.00
6.28,0.00,0.00,212.00,5704.00,0.00,0.00,1480.00,425215.06,0.00
6.29,0.00,0.00,209.00,5707.00,0.00,0.00,1480.00,419587.35,0.00
6.30,0.00,0.00,205.00,5711.00,0.00,0.00,1480.00,413848.75,0.00
6.31,0.00,0.00,202.00,5714.00,0.00,0.00,1480.00,408159.16,0.00
6.31,0.00,0.00,199.00,5717.00,0.00,0.00,1480.00,402514.29,0.00
6.32,0.00,0.00,195.00,5721.00,0.00,0.00,1480.00,396760.04,0.00
6.33,0.00,0.00,194.00,5722.00,0.00,0.00,1480.00,391356.61,0.00
6.33,0.00,0.00,193.00,5723.00,0.00,0.00,1480.00,386273.46,0.00
6.34,0.00,0.00,190.00,5726.00,0.00,0.00,1480.00,381182.24,0.00
6.35,0.00,0.00,190.00,5726.00,0.00,0.00,1480.00,376534.34,0.00
6.35,0.00,0.00,190.00,5726.00,0.00,0.00,1480.00,372291.16,0.00
6.36,0.00,0.00,186.00,5730.00,0.00,0.00,1480.00,367816.54,0.00
6.37,0.00,0.00,186.00,5730.00,0.00,0.00,1480.00,363731.54,0.00
6.38,0.00,0.00,182.00,5734.00,0.00,0.00,1480.00,359401.33,0.00
6.38,0.00,0.00,175.00,5741.00,0.00,0.00,1480.00,354396.56,0.00
6.39,0.00,0.00,173.00,5743.00,0.00,0.00,1480.00,349527.12,0.00
6.40,0.00,0.00,171.00,5745.00,0.00,0.00,1480.00,344781.23,0.00
6.40,0.00,0.00,170.00,5746.00,0.00,0.00,1480.00,340298.36,0.00
6.41,0.00,0.00,169.00,5747.00,0.00,0.00,1480.00,336055.61,0.00
6.42,0.00,0.00,164.00,5752.00,0.00,0.00,1480.00,331431.14,0.00
6.42,0.00,0.00,162.00,5754.00,0.00,0.00,1480.00,326908.90,0.00
6.43,0.00,0.00,161.00,5755.00,0.00,0.00,1480.00,322630.20,0.00
6.44,0.00,0.00,160.00,5756.00,0.00,0.00,1480.00,318573.84,0.00
6.44,0.00,0.00,158.00,5758.00,0.00,0.00,1480.00,314570.23,0.00
6.45,0.00,0.00,155.00,5761.00,0.00,0.00,1480.00,310464.55,0.00
6.46,0.00,0.00,154.00,5762.00,0.00,0.00,1480.00,306566.14,0.00
6.47,0.00,0.00,150.00,5766.00,0.00,0.00,1480.00,302406.26,0.00
6.47,0.00,0.00,148.00,5768.00,0.00,0.00,1480.00,298308.15,0.00
6.48,0.00,0.00,147.00,5769.00,0.00,0.00,1480.00,294416.65,0.00
6.49,0.00,0.00,142.00,5774.00,0.00,0.00,1480.00,290112.86,0.00
6.49,0.00,0.00,141.00,5775.00,0.00,0.00,1480.00,286033.59,0.00
6.50,0.00,0.00,137.00,5779.00,0.00,0.00,1480.00,281708.60,0.00
6.51,0.00,0.00,135.00,5781.00,0.00,0.00,1480.00,277459.75,0.00
6.51,0.00,0.00,133.00,5783.00,0.00,0.00,1480.00,273280.41,0.00
6.52,0.00,0.00,132.00,5784.00,0.00,0.00,1480.00,269314.76,0.00
6.53,0.00,0.00,128.00,5788.00,0.00,0.00,1480.00,265093.50,0.00
6.53,0.00,0.00,127.00,5789.00,0.00,0.00,1480.00,261089.58,0.00
6.54,0.00,0.00,124.00,5792.00,0.00,0.00,1480.00,256983.61,0.00
6.55,0.00,0.00,123.00,5793.00,0.00,0.00,1480.00,253084.94,0.00
6.56,0.00,0.00,119.00,5797.00,0.00,0.00,1480.00,248924.82,0.00
6.56,0.00,0.00,118.00,5798.00,0.00,0.00,1480.00,244976.72,0.00
6.57,0.00,0.00,117.00,5799.00,0.00,0.00,1480.00,241222.18,0.00
6.58,0.00,0.00,114.00,5802.00,0.00,0.00,1480.00,237343.87,0.00
6.58,0.00,0.00,112.00,5804.00,0.00,0.00,1480.00,233502.81,0.00
6.59,0.00,0.00,110.00,5806.00,0.00,0.00,1480.00,229695.74,0.00
6.60,0.00,0.00,108.00,5808.00,0.00,0.00,1480.00,225919.72,0.00
6.60,0.00,0.00,106.00,5810.00,0.00,0.00,1480.00,222172.04,0.00
6.61,0.00,0.00,104.00,5812.00,0.00,0.00,1480.00,218450.23,0.00
6.62,0.00,0.00,103.00,5813.00,0.00,0.00,1480.00,214902.27,0.00
6.62,0.00,0.00,102.00,5814.00,0.00,0.00,1480.00,211513.02,0.00
6.63,0.00,0.00,100.00,5816.00,0.00,0.00,1480.00,208118.43,0.00
6.64,0.00,0.00,97.00,5819.00,0.00,0.00,1480.00,204568.73,0.00
6.65,0.00,0.00,96.00,5820.00,0.00,0.00,1480.00,201177.90,0.00
6.65,0.00,0.00,94.00,5822.00,0.00,0.00,1480.00,197781.86,0.00
6.66,0.00,0.00,94.00,5822.00,0.00,0.00,1480.00,194681.54,0.00
6.67,0.00,0.00,90.00,5826.00,0.00,0.00,1480.00,191250.26,0.00
6.67,0.00,0.00,88.00,5828.00,0.00,0.00,1480.00,187817.29,0.00
6.68,0.00,0.00,87.00,5829.00,0.00,0.00,1480.00,184533.02,0.00
6.69,0.00,0.00,84.00,5832.00,0.00,0.00,1480.00,181084.05,0.00
6.69,0.00,0.00,82.00,5834.00,0.00,0.00,1480.00,177634.93,0.00
6.70,0.00,0.00,79.00,5837.00,0.00,0.00,1480.00,174035.45,0.00
6.71,0.00,0.00,78.00,5838.00,0.00,0.00,1480.00,170599.17,0.00
6.72,0.00,0.00,77.00,5839.00,0.00,0.00,1480.00,167311.88,0.00
6.72,0.00,0.00,77.00,5839.00,0.00,0.00,1480.00,164310.83,0.00
6.73,0.00,0.00,76.00,5840.00,0.00,0.00,1480.00,161420.87,0.00
6.74,0.00,0.00,75.00,5841.00,0.00,0.00,1480.00,158632.32,0.00
6.74,0.00,0.00,71.00,5845.00,0.00,0.00,1480.00,155485.67,0.00
6.75,0.00,0.00,69.00,5847.00,0.00,0.00,1480.00,152312.55,0.00
6.76,0.00,0.00,69.00,5847.00,0.00,0.00,1480.00,149415.73,0.00
6.76,0.00,0.00,66.00,5850.00,0.00,0.00,1480.00,146320.46,0.00
6.77,0.00,0.00,66.00,5850.00,0.00,0.00,1480.00,143494.72,0.00
6.78,0.00,0.00,63.00,5853.00,0.00,0.00,1480.00,140464.34,0.00
6.78,0.00,0.00,61.00,5855.00,0.00,0.00,1480.00,137397.36,0.00
6.79,0.00,0.00,61.00,5855.00,0.00,0.00,1480.00,134597.45,0.00
6.80,0.00,0.00,59.00,5857.00,0.00,0.00,1480.00,131740.88,0.00
6.81,0.00,0.00,57.00,5859.00,0.00,0.00,1480.00,128832.59,0.00
6.81,0.00,0.00,56.00,5860.00,0.00,0.00,1480.00,126027.31,0.00
6.82,0.00,0.00,55.00,5861.00,0.00,0.00,1480.00,123316.07,0.00
6.83,0.00,0.00,52.00,5864.00,0.00,0.00,1480.00,120390.22,0.00
6.83,0.00,0.00,49.00,5867.00,0.00,0.00,1480.00,117268.45,0.00
6.84,0.00,0.00,49.00,5867.00,0.00,0.00,1480.00,114418.51,0.00
6.85,0.00,0.00,46.00,5870.00,0.00,0.00,1480.00,111366.03,0.00
6.85,0.00,0.00,46.00,5870.00,0.00,0.00,1480.00,108579.36,0.00
6.86,0.00,0.00,46.00,5870.00,0.00,0.00,1480.00,106035.33,0.00
6.87,0.00,0.00,46.00,5870.00,0.00,0.00,1480.00,103712.83,0.00
6.88,0.00,0.00,46.00,5870.00,0.00,0.00,1480.00,101592.57,0.00
6.88,0.00,0.00,44.00,5872.00,0.00,0.00,1480.00,99356.47,0.00
6.89,0.00,0.00,43.00,5873.00,0.00,0.00,1480.00,97164.84,0.00
6.90,0.00,0.00,43.00,5873.00,0.00,0.00,1480.00,95164.06,0.00
6.90,0.00,0.00,43.00,5873.00,0.00,0.00,1480.00,93337.49,0.00
6.91,0.00,0.00,41.00,5875.00,0.00,0.00,1480.00,91369.51,0.00
6.92,0.00,0.00,40.00,5876.00,0.00,0.00,1480.00,89422.67,0.00
6.92,0.00,0.00,40.00,5876.00,0.00,0.00,1480.00,87645.35,0.00
6.93,0.00,0.00,38.00,5878.00,0.00,0.00,1480.00,85722.33,0.00
6.94,0.00,0.00,35.00,5881.00,0.00,0.00,1480.00,83516.06,0.00
6.94,0.00,0.00,34.00,5882.00,0.00,0.00,1480.00,81351.67,0.00
6.95,0.00,0.00,33.00,5883.00,0.00,0.00,1480.00,79225.52,0.00
6.96,0.00,0.00,33.00,5883.00,0.00,0.00,1480.00,77284.51,0.00
6.97,0.00,0.00,33.00,5883.00,0.00,0.00,1480.00,75512.51,0.00
6.97,0.00,0.00,33.00,5883.00,0.00,0.00,1480.00,73894.81,0.00
6.98,0.00,0.00,33.00,5883.00,0.00,0.00,1480.00,72417.98,0.00
6.99,0.00,0.00,32.00,5884.00,0.00,0.00,1480.00,70919.51,0.00
6.99,0.00,0.00,30.00,5886.00,0.00,0.00,1480.00,69251.05,0.00
7.00,0.00,0.00,27.00,5889.00,0.00,0.00,1480.00,67277.19,0.00
7.01,0.00,0.00,27.00,5889.00,0.00,0.00,1480.00,65475.20,0.00
7.01,0.00,0.00,27.00,5889.00,0.00,0.00,1480.00,63830.12,0.00
7.02,0.00,0.00,27.00,5889.00,0.00,0.00,1480.00,62328.29,0.00
7.03,0.00,0.00,26.00,5890.00,0.00,0.00,1480.00,60807.00,0.00
7.03,0.00,0.00,26.00,5890.00,0.00,0.00,1480.00,59418.18,0.00
7.04,0.00,0.00,25.00,5891.00,0.00,0.00,1480.00,58000.06,0.00
7.05,0.00,0.00,25.00,5891.00,0.00,0.00,1480.00,56705.43,0.00
7.06,0.00,0.00,24.00,5892.00,0.00,0.00,1480.00,55373.30,0.00
7.06,0.00,0.00,23.00,5893.00,0.00,0.00,1480.00,54006.93,0.00
7.07,0.00,0.00,23.00,5893.00,0.00,0.00,1480.00,52759.54,0.00
7.08,0.00,0.00,22.00,5894.00,0.00,0.00,1480.00,51470.53,0.00
7.08,0.00,0.00,22.00,5894.00,0.00,0.00,1480.00,50293.77,0.00
7.09,0.00,0.00,21.00,5895.00,0.00,0.00,1480.00,49069.24,0.00
7.10,0.00,0.00,20.00,5896.00,0.00,0.00,1480.00,47801.11,0.00
7.10,0.00,0.00,19.00,5897.00,0.00,0.00,1480.00,46493.17,0.00
7.11,0.00,0.00,19.00,5897.00,0.00,0.00,1480.00,45299.13,0.00
7.12,0.00,0.00,19.00,5897.00,0.00,0.00,1480.00,44209.05,0.00
7.12,0.00,0.00,19.00,5897.00,0.00,0.00,1480.00,43213.90,0.00
7.13,0.00,0.00,18.00,5898.00,0.00,0.00,1480.00,42155.16,0.00
7.14,0.00,0.00,18.00,5898.00,0.00,0.00,1480.00,41188.62,0.00
7.15,0.00,0.00,18.00,5898.00,0.00,0.00,1480.00,40306.24,0.00
7.15,0.00,0.00,17.00,5899.00,0.00,0.00,1480.00,39350.47,0.00
7.16,0.00,0.00,16.00,5900.00,0.00,0.00,1480.00,38327.68,0.00
7.17,0.00,0.00,16.00,5900.00,0.00,0.00,1480.00,37393.96,0.00
7.17,0.00,0.00,16.00,5900.00,0.00,0.00,1480.00,36541.54,0.00
7.18,0.00,0.00,16.00,5900.00,0.00,0.00,1480.00,35763.35,0.00
7.19,0.00,0.00,16.00,5900.00,0.00,0.00,1480.00,35052.92,0.00
7.19,0.00,0.00,15.00,5901.00,0.00,0.00,1480.00,34254.12,0.00
7.20,0.00,0.00,15.00,5901.00,0.00,0.00,1480.00,33524.87,0.00
7.21,0.00,0.00,14.00,5902.00,0.00,0.00,1480.00,32708.90,0.00
7.22,0.00,0.00,14.00,5902.00,0.00,0.00,1480.00,31963.97,0.00
7.22,0.00,0.00,14.00,5902.00,0.00,0.00,1480.00,31283.92,0.00
7.23,0.00,0.00,14.00,5902.00,0.00,0.00,1480.00,30663.07,0.00
7.24,0.00,0.00,12.00,5904.00,0.00,0.00,1480.00,29795.83,0.00
7.24,0.00,0.00,12.00,5904.00,0.00,0.00,1480.00,29004.10,0.00
7.25,0.00,0.00,11.00,5905.00,0.00,0.00,1480.00,28131.08,0.00
7.26,0.00,0.00,11.00,5905.00,0.00,0.00,1480.00,27334.08,0.00
7.26,0.00,0.00,10.00,5906.00,0.00,0.00,1480.00,26456.25,0.00
7.27,0.00,0.00,10.00,5906.00,0.00,0.00,1480.00,25654.86,0.00
7.28,0.00,0.00,10.00,5906.00,0.00,0.00,1480.00,24923.25,0.00
7.28,0.00,0.00,10.00,5906.00,0.00,0.00,1480.00,24255.34,0.00
7.29,0.00,0.00,10.00,5906.00,0.00,0.00,1480.00,23645.60,0.00
7.30,0.00,0.00,10.00,5906.00,0.00,0.00,1480.00,23088.94,0.00
7.31,0.00,0.00,10.00,5906.00,0.00,0.00,1480.00,22580.76,0.00
7.31,0.00,0.00,9.00,5907.00,0.00,0.00,1480.00,21966.60,0.00
7.32,0.00,0.00,9.00,5907.00,0.00,0.00,1480.00,21405.92,0.00
7.33,0.00,0.00,9.00,5907.00,0.00,0.00,1480.00,20894.06,0.00
7.33,0.00,0.00,8.00,5908.00,0.00,0.00,1480.00,20276.53,0.00
7.34,0.00,0.00,8.00,5908.00,0.00,0.00,1480.00,19712.78,0.00
7.35,0.00,0.00,8.00,5908.00,0.00,0.00,1480.00,19198.12,0.00
7.35,0.00,0.00,8.00,5908.00,0.00,0.00,1480.00,18728.28,0.00
7.36,0.00,0.00,8.00,5908.00,0.00,0.00,1480.00,18299.34,0.00
7.37,0.00,0.00,8.00,5908.00,0.00,0.00,1480.00,17907.76,0.00
7.38,0.00,0.00,8.00,5908.00,0.00,0.00,1480.00,17550.27,0.00
7.38,0.00,0.00,8.00,5908.00,0.00,0.00,1480.00,17223.91,0.00
7.39,0.00,0.00,8.00,5908.00,0.00,0.00,1480.00,16925.97,0.00
7.40,0.00,0.00,8.00,5908.00,0.00,0.00,1480.00,16653.98,0.00
7.40,0.00,0.00,8.00,5908.00,0.00,0.00,1480.00,16405.66,0.00
7.41,0.00,0.00,8.00,5908.00,0.00,0.00,1480.00,16178.97,0.00
7.42,0.00,0.00,8.00,5908.00,0.00,0.00,1480.00,15972.02,0.00
7.42,0.00,0.00,8.00,5908.00,0.00,0.00,1480.00,15783.09,0.00
7.43,0.00,0.00,8.00,5908.00,0.00,0.00,1480.00,15610.61,0.00
7.44,0.00,0.00,8.00,5908.00,0.00,0.00,1480.00,15453.15,0.00
7.44,0.00,0.00,7.00,5909.00,0.00,0.00,1480.00,15159.17,0.00
7.45,0.00,0.00,7.00,5909.00,0.00,0.00,1480.00,14890.79,0.00
7.46,0.00,0.00,6.00,5910.00,0.00,0.00,1480.00,14495.55,0.00
7.47,0.00,0.00,5.00,5911.00,0.00,0.00,1480.00,13984.49,0.00
7.47,0.00,0.00,5.00,5911.00,0.00,0.00,1480.00,13517.93,0.00
7.48,0.00,0.00,5.00,5911.00,0.00,0.00,1480.00,13092.00,0.00
7.49,0.00,0.00,5.00,5911.00,0.00,0.00,1480.00,12703.16,0.00
7.49,0.00,0.00,5.00,5911.00,0.00,0.00,1480.00,12348.17,0.00
7.50,0.00,0.00,5.00,5911.00,0.00,0.00,1480.00,12024.10,0.00
7.51,0.00,0.00,5.00,5911.00,0.00,0.00,1480.00,11728.24,0.00
7.51,0.00,0.00,5.00,5911.00,0.00,0.00,1480.00,11458.15,0.00
7.52,0.00,0.00,5.00,5911.00,0.00,0.00,1480.00,11211.58,0.00
7.53,0.00,0.00,4.00,5912.00,0.00,0.00,1480.00,10836.24,0.00
7.53,0.00,0.00,4.00,5912.00,0.00,0.00,1480.00,10493.59,0.00
7.54,0.00,0.00,4.00,5912.00,0.00,0.00,1480.00,10180.77,0.00
7.55,0.00,0.00,4.00,5912.00,0.00,0.00,1480.00,9895.20,0.00
7.56,0.00,0.00,4.00,5912.00,0.00,0.00,1480.00,9634.49,0.00
7.56,0.00,0.00,4.00,5912.00,0.00,0.00,1480.00,9396.48,0.00
7.57,0.00,0.00,4.00,5912.00,0.00,0.00,1480.00,9179.20,0.00
7.58,0.00,0.00,4.00,5912.00,0.00,0.00,1480.00,8980.83,0.00
7.58,0.00,0.00,4.00,5912.00,0.00,0.00,1480.00,8799.74,0.00
7.59,0.00,0.00,4.00,5912.00,0.00,0.00,1480.00,8634.42,0.00
7.60,0.00,0.00,4.00,5912.00,0.00,0.00,1480.00,8483.50,0.00
7.60,0.00,0.00,4.00,5912.00,0.00,0.00,1480.00,8345.71,0.00
7.61,0.00,0.00,4.00,5912.00,0.00,0.00,1480.00,8219.92,0.00
7.62,0.00,0.00,3.00,5913.00,0.00,0.00,1480.00,7954.86,0.00
7.62,0.00,0.00,3.00,5913.00,0.00,0.00,1480.00,7712.88,0.00
7.63,0.00,0.00,3.00,5913.00,0.00,0.00,1480.00,7491.96,0.00
7.64,0.00,0.00,3.00,5913.00,0.00,0.00,1480.00,7290.29,0.00
7.65,0.00,0.00,3.00,5913.00,0.00,0.00,1480.00,7106.17,0.00
7.65,0.00,0.00,3.00,5913.00,0.00,0.00,1480.00,6938.09,0.00
7.66,0.00,0.00,3.00,5913.00,0.00,0.00,1480.00,6784.64,0.00
7.67,0.00,0.00,3.00,5913.00,0.00,0.00,1480.00,6644.55,0.00
7.67,0.00,0.00,3.00,5913.00,0.00,0.00,1480.00,6516.67,0.00
7.68,0.00,0.00,3.00,5913.00,0.00,0.00,1480.00,6399.91,0.00
7.69,0.00,0.00,2.00,5914.00,0.00,0.00,1480.00,6143.10,0.00
7.69,0.00,0.00,2.00,5914.00,0.00,0.00,1480.00,5908.64,0.00
7.70,0.00,0.00,2.00,5914.00,0.00,0.00,1480.00,5694.60,0.00
7.71,0.00,0.00,2.00,5914.00,0.00,0.00,1480.00,5499.20,0.00
7.72,0.00,0.00,2.00,5914.00,0.00,0.00,1480.00,5320.82,0.00
7.72,0.00,0.00,2.00,5914.00,0.00,0.00,1480.00,5157.96,0.00
7.73,0.00,0.00,2.00,5914.00,0.00,0.00,1480.00,5009.29,0.00
7.74,0.00,0.00,1.00,5915.00,0.00,0.00,1480.00,4723.33,0.00
7.74,0.00,0.00,1.00,5915.00,0.00,0.00,1480.00,4462.28,0.00
7.75,0.00,0.00,1.00,5915.00,0.00,0.00,1480.00,4223.95,0.00
7.76,0.00,0.00,1.00,5915.00,0.00,0.00,1480.00,4006.38,0.00
7.76,0.00,0.00,1.00,5915.00,0.00,0.00,1480.00,3807.75,0.00
7.77,0.00,0.00,1.00,5915.00,0.00,0.00,1480.00,3626.41,0.00
7.78,0.00,0.00,1.00,5915.00,0.00,0.00,1480.00,3460.87,0.00
7.78,0.00,0.00,1.00,5915.00,0.00,0.00,1480.00,3309.74,0.00
7.79,0.00,0.00,1.00,5915.00,0.00,0.00,1480.00,3171.78,0.00
7.80,0.00,0.00,1.00,5915.00,0.00,0.00,1480.00,3045.82,0.00
7.81,0.00,0.00,1.00,5915.00,0.00,0.00,1480.00,2930.83,0.00
7.81,0.00,0.00,1.00,5915.00,0.00,0.00,1480.00,2825.86,0.00
7.82,0.00,0.00,1.00,5915.00,0.00,0.00,1480.00,2730.03,0.00
7.83,0.00,0.00,1.00,5915.00,0.00,0.00,1480.00,2642.54,0.00
7.83,0.00,0.00,1.00,5915.00,0.00,0.00,1480.00,2562.67,0.00
7.84,0.00,0.00,1.00,5915.00,0.00,0.00,1480.00,2489.75,0.00
7.85,0.00,0.00,1.00,5915.00,0.00,0.00,1480.00,2423.19,0.00
7.85,0.00,0.00,1.00,5915.00,0.00,0.00,1480.00,2362.42,0.00
7.86,0.00,0.00,1.00,5915.00,0.00,0.00,1480.00,2306.94,0.00
7.87,0.00,0.00,0.00,5916.00,0.00,0.00,1480.00,2106.06,0.00
7.88,0.00,0.00,0.00,5916.00,0.00,0.00,1480.00,1922.67,0.00
7.88,0.00,0.00,0.00,5916.00,0.00,0.00,1480.00,1755.25,0.00
7.89,0.00,0.00,0.00,5916.00,0.00,0.00,1480.00,1602.41,0.00
7.90,0.00,0.00,0.00,5916.00,0.00,0.00,1480.00,1462.88,0.00
7.90,0.00,0.00,0.00,5916.00,0.00,0.00,1480.00,1335.50,0.00
7.91,0.00,0.00,0.00,5916.00,0.00,0.00,1480.00,1219.21,0.00
7.92,0.00,0.00,0.00,5916.00,0.00,0.00,1480.00,1113.04,0.00
7.92,0.00,0.00,0.00,5916.00,0.00,0.00,1480.00,1016.12,0.00
7.93,0.00,0.00,0.00,5916.00,0.00,0.00,1480.00,927.64,0.00
7.94,0.00,0.00,0.00,5916.00,0.00,0.00,1480.00,846.87,0.00
7.94,0.00,0.00,0.00,5916.00,0.00,0.00,1480.00,773.13,0.00
7.95,0.00,0.00,0.00,5916.00,0.00,0.00,1480.00,705.81,0.00
7.96,0.00,0.00,0.00,5916.00,0.00,0.00,1480.00,644.35,0.00
7.97,0.00,0.00,0.00,5916.00,0.00,0.00,1480.00,588.24,0.00
7.97,0.00,0.00,0.00,5916.00,0.00,0.00,1480.00,537.02,0.00
7.98,0.00,0.00,0.00,5916.00,0.00,0.00,1480.00,490.26,0.00
7.99,0.00,0.00,0.00,5916.00,0.00,0.00,1480.00,447.57,0.00
7.99,0.00,0.00,0.00,5916.00,0.00,0.00,1480.00,408.59,0.00
8.00,0.00,0.00,0.00,5916.00,0.00,0.00,1480.00,373.02,0.00
8.01,0.00,0.00,0.00,5916.00,0.00,0.00,1480.00,340.54,0.00
8.01,0.00,0.00,0.00,5916.00,0.00,0.00,1480.00,310.88,0.00
8.02,0.00,0.00,0.00,5916.00,0.00,0.00,1480.00,283.81,0.00
8.03,0.00,0.00,0.00,5916.00,0.00,0.00,1480.00,259.10,0.00
8.03,0.00,0.00,0.00,5916.00,0.00,0.00,1480.00,236.54,0.00
8.04,0.00,0.00,0.00,5916.00,0.00,0.00,1480.00,215.94,0.00
8.05,0.00,0.00,0.00,5916.00,0.00,0.00,1480.00,197.14,0.00
8.06,0.00,0.00,0.00,5916.00,0.00,0.00,1480.00,179.97,0.00
8.06,0.00,0.00,0.00,5916.00,0.00,0.00,1480.00,164.30,0.00
8.07,0.00,0.00,0.00,5916.00,0.00,0.00,1480.00,149.99,0.00
8.08,0.00,0.00,0.00,5916.00,0.00,0.00,1480.00,136.93,0.00
8.08,0.00,0.00,0.00,5916.00,0.00,0.00,1480.00,125.01,0.00
8.09,0.00,0.00,0.00,5916.00,0.00,0.00,1480.00,114.12,0.00
8.10,0.00,0.00,0.00,5916.00,0.00,0.00,1480.00,104.19,0.00
8.10,0.00,0.00,0.00,5916.00,0.00,0.00,1480.00,95.11,0.00
8.11,0.00,0.00,0.00,5916.00,0.00,0.00,1480.00,86.83,0.00
8.12,0.00,0.00,0.00,5916.00,0.00,0.00,1480.00,79.27,0.00
8.12,0.00,0.00,0.00,5916.00,0.00,0.00,1480.00,72.37,0.00
8.13,0.00,0.00,0.00,5916.00,0.00,0.00,1480.00,66.07,0.00
8.14,0.00,0.00,0.00,5916.00,0.00,0.00,1480.00,60.31,0.00
8.15,0.00,0.00,0.00,5916.00,0.00,0.00,1480.00,55.06,0.00
8.15,0.00,0.00,0.00,5916.00,0.00,0.00,1480.00,50.27,0.00
8.16,0.00,0.00,0.00,5916.00,0.00,0.00,1480.00,45.89,0.00
8.17,0.00,0.00,0.00,5916.00,0.00,0.00,1480.00,41.89,0.00
8.17,0.00,0.00,0.00,5916.00,0.00,0.00,1480.00,38.25,0.00
8.18,0.00,0.00,0.00,5916.00,0.00,0.00,1480.00,34.92,0.00
8.19,0.00,0.00,0.00,5916.00,0.00,0.00,1480.00,31.88,0.00
8.19,0.00,0.00,0.00,5916.00,0.00,0.00,1480.00,29.10,0.00
8.20,0.00,0.00,0.00,5916.00,0.00,0.00,1480.00,26.57,0.00
8.21,0.00,0.00,0.00,5916.00,0.00,0.00,1480.00,24.25,0.00
8.22,0.00,0.00,0.00,5916.00,0.00,0.00,1480.00,22.14,0.00
8.22,0.00,0.00,0.00,5916.00,0.00,0.00,1480.00,20.21,0.00
8.23,0.00,0.00,0.00,5916.00,0.00,0.00,1480.00,18.45,0.00
8.24,0.00,0.00,0.00,5916.00,0.00,0.00,1480.00,16.85,0.00
8.24,0.00,0.00,0.00,5916.00,0.00,0.00,1480.00,15.38,0.00
8.25,0.00,0.00,0.00,5916.00,0.00,0.00,1480.00,14.04,0.00
8.26,0.00,0.00,0.00,5916.00,0.00,0.00,1480.00,12.82,0.00
8.26,0.00,0.00,0.00,5916.00,0.00,0.00,1480.00,11.70,0.00
8.27,0.00,0.00,0.00,5916.00,0.00,0.00,1480.00,10.68,0.00
8.28,0.00,0.00,0.00,5916.00,0.00,0.00,1480.00,9.75,0.00
8.28,0.00,0.00,0.00,5916.00,0.00,0.00,1480.00,8.90,0.00
8.29,0.00,0.00,0.00,5916.00,0.00,0.00,1480.00,8.13,0.00
8.30,0.00,0.00,0.00,5916.00,0.00,0.00,1480.00,7.42,0.00
8.31,0.00,0.00,0.00,5916.00,0.00,0.00,1480.00,6.77,0.00
8.31,0.00,0.00,0.00,5916.00,0.00,0.00,1480.00,6.18,0.00
8.32,0.00,0.00,0.00,5916.00,0.00,0.00,1480.00,5.65,0.00
8.33,0.00,0.00,0.00,5916.00,0.00,0.00,1480.00,5.15,0.00
8.33,0.00,0.00,0.00,5916.00,0.00,0.00,1480.00,4.71,0.00
8.34,0.00,0.00,0.00,5916.00,0.00,0.00,1480.00,4.30,0.00
8.35,0.00,0.00,0.00,5916.00,0.00,0.00,1480.00,3.92,0.00
8.35,0.00,0.00,0.00,5916.00,0.00,0.00,1480.00,3.58,0.00
8.36,0.00,0.00,0.00,5916.00,0.00,0.00,1480.00,3.27,0.00
8.37,0.00,0.00,0.00,5916.00,0.00,0.00,1480.00,2.98,0.00
8.38,0.00,0.00,0.00,5916.00,0.00,0.00,1480.00,2.72,0.00
8.38,0.00,0.00,0.00,5916.00,0.00,0.00,1480.00,2.49,0.00
8.39,0.00,0.00,0.00,5916.00,0.00,0.00,1480.00,2.27,0.00
8.40,0.00,0.00,0.00,5916.00,0.00,0.00,1480.00,2.07,0.00
8.40,0.00,0.00,0.00,5916.00,0.00,0.00,1480.00,1.89,0.00
8.41,0.00,0.00,0.00,5916.00,0.00,0.00,1480.00,1.73,0.00
8.42,0.00,0.00,0.00,5916.00,0.00,0.00,1480.00,1.58,0.00
8.42,0.00,0.00,0.00,5916.00,0.00,0.00,1480.00,1.44,0.00
8.43,0.00,0.00,0.00,5916.00,0.00,0.00,1480.00,1.31,0.00
8.44,0.00,0.00,0.00,5916.00,0.00,0.00,1480.00,1.20,0.00
8.44,0.00,0.00,0.00,5916.00,0.00,0.00,1480.00,1.10,0.00
8.45,0.00,0.00,0.00,5916.00,0.00,0.00,1480.00,1.00,0.00
8.46,0.00,0.00,0.00,5916.00,0.00,0.00,1480.00,0.91,0.00
8.47,0.00,0.00,0.00,5916.00,0.00,0.00,1480.00,0.83,0.00
8.47,0.00,0.00,0.00,5916.00,0.00,0.00,1480.00,0.76,0.00
8.48,0.00,0.00,0.00,5916.00,0.00,0.00,1480.00,0.69,0.00
8.49,0.00,0.00,0.00,5916.00,0.00,0.00,1480.00,0.63,0.00
8.49,0.00,0.00,0.00,5916.00,0.00,0.00,1480.00,0.58,0.00
8.50,0.00,0.00,0.00,5916.00,0.00,0.00,1480.00,0.53,0.00
8.51,0.00,0.00,0.00,5916.00,0.00,0.00,1480.00,0.48,0.00
8.51,0.00,0.00,0.00,5916.00,0.00,0.00,1480.00,0.44,0.00
8.52,0.00,0.00,0.00,5916.00,0.00,0.00,1480.00,0.40,0.00
8.53,0.00,0.00,0.00,5916.00,0.00,0.00,1480.00,0.37,0.00
8.53,0.00,0.00,0.00,5916.00,0.00,0.00,1480.00,0.34,0.00
8.54,0.00,0.00,0.00,5916.00,0.00,0.00,1480.00,0.31,0.00
8.55,0.00,0.00,0.00,5916.00,0.00,0.00,1480.00,0.28,0.00
8.56,0.00,0.00,0.00,5916.00,0.00,0.00,1480.00,0.25,0.00
8.56,0.00,0.00,0.00,5916.00,0.00,0.00,1480.00,0.23,0.00
8.57,0.00,0.00,0.00,5916.00,0.00,0.00,1480.00,0.21,0.00
8.58,0.00,0.00,0.00,5916.00,0.00,0.00,1480.00,0.19,0.00
8.58,0.00,0.00,0.00,5916.00,0.00,0.00,1480.00,0.18,0.00
8.59,0.00,0.00,0.00,5916.00,0.00,0.00,1480.00,0.16,0.00
8.60,0.00,0.00,0.00,5916.00,0.00,0.00,1480.00,0.15,0.00
8.60,0.00,0.00,0.00,5916.00,0.00,0.00,1480.00,0.13,0.00
8.61,0.00,0.00,0.00,5916.00,0.00,0.00,1480.00,0.12,0.00
8.62,0.00,0.00,0.00,5916.00,0.00,0.00,1480.00,0.11,0.00
8.62,0.00,0.00,0.00,5916.00,0.00,0.00,1480.00,0.10,0.00
8.63,0.00,0.00,0.00,5916.00,0.00,0.00,1480.00,0.09,0.00
8.64,0.00,0.00,0.00,5916.00,0.00,0.00,1480.00,0.09,0.00
8.65,0.00,0.00,0.00,5916.00,0.00,0.00,1480.00,0.08,0.00
8.65,0.00,0.00,0.00,5916.00,0.00,0.00,1480.00,0.07,0.00
8.66,0.00,0.00,0.00,5916.00,0.00,0.00,1480.00,0.07,0.00
8.67,0.00,0.00,0.00,5916.00,0.00,0.00,1480.00,0.06,0.00
8.67,0.00,0.00,0.00,5916.00,0.00,0.00,1480.00,0.05,0.00
8.68,0.00,0.00,0.00,5916.00,0.00,0.00,1480.00,0.05,0.00
8.69,0.00,0.00,0.00,5916.00,0.00,0.00,1480.00,0.05,0.00
8.69,0.00,0.00,0.00,5916.00,0.00,0.00,1480.00,0.04,0.00
8.70,0.00,0.00,0.00,5916.00,0.00,0.00,1480.00,0.04,0.00
8.71,0.00,0.00,0.00,5916.00,0.00,0.00,1480.00,0.03,0.00
8.72,0.00,0.00,0.00,5916.00,0.00,0.00,1480.00,0.03,0.00
8.72,0.00,0.00,0.00,5916.00,0.00,0.00,1480.00,0.03,0.00
8.73,0.00,0.00,0.00,5916.00,0.00,0.00,1480.00,0.03,0.00
8.74,0.00,0.00,0.00,5916.00,0.00,0.00,1480.00,0.02,0.00
8.74,0.00,0.00,0.00,5916.00,0.00,0.00,1480.00,0.02,0.00
8.75,0.00,0.00,0.00,5916.00,0.00,0.00,1480.00,0.02,0.00
8.76,0.00,0.00,0.00,5916.00,0.00,0.00,1480.00,0.02,0.00
8.76,0.00,0.00,0.00,5916.00,0.00,0.00,1480.00,0.02,0.00
8.77,0.00,0.00,0.00,5916.00,0.00,0.00,1480.00,0.02,0.00
8.78,0.00,0.00,0.00,5916.00,0.00,0.00,1480.00,0.01,0.00
8.78,0.00,0.00,0.00,5916.00,0.00,0.00,1480.00,0.01,0.00
8.79,0.00,0.00,0.00,5916.00,0.00,0.00,1480.00,0.01,0.00
8.80,0.00,0.00,0.00,5916.00,0.00,0.00,1480.00,0.01,0.00
8.81,0.00,0.00,0.00,5916.00,0.00,0.00,1480.00,0.01,0.00
8.81,0.00,0.00,0.00,5916.00,0.00,0.00,1480.00,0.01,0.00
8.82,0.00,0.00,0.00,5916.00,0.00,0.00,1480.00,0.01,0.00
8.83,0.00,0.00,0.00,5916.00,0.00,0.00,1480.00,0.01,0.00
8.83,0.00,0.00,0.00,5916.00,0.00,0.00,1480.00,0.01,0.00
8.84,0.00,0.00,0.00,5916.00,0.00,0.00,1480.00,0.01,0.00
8.85,0.00,0.00,0.00,5916.00,0.00,0.00,1480.00,0.01,0.00
8.85,0.00,0.00,0.00,5916.00,0.00,0.00,1480.00,0.01,0.00
8.86,0.00,0.00,0.00,5916.00,0.00,0.00,1480.00,0.00,0.00
8.87,0.00,0.00,0.00,5916.00,0.00,0.00,1480.00,0.00,0.00
8.88,0.00,0.00,0.00,5916.00,0.00,0.00,1480.00,0.00,0.00
8.88,0.00,0.00,0.00,5916.00,0.00,0.00,1480.00,0.00,0.00
8.89,0.00,0.00,0.00,5916.00,0.00,0.00,1480.00,0.00,0.00
8.90,0.00,0.00,0.00,5916.00,0.00,0.00,1480.00,0.00,0.00
8.90,0.00,0.00,0.00,5916.00,0.00,0.00,1480.00,0.00,0.00
8.91,0.00,0.00,0.00,5916.00,0.00,0.00,1480.00,0.00,0.00
8.92,0.00,0.00,0.00,5916.00,0.00,0.00,1480.00,0.00,0.00
8.92,0.00,0.00,0.00,5916.00,0.00,0.00,1480.00,0.00,0.00
8.93,0.00,0.00,0.00,5916.00,0.00,0.00,1480.00,0.00,0.00
8.94,0.00,0.00,0.00,5916.00,0.00,0.00,1480.00,0.00,0.00
8.94,0.00,0.00,0.00,5916.00,0.00,0.00,1480.00,0.00,0.00
8.95,0.00,0.00,0.00,5916.00,0.00,0.00,1480.00,0.00,0.00
8.96,0.00,0.00,0.00,5916.00,0.00,0.00,1480.00,0.00,0.00
8.97,0.00,0.00,0.00,5916.00,0.00,0.00,1480.00,0.00,0.00
8.97,0.00,0.00,0.00,5916.00,0.00,0.00,1480.00,0.00,0.00
8.98,0.00,0.00,0.00,5916.00,0.00,0.00,1480.00,0.00,0.00
8.99,0.00,0.00,0.00,5916.00,0.00,0.00,1480.00,0.00,0.00
8.99,0.00,0.00,0.00,5916.00,0.00,0.00,1480.00,0.00,0.00
9.00,0.00,0.00,0.00,5916.00,0.00,0.00,1480.00,0.00,0.00
9.01,0.00,0.00,0.00,5916.00,0.00,0.00,1480.00,0.00,0.00
9.01,0.00,0.00,0.00,5916.00,0.00,0.00,1480.00,0.00,0.00
9.02,0.00,0.00,0.00,5916.00,0.00,0.00,1480.00,0.00,0.00
9.03,0.00,0.00,0.00,5916.00,0.00,0.00,1480.00,0.00,0.00
9.03,0.00,0.00,0.00,5916.00,0.00,0.00,1480.00,0.00,0.00
9.04,0.00,0.00,0.00,5916.00,0.00,0.00,1480.00,0.00,0.00
9.05,0.00,0.00,0.00,5916.00,0.00,0.00,1480.00,0.00,0.00
9.06,0.00,0.00,0.00,5916.00,0.00,0.00,1480.00,0.00,0.00
9.06,0.00,0.00,0.00,5916.00,0.00,0.00,1480.00,0.00,0.00
9.07,0.00,0.00,0.00,5916.00,0.00,0.00,1480.00,0.00,0.00
9.08,0.00,0.00,0.00,5916.00,0.00,0.00,1480.00,0.00,0.00
9.08,0.00,0.00,0.00,5916.00,0.00,0.00,1480.00,0.00,0.00
9.09,0.00,0.00,0.00,5916.00,0.00,0.00,1480.00,0.00,0.00
9.10,0.00,0.00,0.00,5916.00,0.00,0.00,1480.00,0.00,0.00
9.10,0.00,0.00,0.00,5916.00,0.00,0.00,1480.00,0.00,0.00
9.11,0.00,0.00,0.00,5916.00,0.00,0.00,1480.00,0.00,0.00
9.12,0.00,0.00,0.00,5916.00,0.00,0.00,1480.00,0.00,0.00
9.12,0.00,0.00,0.00,5916.00,0.00,0.00,1480.00,0.00,0.00
9.13,0.00,0.00,0.00,5916.00,0.00,0.00,1480.00,0.00,0.00
9.14,0.00,0.00,0.00,5916.00,0.00,0.00,1480.00,0.00,0.00
9.15,0.00,0.00,0.00,5916.00,0.00,0.00,1480.00,0.00,0.00
9.15,0.00,0.00,0.00,5916.00,0.00,0.00,1480.00,0.00,0.00
9.16,0.00,0.00,0.00,5916.00,0.00,0.00,1480.00,0.00,0.00
9.17,0.00,0.00,0.00,5916.00,0.00,0.00,1480.00,0.00,0.00
9.17,0.00,0.00,0.00,5916.00,0.00,0.00,1480.00,0.00,0.00
9.18,0.00,0.00,0.00,5916.00,0.00,0.00,1480.00,0.00,0.00
9.19,0.00,0.00,0.00,5916.00,0.00,0.00,1480.00,0.00,0.00
9.19,0.00,0.00,0.00,5916.00,0.00,0.00,1480.00,0.00,0.00
9.20,0.00,0.00,0.00,5916.00,0.00,0.00,1480.00,0.00,0.00
9.21,0.00,0.00,0.00,5916.00,0.00,0.00,1480.00,0.00,0.00
9.22,0.00,0.00,0.00,5916.00,0.00,0.00,1480.00,0.00,0.00
9.22,0.00,0.00,0.00,5916.00,0.00,0.00,1480.00,0.00,0.00
9.23,0.00,0.00,0.00,5916.00,0.00,0.00,1480.00,0.00,0.00
9.24,0.00,0.00,0.00,5916.00,0.00,0.00,1480.00,0.00,0.00
9.24,0.00,0.00,0.00,5916.00,0.00,0.00,1480.00,0.00,0.00
9.25,0.00,0.00,0.00,5916.00,0.00,0.00,1480.00,0.00,0.00
9.26,0.00,0.00,0.00,5916.00,0.00,0.00,1480.00,0.00,0.00
9.26,0.00,0.00,0.00,5916.00,0.00,0.00,1480.00,0.00,0.00
9.27,0.00,0.00,0.00,5916.00,0.00,0.00,1480.00,0.00,0.00
9.28,0.00,0.00,0.00,5916.00,0.00,0.00,1480.00,0.00,0.00
9.28,0.00,0.00,0.00,5916.00,0.00,0.00,1480.00,0.00,0.00
9.29,0.00,0.00,0.00,5916.00,0.00,0.00,1480.00,0.00,0.00
9.30,0.00,0.00,0.00,5916.00,0.00,0.00,1480.00,0.00,0.00
9.31,0.00,0.00,0.00,5916.00,0.00,0.00,1480.00,0.00,0.00
9.31,0.00,0.00,0.00,5916.00,0.00,0.00,1480.00,0.00,0.00
9.32,0.00,0.00,0.00,5916.00,0.00,0.00,1480.00,0.00,0.00
9.33,0.00,0.00,0.00,5916.00,0.00,0.00,1480.00,0.00,0.00
9.33,0.00,0.00,0.00,5916.00,0.00,0.00,1480.00,0.00,0.00
9.34,0.00,0.00,0.00,5916.00,0.00,0.00,1480.00,0.00,0.00
9.35,0.00,0.00,0.00,5916.00,0.00,0.00,1480.00,0.00,0.00
9.35,0.00,0.00,0.00,5916.00,0.00,0.00,1480.00,0.00,0.00
9.36,0.00,0.00,0.00,5916.00,0.00,0.00,1480.00,0.00,0.00
9.37,0.00,0.00,0.00,5916.00,0.00,0.00,1480.00,0.00,0.00
9.38,0.00,0.00,0.00,5916.00,0.00,0.00,1480.00,0.00,0.00
9.38,0.00,0.00,0.00,5916.00,0.00,0.00,1480.00,0.00,0.00
9.39,0.00,0.00,0.00,5916.00,0.00,0.00,1480.00,0.00,0.00
9.40,0.00,0.00,0.00,5916.00,0.00,0.00,1480.00,0.00,0.00
9.40,0.00,0.00,0.00,5916.00,0.00,0.00,1480.00,0.00,0.00
9.41,0.00,0.00,0.00,5916.00,0.00,0.00,1480.00,0.00,0.00
9.42,0.00,0.00,0.00,5916.00,0.00,0.00,1480.00,0.00,0.00
9.42,0.00,0.00,0.00,5916.00,0.00,0.00,1480.00,0.00,0.00
9.43,0.00,0.00,0.00,5916.00,0.00,0.00,1480.00,0.00,0.00
9.44,0.00,0.00,0.00,5916.00,0.00,0.00,1480.00,0.00,0.00
9.44,0.00,0.00,0.00,5916.00,0.00,0.00,1480.00,0.00,0.00
9.45,0.00,0.00,0.00,5916.00,0.00,0.00,1480.00,0.00,0.00
9.46,0.00,0.00,0.00,5916.00,0.00,0.00,1480.00,0.00,0.00
9.47,0.00,0.00,0.00,5916.00,0.00,0.00,1480.00,0.00,0.00
9.47,0.00,0.00,0.00,5916.00,0.00,0.00,1480.00,0.00,0.00
9.48,0.00,0.00,0.00,5916.00,0.00,0.00,1480.00,0.00,0.00
9.49,0.00,0.00,0.00,5916.00,0.00,0.00,1480.00,0.00,0.00
9.49,0.00,0.00,0.00,5916.00,0.00,0.00,1480.00,0.00,0.00
9.50,0.00,0.00,0.00,5916.00,0.00,0.00,1480.00,0.00,0.00
9.51,0.00,0.00,0.00,5916.00,0.00,0.00,1480.00,0.00,0.00
9.51,0.00,0.00,0.00,5916.00,0.00,0.00,1480.00,0.00,0.00
9.52,0.00,0.00,0.00,5916.00,0.00,0.00,1480.00,0.00,0.00
9.53,0.00,0.00,0.00,5916.00,0.00,0.00,1480.00,0.00,0.00
9.53,0.00,0.00,0.00,5916.00,0.00,0.00,1480.00,0.00,0.00
9.54,0.00,0.00,0.00,5916.00,0.00,0.00,1480.00,0.00,0.00
9.55,0.00,0.00,0.00,5916.00,0.00,0.00,1480.00,0.00,0.00
9.56,0.00,0.00,0.00,5916.00,0.00,0.00,1480.00,0.00,0.00
9.56,0.00,0.00,0.00,5916.00,0.00,0.00,1480.00,0.00,0.00
9.57,0.00,0.00,0.00,5916.00,0.00,0.00,1480.00,0.00,0.00
9.58,0.00,0.00,0.00,5916.00,0.00,0.00,1480.00,0.00,0.00
9.58,0.00,0.00,0.00,5916.00,0.00,0.00,1480.00,0.00,0.00
9.59,0.00,0.00,0.00,5916.00,0.00,0.00,1480.00,0.00,0.00
9.60,0.00,0.00,0.00,5916.00,0.00,0.00,1480.00,0.00,0.00
9.60,0.00,0.00,0.00,5916.00,0.00,0.00,1480.00,0.00,0.00
9.61,0.00,0.00,0.00,5916.00,0.00,0.00,1480.00,0.00,0.00
9.62,0.00,0.00,0.00,5916.00,0.00,0.00,1480.00,0.00,0.00
9.62,0.00,0.00,0.00,5916.00,0.00,0.00,1480.00,0.00,0.00
9.63,0.00,0.00,0.00,5916.00,0.00,0.00,1480.00,0.00,0.00
9.64,0.00,0.00,0.00,5916.00,0.00,0.00,1480.00,0.00,0.00
9.65,0.00,0.00,0.00,5916.00,0.00,0.00,1480.00,0.00,0.00
9.65,0.00,0.00,0.00,5916.00,0.00,0.00,1480.00,0.00,0.00
9.66,0.00,0.00,0.00,5916.00,0.00,0.00,1480.00,0.00,0.00
9.67,0.00,0.00,0.00,5916.00,0.00,0.00,1480.00,0.00,0.00
9.67,0.00,0.00,0.00,5916.00,0.00,0.00,1480.00,0.00,0.00
9.68,0.00,0.00,0.00,5916.00,0.00,0.00,1480.00,0.00,0.00
9.69,0.00,0.00,0.00,5916.00,0.00,0.00,1480.00,0.00,0.00
9.69,0.00,0.00,0.00,5916.00,0.00,0.00,1480.00,0.00,0.00
9.70,0.00,0.00,0.00,5916.00,0.00,0.00,1480.00,0.00,0.00
9.71,0.00,0.00,0.00,5916.00,0.00,0.00,1480.00,0.00,0.00
9.72,0.00,0.00,0.00,5916.00,0.00,0.00,1480.00,0.00,0.00
9.72,0.00,0.00,0.00,5916.00,0.00,0.00,1480.00,0.00,0.00
9.73,0.00,0.00,0.00,5916.00,0.00,0.00,1480.00,0.00,0.00
9.74,0.00,0.00,0.00,5916.00,0.00,0.00,1480.00,0.00,0.00
9.74,0.00,0.00,0.00,5916.00,0.00,0.00,1480.00,0.00,0.00
9.75,0.00,0.00,0.00,5916.00,0.00,0.00,1480.00,0.00,0.00
9.76,0.00,0.00,0.00,5916.00,0.00,0.00,1480.00,0.00,0.00
9.76,0.00,0.00,0.00,5916.00,0.00,0.00,1480.00,0.00,0.00
9.77,0.00,0.00,0.00,5916.00,0.00,0.00,1480.00,0.00,0.00
9.78,0.00,0.00,0.00,5916.00,0.00,0.00,1480.00,0.00,0.00
9.78,0.00,0.00,0.00,5916.00,0.00,0.00,1480.00,0.00,0.00
9.79,0.00,0.00,0.00,5916.00,0.00,0.00,1480.00,0.00,0.00
9.80,0.00,0.00,0.00,5916.00,0.00,0.00,1480.00,0.00,0.00
9.81,0.00,0.00,0.00,5916.00,0.00,0.00,1480.00,0.00,0.00
9.81,0.00,0.00,0.00,5916.00,0.00,0.00,1480.00,0.00,0.00
9.82,0.00,0.00,0.00,5916.00,0.00,0.00,1480.00,0.00,0.00
9.83,0.00,0.00,0.00,5916.00,0.00,0.00,1480.00,0.00,0.00
9.83,0.00,0.00,0.00,5916.00,0.00,0.00,1480.00,0.00,0.00
9.84,0.00,0.00,0.00,5916.00,0.00,0.00,1480.00,0.00,0.00
9.85,0.00,0.00,0.00,5916.00,0.00,0.00,1480.00,0.00,0.00
9.85,0.00,0.00,0.00,5916.00,0.00,0.00,1480.00,0.00,0.00
9.86,0.00,0.00,0.00,5916.00,0.00,0.00,1480.00,0.00,0.00
9.87,0.00,0.00,0.00,5916.00,0.00,0.00,1480.00,0.00,0.00
9.88,0.00,0.00,0.00,5916.00,0.00,0.00,1480.00,0.00,0.00
9.88,0.00,0.00,0.00,5916.00,0.00,0.00,1480.00,0.00,0.00
9.89,0.00,0.00,0.00,5916.00,0.00,0.00,1480.00,0.00,0.00
9.90,0.00,0.00,0.00,5916.00,0.00,0.00,1480.00,0.00,0.00
9.90,0.00,0.00,0.00,5916.00,0.00,0.00,1480.00,0.00,0.00
9.91,0.00,0.00,0.00,5916.00,0.00,0.00,1480.00,0.00,0.00
9.92,0.00,0.00,0.00,5916.00,0.00,0.00,1480.00,0.00,0.00
9.92,0.00,0.00,0.00,5916.00,0.00,0.00,1480.00,0.00,0.00
9.93,0.00,0.00,0.00,5916.00,0.00,0.00,1480.00,0.00,0.00
9.94,0.00,0.00,0.00,5916.00,0.00,0.00,1480.00,0.00,0.00
9.94,0.00,0.00,0.00,5916.00,0.00,0.00,1480.00,0.00,0.00
9.95,0.00,0.00,0.00,5916.00,0.00,0.00,1480.00,0.00,0.00
9.96,0.00,0.00,0.00,5916.00,0.00,0.00,1480.00,0.00,0.00
9.97,0.00,0.00,0.00,5916.00,0.00,0.00,1480.00,0.00,0.00
9.97,0.00,0.00,0.00,5916.00,0.00,0.00,1480.00,0.00,0.00
9.98,0.00,0.00,0.00,5916.00,0.00,0.00,1480.00,0.00,0.00
9.99,0.00,0.00,0.00,5916.00,0.00,0.00,1480.00,0.00,0.00
9.99,0.00,0.00,0.00,5916.00,0.00,0.00,1480.00,0.00,0.00
