Time,U,AI1,AI2,AD,BI2,BI2,BD,VA,VB
0.00,7393.00,1.00,1.00,0.00,1.00,0.00,0.00,76.50,75.00
0.01,7391.00,1.00,1.00,0.00,3.00,0.00,0.00,71.10,68.47
0.01,7391.00,1.00,1.00,0.00,3.00,0.00,0.00,66.18,62.51
0.02,7391.00,0.00,2.00,0.00,3.00,0.00,0.00,63.21,57.06
0.03,7388.00,2.00,2.00,0.00,4.00,0.00,0.00,60.51,52.10
0.03,7387.00,3.00,2.00,0.00,4.00,0.00,0.00,58.05,47.56
0.04,7387.00,3.00,2.00,0.00,4.00,0.00,0.00,55.82,43.42
0.05,7387.00,3.00,2.00,0.00,4.00,0.00,0.00,53.78,39.64
0.06,7387.00,3.00,2.00,0.00,4.00,0.00,0.00,51.93,36.19
0.06,7385.00,3.00,3.00,0.00,5.00,0.00,0.00,51.75,33.03
0.07,7384.00,3.00,3.00,0.00,6.00,0.00,0.00,51.58,30.16
0.08,7383.00,4.00,3.00,0.00,5.00,1.00,0.00,51.43,42.56
0.08,7382.00,5.00,3.00,0.00,5.00,1.00,0.00,51.30,53.87
0.09,7382.00,5.00,3.00,0.00,5.00,1.00,0.00,51.17,64.21
0.10,7382.00,5.00,3.00,0.00,5.00,1.00,0.00,51.06,73.64
0.10,7382.00,5.00,3.00,0.00,5.00,1.00,0.00,50.96,82.25
0.11,7381.00,5.00,3.00,0.00,5.00,2.00,0.00,50.86,105.13
0.12,7379.00,6.00,3.00,0.00,5.00,3.00,0.00,50.78,141.05
0.12,7378.00,6.00,3.00,0.00,6.00,3.00,0.00,50.70,173.84
0.13,7377.00,6.00,3.00,0.00,7.00,2.00,1.00,50.63,188.74
0.14,7376.00,5.00,4.00,0.00,8.00,1.00,2.00,52.07,187.33
0.15,7376.00,5.00,4.00,0.00,8.00,1.00,2.00,53.38,186.04
0.15,7375.00,5.00,4.00,0.00,9.00,1.00,2.00,54.57,184.87
0.16,7373.00,5.00,4.00,0.00,11.00,1.00,2.00,55.65,183.79
0.17,7370.00,4.00,5.00,0.00,14.00,1.00,2.00,58.14,182.81
0.17,7369.00,4.00,5.00,0.00,15.00,1.00,2.00,60.40,181.92
0.18,7367.00,4.00,5.00,0.00,16.00,2.00,2.00,62.46,196.12
0.19,7366.00,3.00,6.00,0.00,17.00,2.00,2.00,65.84,209.09
0.19,7366.00,2.00,6.00,1.00,17.00,2.00,2.00,68.91,220.93
0.20,7364.00,2.00,6.00,1.00,19.00,2.00,2.00,71.70,231.74
0.21,7364.00,2.00,6.00,1.00,19.00,2.00,2.00,74.24,241.61
0.22,7364.00,2.00,6.00,1.00,19.00,2.00,2.00,76.55,250.61
0.22,7364.00,2.00,6.00,1.00,18.00,3.00,2.00,78.66,273.86
0.23,7364.00,2.00,5.00,2.00,18.00,2.00,3.00,79.07,280.06
0.24,7362.00,2.00,5.00,2.00,20.00,2.00,3.00,79.44,285.72
0.24,7362.00,2.00,5.00,2.00,20.00,2.00,3.00,79.78,290.89
0.25,7362.00,2.00,5.00,2.00,20.00,2.00,3.00,80.09,295.60
0.26,7360.00,1.00,6.00,2.00,21.00,3.00,3.00,81.87,314.93
0.26,7357.00,1.00,6.00,2.00,24.00,3.00,3.00,83.49,332.58
0.27,7355.00,1.00,6.00,2.00,24.00,5.00,3.00,84.97,378.74
0.28,7353.00,1.00,6.00,2.00,22.00,9.00,3.00,86.31,480.97
0.28,7352.00,1.00,6.00,2.00,22.00,9.00,4.00,87.54,574.29
0.29,7350.00,1.00,6.00,2.00,21.00,12.00,4.00,88.65,704.56
0.30,7347.00,1.00,6.00,2.00,23.00,12.00,5.00,89.66,823.49
0.31,7345.00,1.00,6.00,2.00,25.00,12.00,5.00,90.58,932.06
0.31,7343.00,1.00,6.00,2.00,25.00,13.00,6.00,91.41,1046.20
0.32,7341.00,1.00,6.00,2.00,26.00,14.00,6.00,92.18,1165.43
0.33,7332.00,1.00,6.00,2.00,33.00,16.00,6.00,92.87,1304.32
0.33,7331.00,1.00,6.00,2.00,33.00,16.00,7.00,93.50,1431.11
0.34,7327.00,1.00,6.00,2.00,35.00,17.00,8.00,94.07,1561.89
0.35,7322.00,1.00,6.00,2.00,36.00,21.00,8.00,94.59,1741.37
0.35,7314.00,1.00,6.00,2.00,40.00,23.00,10.00,95.07,1935.27
0.36,7309.00,1.00,6.00,2.00,45.00,23.00,10.00,95.50,2112.29
0.37,7304.00,1.00,6.00,2.00,48.00,24.00,11.00,95.89,2288.91
0.38,7298.00,1.00,6.00,2.00,53.00,25.00,11.00,96.25,2465.18
0.38,7293.00,1.00,6.00,2.00,56.00,27.00,11.00,96.57,2656.15
0.39,7283.00,1.00,6.00,2.00,64.00,29.00,11.00,96.87,2860.53
0.40,7279.00,1.00,6.00,2.00,66.00,30.00,12.00,97.14,3062.14
0.40,7267.00,1.00,6.00,2.00,76.00,32.00,12.00,97.38,3276.24
0.41,7258.00,1.00,6.00,2.00,82.00,35.00,12.00,97.60,3516.77
0.42,7253.00,1.00,6.00,2.00,84.00,36.00,14.00,97.81,3751.38
0.42,7249.00,1.00,6.00,2.00,84.00,40.00,14.00,97.99,4025.65
0.43,7242.00,1.00,6.00,2.00,86.00,44.00,15.00,98.16,4336.13
0.44,7232.00,1.00,6.00,2.00,94.00,46.00,15.00,98.31,4649.62
0.44,7223.00,1.00,6.00,2.00,96.00,49.00,19.00,98.45,4980.88
0.45,7216.00,1.00,6.00,2.00,98.00,53.00,20.00,98.58,5343.39
0.46,7212.00,1.00,6.00,2.00,102.00,53.00,20.00,98.69,5674.34
0.47,7198.00,1.00,6.00,2.00,113.00,56.00,20.00,98.79,6021.53
0.47,7185.00,1.00,6.00,2.00,124.00,57.00,21.00,98.89,6353.52
0.48,7175.00,1.00,6.00,2.00,128.00,61.00,23.00,98.98,6716.69
0.49,7165.00,1.00,6.00,2.00,133.00,65.00,24.00,99.05,7108.33
0.49,7149.00,1.00,6.00,2.00,149.00,64.00,25.00,99.13,7450.85
0.50,7140.00,0.00,7.00,2.00,151.00,69.00,27.00,100.69,7838.65
0.51,7125.00,0.00,7.00,2.00,158.00,76.00,28.00,102.12,8297.85
0.51,7110.00,0.00,6.00,3.00,170.00,77.00,30.00,101.91,8732.09
0.52,7095.00,0.00,6.00,3.00,177.00,84.00,31.00,101.73,9233.68
0.53,7081.00,0.00,6.00,3.00,183.00,90.00,33.00,101.56,9781.73
0.53,7072.00,0.00,6.00,3.00,187.00,95.00,33.00,101.40,10357.17
0.54,7060.00,0.00,6.00,3.00,195.00,98.00,34.00,101.26,10927.57
0.55,7048.00,0.00,6.00,3.00,201.00,102.00,36.00,101.13,11508.40
0.56,7031.00,0.00,6.00,3.00,215.00,99.00,42.00,101.02,11993.59
0.56,7018.00,1.00,6.00,3.00,224.00,101.00,43.00,100.91,12466.57
0.57,7001.00,1.00,6.00,3.00,234.00,108.00,43.00,100.82,13003.53
0.58,6976.00,1.00,6.00,3.00,257.00,108.00,45.00,100.73,13493.73
0.58,6960.00,1.00,6.00,3.00,265.00,115.00,46.00,100.65,14046.41
0.59,6944.00,1.00,6.00,3.00,274.00,121.00,47.00,100.58,14641.10
0.60,6932.00,1.00,6.00,3.00,279.00,124.00,51.00,100.51,15229.08
0.60,6903.00,1.00,6.00,3.00,301.00,129.00,53.00,100.45,15840.98
0.61,6885.00,1.00,6.00,3.00,314.00,132.00,55.00,100.40,16444.66
0.62,6862.00,1.00,6.00,3.00,319.00,147.00,58.00,100.35,17221.12
0.62,6844.00,1.00,6.00,3.00,331.00,150.00,61.00,100.30,17975.05
0.63,6826.00,1.00,6.00,3.00,345.00,151.00,64.00,100.26,18678.34
0.64,6805.00,2.00,5.00,4.00,355.00,159.00,66.00,98.72,19440.58
0.65,6787.00,2.00,5.00,4.00,359.00,171.00,68.00,97.32,20316.73
0.65,6762.00,2.00,5.00,4.00,375.00,175.00,73.00,96.05,21176.68
0.66,6737.00,2.00,5.00,4.00,392.00,181.00,75.00,94.89,22051.88
0.67,6717.00,2.00,5.00,4.00,406.00,183.00,79.00,93.83,22880.93
0.67,6698.00,2.00,5.00,4.00,410.00,196.00,81.00,92.87,23833.08
0.68,6674.00,2.00,5.00,4.00,417.00,210.00,84.00,92.00,24912.65
0.69,6650.00,2.00,5.00,4.00,424.00,225.00,86.00,91.21,26123.56
0.69,6624.00,2.00,5.00,4.00,438.00,231.00,92.00,90.48,27319.16
0.70,6597.00,2.00,5.00,4.00,453.00,237.00,98.00,89.83,28500.80
0.71,6568.00,2.00,5.00,4.00,469.00,248.00,100.00,89.23,29744.80
0.72,6541.00,2.00,5.00,4.00,475.00,263.00,106.00,88.68,31105.82
0.72,6505.00,2.00,5.00,4.00,497.00,274.00,109.00,88.19,32513.59
0.73,6477.00,1.00,5.00,5.00,515.00,282.00,111.00,87.74,33918.96
0.74,6449.00,1.00,5.00,5.00,524.00,297.00,115.00,87.33,35427.30
0.74,6411.00,1.00,5.00,5.00,547.00,310.00,117.00,86.96,36999.60
0.75,6384.00,1.00,3.00,7.00,563.00,317.00,121.00,83.61,38540.15
0.76,6355.00,1.00,3.00,7.00,579.00,325.00,126.00,80.57,40066.75
0.76,6317.00,1.00,3.00,7.00,598.00,340.00,130.00,77.81,41685.76
0.77,6277.00,1.00,3.00,7.00,627.00,348.00,133.00,75.29,43283.97
0.78,6239.00,1.00,3.00,7.00,646.00,364.00,136.00,73.00,44983.40
0.78,6205.00,1.00,3.00,7.00,655.00,384.00,141.00,70.92,46835.30
0.79,6170.00,1.00,3.00,7.00,664.00,405.00,146.00,69.02,48841.44
0.80,6138.00,2.00,3.00,7.00,679.00,415.00,152.00,67.30,50823.12
0.81,6113.00,2.00,3.00,7.00,689.00,424.00,158.00,65.73,52767.45
0.81,6073.00,2.00,3.00,7.00,705.00,443.00,163.00,64.30,54827.91
0.82,6035.00,1.00,4.00,7.00,716.00,460.00,173.00,64.51,56964.36
0.83,6000.00,1.00,4.00,7.00,725.00,483.00,176.00,64.69,59260.30
0.83,5967.00,1.00,4.00,7.00,739.00,499.00,179.00,64.86,61596.69
0.84,5929.00,1.00,4.00,7.00,751.00,521.00,183.00,65.01,64060.14
0.85,5892.00,1.00,4.00,7.00,767.00,538.00,187.00,65.15,66564.48
0.85,5848.00,1.00,4.00,7.00,787.00,558.00,191.00,65.28,69151.22
0.86,5808.00,1.00,4.00,7.00,801.00,578.00,197.00,65.40,71813.17
0.87,5771.00,1.00,4.00,7.00,813.00,601.00,199.00,65.50,74588.86
0.88,5715.00,1.00,3.00,8.00,842.00,622.00,205.00,64.10,77438.35
0.88,5669.00,1.00,3.00,8.00,863.00,643.00,209.00,62.82,80355.20
0.89,5622.00,1.00,3.00,8.00,889.00,661.00,212.00,61.65,83288.47
0.90,5577.00,2.00,3.00,8.00,898.00,687.00,221.00,60.59,86356.93
0.90,5528.00,2.00,3.00,8.00,922.00,708.00,225.00,59.63,89473.69
0.91,5477.00,2.00,3.00,8.00,947.00,727.00,232.00,58.75,92604.49
0.92,5436.00,2.00,3.00,8.00,955.00,754.00,238.00,57.96,95868.29
0.92,5383.00,2.00,3.00,8.00,975.00,783.00,242.00,57.23,99283.57
0.93,5338.00,2.00,3.00,8.00,985.00,815.00,245.00,56.57,102882.20
0.94,5285.00,2.00,3.00,8.00,1005.00,843.00,250.00,55.97,106588.13
0.94,5232.00,2.00,3.00,8.00,1025.00,873.00,253.00,55.43,110422.05
0.95,5178.00,2.00,3.00,8.00,1054.00,895.00,256.00,54.93,114252.63
0.96,5111.00,2.00,3.00,8.00,1086.00,923.00,263.00,54.48,118170.31
0.97,5057.00,1.00,4.00,8.00,1100.00,954.00,272.00,55.57,122212.57
0.97,5014.00,2.00,4.00,8.00,1114.00,978.00,276.00,56.56,126263.41
0.98,4974.00,2.00,4.00,8.00,1121.00,1006.00,281.00,57.46,130382.16
0.99,4932.00,2.00,4.00,8.00,1133.00,1029.00,288.00,58.29,134487.79
0.99,4871.00,2.00,4.00,8.00,1164.00,1053.00,294.00,59.03,138596.48
1.00,4823.00,2.00,4.00,8.00,1186.00,1074.00,299.00,59.71,142662.89
1.01,4775.00,2.00,4.00,8.00,1197.00,1105.00,305.00,60.33,146840.93
1.01,4738.00,2.00,4.00,8.00,1200.00,1133.00,311.00,60.89,151075.81
1.02,4686.00,2.00,4.00,8.00,1218.00,1161.00,317.00,61.41,155362.58
1.03,4625.00,2.00,4.00,8.00,1240.00,1191.00,326.00,61.87,159726.76
1.03,4580.00,2.00,4.00,8.00,1245.00,1226.00,331.00,62.30,164236.75
1.04,4539.00,2.00,4.00,8.00,1252.00,1253.00,338.00,62.68,168759.64
1.05,4496.00,2.00,4.00,8.00,1270.00,1274.00,342.00,63.03,173204.18
1.06,4445.00,1.00,5.00,8.00,1275.00,1312.00,350.00,64.85,177832.59
1.06,4394.00,1.00,5.00,8.00,1295.00,1339.00,354.00,66.51,182463.60
1.07,4342.00,2.00,5.00,8.00,1309.00,1365.00,365.00,68.02,187081.97
1.08,4281.00,1.00,6.00,8.00,1336.00,1393.00,371.00,70.89,191718.83
1.08,4242.00,1.00,6.00,8.00,1339.00,1425.00,375.00,73.50,196432.67
1.09,4201.00,0.00,7.00,8.00,1344.00,1456.00,380.00,77.38,201201.76
1.10,4147.00,0.00,7.00,8.00,1370.00,1483.00,381.00,80.91,205961.21
1.10,4100.00,0.00,7.00,8.00,1371.00,1521.00,389.00,84.13,210877.10
1.11,4051.00,0.00,6.00,9.00,1384.00,1546.00,400.00,85.55,215740.51
1.12,4006.00,0.00,5.00,10.00,1381.00,1584.00,410.00,85.33,220751.32
1.12,3956.00,0.00,5.00,10.00,1397.00,1610.00,418.00,85.14,225716.40
1.13,3913.00,0.00,5.00,10.00,1400.00,1641.00,427.00,84.97,230714.87
1.14,3864.00,0.00,5.00,10.00,1401.00,1683.00,433.00,84.81,235909.05
1.15,3821.00,0.00,5.00,10.00,1408.00,1712.00,440.00,84.66,241086.62
1.15,3785.00,0.00,5.00,10.00,1404.00,1748.00,444.00,84.53,246354.18
1.16,3744.00,0.00,5.00,10.00,1398.00,1781.00,458.00,84.41,251658.83
1.17,3696.00,0.00,4.00,11.00,1404.00,1820.00,461.00,82.80,257087.46
1.17,3647.00,0.00,4.00,11.00,1412.00,1852.00,470.00,81.33,262524.14
1.18,3581.00,0.00,4.00,11.00,1438.00,1882.00,480.00,80.00,267938.10
1.19,3535.00,0.00,4.00,11.00,1452.00,1904.00,490.00,78.79,273211.15
1.19,3478.00,0.00,4.00,11.00,1471.00,1932.00,500.00,77.68,278445.69
1.20,3432.00,0.00,4.00,11.00,1472.00,1971.00,506.00,76.68,283810.32
1.21,3373.00,0.00,4.00,11.00,1479.00,2013.00,516.00,75.77,289338.80
1.22,3327.00,0.00,4.00,11.00,1482.00,2053.00,519.00,74.94,294986.80
1.22,3281.00,0.00,4.00,11.00,1478.00,2094.00,528.00,74.18,300758.95
1.23,3217.00,0.00,4.00,11.00,1515.00,2113.00,536.00,73.49,306313.92
1.24,3170.00,0.00,4.00,11.00,1523.00,2144.00,544.00,72.87,311850.90
1.24,3122.00,0.00,4.00,11.00,1526.00,2181.00,552.00,72.30,317461.60
1.25,3083.00,0.00,4.00,11.00,1513.00,2228.00,557.00,71.78,323289.83
1.26,3020.00,0.00,4.00,11.00,1534.00,2259.00,568.00,71.31,329076.28
1.26,2965.00,0.00,4.00,11.00,1527.00,2314.00,575.00,70.88,335185.13
1.27,2911.00,0.00,4.00,11.00,1532.00,2355.00,583.00,70.49,341378.01
1.28,2852.00,0.00,4.00,11.00,1561.00,2382.00,586.00,70.14,347437.25
1.28,2794.00,0.00,4.00,11.00,1573.00,2421.00,593.00,69.81,353554.78
1.29,2744.00,0.00,4.00,11.00,1584.00,2453.00,600.00,69.52,359620.36
1.30,2681.00,0.00,4.00,11.00,1593.00,2499.00,608.00,69.25,365848.84
1.31,2617.00,0.00,4.00,11.00,1600.00,2547.00,617.00,69.01,372256.08
1.31,2571.00,0.00,3.00,12.00,1606.00,2582.00,622.00,67.29,378631.21
1.32,2519.00,0.00,3.00,12.00,1612.00,2620.00,630.00,65.72,385022.10
1.33,2463.00,0.00,3.00,12.00,1617.00,2666.00,635.00,64.29,391547.55
1.33,2409.00,0.00,3.00,12.00,1620.00,2708.00,644.00,63.00,398135.77
1.34,2361.00,0.00,3.00,12.00,1621.00,2750.00,649.00,61.82,404781.29
1.35,2307.00,0.00,3.00,12.00,1638.00,2779.00,657.00,60.74,411283.80
1.35,2266.00,0.00,3.00,12.00,1637.00,2819.00,659.00,59.77,417821.03
1.36,2216.00,0.00,3.00,12.00,1627.00,2872.00,666.00,58.88,424585.26
1.37,2166.00,0.00,2.00,13.00,1622.00,2919.00,674.00,56.57,431466.56
1.38,2121.00,1.00,2.00,13.00,1615.00,2967.00,677.00,54.46,438469.78
1.38,2053.00,1.00,2.00,13.00,1644.00,3005.00,678.00,52.55,445434.06
1.39,1984.00,1.00,2.00,13.00,1657.00,3050.00,689.00,50.81,452467.97
1.40,1938.00,1.00,1.00,14.00,1660.00,3088.00,694.00,47.73,459460.27
1.40,1883.00,1.00,1.00,14.00,1661.00,3137.00,699.00,44.92,466579.84
1.41,1836.00,1.00,1.00,14.00,1663.00,3177.00,704.00,42.37,473680.39
1.42,1784.00,1.00,1.00,14.00,1680.00,3202.00,714.00,40.05,480538.23
1.42,1750.00,1.00,1.00,14.00,1669.00,3242.00,719.00,37.93,487399.84
1.43,1701.00,1.00,1.00,14.00,1672.00,3280.00,727.00,36.01,494234.85
1.44,1652.00,1.00,1.00,14.00,1678.00,3316.00,734.00,34.26,501015.52
1.44,1618.00,1.00,1.00,14.00,1660.00,3362.00,740.00,32.67,507896.83
1.45,1566.00,1.00,1.00,14.00,1672.00,3397.00,745.00,31.22,514704.75
1.46,1531.00,1.00,1.00,14.00,1662.00,3434.00,753.00,29.91,521475.72
1.47,1483.00,1.00,1.00,14.00,1677.00,3461.00,759.00,28.71,528062.72
1.47,1437.00,1.00,1.00,14.00,1683.00,3491.00,769.00,27.62,534526.84
1.48,1398.00,1.00,1.00,14.00,1676.00,3528.00,778.00,26.63,540983.96
1.49,1351.00,1.00,1.00,14.00,1677.00,3568.00,784.00,25.73,547479.73
1.49,1308.00,1.00,1.00,14.00,1670.00,3614.00,788.00,24.91,554100.95
1.50,1265.00,1.00,1.00,14.00,1651.00,3665.00,799.00,24.16,560911.79
1.51,1220.00,1.00,1.00,14.00,1650.00,3705.00,805.00,23.48,567730.50
1.51,1190.00,1.00,1.00,14.00,1640.00,3741.00,809.00,22.86,574496.29
1.52,1146.00,1.00,1.00,14.00,1643.00,3775.00,816.00,22.30,581183.74
1.53,1104.00,1.00,1.00,14.00,1637.00,3812.00,827.00,21.79,587844.72
1.53,1064.00,1.00,1.00,14.00,1623.00,3861.00,832.00,21.33,594661.82
1.54,1031.00,1.00,1.00,14.00,1621.00,3892.00,836.00,20.90,601351.04
1.55,991.00,1.00,1.00,14.00,1608.00,3932.00,849.00,20.52,608058.70
1.56,955.00,1.00,1.00,14.00,1601.00,3963.00,861.00,20.17,614648.01
1.56,926.00,1.00,1.00,14.00,1579.00,4006.00,869.00,19.85,621309.54
1.57,888.00,1.00,1.00,14.00,1573.00,4040.00,879.00,19.56,627901.80
1.58,855.00,1.00,1.00,14.00,1555.00,4078.00,892.00,19.30,634490.91
1.58,823.00,1.00,1.00,14.00,1555.00,4103.00,899.00,19.06,640881.85
1.59,794.00,1.00,1.00,14.00,1547.00,4134.00,905.00,18.84,647182.00
1.60,758.00,1.00,1.00,14.00,1542.00,4169.00,911.00,18.64,653459.37
1.60,730.00,1.00,1.00,14.00,1534.00,4199.00,917.00,18.46,659640.83
1.61,697.00,1.00,1.00,14.00,1518.00,4244.00,921.00,18.30,665960.07
1.62,666.00,1.00,1.00,14.00,1517.00,4268.00,929.00,18.15,672089.61
1.62,643.00,1.00,1.00,14.00,1492.00,4310.00,935.00,18.01,678316.38
1.63,616.00,1.00,1.00,14.00,1476.00,4344.00,944.00,17.89,684511.74
1.64,590.00,1.00,1.00,14.00,1462.00,4376.00,952.00,17.77,690648.38
1.65,555.00,1.00,1.00,14.00,1454.00,4411.00,960.00,17.67,696776.46
1.65,530.00,1.00,1.00,14.00,1438.00,4449.00,963.00,17.58,702941.82
1.66,508.00,1.00,1.00,14.00,1433.00,4467.00,972.00,17.49,708840.74
1.67,485.00,1.00,1.00,14.00,1430.00,4484.00,981.00,17.42,714481.40
1.67,460.00,1.00,1.00,14.00,1415.00,4516.00,989.00,17.35,720111.63
1.68,436.00,1.00,1.00,14.00,1393.00,4557.00,994.00,17.28,725867.55
1.69,412.00,1.00,1.00,14.00,1379.00,4588.00,1001.00,17.23,731587.98
1.69,390.00,1.00,1.00,14.00,1362.00,4619.00,1009.00,17.17,737276.02
1.70,374.00,1.00,1.00,14.00,1346.00,4644.00,1016.00,17.12,742844.35
1.71,356.00,1.00,1.00,14.00,1329.00,4671.00,1024.00,17.08,748333.43
1.72,334.00,1.00,1.00,14.00,1310.00,4706.00,1030.00,17.04,753870.35
1.72,305.00,1.00,1.00,14.00,1301.00,4741.00,1033.00,17.01,759450.95
1.73,284.00,1.00,1.00,14.00,1277.00,4780.00,1039.00,16.97,765131.52
1.74,267.00,1.00,1.00,14.00,1255.00,4814.00,1044.00,16.94,770828.23
1.74,247.00,1.00,1.00,14.00,1242.00,4832.00,1059.00,16.92,776299.31
1.75,229.00,0.00,2.00,14.00,1225.00,4864.00,1062.00,18.39,781774.73
1.76,209.00,0.00,2.00,14.00,1212.00,4888.00,1071.00,19.74,787133.93
1.76,192.00,0.00,2.00,14.00,1196.00,4910.00,1082.00,20.96,792356.98
1.77,180.00,0.00,2.00,14.00,1184.00,4928.00,1088.00,22.07,797395.64
1.78,158.00,0.00,2.00,14.00,1164.00,4966.00,1092.00,23.08,802566.44
1.78,145.00,0.00,2.00,14.00,1152.00,4982.00,1101.00,24.00,807527.35
1.79,131.00,0.00,2.00,14.00,1132.00,5005.00,1112.00,24.84,812401.82
1.80,119.00,0.00,2.00,14.00,1113.00,5027.00,1121.00,25.60,817182.34
1.81,108.00,0.00,2.00,14.00,1092.00,5050.00,1130.00,26.30,821892.13
1.81,98.00,0.00,2.00,14.00,1074.00,5071.00,1137.00,26.93,826507.30
1.82,92.00,0.00,2.00,14.00,1047.00,5097.00,1144.00,27.50,831111.19
1.83,79.00,0.00,2.00,14.00,1030.00,5119.00,1152.00,28.02,835644.71
1.83,72.00,0.00,2.00,14.00,1006.00,5145.00,1157.00,28.50,840174.07
1.84,62.00,0.00,2.00,14.00,988.00,5160.00,1170.00,28.93,844534.37
1.85,54.00,0.00,2.00,14.00,961.00,5188.00,1177.00,29.32,848935.65
1.85,48.00,0.00,2.00,14.00,941.00,5201.00,1190.00,29.68,853148.97
1.86,42.00,0.00,2.00,14.00,922.00,5218.00,1198.00,30.01,857250.82
1.87,35.00,0.00,2.00,14.00,899.00,5241.00,1205.00,30.30,861341.02
1.88,33.00,0.00,2.00,14.00,872.00,5261.00,1214.00,30.57,865375.53
1.88,30.00,0.00,2.00,14.00,849.00,5276.00,1225.00,30.82,869284.07
1.89,25.00,0.00,1.00,15.00,830.00,5294.00,1231.00,29.54,873122.69
1.90,21.00,0.00,1.00,15.00,812.00,5308.00,1239.00,28.37,876837.38
1.90,15.00,0.00,1.00,15.00,796.00,5324.00,1245.00,27.31,880468.98
1.91,12.00,0.00,1.00,15.00,776.00,5342.00,1250.00,26.35,884054.78
1.92,10.00,0.00,1.00,15.00,753.00,5359.00,1258.00,25.47,887583.72
1.92,8.00,0.00,1.00,15.00,736.00,5370.00,1266.00,24.68,890970.64
1.93,5.00,0.00,1.00,15.00,717.00,5380.00,1278.00,23.95,894212.87
1.94,4.00,0.00,1.00,15.00,694.00,5396.00,1286.00,23.29,897413.15
1.94,4.00,0.00,1.00,15.00,674.00,5406.00,1296.00,22.69,900484.99
1.95,3.00,0.00,1.00,15.00,658.00,5414.00,1305.00,22.14,903409.53
1.96,1.00,0.00,1.00,15.00,639.00,5422.00,1318.00,21.65,906199.60
1.97,1.00,0.00,1.00,15.00,616.00,5436.00,1327.00,21.20,908957.05
1.97,0.00,0.00,1.00,15.00,601.00,5441.00,1338.00,20.78,911549.50
1.98,0.00,0.00,1.00,15.00,593.00,5443.00,1344.00,20.41,913946.26
1.99,0.00,0.00,1.00,15.00,574.00,5449.00,1357.00,20.07,916224.46
1.99,0.00,0.00,1.00,15.00,559.00,5456.00,1365.00,19.76,918409.44
2.00,0.00,0.00,1.00,15.00,546.00,5462.00,1372.00,19.48,920494.31
2.01,0.00,0.00,1.00,15.00,532.00,5470.00,1378.00,19.22,922517.81
2.01,0.00,0.00,1.00,15.00,520.00,5474.00,1386.00,18.99,924425.21
2.02,0.00,0.00,1.00,15.00,508.00,5482.00,1390.00,18.78,926286.71
2.03,0.00,0.00,1.00,15.00,496.00,5485.00,1399.00,18.58,928031.18
2.03,0.00,0.00,1.00,15.00,481.00,5493.00,1406.00,18.41,929743.94
2.04,0.00,0.00,1.00,15.00,470.00,5493.00,1417.00,18.25,931307.56
2.05,0.00,0.00,1.00,15.00,456.00,5499.00,1425.00,18.10,932825.16
2.06,0.00,0.00,1.00,15.00,440.00,5510.00,1430.00,17.97,934375.87
2.06,0.00,0.00,0.00,16.00,423.00,5517.00,1440.00,16.35,935896.71
2.07,0.00,0.00,0.00,16.00,412.00,5518.00,1450.00,14.87,937300.15
2.08,0.00,0.00,0.00,16.00,401.00,5515.00,1464.00,13.53,938536.31
2.08,0.00,0.00,0.00,16.00,389.00,5522.00,1469.00,12.31,939769.99
2.09,0.00,0.00,0.00,16.00,377.00,5525.00,1478.00,11.20,940941.32
2.10,0.00,0.00,0.00,16.00,366.00,5527.00,1487.00,10.19,942040.70
2.10,0.00,0.00,0.00,16.00,355.00,5527.00,1498.00,9.27,943044.35
2.11,0.00,0.00,0.00,16.00,344.00,5531.00,1505.00,8.43,944020.70
2.12,0.00,0.00,0.00,16.00,333.00,5537.00,1510.00,7.67,945002.17
2.12,0.00,0.00,0.00,16.00,322.00,5538.00,1520.00,6.98,945913.20
2.13,0.00,0.00,0.00,16.00,311.00,5538.00,1531.00,6.35,946744.90
2.14,0.00,0.00,0.00,16.00,304.00,5536.00,1540.00,5.77,947474.14
2.15,0.00,0.00,0.00,16.00,293.00,5540.00,1547.00,5.25,948199.97
2.15,0.00,0.00,0.00,16.00,288.00,5539.00,1553.00,4.78,948847.57
2.16,0.00,0.00,0.00,16.00,280.00,5541.00,1559.00,4.35,949468.83
2.17,0.00,0.00,0.00,16.00,271.00,5541.00,1568.00,3.95,950035.99
2.17,0.00,0.00,0.00,16.00,263.00,5541.00,1576.00,3.60,950553.77
2.18,0.00,0.00,0.00,16.00,258.00,5537.00,1585.00,3.27,950966.36
2.19,0.00,0.00,0.00,16.00,254.00,5528.00,1598.00,2.98,951207.83
2.19,0.00,0.00,0.00,16.00,248.00,5528.00,1604.00,2.71,951428.26
2.20,0.00,0.00,0.00,16.00,236.00,5528.00,1616.00,2.46,951629.51
2.21,0.00,0.00,0.00,16.00,229.00,5527.00,1624.00,2.24,951798.20
2.22,0.00,0.00,0.00,16.00,220.00,5530.00,1630.00,2.04,951997.28
2.22,0.00,0.00,0.00,16.00,219.00,5520.00,1641.00,1.86,952028.79
2.23,0.00,0.00,0.00,16.00,211.00,5523.00,1646.00,1.69,952102.62
2.24,0.00,0.00,0.00,16.00,206.00,5518.00,1656.00,1.54,952094.91
2.24,0.00,0.00,0.00,16.00,199.00,5520.00,1661.00,1.40,952117.92
2.25,0.00,0.00,0.00,16.00,192.00,5523.00,1665.00,1.27,952183.99
2.26,0.00,0.00,0.00,16.00,185.00,5520.00,1675.00,1.16,952199.24
2.26,0.00,0.00,0.00,16.00,177.00,5522.00,1681.00,1.05,952243.21
2.27,0.00,0.00,0.00,16.00,171.00,5521.00,1688.00,0.96,952268.33
2.28,0.00,0.00,0.00,16.00,166.00,5520.00,1694.00,0.87,952276.24
2.28,0.00,0.00,0.00,16.00,160.00,5517.00,1703.00,0.79,952238.39
2.29,0.00,0.00,0.00,16.00,156.00,5515.00,1709.00,0.72,952173.78
2.30,0.00,0.00,0.00,16.00,153.00,5512.00,1715.00,0.66,952069.74
2.31,0.00,0.00,0.00,16.00,148.00,5507.00,1725.00,0.60,951899.64
2.31,0.00,0.00,0.00,16.00,142.00,5508.00,1730.00,0.54,951759.37
2.32,0.00,0.00,0.00,16.00,139.00,5506.00,1735.00,0.49,951601.27
2.33,0.00,0.00,0.00,16.00,136.00,5503.00,1741.00,0.45,951411.87
2.33,0.00,0.00,0.00,16.00,133.00,5495.00,1752.00,0.41,951118.78
2.34,0.00,0.00,0.00,16.00,129.00,5493.00,1758.00,0.37,950821.16
2.35,0.00,0.00,0.00,16.00,127.00,5490.00,1763.00,0.34,950504.38
2.35,0.00,0.00,0.00,16.00,123.00,5483.00,1774.00,0.31,950110.03
2.36,0.00,0.00,0.00,16.00,121.00,5474.00,1785.00,0.28,949614.81
2.37,0.00,0.00,0.00,16.00,117.00,5472.00,1791.00,0.25,949132.67
2.38,0.00,0.00,0.00,16.00,116.00,5468.00,1796.00,0.23,948632.41
2.38,0.00,0.00,0.00,16.00,114.00,5463.00,1803.00,0.21,948100.60
2.39,0.00,0.00,0.00,16.00,113.00,5455.00,1812.00,0.19,947494.91
2.40,0.00,0.00,0.00,16.00,108.00,5451.00,1821.00,0.17,946881.87
2.40,0.00,0.00,0.00,16.00,104.00,5448.00,1828.00,0.16,946277.15
2.41,0.00,0.00,0.00,16.00,102.00,5443.00,1835.00,0.14,945649.96
2.42,0.00,0.00,0.00,16.00,99.00,5441.00,1840.00,0.13,945047.34
2.42,0.00,0.00,0.00,16.00,95.00,5438.00,1847.00,0.12,944452.13
2.43,0.00,0.00,0.00,16.00,94.00,5428.00,1858.00,0.11,943758.51
2.44,0.00,0.00,0.00,16.00,90.00,5428.00,1862.00,0.10,943125.29
2.44,0.00,0.00,0.00,16.00,87.00,5425.00,1868.00,0.09,942502.14
2.45,0.00,0.00,0.00,16.00,85.00,5417.00,1878.00,0.08,941813.06
2.46,0.00,0.00,0.00,16.00,83.00,5411.00,1886.00,0.07,941093.85
2.47,0.00,0.00,0.00,16.00,82.00,5404.00,1894.00,0.07,940332.10
2.47,0.00,0.00,0.00,16.00,80.00,5400.00,1900.00,0.06,939576.59
2.48,0.00,0.00,0.00,16.00,77.00,5396.00,1907.00,0.06,938826.78
2.49,0.00,0.00,0.00,16.00,75.00,5389.00,1916.00,0.05,938037.09
2.49,0.00,0.00,0.00,16.00,71.00,5380.00,1929.00,0.05,937180.96
2.50,0.00,0.00,0.00,16.00,66.00,5379.00,1935.00,0.04,936384.35
2.51,0.00,0.00,0.00,16.00,64.00,5371.00,1945.00,0.04,935536.93
2.51,0.00,0.00,0.00,16.00,60.00,5368.00,1952.00,0.03,934718.22
2.52,0.00,0.00,0.00,16.00,60.00,5360.00,1960.00,0.03,933850.62
2.53,0.00,0.00,0.00,16.00,57.00,5356.00,1967.00,0.03,932998.47
2.53,0.00,0.00,0.00,16.00,54.00,5355.00,1971.00,0.03,932205.51
2.54,0.00,0.00,0.00,16.00,49.00,5358.00,1973.00,0.02,931526.66
2.55,0.00,0.00,0.00,16.00,47.00,5351.00,1982.00,0.02,930801.76
2.56,0.00,0.00,0.00,16.00,44.00,5349.00,1987.00,0.02,930109.93
2.56,0.00,0.00,0.00,16.00,43.00,5342.00,1995.00,0.02,929373.19
2.57,0.00,0.00,0.00,16.00,43.00,5337.00,2000.00,0.02,928625.48
2.58,0.00,0.00,0.00,16.00,43.00,5328.00,2009.00,0.01,927807.67
2.58,0.00,0.00,0.00,16.00,43.00,5314.00,2023.00,0.01,926850.75
2.59,0.00,0.00,0.00,16.00,42.00,5310.00,2028.00,0.01,925917.06
2.60,0.00,0.00,0.00,16.00,42.00,5307.00,2031.00,0.01,925019.60
2.60,0.00,0.00,0.00,16.00,42.00,5300.00,2038.00,0.01,924095.13
2.61,0.00,0.00,0.00,16.00,41.00,5297.00,2042.00,0.01,923206.09
2.62,0.00,0.00,0.00,16.00,40.00,5291.00,2049.00,0.01,922304.32
2.62,0.00,0.00,0.00,16.00,39.00,5282.00,2059.00,0.01,921345.87
2.63,0.00,0.00,0.00,16.00,39.00,5271.00,2070.00,0.01,920305.62
2.64,0.00,0.00,0.00,16.00,39.00,5267.00,2074.00,0.01,919295.86
2.65,0.00,0.00,0.00,16.00,38.00,5260.00,2082.00,0.01,918268.87
2.65,0.00,0.00,0.00,16.00,37.00,5256.00,2087.00,0.01,917271.20
2.66,0.00,0.00,0.00,16.00,37.00,5248.00,2095.00,0.00,916240.23
2.67,0.00,0.00,0.00,16.00,34.00,5242.00,2104.00,0.00,915208.89
2.67,0.00,0.00,0.00,16.00,34.00,5234.00,2112.00,0.00,914147.17
2.68,0.00,0.00,0.00,16.00,34.00,5230.00,2116.00,0.00,913117.81
2.69,0.00,0.00,0.00,16.00,34.00,5220.00,2126.00,0.00,912027.84
2.69,0.00,0.00,0.00,16.00,34.00,5212.00,2134.00,0.00,910912.61
2.70,0.00,0.00,0.00,16.00,33.00,5207.00,2140.00,0.00,909819.37
2.71,0.00,0.00,0.00,16.00,31.00,5209.00,2140.00,0.00,908851.37
2.72,0.00,0.00,0.00,16.00,30.00,5203.00,2147.00,0.00,907877.52
2.72,0.00,0.00,0.00,16.00,27.00,5197.00,2156.00,0.00,906898.33
2.73,0.00,0.00,0.00,16.00,27.00,5190.00,2163.00,0.00,905899.24
2.74,0.00,0.00,0.00,16.00,27.00,5178.00,2175.00,0.00,904806.87
2.74,0.00,0.00,0.00,16.00,27.00,5171.00,2182.00,0.00,903704.46
2.75,0.00,0.00,0.00,16.00,27.00,5165.00,2188.00,0.00,902607.91
2.76,0.00,0.00,0.00,16.00,27.00,5163.00,2190.00,0.00,901576.79
2.76,0.00,0.00,0.00,16.00,25.00,5154.00,2201.00,0.00,900500.25
2.77,0.00,0.00,0.00,16.00,25.00,5151.00,2204.00,0.00,899472.38
2.78,0.00,0.00,0.00,16.00,25.00,5143.00,2212.00,0.00,898413.82
2.78,0.00,0.00,0.00,16.00,23.00,5138.00,2219.00,0.00,897372.33
2.79,0.00,0.00,0.00,16.00,23.00,5130.00,2227.00,0.00,896301.34
2.80,0.00,0.00,0.00,16.00,22.00,5126.00,2232.00,0.00,895263.52
2.81,0.00,0.00,0.00,16.00,22.00,5119.00,2239.00,0.00,894210.90
2.81,0.00,0.00,0.00,16.00,20.00,5109.00,2251.00,0.00,893099.71
2.82,0.00,0.00,0.00,16.00,20.00,5103.00,2257.00,0.00,891995.14
2.83,0.00,0.00,0.00,16.00,20.00,5093.00,2267.00,0.00,890836.52
2.83,0.00,0.00,0.00,16.00,20.00,5085.00,2275.00,0.00,889658.60
2.84,0.00,0.00,0.00,16.00,19.00,5072.00,2289.00,0.00,888387.95
2.85,0.00,0.00,0.00,16.00,16.00,5071.00,2293.00,0.00,887212.92
2.85,0.00,0.00,0.00,16.00,15.00,5062.00,2303.00,0.00,886005.00
2.86,0.00,0.00,0.00,16.00,15.00,5056.00,2309.00,0.00,884812.12
2.87,0.00,0.00,0.00,16.00,14.00,5047.00,2319.00,0.00,883587.90
2.88,0.00,0.00,0.00,16.00,14.00,5040.00,2326.00,0.00,882365.13
2.88,0.00,0.00,0.00,16.00,13.00,5034.00,2333.00,0.00,881158.69
2.89,0.00,0.00,0.00,16.00,13.00,5024.00,2343.00,0.00,879907.06
2.90,0.00,0.00,0.00,16.00,13.00,5013.00,2354.00,0.00,878599.17
2.90,0.00,0.00,0.00,16.00,13.00,5006.00,2361.00,0.00,877300.01
2.91,0.00,0.00,0.00,16.00,13.00,5002.00,2365.00,0.00,876053.88
2.92,0.00,0.00,0.00,16.00,13.00,4998.00,2369.00,0.00,874856.16
2.92,0.00,0.00,0.00,16.00,13.00,4993.00,2374.00,0.00,873687.62
2.93,0.00,0.00,0.00,16.00,12.00,4988.00,2380.00,0.00,872545.72
2.94,0.00,0.00,0.00,16.00,12.00,4982.00,2386.00,0.00,871413.11
2.94,0.00,0.00,0.00,16.00,12.00,4973.00,2395.00,0.00,870243.91
2.95,0.00,0.00,0.00,16.00,12.00,4966.00,2402.00,0.00,869071.37
2.96,0.00,0.00,0.00,16.00,12.00,4955.00,2413.00,0.00,867835.66
2.97,0.00,0.00,0.00,16.00,12.00,4949.00,2419.00,0.00,866617.42
2.97,0.00,0.00,0.00,16.00,12.00,4944.00,2424.00,0.00,865430.15
2.98,0.00,0.00,0.00,16.00,12.00,4932.00,2436.00,0.00,864165.98
2.99,0.00,0.00,0.00,16.00,12.00,4926.00,2442.00,0.00,862921.75
2.99,0.00,0.00,0.00,16.00,12.00,4914.00,2454.00,0.00,861605.58
3.00,0.00,0.00,0.00,16.00,12.00,4909.00,2459.00,0.00,860328.91
3.01,0.00,0.00,0.00,16.00,11.00,4902.00,2467.00,0.00,859058.24
3.01,0.00,0.00,0.00,16.00,11.00,4889.00,2480.00,0.00,857702.92
3.02,0.00,0.00,0.00,16.00,11.00,4880.00,2489.00,0.00,856330.40
3.03,0.00,0.00,0.00,16.00,9.00,4880.00,2491.00,0.00,855077.40
3.03,0.00,0.00,0.00,16.00,8.00,4873.00,2499.00,0.00,853828.34
3.04,0.00,0.00,0.00,16.00,7.00,4869.00,2504.00,0.00,852627.95
3.05,0.00,0.00,0.00,16.00,6.00,4864.00,2510.00,0.00,851456.97
3.06,0.00,0.00,0.00,16.00,6.00,4857.00,2517.00,0.00,850282.79
3.06,0.00,0.00,0.00,16.00,6.00,4846.00,2528.00,0.00,849045.61
3.07,0.00,0.00,0.00,16.00,5.00,4839.00,2536.00,0.00,847810.98
3.08,0.00,0.00,0.00,16.00,5.00,4830.00,2545.00,0.00,846548.66
3.08,0.00,0.00,0.00,16.00,5.00,4827.00,2548.00,0.00,845351.19
3.09,0.00,0.00,0.00,16.00,5.00,4821.00,2554.00,0.00,844167.85
3.10,0.00,0.00,0.00,16.00,5.00,4813.00,2562.00,0.00,842967.36
3.10,0.00,0.00,0.00,16.00,5.00,4804.00,2571.00,0.00,841736.20
3.11,0.00,0.00,0.00,16.00,5.00,4797.00,2578.00,0.00,840507.08
3.12,0.00,0.00,0.00,16.00,5.00,4791.00,2584.00,0.00,839294.85
3.12,0.00,0.00,0.00,16.00,5.00,4783.00,2592.00,0.00,838067.99
3.13,0.00,0.00,0.00,16.00,5.00,4775.00,2600.00,0.00,836827.78
3.14,0.00,0.00,0.00,16.00,5.00,4769.00,2606.00,0.00,835605.42
3.15,0.00,0.00,0.00,16.00,5.00,4762.00,2613.00,0.00,834384.34
3.15,0.00,0.00,0.00,16.00,5.00,4759.00,2616.00,0.00,833224.51
3.16,0.00,0.00,0.00,16.00,5.00,4748.00,2627.00,0.00,832000.42
3.17,0.00,0.00,0.00,16.00,5.00,4737.00,2638.00,0.00,830717.67
3.17,0.00,0.00,0.00,16.00,5.00,4734.00,2641.00,0.00,829501.54
3.18,0.00,0.00,0.00,16.00,5.00,4728.00,2647.00,0.00,828301.17
3.19,0.00,0.00,0.00,16.00,5.00,4717.00,2658.00,0.00,827040.08
3.19,0.00,0.00,0.00,16.00,5.00,4707.00,2668.00,0.00,825738.56
3.20,0.00,0.00,0.00,16.00,5.00,4701.00,2674.00,0.00,824460.23
3.21,0.00,0.00,0.00,16.00,5.00,4696.00,2679.00,0.00,823218.10
3.22,0.00,0.00,0.00,16.00,5.00,4692.00,2683.00,0.00,822024.03
3.22,0.00,0.00,0.00,16.00,5.00,4685.00,2690.00,0.00,820828.78
3.23,0.00,0.00,0.00,16.00,5.00,4669.00,2706.00,0.00,819497.24
3.24,0.00,0.00,0.00,16.00,5.00,4665.00,2710.00,0.00,818221.55
3.24,0.00,0.00,0.00,16.00,5.00,4657.00,2718.00,0.00,816936.76
3.25,0.00,0.00,0.00,16.00,5.00,4646.00,2729.00,0.00,815598.58
3.26,0.00,0.00,0.00,16.00,5.00,4637.00,2738.00,0.00,814241.72
3.26,0.00,0.00,0.00,16.00,5.00,4628.00,2747.00,0.00,812867.81
3.27,0.00,0.00,0.00,16.00,4.00,4621.00,2755.00,0.00,811508.36
3.28,0.00,0.00,0.00,16.00,4.00,4618.00,2758.00,0.00,810222.23
3.28,0.00,0.00,0.00,16.00,4.00,4606.00,2770.00,0.00,808867.80
3.29,0.00,0.00,0.00,16.00,4.00,4598.00,2778.00,0.00,807511.13
3.30,0.00,0.00,0.00,16.00,4.00,4592.00,2784.00,0.00,806182.45
3.31,0.00,0.00,0.00,16.00,4.00,4581.00,2795.00,0.00,804804.22
3.31,0.00,0.00,0.00,16.00,4.00,4578.00,2798.00,0.00,803500.93
3.32,0.00,0.00,0.00,16.00,4.00,4576.00,2800.00,0.00,802281.07
3.33,0.00,0.00,0.00,16.00,4.00,4568.00,2808.00,0.00,801047.25
3.33,0.00,0.00,0.00,16.00,4.00,4561.00,2815.00,0.00,799815.71
3.34,0.00,0.00,0.00,16.00,4.00,4548.00,2828.00,0.00,798496.10
3.35,0.00,0.00,0.00,16.00,4.00,4543.00,2833.00,0.00,797216.28
3.35,0.00,0.00,0.00,16.00,4.00,4531.00,2845.00,0.00,795867.63
3.36,0.00,0.00,0.00,16.00,4.00,4522.00,2854.00,0.00,794501.21
3.37,0.00,0.00,0.00,16.00,4.00,4516.00,2860.00,0.00,793163.63
3.38,0.00,0.00,0.00,16.00,4.00,4512.00,2864.00,0.00,791882.42
3.38,0.00,0.00,0.00,16.00,4.00,4511.00,2865.00,0.00,790697.76
3.39,0.00,0.00,0.00,16.00,4.00,4502.00,2874.00,0.00,789481.04
3.40,0.00,0.00,0.00,16.00,4.00,4499.00,2877.00,0.00,788325.20
3.40,0.00,0.00,0.00,16.00,4.00,4488.00,2888.00,0.00,787104.76
3.41,0.00,0.00,0.00,16.00,4.00,4481.00,2895.00,0.00,785885.42
3.42,0.00,0.00,0.00,16.00,4.00,4471.00,2905.00,0.00,784622.02
3.42,0.00,0.00,0.00,16.00,4.00,4466.00,2910.00,0.00,783393.53
3.43,0.00,0.00,0.00,16.00,4.00,4459.00,2917.00,0.00,782166.84
3.44,0.00,0.00,0.00,16.00,4.00,4458.00,2918.00,0.00,781031.95
3.44,0.00,0.00,0.00,16.00,4.00,4446.00,2930.00,0.00,779815.59
3.45,0.00,0.00,0.00,16.00,4.00,4440.00,2936.00,0.00,778615.02
3.46,0.00,0.00,0.00,16.00,4.00,4433.00,2943.00,0.00,777413.82
3.47,0.00,0.00,0.00,16.00,4.00,4424.00,2952.00,0.00,776182.02
3.47,0.00,0.00,0.00,16.00,3.00,4419.00,2958.00,0.00,774982.35
3.48,0.00,0.00,0.00,16.00,2.00,4411.00,2967.00,0.00,773766.97
3.49,0.00,0.00,0.00,16.00,2.00,4409.00,2969.00,0.00,772627.37
3.49,0.00,0.00,0.00,16.00,2.00,4397.00,2981.00,0.00,771406.72
3.50,0.00,0.00,0.00,16.00,2.00,4391.00,2987.00,0.00,770202.22
3.51,0.00,0.00,0.00,16.00,2.00,4385.00,2993.00,0.00,769012.47
3.51,0.00,0.00,0.00,16.00,1.00,4379.00,3000.00,0.00,767836.18
3.52,0.00,0.00,0.00,16.00,1.00,4369.00,3010.00,0.00,766612.08
3.53,0.00,0.00,0.00,16.00,1.00,4365.00,3014.00,0.00,765434.48
3.53,0.00,0.00,0.00,16.00,1.00,4356.00,3023.00,0.00,764224.21
3.54,0.00,0.00,0.00,16.00,1.00,4341.00,3038.00,0.00,762893.99
3.55,0.00,0.00,0.00,16.00,1.00,4330.00,3049.00,0.00,761514.33
3.56,0.00,0.00,0.00,16.00,1.00,4324.00,3055.00,0.00,760164.68
3.56,0.00,0.00,0.00,16.00,1.00,4317.00,3062.00,0.00,758827.38
3.57,0.00,0.00,0.00,16.00,1.00,4305.00,3074.00,0.00,757426.26
3.58,0.00,0.00,0.00,16.00,1.00,4296.00,3083.00,0.00,756011.92
3.58,0.00,0.00,0.00,16.00,1.00,4286.00,3093.00,0.00,754570.52
3.59,0.00,0.00,0.00,16.00,1.00,4278.00,3101.00,0.00,753134.44
3.60,0.00,0.00,0.00,16.00,1.00,4269.00,3110.00,0.00,751688.20
3.60,0.00,0.00,0.00,16.00,1.00,4263.00,3116.00,0.00,750277.75
3.61,0.00,0.00,0.00,16.00,1.00,4261.00,3118.00,0.00,748960.08
3.62,0.00,0.00,0.00,16.00,0.00,4256.00,3124.00,0.00,747682.02
3.62,0.00,0.00,0.00,16.00,0.00,4246.00,3134.00,0.00,746365.02
3.63,0.00,0.00,0.00,16.00,0.00,4241.00,3139.00,0.00,745087.59
3.64,0.00,0.00,0.00,16.00,0.00,4234.00,3146.00,0.00,743816.23
3.65,0.00,0.00,0.00,16.00,0.00,4222.00,3158.00,0.00,742475.29
3.65,0.00,0.00,0.00,16.00,0.00,4213.00,3167.00,0.00,741115.91
3.66,0.00,0.00,0.00,16.00,0.00,4202.00,3178.00,0.00,739709.65
3.67,0.00,0.00,0.00,16.00,0.00,4194.00,3186.00,0.00,738305.65
3.67,0.00,0.00,0.00,16.00,0.00,4189.00,3191.00,0.00,736948.79
3.68,0.00,0.00,0.00,16.00,0.00,4177.00,3203.00,0.00,735529.81
3.69,0.00,0.00,0.00,16.00,0.00,4168.00,3212.00,0.00,734099.17
3.69,0.00,0.00,0.00,16.00,0.00,4162.00,3218.00,0.00,732702.97
3.70,0.00,0.00,0.00,16.00,0.00,4153.00,3227.00,0.00,731293.14
3.71,0.00,0.00,0.00,16.00,0.00,4147.00,3233.00,0.00,729915.93
3.72,0.00,0.00,0.00,16.00,0.00,4142.00,3238.00,0.00,728583.53
3.72,0.00,0.00,0.00,16.00,0.00,4137.00,3243.00,0.00,727292.03
3.73,0.00,0.00,0.00,16.00,0.00,4126.00,3254.00,0.00,725947.74
3.74,0.00,0.00,0.00,16.00,0.00,4117.00,3263.00,0.00,724585.29
3.74,0.00,0.00,0.00,16.00,0.00,4110.00,3270.00,0.00,723236.32
3.75,0.00,0.00,0.00,16.00,0.00,4105.00,3275.00,0.00,721929.70
3.76,0.00,0.00,0.00,16.00,0.00,4096.00,3284.00,0.00,720601.64
3.76,0.00,0.00,0.00,16.00,0.00,4086.00,3294.00,0.00,719238.99
3.77,0.00,0.00,0.00,16.00,0.00,4084.00,3296.00,0.00,717964.96
3.78,0.00,0.00,0.00,16.00,0.00,4080.00,3300.00,0.00,716741.76
3.78,0.00,0.00,0.00,16.00,0.00,4068.00,3312.00,0.00,715444.81
3.79,0.00,0.00,0.00,16.00,0.00,4063.00,3317.00,0.00,714185.66
3.80,0.00,0.00,0.00,16.00,0.00,4054.00,3326.00,0.00,712900.96
3.81,0.00,0.00,0.00,16.00,0.00,4047.00,3333.00,0.00,711622.95
3.81,0.00,0.00,0.00,16.00,0.00,4037.00,3343.00,0.00,710306.00
3.82,0.00,0.00,0.00,16.00,0.00,4033.00,3347.00,0.00,709043.63
3.83,0.00,0.00,0.00,16.00,0.00,4029.00,3351.00,0.00,707831.10
3.83,0.00,0.00,0.00,16.00,0.00,4021.00,3359.00,0.00,706603.96
3.84,0.00,0.00,0.00,16.00,0.00,4018.00,3362.00,0.00,705438.60
3.85,0.00,0.00,0.00,16.00,0.00,4010.00,3370.00,0.00,704254.54
3.85,0.00,0.00,0.00,16.00,0.00,4006.00,3374.00,0.00,703113.48
3.86,0.00,0.00,0.00,16.00,0.00,4002.00,3378.00,0.00,702011.69
3.87,0.00,0.00,0.00,16.00,0.00,3997.00,3383.00,0.00,700930.73
3.88,0.00,0.00,0.00,16.00,0.00,3995.00,3385.00,0.00,699913.84
3.88,0.00,0.00,0.00,16.00,0.00,3986.00,3394.00,0.00,698850.30
3.89,0.00,0.00,0.00,16.00,0.00,3979.00,3401.00,0.00,697774.20
3.90,0.00,0.00,0.00,16.00,0.00,3972.00,3408.00,0.00,696686.64
3.90,0.00,0.00,0.00,16.00,0.00,3963.00,3417.00,0.00,695558.57
3.91,0.00,0.00,0.00,16.00,0.00,3957.00,3423.00,0.00,694438.59
3.92,0.00,0.00,0.00,16.00,0.00,3950.00,3430.00,0.00,693310.98
3.92,0.00,0.00,0.00,16.00,0.00,3942.00,3438.00,0.00,692161.36
3.93,0.00,0.00,0.00,16.00,0.00,3939.00,3441.00,0.00,691066.79
3.94,0.00,0.00,0.00,16.00,0.00,3936.00,3444.00,0.00,690022.45
3.94,0.00,0.00,0.00,16.00,0.00,3925.00,3455.00,0.00,688903.80
3.95,0.00,0.00,0.00,16.00,0.00,3918.00,3462.00,0.00,687777.39
3.96,0.00,0.00,0.00,16.00,0.00,3912.00,3468.00,0.00,686658.92
3.97,0.00,0.00,0.00,16.00,0.00,3907.00,3473.00,0.00,685562.74
3.97,0.00,0.00,0.00,16.00,0.00,3902.00,3478.00,0.00,684486.88
3.98,0.00,0.00,0.00,16.00,0.00,3897.00,3483.00,0.00,683429.60
3.99,0.00,0.00,0.00,16.00,0.00,3892.00,3488.00,0.00,682389.26
3.99,0.00,0.00,0.00,16.00,0.00,3883.00,3497.00,0.00,681304.30
4.00,0.00,0.00,0.00,16.00,0.00,3874.00,3506.00,0.00,680178.61
4.01,0.00,0.00,0.00,16.00,0.00,3866.00,3514.00,0.00,679030.75
4.01,0.00,0.00,0.00,16.00,0.00,3858.00,3522.00,0.00,677862.66
4.02,0.00,0.00,0.00,16.00,0.00,3850.00,3530.00,0.00,676676.10
4.03,0.00,0.00,0.00,16.00,0.00,3844.00,3536.00,0.00,675502.72
4.03,0.00,0.00,0.00,16.00,0.00,3833.00,3547.00,0.00,674266.26
4.04,0.00,0.00,0.00,16.00,0.00,3831.00,3549.00,0.00,673107.42
4.05,0.00,0.00,0.00,16.00,0.00,3826.00,3554.00,0.00,671974.37
4.06,0.00,0.00,0.00,16.00,0.00,3820.00,3560.00,0.00,670849.84
4.06,0.00,0.00,0.00,16.00,0.00,3814.00,3566.00,0.00,669733.09
4.07,0.00,0.00,0.00,16.00,0.00,3808.00,3572.00,0.00,668623.45
4.08,0.00,0.00,0.00,16.00,0.00,3800.00,3580.00,0.00,667490.25
4.08,0.00,0.00,0.00,16.00,0.00,3792.00,3588.00,0.00,666335.53
4.09,0.00,0.00,0.00,16.00,0.00,3786.00,3594.00,0.00,665191.22
4.10,0.00,0.00,0.00,16.00,0.00,3776.00,3604.00,0.00,663996.33
4.10,0.00,0.00,0.00,16.00,0.00,3772.00,3608.00,0.00,662845.39
4.11,0.00,0.00,0.00,16.00,0.00,3762.00,3618.00,0.00,661644.44
4.12,0.00,0.00,0.00,16.00,0.00,3756.00,3624.00,0.00,660457.92
4.12,0.00,0.00,0.00,16.00,0.00,3751.00,3629.00,0.00,659299.60
4.13,0.00,0.00,0.00,16.00,0.00,3745.00,3635.00,0.00,658152.01
4.14,0.00,0.00,0.00,16.00,0.00,3739.00,3641.00,0.00,657014.20
4.15,0.00,0.00,0.00,16.00,0.00,3734.00,3646.00,0.00,655900.36
4.15,0.00,0.00,0.00,16.00,0.00,3725.00,3655.00,0.00,654748.30
4.16,0.00,0.00,0.00,16.00,0.00,3720.00,3660.00,0.00,653621.44
4.17,0.00,0.00,0.00,16.00,0.00,3707.00,3673.00,0.00,652397.40
4.17,0.00,0.00,0.00,16.00,0.00,3702.00,3678.00,0.00,651204.83
4.18,0.00,0.00,0.00,16.00,0.00,3693.00,3687.00,0.00,649980.89
4.19,0.00,0.00,0.00,16.00,0.00,3682.00,3698.00,0.00,648698.28
4.19,0.00,0.00,0.00,16.00,0.00,3674.00,3706.00,0.00,647407.16
4.20,0.00,0.00,0.00,16.00,0.00,3664.00,3716.00,0.00,646078.24
4.21,0.00,0.00,0.00,16.00,0.00,3652.00,3728.00,0.00,644684.76
4.22,0.00,0.00,0.00,16.00,0.00,3646.00,3734.00,0.00,643322.48
4.22,0.00,0.00,0.00,16.00,0.00,3639.00,3741.00,0.00,641973.66
4.23,0.00,0.00,0.00,16.00,0.00,3633.00,3747.00,0.00,640652.15
4.24,0.00,0.00,0.00,16.00,0.00,3627.00,3753.00,0.00,639355.58
4.24,0.00,0.00,0.00,16.00,0.00,3617.00,3763.00,0.00,638021.67
4.25,0.00,0.00,0.00,16.00,0.00,3609.00,3771.00,0.00,636683.73
4.26,0.00,0.00,0.00,16.00,0.00,3604.00,3776.00,0.00,635387.18
4.26,0.00,0.00,0.00,16.00,0.00,3595.00,3785.00,0.00,634068.32
4.27,0.00,0.00,0.00,16.00,0.00,3590.00,3790.00,0.00,632789.18
4.28,0.00,0.00,0.00,16.00,0.00,3578.00,3802.00,0.00,631441.15
4.28,0.00,0.00,0.00,16.00,0.00,3575.00,3805.00,0.00,630165.42
4.29,0.00,0.00,0.00,16.00,0.00,3565.00,3815.00,0.00,628850.56
4.30,0.00,0.00,0.00,16.00,0.00,3557.00,3823.00,0.00,627530.00
4.31,0.00,0.00,0.00,16.00,0.00,3550.00,3830.00,0.00,626219.27
4.31,0.00,0.00,0.00,16.00,0.00,3539.00,3841.00,0.00,624857.42
4.32,0.00,0.00,0.00,16.00,0.00,3529.00,3851.00,0.00,623463.92
4.33,0.00,0.00,0.00,16.00,0.00,3525.00,3855.00,0.00,622131.67
4.33,0.00,0.00,0.00,16.00,0.00,3518.00,3862.00,0.00,620810.26
4.34,0.00,0.00,0.00,16.00,0.00,3511.00,3869.00,0.00,619498.75
4.35,0.00,0.00,0.00,16.00,0.00,3506.00,3874.00,0.00,618226.33
4.35,0.00,0.00,0.00,16.00,0.00,3497.00,3883.00,0.00,616929.50
4.36,0.00,0.00,0.00,16.00,0.00,3491.00,3889.00,0.00,615655.46
4.37,0.00,0.00,0.00,16.00,0.00,3487.00,3893.00,0.00,614432.26
4.38,0.00,0.00,0.00,16.00,0.00,3482.00,3898.00,0.00,613240.45
4.38,0.00,0.00,0.00,16.00,0.00,3471.00,3909.00,0.00,611987.17
4.39,0.00,0.00,0.00,16.00,0.00,3466.00,3914.00,0.00,610767.91
4.40,0.00,0.00,0.00,16.00,0.00,3460.00,3920.00,0.00,609564.67
4.40,0.00,0.00,0.00,16.00,0.00,3455.00,3925.00,0.00,608391.09
4.41,0.00,0.00,0.00,16.00,0.00,3449.00,3931.00,0.00,607229.57
4.42,0.00,0.00,0.00,16.00,0.00,3431.00,3949.00,0.00,605898.76
4.42,0.00,0.00,0.00,16.00,0.00,3423.00,3957.00,0.00,604563.66
4.43,0.00,0.00,0.00,16.00,0.00,3409.00,3971.00,0.00,603134.48
4.44,0.00,0.00,0.00,16.00,0.00,3404.00,3976.00,0.00,601754.64
4.44,0.00,0.00,0.00,16.00,0.00,3396.00,3984.00,0.00,600374.76
4.45,0.00,0.00,0.00,16.00,0.00,3389.00,3991.00,0.00,599009.88
4.46,0.00,0.00,0.00,16.00,0.00,3383.00,3997.00,0.00,597673.71
4.47,0.00,0.00,0.00,16.00,0.00,3371.00,4009.00,0.00,596273.60
4.47,0.00,0.00,0.00,16.00,0.00,3367.00,4013.00,0.00,594935.32
4.48,0.00,0.00,0.00,16.00,0.00,3359.00,4021.00,0.00,593593.39
4.49,0.00,0.00,0.00,16.00,0.00,3352.00,4028.00,0.00,592263.15
4.49,0.00,0.00,0.00,16.00,0.00,3345.00,4035.00,0.00,590943.57
4.50,0.00,0.00,0.00,16.00,0.00,3339.00,4041.00,0.00,589648.76
4.51,0.00,0.00,0.00,16.00,0.00,3332.00,4048.00,0.00,588361.54
4.51,0.00,0.00,0.00,16.00,0.00,3321.00,4059.00,0.00,587021.14
4.52,0.00,0.00,0.00,16.00,0.00,3311.00,4069.00,0.00,585647.24
4.53,0.00,0.00,0.00,16.00,0.00,3299.00,4081.00,0.00,584212.69
4.53,0.00,0.00,0.00,16.00,0.00,3290.00,4090.00,0.00,582767.84
4.54,0.00,0.00,0.00,16.00,0.00,3287.00,4093.00,0.00,581403.74
4.55,0.00,0.00,0.00,16.00,0.00,3282.00,4098.00,0.00,580083.30
4.56,0.00,0.00,0.00,16.00,0.00,3276.00,4104.00,0.00,578787.71
4.56,0.00,0.00,0.00,16.00,0.00,3269.00,4111.00,0.00,577499.76
4.57,0.00,0.00,0.00,16.00,0.00,3260.00,4120.00,0.00,576188.76
4.58,0.00,0.00,0.00,16.00,0.00,3250.00,4130.00,0.00,574841.68
4.58,0.00,0.00,0.00,16.00,0.00,3242.00,4138.00,0.00,573491.72
4.59,0.00,0.00,0.00,16.00,0.00,3232.00,4148.00,0.00,572109.07
4.60,0.00,0.00,0.00,16.00,0.00,3225.00,4155.00,0.00,570741.66
4.60,0.00,0.00,0.00,16.00,0.00,3219.00,4161.00,0.00,569403.18
4.61,0.00,0.00,0.00,16.00,0.00,3208.00,4172.00,0.00,568015.99
4.62,0.00,0.00,0.00,16.00,0.00,3195.00,4185.00,0.00,566554.29
4.62,0.00,0.00,0.00,16.00,0.00,3184.00,4196.00,0.00,565054.62
4.63,0.00,0.00,0.00,16.00,0.00,3174.00,4206.00,0.00,563535.30
4.64,0.00,0.00,0.00,16.00,0.00,3166.00,4214.00,0.00,562028.10
4.65,0.00,0.00,0.00,16.00,0.00,3164.00,4216.00,0.00,560622.08
4.65,0.00,0.00,0.00,16.00,0.00,3160.00,4220.00,0.00,559278.41
4.66,0.00,0.00,0.00,16.00,0.00,3150.00,4230.00,0.00,557901.51
4.67,0.00,0.00,0.00,16.00,0.00,3140.00,4240.00,0.00,556494.27
4.67,0.00,0.00,0.00,16.00,0.00,3132.00,4248.00,0.00,555089.38
4.68,0.00,0.00,0.00,16.00,0.00,3122.00,4258.00,0.00,553656.59
4.69,0.00,0.00,0.00,16.00,0.00,3120.00,4260.00,0.00,552318.52
4.69,0.00,0.00,0.00,16.00,0.00,3111.00,4269.00,0.00,550961.76
4.70,0.00,0.00,0.00,16.00,0.00,3103.00,4277.00,0.00,549602.95
4.71,0.00,0.00,0.00,16.00,0.00,3094.00,4286.00,0.00,548227.25
4.72,0.00,0.00,0.00,16.00,0.00,3087.00,4293.00,0.00,546866.18
4.72,0.00,0.00,0.00,16.00,0.00,3080.00,4300.00,0.00,545518.47
4.73,0.00,0.00,0.00,16.00,0.00,3075.00,4305.00,0.00,544212.99
4.74,0.00,0.00,0.00,16.00,0.00,3069.00,4311.00,0.00,542931.05
4.74,0.00,0.00,0.00,16.00,0.00,3060.00,4320.00,0.00,541625.53
4.75,0.00,0.00,0.00,16.00,0.00,3054.00,4326.00,0.00,540343.55
4.76,0.00,0.00,0.00,16.00,0.00,3047.00,4333.00,0.00,539068.04
4.76,0.00,0.00,0.00,16.00,0.00,3039.00,4341.00,0.00,537783.41
4.77,0.00,0.00,0.00,16.00,0.00,3032.00,4348.00,0.00,536505.48
4.78,0.00,0.00,0.00,16.00,0.00,3027.00,4353.00,0.00,535263.71
4.78,0.00,0.00,0.00,16.00,0.00,3022.00,4358.00,0.00,534054.95
4.79,0.00,0.00,0.00,16.00,0.00,3013.00,4367.00,0.00,532816.24
4.80,0.00,0.00,0.00,16.00,0.00,3007.00,4373.00,0.00,531595.25
4.81,0.00,0.00,0.00,16.00,0.00,2999.00,4381.00,0.00,530360.39
4.81,0.00,0.00,0.00,16.00,0.00,2992.00,4388.00,0.00,529127.90
4.82,0.00,0.00,0.00,16.00,0.00,2983.00,4397.00,0.00,527867.53
4.83,0.00,0.00,0.00,16.00,0.00,2976.00,4404.00,0.00,526611.73
4.83,0.00,0.00,0.00,16.00,0.00,2971.00,4409.00,0.00,525390.18
4.84,0.00,0.00,0.00,16.00,0.00,2959.00,4421.00,0.00,524094.71
4.85,0.00,0.00,0.00,16.00,0.00,2951.00,4429.00,0.00,522791.86
4.85,0.00,0.00,0.00,16.00,0.00,2943.00,4437.00,0.00,521482.28
4.86,0.00,0.00,0.00,16.00,0.00,2939.00,4441.00,0.00,520226.63
4.87,0.00,0.00,0.00,16.00,0.00,2933.00,4447.00,0.00,518990.18
4.88,0.00,0.00,0.00,16.00,0.00,2930.00,4450.00,0.00,517816.33
4.88,0.00,0.00,0.00,16.00,0.00,2922.00,4458.00,0.00,516624.51
4.89,0.00,0.00,0.00,16.00,0.00,2911.00,4469.00,0.00,515371.22
4.90,0.00,0.00,0.00,16.00,0.00,2906.00,4474.00,0.00,514151.93
4.90,0.00,0.00,0.00,16.00,0.00,2898.00,4482.00,0.00,512918.64
4.91,0.00,0.00,0.00,16.00,0.00,2892.00,4488.00,0.00,511702.60
4.92,0.00,0.00,0.00,16.00,0.00,2885.00,4495.00,0.00,510487.28
4.92,0.00,0.00,0.00,16.00,0.00,2878.00,4502.00,0.00,509272.62
4.93,0.00,0.00,0.00,16.00,0.00,2866.00,4514.00,0.00,507983.46
4.94,0.00,0.00,0.00,16.00,0.00,2862.00,4518.00,0.00,506746.46
4.94,0.00,0.00,0.00,16.00,0.00,2855.00,4525.00,0.00,505512.01
4.95,0.00,0.00,0.00,16.00,0.00,2845.00,4535.00,0.00,504234.82
4.96,0.00,0.00,0.00,16.00,0.00,2837.00,4543.00,0.00,502948.65
4.97,0.00,0.00,0.00,16.00,0.00,2826.00,4554.00,0.00,501609.23
4.97,0.00,0.00,0.00,16.00,0.00,2810.00,4570.00,0.00,500146.07
4.98,0.00,0.00,0.00,16.00,0.00,2801.00,4579.00,0.00,498675.11
4.99,0.00,0.00,0.00,16.00,0.00,2794.00,4586.00,0.00,497227.07
4.99,0.00,0.00,0.00,16.00,0.00,2783.00,4597.00,0.00,495739.86
5.00,0.00,0.00,0.00,16.00,0.00,2777.00,4603.00,0.00,494292.02
5.01,0.00,0.00,0.00,16.00,0.00,2769.00,4611.00,0.00,492850.06
5.01,0.00,0.00,0.00,16.00,0.00,2762.00,4618.00,0.00,491428.50
5.02,0.00,0.00,0.00,16.00,0.00,2756.00,4624.00,0.00,490040.59
5.03,0.00,0.00,0.00,16.00,0.00,2747.00,4633.00,0.00,488638.32
5.03,0.00,0.00,0.00,16.00,0.00,2744.00,4636.00,0.00,487313.09
5.04,0.00,0.00,0.00,16.00,0.00,2735.00,4645.00,0.00,485968.05
5.05,0.00,0.00,0.00,16.00,0.00,2731.00,4649.00,0.00,484680.03
5.06,0.00,0.00,0.00,16.00,0.00,2720.00,4660.00,0.00,483338.91
5.06,0.00,0.00,0.00,16.00,0.00,2713.00,4667.00,0.00,482009.42
5.07,0.00,0.00,0.00,16.00,0.00,2705.00,4675.00,0.00,480675.50
5.08,0.00,0.00,0.00,16.00,0.00,2701.00,4679.00,0.00,479397.65
5.08,0.00,0.00,0.00,16.00,0.00,2698.00,4682.00,0.00,478185.99
5.09,0.00,0.00,0.00,16.00,0.00,2695.00,4685.00,0.00,477034.77
5.10,0.00,0.00,0.00,16.00,0.00,2689.00,4691.00,0.00,475893.66
5.10,0.00,0.00,0.00,16.00,0.00,2682.00,4698.00,0.00,474746.75
5.11,0.00,0.00,0.00,16.00,0.00,2677.00,4703.00,0.00,473624.59
5.12,0.00,0.00,0.00,16.00,0.00,2671.00,4709.00,0.00,472510.01
5.12,0.00,0.00,0.00,16.00,0.00,2666.00,4714.00,0.00,471417.36
5.13,0.00,0.00,0.00,16.00,0.00,2656.00,4724.00,0.00,470269.63
5.14,0.00,0.00,0.00,16.00,0.00,2651.00,4729.00,0.00,469146.72
5.15,0.00,0.00,0.00,16.00,0.00,2642.00,4738.00,0.00,467986.38
5.15,0.00,0.00,0.00,16.00,0.00,2632.00,4748.00,0.00,466776.84
5.16,0.00,0.00,0.00,16.00,0.00,2627.00,4753.00,0.00,465597.52
5.17,0.00,0.00,0.00,16.00,0.00,2621.00,4759.00,0.00,464430.74
5.17,0.00,0.00,0.00,16.00,0.00,2613.00,4767.00,0.00,463245.38
5.18,0.00,0.00,0.00,16.00,0.00,2607.00,4773.00,0.00,462073.10
5.19,0.00,0.00,0.00,16.00,0.00,2601.00,4779.00,0.00,460912.75
5.19,0.00,0.00,0.00,16.00,0.00,2595.00,4785.00,0.00,459763.31
5.20,0.00,0.00,0.00,16.00,0.00,2583.00,4797.00,0.00,458533.67
5.21,0.00,0.00,0.00,16.00,0.00,2577.00,4803.00,0.00,457320.97
5.22,0.00,0.00,0.00,16.00,0.00,2568.00,4812.00,0.00,456078.66
5.22,0.00,0.00,0.00,16.00,0.00,2557.00,4823.00,0.00,454779.27
5.23,0.00,0.00,0.00,16.00,0.00,2548.00,4832.00,0.00,453457.82
5.24,0.00,0.00,0.00,16.00,0.00,2542.00,4838.00,0.00,452161.29
5.24,0.00,0.00,0.00,16.00,0.00,2532.00,4848.00,0.00,450827.43
5.25,0.00,0.00,0.00,16.00,0.00,2526.00,4854.00,0.00,449519.58
5.26,0.00,0.00,0.00,16.00,0.00,2517.00,4863.00,0.00,448190.40
5.26,0.00,0.00,0.00,16.00,0.00,2506.00,4874.00,0.00,446811.71
5.27,0.00,0.00,0.00,16.00,0.00,2500.00,4880.00,0.00,445462.93
5.28,0.00,0.00,0.00,16.00,0.00,2497.00,4883.00,0.00,444186.53
5.28,0.00,0.00,0.00,16.00,0.00,2492.00,4888.00,0.00,442946.16
5.29,0.00,0.00,0.00,16.00,0.00,2485.00,4895.00,0.00,441708.63
5.30,0.00,0.00,0.00,16.00,0.00,2479.00,4901.00,0.00,440488.72
5.31,0.00,0.00,0.00,16.00,0.00,2469.00,4911.00,0.00,439224.80
5.31,0.00,0.00,0.00,16.00,0.00,2461.00,4919.00,0.00,437950.76
5.32,0.00,0.00,0.00,16.00,0.00,2458.00,4922.00,0.00,436742.59
5.33,0.00,0.00,0.00,16.00,0.00,2455.00,4925.00,0.00,435594.54
5.33,0.00,0.00,0.00,16.00,0.00,2445.00,4935.00,0.00,434396.24
5.34,0.00,0.00,0.00,16.00,0.00,2442.00,4938.00,0.00,433257.21
5.35,0.00,0.00,0.00,16.00,0.00,2436.00,4944.00,0.00,432127.22
5.35,0.00,0.00,0.00,16.00,0.00,2431.00,4949.00,0.00,431020.51
5.36,0.00,0.00,0.00,16.00,0.00,2425.00,4955.00,0.00,429920.04
5.37,0.00,0.00,0.00,16.00,0.00,2418.00,4962.00,0.00,428810.22
5.38,0.00,0.00,0.00,16.00,0.00,2412.00,4968.00,0.00,427706.90
5.38,0.00,0.00,0.00,16.00,0.00,2405.00,4975.00,0.00,426594.50
5.39,0.00,0.00,0.00,16.00,0.00,2395.00,4985.00,0.00,425428.73
5.40,0.00,0.00,0.00,16.00,0.00,2393.00,4987.00,0.00,424334.42
5.40,0.00,0.00,0.00,16.00,0.00,2388.00,4992.00,0.00,423260.28
5.41,0.00,0.00,0.00,16.00,0.00,2383.00,4997.00,0.00,422204.56
5.42,0.00,0.00,0.00,16.00,0.00,2377.00,5003.00,0.00,421150.63
5.42,0.00,0.00,0.00,16.00,0.00,2372.00,5008.00,0.00,420113.36
5.43,0.00,0.00,0.00,16.00,0.00,2360.00,5020.00,0.00,418986.13
5.44,0.00,0.00,0.00,16.00,0.00,2348.00,5032.00,0.00,417776.77
5.44,0.00,0.00,0.00,16.00,0.00,2342.00,5038.00,0.00,416582.59
5.45,0.00,0.00,0.00,16.00,0.00,2334.00,5046.00,0.00,415372.20
5.46,0.00,0.00,0.00,16.00,0.00,2323.00,5057.00,0.00,414101.96
5.47,0.00,0.00,0.00,16.00,0.00,2317.00,5063.00,0.00,412852.18
5.47,0.00,0.00,0.00,16.00,0.00,2313.00,5067.00,0.00,411651.14
5.48,0.00,0.00,0.00,16.00,0.00,2307.00,5073.00,0.00,410464.54
5.49,0.00,0.00,0.00,16.00,0.00,2301.00,5079.00,0.00,409291.13
5.49,0.00,0.00,0.00,16.00,0.00,2295.00,5085.00,0.00,408129.75
5.50,0.00,0.00,0.00,16.00,0.00,2290.00,5090.00,0.00,406994.39
5.51,0.00,0.00,0.00,16.00,0.00,2280.00,5100.00,0.00,405807.66
5.51,0.00,0.00,0.00,16.00,0.00,2275.00,5105.00,0.00,404649.14
5.52,0.00,0.00,0.00,16.00,0.00,2270.00,5110.00,0.00,403516.39
5.53,0.00,0.00,0.00,16.00,0.00,2266.00,5114.00,0.00,402422.19
5.53,0.00,0.00,0.00,16.00,0.00,2257.00,5123.00,0.00,401288.05
5.54,0.00,0.00,0.00,16.00,0.00,2250.00,5130.00,0.00,400147.51
5.55,0.00,0.00,0.00,16.00,0.00,2239.00,5141.00,0.00,398941.03
5.56,0.00,0.00,0.00,16.00,0.00,2233.00,5147.00,0.00,397749.47
5.56,0.00,0.00,0.00,16.00,0.00,2224.00,5156.00,0.00,396526.45
5.57,0.00,0.00,0.00,16.00,0.00,2216.00,5164.00,0.00,395289.75
5.58,0.00,0.00,0.00,16.00,0.00,2204.00,5176.00,0.00,393980.45
5.58,0.00,0.00,0.00,16.00,0.00,2200.00,5180.00,0.00,392725.07
5.59,0.00,0.00,0.00,16.00,0.00,2194.00,5186.00,0.00,391488.86
5.60,0.00,0.00,0.00,16.00,0.00,2188.00,5192.00,0.00,390270.16
5.60,0.00,0.00,0.00,16.00,0.00,2180.00,5200.00,0.00,389037.40
5.61,0.00,0.00,0.00,16.00,0.00,2176.00,5204.00,0.00,387851.88
5.62,0.00,0.00,0.00,16.00,0.00,2169.00,5211.00,0.00,386664.44
5.62,0.00,0.00,0.00,16.00,0.00,2158.00,5222.00,0.00,385415.14
5.63,0.00,0.00,0.00,16.00,0.00,2149.00,5231.00,0.00,384139.41
5.64,0.00,0.00,0.00,16.00,0.00,2143.00,5237.00,0.00,382884.63
5.65,0.00,0.00,0.00,16.00,0.00,2137.00,5243.00,0.00,381648.97
5.65,0.00,0.00,0.00,16.00,0.00,2128.00,5252.00,0.00,380385.71
5.66,0.00,0.00,0.00,16.00,0.00,2121.00,5259.00,0.00,379127.27
5.67,0.00,0.00,0.00,16.00,0.00,2111.00,5269.00,0.00,377828.19
5.67,0.00,0.00,0.00,16.00,0.00,2101.00,5279.00,0.00,376492.00
5.68,0.00,0.00,0.00,16.00,0.00,2090.00,5290.00,0.00,375106.90
5.69,0.00,0.00,0.00,16.00,0.00,2085.00,5295.00,0.00,373767.29
5.69,0.00,0.00,0.00,16.00,0.00,2082.00,5298.00,0.00,372499.27
5.70,0.00,0.00,0.00,16.00,0.00,2076.00,5304.00,0.00,371251.51
5.71,0.00,0.00,0.00,16.00,0.00,2069.00,5311.00,0.00,370007.25
5.72,0.00,0.00,0.00,16.00,0.00,2064.00,5316.00,0.00,368796.22
5.72,0.00,0.00,0.00,16.00,0.00,2059.00,5321.00,0.00,367615.52
5.73,0.00,0.00,0.00,16.00,0.00,2051.00,5329.00,0.00,366417.45
5.74,0.00,0.00,0.00,16.00,0.00,2044.00,5336.00,0.00,365218.54
5.74,0.00,0.00,0.00,16.00,0.00,2039.00,5341.00,0.00,364048.91
5.75,0.00,0.00,0.00,16.00,0.00,2036.00,5344.00,0.00,362936.05
5.76,0.00,0.00,0.00,16.00,0.00,2025.00,5355.00,0.00,361754.85
5.76,0.00,0.00,0.00,16.00,0.00,2018.00,5362.00,0.00,360571.34
5.77,0.00,0.00,0.00,16.00,0.00,2012.00,5368.00,0.00,359400.74
5.78,0.00,0.00,0.00,16.00,0.00,2008.00,5372.00,0.00,358271.99
5.78,0.00,0.00,0.00,16.00,0.00,2001.00,5379.00,0.00,357136.36
5.79,0.00,0.00,0.00,16.00,0.00,1993.00,5387.00,0.00,355979.43
5.80,0.00,0.00,0.00,16.00,0.00,1986.00,5394.00,0.00,354818.08
5.81,0.00,0.00,0.00,16.00,0.00,1970.00,5410.00,0.00,353517.48
5.81,0.00,0.00,0.00,16.00,0.00,1964.00,5416.00,0.00,352240.00
5.82,0.00,0.00,0.00,16.00,0.00,1957.00,5423.00,0.00,350968.59
5.83,0.00,0.00,0.00,16.00,0.00,1950.00,5430.00,0.00,349702.73
5.83,0.00,0.00,0.00,16.00,0.00,1942.00,5438.00,0.00,348426.92
5.84,0.00,0.00,0.00,16.00,0.00,1931.00,5449.00,0.00,347096.94
5.85,0.00,0.00,0.00,16.00,0.00,1923.00,5457.00,0.00,345762.58
5.85,0.00,0.00,0.00,16.00,0.00,1913.00,5467.00,0.00,344394.18
5.86,0.00,0.00,0.00,16.00,0.00,1907.00,5473.00,0.00,343054.80
5.87,0.00,0.00,0.00,16.00,0.00,1897.00,5483.00,0.00,341681.82
5.88,0.00,0.00,0.00,16.00,0.00,1888.00,5492.00,0.00,340293.18
5.88,0.00,0.00,0.00,16.00,0.00,1879.00,5501.00,0.00,338890.25
5.89,0.00,0.00,0.00,16.00,0.00,1874.00,5506.00,0.00,337534.37
5.90,0.00,0.00,0.00,16.00,0.00,1871.00,5509.00,0.00,336251.48
5.90,0.00,0.00,0.00,16.00,0.00,1862.00,5518.00,0.00,334945.10
5.91,0.00,0.00,0.00,16.00,0.00,1859.00,5521.00,0.00,333707.39
5.92,0.00,0.00,0.00,16.00,0.00,1848.00,5532.00,0.00,332412.21
5.92,0.00,0.00,0.00,16.00,0.00,1841.00,5539.00,0.00,331124.65
5.93,0.00,0.00,0.00,16.00,0.00,1832.00,5548.00,0.00,329813.99
5.94,0.00,0.00,0.00,16.00,0.00,1824.00,5556.00,0.00,328497.28
5.94,0.00,0.00,0.00,16.00,0.00,1812.00,5568.00,0.00,327114.94
5.95,0.00,0.00,0.00,16.00,0.00,1806.00,5574.00,0.00,325762.83
5.96,0.00,0.00,0.00,16.00,0.00,1795.00,5585.00,0.00,324363.21
5.97,0.00,0.00,0.00,16.00,0.00,1786.00,5594.00,0.00,322950.24
5.97,0.00,0.00,0.00,16.00,0.00,1780.00,5600.00,0.00,321570.18
5.98,0.00,0.00,0.00,16.00,0.00,1771.00,5609.00,0.00,320175.08
5.99,0.00,0.00,0.00,16.00,0.00,1765.00,5615.00,0.00,318811.32
5.99,0.00,0.00,0.00,16.00,0.00,1760.00,5620.00,0.00,317491.19
6.00,0.00,0.00,0.00,16.00,0.00,1753.00,5627.00,0.00,316180.86
6.01,0.00,0.00,0.00,16.00,0.00,1744.00,5636.00,0.00,314849.41
6.01,0.00,0.00,0.00,16.00,0.00,1735.00,5645.00,0.00,313498.69
6.02,0.00,0.00,0.00,16.00,0.00,1729.00,5651.00,0.00,312175.45
6.03,0.00,0.00,0.00,16.00,0.00,1718.00,5662.00,0.00,310802.18
6.03,0.00,0.00,0.00,16.00,0.00,1714.00,5666.00,0.00,309488.40
6.04,0.00,0.00,0.00,16.00,0.00,1707.00,5673.00,0.00,308183.85
6.05,0.00,0.00,0.00,16.00,0.00,1700.00,5680.00,0.00,306887.73
6.06,0.00,0.00,0.00,16.00,0.00,1693.00,5687.00,0.00,305599.32
6.06,0.00,0.00,0.00,16.00,0.00,1686.00,5694.00,0.00,304317.93
6.07,0.00,0.00,0.00,16.00,0.00,1675.00,5705.00,0.00,302982.86
6.08,0.00,0.00,0.00,16.00,0.00,1669.00,5711.00,0.00,301673.91
6.08,0.00,0.00,0.00,16.00,0.00,1660.00,5720.00,0.00,300343.73
6.09,0.00,0.00,0.00,16.00,0.00,1656.00,5724.00,0.00,299069.29
6.10,0.00,0.00,0.00,16.00,0.00,1649.00,5731.00,0.00,297800.65
6.10,0.00,0.00,0.00,16.00,0.00,1643.00,5737.00,0.00,296552.35
6.11,0.00,0.00,0.00,16.00,0.00,1637.00,5743.00,0.00,295322.60
6.12,0.00,0.00,0.00,16.00,0.00,1628.00,5752.00,0.00,294064.73
6.12,0.00,0.00,0.00,16.00,0.00,1620.00,5760.00,0.00,292796.20
6.13,0.00,0.00,0.00,16.00,0.00,1606.00,5774.00,0.00,291427.80
6.14,0.00,0.00,0.00,16.00,0.00,1601.00,5779.00,0.00,290103.45
6.15,0.00,0.00,0.00,16.00,0.00,1594.00,5786.00,0.00,288789.25
6.15,0.00,0.00,0.00,16.00,0.00,1586.00,5794.00,0.00,287469.31
6.16,0.00,0.00,0.00,16.00,0.00,1582.00,5798.00,0.00,286204.20
6.17,0.00,0.00,0.00,16.00,0.00,1572.00,5808.00,0.00,284899.03
6.17,0.00,0.00,0.00,16.00,0.00,1561.00,5819.00,0.00,283542.25
6.18,0.00,0.00,0.00,16.00,0.00,1554.00,5826.00,0.00,282198.45
6.19,0.00,0.00,0.00,16.00,0.00,1543.00,5837.00,0.00,280806.41
6.19,0.00,0.00,0.00,16.00,0.00,1534.00,5846.00,0.00,279400.37
6.20,0.00,0.00,0.00,16.00,0.00,1529.00,5851.00,0.00,278041.65
6.21,0.00,0.00,0.00,16.00,0.00,1526.00,5854.00,0.00,276756.18
6.22,0.00,0.00,0.00,16.00,0.00,1512.00,5868.00,0.00,275372.31
6.22,0.00,0.00,0.00,16.00,0.00,1504.00,5876.00,0.00,273988.76
6.23,0.00,0.00,0.00,16.00,0.00,1498.00,5882.00,0.00,272635.55
6.24,0.00,0.00,0.00,16.00,0.00,1490.00,5890.00,0.00,271279.98
6.24,0.00,0.00,0.00,16.00,0.00,1484.00,5896.00,0.00,269952.31
6.25,0.00,0.00,0.00,16.00,0.00,1471.00,5909.00,0.00,268544.95
6.26,0.00,0.00,0.00,16.00,0.00,1466.00,5914.00,0.00,267185.02
6.26,0.00,0.00,0.00,16.00,0.00,1459.00,5921.00,0.00,265838.35
6.27,0.00,0.00,0.00,16.00,0.00,1454.00,5926.00,0.00,264533.82
6.28,0.00,0.00,0.00,16.00,0.00,1447.00,5933.00,0.00,263237.73
6.28,0.00,0.00,0.00,16.00,0.00,1443.00,5937.00,0.00,261994.40
6.29,0.00,0.00,0.00,16.00,0.00,1442.00,5938.00,0.00,260844.31
6.30,0.00,0.00,0.00,16.00,0.00,1438.00,5942.00,0.00,259734.28
6.31,0.00,0.00,0.00,16.00,0.00,1432.00,5948.00,0.00,258630.76
6.31,0.00,0.00,0.00,16.00,0.00,1424.00,5956.00,0.00,257503.15
6.32,0.00,0.00,0.00,16.00,0.00,1420.00,5960.00,0.00,256413.63
6.33,0.00,0.00,0.00,16.00,0.00,1415.00,5965.00,0.00,255343.87
6.33,0.00,0.00,0.00,16.00,0.00,1409.00,5971.00,0.00,254277.12
6.34,0.00,0.00,0.00,16.00,0.00,1399.00,5981.00,0.00,253153.03
6.35,0.00,0.00,0.00,16.00,0.00,1396.00,5984.00,0.00,252081.75
6.35,0.00,0.00,0.00,16.00,0.00,1391.00,5989.00,0.00,251028.64
6.36,0.00,0.00,0.00,16.00,0.00,1384.00,5996.00,0.00,249962.07
6.37,0.00,0.00,0.00,16.00,0.00,1375.00,6005.00,0.00,248853.16
6.38,0.00,0.00,0.00,16.00,0.00,1368.00,6012.00,0.00,247735.65
6.38,0.00,0.00,0.00,16.00,0.00,1360.00,6020.00,0.00,246595.26
6.39,0.00,0.00,0.00,16.00,0.00,1352.00,6028.00,0.00,245433.98
6.40,0.00,0.00,0.00,16.00,0.00,1343.00,6037.00,0.00,244238.62
6.40,0.00,0.00,0.00,16.00,0.00,1335.00,6045.00,0.00,243027.16
6.41,0.00,0.00,0.00,16.00,0.00,1331.00,6049.00,0.00,241861.10
6.42,0.00,0.00,0.00,16.00,0.00,1329.00,6051.00,0.00,240766.53
6.42,0.00,0.00,0.00,16.00,0.00,1320.00,6060.00,0.00,239632.06
6.43,0.00,0.00,0.00,16.00,0.00,1311.00,6069.00,0.00,238461.17
6.44,0.00,0.00,0.00,16.00,0.00,1298.00,6082.00,0.00,237196.93
6.44,0.00,0.00,0.00,16.00,0.00,1290.00,6090.00,0.00,235922.59
6.45,0.00,0.00,0.00,16.00,0.00,1285.00,6095.00,0.00,234684.10
6.46,0.00,0.00,0.00,16.00,0.00,1279.00,6101.00,0.00,233463.32
6.47,0.00,0.00,0.00,16.00,0.00,1273.00,6107.00,0.00,232258.70
6.47,0.00,0.00,0.00,16.00,0.00,1264.00,6116.00,0.00,231023.76
6.48,0.00,0.00,0.00,16.00,0.00,1257.00,6123.00,0.00,229791.19
6.49,0.00,0.00,0.00,16.00,0.00,1249.00,6131.00,0.00,228545.77
6.49,0.00,0.00,0.00,16.00,0.00,1242.00,6138.00,0.00,227303.63
6.50,0.00,0.00,0.00,16.00,0.00,1231.00,6149.00,0.00,226004.40
6.51,0.00,0.00,0.00,16.00,0.00,1228.00,6152.00,0.00,224773.23
6.51,0.00,0.00,0.00,16.00,0.00,1222.00,6158.00,0.00,223559.13
6.52,0.00,0.00,0.00,16.00,0.00,1214.00,6166.00,0.00,222330.56
6.53,0.00,0.00,0.00,16.00,0.00,1209.00,6171.00,0.00,221133.85
6.53,0.00,0.00,0.00,16.00,0.00,1200.00,6180.00,0.00,219906.14
6.54,0.00,0.00,0.00,16.00,0.00,1194.00,6186.00,0.00,218695.20
6.55,0.00,0.00,0.00,16.00,0.00,1188.00,6192.00,0.00,217499.56
6.56,0.00,0.00,0.00,16.00,0.00,1180.00,6200.00,0.00,216287.85
6.56,0.00,0.00,0.00,16.00,0.00,1178.00,6202.00,0.00,215151.60
6.57,0.00,0.00,0.00,16.00,0.00,1175.00,6205.00,0.00,214069.22
6.58,0.00,0.00,0.00,16.00,0.00,1170.00,6210.00,0.00,213005.98
6.58,0.00,0.00,0.00,16.00,0.00,1161.00,6219.00,0.00,211900.11
6.59,0.00,0.00,0.00,16.00,0.00,1157.00,6223.00,0.00,210830.45
6.60,0.00,0.00,0.00,16.00,0.00,1153.00,6227.00,0.00,209793.83
6.60,0.00,0.00,0.00,16.00,0.00,1143.00,6237.00,0.00,208697.25
6.61,0.00,0.00,0.00,16.00,0.00,1138.00,6242.00,0.00,207621.03
6.62,0.00,0.00,0.00,16.00,0.00,1130.00,6250.00,0.00,206518.35
6.62,0.00,0.00,0.00,16.00,0.00,1123.00,6257.00,0.00,205406.52
6.63,0.00,0.00,0.00,16.00,0.00,1114.00,6266.00,0.00,204256.29
6.64,0.00,0.00,0.00,16.00,0.00,1107.00,6273.00,0.00,203101.06
6.65,0.00,0.00,0.00,16.00,0.00,1100.00,6280.00,0.00,201941.27
6.65,0.00,0.00,0.00,16.00,0.00,1092.00,6288.00,0.00,200762.27
6.66,0.00,0.00,0.00,16.00,0.00,1081.00,6299.00,0.00,199520.69
6.67,0.00,0.00,0.00,16.00,0.00,1074.00,6306.00,0.00,198282.05
6.67,0.00,0.00,0.00,16.00,0.00,1068.00,6312.00,0.00,197061.14
6.68,0.00,0.00,0.00,16.00,0.00,1057.00,6323.00,0.00,195781.28
6.69,0.00,0.00,0.00,16.00,0.00,1046.00,6334.00,0.00,194447.61
6.69,0.00,0.00,0.00,16.00,0.00,1041.00,6339.00,0.00,193154.95
6.70,0.00,0.00,0.00,16.00,0.00,1031.00,6349.00,0.00,191824.63
6.71,0.00,0.00,0.00,16.00,0.00,1025.00,6355.00,0.00,190520.00
6.72,0.00,0.00,0.00,16.00,0.00,1018.00,6362.00,0.00,189223.82
6.72,0.00,0.00,0.00,16.00,0.00,1009.00,6371.00,0.00,187905.29
6.73,0.00,0.00,0.00,16.00,0.00,1004.00,6376.00,0.00,186626.46
6.74,0.00,0.00,0.00,16.00,0.00,997.00,6383.00,0.00,185353.82
6.74,0.00,0.00,0.00,16.00,0.00,994.00,6386.00,0.00,184146.93
6.75,0.00,0.00,0.00,16.00,0.00,985.00,6395.00,0.00,182909.92
6.76,0.00,0.00,0.00,16.00,0.00,979.00,6401.00,0.00,181690.49
6.76,0.00,0.00,0.00,16.00,0.00,973.00,6407.00,0.00,180487.11
6.77,0.00,0.00,0.00,16.00,0.00,967.00,6413.00,0.00,179298.37
6.78,0.00,0.00,0.00,16.00,0.00,960.00,6420.00,0.00,178107.97
6.78,0.00,0.00,0.00,16.00,0.00,951.00,6429.00,0.00,176886.03
6.79,0.00,0.00,0.00,16.00,0.00,948.00,6432.00,0.00,175725.42
6.80,0.00,0.00,0.00,16.00,0.00,942.00,6438.00,0.00,174575.73
6.81,0.00,0.00,0.00,16.00,0.00,937.00,6443.00,0.00,173451.03
6.81,0.00,0.00,0.00,16.00,0.00,930.00,6450.00,0.00,172319.11
6.82,0.00,0.00,0.00,16.00,0.00,925.00,6455.00,0.00,171210.64
6.83,0.00,0.00,0.00,16.00,0.00,915.00,6465.00,0.00,170048.45
6.83,0.00,0.00,0.00,16.00,0.00,911.00,6469.00,0.00,168927.37
6.84,0.00,0.00,0.00,16.00,0.00,907.00,6473.00,0.00,167843.82
6.85,0.00,0.00,0.00,16.00,0.00,901.00,6479.00,0.00,166764.48
6.85,0.00,0.00,0.00,16.00,0.00,897.00,6483.00,0.00,165719.04
6.86,0.00,0.00,0.00,16.00,0.00,895.00,6485.00,0.00,164734.58
6.87,0.00,0.00,0.00,16.00,0.00,893.00,6487.00,0.00,163805.79
6.88,0.00,0.00,0.00,16.00,0.00,885.00,6495.00,0.00,162837.70
6.88,0.00,0.00,0.00,16.00,0.00,878.00,6502.00,0.00,161848.74
6.89,0.00,0.00,0.00,16.00,0.00,872.00,6508.00,0.00,160855.76
6.90,0.00,0.00,0.00,16.00,0.00,870.00,6510.00,0.00,159919.20
6.90,0.00,0.00,0.00,16.00,0.00,867.00,6513.00,0.00,159019.12
6.91,0.00,0.00,0.00,16.00,0.00,862.00,6518.00,0.00,158122.30
6.92,0.00,0.00,0.00,16.00,0.00,856.00,6524.00,0.00,157213.43
6.92,0.00,0.00,0.00,16.00,0.00,852.00,6528.00,0.00,156323.61
6.93,0.00,0.00,0.00,16.00,0.00,846.00,6534.00,0.00,155421.13
6.94,0.00,0.00,0.00,16.00,0.00,841.00,6539.00,0.00,154522.12
6.94,0.00,0.00,0.00,16.00,0.00,836.00,6544.00,0.00,153626.28
6.95,0.00,0.00,0.00,16.00,0.00,828.00,6552.00,0.00,152688.26
6.96,0.00,0.00,0.00,16.00,0.00,828.00,6552.00,0.00,151831.92
6.97,0.00,0.00,0.00,16.00,0.00,818.00,6562.00,0.00,150899.92
6.97,0.00,0.00,0.00,16.00,0.00,815.00,6565.00,0.00,150004.00
6.98,0.00,0.00,0.00,16.00,0.00,809.00,6571.00,0.00,149095.95
6.99,0.00,0.00,0.00,16.00,0.00,803.00,6577.00,0.00,148176.84
6.99,0.00,0.00,0.00,16.00,0.00,801.00,6579.00,0.00,147307.71
7.00,0.00,0.00,0.00,16.00,0.00,794.00,6586.00,0.00,146409.10
7.01,0.00,0.00,0.00,16.00,0.00,791.00,6589.00,0.00,145543.66
7.01,0.00,0.00,0.00,16.00,0.00,787.00,6593.00,0.00,144693.50
7.02,0.00,0.00,0.00,16.00,0.00,785.00,6595.00,0.00,143887.32
7.03,0.00,0.00,0.00,16.00,0.00,780.00,6600.00,0.00,143076.22
7.03,0.00,0.00,0.00,16.00,0.00,778.00,6602.00,0.00,142305.70
7.04,0.00,0.00,0.00,16.00,0.00,773.00,6607.00,0.00,141527.16
7.05,0.00,0.00,0.00,16.00,0.00,768.00,6612.00,0.00,140741.29
7.06,0.00,0.00,0.00,16.00,0.00,761.00,6619.00,0.00,139918.70
7.06,0.00,0.00,0.00,16.00,0.00,755.00,6625.00,0.00,139077.59
7.07,0.00,0.00,0.00,16.00,0.00,752.00,6628.00,0.00,138264.66
7.08,0.00,0.00,0.00,16.00,0.00,748.00,6632.00,0.00,137462.42
7.08,0.00,0.00,0.00,16.00,0.00,740.00,6640.00,0.00,136609.85
7.09,0.00,0.00,0.00,16.00,0.00,736.00,6644.00,0.00,135771.42
7.10,0.00,0.00,0.00,16.00,0.00,725.00,6655.00,0.00,134840.75
7.10,0.00,0.00,0.00,16.00,0.00,721.00,6659.00,0.00,133931.03
7.11,0.00,0.00,0.00,16.00,0.00,715.00,6665.00,0.00,133010.38
7.12,0.00,0.00,0.00,16.00,0.00,704.00,6676.00,0.00,132004.64
7.12,0.00,0.00,0.00,16.00,0.00,699.00,6681.00,0.00,131011.36
7.13,0.00,0.00,0.00,16.00,0.00,695.00,6685.00,0.00,130044.49
7.14,0.00,0.00,0.00,16.00,0.00,692.00,6688.00,0.00,129116.73
7.15,0.00,0.00,0.00,16.00,0.00,685.00,6695.00,0.00,128164.60
7.15,0.00,0.00,0.00,16.00,0.00,682.00,6698.00,0.00,127250.30
7.16,0.00,0.00,0.00,16.00,0.00,674.00,6706.00,0.00,126295.44
7.17,0.00,0.00,0.00,16.00,0.00,670.00,6710.00,0.00,125363.62
7.17,0.00,0.00,0.00,16.00,0.00,666.00,6714.00,0.00,124452.86
7.18,0.00,0.00,0.00,16.00,0.00,659.00,6721.00,0.00,123516.24
7.19,0.00,0.00,0.00,16.00,0.00,647.00,6733.00,0.00,122480.89
7.19,0.00,0.00,0.00,16.00,0.00,645.00,6735.00,0.00,121505.66
7.20,0.00,0.00,0.00,16.00,0.00,636.00,6744.00,0.00,120480.13
7.21,0.00,0.00,0.00,16.00,0.00,632.00,6748.00,0.00,119483.82
7.22,0.00,0.00,0.00,16.00,0.00,630.00,6750.00,0.00,118544.21
7.22,0.00,0.00,0.00,16.00,0.00,623.00,6757.00,0.00,117581.26
7.23,0.00,0.00,0.00,16.00,0.00,616.00,6764.00,0.00,116596.99
7.24,0.00,0.00,0.00,16.00,0.00,612.00,6768.00,0.00,115638.34
7.24,0.00,0.00,0.00,16.00,0.00,607.00,6773.00,0.00,114688.05
7.25,0.00,0.00,0.00,16.00,0.00,602.00,6778.00,0.00,113745.39
7.26,0.00,0.00,0.00,16.00,0.00,596.00,6784.00,0.00,112794.67
7.26,0.00,0.00,0.00,16.00,0.00,591.00,6789.00,0.00,111851.63
7.27,0.00,0.00,0.00,16.00,0.00,586.00,6794.00,0.00,110915.58
7.28,0.00,0.00,0.00,16.00,0.00,581.00,6799.00,0.00,109985.93
7.28,0.00,0.00,0.00,16.00,0.00,576.00,6804.00,0.00,109062.11
7.29,0.00,0.00,0.00,16.00,0.00,571.00,6809.00,0.00,108143.62
7.30,0.00,0.00,0.00,16.00,0.00,562.00,6818.00,0.00,107169.90
7.31,0.00,0.00,0.00,16.00,0.00,555.00,6825.00,0.00,106175.80
7.31,0.00,0.00,0.00,16.00,0.00,551.00,6829.00,0.00,105208.17
7.32,0.00,0.00,0.00,16.00,0.00,548.00,6832.00,0.00,104279.74
7.33,0.00,0.00,0.00,16.00,0.00,545.00,6835.00,0.00,103387.07
7.33,0.00,0.00,0.00,16.00,0.00,538.00,6842.00,0.00,102466.98
7.34,0.00,0.00,0.00,16.00,0.00,535.00,6845.00,0.00,101581.93
7.35,0.00,0.00,0.00,16.00,0.00,532.00,6848.00,0.00,100728.88
7.35,0.00,0.00,0.00,16.00,0.00,528.00,6852.00,0.00,99890.02
7.36,0.00,0.00,0.00,16.00,0.00,521.00,6859.00,0.00,99019.04
7.37,0.00,0.00,0.00,16.00,0.00,513.00,6867.00,0.00,98103.72
7.38,0.00,0.00,0.00,16.00,0.00,504.00,6876.00,0.00,97132.89
7.38,0.00,0.00,0.00,16.00,0.00,498.00,6882.00,0.00,96156.46
7.39,0.00,0.00,0.00,16.00,0.00,489.00,6891.00,0.00,95129.84
7.40,0.00,0.00,0.00,16.00,0.00,484.00,6896.00,0.00,94117.51
7.40,0.00,0.00,0.00,16.00,0.00,480.00,6900.00,0.00,93133.23
7.41,0.00,0.00,0.00,16.00,0.00,477.00,6903.00,0.00,92189.59
7.42,0.00,0.00,0.00,16.00,0.00,475.00,6905.00,0.00,91298.07
7.42,0.00,0.00,0.00,16.00,0.00,471.00,6909.00,0.00,90424.08
7.43,0.00,0.00,0.00,16.00,0.00,466.00,6914.00,0.00,89551.09
7.44,0.00,0.00,0.00,16.00,0.00,462.00,6918.00,0.00,88694.02
7.44,0.00,0.00,0.00,16.00,0.00,455.00,6925.00,0.00,87806.42
7.45,0.00,0.00,0.00,16.00,0.00,448.00,6932.00,0.00,86890.94
7.46,0.00,0.00,0.00,16.00,0.00,441.00,6939.00,0.00,85950.02
7.47,0.00,0.00,0.00,16.00,0.00,437.00,6943.00,0.00,85030.94
7.47,0.00,0.00,0.00,16.00,0.00,431.00,6949.00,0.00,84101.75
7.48,0.00,0.00,0.00,16.00,0.00,419.00,6961.00,0.00,83073.19
7.49,0.00,0.00,0.00,16.00,0.00,416.00,6964.00,0.00,82089.13
7.49,0.00,0.00,0.00,16.00,0.00,408.00,6972.00,0.00,81070.57
7.50,0.00,0.00,0.00,16.00,0.00,401.00,6979.00,0.00,80035.54
7.51,0.00,0.00,0.00,16.00,0.00,393.00,6987.00,0.00,78970.45
7.51,0.00,0.00,0.00,16.00,0.00,389.00,6991.00,0.00,77938.01
7.52,0.00,0.00,0.00,16.00,0.00,381.00,6999.00,0.00,76875.29
7.53,0.00,0.00,0.00,16.00,0.00,376.00,7004.00,0.00,75829.99
7.53,0.00,0.00,0.00,16.00,0.00,366.00,7014.00,0.00,74725.47
7.54,0.00,0.00,0.00,16.00,0.00,362.00,7018.00,0.00,73657.05
7.55,0.00,0.00,0.00,16.00,0.00,357.00,7023.00,0.00,72606.54
7.56,0.00,0.00,0.00,16.00,0.00,357.00,7023.00,0.00,71647.50
7.56,0.00,0.00,0.00,16.00,0.00,350.00,7030.00,0.00,70666.82
7.57,0.00,0.00,0.00,16.00,0.00,342.00,7038.00,0.00,69651.34
7.58,0.00,0.00,0.00,16.00,0.00,336.00,7044.00,0.00,68634.15
7.58,0.00,0.00,0.00,16.00,0.00,333.00,7047.00,0.00,67660.46
7.59,0.00,0.00,0.00,16.00,0.00,331.00,7049.00,0.00,66741.51
7.60,0.00,0.00,0.00,16.00,0.00,328.00,7052.00,0.00,65857.51
7.60,0.00,0.00,0.00,16.00,0.00,323.00,7057.00,0.00,64975.36
7.61,0.00,0.00,0.00,16.00,0.00,317.00,7063.00,0.00,64079.90
7.62,0.00,0.00,0.00,16.00,0.00,315.00,7065.00,0.00,63232.36
7.62,0.00,0.00,0.00,16.00,0.00,308.00,7072.00,0.00,62353.46
7.63,0.00,0.00,0.00,16.00,0.00,302.00,7078.00,0.00,61460.95
7.64,0.00,0.00,0.00,16.00,0.00,297.00,7083.00,0.00,60571.04
7.65,0.00,0.00,0.00,16.00,0.00,295.00,7085.00,0.00,59728.58
7.65,0.00,0.00,0.00,16.00,0.00,290.00,7090.00,0.00,58884.36
7.66,0.00,0.00,0.00,16.00,0.00,282.00,7098.00,0.00,57993.46
7.67,0.00,0.00,0.00,16.00,0.00,276.00,7104.00,0.00,57090.00
7.67,0.00,0.00,0.00,16.00,0.00,272.00,7108.00,0.00,56205.12
7.68,0.00,0.00,0.00,16.00,0.00,268.00,7112.00,0.00,55337.20
7.69,0.00,0.00,0.00,16.00,0.00,266.00,7114.00,0.00,54514.81
7.69,0.00,0.00,0.00,16.00,0.00,261.00,7119.00,0.00,53688.91
7.70,0.00,0.00,0.00,16.00,0.00,261.00,7119.00,0.00,52934.93
7.71,0.00,0.00,0.00,16.00,0.00,256.00,7124.00,0.00,52171.48
7.72,0.00,0.00,0.00,16.00,0.00,255.00,7125.00,0.00,51459.49
7.72,0.00,0.00,0.00,16.00,0.00,252.00,7128.00,0.00,50764.43
7.73,0.00,0.00,0.00,16.00,0.00,249.00,7131.00,0.00,50084.82
7.74,0.00,0.00,0.00,16.00,0.00,245.00,7135.00,0.00,49404.30
7.74,0.00,0.00,0.00,16.00,0.00,241.00,7139.00,0.00,48722.94
7.75,0.00,0.00,0.00,16.00,0.00,237.00,7143.00,0.00,48040.82
7.76,0.00,0.00,0.00,16.00,0.00,234.00,7146.00,0.00,47373.03
7.76,0.00,0.00,0.00,16.00,0.00,231.00,7149.00,0.00,46718.32
7.77,0.00,0.00,0.00,16.00,0.00,230.00,7150.00,0.00,46105.59
7.78,0.00,0.00,0.00,16.00,0.00,222.00,7158.00,0.00,45426.03
7.78,0.00,0.00,0.00,16.00,0.00,219.00,7161.00,0.00,44760.58
7.79,0.00,0.00,0.00,16.00,0.00,211.00,7169.00,0.00,44032.88
7.80,0.00,0.00,0.00,16.00,0.00,208.00,7172.00,0.00,43323.48
7.81,0.00,0.00,0.00,16.00,0.00,204.00,7176.00,0.00,42615.76
7.81,0.00,0.00,0.00,16.00,0.00,202.00,7178.00,0.00,41939.62
7.82,0.00,0.00,0.00,16.00,0.00,199.00,7181.00,0.00,41277.29
7.83,0.00,0.00,0.00,16.00,0.00,197.00,7183.00,0.00,40642.58
7.83,0.00,0.00,0.00,16.00,0.00,194.00,7186.00,0.00,40018.07
7.84,0.00,0.00,0.00,16.00,0.00,192.00,7188.00,0.00,39417.90
7.85,0.00,0.00,0.00,16.00,0.00,190.00,7190.00,0.00,38839.94
7.85,0.00,0.00,0.00,16.00,0.00,187.00,7193.00,0.00,38267.23
7.86,0.00,0.00,0.00,16.00,0.00,184.00,7196.00,0.00,37699.33
7.87,0.00,0.00,0.00,16.00,0.00,181.00,7199.00,0.00,37135.81
7.88,0.00,0.00,0.00,16.00,0.00,176.00,7204.00,0.00,36546.24
7.88,0.00,0.00,0.00,16.00,0.00,172.00,7208.00,0.00,35947.91
7.89,0.00,0.00,0.00,16.00,0.00,170.00,7210.00,0.00,35371.64
7.90,0.00,0.00,0.00,16.00,0.00,167.00,7213.00,0.00,34800.48
7.90,0.00,0.00,0.00,16.00,0.00,165.00,7215.00,0.00,34249.01
7.91,0.00,0.00,0.00,16.00,0.00,160.00,7220.00,0.00,33670.44
7.92,0.00,0.00,0.00,16.00,0.00,155.00,7225.00,0.00,33067.14
7.92,0.00,0.00,0.00,16.00,0.00,152.00,7228.00,0.00,32471.30
7.93,0.00,0.00,0.00,16.00,0.00,151.00,7229.00,0.00,31912.32
7.94,0.00,0.00,0.00,16.00,0.00,147.00,7233.00,0.00,31341.92
7.94,0.00,0.00,0.00,16.00,0.00,144.00,7236.00,0.00,30776.12
7.95,0.00,0.00,0.00,16.00,0.00,143.00,7237.00,0.00,30244.56
7.96,0.00,0.00,0.00,16.00,0.00,142.00,7238.00,0.00,29744.27
7.97,0.00,0.00,0.00,16.00,0.00,140.00,7240.00,0.00,29257.49
7.97,0.00,0.00,0.00,16.00,0.00,139.00,7241.00,0.00,28798.08
7.98,0.00,0.00,0.00,16.00,0.00,138.00,7242.00,0.00,28363.65
7.99,0.00,0.00,0.00,16.00,0.00,137.00,7243.00,0.00,27952.02
7.99,0.00,0.00,0.00,16.00,0.00,133.00,7247.00,0.00,27516.15
8.00,0.00,0.00,0.00,16.00,0.00,130.00,7250.00,0.00,27073.16
8.01,0.00,0.00,0.00,16.00,0.00,127.00,7253.00,0.00,26623.67
8.01,0.00,0.00,0.00,16.00,0.00,123.00,7257.00,0.00,26153.23
8.02,0.00,0.00,0.00,16.00,0.00,120.00,7260.00,0.00,25678.69
8.03,0.00,0.00,0.00,16.00,0.00,119.00,7261.00,0.00,25230.44
8.03,0.00,0.00,0.00,16.00,0.00,117.00,7263.00,0.00,24791.18
8.04,0.00,0.00,0.00,16.00,0.00,115.00,7265.00,0.00,24360.12
8.05,0.00,0.00,0.00,16.00,0.00,114.00,7266.00,0.00,23951.57
8.06,0.00,0.00,0.00,16.00,0.00,113.00,7267.00,0.00,23563.58
8.06,0.00,0.00,0.00,16.00,0.00,113.00,7267.00,0.00,23209.37
8.07,0.00,0.00,0.00,16.00,0.00,113.00,7267.00,0.00,22886.00
8.08,0.00,0.00,0.00,16.00,0.00,111.00,7269.00,0.00,22560.75
8.08,0.00,0.00,0.00,16.00,0.00,107.00,7273.00,0.00,22203.72
8.09,0.00,0.00,0.00,16.00,0.00,106.00,7274.00,0.00,21862.76
8.10,0.00,0.00,0.00,16.00,0.00,103.00,7277.00,0.00,21506.42
8.10,0.00,0.00,0.00,16.00,0.00,101.00,7279.00,0.00,21151.06
8.11,0.00,0.00,0.00,16.00,0.00,97.00,7283.00,0.00,20766.55
8.12,0.00,0.00,0.00,16.00,0.00,96.00,7284.00,0.00,20400.50
8.12,0.00,0.00,0.00,16.00,0.00,95.00,7285.00,0.00,20051.31
8.13,0.00,0.00,0.00,16.00,0.00,94.00,7286.00,0.00,19717.49
8.14,0.00,0.00,0.00,16.00,0.00,91.00,7289.00,0.00,19367.67
8.15,0.00,0.00,0.00,16.00,0.00,89.00,7291.00,0.00,19018.27
8.15,0.00,0.00,0.00,16.00,0.00,89.00,7291.00,0.00,18699.29
8.16,0.00,0.00,0.00,16.00,0.00,86.00,7294.00,0.00,18363.02
8.17,0.00,0.00,0.00,16.00,0.00,86.00,7294.00,0.00,18056.03
8.17,0.00,0.00,0.00,16.00,0.00,83.00,7297.00,0.00,17730.70
8.18,0.00,0.00,0.00,16.00,0.00,82.00,7298.00,0.00,17418.68
8.19,0.00,0.00,0.00,16.00,0.00,81.00,7299.00,0.00,17118.80
8.19,0.00,0.00,0.00,16.00,0.00,80.00,7300.00,0.00,16830.02
8.20,0.00,0.00,0.00,16.00,0.00,77.00,7303.00,0.00,16521.31
8.21,0.00,0.00,0.00,16.00,0.00,77.00,7303.00,0.00,16239.48
8.22,0.00,0.00,0.00,16.00,0.00,77.00,7303.00,0.00,15982.19
8.22,0.00,0.00,0.00,16.00,0.00,76.00,7304.00,0.00,15732.28
8.23,0.00,0.00,0.00,16.00,0.00,74.00,7306.00,0.00,15474.09
8.24,0.00,0.00,0.00,16.00,0.00,73.00,7307.00,0.00,15223.35
8.24,0.00,0.00,0.00,16.00,0.00,72.00,7308.00,0.00,14979.43
8.25,0.00,0.00,0.00,16.00,0.00,70.00,7310.00,0.00,14726.70
8.26,0.00,0.00,0.00,16.00,0.00,68.00,7312.00,0.00,14465.93
8.26,0.00,0.00,0.00,16.00,0.00,67.00,7313.00,0.00,14212.84
8.27,0.00,0.00,0.00,16.00,0.00,65.00,7315.00,0.00,13951.75
8.28,0.00,0.00,0.00,16.00,0.00,64.00,7316.00,0.00,13698.36
8.28,0.00,0.00,0.00,16.00,0.00,63.00,7317.00,0.00,13452.02
8.29,0.00,0.00,0.00,16.00,0.00,58.00,7322.00,0.00,13152.01
8.30,0.00,0.00,0.00,16.00,0.00,58.00,7322.00,0.00,12878.13
8.31,0.00,0.00,0.00,16.00,0.00,58.00,7322.00,0.00,12628.09
8.31,0.00,0.00,0.00,16.00,0.00,57.00,7323.00,0.00,12384.81
8.32,0.00,0.00,0.00,16.00,0.00,56.00,7324.00,0.00,12147.68
8.33,0.00,0.00,0.00,16.00,0.00,55.00,7325.00,0.00,11916.18
8.33,0.00,0.00,0.00,16.00,0.00,53.00,7327.00,0.00,11674.79
8.34,0.00,0.00,0.00,16.00,0.00,52.00,7328.00,0.00,11439.40
8.35,0.00,0.00,0.00,16.00,0.00,52.00,7328.00,0.00,11224.51
8.35,0.00,0.00,0.00,16.00,0.00,51.00,7329.00,0.00,11013.30
8.36,0.00,0.00,0.00,16.00,0.00,49.00,7331.00,0.00,10790.44
8.37,0.00,0.00,0.00,16.00,0.00,48.00,7332.00,0.00,10571.96
8.38,0.00,0.00,0.00,16.00,0.00,47.00,7333.00,0.00,10357.48
8.38,0.00,0.00,0.00,16.00,0.00,46.00,7334.00,0.00,10146.66
8.39,0.00,0.00,0.00,16.00,0.00,46.00,7334.00,0.00,9954.19
8.40,0.00,0.00,0.00,16.00,0.00,46.00,7334.00,0.00,9778.48
8.40,0.00,0.00,0.00,16.00,0.00,46.00,7334.00,0.00,9618.08
8.41,0.00,0.00,0.00,16.00,0.00,45.00,7335.00,0.00,9456.61
8.42,0.00,0.00,0.00,16.00,0.00,41.00,7339.00,0.00,9249.12
8.42,0.00,0.00,0.00,16.00,0.00,40.00,7340.00,0.00,9044.66
8.43,0.00,0.00,0.00,16.00,0.00,39.00,7341.00,0.00,8842.99
8.44,0.00,0.00,0.00,16.00,0.00,37.00,7343.00,0.00,8628.84
8.44,0.00,0.00,0.00,16.00,0.00,37.00,7343.00,0.00,8433.33
8.45,0.00,0.00,0.00,16.00,0.00,37.00,7343.00,0.00,8254.84
8.46,0.00,0.00,0.00,16.00,0.00,36.00,7344.00,0.00,8076.87
8.47,0.00,0.00,0.00,16.00,0.00,36.00,7344.00,0.00,7914.40
8.47,0.00,0.00,0.00,16.00,0.00,35.00,7345.00,0.00,7751.06
8.48,0.00,0.00,0.00,16.00,0.00,33.00,7347.00,0.00,7571.89
8.49,0.00,0.00,0.00,16.00,0.00,33.00,7347.00,0.00,7408.32
8.49,0.00,0.00,0.00,16.00,0.00,33.00,7347.00,0.00,7259.00
8.50,0.00,0.00,0.00,16.00,0.00,33.00,7347.00,0.00,7122.68
8.51,0.00,0.00,0.00,16.00,0.00,33.00,7347.00,0.00,6998.23
8.51,0.00,0.00,0.00,16.00,0.00,32.00,7348.00,0.00,6869.59
8.52,0.00,0.00,0.00,16.00,0.00,30.00,7350.00,0.00,6722.11
8.53,0.00,0.00,0.00,16.00,0.00,30.00,7350.00,0.00,6587.46
8.53,0.00,0.00,0.00,16.00,0.00,29.00,7351.00,0.00,6449.53
8.54,0.00,0.00,0.00,16.00,0.00,29.00,7351.00,0.00,6323.60
8.55,0.00,0.00,0.00,16.00,0.00,29.00,7351.00,0.00,6208.63
8.56,0.00,0.00,0.00,16.00,0.00,28.00,7352.00,0.00,6088.66
8.56,0.00,0.00,0.00,16.00,0.00,28.00,7352.00,0.00,5979.13
8.57,0.00,0.00,0.00,16.00,0.00,28.00,7352.00,0.00,5879.14
8.58,0.00,0.00,0.00,16.00,0.00,28.00,7352.00,0.00,5787.85
8.58,0.00,0.00,0.00,16.00,0.00,28.00,7352.00,0.00,5704.52
8.59,0.00,0.00,0.00,16.00,0.00,26.00,7354.00,0.00,5598.39
8.60,0.00,0.00,0.00,16.00,0.00,26.00,7354.00,0.00,5501.51
8.60,0.00,0.00,0.00,16.00,0.00,26.00,7354.00,0.00,5413.06
8.61,0.00,0.00,0.00,16.00,0.00,26.00,7354.00,0.00,5332.31
8.62,0.00,0.00,0.00,16.00,0.00,25.00,7355.00,0.00,5243.57
8.62,0.00,0.00,0.00,16.00,0.00,25.00,7355.00,0.00,5162.56
8.63,0.00,0.00,0.00,16.00,0.00,25.00,7355.00,0.00,5088.61
8.64,0.00,0.00,0.00,16.00,0.00,23.00,7357.00,0.00,4991.04
8.65,0.00,0.00,0.00,16.00,0.00,21.00,7359.00,0.00,4871.93
8.65,0.00,0.00,0.00,16.00,0.00,20.00,7360.00,0.00,4748.16
8.66,0.00,0.00,0.00,16.00,0.00,19.00,7361.00,0.00,4620.15
8.67,0.00,0.00,0.00,16.00,0.00,18.00,7362.00,0.00,4488.26
8.67,0.00,0.00,0.00,16.00,0.00,17.00,7363.00,0.00,4352.83
8.68,0.00,0.00,0.00,16.00,0.00,16.00,7364.00,0.00,4214.18
8.69,0.00,0.00,0.00,16.00,0.00,16.00,7364.00,0.00,4087.59
8.69,0.00,0.00,0.00,16.00,0.00,16.00,7364.00,0.00,3972.03
8.70,0.00,0.00,0.00,16.00,0.00,16.00,7364.00,0.00,3866.53
8.71,0.00,0.00,0.00,16.00,0.00,13.00,7367.00,0.00,3725.15
8.72,0.00,0.00,0.00,16.00,0.00,13.00,7367.00,0.00,3596.08
8.72,0.00,0.00,0.00,16.00,0.00,13.00,7367.00,0.00,3478.25
8.73,0.00,0.00,0.00,16.00,0.00,13.00,7367.00,0.00,3370.68
8.74,0.00,0.00,0.00,16.00,0.00,13.00,7367.00,0.00,3272.47
8.74,0.00,0.00,0.00,16.00,0.00,13.00,7367.00,0.00,3182.82
8.75,0.00,0.00,0.00,16.00,0.00,13.00,7367.00,0.00,3100.97
8.76,0.00,0.00,0.00,16.00,0.00,13.00,7367.00,0.00,3026.25
8.76,0.00,0.00,0.00,16.00,0.00,13.00,7367.00,0.00,2958.04
8.77,0.00,0.00,0.00,16.00,0.00,13.00,7367.00,0.00,2895.77
8.78,0.00,0.00,0.00,16.00,0.00,13.00,7367.00,0.00,2838.91
8.78,0.00,0.00,0.00,16.00,0.00,13.00,7367.00,0.00,2787.01
8.79,0.00,0.00,0.00,16.00,0.00,13.00,7367.00,0.00,2739.63
8.80,0.00,0.00,0.00,16.00,0.00,12.00,7368.00,0.00,2681.35
8.81,0.00,0.00,0.00,16.00,0.00,12.00,7368.00,0.00,2628.15
8.81,0.00,0.00,0.00,16.00,0.00,12.00,7368.00,0.00,2579.58
8.82,0.00,0.00,0.00,16.00,0.00,11.00,7369.00,0.00,2520.21
8.83,0.00,0.00,0.00,16.00,0.00,11.00,7369.00,0.00,2466.02
8.83,0.00,0.00,0.00,16.00,0.00,11.00,7369.00,0.00,2416.54
8.84,0.00,0.00,0.00,16.00,0.00,10.00,7370.00,0.00,2356.35
8.85,0.00,0.00,0.00,16.00,0.00,10.00,7370.00,0.00,2301.40
8.85,0.00,0.00,0.00,16.00,0.00,9.00,7371.00,0.00,2236.21
8.86,0.00,0.00,0.00,16.00,0.00,9.00,7371.00,0.00,2176.70
8.87,0.00,0.00,0.00,16.00,0.00,9.00,7371.00,0.00,2122.37
8.88,0.00,0.00,0.00,16.00,0.00,9.00,7371.00,0.00,2072.77
8.88,0.00,0.00,0.00,16.00,0.00,9.00,7371.00,0.00,2027.49
8.89,0.00,0.00,0.00,16.00,0.00,7.00,7373.00,0.00,1956.10
8.90,0.00,0.00,0.00,16.00,0.00,7.00,7373.00,0.00,1890.94
8.90,0.00,0.00,0.00,16.00,0.00,7.00,7373.00,0.00,1831.44
8.91,0.00,0.00,0.00,16.00,0.00,7.00,7373.00,0.00,1777.13
8.92,0.00,0.00,0.00,16.00,0.00,7.00,7373.00,0.00,1727.55
8.92,0.00,0.00,0.00,16.00,0.00,7.00,7373.00,0.00,1682.28
8.93,0.00,0.00,0.00,16.00,0.00,7.00,7373.00,0.00,1640.96
8.94,0.00,0.00,0.00,16.00,0.00,7.00,7373.00,0.00,1603.23
8.94,0.00,0.00,0.00,16.00,0.00,7.00,7373.00,0.00,1568.79
8.95,0.00,0.00,0.00,16.00,0.00,7.00,7373.00,0.00,1537.35
8.96,0.00,0.00,0.00,16.00,0.00,7.00,7373.00,0.00,1508.64
8.97,0.00,0.00,0.00,16.00,0.00,7.00,7373.00,0.00,1482.44
8.97,0.00,0.00,0.00,16.00,0.00,7.00,7373.00,0.00,1458.51
8.98,0.00,0.00,0.00,16.00,0.00,7.00,7373.00,0.00,1436.68
8.99,0.00,0.00,0.00,16.00,0.00,7.00,7373.00,0.00,1416.74
8.99,0.00,0.00,0.00,16.00,0.00,7.00,7373.00,0.00,1398.53
9.00,0.00,0.00,0.00,16.00,0.00,7.00,7373.00,0.00,1381.92
9.01,0.00,0.00,0.00,16.00,0.00,7.00,7373.00,0.00,1366.75
9.01,0.00,0.00,0.00,16.00,0.00,7.00,7373.00,0.00,1352.90
9.02,0.00,0.00,0.00,16.00,0.00,7.00,7373.00,0.00,1340.26
9.03,0.00,0.00,0.00,16.00,0.00,7.00,7373.00,0.00,1328.71
9.03,0.00,0.00,0.00,16.00,0.00,7.00,7373.00,0.00,1318.18
9.04,0.00,0.00,0.00,16.00,0.00,7.00,7373.00,0.00,1308.56
9.05,0.00,0.00,0.00,16.00,0.00,7.00,7373.00,0.00,1299.77
9.06,0.00,0.00,0.00,16.00,0.00,7.00,7373.00,0.00,1291.76
9.06,0.00,0.00,0.00,16.00,0.00,7.00,7373.00,0.00,1284.44
9.07,0.00,0.00,0.00,16.00,0.00,7.00,7373.00,0.00,1277.76
9.08,0.00,0.00,0.00,16.00,0.00,7.00,7373.00,0.00,1271.66
9.08,0.00,0.00,0.00,16.00,0.00,7.00,7373.00,0.00,1266.09
9.09,0.00,0.00,0.00,16.00,0.00,7.00,7373.00,0.00,1261.00
9.10,0.00,0.00,0.00,16.00,0.00,7.00,7373.00,0.00,1256.36
9.10,0.00,0.00,0.00,16.00,0.00,7.00,7373.00,0.00,1252.12
9.11,0.00,0.00,0.00,16.00,0.00,7.00,7373.00,0.00,1248.26
9.12,0.00,0.00,0.00,16.00,0.00,7.00,7373.00,0.00,1244.73
9.12,0.00,0.00,0.00,16.00,0.00,7.00,7373.00,0.00,1241.50
9.13,0.00,0.00,0.00,16.00,0.00,7.00,7373.00,0.00,1238.56
9.14,0.00,0.00,0.00,16.00,0.00,7.00,7373.00,0.00,1235.87
9.15,0.00,0.00,0.00,16.00,0.00,7.00,7373.00,0.00,1233.42
9.15,0.00,0.00,0.00,16.00,0.00,7.00,7373.00,0.00,1231.18
9.16,0.00,0.00,0.00,16.00,0.00,7.00,7373.00,0.00,1229.13
9.17,0.00,0.00,0.00,16.00,0.00,7.00,7373.00,0.00,1227.27
9.17,0.00,0.00,0.00,16.00,0.00,7.00,7373.00,0.00,1225.56
9.18,0.00,0.00,0.00,16.00,0.00,7.00,7373.00,0.00,1224.01
9.19,0.00,0.00,0.00,16.00,0.00,7.00,7373.00,0.00,1222.59
9.19,0.00,0.00,0.00,16.00,0.00,7.00,7373.00,0.00,1221.29
9.20,0.00,0.00,0.00,16.00,0.00,7.00,7373.00,0.00,1220.11
9.21,0.00,0.00,0.00,16.00,0.00,7.00,7373.00,0.00,1219.03
9.22,0.00,0.00,0.00,16.00,0.00,7.00,7373.00,0.00,1218.04
9.22,0.00,0.00,0.00,16.00,0.00,7.00,7373.00,0.00,1217.14
9.23,0.00,0.00,0.00,16.00,0.00,7.00,7373.00,0.00,1216.32
9.24,0.00,0.00,0.00,16.00,0.00,7.00,7373.00,0.00,1215.57
9.24,0.00,0.00,0.00,16.00,0.00,7.00,7373.00,0.00,1214.88
9.25,0.00,0.00,0.00,16.00,0.00,7.00,7373.00,0.00,1214.26
9.26,0.00,0.00,0.00,16.00,0.00,7.00,7373.00,0.00,1213.69
9.26,0.00,0.00,0.00,16.00,0.00,6.00,7374.00,0.00,1198.14
9.27,0.00,0.00,0.00,16.00,0.00,6.00,7374.00,0.00,1183.95
9.28,0.00,0.00,0.00,16.00,0.00,6.00,7374.00,0.00,1171.00
9.28,0.00,0.00,0.00,16.00,0.00,6.00,7374.00,0.00,1159.17
9.29,0.00,0.00,0.00,16.00,0.00,6.00,7374.00,0.00,1148.37
9.30,0.00,0.00,0.00,16.00,0.00,6.00,7374.00,0.00,1138.52
9.31,0.00,0.00,0.00,16.00,0.00,5.00,7375.00,0.00,1114.49
9.31,0.00,0.00,0.00,16.00,0.00,5.00,7375.00,0.00,1092.56
9.32,0.00,0.00,0.00,16.00,0.00,5.00,7375.00,0.00,1072.54
9.33,0.00,0.00,0.00,16.00,0.00,5.00,7375.00,0.00,1054.27
9.33,0.00,0.00,0.00,16.00,0.00,5.00,7375.00,0.00,1037.58
9.34,0.00,0.00,0.00,16.00,0.00,5.00,7375.00,0.00,1022.35
9.35,0.00,0.00,0.00,16.00,0.00,5.00,7375.00,0.00,1008.44
9.35,0.00,0.00,0.00,16.00,0.00,4.00,7376.00,0.00,980.72
9.36,0.00,0.00,0.00,16.00,0.00,4.00,7376.00,0.00,955.42
9.37,0.00,0.00,0.00,16.00,0.00,3.00,7377.00,0.00,917.29
9.38,0.00,0.00,0.00,16.00,0.00,3.00,7377.00,0.00,882.49
9.38,0.00,0.00,0.00,16.00,0.00,3.00,7377.00,0.00,850.71
9.39,0.00,0.00,0.00,16.00,0.00,3.00,7377.00,0.00,821.71
9.40,0.00,0.00,0.00,16.00,0.00,3.00,7377.00,0.00,795.23
9.40,0.00,0.00,0.00,16.00,0.00,3.00,7377.00,0.00,771.05
9.41,0.00,0.00,0.00,16.00,0.00,2.00,7378.00,0.00,733.96
9.42,0.00,0.00,0.00,16.00,0.00,1.00,7379.00,0.00,685.07
9.42,0.00,0.00,0.00,16.00,0.00,1.00,7379.00,0.00,640.44
9.43,0.00,0.00,0.00,16.00,0.00,1.00,7379.00,0.00,599.70
9.44,0.00,0.00,0.00,16.00,0.00,1.00,7379.00,0.00,562.50
9.44,0.00,0.00,0.00,16.00,0.00,1.00,7379.00,0.00,528.54
9.45,0.00,0.00,0.00,16.00,0.00,1.00,7379.00,0.00,497.54
9.46,0.00,0.00,0.00,16.00,0.00,1.00,7379.00,0.00,469.24
9.47,0.00,0.00,0.00,16.00,0.00,1.00,7379.00,0.00,443.40
9.47,0.00,0.00,0.00,16.00,0.00,1.00,7379.00,0.00,419.82
9.48,0.00,0.00,0.00,16.00,0.00,1.00,7379.00,0.00,398.28
9.49,0.00,0.00,0.00,16.00,0.00,1.00,7379.00,0.00,378.63
9.49,0.00,0.00,0.00,16.00,0.00,1.00,7379.00,0.00,360.68
9.50,0.00,0.00,0.00,16.00,0.00,1.00,7379.00,0.00,344.30
9.51,0.00,0.00,0.00,16.00,0.00,1.00,7379.00,0.00,329.34
9.51,0.00,0.00,0.00,16.00,0.00,1.00,7379.00,0.00,315.69
9.52,0.00,0.00,0.00,16.00,0.00,1.00,7379.00,0.00,303.22
9.53,0.00,0.00,0.00,16.00,0.00,1.00,7379.00,0.00,291.84
9.53,0.00,0.00,0.00,16.00,0.00,1.00,7379.00,0.00,281.45
9.54,0.00,0.00,0.00,16.00,0.00,1.00,7379.00,0.00,271.97
9.55,0.00,0.00,0.00,16.00,0.00,1.00,7379.00,0.00,263.31
9.56,0.00,0.00,0.00,16.00,0.00,1.00,7379.00,0.00,255.40
9.56,0.00,0.00,0.00,16.00,0.00,1.00,7379.00,0.00,248.19
9.57,0.00,0.00,0.00,16.00,0.00,1.00,7379.00,0.00,241.60
9.58,0.00,0.00,0.00,16.00,0.00,1.00,7379.00,0.00,235.58
9.58,0.00,0.00,0.00,16.00,0.00,1.00,7379.00,0.00,230.09
9.59,0.00,0.00,0.00,16.00,0.00,1.00,7379.00,0.00,225.08
9.60,0.00,0.00,0.00,16.00,0.00,1.00,7379.00,0.00,220.51
9.60,0.00,0.00,0.00,16.00,0.00,1.00,7379.00,0.00,216.33
9.61,0.00,0.00,0.00,16.00,0.00,1.00,7379.00,0.00,212.51
9.62,0.00,0.00,0.00,16.00,0.00,1.00,7379.00,0.00,209.03
9.62,0.00,0.00,0.00,16.00,0.00,1.00,7379.00,0.00,205.85
9.63,0.00,0.00,0.00,16.00,0.00,1.00,7379.00,0.00,202.95
9.64,0.00,0.00,0.00,16.00,0.00,1.00,7379.00,0.00,200.30
9.65,0.00,0.00,0.00,16.00,0.00,1.00,7379.00,0.00,197.88
9.65,0.00,0.00,0.00,16.00,0.00,1.00,7379.00,0.00,195.68
9.66,0.00,0.00,0.00,16.00,0.00,1.00,7379.00,0.00,193.66
9.67,0.00,0.00,0.00,16.00,0.00,1.00,7379.00,0.00,191.82
9.67,0.00,0.00,0.00,16.00,0.00,1.00,7379.00,0.00,190.14
9.68,0.00,0.00,0.00,16.00,0.00,1.00,7379.00,0.00,188.61
9.69,0.00,0.00,0.00,16.00,0.00,1.00,7379.00,0.00,187.21
9.69,0.00,0.00,0.00,16.00,0.00,1.00,7379.00,0.00,185.93
9.70,0.00,0.00,0.00,16.00,0.00,1.00,7379.00,0.00,184.76
9.71,0.00,0.00,0.00,16.00,0.00,1.00,7379.00,0.00,183.70
9.72,0.00,0.00,0.00,16.00,0.00,1.00,7379.00,0.00,182.72
9.72,0.00,0.00,0.00,16.00,0.00,1.00,7379.00,0.00,181.84
9.73,0.00,0.00,0.00,16.00,0.00,1.00,7379.00,0.00,181.03
9.74,0.00,0.00,0.00,16.00,0.00,1.00,7379.00,0.00,180.29
9.74,0.00,0.00,0.00,16.00,0.00,1.00,7379.00,0.00,179.61
9.75,0.00,0.00,0.00,16.00,0.00,1.00,7379.00,0.00,178.99
9.76,0.00,0.00,0.00,16.00,0.00,1.00,7379.00,0.00,178.43
9.76,0.00,0.00,0.00,16.00,0.00,1.00,7379.00,0.00,177.92
9.77,0.00,0.00,0.00,16.00,0.00,1.00,7379.00,0.00,177.45
9.78,0.00,0.00,0.00,16.00,0.00,1.00,7379.00,0.00,177.02
9.78,0.00,0.00,0.00,16.00,0.00,1.00,7379.00,0.00,176.63
9.79,0.00,0.00,0.00,16.00,0.00,1.00,7379.00,0.00,176.27
9.80,0.00,0.00,0.00,16.00,0.00,1.00,7379.00,0.00,175.95
9.81,0.00,0.00,0.00,16.00,0.00,1.00,7379.00,0.00,175.65
9.81,0.00,0.00,0.00,16.00,0.00,0.00,7380.00,0.00,160.35
9.82,0.00,0.00,0.00,16.00,0.00,0.00,7380.00,0.00,146.39
9.83,0.00,0.00,0.00,16.00,0.00,0.00,7380.00,0.00,133.64
9.83,0.00,0.00,0.00,16.00,0.00,0.00,7380.00,0.00,122.01
9.84,0.00,0.00,0.00,16.00,0.00,0.00,7380.00,0.00,111.38
9.85,0.00,0.00,0.00,16.00,0.00,0.00,7380.00,0.00,101.68
9.85,0.00,0.00,0.00,16.00,0.00,0.00,7380.00,0.00,92.83
9.86,0.00,0.00,0.00,16.00,0.00,0.00,7380.00,0.00,84.75
9.87,0.00,0.00,0.00,16.00,0.00,0.00,7380.00,0.00,77.37
9.88,0.00,0.00,0.00,16.00,0.00,0.00,7380.00,0.00,70.63
9.88,0.00,0.00,0.00,16.00,0.00,0.00,7380.00,0.00,64.48
9.89,0.00,0.00,0.00,16.00,0.00,0.00,7380.00,0.00,58.87
9.90,0.00,0.00,0.00,16.00,0.00,0.00,7380.00,0.00,53.74
9.90,0.00,0.00,0.00,16.00,0.00,0.00,7380.00,0.00,49.06
9.91,0.00,0.00,0.00,16.00,0.00,0.00,7380.00,0.00,44.79
9.92,0.00,0.00,0.00,16.00,0.00,0.00,7380.00,0.00,40.89
9.92,0.00,0.00,0.00,16.00,0.00,0.00,7380.00,0.00,37.33
9.93,0.00,0.00,0.00,16.00,0.00,0.00,7380.00,0.00,34.08
9.94,0.00,0.00,0.00,16.00,0.00,0.00,7380.00,0.00,31.11
9.94,0.00,0.00,0.00,16.00,0.00,0.00,7380.00,0.00,28.40
9.95,0.00,0.00,0.00,16.00,0.00,0.00,7380.00,0.00,25.93
9.96,0.00,0.00,0.00,16.00,0.00,0.00,7380.00,0.00,23.67
9.97,0.00,0.00,0.00,16.00,0.00,0.00,7380.00,0.00,21.61
9.97,0.00,0.00,0.00,16.00,0.00,0.00,7380.00,0.00,19.73
9.98,0.00,0.00,0.00,16.00,0.00,0.00,7380.00,0.00,18.01
9.99,0.00,0.00,0.00,16.00,0.00,0.00,7380.00,0.00,16.44
9.99,0.00,0.00,0.00,16.00,0.00,0.00,7380.00,0.00,15.01
