Time,U,AI1,AI2,AD,BI2,BI2,BD,VA,VB
0.00,7394.00,2.00,0.00,0.00,0.00,0.00,0.00,75.00,75.00
0.01,7392.00,2.00,0.00,0.00,2.00,0.00,0.00,68.52,68.47
0.01,7390.00,3.00,0.00,0.00,3.00,0.00,0.00,62.61,62.51
0.02,7390.00,3.00,0.00,0.00,3.00,0.00,0.00,57.20,57.06
0.03,7388.00,5.00,0.00,0.00,3.00,0.00,0.00,52.26,52.10
0.03,7388.00,5.00,0.00,0.00,3.00,0.00,0.00,47.75,47.56
0.04,7387.00,6.00,0.00,0.00,3.00,0.00,0.00,43.63,43.42
0.05,7384.00,7.00,0.00,0.00,5.00,0.00,0.00,39.86,39.64
0.06,7383.00,5.00,2.00,0.00,6.00,0.00,0.00,39.43,36.19
0.06,7382.00,6.00,2.00,0.00,6.00,0.00,0.00,39.03,33.03
0.07,7380.00,6.00,3.00,0.00,7.00,0.00,0.00,40.16,30.16
0.08,7380.00,6.00,3.00,0.00,7.00,0.00,0.00,41.20,27.53
0.08,7380.00,6.00,3.00,0.00,7.00,0.00,0.00,42.15,25.13
0.09,7380.00,6.00,3.00,0.00,7.00,0.00,0.00,43.02,22.95
0.10,7380.00,6.00,3.00,0.00,7.00,0.00,0.00,43.81,20.95
0.10,7380.00,5.00,4.00,0.00,7.00,0.00,0.00,46.04,19.12
0.11,7380.00,4.00,5.00,0.00,7.00,0.00,0.00,49.58,17.46
0.12,7379.00,5.00,5.00,0.00,7.00,0.00,0.00,52.81,15.94
0.12,7379.00,5.00,4.00,1.00,7.00,0.00,0.00,54.26,14.55
0.13,7379.00,5.00,4.00,1.00,7.00,0.00,0.00,55.58,13.28
0.14,7378.00,5.00,5.00,1.00,7.00,0.00,0.00,58.30,12.13
0.15,7376.00,6.00,5.00,2.00,7.00,0.00,0.00,60.77,11.07
0.15,7374.00,8.00,5.00,2.00,7.00,0.00,0.00,63.04,10.11
0.16,7373.00,7.00,7.00,2.00,7.00,0.00,0.00,68.11,9.23
0.17,7373.00,7.00,7.00,2.00,7.00,0.00,0.00,72.75,8.42
0.17,7373.00,7.00,7.00,2.00,7.00,0.00,0.00,76.98,7.69
0.18,7371.00,9.00,7.00,2.00,7.00,0.00,0.00,80.85,7.02
0.19,7369.00,10.00,7.00,2.00,8.00,0.00,0.00,84.39,6.41
0.19,7368.00,9.00,8.00,2.00,7.00,2.00,0.00,89.12,35.90
0.20,7367.00,10.00,8.00,2.00,7.00,2.00,0.00,93.45,62.82
0.21,7366.00,10.00,7.00,3.00,8.00,2.00,0.00,95.90,87.39
0.22,7363.00,12.00,7.00,3.00,8.00,3.00,0.00,98.13,124.85
0.22,7361.00,13.00,7.00,3.00,9.00,3.00,0.00,100.18,159.05
0.23,7359.00,14.00,7.00,3.00,10.00,3.00,0.00,102.04,190.27
0.24,7356.00,13.00,9.00,3.00,12.00,3.00,0.00,106.75,218.77
0.24,7353.00,14.00,9.00,3.00,14.00,3.00,0.00,111.06,244.79
0.25,7350.00,15.00,9.00,3.00,16.00,3.00,0.00,114.99,268.55
0.26,7346.00,17.00,9.00,3.00,18.00,2.00,1.00,118.58,275.21
0.26,7341.00,17.00,10.00,3.00,22.00,2.00,1.00,123.37,281.29
0.27,7340.00,17.00,10.00,3.00,23.00,2.00,1.00,127.74,286.84
0.28,7333.00,21.00,11.00,3.00,24.00,3.00,1.00,133.24,306.94
0.28,7328.00,25.00,11.00,3.00,23.00,5.00,1.00,138.26,355.32
0.29,7323.00,26.00,12.00,3.00,26.00,4.00,2.00,144.35,384.48
0.30,7318.00,27.00,12.00,4.00,29.00,4.00,2.00,149.92,411.09
0.31,7315.00,25.00,13.00,5.00,31.00,5.00,2.00,156.50,450.41
0.31,7311.00,26.00,13.00,5.00,33.00,6.00,2.00,162.52,501.33
0.32,7305.00,27.00,12.00,7.00,36.00,7.00,2.00,166.52,562.84
0.33,7298.00,30.00,13.00,7.00,39.00,7.00,2.00,171.67,618.99
0.33,7294.00,31.00,13.00,8.00,40.00,8.00,2.00,176.38,685.28
0.34,7288.00,29.00,14.00,10.00,45.00,8.00,2.00,182.19,745.79
0.35,7280.00,30.00,16.00,10.00,46.00,11.00,3.00,190.49,846.10
0.35,7274.00,32.00,15.00,11.00,48.00,13.00,3.00,196.58,967.73
0.36,7268.00,35.00,15.00,11.00,50.00,14.00,3.00,202.15,1093.79
0.37,7265.00,35.00,14.00,12.00,52.00,14.00,4.00,205.73,1208.87
0.38,7259.00,35.00,16.00,12.00,55.00,15.00,4.00,212.00,1328.95
0.38,7253.00,35.00,15.00,15.00,57.00,16.00,5.00,216.23,1453.60
0.39,7246.00,37.00,14.00,16.00,59.00,19.00,5.00,218.60,1612.47
0.40,7236.00,41.00,15.00,16.00,62.00,21.00,5.00,222.26,1787.55
0.40,7227.00,44.00,16.00,16.00,64.00,24.00,5.00,227.11,1992.45
0.41,7214.00,45.00,18.00,16.00,74.00,23.00,6.00,234.54,2164.49
0.42,7199.00,45.00,20.00,16.00,82.00,27.00,7.00,244.34,2381.64
0.42,7193.00,44.00,21.00,17.00,82.00,31.00,8.00,254.79,2639.97
0.43,7185.00,44.00,21.00,17.00,83.00,38.00,8.00,264.34,2980.97
0.44,7169.00,48.00,21.00,17.00,92.00,40.00,9.00,273.07,3322.32
0.44,7159.00,51.00,22.00,17.00,97.00,41.00,9.00,282.55,3648.98
0.45,7149.00,50.00,24.00,17.00,102.00,40.00,14.00,294.21,3932.16
0.46,7136.00,51.00,25.00,17.00,110.00,42.00,15.00,306.37,4220.74
0.47,7126.00,51.00,26.00,17.00,115.00,43.00,18.00,318.98,4499.21
0.47,7111.00,53.00,26.00,18.00,123.00,44.00,21.00,330.50,4768.45
0.48,7096.00,59.00,26.00,18.00,128.00,47.00,22.00,341.02,5059.32
0.49,7085.00,58.00,29.00,18.00,133.00,50.00,23.00,355.15,5369.93
0.49,7070.00,59.00,33.00,19.00,139.00,52.00,24.00,374.06,5683.54
0.50,7055.00,62.00,35.00,19.00,148.00,52.00,25.00,394.35,5969.85
0.51,7038.00,63.00,37.00,19.00,154.00,60.00,25.00,415.89,6351.40
0.51,7022.00,67.00,36.00,20.00,161.00,65.00,25.00,434.07,6774.85
0.52,7003.00,73.00,38.00,20.00,166.00,68.00,28.00,453.68,7206.50
0.53,6988.00,77.00,38.00,21.00,168.00,73.00,31.00,471.60,7675.67
0.53,6965.00,80.00,39.00,23.00,180.00,77.00,32.00,489.48,8164.09
0.54,6942.00,80.00,42.00,23.00,191.00,85.00,33.00,510.31,8730.16
0.55,6921.00,79.00,44.00,25.00,204.00,88.00,35.00,532.36,9292.00
0.56,6896.00,78.00,46.00,26.00,222.00,93.00,35.00,555.50,9880.04
0.56,6869.00,81.00,46.00,28.00,240.00,95.00,37.00,576.65,10446.93
0.57,6844.00,87.00,45.00,30.00,253.00,98.00,39.00,594.47,11009.52
0.58,6826.00,90.00,47.00,31.00,259.00,103.00,40.00,613.76,11598.23
0.58,6796.00,92.00,49.00,32.00,279.00,106.00,42.00,634.38,12180.76
0.59,6773.00,91.00,49.00,34.00,292.00,108.00,49.00,653.23,12742.60
0.60,6749.00,94.00,51.00,34.00,301.00,115.00,52.00,673.45,13360.69
0.60,6718.00,101.00,50.00,37.00,313.00,124.00,53.00,690.42,14060.16
0.61,6697.00,102.00,53.00,37.00,324.00,125.00,58.00,710.44,14713.75
0.62,6654.00,114.00,54.00,38.00,340.00,138.00,58.00,730.23,15505.73
0.62,6631.00,116.00,57.00,38.00,344.00,149.00,61.00,752.81,16393.99
0.63,6600.00,121.00,59.00,38.00,358.00,155.00,65.00,776.46,17295.06
0.64,6560.00,129.00,62.00,39.00,379.00,159.00,68.00,802.57,18177.75
0.65,6536.00,131.00,65.00,39.00,387.00,167.00,71.00,830.93,19103.76
0.65,6501.00,139.00,68.00,41.00,393.00,178.00,76.00,861.35,20114.40
0.66,6466.00,146.00,70.00,42.00,402.00,191.00,79.00,892.14,21232.34
0.67,6433.00,145.00,76.00,44.00,417.00,199.00,82.00,929.30,22373.11
0.67,6396.00,158.00,78.00,46.00,428.00,205.00,85.00,966.25,23504.69
0.68,6363.00,164.00,81.00,47.00,443.00,208.00,90.00,1004.51,24582.81
0.69,6324.00,169.00,85.00,48.00,459.00,221.00,90.00,1045.49,25762.35
0.69,6284.00,174.00,84.00,51.00,480.00,229.00,94.00,1081.42,26959.36
0.70,6237.00,184.00,88.00,51.00,496.00,242.00,98.00,1120.26,28247.44
0.71,6204.00,184.00,92.00,52.00,513.00,247.00,104.00,1161.76,29498.48
0.72,6163.00,191.00,93.00,55.00,524.00,265.00,105.00,1201.17,30911.00
0.72,6127.00,190.00,99.00,55.00,537.00,281.00,107.00,1246.20,32440.89
0.73,6078.00,205.00,99.00,57.00,552.00,296.00,109.00,1287.34,34062.91
0.74,6026.00,218.00,101.00,58.00,571.00,307.00,115.00,1327.93,35708.95
0.74,5990.00,221.00,103.00,62.00,581.00,318.00,121.00,1368.02,37376.91
0.75,5948.00,222.00,108.00,64.00,602.00,327.00,125.00,1412.16,39034.84
0.76,5905.00,225.00,111.00,67.00,617.00,340.00,131.00,1457.00,40743.71
0.76,5861.00,227.00,115.00,69.00,635.00,353.00,136.00,1503.98,42499.07
0.77,5814.00,232.00,117.00,71.00,656.00,362.00,144.00,1549.90,44236.79
0.78,5772.00,236.00,123.00,72.00,671.00,372.00,150.00,1600.88,45973.43
0.78,5733.00,249.00,126.00,73.00,676.00,386.00,153.00,1651.96,47769.18
0.79,5683.00,259.00,130.00,75.00,682.00,407.00,160.00,1704.64,49724.04
0.80,5632.00,274.00,134.00,77.00,688.00,427.00,164.00,1758.78,51809.14
0.81,5585.00,285.00,136.00,82.00,697.00,438.00,173.00,1811.25,53877.94
0.81,5543.00,286.00,144.00,86.00,702.00,461.00,174.00,1871.21,56112.12
0.82,5491.00,295.00,149.00,88.00,717.00,478.00,178.00,1933.50,58407.16
0.83,5436.00,316.00,148.00,92.00,734.00,487.00,183.00,1988.92,60637.56
0.83,5385.00,320.00,151.00,97.00,755.00,500.00,188.00,2044.06,62869.04
0.84,5337.00,328.00,159.00,98.00,771.00,512.00,191.00,2106.45,65086.50
0.85,5287.00,331.00,166.00,103.00,777.00,537.00,195.00,2173.98,67486.44
0.85,5233.00,341.00,174.00,104.00,791.00,553.00,200.00,2247.69,69917.78
0.86,5182.00,345.00,181.00,107.00,796.00,581.00,204.00,2325.56,72558.06
0.87,5130.00,351.00,186.00,110.00,812.00,595.00,212.00,2404.21,75178.75
0.88,5078.00,358.00,198.00,112.00,817.00,619.00,214.00,2494.10,77931.80
0.88,5030.00,362.00,207.00,115.00,828.00,636.00,218.00,2589.75,80700.52
0.89,4973.00,375.00,214.00,118.00,848.00,646.00,222.00,2687.66,83378.38
0.90,4928.00,384.00,218.00,122.00,853.00,662.00,229.00,2783.13,86063.43
0.90,4879.00,389.00,225.00,123.00,867.00,678.00,235.00,2880.87,88755.05
0.91,4830.00,395.00,240.00,125.00,874.00,693.00,239.00,2992.71,91437.64
0.92,4768.00,411.00,249.00,127.00,886.00,711.00,244.00,3108.41,94157.06
0.92,4712.00,419.00,261.00,130.00,889.00,739.00,246.00,3232.15,97060.32
0.93,4649.00,429.00,269.00,133.00,903.00,762.00,251.00,3357.23,100056.32
0.94,4592.00,445.00,272.00,138.00,905.00,783.00,261.00,3476.01,103106.92
0.94,4532.00,456.00,279.00,142.00,919.00,798.00,270.00,3595.06,106117.24
0.95,4454.00,474.00,287.00,147.00,935.00,822.00,277.00,3715.84,109225.98
0.96,4400.00,485.00,294.00,152.00,944.00,836.00,285.00,3836.72,112274.35
0.97,4320.00,507.00,296.00,159.00,970.00,854.00,290.00,3950.16,115327.69
0.97,4266.00,517.00,302.00,164.00,983.00,870.00,294.00,4062.83,118355.54
0.98,4203.00,524.00,315.00,168.00,990.00,893.00,303.00,4185.29,121465.26
0.99,4130.00,548.00,322.00,172.00,1001.00,911.00,312.00,4307.70,124574.62
0.99,4054.00,570.00,329.00,179.00,1015.00,928.00,321.00,4430.06,127668.61
1.00,3988.00,577.00,339.00,183.00,1033.00,943.00,333.00,4556.88,130718.55
1.01,3931.00,582.00,354.00,186.00,1033.00,969.00,341.00,4695.28,133893.50
1.01,3866.00,598.00,365.00,189.00,1042.00,991.00,345.00,4838.26,137122.51
1.02,3800.00,607.00,381.00,194.00,1046.00,1019.00,349.00,4992.93,140490.99
1.03,3745.00,613.00,398.00,198.00,1040.00,1047.00,355.00,5159.79,143986.81
1.03,3678.00,621.00,409.00,206.00,1048.00,1074.00,360.00,5328.77,147583.85
1.04,3603.00,637.00,427.00,209.00,1045.00,1103.00,372.00,5510.20,151303.34
1.05,3537.00,651.00,436.00,216.00,1052.00,1126.00,378.00,5689.49,155044.49
1.06,3461.00,674.00,452.00,220.00,1053.00,1155.00,381.00,5877.34,158895.54
1.06,3404.00,687.00,463.00,227.00,1049.00,1178.00,388.00,6065.49,162756.79
1.07,3338.00,695.00,479.00,237.00,1043.00,1214.00,390.00,6261.44,166822.65
1.08,3277.00,704.00,485.00,249.00,1044.00,1237.00,400.00,6449.48,170880.01
1.08,3215.00,708.00,504.00,256.00,1042.00,1266.00,405.00,6649.83,175019.73
1.09,3143.00,725.00,516.00,266.00,1041.00,1288.00,417.00,6850.92,179129.50
1.10,3064.00,743.00,532.00,273.00,1050.00,1309.00,425.00,7058.68,183196.88
1.10,2982.00,765.00,542.00,280.00,1059.00,1338.00,430.00,7263.52,187345.77
1.11,2900.00,782.00,568.00,283.00,1060.00,1369.00,434.00,7489.75,191599.10
1.12,2823.00,797.00,583.00,291.00,1077.00,1384.00,441.00,7718.97,195707.42
1.12,2752.00,818.00,593.00,295.00,1076.00,1416.00,446.00,7943.43,199938.74
1.13,2677.00,837.00,612.00,298.00,1075.00,1442.00,455.00,8177.05,204192.22
1.14,2618.00,837.00,635.00,302.00,1073.00,1466.00,465.00,8425.06,208435.88
1.15,2554.00,843.00,655.00,303.00,1087.00,1481.00,473.00,8681.70,212535.36
1.15,2483.00,854.00,674.00,308.00,1091.00,1505.00,481.00,8944.73,216638.43
1.16,2408.00,866.00,692.00,317.00,1090.00,1535.00,488.00,9212.09,220834.91
1.17,2323.00,880.00,716.00,320.00,1109.00,1555.00,493.00,9492.43,224966.45
1.17,2250.00,887.00,736.00,331.00,1118.00,1574.00,500.00,9778.61,229023.66
1.18,2189.00,899.00,755.00,334.00,1117.00,1597.00,505.00,10068.62,233073.12
1.19,2127.00,898.00,778.00,341.00,1114.00,1626.00,512.00,10368.15,237205.64
1.19,2059.00,907.00,796.00,345.00,1115.00,1654.00,520.00,10668.87,241398.97
1.20,1991.00,928.00,803.00,356.00,1120.00,1668.00,530.00,10954.13,245437.48
1.21,1922.00,933.00,832.00,366.00,1113.00,1693.00,537.00,11258.34,249499.91
1.22,1857.00,941.00,853.00,374.00,1112.00,1713.00,546.00,11567.83,253509.06
1.22,1772.00,959.00,876.00,377.00,1129.00,1730.00,553.00,11885.15,257424.51
1.23,1704.00,979.00,895.00,382.00,1124.00,1751.00,561.00,12203.62,261314.50
1.24,1648.00,973.00,923.00,387.00,1121.00,1773.00,571.00,12536.66,265196.27
1.24,1589.00,975.00,936.00,399.00,1131.00,1784.00,582.00,12860.48,268905.29
1.25,1537.00,974.00,956.00,401.00,1136.00,1799.00,593.00,13186.39,272516.69
1.26,1479.00,977.00,973.00,410.00,1129.00,1828.00,600.00,13509.70,276249.29
1.26,1414.00,989.00,995.00,413.00,1111.00,1870.00,604.00,13838.15,280287.84
1.27,1374.00,986.00,1020.00,416.00,1099.00,1889.00,612.00,14175.80,284260.18
1.28,1314.00,994.00,1040.00,421.00,1095.00,1912.00,620.00,14514.35,288232.14
1.28,1253.00,997.00,1065.00,424.00,1104.00,1927.00,626.00,14861.22,292083.60
1.29,1195.00,997.00,1085.00,434.00,1104.00,1950.00,631.00,15208.19,295945.21
1.30,1132.00,1005.00,1107.00,441.00,1099.00,1978.00,634.00,15558.26,299891.22
1.31,1095.00,1003.00,1125.00,447.00,1088.00,2001.00,637.00,15905.15,303839.16
1.31,1048.00,1006.00,1142.00,456.00,1076.00,2022.00,646.00,16247.63,307758.81
1.32,1002.00,999.00,1172.00,459.00,1064.00,2044.00,656.00,16605.61,311667.66
1.33,958.00,997.00,1190.00,467.00,1050.00,2072.00,662.00,16959.73,315656.80
1.33,906.00,998.00,1213.00,474.00,1046.00,2091.00,668.00,17317.82,319584.01
1.34,860.00,1007.00,1225.00,482.00,1033.00,2114.00,675.00,17663.03,323514.79
1.35,819.00,1006.00,1247.00,484.00,1015.00,2146.00,679.00,18011.49,327584.04
1.35,770.00,1013.00,1272.00,488.00,1001.00,2166.00,686.00,18367.42,331599.41
1.36,735.00,1002.00,1295.00,495.00,987.00,2192.00,690.00,18727.17,335655.74
1.37,692.00,1000.00,1311.00,506.00,969.00,2214.00,704.00,19079.90,339689.37
1.38,648.00,995.00,1334.00,515.00,953.00,2240.00,711.00,19436.74,343762.37
1.38,615.00,987.00,1355.00,522.00,934.00,2268.00,715.00,19794.31,347901.36
1.39,574.00,979.00,1382.00,529.00,917.00,2298.00,717.00,20161.58,352130.63
1.40,539.00,981.00,1401.00,534.00,906.00,2311.00,724.00,20525.68,356186.94
1.40,511.00,974.00,1415.00,543.00,897.00,2323.00,733.00,20879.38,360070.31
1.41,481.00,958.00,1443.00,546.00,887.00,2344.00,737.00,21244.61,363931.02
1.42,447.00,956.00,1471.00,550.00,869.00,2359.00,744.00,21620.37,367680.91
1.42,418.00,946.00,1490.00,556.00,846.00,2389.00,751.00,21992.23,371554.96
1.43,391.00,937.00,1509.00,562.00,833.00,2405.00,759.00,22360.53,375332.05
1.44,363.00,919.00,1537.00,569.00,823.00,2418.00,767.00,22739.10,378975.54
1.44,343.00,903.00,1560.00,573.00,806.00,2438.00,773.00,23119.54,382602.23
1.45,315.00,897.00,1577.00,581.00,791.00,2455.00,780.00,23492.68,386168.52
1.46,289.00,894.00,1589.00,590.00,782.00,2463.00,789.00,23851.62,389544.46
1.47,271.00,881.00,1609.00,594.00,769.00,2473.00,799.00,24209.63,392776.66
1.47,259.00,861.00,1631.00,599.00,750.00,2489.00,807.00,24569.78,395967.79
1.48,243.00,853.00,1641.00,610.00,731.00,2504.00,814.00,24913.85,399106.39
1.49,222.00,854.00,1641.00,621.00,719.00,2520.00,819.00,25228.22,402212.06
1.49,210.00,828.00,1666.00,627.00,696.00,2542.00,827.00,25553.01,405377.82
1.50,191.00,822.00,1680.00,634.00,684.00,2550.00,835.00,25870.79,408388.10
1.51,171.00,808.00,1701.00,642.00,669.00,2560.00,845.00,26192.68,411286.48
1.51,157.00,792.00,1717.00,650.00,658.00,2566.00,856.00,26510.82,414022.63
1.52,149.00,780.00,1729.00,653.00,644.00,2573.00,868.00,26819.52,416625.68
1.53,139.00,759.00,1748.00,661.00,626.00,2588.00,875.00,27130.12,419227.42
1.53,133.00,738.00,1764.00,670.00,609.00,2604.00,878.00,27437.93,421842.98
1.54,119.00,726.00,1776.00,678.00,598.00,2617.00,882.00,27737.20,424426.08
1.55,110.00,717.00,1782.00,685.00,585.00,2629.00,888.00,28019.65,426964.54
1.56,101.00,708.00,1788.00,695.00,576.00,2628.00,900.00,28286.72,429266.93
1.56,92.00,690.00,1811.00,698.00,561.00,2638.00,906.00,28565.29,431519.08
1.57,84.00,681.00,1817.00,708.00,542.00,2652.00,912.00,28828.82,433785.44
1.58,81.00,669.00,1823.00,717.00,533.00,2652.00,921.00,29078.62,435854.45
1.58,78.00,659.00,1829.00,723.00,522.00,2656.00,929.00,29315.86,437803.39
1.59,70.00,642.00,1846.00,729.00,516.00,2653.00,940.00,29558.16,439537.56
1.60,62.00,628.00,1863.00,732.00,508.00,2658.00,945.00,29805.08,441195.84
1.60,57.00,619.00,1872.00,735.00,493.00,2665.00,955.00,30044.21,442814.89
1.61,53.00,608.00,1878.00,742.00,485.00,2665.00,965.00,30271.70,444292.95
1.62,45.00,600.00,1886.00,747.00,479.00,2658.00,981.00,30491.57,445537.15
1.62,44.00,575.00,1907.00,752.00,466.00,2663.00,989.00,30724.01,446748.12
1.63,43.00,556.00,1920.00,759.00,456.00,2669.00,993.00,30955.91,447943.79
1.64,39.00,544.00,1928.00,765.00,445.00,2672.00,1003.00,31179.80,449080.41
1.65,34.00,537.00,1931.00,773.00,434.00,2677.00,1010.00,31388.88,450193.18
1.65,33.00,528.00,1935.00,779.00,422.00,2684.00,1015.00,31585.91,451314.21
1.66,30.00,509.00,1953.00,783.00,415.00,2685.00,1021.00,31792.98,452352.65
1.67,27.00,497.00,1960.00,791.00,398.00,2695.00,1028.00,31992.68,453450.89
1.67,27.00,488.00,1964.00,796.00,390.00,2695.00,1036.00,32181.15,454453.51
1.68,27.00,478.00,1963.00,807.00,376.00,2700.00,1045.00,32351.85,455443.94
1.69,27.00,463.00,1973.00,812.00,366.00,2702.00,1053.00,32522.83,456378.17
1.69,26.00,452.00,1980.00,817.00,355.00,2705.00,1061.00,32689.57,457276.12
1.70,24.00,439.00,1985.00,825.00,349.00,2702.00,1072.00,32849.42,458050.81
1.71,24.00,421.00,1993.00,835.00,335.00,2707.00,1081.00,33007.50,458833.17
1.72,23.00,412.00,2002.00,836.00,325.00,2712.00,1086.00,33165.44,459622.51
1.72,23.00,409.00,2000.00,841.00,319.00,2713.00,1091.00,33306.75,460358.14
1.73,23.00,398.00,2005.00,847.00,308.00,2714.00,1101.00,33443.36,461044.74
1.74,23.00,390.00,2008.00,852.00,303.00,2710.00,1110.00,33572.69,461611.46
1.74,23.00,382.00,2011.00,857.00,292.00,2714.00,1117.00,33695.36,462188.93
1.75,22.00,367.00,2021.00,862.00,282.00,2720.00,1122.00,33822.47,462806.25
1.76,22.00,358.00,2025.00,867.00,277.00,2718.00,1129.00,33944.61,463339.77
1.76,20.00,352.00,2023.00,876.00,272.00,2720.00,1133.00,34053.20,463856.88
1.77,20.00,338.00,2029.00,884.00,266.00,2720.00,1139.00,34161.42,464328.96
1.78,18.00,334.00,2023.00,896.00,259.00,2722.00,1144.00,34251.29,464789.98
1.78,18.00,325.00,2025.00,903.00,255.00,2721.00,1149.00,34336.41,465195.84
1.79,18.00,314.00,2026.00,913.00,252.00,2716.00,1157.00,34415.68,465491.24
1.80,17.00,305.00,2028.00,921.00,243.00,2718.00,1164.00,34491.11,465790.96
1.81,15.00,301.00,2027.00,927.00,239.00,2717.00,1170.00,34558.53,466049.56
1.81,14.00,292.00,2031.00,933.00,230.00,2718.00,1178.00,34626.13,466300.67
1.82,14.00,284.00,2032.00,940.00,224.00,2712.00,1190.00,34689.40,466439.77
1.83,14.00,279.00,2034.00,943.00,214.00,2718.00,1194.00,34750.22,466656.90
1.83,12.00,276.00,2033.00,949.00,206.00,2725.00,1195.00,34804.28,466960.28
1.84,11.00,270.00,2033.00,956.00,201.00,2723.00,1202.00,34853.67,467207.20
1.85,11.00,261.00,2036.00,962.00,195.00,2720.00,1211.00,34903.31,467387.55
1.85,11.00,257.00,2040.00,962.00,188.00,2716.00,1222.00,34954.67,467492.10
1.86,9.00,251.00,2034.00,975.00,188.00,2710.00,1229.00,34992.58,467497.41
1.87,9.00,246.00,2033.00,981.00,184.00,2706.00,1237.00,35025.71,467442.17
1.88,9.00,239.00,2033.00,988.00,179.00,2703.00,1245.00,35055.99,467346.66
1.88,8.00,228.00,2035.00,998.00,172.00,2699.00,1256.00,35086.66,467199.38
1.89,7.00,224.00,2030.00,1007.00,170.00,2695.00,1263.00,35107.16,467004.84
1.90,7.00,220.00,2031.00,1010.00,167.00,2687.00,1274.00,35127.40,466707.04
1.90,7.00,215.00,2030.00,1016.00,161.00,2687.00,1280.00,35144.39,466435.18
1.91,7.00,209.00,2033.00,1019.00,154.00,2684.00,1290.00,35164.42,466141.92
1.92,7.00,204.00,2030.00,1027.00,151.00,2676.00,1301.00,35178.21,465754.01
1.92,7.00,197.00,2025.00,1039.00,150.00,2672.00,1306.00,35183.31,465339.79
1.93,7.00,192.00,2025.00,1044.00,146.00,2667.00,1315.00,35187.96,464886.52
1.94,7.00,188.00,2024.00,1049.00,138.00,2666.00,1324.00,35190.70,464457.70
1.94,7.00,185.00,2018.00,1058.00,133.00,2669.00,1326.00,35184.20,464111.28
1.95,7.00,180.00,2015.00,1066.00,130.00,2667.00,1331.00,35173.75,463764.99
1.96,7.00,171.00,2014.00,1076.00,125.00,2665.00,1338.00,35162.70,463418.80
1.97,7.00,167.00,2009.00,1085.00,123.00,2659.00,1346.00,35145.10,463012.62
1.97,7.00,164.00,2009.00,1088.00,119.00,2657.00,1352.00,35129.01,462611.76
1.98,7.00,162.00,2004.00,1095.00,119.00,2651.00,1358.00,35106.80,462155.66
1.99,7.00,153.00,2000.00,1108.00,117.00,2649.00,1362.00,35080.50,461709.24
1.99,7.00,147.00,1998.00,1116.00,117.00,2642.00,1369.00,35053.46,461196.52
2.00,5.00,145.00,1998.00,1119.00,115.00,2634.00,1380.00,35028.76,460608.27
2.01,5.00,141.00,1989.00,1132.00,108.00,2634.00,1387.00,34992.67,460071.24
2.01,5.00,135.00,1985.00,1142.00,106.00,2632.00,1391.00,34953.69,459550.92
2.02,4.00,128.00,1986.00,1149.00,105.00,2622.00,1402.00,34919.57,458925.69
2.03,2.00,126.00,1985.00,1154.00,102.00,2613.00,1414.00,34886.90,458219.68
2.03,2.00,116.00,1988.00,1161.00,96.00,2610.00,1423.00,34861.56,457530.09
2.04,2.00,115.00,1984.00,1166.00,94.00,2606.00,1429.00,34832.39,456840.44
2.05,2.00,111.00,1975.00,1179.00,92.00,2599.00,1438.00,34792.22,456105.69
2.06,2.00,106.00,1971.00,1188.00,87.00,2594.00,1448.00,34749.51,455359.80
2.06,2.00,105.00,1967.00,1193.00,83.00,2593.00,1453.00,34704.48,454663.84
2.07,2.00,103.00,1965.00,1197.00,82.00,2589.00,1458.00,34660.33,453968.38
2.08,2.00,100.00,1961.00,1204.00,80.00,2584.00,1465.00,34613.99,453258.37
2.08,2.00,99.00,1951.00,1215.00,77.00,2580.00,1472.00,34556.62,452550.09
2.09,2.00,98.00,1945.00,1222.00,73.00,2580.00,1476.00,34495.19,451903.49
2.10,2.00,94.00,1938.00,1233.00,69.00,2579.00,1481.00,34428.55,451298.16
2.10,1.00,91.00,1935.00,1239.00,68.00,2580.00,1482.00,34363.15,450760.57
2.11,1.00,90.00,1927.00,1248.00,67.00,2575.00,1488.00,34291.38,450194.67
2.12,1.00,86.00,1928.00,1251.00,65.00,2567.00,1498.00,34227.32,449557.87
2.12,1.00,85.00,1914.00,1266.00,65.00,2559.00,1506.00,34147.74,448856.33
2.13,1.00,84.00,1911.00,1270.00,65.00,2554.00,1511.00,34070.54,448140.76
2.14,1.00,80.00,1907.00,1278.00,62.00,2548.00,1520.00,33993.99,447397.36
2.15,1.00,80.00,1895.00,1290.00,60.00,2544.00,1526.00,33906.02,446658.60
2.15,1.00,77.00,1893.00,1295.00,58.00,2538.00,1534.00,33822.64,445894.03
2.16,1.00,75.00,1890.00,1300.00,57.00,2524.00,1549.00,33741.95,444985.72
2.17,1.00,73.00,1882.00,1310.00,57.00,2517.00,1556.00,33656.21,444051.33
2.17,1.00,67.00,1886.00,1312.00,55.00,2512.00,1563.00,33583.88,443123.19
2.18,1.00,64.00,1884.00,1317.00,53.00,2506.00,1571.00,33514.79,442185.73
2.19,1.00,63.00,1872.00,1330.00,53.00,2499.00,1578.00,33433.64,441224.74
2.19,0.00,62.00,1866.00,1338.00,51.00,2490.00,1589.00,33350.48,440212.22
2.20,0.00,60.00,1861.00,1345.00,50.00,2486.00,1594.00,33266.98,439227.77
2.21,0.00,56.00,1857.00,1353.00,50.00,2481.00,1599.00,33184.69,438253.93
2.22,0.00,55.00,1851.00,1360.00,48.00,2477.00,1605.00,33100.49,437304.80
2.22,0.00,54.00,1844.00,1368.00,46.00,2473.00,1611.00,33013.04,436378.22
2.23,0.00,51.00,1838.00,1377.00,46.00,2466.00,1618.00,32924.13,435427.16
2.24,0.00,51.00,1831.00,1384.00,42.00,2463.00,1625.00,32832.38,434513.85
2.24,0.00,50.00,1829.00,1387.00,41.00,2462.00,1627.00,32745.54,433665.04
2.25,0.00,50.00,1825.00,1391.00,39.00,2460.00,1631.00,32660.19,432860.09
2.26,0.00,49.00,1820.00,1397.00,38.00,2456.00,1636.00,32574.70,432065.15
2.26,0.00,48.00,1814.00,1404.00,38.00,2449.00,1643.00,32487.58,431234.26
2.27,0.00,48.00,1811.00,1407.00,38.00,2448.00,1644.00,32403.47,430460.70
2.28,0.00,47.00,1810.00,1409.00,36.00,2441.00,1653.00,32325.12,429649.34
2.28,0.00,46.00,1806.00,1414.00,35.00,2435.00,1660.00,32247.52,428818.49
2.29,0.00,46.00,1802.00,1418.00,35.00,2423.00,1672.00,32170.62,427879.70
2.30,0.00,46.00,1796.00,1424.00,33.00,2421.00,1676.00,32091.34,426992.62
2.31,0.00,44.00,1790.00,1432.00,32.00,2416.00,1682.00,32009.89,426107.67
2.31,0.00,43.00,1787.00,1436.00,32.00,2410.00,1688.00,31930.96,425209.63
2.32,0.00,42.00,1779.00,1445.00,32.00,2403.00,1695.00,31846.84,424284.63
2.33,0.00,42.00,1771.00,1453.00,32.00,2402.00,1696.00,31757.95,423425.15
2.33,0.00,40.00,1768.00,1458.00,31.00,2399.00,1700.00,31672.24,422595.45
2.34,0.00,39.00,1757.00,1470.00,31.00,2394.00,1705.00,31577.39,421762.87
2.35,0.00,39.00,1749.00,1478.00,30.00,2389.00,1711.00,31478.72,420927.68
2.35,0.00,39.00,1741.00,1486.00,29.00,2385.00,1716.00,31376.55,420105.12
2.36,0.00,38.00,1733.00,1495.00,27.00,2381.00,1722.00,31271.18,419294.09
2.37,0.00,38.00,1724.00,1504.00,26.00,2375.00,1729.00,31161.39,418463.55
2.38,0.00,38.00,1713.00,1515.00,26.00,2369.00,1735.00,31044.55,417615.18
2.38,0.00,37.00,1711.00,1518.00,23.00,2363.00,1744.00,30934.79,416750.55
2.39,0.00,36.00,1706.00,1524.00,23.00,2356.00,1751.00,30826.99,415856.05
2.40,0.00,35.00,1694.00,1537.00,22.00,2348.00,1760.00,30710.48,414919.25
2.40,0.00,35.00,1686.00,1545.00,21.00,2341.00,1768.00,30592.01,413958.86
2.41,0.00,34.00,1678.00,1554.00,21.00,2329.00,1780.00,30471.74,412901.83
2.42,0.00,34.00,1668.00,1564.00,21.00,2326.00,1783.00,30346.84,411891.76
2.42,0.00,33.00,1657.00,1576.00,21.00,2315.00,1794.00,30216.19,410804.39
2.43,0.00,31.00,1651.00,1584.00,20.00,2309.00,1801.00,30087.81,409721.57
2.44,0.00,27.00,1649.00,1590.00,20.00,2302.00,1808.00,29967.51,408627.88
2.44,0.00,26.00,1648.00,1592.00,20.00,2294.00,1816.00,29856.09,407509.23
2.45,0.00,26.00,1644.00,1596.00,19.00,2289.00,1822.00,29748.28,406412.87
2.46,0.00,26.00,1629.00,1611.00,19.00,2283.00,1828.00,29627.25,405321.85
2.47,0.00,25.00,1625.00,1616.00,19.00,2270.00,1841.00,29510.65,404130.52
2.47,0.00,24.00,1618.00,1624.00,19.00,2264.00,1847.00,29393.61,402952.79
2.48,0.00,23.00,1614.00,1629.00,19.00,2258.00,1853.00,29280.66,401787.48
2.49,0.00,23.00,1610.00,1633.00,19.00,2251.00,1860.00,29171.45,400618.47
2.49,0.00,23.00,1603.00,1640.00,19.00,2244.00,1867.00,29061.16,399446.09
2.50,0.00,23.00,1594.00,1649.00,19.00,2234.00,1877.00,28946.87,398225.57
2.51,0.00,22.00,1585.00,1659.00,18.00,2234.00,1878.00,28828.92,397111.33
2.51,0.00,21.00,1580.00,1665.00,17.00,2231.00,1882.00,28713.64,396049.04
2.52,0.00,21.00,1571.00,1674.00,17.00,2223.00,1890.00,28594.80,394959.07
2.53,0.00,20.00,1568.00,1678.00,16.00,2216.00,1898.00,28481.71,393858.84
2.53,0.00,19.00,1560.00,1687.00,15.00,2205.00,1910.00,28366.36,392689.17
2.54,0.00,19.00,1555.00,1692.00,15.00,2196.00,1919.00,28253.47,391486.13
2.55,0.00,19.00,1549.00,1698.00,15.00,2187.00,1928.00,28141.30,390252.65
2.56,0.00,19.00,1542.00,1705.00,15.00,2182.00,1933.00,28028.30,389051.45
2.56,0.00,18.00,1530.00,1718.00,15.00,2176.00,1939.00,27907.03,387864.72
2.57,0.00,18.00,1514.00,1734.00,15.00,2173.00,1942.00,27772.19,386736.25
2.58,0.00,18.00,1505.00,1743.00,15.00,2164.00,1951.00,27635.48,385570.83
2.58,0.00,17.00,1493.00,1756.00,14.00,2156.00,1960.00,27492.53,384386.71
2.59,0.00,17.00,1488.00,1761.00,13.00,2152.00,1965.00,27354.42,383245.60
2.60,0.00,17.00,1483.00,1766.00,13.00,2143.00,1974.00,27220.72,382068.65
2.60,0.00,16.00,1473.00,1777.00,13.00,2141.00,1976.00,27083.54,380964.14
2.61,0.00,14.00,1470.00,1782.00,13.00,2133.00,1984.00,26953.70,379835.62
2.62,0.00,13.00,1467.00,1786.00,12.00,2126.00,1992.00,26830.56,378700.20
2.62,0.00,13.00,1456.00,1797.00,12.00,2123.00,1995.00,26701.52,377618.58
2.63,0.00,13.00,1444.00,1809.00,12.00,2116.00,2002.00,26565.60,376525.99
2.64,0.00,13.00,1432.00,1821.00,12.00,2111.00,2007.00,26423.38,375453.41
2.65,0.00,13.00,1424.00,1829.00,12.00,2104.00,2014.00,26281.43,374369.07
2.65,0.00,12.00,1421.00,1833.00,11.00,2097.00,2022.00,26147.22,373273.99
2.66,0.00,12.00,1417.00,1837.00,11.00,2087.00,2032.00,26018.59,372124.04
2.67,0.00,12.00,1405.00,1849.00,11.00,2080.00,2039.00,25883.04,370969.05
2.67,0.00,12.00,1396.00,1858.00,11.00,2074.00,2045.00,25745.67,369824.50
2.68,0.00,12.00,1385.00,1869.00,11.00,2068.00,2051.00,25603.63,368689.47
2.69,0.00,12.00,1378.00,1876.00,11.00,2063.00,2056.00,25463.34,367578.16
2.69,0.00,10.00,1374.00,1882.00,10.00,2053.00,2067.00,25329.16,366413.39
2.70,0.00,10.00,1365.00,1891.00,10.00,2045.00,2075.00,25193.03,365229.85
2.71,0.00,10.00,1358.00,1898.00,10.00,2039.00,2081.00,25058.14,364059.24
2.72,0.00,10.00,1349.00,1907.00,10.00,2032.00,2088.00,24921.38,362885.39
2.72,0.00,10.00,1340.00,1916.00,9.00,2026.00,2095.00,24782.91,361723.62
2.73,0.00,10.00,1336.00,1920.00,9.00,2021.00,2100.00,24650.38,360587.90
2.74,0.00,9.00,1331.00,1926.00,9.00,2013.00,2108.00,24521.78,359430.89
2.74,0.00,9.00,1325.00,1932.00,9.00,2001.00,2120.00,24395.27,358194.34
2.75,0.00,9.00,1317.00,1940.00,9.00,1994.00,2127.00,24267.66,356960.31
2.76,0.00,9.00,1309.00,1948.00,7.00,1992.00,2131.00,24139.05,355803.69
2.76,0.00,9.00,1299.00,1958.00,7.00,1985.00,2138.00,24006.52,354642.62
2.77,0.00,9.00,1293.00,1964.00,7.00,1976.00,2147.00,23876.42,353447.44
2.78,0.00,9.00,1289.00,1968.00,7.00,1965.00,2158.00,23751.54,352191.08
2.78,0.00,9.00,1283.00,1974.00,7.00,1952.00,2171.00,23628.43,350848.82
2.79,0.00,9.00,1279.00,1978.00,7.00,1949.00,2174.00,23509.94,349578.36
2.80,0.00,8.00,1275.00,1983.00,7.00,1945.00,2178.00,23395.67,348358.44
2.81,0.00,7.00,1270.00,1989.00,7.00,1936.00,2187.00,23283.76,347109.54
2.81,0.00,7.00,1266.00,1993.00,7.00,1929.00,2194.00,23175.49,345864.23
2.82,0.00,7.00,1260.00,1999.00,7.00,1917.00,2206.00,23067.56,344547.07
2.83,0.00,7.00,1255.00,2004.00,7.00,1909.00,2214.00,22961.44,343224.43
2.83,0.00,7.00,1249.00,2010.00,6.00,1903.00,2221.00,22855.46,341926.81
2.84,0.00,7.00,1245.00,2014.00,6.00,1898.00,2226.00,22752.63,340667.07
2.85,0.00,7.00,1238.00,2021.00,6.00,1895.00,2229.00,22648.15,339471.96
2.85,0.00,7.00,1230.00,2029.00,5.00,1889.00,2236.00,22540.68,338290.77
2.86,0.00,7.00,1223.00,2036.00,5.00,1885.00,2240.00,22431.97,337152.34
2.87,0.00,7.00,1217.00,2042.00,5.00,1879.00,2246.00,22323.63,336022.90
2.88,0.00,7.00,1209.00,2050.00,5.00,1874.00,2251.00,22212.63,334916.70
2.88,0.00,7.00,1203.00,2056.00,5.00,1866.00,2259.00,22102.20,333786.63
2.89,0.00,7.00,1198.00,2061.00,5.00,1858.00,2267.00,21993.78,332634.78
2.90,0.00,7.00,1187.00,2072.00,5.00,1848.00,2277.00,21878.21,331433.00
2.90,0.00,7.00,1176.00,2083.00,5.00,1847.00,2278.00,21756.08,330320.84
2.91,0.00,7.00,1173.00,2086.00,5.00,1841.00,2284.00,21640.00,329215.38
2.92,0.00,7.00,1169.00,2090.00,5.00,1834.00,2291.00,21527.92,328101.02
2.92,0.00,7.00,1167.00,2092.00,5.00,1830.00,2295.00,21422.52,327023.61
2.93,0.00,7.00,1163.00,2096.00,5.00,1822.00,2303.00,21320.21,325919.82
2.94,0.00,7.00,1156.00,2103.00,4.00,1814.00,2312.00,21216.21,324791.97
2.94,0.00,7.00,1151.00,2108.00,4.00,1803.00,2323.00,21113.68,323597.06
2.95,0.00,7.00,1145.00,2114.00,4.00,1789.00,2337.00,21010.99,322295.89
2.96,0.00,7.00,1141.00,2118.00,4.00,1782.00,2344.00,20911.16,321002.85
2.97,0.00,7.00,1133.00,2126.00,4.00,1775.00,2351.00,20807.92,319717.24
2.97,0.00,7.00,1127.00,2132.00,4.00,1767.00,2359.00,20704.59,318423.39
2.98,0.00,7.00,1122.00,2137.00,4.00,1753.00,2373.00,20602.66,317031.88
2.99,0.00,6.00,1119.00,2141.00,4.00,1746.00,2380.00,20505.03,315656.38
2.99,0.00,6.00,1113.00,2147.00,4.00,1741.00,2385.00,20406.81,314325.53
3.00,0.00,6.00,1104.00,2156.00,4.00,1734.00,2392.00,20303.56,313005.41
3.01,0.00,6.00,1096.00,2164.00,4.00,1728.00,2398.00,20197.19,311710.10
3.01,0.00,6.00,1087.00,2173.00,4.00,1720.00,2406.00,20086.49,310407.40
3.02,0.00,6.00,1083.00,2177.00,4.00,1713.00,2413.00,19979.34,309112.97
3.03,0.00,6.00,1074.00,2186.00,4.00,1703.00,2423.00,19867.92,307781.02
3.03,0.00,5.00,1071.00,2190.00,4.00,1699.00,2427.00,19761.61,306504.96
3.04,0.00,5.00,1067.00,2194.00,4.00,1689.00,2437.00,19658.47,305189.78
3.05,0.00,5.00,1060.00,2201.00,3.00,1684.00,2443.00,19553.72,303914.00
3.06,0.00,5.00,1053.00,2208.00,3.00,1677.00,2450.00,19447.49,302644.16
3.06,0.00,5.00,1050.00,2211.00,3.00,1675.00,2452.00,19345.93,301454.84
3.07,0.00,5.00,1040.00,2221.00,3.00,1666.00,2461.00,19238.11,300233.87
3.08,0.00,5.00,1035.00,2226.00,3.00,1660.00,2467.00,19132.10,299029.09
3.08,0.00,5.00,1030.00,2231.00,3.00,1654.00,2473.00,19027.72,297839.07
3.09,0.00,5.00,1022.00,2239.00,3.00,1649.00,2478.00,18920.33,296677.56
3.10,0.00,4.00,1016.00,2246.00,3.00,1642.00,2485.00,18813.21,295512.02
3.10,0.00,4.00,1008.00,2254.00,3.00,1636.00,2491.00,18703.31,294357.84
3.11,0.00,4.00,997.00,2265.00,3.00,1627.00,2500.00,18586.37,293168.95
3.12,0.00,4.00,986.00,2276.00,3.00,1617.00,2510.00,18463.01,291933.35
3.12,0.00,4.00,981.00,2281.00,3.00,1609.00,2518.00,18342.78,290685.16
3.13,0.00,4.00,975.00,2287.00,3.00,1597.00,2530.00,18223.92,289365.38
3.14,0.00,3.00,972.00,2291.00,3.00,1583.00,2544.00,18110.82,287950.20
3.15,0.00,3.00,962.00,2301.00,3.00,1578.00,2549.00,17992.46,286583.13
3.15,0.00,3.00,955.00,2308.00,3.00,1574.00,2553.00,17873.79,285275.01
3.16,0.00,3.00,947.00,2316.00,3.00,1565.00,2562.00,17753.36,283945.58
3.17,0.00,3.00,943.00,2320.00,3.00,1560.00,2567.00,17637.31,282656.80
3.17,0.00,3.00,938.00,2325.00,3.00,1558.00,2569.00,17523.77,281450.19
3.18,0.00,3.00,928.00,2335.00,3.00,1553.00,2574.00,17405.01,280273.54
3.19,0.00,3.00,922.00,2341.00,3.00,1548.00,2579.00,17287.49,279124.23
3.19,0.00,3.00,920.00,2343.00,3.00,1544.00,2583.00,17177.11,278014.90
3.20,0.00,3.00,915.00,2348.00,3.00,1538.00,2589.00,17068.75,276912.03
3.21,0.00,3.00,906.00,2357.00,3.00,1531.00,2596.00,16956.23,275800.04
3.22,0.00,3.00,896.00,2367.00,3.00,1524.00,2603.00,16838.39,274679.71
3.22,0.00,3.00,894.00,2369.00,3.00,1518.00,2609.00,16727.73,273566.79
3.23,0.00,3.00,888.00,2375.00,3.00,1512.00,2615.00,16617.60,272460.64
3.24,0.00,2.00,886.00,2378.00,3.00,1502.00,2625.00,16513.98,271300.59
3.24,0.00,2.00,878.00,2386.00,3.00,1498.00,2629.00,16407.28,270181.45
3.25,0.00,2.00,873.00,2391.00,3.00,1491.00,2636.00,16302.29,269054.60
3.26,0.00,2.00,866.00,2398.00,3.00,1480.00,2647.00,16195.84,267860.61
3.26,0.00,2.00,861.00,2403.00,3.00,1473.00,2654.00,16091.07,266665.44
3.27,0.00,2.00,854.00,2410.00,3.00,1465.00,2662.00,15984.83,265454.15
3.28,0.00,2.00,848.00,2416.00,3.00,1455.00,2672.00,15878.75,264198.10
3.28,0.00,2.00,843.00,2421.00,3.00,1447.00,2680.00,15774.32,262931.24
3.29,0.00,2.00,841.00,2423.00,3.00,1436.00,2691.00,15675.89,261609.44
3.30,0.00,2.00,831.00,2433.00,3.00,1431.00,2696.00,15570.95,260327.62
3.31,0.00,2.00,826.00,2438.00,3.00,1426.00,2701.00,15467.55,259082.29
3.31,0.00,0.00,822.00,2444.00,3.00,1419.00,2708.00,15367.06,257840.25
3.32,0.00,0.00,816.00,2450.00,3.00,1412.00,2715.00,15266.24,256601.20
3.33,0.00,0.00,809.00,2457.00,3.00,1403.00,2724.00,15163.61,255334.83
3.33,0.00,0.00,804.00,2462.00,3.00,1393.00,2734.00,15062.33,254028.49
3.34,0.00,0.00,795.00,2471.00,3.00,1387.00,2740.00,14956.27,252745.77
3.35,0.00,0.00,791.00,2475.00,3.00,1378.00,2749.00,14853.36,251439.54
3.35,0.00,0.00,785.00,2481.00,3.00,1372.00,2755.00,14750.31,250156.91
3.36,0.00,0.00,782.00,2484.00,3.00,1366.00,2761.00,14651.66,248895.83
3.37,0.00,0.00,777.00,2489.00,3.00,1362.00,2765.00,14554.02,247684.46
3.38,0.00,0.00,769.00,2497.00,3.00,1349.00,2778.00,14452.78,246383.28
3.38,0.00,0.00,765.00,2501.00,3.00,1341.00,2786.00,14354.28,245075.21
3.39,0.00,0.00,759.00,2507.00,3.00,1336.00,2791.00,14255.26,243805.93
3.40,0.00,0.00,755.00,2511.00,3.00,1331.00,2796.00,14158.79,242572.05
3.40,0.00,0.00,749.00,2517.00,3.00,1319.00,2808.00,14061.63,241265.34
3.41,0.00,0.00,746.00,2520.00,3.00,1314.00,2813.00,13968.35,239997.30
3.42,0.00,0.00,742.00,2524.00,3.00,1309.00,2818.00,13877.12,238764.56
3.42,0.00,0.00,740.00,2526.00,3.00,1300.00,2827.00,13790.75,237503.95
3.43,0.00,0.00,737.00,2529.00,2.00,1294.00,2834.00,13707.34,236262.97
3.44,0.00,0.00,730.00,2536.00,2.00,1287.00,2841.00,13620.61,235024.89
3.44,0.00,0.00,724.00,2542.00,2.00,1278.00,2850.00,13532.36,233759.41
3.45,0.00,0.00,721.00,2545.00,2.00,1272.00,2856.00,13447.22,232513.98
3.46,0.00,0.00,716.00,2550.00,2.00,1268.00,2860.00,13361.91,231316.91
3.47,0.00,0.00,710.00,2556.00,2.00,1260.00,2868.00,13274.96,230103.88
3.47,0.00,0.00,706.00,2560.00,2.00,1254.00,2874.00,13189.51,228906.35
3.48,0.00,0.00,697.00,2569.00,2.00,1250.00,2878.00,13097.91,227753.00
3.49,0.00,0.00,690.00,2576.00,2.00,1243.00,2885.00,13003.70,226594.91
3.49,0.00,0.00,684.00,2582.00,2.00,1239.00,2889.00,12908.62,225477.58
3.50,0.00,0.00,682.00,2584.00,2.00,1232.00,2896.00,12818.74,224352.38
3.51,0.00,0.00,679.00,2587.00,2.00,1228.00,2900.00,12732.11,223265.06
3.51,0.00,0.00,670.00,2596.00,2.00,1213.00,2915.00,12639.44,222047.07
3.52,0.00,0.00,666.00,2600.00,2.00,1204.00,2924.00,12548.76,220799.94
3.53,0.00,0.00,661.00,2605.00,2.00,1197.00,2931.00,12458.40,219556.23
3.53,0.00,0.00,652.00,2614.00,2.00,1188.00,2940.00,12362.31,218285.62
3.54,0.00,0.00,647.00,2619.00,2.00,1181.00,2947.00,12267.02,217020.48
3.55,0.00,0.00,642.00,2624.00,2.00,1176.00,2952.00,12172.43,215790.40
3.56,0.00,0.00,635.00,2631.00,2.00,1167.00,2961.00,12075.50,214532.21
3.56,0.00,0.00,630.00,2636.00,2.00,1158.00,2970.00,11979.43,213248.37
3.57,0.00,0.00,621.00,2645.00,2.00,1153.00,2975.00,11878.12,212001.21
3.58,0.00,0.00,618.00,2648.00,2.00,1152.00,2976.00,11781.06,210847.63
3.58,0.00,0.00,609.00,2657.00,2.00,1144.00,2984.00,11678.86,209674.31
3.59,0.00,0.00,603.00,2663.00,2.00,1136.00,2992.00,11576.46,208482.97
3.60,0.00,0.00,599.00,2667.00,2.00,1133.00,2995.00,11476.90,207350.30
3.60,0.00,0.00,589.00,2677.00,2.00,1128.00,3000.00,11370.91,206241.14
3.61,0.00,0.00,585.00,2681.00,2.00,1122.00,3006.00,11268.06,205138.43
3.62,0.00,0.00,581.00,2685.00,2.00,1119.00,3009.00,11168.08,204086.66
3.62,0.00,0.00,575.00,2691.00,2.00,1114.00,3014.00,11067.72,203051.37
3.63,0.00,0.00,566.00,2700.00,2.00,1107.00,3021.00,10962.50,202001.06
3.64,0.00,0.00,563.00,2703.00,2.00,1102.00,3026.00,10861.86,200967.09
3.65,0.00,0.00,556.00,2710.00,2.00,1096.00,3032.00,10759.40,199933.02
3.65,0.00,0.00,548.00,2718.00,2.00,1091.00,3037.00,10653.76,198913.87
3.66,0.00,0.00,543.00,2723.00,2.00,1083.00,3045.00,10549.73,197863.29
3.67,0.00,0.00,537.00,2729.00,2.00,1075.00,3053.00,10445.66,196783.99
3.67,0.00,0.00,534.00,2732.00,2.00,1072.00,3056.00,10346.08,195753.61
3.68,0.00,0.00,526.00,2740.00,2.00,1066.00,3062.00,10243.07,194722.82
3.69,0.00,0.00,523.00,2743.00,2.00,1058.00,3070.00,10144.45,193661.59
3.69,0.00,0.00,517.00,2749.00,2.00,1054.00,3074.00,10045.33,192632.68
3.70,0.00,0.00,511.00,2755.00,2.00,1044.00,3084.00,9945.75,191543.13
3.71,0.00,0.00,506.00,2760.00,2.00,1038.00,3090.00,9847.26,190458.32
3.72,0.00,0.00,503.00,2763.00,2.00,1033.00,3095.00,9752.77,189392.85
3.72,0.00,0.00,497.00,2769.00,2.00,1027.00,3101.00,9657.42,188330.02
3.73,0.00,0.00,492.00,2774.00,2.00,1020.00,3108.00,9562.79,187254.58
3.74,0.00,0.00,487.00,2779.00,2.00,1012.00,3116.00,9468.81,186152.59
3.74,0.00,0.00,484.00,2782.00,2.00,1005.00,3123.00,9378.45,185041.41
3.75,0.00,0.00,481.00,2785.00,2.00,1000.00,3128.00,9291.38,183951.86
3.76,0.00,0.00,477.00,2789.00,2.00,990.00,3138.00,9205.81,182806.95
3.76,0.00,0.00,471.00,2795.00,2.00,985.00,3143.00,9118.62,181686.63
3.77,0.00,0.00,465.00,2801.00,2.00,979.00,3149.00,9029.95,180573.71
3.78,0.00,0.00,460.00,2806.00,2.00,972.00,3156.00,8941.42,179452.55
3.78,0.00,0.00,455.00,2811.00,2.00,964.00,3164.00,8853.02,178308.82
3.79,0.00,0.00,448.00,2818.00,2.00,957.00,3171.00,8761.73,177159.53
3.80,0.00,0.00,444.00,2822.00,2.00,950.00,3178.00,8672.32,176005.15
3.81,0.00,0.00,441.00,2825.00,2.00,944.00,3184.00,8586.12,174861.15
3.81,0.00,0.00,434.00,2832.00,2.00,938.00,3190.00,8496.84,173726.62
3.82,0.00,0.00,431.00,2835.00,2.00,929.00,3199.00,8410.77,172555.68
3.83,0.00,0.00,427.00,2839.00,2.00,918.00,3210.00,8326.12,171321.44
3.83,0.00,0.00,423.00,2843.00,1.00,915.00,3214.00,8242.76,170149.61
3.84,0.00,0.00,417.00,2849.00,1.00,913.00,3216.00,8157.59,169049.77
3.85,0.00,0.00,412.00,2854.00,1.00,907.00,3222.00,8072.27,167955.56
3.85,0.00,0.00,405.00,2861.00,1.00,898.00,3231.00,7983.79,166821.42
3.86,0.00,0.00,395.00,2871.00,1.00,887.00,3242.00,7887.92,165620.79
3.87,0.00,0.00,393.00,2873.00,1.00,883.00,3246.00,7797.33,164464.60
3.88,0.00,0.00,388.00,2878.00,1.00,875.00,3254.00,7707.05,163288.91
3.88,0.00,0.00,383.00,2883.00,1.00,870.00,3259.00,7617.05,162140.48
3.89,0.00,0.00,373.00,2893.00,1.00,862.00,3267.00,7519.80,160971.86
3.90,0.00,0.00,370.00,2896.00,1.00,858.00,3271.00,7426.44,159844.91
3.90,0.00,0.00,367.00,2899.00,1.00,851.00,3278.00,7336.63,158710.93
3.91,0.00,0.00,361.00,2905.00,1.00,844.00,3285.00,7245.56,157570.53
3.92,0.00,0.00,358.00,2908.00,1.00,838.00,3291.00,7157.85,156439.29
3.92,0.00,0.00,354.00,2912.00,1.00,832.00,3297.00,7071.70,155316.42
3.93,0.00,0.00,347.00,2919.00,1.00,823.00,3306.00,6982.47,154156.11
3.94,0.00,0.00,337.00,2929.00,1.00,817.00,3312.00,6885.92,153006.70
3.94,0.00,0.00,333.00,2933.00,1.00,811.00,3318.00,6791.70,151867.24
3.95,0.00,0.00,328.00,2938.00,1.00,803.00,3326.00,6698.10,150706.81
3.96,0.00,0.00,327.00,2939.00,1.00,799.00,3330.00,6611.08,149587.33
3.97,0.00,0.00,320.00,2946.00,1.00,792.00,3337.00,6521.05,148460.18
3.97,0.00,0.00,319.00,2947.00,1.00,785.00,3344.00,6437.30,147326.01
3.98,0.00,0.00,317.00,2949.00,1.00,776.00,3353.00,6357.77,146155.39
3.99,0.00,0.00,312.00,2954.00,1.00,774.00,3355.00,6277.60,145056.65
3.99,0.00,0.00,308.00,2958.00,1.00,769.00,3360.00,6198.34,143978.48
4.00,0.00,0.00,304.00,2962.00,1.00,762.00,3367.00,6119.91,142889.02
4.01,0.00,0.00,298.00,2968.00,1.00,759.00,3370.00,6039.24,141849.37
4.01,0.00,0.00,293.00,2973.00,1.00,751.00,3378.00,5958.02,140780.05
4.02,0.00,0.00,292.00,2974.00,1.00,745.00,3384.00,5882.31,139713.71
4.03,0.00,0.00,288.00,2978.00,1.00,740.00,3389.00,5807.13,138665.11
4.03,0.00,0.00,285.00,2981.00,1.00,735.00,3394.00,5733.94,137632.70
4.04,0.00,0.00,281.00,2985.00,1.00,732.00,3397.00,5661.05,136645.11
4.05,0.00,0.00,278.00,2988.00,1.00,730.00,3399.00,5589.95,135713.48
4.06,0.00,0.00,276.00,2990.00,1.00,726.00,3403.00,5521.98,134802.88
4.06,0.00,0.00,273.00,2993.00,1.00,723.00,3406.00,5455.38,133926.50
4.07,0.00,0.00,269.00,2997.00,1.00,716.00,3413.00,5388.51,133021.27
4.08,0.00,0.00,264.00,3002.00,1.00,712.00,3417.00,5319.91,132134.77
4.08,0.00,0.00,260.00,3006.00,1.00,708.00,3421.00,5251.22,131265.37
4.09,0.00,0.00,259.00,3007.00,0.00,702.00,3428.00,5186.95,130381.53
4.10,0.00,0.00,256.00,3010.00,0.00,699.00,3431.00,5123.73,129529.59
4.10,0.00,0.00,248.00,3018.00,0.00,692.00,3438.00,5053.95,128646.67
4.11,0.00,0.00,241.00,3025.00,0.00,687.00,3443.00,4979.68,127765.51
4.12,0.00,0.00,233.00,3033.00,0.00,682.00,3448.00,4899.80,126885.97
4.12,0.00,0.00,226.00,3040.00,0.00,678.00,3452.00,4816.30,126022.92
4.13,0.00,0.00,223.00,3043.00,0.00,671.00,3459.00,4735.50,125129.86
4.14,0.00,0.00,217.00,3049.00,0.00,664.00,3466.00,4652.67,124209.40
4.15,0.00,0.00,214.00,3052.00,0.00,660.00,3470.00,4572.48,123309.00
4.15,0.00,0.00,211.00,3055.00,0.00,658.00,3472.00,4494.70,122456.96
4.16,0.00,0.00,210.00,3056.00,0.00,653.00,3477.00,4422.14,121603.99
4.17,0.00,0.00,204.00,3062.00,0.00,648.00,3482.00,4346.83,120750.19
4.17,0.00,0.00,203.00,3063.00,0.00,638.00,3492.00,4276.52,119820.49
4.18,0.00,0.00,198.00,3068.00,0.00,630.00,3500.00,4204.76,118851.57
4.19,0.00,0.00,196.00,3070.00,0.00,627.00,3503.00,4136.20,117921.94
4.19,0.00,0.00,194.00,3072.00,0.00,618.00,3512.00,4070.55,116938.06
4.20,0.00,0.00,190.00,3076.00,0.00,615.00,3515.00,4004.56,115994.78
4.21,0.00,0.00,190.00,3076.00,0.00,609.00,3521.00,3944.27,115043.50
4.22,0.00,0.00,188.00,3078.00,0.00,605.00,3525.00,3886.18,114114.95
4.22,0.00,0.00,187.00,3079.00,0.00,599.00,3531.00,3831.60,113177.13
4.23,0.00,0.00,182.00,3084.00,0.00,593.00,3537.00,3774.22,112230.83
4.24,0.00,0.00,179.00,3087.00,0.00,587.00,3543.00,3717.29,111276.78
4.24,0.00,0.00,178.00,3088.00,0.00,582.00,3548.00,3663.77,110330.70
4.25,0.00,0.00,176.00,3090.00,0.00,574.00,3556.00,3611.87,109346.81
4.26,0.00,0.00,174.00,3092.00,0.00,570.00,3560.00,3561.44,108388.51
4.26,0.00,0.00,172.00,3094.00,0.00,566.00,3564.00,3512.36,107453.56
4.27,0.00,0.00,170.00,3096.00,0.00,559.00,3571.00,3464.52,106494.85
4.28,0.00,0.00,168.00,3098.00,0.00,549.00,3581.00,3417.80,105469.40
4.28,0.00,0.00,165.00,3101.00,0.00,547.00,3583.00,3370.61,104503.19
4.29,0.00,0.00,164.00,3102.00,0.00,543.00,3587.00,3325.99,103561.02
4.30,0.00,0.00,161.00,3105.00,0.00,538.00,3592.00,3280.71,102625.78
4.31,0.00,0.00,158.00,3108.00,0.00,532.00,3598.00,3234.84,101681.84
4.31,0.00,0.00,152.00,3114.00,0.00,528.00,3602.00,3183.91,100760.00
4.32,0.00,0.00,151.00,3115.00,0.00,524.00,3606.00,3135.88,99858.33
4.33,0.00,0.00,149.00,3117.00,0.00,517.00,3613.00,3088.99,98930.02
4.33,0.00,0.00,144.00,3122.00,0.00,515.00,3615.00,3038.64,98052.50
4.34,0.00,0.00,142.00,3124.00,0.00,505.00,3625.00,2989.63,97101.15
4.35,0.00,0.00,140.00,3126.00,0.00,498.00,3632.00,2941.84,96127.48
4.35,0.00,0.00,138.00,3128.00,0.00,494.00,3636.00,2895.18,95178.51
4.36,0.00,0.00,136.00,3130.00,0.00,491.00,3639.00,2849.54,94267.09
4.37,0.00,0.00,131.00,3135.00,0.00,484.00,3646.00,2800.33,93329.88
4.38,0.00,0.00,130.00,3136.00,0.00,480.00,3650.00,2753.86,92414.18
4.38,0.00,0.00,129.00,3137.00,0.00,476.00,3654.00,2709.91,91518.13
4.39,0.00,0.00,127.00,3139.00,0.00,469.00,3661.00,2666.74,90594.94
4.40,0.00,0.00,126.00,3140.00,0.00,466.00,3664.00,2625.80,89707.07
4.40,0.00,0.00,125.00,3141.00,0.00,464.00,3666.00,2586.89,88866.46
4.41,0.00,0.00,123.00,3143.00,0.00,459.00,3671.00,2548.34,88023.94
4.42,0.00,0.00,122.00,3144.00,0.00,453.00,3677.00,2511.61,87164.64
4.42,0.00,0.00,121.00,3145.00,0.00,448.00,3682.00,2476.55,86305.05
4.43,0.00,0.00,117.00,3149.00,0.00,445.00,3685.00,2438.51,85475.24
4.44,0.00,0.00,114.00,3152.00,0.00,443.00,3687.00,2399.25,84687.63
4.44,0.00,0.00,109.00,3157.00,0.00,438.00,3692.00,2355.86,83893.50
4.45,0.00,0.00,108.00,3158.00,0.00,435.00,3695.00,2314.72,83123.45
4.46,0.00,0.00,104.00,3162.00,0.00,431.00,3699.00,2271.12,82360.35
4.47,0.00,0.00,100.00,3166.00,0.00,424.00,3706.00,2225.28,81558.54
4.47,0.00,0.00,99.00,3167.00,0.00,423.00,3707.00,2181.89,80811.53
4.48,0.00,0.00,98.00,3168.00,0.00,421.00,3709.00,2140.74,80099.52
4.49,0.00,0.00,97.00,3169.00,0.00,414.00,3716.00,2101.65,79344.34
4.49,0.00,0.00,96.00,3170.00,0.00,412.00,3718.00,2064.42,78624.88
4.50,0.00,0.00,94.00,3172.00,0.00,406.00,3724.00,2027.41,77877.93
4.51,0.00,0.00,91.00,3175.00,0.00,404.00,3726.00,1989.08,77165.97
4.51,0.00,0.00,89.00,3177.00,0.00,399.00,3731.00,1951.06,76440.89
4.52,0.00,0.00,89.00,3177.00,0.00,397.00,3733.00,1916.33,75748.90
4.53,0.00,0.00,87.00,3179.00,0.00,395.00,3735.00,1881.58,75087.12
4.53,0.00,0.00,84.00,3182.00,0.00,391.00,3739.00,1845.33,74422.87
4.54,0.00,0.00,82.00,3184.00,0.00,389.00,3741.00,1809.20,73786.42
4.55,0.00,0.00,81.00,3185.00,0.00,383.00,3747.00,1774.70,73115.25
4.56,0.00,0.00,80.00,3186.00,0.00,377.00,3753.00,1741.66,72412.38
4.56,0.00,0.00,79.00,3187.00,0.00,370.00,3760.00,1709.98,71665.55
4.57,0.00,0.00,77.00,3189.00,0.00,368.00,3762.00,1678.03,70953.71
4.58,0.00,0.00,76.00,3190.00,0.00,361.00,3769.00,1647.33,70198.69
4.58,0.00,0.00,74.00,3192.00,0.00,360.00,3770.00,1616.28,69494.39
4.59,0.00,0.00,72.00,3194.00,0.00,356.00,3774.00,1584.91,68791.33
4.60,0.00,0.00,71.00,3195.00,0.00,351.00,3779.00,1554.74,68074.37
4.60,0.00,0.00,69.00,3197.00,0.00,349.00,3781.00,1524.17,67389.79
4.61,0.00,0.00,67.00,3199.00,0.00,344.00,3786.00,1493.24,66689.71
4.62,0.00,0.00,65.00,3201.00,0.00,339.00,3791.00,1461.97,65975.48
4.62,0.00,0.00,64.00,3202.00,0.00,339.00,3791.00,1431.90,65323.43
4.63,0.00,0.00,62.00,3204.00,0.00,336.00,3794.00,1401.42,64683.10
4.64,0.00,0.00,57.00,3209.00,0.00,335.00,3795.00,1366.06,64083.50
4.65,0.00,0.00,55.00,3211.00,0.00,333.00,3797.00,1330.75,63506.06
4.65,0.00,0.00,52.00,3214.00,0.00,330.00,3800.00,1293.98,62933.83
4.66,0.00,0.00,50.00,3216.00,0.00,327.00,3803.00,1257.38,62366.37
4.67,0.00,0.00,48.00,3218.00,0.00,322.00,3808.00,1220.94,61773.20
4.67,0.00,0.00,47.00,3219.00,0.00,320.00,3810.00,1186.14,61201.63
4.68,0.00,0.00,47.00,3219.00,0.00,318.00,3812.00,1154.34,60649.79
4.69,0.00,0.00,46.00,3220.00,0.00,317.00,3813.00,1123.79,60130.98
4.69,0.00,0.00,44.00,3222.00,0.00,311.00,3819.00,1092.87,59567.20
4.70,0.00,0.00,43.00,3223.00,0.00,308.00,3822.00,1063.11,59007.45
4.71,0.00,0.00,43.00,3223.00,0.00,305.00,3825.00,1035.93,58451.37
4.72,0.00,0.00,43.00,3223.00,0.00,299.00,3831.00,1011.09,57853.57
4.72,0.00,0.00,43.00,3223.00,0.00,297.00,3833.00,988.40,57277.78
4.73,0.00,0.00,41.00,3225.00,0.00,293.00,3837.00,964.66,56692.03
4.74,0.00,0.00,40.00,3226.00,0.00,290.00,3840.00,941.47,56112.22
4.74,0.00,0.00,38.00,3228.00,0.00,284.00,3846.00,917.28,55492.76
4.75,0.00,0.00,37.00,3229.00,0.00,277.00,3853.00,893.67,54822.07
4.76,0.00,0.00,33.00,3233.00,0.00,272.00,3858.00,866.09,54134.67
4.76,0.00,0.00,32.00,3234.00,0.00,271.00,3859.00,839.39,53492.11
4.77,0.00,0.00,31.00,3235.00,0.00,263.00,3867.00,813.50,52785.31
4.78,0.00,0.00,31.00,3235.00,0.00,259.00,3871.00,789.83,52079.96
4.78,0.00,0.00,31.00,3235.00,0.00,256.00,3874.00,768.22,51390.97
4.79,0.00,0.00,31.00,3235.00,0.00,250.00,3880.00,748.46,50671.83
4.80,0.00,0.00,30.00,3236.00,0.00,246.00,3884.00,728.92,49955.21
4.81,0.00,0.00,29.00,3237.00,0.00,244.00,3886.00,709.55,49270.95
4.81,0.00,0.00,27.00,3239.00,0.00,242.00,3888.00,688.86,48616.23
4.82,0.00,0.00,26.00,3240.00,0.00,240.00,3890.00,668.44,47988.47
4.83,0.00,0.00,26.00,3240.00,0.00,238.00,3892.00,649.79,47385.33
4.83,0.00,0.00,26.00,3240.00,0.00,237.00,3893.00,632.75,46819.68
4.84,0.00,0.00,25.00,3241.00,0.00,234.00,3896.00,615.68,46258.22
4.85,0.00,0.00,24.00,3242.00,0.00,230.00,3900.00,598.58,45685.56
4.85,0.00,0.00,24.00,3242.00,0.00,229.00,3901.00,582.96,45147.74
4.86,0.00,0.00,24.00,3242.00,0.00,225.00,3905.00,568.69,44596.65
4.87,0.00,0.00,23.00,3243.00,0.00,216.00,3914.00,554.14,43958.35
4.88,0.00,0.00,21.00,3245.00,0.00,214.00,3916.00,537.85,43345.58
4.88,0.00,0.00,21.00,3245.00,0.00,211.00,3919.00,522.96,42741.10
4.89,0.00,0.00,19.00,3247.00,0.00,209.00,3921.00,506.36,42159.20
4.90,0.00,0.00,19.00,3247.00,0.00,206.00,3924.00,491.19,41582.91
4.90,0.00,0.00,19.00,3247.00,0.00,200.00,3930.00,477.32,40966.66
4.91,0.00,0.00,18.00,3248.00,0.00,196.00,3934.00,463.16,40343.98
4.92,0.00,0.00,17.00,3249.00,0.00,193.00,3937.00,448.71,39730.45
4.92,0.00,0.00,17.00,3249.00,0.00,191.00,3939.00,435.51,39140.29
4.93,0.00,0.00,17.00,3249.00,0.00,187.00,3943.00,423.45,38541.44
4.94,0.00,0.00,17.00,3249.00,0.00,180.00,3950.00,412.43,37889.56
4.94,0.00,0.00,16.00,3250.00,0.00,177.00,3953.00,400.86,37249.38
4.95,0.00,0.00,16.00,3250.00,0.00,174.00,3956.00,390.29,36619.88
4.96,0.00,0.00,16.00,3250.00,0.00,171.00,3959.00,380.63,36000.12
4.97,0.00,0.00,14.00,3252.00,0.00,171.00,3959.00,368.80,35434.33
4.97,0.00,0.00,14.00,3252.00,0.00,167.00,3963.00,357.99,34857.71
4.98,0.00,0.00,13.00,3253.00,0.00,165.00,3965.00,346.62,34301.25
4.99,0.00,0.00,13.00,3253.00,0.00,163.00,3967.00,336.22,33763.20
4.99,0.00,0.00,13.00,3253.00,0.00,163.00,3967.00,326.72,33272.01
5.00,0.00,0.00,13.00,3253.00,0.00,155.00,3975.00,318.05,32703.40
5.01,0.00,0.00,11.00,3255.00,0.00,147.00,3983.00,307.11,32064.11
5.01,0.00,0.00,11.00,3255.00,0.00,146.00,3984.00,297.12,31465.47
5.02,0.00,0.00,11.00,3255.00,0.00,145.00,3985.00,288.00,30903.94
5.03,0.00,0.00,11.00,3255.00,0.00,142.00,3988.00,279.66,30346.23
5.03,0.00,0.00,11.00,3255.00,0.00,138.00,3992.00,272.04,29776.99
5.04,0.00,0.00,11.00,3255.00,0.00,135.00,3995.00,265.08,29212.25
5.05,0.00,0.00,11.00,3255.00,0.00,133.00,3997.00,258.72,28666.64
5.06,0.00,0.00,10.00,3256.00,0.00,130.00,4000.00,251.41,28123.47
5.06,0.00,0.00,10.00,3256.00,0.00,128.00,4002.00,244.72,27597.55
5.07,0.00,0.00,10.00,3256.00,0.00,122.00,4008.00,238.62,27027.28
5.08,0.00,0.00,10.00,3256.00,0.00,120.00,4010.00,233.04,26476.63
5.08,0.00,0.00,10.00,3256.00,0.00,118.00,4012.00,227.94,25943.88
5.09,0.00,0.00,10.00,3256.00,0.00,117.00,4013.00,223.29,25442.49
5.10,0.00,0.00,10.00,3256.00,0.00,115.00,4015.00,219.03,24954.72
5.10,0.00,0.00,9.00,3257.00,0.00,114.00,4016.00,213.64,24494.40
5.11,0.00,0.00,9.00,3257.00,0.00,110.00,4020.00,208.72,24014.07
5.12,0.00,0.00,9.00,3257.00,0.00,108.00,4022.00,204.22,23545.52
5.12,0.00,0.00,8.00,3258.00,0.00,107.00,4023.00,198.61,23102.74
5.13,0.00,0.00,8.00,3258.00,0.00,104.00,4026.00,193.48,22653.45
5.14,0.00,0.00,8.00,3258.00,0.00,103.00,4027.00,188.79,22228.26
5.15,0.00,0.00,8.00,3258.00,0.00,100.00,4030.00,184.51,21795.02
5.15,0.00,0.00,7.00,3259.00,0.00,98.00,4032.00,179.10,21369.46
5.16,0.00,0.00,7.00,3259.00,0.00,96.00,4034.00,174.15,20950.92
5.17,0.00,0.00,6.00,3260.00,0.00,95.00,4035.00,168.13,20553.79
5.17,0.00,0.00,5.00,3261.00,0.00,95.00,4035.00,161.13,20191.24
5.18,0.00,0.00,5.00,3261.00,0.00,92.00,4038.00,154.73,19815.20
5.19,0.00,0.00,5.00,3261.00,0.00,90.00,4040.00,148.88,19441.85
5.19,0.00,0.00,5.00,3261.00,0.00,87.00,4043.00,143.54,19055.94
5.20,0.00,0.00,5.00,3261.00,0.00,85.00,4045.00,138.66,18673.59
5.21,0.00,0.00,5.00,3261.00,0.00,84.00,4046.00,134.20,18309.51
5.22,0.00,0.00,5.00,3261.00,0.00,82.00,4048.00,130.13,17947.09
5.22,0.00,0.00,5.00,3261.00,0.00,81.00,4049.00,126.40,17601.20
5.23,0.00,0.00,5.00,3261.00,0.00,80.00,4050.00,123.00,17270.41
5.24,0.00,0.00,4.00,3262.00,0.00,79.00,4051.00,118.39,16953.40
5.24,0.00,0.00,4.00,3262.00,0.00,78.00,4052.00,114.18,16648.96
5.25,0.00,0.00,4.00,3262.00,0.00,76.00,4054.00,110.33,16341.00
5.26,0.00,0.00,4.00,3262.00,0.00,74.00,4056.00,106.81,16029.80
5.26,0.00,0.00,4.00,3262.00,0.00,74.00,4056.00,103.60,15745.70
5.27,0.00,0.00,4.00,3262.00,0.00,73.00,4057.00,100.67,15471.31
5.28,0.00,0.00,4.00,3262.00,0.00,70.00,4060.00,97.99,15175.75
5.28,0.00,0.00,4.00,3262.00,0.00,69.00,4061.00,95.53,14890.90
5.29,0.00,0.00,4.00,3262.00,0.00,67.00,4063.00,93.30,14600.81
5.30,0.00,0.00,3.00,3263.00,0.00,63.00,4067.00,89.75,14275.89
5.31,0.00,0.00,3.00,3263.00,0.00,62.00,4068.00,86.51,13964.23
5.31,0.00,0.00,3.00,3263.00,0.00,61.00,4069.00,83.55,13664.69
5.32,0.00,0.00,3.00,3263.00,0.00,61.00,4069.00,80.84,13391.24
5.33,0.00,0.00,3.00,3263.00,0.00,61.00,4069.00,78.37,13141.59
5.33,0.00,0.00,3.00,3263.00,0.00,61.00,4069.00,76.11,12913.68
5.34,0.00,0.00,3.00,3263.00,0.00,60.00,4070.00,74.04,12690.60
5.35,0.00,0.00,3.00,3263.00,0.00,59.00,4071.00,72.16,12471.92
5.35,0.00,0.00,3.00,3263.00,0.00,59.00,4071.00,70.44,12272.28
5.36,0.00,0.00,3.00,3263.00,0.00,58.00,4072.00,68.86,12075.00
5.37,0.00,0.00,3.00,3263.00,0.00,58.00,4072.00,67.42,11894.89
5.38,0.00,0.00,3.00,3263.00,0.00,56.00,4074.00,66.11,11700.43
5.38,0.00,0.00,3.00,3263.00,0.00,53.00,4077.00,64.91,11477.83
5.39,0.00,0.00,3.00,3263.00,0.00,52.00,4078.00,63.81,11259.59
5.40,0.00,0.00,3.00,3263.00,0.00,52.00,4078.00,62.81,11060.35
5.40,0.00,0.00,3.00,3263.00,0.00,52.00,4078.00,61.89,10878.46
5.41,0.00,0.00,3.00,3263.00,0.00,52.00,4078.00,61.06,10712.41
5.42,0.00,0.00,3.00,3263.00,0.00,50.00,4080.00,60.29,10530.77
5.42,0.00,0.00,3.00,3263.00,0.00,50.00,4080.00,59.59,10364.95
5.43,0.00,0.00,3.00,3263.00,0.00,49.00,4081.00,58.96,10198.54
5.44,0.00,0.00,3.00,3263.00,0.00,45.00,4085.00,58.37,9986.54
5.44,0.00,0.00,3.00,3263.00,0.00,44.00,4086.00,57.84,9777.97
5.45,0.00,0.00,3.00,3263.00,0.00,43.00,4087.00,57.35,9572.53
5.46,0.00,0.00,3.00,3263.00,0.00,43.00,4087.00,56.91,9384.99
5.47,0.00,0.00,3.00,3263.00,0.00,42.00,4088.00,56.50,9198.75
5.47,0.00,0.00,3.00,3263.00,0.00,42.00,4088.00,56.13,9028.73
5.48,0.00,0.00,1.00,3265.00,0.00,40.00,4090.00,52.79,8843.47
5.49,0.00,0.00,1.00,3265.00,0.00,39.00,4091.00,49.73,8659.32
5.49,0.00,0.00,1.00,3265.00,0.00,38.00,4092.00,46.94,8476.18
5.50,0.00,0.00,1.00,3265.00,0.00,38.00,4092.00,44.39,8308.99
5.51,0.00,0.00,1.00,3265.00,0.00,36.00,4094.00,42.06,8126.30
5.51,0.00,0.00,1.00,3265.00,0.00,36.00,4094.00,39.93,7959.53
5.52,0.00,0.00,1.00,3265.00,0.00,36.00,4094.00,37.99,7807.28
5.53,0.00,0.00,1.00,3265.00,0.00,34.00,4096.00,36.21,7638.24
5.53,0.00,0.00,1.00,3265.00,0.00,32.00,4098.00,34.59,7453.87
5.54,0.00,0.00,1.00,3265.00,0.00,31.00,4099.00,33.10,7270.53
5.55,0.00,0.00,1.00,3265.00,0.00,30.00,4100.00,31.75,7088.14
5.56,0.00,0.00,1.00,3265.00,0.00,29.00,4101.00,30.51,6906.60
5.56,0.00,0.00,1.00,3265.00,0.00,28.00,4102.00,29.38,6725.85
5.57,0.00,0.00,1.00,3265.00,0.00,28.00,4102.00,28.34,6560.84
5.58,0.00,0.00,1.00,3265.00,0.00,26.00,4104.00,27.40,6380.15
5.58,0.00,0.00,1.00,3265.00,0.00,25.00,4105.00,26.53,6200.17
5.59,0.00,0.00,1.00,3265.00,0.00,24.00,4106.00,25.75,6020.84
5.60,0.00,0.00,1.00,3265.00,0.00,23.00,4107.00,25.03,5842.10
5.60,0.00,0.00,1.00,3265.00,0.00,22.00,4108.00,24.37,5663.90
5.61,0.00,0.00,1.00,3265.00,0.00,20.00,4110.00,23.77,5471.17
5.62,0.00,0.00,1.00,3265.00,0.00,19.00,4111.00,23.22,5280.20
5.62,0.00,0.00,1.00,3265.00,0.00,19.00,4111.00,22.71,5105.86
5.63,0.00,0.00,1.00,3265.00,0.00,18.00,4112.00,22.26,4931.68
5.64,0.00,0.00,1.00,3265.00,0.00,18.00,4112.00,21.84,4772.67
5.65,0.00,0.00,1.00,3265.00,0.00,17.00,4113.00,21.45,4612.47
5.65,0.00,0.00,1.00,3265.00,0.00,16.00,4114.00,21.10,4451.21
5.66,0.00,0.00,1.00,3265.00,0.00,15.00,4115.00,20.78,4288.96
5.67,0.00,0.00,1.00,3265.00,0.00,14.00,4116.00,20.49,4125.82
5.67,0.00,0.00,1.00,3265.00,0.00,14.00,4116.00,20.23,3976.88
5.68,0.00,0.00,1.00,3265.00,0.00,14.00,4116.00,19.98,3840.92
5.69,0.00,0.00,1.00,3265.00,0.00,14.00,4116.00,19.76,3716.79
5.69,0.00,0.00,0.00,3266.00,0.00,14.00,4116.00,18.05,3603.47
5.70,0.00,0.00,0.00,3266.00,0.00,14.00,4116.00,16.49,3500.02
5.71,0.00,0.00,0.00,3266.00,0.00,14.00,4116.00,15.07,3405.57
5.72,0.00,0.00,0.00,3266.00,0.00,14.00,4116.00,13.77,3319.35
5.72,0.00,0.00,0.00,3266.00,0.00,14.00,4116.00,12.58,3240.64
5.73,0.00,0.00,0.00,3266.00,0.00,14.00,4116.00,11.49,3168.78
5.74,0.00,0.00,0.00,3266.00,0.00,13.00,4117.00,10.50,3088.16
5.74,0.00,0.00,0.00,3266.00,0.00,13.00,4117.00,9.60,3014.55
5.75,0.00,0.00,0.00,3266.00,0.00,13.00,4117.00,8.77,2947.36
5.76,0.00,0.00,0.00,3266.00,0.00,13.00,4117.00,8.01,2886.01
5.76,0.00,0.00,0.00,3266.00,0.00,13.00,4117.00,7.32,2830.01
5.77,0.00,0.00,0.00,3266.00,0.00,13.00,4117.00,6.69,2778.89
5.78,0.00,0.00,0.00,3266.00,0.00,13.00,4117.00,6.11,2732.21
5.78,0.00,0.00,0.00,3266.00,0.00,13.00,4117.00,5.58,2689.60
5.79,0.00,0.00,0.00,3266.00,0.00,13.00,4117.00,5.10,2650.70
5.80,0.00,0.00,0.00,3266.00,0.00,13.00,4117.00,4.66,2615.19
5.81,0.00,0.00,0.00,3266.00,0.00,13.00,4117.00,4.26,2582.77
5.81,0.00,0.00,0.00,3266.00,0.00,11.00,4119.00,3.89,2523.13
5.82,0.00,0.00,0.00,3266.00,0.00,11.00,4119.00,3.55,2468.68
5.83,0.00,0.00,0.00,3266.00,0.00,11.00,4119.00,3.25,2418.97
5.83,0.00,0.00,0.00,3266.00,0.00,10.00,4120.00,2.97,2358.57
5.84,0.00,0.00,0.00,3266.00,0.00,10.00,4120.00,2.71,2303.42
5.85,0.00,0.00,0.00,3266.00,0.00,10.00,4120.00,2.48,2253.08
5.85,0.00,0.00,0.00,3266.00,0.00,10.00,4120.00,2.26,2207.12
5.86,0.00,0.00,0.00,3266.00,0.00,10.00,4120.00,2.07,2165.17
5.87,0.00,0.00,0.00,3266.00,0.00,9.00,4121.00,1.89,2111.84
5.88,0.00,0.00,0.00,3266.00,0.00,8.00,4122.00,1.73,2048.14
5.88,0.00,0.00,0.00,3266.00,0.00,8.00,4122.00,1.58,1989.98
5.89,0.00,0.00,0.00,3266.00,0.00,7.00,4123.00,1.44,1921.86
5.90,0.00,0.00,0.00,3266.00,0.00,6.00,4124.00,1.32,1844.65
5.90,0.00,0.00,0.00,3266.00,0.00,6.00,4124.00,1.20,1774.16
5.91,0.00,0.00,0.00,3266.00,0.00,5.00,4125.00,1.10,1694.79
5.92,0.00,0.00,0.00,3266.00,0.00,5.00,4125.00,1.00,1622.33
5.92,0.00,0.00,0.00,3266.00,0.00,5.00,4125.00,0.92,1556.18
5.93,0.00,0.00,0.00,3266.00,0.00,5.00,4125.00,0.84,1495.79
5.94,0.00,0.00,0.00,3266.00,0.00,5.00,4125.00,0.77,1440.66
5.94,0.00,0.00,0.00,3266.00,0.00,5.00,4125.00,0.70,1390.33
5.95,0.00,0.00,0.00,3266.00,0.00,5.00,4125.00,0.64,1344.38
5.96,0.00,0.00,0.00,3266.00,0.00,5.00,4125.00,0.58,1302.43
5.97,0.00,0.00,0.00,3266.00,0.00,5.00,4125.00,0.53,1264.14
5.97,0.00,0.00,0.00,3266.00,0.00,5.00,4125.00,0.49,1229.18
5.98,0.00,0.00,0.00,3266.00,0.00,5.00,4125.00,0.45,1197.26
5.99,0.00,0.00,0.00,3266.00,0.00,5.00,4125.00,0.41,1168.12
5.99,0.00,0.00,0.00,3266.00,0.00,5.00,4125.00,0.37,1141.52
6.00,0.00,0.00,0.00,3266.00,0.00,5.00,4125.00,0.34,1117.24
6.01,0.00,0.00,0.00,3266.00,0.00,5.00,4125.00,0.31,1095.07
6.01,0.00,0.00,0.00,3266.00,0.00,4.00,4126.00,0.28,1059.81
6.02,0.00,0.00,0.00,3266.00,0.00,4.00,4126.00,0.26,1027.62
6.03,0.00,0.00,0.00,3266.00,0.00,4.00,4126.00,0.24,998.23
6.03,0.00,0.00,0.00,3266.00,0.00,4.00,4126.00,0.22,971.40
6.04,0.00,0.00,0.00,3266.00,0.00,3.00,4127.00,0.20,931.88
6.05,0.00,0.00,0.00,3266.00,0.00,3.00,4127.00,0.18,895.81
6.06,0.00,0.00,0.00,3266.00,0.00,3.00,4127.00,0.16,862.87
6.06,0.00,0.00,0.00,3266.00,0.00,3.00,4127.00,0.15,832.81
6.07,0.00,0.00,0.00,3266.00,0.00,3.00,4127.00,0.14,805.36
6.08,0.00,0.00,0.00,3266.00,0.00,3.00,4127.00,0.13,780.30
6.08,0.00,0.00,0.00,3266.00,0.00,3.00,4127.00,0.11,757.42
6.09,0.00,0.00,0.00,3266.00,0.00,3.00,4127.00,0.11,736.54
6.10,0.00,0.00,0.00,3266.00,0.00,3.00,4127.00,0.10,717.48
6.10,0.00,0.00,0.00,3266.00,0.00,3.00,4127.00,0.09,700.07
6.11,0.00,0.00,0.00,3266.00,0.00,3.00,4127.00,0.08,684.18
6.12,0.00,0.00,0.00,3266.00,0.00,3.00,4127.00,0.07,669.67
6.12,0.00,0.00,0.00,3266.00,0.00,3.00,4127.00,0.07,656.43
6.13,0.00,0.00,0.00,3266.00,0.00,3.00,4127.00,0.06,644.34
6.14,0.00,0.00,0.00,3266.00,0.00,3.00,4127.00,0.06,633.30
6.15,0.00,0.00,0.00,3266.00,0.00,3.00,4127.00,0.05,623.23
6.15,0.00,0.00,0.00,3266.00,0.00,3.00,4127.00,0.05,614.03
6.16,0.00,0.00,0.00,3266.00,0.00,3.00,4127.00,0.04,605.63
6.17,0.00,0.00,0.00,3266.00,0.00,3.00,4127.00,0.04,597.96
6.17,0.00,0.00,0.00,3266.00,0.00,3.00,4127.00,0.04,590.96
6.18,0.00,0.00,0.00,3266.00,0.00,3.00,4127.00,0.03,584.58
6.19,0.00,0.00,0.00,3266.00,0.00,3.00,4127.00,0.03,578.74
6.19,0.00,0.00,0.00,3266.00,0.00,3.00,4127.00,0.03,573.42
6.20,0.00,0.00,0.00,3266.00,0.00,3.00,4127.00,0.02,568.56
6.21,0.00,0.00,0.00,3266.00,0.00,3.00,4127.00,0.02,564.12
6.22,0.00,0.00,0.00,3266.00,0.00,3.00,4127.00,0.02,560.07
6.22,0.00,0.00,0.00,3266.00,0.00,2.00,4128.00,0.02,541.34
6.23,0.00,0.00,0.00,3266.00,0.00,2.00,4128.00,0.02,524.25
6.24,0.00,0.00,0.00,3266.00,0.00,2.00,4128.00,0.02,508.65
6.24,0.00,0.00,0.00,3266.00,0.00,1.00,4129.00,0.01,479.38
6.25,0.00,0.00,0.00,3266.00,0.00,1.00,4129.00,0.01,452.66
6.26,0.00,0.00,0.00,3266.00,0.00,1.00,4129.00,0.01,428.27
6.26,0.00,0.00,0.00,3266.00,0.00,0.00,4130.00,0.01,390.98
6.27,0.00,0.00,0.00,3266.00,0.00,0.00,4130.00,0.01,356.93
6.28,0.00,0.00,0.00,3266.00,0.00,0.00,4130.00,0.01,325.85
6.28,0.00,0.00,0.00,3266.00,0.00,0.00,4130.00,0.01,297.48
6.29,0.00,0.00,0.00,3266.00,0.00,0.00,4130.00,0.01,271.57
6.30,0.00,0.00,0.00,3266.00,0.00,0.00,4130.00,0.01,247.93
6.31,0.00,0.00,0.00,3266.00,0.00,0.00,4130.00,0.01,226.34
6.31,0.00,0.00,0.00,3266.00,0.00,0.00,4130.00,0.01,206.63
6.32,0.00,0.00,0.00,3266.00,0.00,0.00,4130.00,0.01,188.64
6.33,0.00,0.00,0.00,3266.00,0.00,0.00,4130.00,0.00,172.21
6.33,0.00,0.00,0.00,3266.00,0.00,0.00,4130.00,0.00,157.22
6.34,0.00,0.00,0.00,3266.00,0.00,0.00,4130.00,0.00,143.53
6.35,0.00,0.00,0.00,3266.00,0.00,0.00,4130.00,0.00,131.03
6.35,0.00,0.00,0.00,3266.00,0.00,0.00,4130.00,0.00,119.62
6.36,0.00,0.00,0.00,3266.00,0.00,0.00,4130.00,0.00,109.20
6.37,0.00,0.00,0.00,3266.00,0.00,0.00,4130.00,0.00,99.69
6.38,0.00,0.00,0.00,3266.00,0.00,0.00,4130.00,0.00,91.01
6.38,0.00,0.00,0.00,3266.00,0.00,0.00,4130.00,0.00,83.09
6.39,0.00,0.00,0.00,3266.00,0.00,0.00,4130.00,0.00,75.85
6.40,0.00,0.00,0.00,3266.00,0.00,0.00,4130.00,0.00,69.25
6.40,0.00,0.00,0.00,3266.00,0.00,0.00,4130.00,0.00,63.22
6.41,0.00,0.00,0.00,3266.00,0.00,0.00,4130.00,0.00,57.71
6.42,0.00,0.00,0.00,3266.00,0.00,0.00,4130.00,0.00,52.69
6.42,0.00,0.00,0.00,3266.00,0.00,0.00,4130.00,0.00,48.10
6.43,0.00,0.00,0.00,3266.00,0.00,0.00,4130.00,0.00,43.91
6.44,0.00,0.00,0.00,3266.00,0.00,0.00,4130.00,0.00,40.09
6.44,0.00,0.00,0.00,3266.00,0.00,0.00,4130.00,0.00,36.60
6.45,0.00,0.00,0.00,3266.00,0.00,0.00,4130.00,0.00,33.41
6.46,0.00,0.00,0.00,3266.00,0.00,0.00,4130.00,0.00,30.50
6.47,0.00,0.00,0.00,3266.00,0.00,0.00,4130.00,0.00,27.85
6.47,0.00,0.00,0.00,3266.00,0.00,0.00,4130.00,0.00,25.42
6.48,0.00,0.00,0.00,3266.00,0.00,0.00,4130.00,0.00,23.21
6.49,0.00,0.00,0.00,3266.00,0.00,0.00,4130.00,0.00,21.19
6.49,0.00,0.00,0.00,3266.00,0.00,0.00,4130.00,0.00,19.34
6.50,0.00,0.00,0.00,3266.00,0.00,0.00,4130.00,0.00,17.66
6.51,0.00,0.00,0.00,3266.00,0.00,0.00,4130.00,0.00,16.12
6.51,0.00,0.00,0.00,3266.00,0.00,0.00,4130.00,0.00,14.72
6.52,0.00,0.00,0.00,3266.00,0.00,0.00,4130.00,0.00,13.43
6.53,0.00,0.00,0.00,3266.00,0.00,0.00,4130.00,0.00,12.26
6.53,0.00,0.00,0.00,3266.00,0.00,0.00,4130.00,0.00,11.20
6.54,0.00,0.00,0.00,3266.00,0.00,0.00,4130.00,0.00,10.22
6.55,0.00,0.00,0.00,3266.00,0.00,0.00,4130.00,0.00,9.33
6.56,0.00,0.00,0.00,3266.00,0.00,0.00,4130.00,0.00,8.52
6.56,0.00,0.00,0.00,3266.00,0.00,0.00,4130.00,0.00,7.78
6.57,0.00,0.00,0.00,3266.00,0.00,0.00,4130.00,0.00,7.10
6.58,0.00,0.00,0.00,3266.00,0.00,0.00,4130.00,0.00,6.48
6.58,0.00,0.00,0.00,3266.00,0.00,0.00,4130.00,0.00,5.92
6.59,0.00,0.00,0.00,3266.00,0.00,0.00,4130.00,0.00,5.40
6.60,0.00,0.00,0.00,3266.00,0.00,0.00,4130.00,0.00,4.93
6.60,0.00,0.00,0.00,3266.00,0.00,0.00,4130.00,0.00,4.50
6.61,0.00,0.00,0.00,3266.00,0.00,0.00,4130.00,0.00,4.11
6.62,0.00,0.00,0.00,3266.00,0.00,0.00,4130.00,0.00,3.75
6.62,0.00,0.00,0.00,3266.00,0.00,0.00,4130.00,0.00,3.43
6.63,0.00,0.00,0.00,3266.00,0.00,0.00,4130.00,0.00,3.13
6.64,0.00,0.00,0.00,3266.00,0.00,0.00,4130.00,0.00,2.86
6.65,0.00,0.00,0.00,3266.00,0.00,0.00,4130.00,0.00,2.61
6.65,0.00,0.00,0.00,3266.00,0.00,0.00,4130.00,0.00,2.38
6.66,0.00,0.00,0.00,3266.00,0.00,0.00,4130.00,0.00,2.17
6.67,0.00,0.00,0.00,3266.00,0.00,0.00,4130.00,0.00,1.98
6.67,0.00,0.00,0.00,3266.00,0.00,0.00,4130.00,0.00,1.81
6.68,0.00,0.00,0.00,3266.00,0.00,0.00,4130.00,0.00,1.65
6.69,0.00,0.00,0.00,3266.00,0.00,0.00,4130.00,0.00,1.51
6.69,0.00,0.00,0.00,3266.00,0.00,0.00,4130.00,0.00,1.38
6.70,0.00,0.00,0.00,3266.00,0.00,0.00,4130.00,0.00,1.26
6.71,0.00,0.00,0.00,3266.00,0.00,0.00,4130.00,0.00,1.15
6.72,0.00,0.00,0.00,3266.00,0.00,0.00,4130.00,0.00,1.05
6.72,0.00,0.00,0.00,3266.00,0.00,0.00,4130.00,0.00,0.96
6.73,0.00,0.00,0.00,3266.00,0.00,0.00,4130.00,0.00,0.87
6.74,0.00,0.00,0.00,3266.00,0.00,0.00,4130.00,0.00,0.80
6.74,0.00,0.00,0.00,3266.00,0.00,0.00,4130.00,0.00,0.73
6.75,0.00,0.00,0.00,3266.00,0.00,0.00,4130.00,0.00,0.66
6.76,0.00,0.00,0.00,3266.00,0.00,0.00,4130.00,0.00,0.61
6.76,0.00,0.00,0.00,3266.00,0.00,0.00,4130.00,0.00,0.55
6.77,0.00,0.00,0.00,3266.00,0.00,0.00,4130.00,0.00,0.51
6.78,0.00,0.00,0.00,3266.00,0.00,0.00,4130.00,0.00,0.46
6.78,0.00,0.00,0.00,3266.00,0.00,0.00,4130.00,0.00,0.42
6.79,0.00,0.00,0.00,3266.00,0.00,0.00,4130.00,0.00,0.38
6.80,0.00,0.00,0.00,3266.00,0.00,0.00,4130.00,0.00,0.35
6.81,0.00,0.00,0.00,3266.00,0.00,0.00,4130.00,0.00,0.32
6.81,0.00,0.00,0.00,3266.00,0.00,0.00,4130.00,0.00,0.29
6.82,0.00,0.00,0.00,3266.00,0.00,0.00,4130.00,0.00,0.27
6.83,0.00,0.00,0.00,3266.00,0.00,0.00,4130.00,0.00,0.24
6.83,0.00,0.00,0.00,3266.00,0.00,0.00,4130.00,0.00,0.22
6.84,0.00,0.00,0.00,3266.00,0.00,0.00,4130.00,0.00,0.20
6.85,0.00,0.00,0.00,3266.00,0.00,0.00,4130.00,0.00,0.19
6.85,0.00,0.00,0.00,3266.00,0.00,0.00,4130.00,0.00,0.17
6.86,0.00,0.00,0.00,3266.00,0.00,0.00,4130.00,0.00,0.15
6.87,0.00,0.00,0.00,3266.00,0.00,0.00,4130.00,0.00,0.14
6.88,0.00,0.00,0.00,3266.00,0.00,0.00,4130.00,0.00,0.13
6.88,0.00,0.00,0.00,3266.00,0.00,0.00,4130.00,0.00,0.12
6.89,0.00,0.00,0.00,3266.00,0.00,0.00,4130.00,0.00,0.11
6.90,0.00,0.00,0.00,3266.00,0.00,0.00,4130.00,0.00,0.10
6.90,0.00,0.00,0.00,3266.00,0.00,0.00,4130.00,0.00,0.09
6.91,0.00,0.00,0.00,3266.00,0.00,0.00,4130.00,0.00,0.08
6.92,0.00,0.00,0.00,3266.00,0.00,0.00,4130.00,0.00,0.07
6.92,0.00,0.00,0.00,3266.00,0.00,0.00,4130.00,0.00,0.07
6.93,0.00,0.00,0.00,3266.00,0.00,0.00,4130.00,0.00,0.06
6.94,0.00,0.00,0.00,3266.00,0.00,0.00,4130.00,0.00,0.06
6.94,0.00,0.00,0.00,3266.00,0.00,0.00,4130.00,0.00,0.05
6.95,0.00,0.00,0.00,3266.00,0.00,0.00,4130.00,0.00,0.05
6.96,0.00,0.00,0.00,3266.00,0.00,0.00,4130.00,0.00,0.04
6.97,0.00,0.00,0.00,3266.00,0.00,0.00,4130.00,0.00,0.04
6.97,0.00,0.00,0.00,3266.00,0.00,0.00,4130.00,0.00,0.04
6.98,0.00,0.00,0.00,3266.00,0.00,0.00,4130.00,0.00,0.03
6.99,0.00,0.00,0.00,3266.00,0.00,0.00,4130.00,0.00,0.03
6.99,0.00,0.00,0.00,3266.00,0.00,0.00,4130.00,0.00,0.03
7.00,0.00,0.00,0.00,3266.00,0.00,0.00,4130.00,0.00,0.03
7.01,0.00,0.00,0.00,3266.00,0.00,0.00,4130.00,0.00,0.02
7.01,0.00,0.00,0.00,3266.00,0.00,0.00,4130.00,0.00,0.02
7.02,0.00,0.00,0.00,3266.00,0.00,0.00,4130.00,0.00,0.02
7.03,0.00,0.00,0.00,3266.00,0.00,0.00,4130.00,0.00,0.02
7.03,0.00,0.00,0.00,3266.00,0.00,0.00,4130.00,0.00,0.02
7.04,0.00,0.00,0.00,3266.00,0.00,0.00,4130.00,0.00,0.01
7.05,0.00,0.00,0.00,3266.00,0.00,0.00,4130.00,0.00,0.01
7.06,0.00,0.00,0.00,3266.00,0.00,0.00,4130.00,0.00,0.01
7.06,0.00,0.00,0.00,3266.00,0.00,0.00,4130.00,0.00,0.01
7.07,0.00,0.00,0.00,3266.00,0.00,0.00,4130.00,0.00,0.01
7.08,0.00,0.00,0.00,3266.00,0.00,0.00,4130.00,0.00,0.01
7.08,0.00,0.00,0.00,3266.00,0.00,0.00,4130.00,0.00,0.01
7.09,0.00,0.00,0.00,3266.00,0.00,0.00,4130.00,0.00,0.01
7.10,0.00,0.00,0.00,3266.00,0.00,0.00,4130.00,0.00,0.01
7.10,0.00,0.00,0.00,3266.00,0.00,0.00,4130.00,0.00,0.01
7.11,0.00,0.00,0.00,3266.00,0.00,0.00,4130.00,0.00,0.01
7.12,0.00,0.00,0.00,3266.00,0.00,0.00,4130.00,0.00,0.01
7.12,0.00,0.00,0.00,3266.00,0.00,0.00,4130.00,0.00,0.00
7.13,0.00,0.00,0.00,3266.00,0.00,0.00,4130.00,0.00,0.00
7.14,0.00,0.00,0.00,3266.00,0.00,0.00,4130.00,0.00,0.00
7.15,0.00,0.00,0.00,3266.00,0.00,0.00,4130.00,0.00,0.00
7.15,0.00,0.00,0.00,3266.00,0.00,0.00,4130.00,0.00,0.00
7.16,0.00,0.00,0.00,3266.00,0.00,0.00,4130.00,0.00,0.00
7.17,0.00,0.00,0.00,3266.00,0.00,0.00,4130.00,0.00,0.00
7.17,0.00,0.00,0.00,3266.00,0.00,0.00,4130.00,0.00,0.00
7.18,0.00,0.00,0.00,3266.00,0.00,0.00,4130.00,0.00,0.00
7.19,0.00,0.00,0.00,3266.00,0.00,0.00,4130.00,0.00,0.00
7.19,0.00,0.00,0.00,3266.00,0.00,0.00,4130.00,0.00,0.00
7.20,0.00,0.00,0.00,3266.00,0.00,0.00,4130.00,0.00,0.00
7.21,0.00,0.00,0.00,3266.00,0.00,0.00,4130.00,0.00,0.00
7.22,0.00,0.00,0.00,3266.00,0.00,0.00,4130.00,0.00,0.00
7.22,0.00,0.00,0.00,3266.00,0.00,0.00,4130.00,0.00,0.00
7.23,0.00,0.00,0.00,3266.00,0.00,0.00,4130.00,0.00,0.00
7.24,0.00,0.00,0.00,3266.00,0.00,0.00,4130.00,0.00,0.00
7.24,0.00,0.00,0.00,3266.00,0.00,0.00,4130.00,0.00,0.00
7.25,0.00,0.00,0.00,3266.00,0.00,0.00,4130.00,0.00,0.00
7.26,0.00,0.00,0.00,3266.00,0.00,0.00,4130.00,0.00,0.00
7.26,0.00,0.00,0.00,3266.00,0.00,0.00,4130.00,0.00,0.00
7.27,0.00,0.00,0.00,3266.00,0.00,0.00,4130.00,0.00,0.00
7.28,0.00,0.00,0.00,3266.00,0.00,0.00,4130.00,0.00,0.00
7.28,0.00,0.00,0.00,3266.00,0.00,0.00,4130.00,0.00,0.00
7.29,0.00,0.00,0.00,3266.00,0.00,0.00,4130.00,0.00,0.00
7.30,0.00,0.00,0.00,3266.00,0.00,0.00,4130.00,0.00,0.00
7.31,0.00,0.00,0.00,3266.00,0.00,0.00,4130.00,0.00,0.00
7.31,0.00,0.00,0.00,3266.00,0.00,0.00,4130.00,0.00,0.00
7.32,0.00,0.00,0.00,3266.00,0.00,0.00,4130.00,0.00,0.00
7.33,0.00,0.00,0.00,3266.00,0.00,0.00,4130.00,0.00,0.00
7.33,0.00,0.00,0.00,3266.00,0.00,0.00,4130.00,0.00,0.00
7.34,0.00,0.00,0.00,3266.00,0.00,0.00,4130.00,0.00,0.00
7.35,0.00,0.00,0.00,3266.00,0.00,0.00,4130.00,0.00,0.00
7.35,0.00,0.00,0.00,3266.00,0.00,0.00,4130.00,0.00,0.00
7.36,0.00,0.00,0.00,3266.00,0.00,0.00,4130.00,0.00,0.00
7.37,0.00,0.00,0.00,3266.00,0.00,0.00,4130.00,0.00,0.00
7.38,0.00,0.00,0.00,3266.00,0.00,0.00,4130.00,0.00,0.00
7.38,0.00,0.00,0.00,3266.00,0.00,0.00,4130.00,0.00,0.00
7.39,0.00,0.00,0.00,3266.00,0.00,0.00,4130.00,0.00,0.00
7.40,0.00,0.00,0.00,3266.00,0.00,0.00,4130.00,0.00,0.00
7.40,0.00,0.00,0.00,3266.00,0.00,0.00,4130.00,0.00,0.00
7.41,0.00,0.00,0.00,3266.00,0.00,0.00,4130.00,0.00,0.00
7.42,0.00,0.00,0.00,3266.00,0.00,0.00,4130.00,0.00,0.00
7.42,0.00,0.00,0.00,3266.00,0.00,0.00,4130.00,0.00,0.00
7.43,0.00,0.00,0.00,3266.00,0.00,0.00,4130.00,0.00,0.00
7.44,0.00,0.00,0.00,3266.00,0.00,0.00,4130.00,0.00,0.00
7.44,0.00,0.00,0.00,3266.00,0.00,0.00,4130.00,0.00,0.00
7.45,0.00,0.00,0.00,3266.00,0.00,0.00,4130.00,0.00,0.00
7.46,0.00,0.00,0.00,3266.00,0.00,0.00,4130.00,0.00,0.00
7.47,0.00,0.00,0.00,3266.00,0.00,0.00,4130.00,0.00,0.00
7.47,0.00,0.00,0.00,3266.00,0.00,0.00,4130.00,0.00,0.00
7.48,0.00,0.00,0.00,3266.00,0.00,0.00,4130.00,0.00,0.00
7.49,0.00,0.00,0.00,3266.00,0.00,0.00,4130.00,0.00,0.00
7.49,0.00,0.00,0.00,3266.00,0.00,0.00,4130.00,0.00,0.00
7.50,0.00,0.00,0.00,3266.00,0.00,0.00,4130.00,0.00,0.00
7.51,0.00,0.00,0.00,3266.00,0.00,0.00,4130.00,0.00,0.00
7.51,0.00,0.00,0.00,3266.00,0.00,0.00,4130.00,0.00,0.00
7.52,0.00,0.00,0.00,3266.00,0.00,0.00,4130.00,0.00,0.00
7.53,0.00,0.00,0.00,3266.00,0.00,0.00,4130.00,0.00,0.00
7.53,0.00,0.00,0.00,3266.00,0.00,0.00,4130.00,0.00,0.00
7.54,0.00,0.00,0.00,3266.00,0.00,0.00,4130.00,0.00,0.00
7.55,0.00,0.00,0.00,3266.00,0.00,0.00,4130.00,0.00,0.00
7.56,0.00,0.00,0.00,3266.00,0.00,0.00,4130.00,0.00,0.00
7.56,0.00,0.00,0.00,3266.00,0.00,0.00,4130.00,0.00,0.00
7.57,0.00,0.00,0.00,3266.00,0.00,0.00,4130.00,0.00,0.00
7.58,0.00,0.00,0.00,3266.00,0.00,0.00,4130.00,0.00,0.00
7.58,0.00,0.00,0.00,3266.00,0.00,0.00,4130.00,0.00,0.00
7.59,0.00,0.00,0.00,3266.00,0.00,0.00,4130.00,0.00,0.00
7.60,0.00,0.00,0.00,3266.00,0.00,0.00,4130.00,0.00,0.00
7.60,0.00,0.00,0.00,3266.00,0.00,0.00,4130.00,0.00,0.00
7.61,0.00,0.00,0.00,3266.00,0.00,0.00,4130.00,0.00,0.00
7.62,0.00,0.00,0.00,3266.00,0.00,0.00,4130.00,0.00,0.00
7.62,0.00,0.00,0.00,3266.00,0.00,0.00,4130.00,0.00,0.00
7.63,0.00,0.00,0.00,3266.00,0.00,0.00,4130.00,0.00,0.00
7.64,0.00,0.00,0.00,3266.00,0.00,0.00,4130.00,0.00,0.00
7.65,0.00,0.00,0.00,3266.00,0.00,0.00,4130.00,0.00,0.00
7.65,0.00,0.00,0.00,3266.00,0.00,0.00,4130.00,0.00,0.00
7.66,0.00,0.00,0.00,3266.00,0.00,0.00,4130.00,0.00,0.00
7.67,0.00,0.00,0.00,3266.00,0.00,0.00,4130.00,0.00,0.00
7.67,0.00,0.00,0.00,3266.00,0.00,0.00,4130.00,0.00,0.00
7.68,0.00,0.00,0.00,3266.00,0.00,0.00,4130.00,0.00,0.00
7.69,0.00,0.00,0.00,3266.00,0.00,0.00,4130.00,0.00,0.00
7.69,0.00,0.00,0.00,3266.00,0.00,0.00,4130.00,0.00,0.00
7.70,0.00,0.00,0.00,3266.00,0.00,0.00,4130.00,0.00,0.00
7.71,0.00,0.00,0.00,3266.00,0.00,0.00,4130.00,0.00,0.00
7.72,0.00,0.00,0.00,3266.00,0.00,0.00,4130.00,0.00,0.00
7.72,0.00,0.00,0.00,3266.00,0.00,0.00,4130.00,0.00,0.00
7.73,0.00,0.00,0.00,3266.00,0.00,0.00,4130.00,0.00,0.00
7.74,0.00,0.00,0.00,3266.00,0.00,0.00,4130.00,0.00,0.00
7.74,0.00,0.00,0.00,3266.00,0.00,0.00,4130.00,0.00,0.00
7.75,0.00,0.00,0.00,3266.00,0.00,0.00,4130.00,0.00,0.00
7.76,0.00,0.00,0.00,3266.00,0.00,0.00,4130.00,0.00,0.00
7.76,0.00,0.00,0.00,3266.00,0.00,0.00,4130.00,0.00,0.00
7.77,0.00,0.00,0.00,3266.00,0.00,0.00,4130.00,0.00,0.00
7.78,0.00,0.00,0.00,3266.00,0.00,0.00,4130.00,0.00,0.00
7.78,0.00,0.00,0.00,3266.00,0.00,0.00,4130.00,0.00,0.00
7.79,0.00,0.00,0.00,3266.00,0.00,0.00,4130.00,0.00,0.00
7.80,0.00,0.00,0.00,3266.00,0.00,0.00,4130.00,0.00,0.00
7.81,0.00,0.00,0.00,3266.00,0.00,0.00,4130.00,0.00,0.00
7.81,0.00,0.00,0.00,3266.00,0.00,0.00,4130.00,0.00,0.00
7.82,0.00,0.00,0.00,3266.00,0.00,0.00,4130.00,0.00,0.00
7.83,0.00,0.00,0.00,3266.00,0.00,0.00,4130.00,0.00,0.00
7.83,0.00,0.00,0.00,3266.00,0.00,0.00,4130.00,0.00,0.00
7.84,0.00,0.00,0.00,3266.00,0.00,0.00,4130.00,0.00,0.00
7.85,0.00,0.00,0.00,3266.00,0.00,0.00,4130.00,0.00,0.00
7.85,0.00,0.00,0.00,3266.00,0.00,0.00,4130.00,0.00,0.00
7.86,0.00,0.00,0.00,3266.00,0.00,0.00,4130.00,0.00,0.00
7.87,0.00,0.00,0.00,3266.00,0.00,0.00,4130.00,0.00,0.00
7.88,0.00,0.00,0.00,3266.00,0.00,0.00,4130.00,0.00,0.00
7.88,0.00,0.00,0.00,3266.00,0.00,0.00,4130.00,0.00,0.00
7.89,0.00,0.00,0.00,3266.00,0.00,0.00,4130.00,0.00,0.00
7.90,0.00,0.00,0.00,3266.00,0.00,0.00,4130.00,0.00,0.00
7.90,0.00,0.00,0.00,3266.00,0.00,0.00,4130.00,0.00,0.00
7.91,0.00,0.00,0.00,3266.00,0.00,0.00,4130.00,0.00,0.00
7.92,0.00,0.00,0.00,3266.00,0.00,0.00,4130.00,0.00,0.00
7.92,0.00,0.00,0.00,3266.00,0.00,0.00,4130.00,0.00,0.00
7.93,0.00,0.00,0.00,3266.00,0.00,0.00,4130.00,0.00,0.00
7.94,0.00,0.00,0.00,3266.00,0.00,0.00,4130.00,0.00,0.00
7.94,0.00,0.00,0.00,3266.00,0.00,0.00,4130.00,0.00,0.00
7.95,0.00,0.00,0.00,3266.00,0.00,0.00,4130.00,0.00,0.00
7.96,0.00,0.00,0.00,3266.00,0.00,0.00,4130.00,0.00,0.00
7.97,0.00,0.00,0.00,3266.00,0.00,0.00,4130.00,0.00,0.00
7.97,0.00,0.00,0.00,3266.00,0.00,0.00,4130.00,0.00,0.00
7.98,0.00,0.00,0.00,3266.00,0.00,0.00,4130.00,0.00,0.00
7.99,0.00,0.00,0.00,3266.00,0.00,0.00,4130.00,0.00,0.00
7.99,0.00,0.00,0.00,3266.00,0.00,0.00,4130.00,0.00,0.00
8.00,0.00,0.00,0.00,3266.00,0.00,0.00,4130.00,0.00,0.00
8.01,0.00,0.00,0.00,3266.00,0.00,0.00,4130.00,0.00,0.00
8.01,0.00,0.00,0.00,3266.00,0.00,0.00,4130.00,0.00,0.00
8.02,0.00,0.00,0.00,3266.00,0.00,0.00,4130.00,0.00,0.00
8.03,0.00,0.00,0.00,3266.00,0.00,0.00,4130.00,0.00,0.00
8.03,0.00,0.00,0.00,3266.00,0.00,0.00,4130.00,0.00,0.00
8.04,0.00,0.00,0.00,3266.00,0.00,0.00,4130.00,0.00,0.00
8.05,0.00,0.00,0.00,3266.00,0.00,0.00,4130.00,0.00,0.00
8.06,0.00,0.00,0.00,3266.00,0.00,0.00,4130.00,0.00,0.00
8.06,0.00,0.00,0.00,3266.00,0.00,0.00,4130.00,0.00,0.00
8.07,0.00,0.00,0.00,3266.00,0.00,0.00,4130.00,0.00,0.00
8.08,0.00,0.00,0.00,3266.00,0.00,0.00,4130.00,0.00,0.00
8.08,0.00,0.00,0.00,3266.00,0.00,0.00,4130.00,0.00,0.00
8.09,0.00,0.00,0.00,3266.00,0.00,0.00,4130.00,0.00,0.00
8.10,0.00,0.00,0.00,3266.00,0.00,0.00,4130.00,0.00,0.00
8.10,0.00,0.00,0.00,3266.00,0.00,0.00,4130.00,0.00,0.00
8.11,0.00,0.00,0.00,3266.00,0.00,0.00,4130.00,0.00,0.00
8.12,0.00,0.00,0.00,3266.00,0.00,0.00,4130.00,0.00,0.00
8.12,0.00,0.00,0.00,3266.00,0.00,0.00,4130.00,0.00,0.00
8.13,0.00,0.00,0.00,3266.00,0.00,0.00,4130.00,0.00,0.00
8.14,0.00,0.00,0.00,3266.00,0.00,0.00,4130.00,0.00,0.00
8.15,0.00,0.00,0.00,3266.00,0.00,0.00,4130.00,0.00,0.00
8.15,0.00,0.00,0.00,3266.00,0.00,0.00,4130.00,0.00,0.00
8.16,0.00,0.00,0.00,3266.00,0.00,0.00,4130.00,0.00,0.00
8.17,0.00,0.00,0.00,3266.00,0.00,0.00,4130.00,0.00,0.00
8.17,0.00,0.00,0.00,3266.00,0.00,0.00,4130.00,0.00,0.00
8.18,0.00,0.00,0.00,3266.00,0.00,0.00,4130.00,0.00,0.00
8.19,0.00,0.00,0.00,3266.00,0.00,0.00,4130.00,0.00,0.00
8.19,0.00,0.00,0.00,3266.00,0.00,0.00,4130.00,0.00,0.00
8.20,0.00,0.00,0.00,3266.00,0.00,0.00,4130.00,0.00,0.00
8.21,0.00,0.00,0.00,3266.00,0.00,0.00,4130.00,0.00,0.00
8.22,0.00,0.00,0.00,3266.00,0.00,0.00,4130.00,0.00,0.00
8.22,0.00,0.00,0.00,3266.00,0.00,0.00,4130.00,0.00,0.00
8.23,0.00,0.00,0.00,3266.00,0.00,0.00,4130.00,0.00,0.00
8.24,0.00,0.00,0.00,3266.00,0.00,0.00,4130.00,0.00,0.00
8.24,0.00,0.00,0.00,3266.00,0.00,0.00,4130.00,0.00,0.00
8.25,0.00,0.00,0.00,3266.00,0.00,0.00,4130.00,0.00,0.00
8.26,0.00,0.00,0.00,3266.00,0.00,0.00,4130.00,0.00,0.00
8.26,0.00,0.00,0.00,3266.00,0.00,0.00,4130.00,0.00,0.00
8.27,0.00,0.00,0.00,3266.00,0.00,0.00,4130.00,0.00,0.00
8.28,0.00,0.00,0.00,3266.00,0.00,0.00,4130.00,0.00,0.00
8.28,0.00,0.00,0.00,3266.00,0.00,0.00,4130.00,0.00,0.00
8.29,0.00,0.00,0.00,3266.00,0.00,0.00,4130.00,0.00,0.00
8.30,0.00,0.00,0.00,3266.00,0.00,0.00,4130.00,0.00,0.00
8.31,0.00,0.00,0.00,3266.00,0.00,0.00,4130.00,0.00,0.00
8.31,0.00,0.00,0.00,3266.00,0.00,0.00,4130.00,0.00,0.00
8.32,0.00,0.00,0.00,3266.00,0.00,0.00,4130.00,0.00,0.00
8.33,0.00,0.00,0.00,3266.00,0.00,0.00,4130.00,0.00,0.00
8.33,0.00,0.00,0.00,3266.00,0.00,0.00,4130.00,0.00,0.00
8.34,0.00,0.00,0.00,3266.00,0.00,0.00,4130.00,0.00,0.00
8.35,0.00,0.00,0.00,3266.00,0.00,0.00,4130.00,0.00,0.00
8.35,0.00,0.00,0.00,3266.00,0.00,0.00,4130.00,0.00,0.00
8.36,0.00,0.00,0.00,3266.00,0.00,0.00,4130.00,0.00,0.00
8.37,0.00,0.00,0.00,3266.00,0.00,0.00,4130.00,0.00,0.00
8.38,0.00,0.00,0.00,3266.00,0.00,0.00,4130.00,0.00,0.00
8.38,0.00,0.00,0.00,3266.00,0.00,0.00,4130.00,0.00,0.00
8.39,0.00,0.00,0.00,3266.00,0.00,0.00,4130.00,0.00,0.00
8.40,0.00,0.00,0.00,3266.00,0.00,0.00,4130.00,0.00,0.00
8.40,0.00,0.00,0.00,3266.00,0.00,0.00,4130.00,0.00,0.00
8.41,0.00,0.00,0.00,3266.00,0.00,0.00,4130.00,0.00,0.00
8.42,0.00,0.00,0.00,3266.00,0.00,0.00,4130.00,0.00,0.00
8.42,0.00,0.00,0.00,3266.00,0.00,0.00,4130.00,0.00,0.00
8.43,0.00,0.00,0.00,3266.00,0.00,0.00,4130.00,0.00,0.00
8.44,0.00,0.00,0.00,3266.00,0.00,0.00,4130.00,0.00,0.00
8.44,0.00,0.00,0.00,3266.00,0.00,0.00,4130.00,0.00,0.00
8.45,0.00,0.00,0.00,3266.00,0.00,0.00,4130.00,0.00,0.00
8.46,0.00,0.00,0.00,3266.00,0.00,0.00,4130.00,0.00,0.00
8.47,0.00,0.00,0.00,3266.00,0.00,0.00,4130.00,0.00,0.00
8.47,0.00,0.00,0.00,3266.00,0.00,0.00,4130.00,0.00,0.00
8.48,0.00,0.00,0.00,3266.00,0.00,0.00,4130.00,0.00,0.00
8.49,0.00,0.00,0.00,3266.00,0.00,0.00,4130.00,0.00,0.00
8.49,0.00,0.00,0.00,3266.00,0.00,0.00,4130.00,0.00,0.00
8.50,0.00,0.00,0.00,3266.00,0.00,0.00,4130.00,0.00,0.00
8.51,0.00,0.00,0.00,3266.00,0.00,0.00,4130.00,0.00,0.00
8.51,0.00,0.00,0.00,3266.00,0.00,0.00,4130.00,0.00,0.00
8.52,0.00,0.00,0.00,3266.00,0.00,0.00,4130.00,0.00,0.00
8.53,0.00,0.00,0.00,3266.00,0.00,0.00,4130.00,0.00,0.00
8.53,0.00,0.00,0.00,3266.00,0.00,0.00,4130.00,0.00,0.00
8.54,0.00,0.00,0.00,3266.00,0.00,0.00,4130.00,0.00,0.00
8.55,0.00,0.00,0.00,3266.00,0.00,0.00,4130.00,0.00,0.00
8.56,0.00,0.00,0.00,3266.00,0.00,0.00,4130.00,0.00,0.00
8.56,0.00,0.00,0.00,3266.00,0.00,0.00,4130.00,0.00,0.00
8.57,0.00,0.00,0.00,3266.00,0.00,0.00,4130.00,0.00,0.00
8.58,0.00,0.00,0.00,3266.00,0.00,0.00,4130.00,0.00,0.00
8.58,0.00,0.00,0.00,3266.00,0.00,0.00,4130.00,0.00,0.00
8.59,0.00,0.00,0.00,3266.00,0.00,0.00,4130.00,0.00,0.00
8.60,0.00,0.00,0.00,3266.00,0.00,0.00,4130.00,0.00,0.00
8.60,0.00,0.00,0.00,3266.00,0.00,0.00,4130.00,0.00,0.00
8.61,0.00,0.00,0.00,3266.00,0.00,0.00,4130.00,0.00,0.00
8.62,0.00,0.00,0.00,3266.00,0.00,0.00,4130.00,0.00,0.00
8.62,0.00,0.00,0.00,3266.00,0.00,0.00,4130.00,0.00,0.00
8.63,0.00,0.00,0.00,3266.00,0.00,0.00,4130.00,0.00,0.00
8.64,0.00,0.00,0.00,3266.00,0.00,0.00,4130.00,0.00,0.00
8.65,0.00,0.00,0.00,3266.00,0.00,0.00,4130.00,0.00,0.00
8.65,0.00,0.00,0.00,3266.00,0.00,0.00,4130.00,0.00,0.00
8.66,0.00,0.00,0.00,3266.00,0.00,0.00,4130.00,0.00,0.00
8.67,0.00,0.00,0.00,3266.00,0.00,0.00,4130.00,0.00,0.00
8.67,0.00,0.00,0.00,3266.00,0.00,0.00,4130.00,0.00,0.00
8.68,0.00,0.00,0.00,3266.00,0.00,0.00,4130.00,0.00,0.00
8.69,0.00,0.00,0.00,3266.00,0.00,0.00,4130.00,0.00,0.00
8.69,0.00,0.00,0.00,3266.00,0.00,0.00,4130.00,0.00,0.00
8.70,0.00,0.00,0.00,3266.00,0.00,0.00,4130.00,0.00,0.00
8.71,0.00,0.00,0.00,3266.00,0.00,0.00,4130.00,0.00,0.00
8.72,0.00,0.00,0.00,3266.00,0.00,0.00,4130.00,0.00,0.00
8.72,0.00,0.00,0.00,3266.00,0.00,0.00,4130.00,0.00,0.00
8.73,0.00,0.00,0.00,3266.00,0.00,0.00,4130.00,0.00,0.00
8.74,0.00,0.00,0.00,3266.00,0.00,0.00,4130.00,0.00,0.00
8.74,0.00,0.00,0.00,3266.00,0.00,0.00,4130.00,0.00,0.00
8.75,0.00,0.00,0.00,3266.00,0.00,0.00,4130.00,0.00,0.00
8.76,0.00,0.00,0.00,3266.00,0.00,0.00,4130.00,0.00,0.00
8.76,0.00,0.00,0.00,3266.00,0.00,0.00,4130.00,0.00,0.00
8.77,0.00,0.00,0.00,3266.00,0.00,0.00,4130.00,0.00,0.00
8.78,0.00,0.00,0.00,3266.00,0.00,0.00,4130.00,0.00,0.00
8.78,0.00,0.00,0.00,3266.00,0.00,0.00,4130.00,0.00,0.00
8.79,0.00,0.00,0.00,3266.00,0.00,0.00,4130.00,0.00,0.00
8.80,0.00,0.00,0.00,3266.00,0.00,0.00,4130.00,0.00,0.00
8.81,0.00,0.00,0.00,3266.00,0.00,0.00,4130.00,0.00,0.00
8.81,0.00,0.00,0.00,3266.00,0.00,0.00,4130.00,0.00,0.00
8.82,0.00,0.00,0.00,3266.00,0.00,0.00,4130.00,0.00,0.00
8.83,0.00,0.00,0.00,3266.00,0.00,0.00,4130.00,0.00,0.00
8.83,0.00,0.00,0.00,3266.00,0.00,0.00,4130.00,0.00,0.00
8.84,0.00,0.00,0.00,3266.00,0.00,0.00,4130.00,0.00,0.00
8.85,0.00,0.00,0.00,3266.00,0.00,0.00,4130.00,0.00,0.00
8.85,0.00,0.00,0.00,3266.00,0.00,0.00,4130.00,0.00,0.00
8.86,0.00,0.00,0.00,3266.00,0.00,0.00,4130.00,0.00,0.00
8.87,0.00,0.00,0.00,3266.00,0.00,0.00,4130.00,0.00,0.00
8.88,0.00,0.00,0.00,3266.00,0.00,0.00,4130.00,0.00,0.00
8.88,0.00,0.00,0.00,3266.00,0.00,0.00,4130.00,0.00,0.00
8.89,0.00,0.00,0.00,3266.00,0.00,0.00,4130.00,0.00,0.00
8.90,0.00,0.00,0.00,3266.00,0.00,0.00,4130.00,0.00,0.00
8.90,0.00,0.00,0.00,3266.00,0.00,0.00,4130.00,0.00,0.00
8.91,0.00,0.00,0.00,3266.00,0.00,0.00,4130.00,0.00,0.00
8.92,0.00,0.00,0.00,3266.00,0.00,0.00,4130.00,0.00,0.00
8.92,0.00,0.00,0.00,3266.00,0.00,0.00,4130.00,0.00,0.00
8.93,0.00,0.00,0.00,3266.00,0.00,0.00,4130.00,0.00,0.00
8.94,0.00,0.00,0.00,3266.00,0.00,0.00,4130.00,0.00,0.00
8.94,0.00,0.00,0.00,3266.00,0.00,0.00,4130.00,0.00,0.00
8.95,0.00,0.00,0.00,3266.00,0.00,0.00,4130.00,0.00,0.00
8.96,0.00,0.00,0.00,3266.00,0.00,0.00,4130.00,0.00,0.00
8.97,0.00,0.00,0.00,3266.00,0.00,0.00,4130.00,0.00,0.00
8.97,0.00,0.00,0.00,3266.00,0.00,0.00,4130.00,0.00,0.00
8.98,0.00,0.00,0.00,3266.00,0.00,0.00,4130.00,0.00,0.00
8.99,0.00,0.00,0.00,3266.00,0.00,0.00,4130.00,0.00,0.00
8.99,0.00,0.00,0.00,3266.00,0.00,0.00,4130.00,0.00,0.00
9.00,0.00,0.00,0.00,3266.00,0.00,0.00,4130.00,0.00,0.00
9.01,0.00,0.00,0.00,3266.00,0.00,0.00,4130.00,0.00,0.00
9.01,0.00,0.00,0.00,3266.00,0.00,0.00,4130.00,0.00,0.00
9.02,0.00,0.00,0.00,3266.00,0.00,0.00,4130.00,0.00,0.00
9.03,0.00,0.00,0.00,3266.00,0.00,0.00,4130.00,0.00,0.00
9.03,0.00,0.00,0.00,3266.00,0.00,0.00,4130.00,0.00,0.00
9.04,0.00,0.00,0.00,3266.00,0.00,0.00,4130.00,0.00,0.00
9.05,0.00,0.00,0.00,3266.00,0.00,0.00,4130.00,0.00,0.00
9.06,0.00,0.00,0.00,3266.00,0.00,0.00,4130.00,0.00,0.00
9.06,0.00,0.00,0.00,3266.00,0.00,0.00,4130.00,0.00,0.00
9.07,0.00,0.00,0.00,3266.00,0.00,0.00,4130.00,0.00,0.00
9.08,0.00,0.00,0.00,3266.00,0.00,0.00,4130.00,0.00,0.00
9.08,0.00,0.00,0.00,3266.00,0.00,0.00,4130.00,0.00,0.00
9.09,0.00,0.00,0.00,3266.00,0.00,0.00,4130.00,0.00,0.00
9.10,0.00,0.00,0.00,3266.00,0.00,0.00,4130.00,0.00,0.00
9.10,0.00,0.00,0.00,3266.00,0.00,0.00,4130.00,0.00,0.00
9.11,0.00,0.00,0.00,3266.00,0.00,0.00,4130.00,0.00,0.00
9.12,0.00,0.00,0.00,3266.00,0.00,0.00,4130.00,0.00,0.00
9.12,0.00,0.00,0.00,3266.00,0.00,0.00,4130.00,0.00,0.00
9.13,0.00,0.00,0.00,3266.00,0.00,0.00,4130.00,0.00,0.00
9.14,0.00,0.00,0.00,3266.00,0.00,0.00,4130.00,0.00,0.00
9.15,0.00,0.00,0.00,3266.00,0.00,0.00,4130.00,0.00,0.00
9.15,0.00,0.00,0.00,3266.00,0.00,0.00,4130.00,0.00,0.00
9.16,0.00,0.00,0.00,3266.00,0.00,0.00,4130.00,0.00,0.00
9.17,0.00,0.00,0.00,3266.00,0.00,0.00,4130.00,0.00,0.00
9.17,0.00,0.00,0.00,3266.00,0.00,0.00,4130.00,0.00,0.00
9.18,0.00,0.00,0.00,3266.00,0.00,0.00,4130.00,0.00,0.00
9.19,0.00,0.00,0.00,3266.00,0.00,0.00,4130.00,0.00,0.00
9.19,0.00,0.00,0.00,3266.00,0.00,0.00,4130.00,0.00,0.00
9.20,0.00,0.00,0.00,3266.00,0.00,0.00,4130.00,0.00,0.00
9.21,0.00,0.00,0.00,3266.00,0.00,0.00,4130.00,0.00,0.00
9.22,0.00,0.00,0.00,3266.00,0.00,0.00,4130.00,0.00,0.00
9.22,0.00,0.00,0.00,3266.00,0.00,0.00,4130.00,0.00,0.00
9.23,0.00,0.00,0.00,3266.00,0.00,0.00,4130.00,0.00,0.00
9.24,0.00,0.00,0.00,3266.00,0.00,0.00,4130.00,0.00,0.00
9.24,0.00,0.00,0.00,3266.00,0.00,0.00,4130.00,0.00,0.00
9.25,0.00,0.00,0.00,3266.00,0.00,0.00,4130.00,0.00,0.00
9.26,0.00,0.00,0.00,3266.00,0.00,0.00,4130.00,0.00,0.00
9.26,0.00,0.00,0.00,3266.00,0.00,0.00,4130.00,0.00,0.00
9.27,0.00,0.00,0.00,3266.00,0.00,0.00,4130.00,0.00,0.00
9.28,0.00,0.00,0.00,3266.00,0.00,0.00,4130.00,0.00,0.00
9.28,0.00,0.00,0.00,3266.00,0.00,0.00,4130.00,0.00,0.00
9.29,0.00,0.00,0.00,3266.00,0.00,0.00,4130.00,0.00,0.00
9.30,0.00,0.00,0.00,3266.00,0.00,0.00,4130.00,0.00,0.00
9.31,0.00,0.00,0.00,3266.00,0.00,0.00,4130.00,0.00,0.00
9.31,0.00,0.00,0.00,3266.00,0.00,0.00,4130.00,0.00,0.00
9.32,0.00,0.00,0.00,3266.00,0.00,0.00,4130.00,0.00,0.00
9.33,0.00,0.00,0.00,3266.00,0.00,0.00,4130.00,0.00,0.00
9.33,0.00,0.00,0.00,3266.00,0.00,0.00,4130.00,0.00,0.00
9.34,0.00,0.00,0.00,3266.00,0.00,0.00,4130.00,0.00,0.00
9.35,0.00,0.00,0.00,3266.00,0.00,0.00,4130.00,0.00,0.00
9.35,0.00,0.00,0.00,3266.00,0.00,0.00,4130.00,0.00,0.00
9.36,0.00,0.00,0.00,3266.00,0.00,0.00,4130.00,0.00,0.00
9.37,0.00,0.00,0.00,3266.00,0.00,0.00,4130.00,0.00,0.00
9.38,0.00,0.00,0.00,3266.00,0.00,0.00,4130.00,0.00,0.00
9.38,0.00,0.00,0.00,3266.00,0.00,0.00,4130.00,0.00,0.00
9.39,0.00,0.00,0.00,3266.00,0.00,0.00,4130.00,0.00,0.00
9.40,0.00,0.00,0.00,3266.00,0.00,0.00,4130.00,0.00,0.00
9.40,0.00,0.00,0.00,3266.00,0.00,0.00,4130.00,0.00,0.00
9.41,0.00,0.00,0.00,3266.00,0.00,0.00,4130.00,0.00,0.00
9.42,0.00,0.00,0.00,3266.00,0.00,0.00,4130.00,0.00,0.00
9.42,0.00,0.00,0.00,3266.00,0.00,0.00,4130.00,0.00,0.00
9.43,0.00,0.00,0.00,3266.00,0.00,0.00,4130.00,0.00,0.00
9.44,0.00,0.00,0.00,3266.00,0.00,0.00,4130.00,0.00,0.00
9.44,0.00,0.00,0.00,3266.00,0.00,0.00,4130.00,0.00,0.00
9.45,0.00,0.00,0.00,3266.00,0.00,0.00,4130.00,0.00,0.00
9.46,0.00,0.00,0.00,3266.00,0.00,0.00,4130.00,0.00,0.00
9.47,0.00,0.00,0.00,3266.00,0.00,0.00,4130.00,0.00,0.00
9.47,0.00,0.00,0.00,3266.00,0.00,0.00,4130.00,0.00,0.00
9.48,0.00,0.00,0.00,3266.00,0.00,0.00,4130.00,0.00,0.00
9.49,0.00,0.00,0.00,3266.00,0.00,0.00,4130.00,0.00,0.00
9.49,0.00,0.00,0.00,3266.00,0.00,0.00,4130.00,0.00,0.00
9.50,0.00,0.00,0.00,3266.00,0.00,0.00,4130.00,0.00,0.00
9.51,0.00,0.00,0.00,3266.00,0.00,0.00,4130.00,0.00,0.00
9.51,0.00,0.00,0.00,3266.00,0.00,0.00,4130.00,0.00,0.00
9.52,0.00,0.00,0.00,3266.00,0.00,0.00,4130.00,0.00,0.00
9.53,0.00,0.00,0.00,3266.00,0.00,0.00,4130.00,0.00,0.00
9.53,0.00,0.00,0.00,3266.00,0.00,0.00,4130.00,0.00,0.00
9.54,0.00,0.00,0.00,3266.00,0.00,0.00,4130.00,0.00,0.00
9.55,0.00,0.00,0.00,3266.00,0.00,0.00,4130.00,0.00,0.00
9.56,0.00,0.00,0.00,3266.00,0.00,0.00,4130.00,0.00,0.00
9.56,0.00,0.00,0.00,3266.00,0.00,0.00,4130.00,0.00,0.00
9.57,0.00,0.00,0.00,3266.00,0.00,0.00,4130.00,0.00,0.00
9.58,0.00,0.00,0.00,3266.00,0.00,0.00,4130.00,0.00,0.00
9.58,0.00,0.00,0.00,3266.00,0.00,0.00,4130.00,0.00,0.00
9.59,0.00,0.00,0.00,3266.00,0.00,0.00,4130.00,0.00,0.00
9.60,0.00,0.00,0.00,3266.00,0.00,0.00,4130.00,0.00,0.00
9.60,0.00,0.00,0.00,3266.00,0.00,0.00,4130.00,0.00,0.00
9.61,0.00,0.00,0.00,3266.00,0.00,0.00,4130.00,0.00,0.00
9.62,0.00,0.00,0.00,3266.00,0.00,0.00,4130.00,0.00,0.00
9.62,0.00,0.00,0.00,3266.00,0.00,0.00,4130.00,0.00,0.00
9.63,0.00,0.00,0.00,3266.00,0.00,0.00,4130.00,0.00,0.00
9.64,0.00,0.00,0.00,3266.00,0.00,0.00,4130.00,0.00,0.00
9.65,0.00,0.00,0.00,3266.00,0.00,0.00,4130.00,0.00,0.00
9.65,0.00,0.00,0.00,3266.00,0.00,0.00,4130.00,0.00,0.00
9.66,0.00,0.00,0.00,3266.00,0.00,0.00,4130.00,0.00,0.00
9.67,0.00,0.00,0.00,3266.00,0.00,0.00,4130.00,0.00,0.00
9.67,0.00,0.00,0.00,3266.00,0.00,0.00,4130.00,0.00,0.00
9.68,0.00,0.00,0.00,3266.00,0.00,0.00,4130.00,0.00,0.00
9.69,0.00,0.00,0.00,3266.00,0.00,0.00,4130.00,0.00,0.00
9.69,0.00,0.00,0.00,3266.00,0.00,0.00,4130.00,0.00,0.00
9.70,0.00,0.00,0.00,3266.00,0.00,0.00,4130.00,0.00,0.00
9.71,0.00,0.00,0.00,3266.00,0.00,0.00,4130.00,0.00,0.00
9.72,0.00,0.00,0.00,3266.00,0.00,0.00,4130.00,0.00,0.00
9.72,0.00,0.00,0.00,3266.00,0.00,0.00,4130.00,0.00,0.00
9.73,0.00,0.00,0.00,3266.00,0.00,0.00,4130.00,0.00,0.00
9.74,0.00,0.00,0.00,3266.00,0.00,0.00,4130.00,0.00,0.00
9.74,0.00,0.00,0.00,3266.00,0.00,0.00,4130.00,0.00,0.00
9.75,0.00,0.00,0.00,3266.00,0.00,0.00,4130.00,0.00,0.00
9.76,0.00,0.00,0.00,3266.00,0.00,0.00,4130.00,0.00,0.00
9.76,0.00,0.00,0.00,3266.00,0.00,0.00,4130.00,0.00,0.00
9.77,0.00,0.00,0.00,3266.00,0.00,0.00,4130.00,0.00,0.00
9.78,0.00,0.00,0.00,3266.00,0.00,0.00,4130.00,0.00,0.00
9.78,0.00,0.00,0.00,3266.00,0.00,0.00,4130.00,0.00,0.00
9.79,0.00,0.00,0.00,3266.00,0.00,0.00,4130.00,0.00,0.00
9.80,0.00,0.00,0.00,3266.00,0.00,0.00,4130.00,0.00,0.00
9.81,0.00,0.00,0.00,3266.00,0.00,0.00,4130.00,0.00,0.00
9.81,0.00,0.00,0.00,3266.00,0.00,0.00,4130.00,0.00,0.00
9.82,0.00,0.00,0.00,3266.00,0.00,0.00,4130.00,0.00,0.00
9.83,0.00,0.00,0.00,3266.00,0.00,0.00,4130.00,0.00,0.00
9.83,0.00,0.00,0.00,3266.00,0.00,0.00,4130.00,0.00,0.00
9.84,0.00,0.00,0.00,3266.00,0.00,0.00,4130.00,0.00,0.00
9.85,0.00,0.00,0.00,3266.00,0.00,0.00,4130.00,0.00,0.00
9.85,0.00,0.00,0.00,3266.00,0.00,0.00,4130.00,0.00,0.00
9.86,0.00,0.00,0.00,3266.00,0.00,0.00,4130.00,0.00,0.00
9.87,0.00,0.00,0.00,3266.00,0.00,0.00,4130.00,0.00,0.00
9.88,0.00,0.00,0.00,3266.00,0.00,0.00,4130.00,0.00,0.00
9.88,0.00,0.00,0.00,3266.00,0.00,0.00,4130.00,0.00,0.00
9.89,0.00,0.00,0.00,3266.00,0.00,0.00,4130.00,0.00,0.00
9.90,0.00,0.00,0.00,3266.00,0.00,0.00,4130.00,0.00,0.00
9.90,0.00,0.00,0.00,3266.00,0.00,0.00,4130.00,0.00,0.00
9.91,0.00,0.00,0.00,3266.00,0.00,0.00,4130.00,0.00,0.00
9.92,0.00,0.00,0.00,3266.00,0.00,0.00,4130.00,0.00,0.00
9.92,0.00,0.00,0.00,3266.00,0.00,0.00,4130.00,0.00,0.00
9.93,0.00,0.00,0.00,3266.00,0.00,0.00,4130.00,0.00,0.00
9.94,0.00,0.00,0.00,3266.00,0.00,0.00,4130.00,0.00,0.00
9.94,0.00,0.00,0.00,3266.00,0.00,0.00,4130.00,0.00,0.00
9.95,0.00,0.00,0.00,3266.00,0.00,0.00,4130.00,0.00,0.00
9.96,0.00,0.00,0.00,3266.00,0.00,0.00,4130.00,0.00,0.00
9.97,0.00,0.00,0.00,3266.00,0.00,0.00,4130.00,0.00,0.00
9.97,0.00,0.00,0.00,3266.00,0.00,0.00,4130.00,0.00,0.00
9.98,0.00,0.00,0.00,3266.00,0.00,0.00,4130.00,0.00,0.00
9.99,0.00,0.00,0.00,3266.00,0.00,0.00,4130.00,0.00,0.00
9.99,0.00,0.00,0.00,3266.00,0.00,0.00,4130.00,0.00,0.00
