Time,U,AI1,AI2,AD,BI2,BI2,BD,VA,VB
0.00,7394.00,1.00,0.00,0.00,1.00,0.00,0.00,75.00,75.00
0.01,7392.00,3.00,0.00,0.00,1.00,0.00,0.00,68.52,68.47
0.01,7392.00,3.00,0.00,0.00,1.00,0.00,0.00,62.61,62.51
0.02,7391.00,3.00,0.00,0.00,2.00,0.00,0.00,57.20,57.06
0.03,7389.00,4.00,0.00,0.00,3.00,0.00,0.00,52.26,52.10
0.03,7389.00,3.00,1.00,0.00,3.00,0.00,0.00,47.90,47.56
0.04,7387.00,3.00,1.00,0.00,5.00,0.00,0.00,43.92,43.42
0.05,7387.00,2.00,2.00,0.00,5.00,0.00,0.00,40.43,39.64
0.06,7387.00,2.00,2.00,0.00,5.00,0.00,0.00,37.24,36.19
0.06,7387.00,2.00,1.00,1.00,5.00,0.00,0.00,34.17,33.03
0.07,7387.00,1.00,2.00,1.00,5.00,0.00,0.00,31.52,30.16
0.08,7387.00,1.00,2.00,1.00,4.00,1.00,0.00,29.10,42.56
0.08,7386.00,1.00,2.00,1.00,5.00,1.00,0.00,26.89,53.87
0.09,7386.00,1.00,2.00,1.00,5.00,1.00,0.00,24.87,64.21
0.10,7386.00,1.00,2.00,1.00,4.00,2.00,0.00,23.02,88.66
0.10,7383.00,1.00,2.00,1.00,7.00,2.00,0.00,21.33,110.99
0.11,7383.00,1.00,2.00,1.00,7.00,2.00,0.00,19.79,131.37
0.12,7381.00,0.00,3.00,1.00,9.00,1.00,1.00,18.54,134.95
0.12,7379.00,1.00,3.00,1.00,10.00,1.00,1.00,17.39,138.22
0.13,7378.00,1.00,3.00,1.00,11.00,1.00,1.00,16.34,141.21
0.14,7375.00,2.00,3.00,1.00,13.00,0.00,2.00,15.38,128.92
0.15,7374.00,2.00,2.00,2.00,14.00,0.00,2.00,14.35,117.69
0.15,7374.00,2.00,2.00,2.00,14.00,0.00,2.00,13.41,107.44
0.16,7373.00,2.00,2.00,2.00,15.00,0.00,2.00,12.55,98.09
0.17,7373.00,1.00,3.00,2.00,15.00,0.00,2.00,11.92,89.55
0.17,7373.00,1.00,3.00,2.00,15.00,0.00,2.00,11.34,81.75
0.18,7372.00,1.00,3.00,2.00,16.00,0.00,2.00,10.81,74.63
0.19,7372.00,1.00,3.00,2.00,15.00,1.00,2.00,10.33,83.15
0.19,7372.00,1.00,3.00,2.00,15.00,1.00,2.00,9.89,90.94
0.20,7371.00,1.00,3.00,2.00,16.00,1.00,2.00,9.49,98.04
0.21,7370.00,1.00,2.00,3.00,16.00,2.00,2.00,8.97,119.55
0.22,7368.00,1.00,2.00,3.00,18.00,2.00,2.00,8.49,139.19
0.22,7368.00,1.00,2.00,3.00,18.00,2.00,2.00,8.06,157.11
0.23,7367.00,1.00,2.00,3.00,18.00,3.00,2.00,7.67,188.50
0.24,7367.00,1.00,2.00,3.00,18.00,2.00,3.00,7.30,202.13
0.24,7365.00,2.00,2.00,3.00,19.00,2.00,3.00,6.97,214.58
0.25,7363.00,2.00,2.00,3.00,21.00,2.00,3.00,6.67,225.94
0.26,7362.00,2.00,2.00,3.00,21.00,3.00,3.00,6.40,251.34
0.26,7361.00,2.00,2.00,3.00,22.00,3.00,3.00,6.14,274.52
0.27,7359.00,2.00,2.00,3.00,24.00,3.00,3.00,5.91,295.69
0.28,7355.00,2.00,2.00,3.00,27.00,4.00,3.00,5.70,330.03
0.28,7354.00,2.00,2.00,3.00,27.00,5.00,3.00,5.51,376.41
0.29,7352.00,2.00,2.00,3.00,26.00,8.00,3.00,5.34,463.82
0.30,7351.00,2.00,2.00,3.00,26.00,9.00,3.00,5.18,558.64
0.31,7350.00,2.00,2.00,3.00,26.00,10.00,3.00,5.03,660.23
0.31,7347.00,2.00,2.00,3.00,29.00,10.00,3.00,4.90,752.97
0.32,7346.00,2.00,2.00,3.00,28.00,12.00,3.00,4.77,867.68
0.33,7342.00,2.00,2.00,3.00,31.00,12.00,4.00,4.66,972.40
0.33,7336.00,2.00,2.00,3.00,37.00,12.00,4.00,4.56,1068.01
0.34,7332.00,2.00,2.00,3.00,41.00,12.00,4.00,4.47,1155.29
0.35,7329.00,2.00,2.00,3.00,43.00,13.00,4.00,4.38,1249.99
0.35,7325.00,2.00,1.00,4.00,45.00,15.00,4.00,4.15,1366.49
0.36,7320.00,2.00,1.00,4.00,49.00,16.00,4.00,3.95,1487.87
0.37,7313.00,3.00,1.00,4.00,53.00,18.00,4.00,3.76,1628.73
0.38,7308.00,2.00,2.00,4.00,56.00,20.00,4.00,3.73,1787.37
0.38,7306.00,2.00,2.00,4.00,57.00,21.00,4.00,3.71,1947.22
0.39,7298.00,2.00,2.00,5.00,61.00,23.00,5.00,3.69,2123.20
0.40,7289.00,2.00,2.00,5.00,67.00,26.00,5.00,3.67,2328.92
0.40,7283.00,2.00,2.00,5.00,71.00,28.00,5.00,3.66,2546.77
0.41,7276.00,2.00,2.00,5.00,75.00,31.00,5.00,3.64,2790.73
0.42,7269.00,2.00,2.00,5.00,78.00,34.00,6.00,3.63,3058.51
0.42,7259.00,0.00,4.00,5.00,87.00,33.00,8.00,3.91,3287.95
0.43,7247.00,0.00,4.00,5.00,96.00,35.00,9.00,4.18,3527.46
0.44,7239.00,0.00,4.00,5.00,100.00,36.00,12.00,4.42,3761.13
0.44,7233.00,0.00,4.00,5.00,103.00,37.00,14.00,4.64,3989.48
0.45,7220.00,0.00,4.00,5.00,113.00,38.00,16.00,4.84,4212.97
0.46,7210.00,0.00,4.00,5.00,119.00,41.00,17.00,5.02,4462.07
0.47,7200.00,0.00,4.00,5.00,121.00,47.00,19.00,5.19,4779.62
0.47,7190.00,2.00,4.00,5.00,124.00,51.00,20.00,5.34,5129.61
0.48,7180.00,3.00,4.00,5.00,132.00,52.00,20.00,5.48,5464.15
0.49,7169.00,3.00,4.00,5.00,137.00,58.00,20.00,5.61,5859.69
0.49,7151.00,3.00,4.00,5.00,145.00,66.00,22.00,5.73,6340.98
0.50,7144.00,3.00,4.00,5.00,141.00,74.00,25.00,5.83,6900.54
0.51,7129.00,3.00,4.00,5.00,154.00,75.00,26.00,5.93,7426.41
0.51,7113.00,3.00,3.00,6.00,165.00,76.00,30.00,5.87,7921.50
0.52,7106.00,3.00,2.00,7.00,162.00,85.00,31.00,5.66,8508.70
0.53,7084.00,3.00,2.00,7.00,181.00,87.00,32.00,5.47,9074.80
0.53,7073.00,3.00,2.00,7.00,186.00,92.00,33.00,5.30,9666.73
0.54,7058.00,2.00,3.00,7.00,200.00,92.00,34.00,5.29,10207.12
0.55,7033.00,2.00,3.00,7.00,217.00,97.00,37.00,5.29,10775.57
0.56,7013.00,2.00,3.00,7.00,226.00,106.00,39.00,5.28,11429.73
0.56,6999.00,2.00,3.00,7.00,233.00,109.00,43.00,5.28,12071.99
0.57,6986.00,2.00,3.00,7.00,240.00,114.00,44.00,5.27,12733.45
0.58,6971.00,2.00,3.00,7.00,246.00,122.00,45.00,5.27,13457.49
0.58,6954.00,2.00,3.00,7.00,257.00,125.00,48.00,5.26,14163.56
0.59,6939.00,2.00,3.00,7.00,263.00,133.00,49.00,5.26,14928.33
0.60,6920.00,2.00,3.00,7.00,277.00,134.00,53.00,5.26,15641.53
0.60,6894.00,2.00,3.00,7.00,296.00,137.00,57.00,5.25,16337.69
0.61,6877.00,2.00,2.00,8.00,301.00,144.00,62.00,5.10,17078.40
0.62,6854.00,2.00,2.00,8.00,313.00,151.00,66.00,4.96,17859.78
0.62,6832.00,2.00,2.00,8.00,321.00,163.00,68.00,4.83,18753.39
0.63,6818.00,2.00,2.00,8.00,328.00,164.00,74.00,4.72,19584.21
0.64,6790.00,2.00,2.00,8.00,344.00,169.00,81.00,4.61,20417.80
0.65,6764.00,2.00,2.00,8.00,361.00,175.00,84.00,4.51,21268.95
0.65,6740.00,2.00,2.00,8.00,379.00,180.00,85.00,4.42,22121.10
0.66,6722.00,2.00,2.00,8.00,387.00,185.00,90.00,4.34,22974.16
0.67,6705.00,2.00,2.00,8.00,394.00,193.00,92.00,4.27,23873.12
0.67,6694.00,2.00,2.00,8.00,392.00,203.00,95.00,4.20,24844.04
0.68,6675.00,2.00,2.00,8.00,399.00,213.00,97.00,4.14,25880.65
0.69,6655.00,2.00,2.00,8.00,403.00,225.00,101.00,4.08,27007.27
0.69,6633.00,2.00,2.00,8.00,410.00,234.00,107.00,4.03,28170.99
0.70,6604.00,2.00,2.00,8.00,430.00,241.00,109.00,3.98,29338.55
0.71,6580.00,2.00,2.00,8.00,440.00,253.00,111.00,3.94,30584.72
0.72,6543.00,2.00,2.00,8.00,462.00,266.00,113.00,3.90,31917.67
0.72,6510.00,3.00,2.00,8.00,475.00,283.00,115.00,3.86,33389.95
0.73,6486.00,3.00,2.00,8.00,486.00,292.00,119.00,3.83,34869.24
0.74,6464.00,3.00,2.00,8.00,492.00,303.00,124.00,3.80,36384.98
0.74,6437.00,3.00,2.00,8.00,508.00,311.00,127.00,3.77,37888.91
0.75,6402.00,3.00,2.00,8.00,525.00,325.00,131.00,3.75,39472.21
0.76,6378.00,3.00,2.00,8.00,528.00,343.00,134.00,3.72,41188.06
0.76,6347.00,3.00,2.00,8.00,545.00,351.00,140.00,3.70,42874.69
0.77,6320.00,3.00,2.00,8.00,563.00,356.00,144.00,3.68,44489.56
0.78,6283.00,3.00,2.00,8.00,581.00,371.00,148.00,3.67,46189.17
0.78,6238.00,3.00,2.00,8.00,606.00,387.00,152.00,3.65,47981.15
0.79,6206.00,3.00,2.00,8.00,620.00,399.00,158.00,3.64,49797.37
0.80,6173.00,3.00,2.00,8.00,639.00,409.00,162.00,3.62,51605.67
0.81,6137.00,3.00,2.00,8.00,661.00,419.00,166.00,3.61,53406.74
0.81,6106.00,3.00,2.00,8.00,668.00,433.00,176.00,3.60,55261.31
0.82,6072.00,3.00,2.00,8.00,683.00,447.00,181.00,3.59,57164.71
0.83,6036.00,3.00,2.00,8.00,692.00,469.00,186.00,3.58,59232.89
0.83,5991.00,3.00,1.00,9.00,719.00,479.00,194.00,3.42,61271.20
0.84,5949.00,3.00,1.00,9.00,744.00,486.00,204.00,3.28,63237.19
0.85,5915.00,2.00,2.00,9.00,757.00,502.00,209.00,3.29,65272.35
0.85,5880.00,2.00,2.00,9.00,774.00,515.00,214.00,3.31,67325.61
0.86,5847.00,2.00,2.00,9.00,786.00,533.00,217.00,3.32,69470.49
0.87,5816.00,2.00,2.00,9.00,798.00,547.00,222.00,3.34,71638.92
0.88,5783.00,2.00,2.00,9.00,803.00,566.00,231.00,3.35,73903.98
0.88,5750.00,2.00,2.00,9.00,820.00,576.00,237.00,3.36,76122.04
0.89,5714.00,3.00,2.00,9.00,822.00,606.00,240.00,3.37,78597.65
0.90,5673.00,3.00,2.00,9.00,843.00,618.00,248.00,3.38,81037.97
0.90,5631.00,3.00,1.00,10.00,867.00,627.00,257.00,3.24,83401.01
0.91,5588.00,3.00,1.00,10.00,880.00,650.00,264.00,3.11,85903.81
0.92,5541.00,3.00,1.00,10.00,902.00,668.00,271.00,2.99,88459.10
0.92,5501.00,2.00,1.00,11.00,912.00,691.00,278.00,2.88,91137.41
0.93,5443.00,2.00,1.00,11.00,937.00,719.00,283.00,2.78,94003.16
0.94,5396.00,2.00,1.00,11.00,960.00,739.00,287.00,2.69,96919.82
0.94,5355.00,2.00,1.00,11.00,970.00,762.00,295.00,2.61,99928.05
0.95,5303.00,2.00,1.00,11.00,996.00,781.00,302.00,2.54,102959.78
0.96,5274.00,2.00,1.00,11.00,991.00,811.00,306.00,2.47,106178.21
0.97,5228.00,2.00,1.00,11.00,1012.00,828.00,314.00,2.41,109371.78
0.97,5182.00,2.00,1.00,11.00,1024.00,859.00,317.00,2.35,112752.99
0.98,5135.00,2.00,1.00,11.00,1044.00,876.00,327.00,2.30,116095.16
0.99,5077.00,2.00,1.00,11.00,1074.00,899.00,332.00,2.25,119491.85
0.99,5019.00,2.00,1.00,11.00,1105.00,919.00,339.00,2.20,122893.23
1.00,4972.00,2.00,0.00,12.00,1115.00,952.00,343.00,2.01,126494.19
1.01,4910.00,2.00,0.00,12.00,1147.00,976.00,349.00,1.84,130142.15
1.01,4846.00,2.00,0.00,12.00,1179.00,1000.00,357.00,1.68,133833.02
1.02,4792.00,2.00,0.00,12.00,1196.00,1035.00,359.00,1.54,137728.30
1.03,4748.00,2.00,0.00,12.00,1203.00,1069.00,362.00,1.40,141795.19
1.03,4698.00,2.00,0.00,12.00,1212.00,1109.00,363.00,1.28,146108.88
1.04,4647.00,2.00,0.00,12.00,1220.00,1142.00,373.00,1.17,150542.71
1.05,4573.00,2.00,0.00,12.00,1250.00,1180.00,379.00,1.07,155161.34
1.06,4515.00,2.00,0.00,12.00,1280.00,1204.00,383.00,0.98,159738.35
1.06,4448.00,2.00,0.00,12.00,1317.00,1225.00,392.00,0.89,164232.30
1.07,4399.00,2.00,0.00,12.00,1333.00,1253.00,397.00,0.82,168755.58
1.08,4333.00,2.00,0.00,12.00,1362.00,1279.00,408.00,0.75,173275.59
1.08,4283.00,2.00,0.00,12.00,1359.00,1323.00,417.00,0.68,178063.04
1.09,4222.00,2.00,0.00,12.00,1390.00,1348.00,422.00,0.62,182809.19
1.10,4163.00,2.00,0.00,12.00,1410.00,1378.00,431.00,0.57,187592.76
1.10,4107.00,2.00,0.00,12.00,1430.00,1410.00,435.00,0.52,192440.54
1.11,4037.00,2.00,0.00,12.00,1458.00,1448.00,439.00,0.47,197437.07
1.12,3989.00,2.00,0.00,12.00,1473.00,1470.00,450.00,0.43,202329.03
1.12,3926.00,2.00,0.00,12.00,1496.00,1508.00,452.00,0.40,207365.90
1.13,3867.00,2.00,0.00,12.00,1514.00,1542.00,459.00,0.36,212474.96
1.14,3813.00,2.00,0.00,12.00,1521.00,1577.00,471.00,0.33,217664.95
1.15,3756.00,2.00,0.00,12.00,1534.00,1617.00,475.00,0.30,223003.95
1.15,3691.00,2.00,0.00,12.00,1550.00,1662.00,479.00,0.28,228554.09
1.16,3630.00,2.00,0.00,12.00,1567.00,1703.00,482.00,0.25,234236.89
1.17,3572.00,2.00,0.00,12.00,1587.00,1734.00,489.00,0.23,239890.57
1.17,3511.00,2.00,0.00,12.00,1607.00,1768.00,496.00,0.21,245562.74
1.18,3454.00,2.00,0.00,12.00,1626.00,1797.00,505.00,0.19,251176.67
1.19,3399.00,2.00,0.00,12.00,1635.00,1835.00,513.00,0.18,256872.64
1.19,3324.00,1.00,1.00,12.00,1664.00,1876.00,518.00,0.31,262688.58
1.20,3257.00,1.00,1.00,12.00,1681.00,1918.00,526.00,0.43,268629.06
1.21,3202.00,1.00,1.00,12.00,1701.00,1947.00,532.00,0.55,274487.93
1.22,3145.00,1.00,1.00,12.00,1713.00,1981.00,543.00,0.65,280347.43
1.22,3096.00,1.00,1.00,12.00,1723.00,2015.00,548.00,0.74,286207.48
1.23,3036.00,1.00,1.00,12.00,1738.00,2054.00,554.00,0.83,292143.17
1.24,2978.00,1.00,1.00,12.00,1739.00,2107.00,558.00,0.91,298358.23
1.24,2926.00,1.00,1.00,12.00,1744.00,2149.00,563.00,0.98,304663.08
1.25,2862.00,1.00,1.00,12.00,1757.00,2190.00,573.00,1.05,311034.88
1.26,2795.00,1.00,1.00,12.00,1777.00,2227.00,583.00,1.11,317407.70
1.26,2741.00,1.00,1.00,12.00,1777.00,2274.00,590.00,1.16,323931.68
1.27,2684.00,1.00,1.00,12.00,1782.00,2316.00,600.00,1.21,330518.56
1.28,2630.00,1.00,1.00,12.00,1787.00,2361.00,604.00,1.26,337207.92
1.28,2556.00,1.00,1.00,12.00,1813.00,2403.00,610.00,1.30,343945.76
1.29,2491.00,1.00,1.00,12.00,1817.00,2456.00,618.00,1.34,350893.13
1.30,2433.00,1.00,1.00,12.00,1816.00,2501.00,632.00,1.37,357911.59
1.31,2378.00,1.00,0.00,13.00,1825.00,2539.00,640.00,1.25,364889.78
1.31,2321.00,1.00,0.00,13.00,1828.00,2587.00,646.00,1.14,371981.46
1.32,2254.00,1.00,0.00,13.00,1832.00,2643.00,653.00,1.05,379296.91
1.33,2191.00,1.00,0.00,13.00,1835.00,2693.00,663.00,0.96,386726.52
1.33,2140.00,1.00,0.00,13.00,1832.00,2740.00,670.00,0.87,394215.28
1.34,2103.00,1.00,0.00,13.00,1807.00,2792.00,680.00,0.80,401833.14
1.35,2060.00,1.00,0.00,13.00,1793.00,2847.00,682.00,0.73,409613.95
1.35,2006.00,1.00,0.00,13.00,1800.00,2886.00,690.00,0.67,417303.13
1.36,1948.00,1.00,0.00,13.00,1803.00,2932.00,699.00,0.61,425013.84
1.37,1880.00,1.00,0.00,13.00,1814.00,2981.00,707.00,0.56,432789.26
1.38,1836.00,1.00,0.00,13.00,1820.00,3016.00,710.00,0.51,440413.44
1.38,1787.00,1.00,0.00,13.00,1819.00,3063.00,713.00,0.46,448079.82
1.39,1727.00,1.00,0.00,13.00,1820.00,3113.00,722.00,0.42,455829.80
1.40,1679.00,1.00,0.00,13.00,1801.00,3175.00,727.00,0.39,463836.37
1.40,1617.00,1.00,0.00,13.00,1808.00,3227.00,730.00,0.35,471926.97
1.41,1552.00,1.00,0.00,13.00,1803.00,3289.00,738.00,0.32,480244.50
1.42,1504.00,1.00,0.00,13.00,1807.00,3326.00,745.00,0.30,488393.64
1.42,1442.00,1.00,0.00,13.00,1826.00,3363.00,751.00,0.27,496389.03
1.43,1396.00,1.00,0.00,13.00,1815.00,3411.00,760.00,0.25,504409.33
1.44,1338.00,1.00,0.00,13.00,1819.00,3457.00,768.00,0.23,512422.31
1.44,1290.00,0.00,1.00,13.00,1807.00,3509.00,776.00,0.36,520518.76
1.45,1236.00,0.00,1.00,13.00,1806.00,3556.00,784.00,0.48,528616.29
1.46,1191.00,0.00,1.00,13.00,1812.00,3591.00,788.00,0.58,536534.52
1.47,1143.00,0.00,1.00,13.00,1811.00,3636.00,792.00,0.68,544439.31
1.47,1106.00,0.00,1.00,13.00,1798.00,3684.00,794.00,0.78,552376.89
1.48,1062.00,0.00,1.00,13.00,1787.00,3730.00,803.00,0.86,560314.37
1.49,1005.00,0.00,1.00,13.00,1786.00,3785.00,806.00,0.93,568386.95
1.49,968.00,0.00,1.00,13.00,1777.00,3823.00,814.00,1.00,576327.48
1.50,926.00,0.00,1.00,13.00,1772.00,3861.00,823.00,1.07,584147.46
1.51,886.00,0.00,1.00,13.00,1762.00,3904.00,830.00,1.13,591932.50
1.51,844.00,0.00,1.00,13.00,1763.00,3937.00,838.00,1.18,599535.41
1.52,804.00,0.00,1.00,13.00,1758.00,3975.00,845.00,1.23,607047.17
1.53,759.00,0.00,1.00,13.00,1758.00,4008.00,857.00,1.27,614400.60
1.53,710.00,0.00,1.00,13.00,1762.00,4044.00,866.00,1.31,621654.56
1.54,681.00,0.00,1.00,13.00,1741.00,4087.00,873.00,1.35,628922.86
1.55,637.00,0.00,1.00,13.00,1737.00,4126.00,882.00,1.38,636144.17
1.56,612.00,0.00,1.00,13.00,1706.00,4176.00,888.00,1.41,643487.83
1.56,574.00,0.00,1.00,13.00,1695.00,4218.00,895.00,1.44,650823.01
1.57,544.00,0.00,1.00,13.00,1682.00,4253.00,903.00,1.47,658045.28
1.58,514.00,0.00,1.00,13.00,1657.00,4300.00,911.00,1.49,665344.75
1.58,488.00,0.00,1.00,13.00,1643.00,4332.00,919.00,1.51,672489.35
1.59,462.00,0.00,1.00,13.00,1620.00,4372.00,928.00,1.53,679612.75
1.60,443.00,0.00,1.00,13.00,1604.00,4403.00,932.00,1.55,686581.59
1.60,409.00,0.00,1.00,13.00,1591.00,4445.00,937.00,1.57,693574.59
1.61,378.00,0.00,1.00,13.00,1578.00,4484.00,942.00,1.58,700544.56
1.62,357.00,0.00,1.00,13.00,1558.00,4515.00,952.00,1.60,707373.33
1.62,339.00,0.00,1.00,13.00,1530.00,4554.00,959.00,1.61,714193.39
1.63,315.00,0.00,1.00,13.00,1517.00,4586.00,964.00,1.62,720900.32
1.64,295.00,0.00,1.00,13.00,1484.00,4633.00,970.00,1.63,727729.32
1.65,273.00,0.00,1.00,13.00,1472.00,4661.00,976.00,1.64,734384.33
1.65,248.00,0.00,1.00,13.00,1466.00,4680.00,988.00,1.65,740745.28
1.66,238.00,0.00,1.00,13.00,1432.00,4712.00,1000.00,1.66,747033.09
1.67,227.00,0.00,1.00,13.00,1394.00,4753.00,1008.00,1.66,753389.33
1.67,203.00,0.00,1.00,13.00,1379.00,4787.00,1013.00,1.67,759702.88
1.68,183.00,0.00,1.00,13.00,1351.00,4824.00,1024.00,1.68,766022.53
1.69,169.00,0.00,1.00,13.00,1319.00,4863.00,1031.00,1.68,772377.79
1.69,157.00,0.00,1.00,13.00,1285.00,4903.00,1037.00,1.69,778780.58
1.70,142.00,0.00,1.00,13.00,1268.00,4927.00,1045.00,1.69,784986.40
1.71,129.00,0.00,1.00,13.00,1250.00,4947.00,1056.00,1.70,790952.30
1.72,118.00,0.00,1.00,13.00,1220.00,4983.00,1061.00,1.70,796939.55
1.72,108.00,0.00,1.00,13.00,1204.00,5000.00,1070.00,1.70,802660.84
1.73,96.00,0.00,1.00,13.00,1175.00,5032.00,1079.00,1.71,808364.69
1.74,83.00,0.00,1.00,13.00,1157.00,5057.00,1085.00,1.71,813947.45
1.74,74.00,0.00,1.00,13.00,1138.00,5078.00,1092.00,1.71,819359.57
1.75,65.00,0.00,1.00,13.00,1107.00,5111.00,1099.00,1.71,824796.18
1.76,59.00,0.00,1.00,13.00,1079.00,5134.00,1110.00,1.72,830104.93
1.76,52.00,0.00,1.00,13.00,1056.00,5159.00,1115.00,1.72,835327.00
1.77,41.00,0.00,1.00,13.00,1043.00,5174.00,1124.00,1.72,840319.69
1.78,32.00,0.00,1.00,13.00,1028.00,5191.00,1131.00,1.72,845133.03
1.78,26.00,0.00,1.00,13.00,1006.00,5209.00,1141.00,1.72,849797.66
1.79,23.00,0.00,1.00,13.00,983.00,5224.00,1152.00,1.72,854281.46
1.80,22.00,0.00,1.00,13.00,947.00,5257.00,1156.00,1.73,858870.60
1.81,20.00,0.00,1.00,13.00,919.00,5277.00,1166.00,1.73,863360.59
1.81,15.00,0.00,0.00,14.00,893.00,5306.00,1168.00,1.58,867895.28
1.82,15.00,0.00,0.00,14.00,859.00,5337.00,1171.00,1.44,872500.83
1.83,15.00,0.00,0.00,14.00,835.00,5351.00,1181.00,1.32,876915.66
1.83,14.00,0.00,0.00,14.00,819.00,5360.00,1189.00,1.20,881081.28
1.84,13.00,0.00,0.00,14.00,795.00,5376.00,1198.00,1.10,885124.55
1.85,10.00,0.00,0.00,14.00,779.00,5385.00,1208.00,1.00,888950.94
1.85,9.00,0.00,0.00,14.00,762.00,5394.00,1217.00,0.92,892579.36
1.86,6.00,0.00,0.00,14.00,738.00,5413.00,1225.00,0.84,896177.28
1.87,5.00,0.00,0.00,14.00,718.00,5428.00,1231.00,0.77,899687.24
1.88,3.00,0.00,0.00,14.00,698.00,5442.00,1239.00,0.70,903101.90
1.88,1.00,0.00,0.00,14.00,681.00,5452.00,1248.00,0.64,906369.45
1.89,1.00,0.00,0.00,14.00,664.00,5457.00,1260.00,0.58,909427.59
1.90,1.00,0.00,0.00,14.00,643.00,5469.00,1269.00,0.53,912399.72
1.90,1.00,0.00,0.00,14.00,627.00,5475.00,1279.00,0.49,915203.19
1.91,0.00,0.00,0.00,14.00,605.00,5490.00,1287.00,0.45,917987.89
1.92,0.00,0.00,0.00,14.00,589.00,5498.00,1295.00,0.41,920650.29
1.92,0.00,0.00,0.00,14.00,575.00,5501.00,1306.00,0.37,923125.93
1.93,0.00,0.00,0.00,14.00,561.00,5508.00,1313.00,0.34,925491.17
1.94,0.00,0.00,0.00,14.00,545.00,5516.00,1321.00,0.31,927770.63
1.94,0.00,0.00,0.00,14.00,528.00,5527.00,1327.00,0.28,930016.86
1.95,0.00,0.00,0.00,14.00,512.00,5536.00,1334.00,0.26,932202.71
1.96,0.00,0.00,0.00,14.00,497.00,5544.00,1341.00,0.24,934318.41
1.97,0.00,0.00,0.00,14.00,487.00,5547.00,1348.00,0.22,936294.95
1.97,0.00,0.00,0.00,14.00,470.00,5559.00,1353.00,0.20,938279.66
1.98,0.00,0.00,0.00,14.00,457.00,5565.00,1360.00,0.18,940181.68
1.99,0.00,0.00,0.00,14.00,437.00,5577.00,1368.00,0.17,942098.36
1.99,0.00,0.00,0.00,14.00,430.00,5579.00,1373.00,0.15,943878.20
2.00,0.00,0.00,0.00,14.00,417.00,5588.00,1377.00,0.14,945638.26
2.01,0.00,0.00,0.00,14.00,405.00,5597.00,1380.00,0.13,947380.27
2.01,0.00,0.00,0.00,14.00,392.00,5602.00,1388.00,0.12,949045.70
2.02,0.00,0.00,0.00,14.00,377.00,5609.00,1396.00,0.11,950671.28
2.03,0.00,0.00,0.00,14.00,369.00,5609.00,1404.00,0.10,952155.31
2.03,0.00,0.00,0.00,14.00,354.00,5615.00,1413.00,0.09,953600.26
2.04,0.00,0.00,0.00,14.00,345.00,5620.00,1417.00,0.08,954994.50
2.05,0.00,0.00,0.00,14.00,332.00,5625.00,1425.00,0.07,956342.45
2.06,0.00,0.00,0.00,14.00,324.00,5630.00,1428.00,0.07,957648.15
2.06,0.00,0.00,0.00,14.00,314.00,5634.00,1434.00,0.06,958900.24
2.07,0.00,0.00,0.00,14.00,308.00,5633.00,1441.00,0.06,960028.28
2.08,0.00,0.00,0.00,14.00,295.00,5634.00,1453.00,0.05,961073.12
2.08,0.00,0.00,0.00,14.00,289.00,5631.00,1462.00,0.05,961981.91
2.09,0.00,0.00,0.00,14.00,281.00,5629.00,1472.00,0.04,962781.52
2.10,0.00,0.00,0.00,14.00,273.00,5629.00,1480.00,0.04,963511.50
2.10,0.00,0.00,0.00,14.00,264.00,5628.00,1490.00,0.04,964162.89
2.11,0.00,0.00,0.00,14.00,256.00,5628.00,1498.00,0.03,964757.57
2.12,0.00,0.00,0.00,14.00,248.00,5629.00,1505.00,0.03,965315.48
2.12,0.00,0.00,0.00,14.00,243.00,5622.00,1517.00,0.03,965719.65
2.13,0.00,0.00,0.00,14.00,234.00,5620.00,1528.00,0.02,966058.59
2.14,0.00,0.00,0.00,14.00,224.00,5621.00,1537.00,0.02,966383.03
2.15,0.00,0.00,0.00,14.00,220.00,5618.00,1544.00,0.02,966634.15
2.15,0.00,0.00,0.00,14.00,215.00,5617.00,1550.00,0.02,966848.38
2.16,0.00,0.00,0.00,14.00,207.00,5619.00,1556.00,0.02,967074.01
2.17,0.00,0.00,0.00,14.00,201.00,5617.00,1564.00,0.02,967249.94
2.17,0.00,0.00,0.00,14.00,196.00,5615.00,1571.00,0.01,967380.50
2.18,0.00,0.00,0.00,14.00,191.00,5615.00,1576.00,0.01,967499.70
2.19,0.00,0.00,0.00,14.00,181.00,5611.00,1590.00,0.01,967548.42
2.19,0.00,0.00,0.00,14.00,178.00,5601.00,1603.00,0.01,967442.67
2.20,0.00,0.00,0.00,14.00,171.00,5601.00,1610.00,0.01,967346.13
2.21,0.00,0.00,0.00,14.00,166.00,5600.00,1616.00,0.01,967242.97
2.22,0.00,0.00,0.00,14.00,160.00,5596.00,1626.00,0.01,967088.71
2.22,0.00,0.00,0.00,14.00,154.00,5595.00,1633.00,0.01,966932.85
2.23,0.00,0.00,0.00,14.00,152.00,5591.00,1639.00,0.01,966730.47
2.24,0.00,0.00,0.00,14.00,152.00,5585.00,1645.00,0.01,966455.57
2.24,0.00,0.00,0.00,14.00,151.00,5577.00,1654.00,0.01,966084.43
2.25,0.00,0.00,0.00,14.00,146.00,5577.00,1659.00,0.01,965745.60
2.26,0.00,0.00,0.00,14.00,141.00,5578.00,1663.00,0.00,965451.30
2.26,0.00,0.00,0.00,14.00,136.00,5577.00,1669.00,0.00,965167.61
2.27,0.00,0.00,0.00,14.00,132.00,5574.00,1676.00,0.00,964863.54
2.28,0.00,0.00,0.00,14.00,126.00,5571.00,1685.00,0.00,964540.89
2.28,0.00,0.00,0.00,14.00,123.00,5562.00,1697.00,0.00,964111.12
2.29,0.00,0.00,0.00,14.00,118.00,5561.00,1703.00,0.00,963703.75
2.30,0.00,0.00,0.00,14.00,115.00,5557.00,1710.00,0.00,963271.76
2.31,0.00,0.00,0.00,14.00,109.00,5557.00,1716.00,0.00,962877.39
2.31,0.00,0.00,0.00,14.00,106.00,5552.00,1724.00,0.00,962442.24
2.32,0.00,0.00,0.00,14.00,102.00,5550.00,1730.00,0.00,962014.94
2.33,0.00,0.00,0.00,14.00,99.00,5546.00,1737.00,0.00,961564.75
2.33,0.00,0.00,0.00,14.00,98.00,5538.00,1746.00,0.00,961033.58
2.34,0.00,0.00,0.00,14.00,95.00,5531.00,1756.00,0.00,960443.49
2.35,0.00,0.00,0.00,14.00,94.00,5524.00,1764.00,0.00,959799.63
2.35,0.00,0.00,0.00,14.00,91.00,5515.00,1776.00,0.00,959076.63
2.36,0.00,0.00,0.00,14.00,87.00,5516.00,1779.00,0.00,958431.60
2.37,0.00,0.00,0.00,14.00,85.00,5510.00,1787.00,0.00,957752.60
2.38,0.00,0.00,0.00,14.00,83.00,5504.00,1795.00,0.00,957042.59
2.38,0.00,0.00,0.00,14.00,81.00,5502.00,1799.00,0.00,956364.36
2.39,0.00,0.00,0.00,14.00,78.00,5494.00,1810.00,0.00,955625.00
2.40,0.00,0.00,0.00,14.00,76.00,5489.00,1817.00,0.00,954874.90
2.40,0.00,0.00,0.00,14.00,71.00,5486.00,1825.00,0.00,954145.05
2.41,0.00,0.00,0.00,14.00,68.00,5482.00,1832.00,0.00,953418.66
2.42,0.00,0.00,0.00,14.00,63.00,5479.00,1840.00,0.00,952710.45
2.42,0.00,0.00,0.00,14.00,62.00,5473.00,1847.00,0.00,951973.77
2.43,0.00,0.00,0.00,14.00,60.00,5468.00,1854.00,0.00,951226.12
2.44,0.00,0.00,0.00,14.00,56.00,5461.00,1865.00,0.00,950438.42
2.44,0.00,0.00,0.00,14.00,55.00,5459.00,1868.00,0.00,949689.25
2.45,0.00,0.00,0.00,14.00,54.00,5451.00,1877.00,0.00,948885.14
2.46,0.00,0.00,0.00,14.00,52.00,5447.00,1883.00,0.00,948090.95
2.47,0.00,0.00,0.00,14.00,51.00,5443.00,1888.00,0.00,947305.83
2.47,0.00,0.00,0.00,14.00,51.00,5435.00,1896.00,0.00,946468.88
2.48,0.00,0.00,0.00,14.00,49.00,5432.00,1901.00,0.00,945659.74
2.49,0.00,0.00,0.00,14.00,47.00,5426.00,1909.00,0.00,944830.93
2.49,0.00,0.00,0.00,14.00,46.00,5418.00,1918.00,0.00,943954.09
2.50,0.00,0.00,0.00,14.00,44.00,5408.00,1930.00,0.00,943003.38
2.51,0.00,0.00,0.00,14.00,44.00,5400.00,1938.00,0.00,942015.27
2.51,0.00,0.00,0.00,14.00,42.00,5393.00,1947.00,0.00,941008.03
2.52,0.00,0.00,0.00,14.00,42.00,5391.00,1949.00,0.00,940058.45
2.53,0.00,0.00,0.00,14.00,41.00,5382.00,1959.00,0.00,939056.36
2.53,0.00,0.00,0.00,14.00,41.00,5372.00,1969.00,0.00,937991.29
2.54,0.00,0.00,0.00,14.00,41.00,5367.00,1974.00,0.00,936943.84
2.55,0.00,0.00,0.00,14.00,41.00,5362.00,1979.00,0.00,935912.49
2.56,0.00,0.00,0.00,14.00,37.00,5357.00,1988.00,0.00,934895.83
2.56,0.00,0.00,0.00,14.00,37.00,5351.00,1994.00,0.00,933877.55
2.57,0.00,0.00,0.00,14.00,35.00,5347.00,2000.00,0.00,932887.85
2.58,0.00,0.00,0.00,14.00,34.00,5341.00,2007.00,0.00,931894.19
2.58,0.00,0.00,0.00,14.00,33.00,5334.00,2015.00,0.00,930881.89
2.59,0.00,0.00,0.00,14.00,31.00,5331.00,2020.00,0.00,929912.67
2.60,0.00,0.00,0.00,14.00,31.00,5324.00,2027.00,0.00,928922.69
2.60,0.00,0.00,0.00,14.00,31.00,5319.00,2032.00,0.00,927943.79
2.61,0.00,0.00,0.00,14.00,31.00,5306.00,2045.00,0.00,926854.83
2.62,0.00,0.00,0.00,14.00,30.00,5305.00,2047.00,0.00,925845.67
2.62,0.00,0.00,0.00,14.00,29.00,5298.00,2055.00,0.00,924819.22
2.63,0.00,0.00,0.00,14.00,28.00,5289.00,2065.00,0.00,923746.94
2.64,0.00,0.00,0.00,14.00,27.00,5282.00,2073.00,0.00,922662.87
2.65,0.00,0.00,0.00,14.00,27.00,5274.00,2081.00,0.00,921553.01
2.65,0.00,0.00,0.00,14.00,24.00,5270.00,2088.00,0.00,920479.71
2.66,0.00,0.00,0.00,14.00,24.00,5264.00,2094.00,0.00,919409.72
2.67,0.00,0.00,0.00,14.00,23.00,5260.00,2099.00,0.00,918372.81
2.67,0.00,0.00,0.00,14.00,22.00,5256.00,2104.00,0.00,917366.09
2.68,0.00,0.00,0.00,14.00,21.00,5244.00,2117.00,0.00,916266.76
2.69,0.00,0.00,0.00,14.00,21.00,5235.00,2126.00,0.00,915127.95
2.69,0.00,0.00,0.00,14.00,21.00,5226.00,2135.00,0.00,913953.09
2.70,0.00,0.00,0.00,14.00,20.00,5218.00,2144.00,0.00,912760.35
2.71,0.00,0.00,0.00,14.00,19.00,5217.00,2146.00,0.00,911656.45
2.72,0.00,0.00,0.00,14.00,19.00,5206.00,2157.00,0.00,910483.41
2.72,0.00,0.00,0.00,14.00,19.00,5194.00,2169.00,0.00,909232.24
2.73,0.00,0.00,0.00,14.00,19.00,5188.00,2175.00,0.00,907999.88
2.74,0.00,0.00,0.00,14.00,18.00,5181.00,2183.00,0.00,906769.67
2.74,0.00,0.00,0.00,14.00,17.00,5175.00,2190.00,0.00,905556.44
2.75,0.00,0.00,0.00,14.00,16.00,5170.00,2196.00,0.00,904373.73
2.76,0.00,0.00,0.00,14.00,14.00,5164.00,2204.00,0.00,903203.88
2.76,0.00,0.00,0.00,14.00,13.00,5155.00,2214.00,0.00,902000.68
2.77,0.00,0.00,0.00,14.00,13.00,5147.00,2222.00,0.00,900782.06
2.78,0.00,0.00,0.00,14.00,13.00,5138.00,2231.00,0.00,899534.35
2.78,0.00,0.00,0.00,14.00,13.00,5133.00,2236.00,0.00,898320.17
2.79,0.00,0.00,0.00,14.00,12.00,5130.00,2240.00,0.00,897166.65
2.80,0.00,0.00,0.00,14.00,12.00,5121.00,2249.00,0.00,895978.36
2.81,0.00,0.00,0.00,14.00,12.00,5114.00,2256.00,0.00,894788.38
2.81,0.00,0.00,0.00,14.00,12.00,5107.00,2263.00,0.00,893596.86
2.82,0.00,0.00,0.00,14.00,12.00,5102.00,2268.00,0.00,892433.98
2.83,0.00,0.00,0.00,14.00,11.00,5099.00,2272.00,0.00,891327.28
2.83,0.00,0.00,0.00,14.00,11.00,5095.00,2276.00,0.00,890256.86
2.84,0.00,0.00,0.00,14.00,11.00,5083.00,2288.00,0.00,889099.37
2.85,0.00,0.00,0.00,14.00,11.00,5078.00,2293.00,0.00,887967.56
2.85,0.00,0.00,0.00,14.00,11.00,5070.00,2301.00,0.00,886814.11
2.86,0.00,0.00,0.00,14.00,10.00,5060.00,2312.00,0.00,885610.87
2.87,0.00,0.00,0.00,14.00,10.00,5054.00,2318.00,0.00,884422.26
2.88,0.00,0.00,0.00,14.00,10.00,5046.00,2326.00,0.00,883216.97
2.88,0.00,0.00,0.00,14.00,10.00,5036.00,2336.00,0.00,881966.40
2.89,0.00,0.00,0.00,14.00,10.00,5027.00,2345.00,0.00,880689.52
2.90,0.00,0.00,0.00,14.00,10.00,5018.00,2354.00,0.00,879388.61
2.90,0.00,0.00,0.00,14.00,10.00,5010.00,2362.00,0.00,878080.80
2.91,0.00,0.00,0.00,14.00,9.00,5007.00,2366.00,0.00,876841.79
2.92,0.00,0.00,0.00,14.00,9.00,4997.00,2376.00,0.00,875560.44
2.92,0.00,0.00,0.00,14.00,9.00,4994.00,2379.00,0.00,874345.60
2.93,0.00,0.00,0.00,14.00,8.00,4993.00,2381.00,0.00,873221.52
2.94,0.00,0.00,0.00,14.00,8.00,4987.00,2387.00,0.00,872105.18
2.94,0.00,0.00,0.00,14.00,8.00,4978.00,2396.00,0.00,870950.84
2.95,0.00,0.00,0.00,14.00,8.00,4965.00,2409.00,0.00,869701.71
2.96,0.00,0.00,0.00,14.00,7.00,4955.00,2420.00,0.00,868411.12
2.97,0.00,0.00,0.00,14.00,7.00,4952.00,2423.00,0.00,867187.84
2.97,0.00,0.00,0.00,14.00,7.00,4946.00,2429.00,0.00,865980.94
2.98,0.00,0.00,0.00,14.00,7.00,4939.00,2436.00,0.00,864773.97
2.99,0.00,0.00,0.00,14.00,7.00,4929.00,2446.00,0.00,863521.87
2.99,0.00,0.00,0.00,14.00,7.00,4923.00,2452.00,0.00,862288.66
3.00,0.00,0.00,0.00,14.00,7.00,4913.00,2462.00,0.00,861012.60
3.01,0.00,0.00,0.00,14.00,6.00,4909.00,2467.00,0.00,859787.56
3.01,0.00,0.00,0.00,14.00,6.00,4902.00,2474.00,0.00,858564.02
3.02,0.00,0.00,0.00,14.00,4.00,4898.00,2480.00,0.00,857386.94
3.03,0.00,0.00,0.00,14.00,4.00,4891.00,2487.00,0.00,856207.20
3.03,0.00,0.00,0.00,14.00,4.00,4882.00,2496.00,0.00,854994.97
3.04,0.00,0.00,0.00,14.00,4.00,4873.00,2505.00,0.00,853753.09
3.05,0.00,0.00,0.00,14.00,4.00,4868.00,2510.00,0.00,852544.23
3.06,0.00,0.00,0.00,14.00,4.00,4858.00,2520.00,0.00,851290.40
3.06,0.00,0.00,0.00,14.00,4.00,4849.00,2529.00,0.00,850010.54
3.07,0.00,0.00,0.00,14.00,4.00,4842.00,2536.00,0.00,848736.97
3.08,0.00,0.00,0.00,14.00,4.00,4835.00,2543.00,0.00,847469.13
3.08,0.00,0.00,0.00,14.00,4.00,4830.00,2548.00,0.00,846236.57
3.09,0.00,0.00,0.00,14.00,4.00,4822.00,2556.00,0.00,844991.16
3.10,0.00,0.00,0.00,14.00,3.00,4817.00,2562.00,0.00,843779.07
3.10,0.00,0.00,0.00,14.00,3.00,4808.00,2571.00,0.00,842537.32
3.11,0.00,0.00,0.00,14.00,3.00,4802.00,2577.00,0.00,841313.56
3.12,0.00,0.00,0.00,14.00,3.00,4793.00,2586.00,0.00,840061.15
3.12,0.00,0.00,0.00,14.00,3.00,4789.00,2590.00,0.00,838857.71
3.13,0.00,0.00,0.00,14.00,3.00,4786.00,2593.00,0.00,837713.98
3.14,0.00,0.00,0.00,14.00,3.00,4777.00,2602.00,0.00,836534.64
3.15,0.00,0.00,0.00,14.00,3.00,4769.00,2610.00,0.00,835337.80
3.15,0.00,0.00,0.00,14.00,2.00,4762.00,2618.00,0.00,834140.02
3.16,0.00,0.00,0.00,14.00,2.00,4753.00,2627.00,0.00,832911.33
3.17,0.00,0.00,0.00,14.00,2.00,4749.00,2631.00,0.00,831729.54
3.17,0.00,0.00,0.00,14.00,2.00,4740.00,2640.00,0.00,830515.44
3.18,0.00,0.00,0.00,14.00,1.00,4735.00,2646.00,0.00,829331.95
3.19,0.00,0.00,0.00,14.00,1.00,4721.00,2660.00,0.00,828041.18
3.19,0.00,0.00,0.00,14.00,1.00,4714.00,2667.00,0.00,826757.65
3.20,0.00,0.00,0.00,14.00,1.00,4707.00,2674.00,0.00,825480.73
3.21,0.00,0.00,0.00,14.00,1.00,4701.00,2680.00,0.00,824224.85
3.22,0.00,0.00,0.00,14.00,1.00,4698.00,2683.00,0.00,823033.26
3.22,0.00,0.00,0.00,14.00,1.00,4694.00,2687.00,0.00,821885.34
3.23,0.00,0.00,0.00,14.00,1.00,4685.00,2696.00,0.00,820702.16
3.24,0.00,0.00,0.00,14.00,1.00,4682.00,2699.00,0.00,819576.94
3.24,0.00,0.00,0.00,14.00,1.00,4672.00,2709.00,0.00,818399.48
3.25,0.00,0.00,0.00,14.00,1.00,4668.00,2713.00,0.00,817264.44
3.26,0.00,0.00,0.00,14.00,1.00,4662.00,2719.00,0.00,816138.10
3.26,0.00,0.00,0.00,14.00,1.00,4653.00,2728.00,0.00,814974.64
3.27,0.00,0.00,0.00,14.00,1.00,4644.00,2737.00,0.00,813777.27
3.28,0.00,0.00,0.00,14.00,1.00,4636.00,2745.00,0.00,812563.98
3.28,0.00,0.00,0.00,14.00,1.00,4627.00,2754.00,0.00,811321.13
3.29,0.00,0.00,0.00,14.00,1.00,4621.00,2760.00,0.00,810096.37
3.30,0.00,0.00,0.00,14.00,1.00,4615.00,2766.00,0.00,808888.11
3.31,0.00,0.00,0.00,14.00,1.00,4607.00,2774.00,0.00,807664.88
3.31,0.00,0.00,0.00,14.00,1.00,4598.00,2783.00,0.00,806412.95
3.32,0.00,0.00,0.00,14.00,1.00,4588.00,2793.00,0.00,805119.81
3.33,0.00,0.00,0.00,14.00,1.00,4583.00,2798.00,0.00,803864.15
3.33,0.00,0.00,0.00,14.00,1.00,4575.00,2806.00,0.00,802597.64
3.34,0.00,0.00,0.00,14.00,1.00,4567.00,2814.00,0.00,801321.23
3.35,0.00,0.00,0.00,14.00,1.00,4557.00,2824.00,0.00,800005.74
3.35,0.00,0.00,0.00,14.00,1.00,4550.00,2831.00,0.00,798699.63
3.36,0.00,0.00,0.00,14.00,1.00,4542.00,2839.00,0.00,797387.07
3.37,0.00,0.00,0.00,14.00,1.00,4536.00,2845.00,0.00,796098.66
3.38,0.00,0.00,0.00,14.00,1.00,4531.00,2850.00,0.00,794847.32
3.38,0.00,0.00,0.00,14.00,1.00,4520.00,2861.00,0.00,793539.70
3.39,0.00,0.00,0.00,14.00,1.00,4513.00,2868.00,0.00,792240.77
3.40,0.00,0.00,0.00,14.00,1.00,4504.00,2877.00,0.00,790919.74
3.40,0.00,0.00,0.00,14.00,1.00,4496.00,2885.00,0.00,789593.55
3.41,0.00,0.00,0.00,14.00,1.00,4487.00,2894.00,0.00,788247.64
3.42,0.00,0.00,0.00,14.00,1.00,4478.00,2903.00,0.00,786883.71
3.42,0.00,0.00,0.00,14.00,1.00,4471.00,2910.00,0.00,785533.39
3.43,0.00,0.00,0.00,14.00,1.00,4463.00,2918.00,0.00,784180.47
3.44,0.00,0.00,0.00,14.00,1.00,4451.00,2930.00,0.00,782765.07
3.44,0.00,0.00,0.00,14.00,1.00,4438.00,2943.00,0.00,781277.62
3.45,0.00,0.00,0.00,14.00,1.00,4432.00,2949.00,0.00,779829.55
3.46,0.00,0.00,0.00,14.00,1.00,4426.00,2955.00,0.00,778417.44
3.47,0.00,0.00,0.00,14.00,1.00,4421.00,2960.00,0.00,777053.17
3.47,0.00,0.00,0.00,14.00,1.00,4415.00,2966.00,0.00,775717.56
3.48,0.00,0.00,0.00,14.00,1.00,4409.00,2972.00,0.00,774408.10
3.49,0.00,0.00,0.00,14.00,1.00,4402.00,2979.00,0.00,773107.51
3.49,0.00,0.00,0.00,14.00,1.00,4388.00,2993.00,0.00,771709.85
3.50,0.00,0.00,0.00,14.00,1.00,4381.00,3000.00,0.00,770328.72
3.51,0.00,0.00,0.00,14.00,1.00,4375.00,3006.00,0.00,768977.72
3.51,0.00,0.00,0.00,14.00,1.00,4366.00,3015.00,0.00,767609.16
3.52,0.00,0.00,0.00,14.00,1.00,4361.00,3020.00,0.00,766284.64
3.53,0.00,0.00,0.00,14.00,1.00,4352.00,3029.00,0.00,764940.25
3.53,0.00,0.00,0.00,14.00,1.00,4341.00,3040.00,0.00,763547.68
3.54,0.00,0.00,0.00,14.00,1.00,4330.00,3051.00,0.00,762111.10
3.55,0.00,0.00,0.00,14.00,1.00,4322.00,3059.00,0.00,760679.43
3.56,0.00,0.00,0.00,14.00,1.00,4316.00,3065.00,0.00,759282.29
3.56,0.00,0.00,0.00,14.00,1.00,4308.00,3073.00,0.00,757886.62
3.57,0.00,0.00,0.00,14.00,1.00,4295.00,3086.00,0.00,756417.18
3.58,0.00,0.00,0.00,14.00,1.00,4284.00,3097.00,0.00,754910.44
3.58,0.00,0.00,0.00,14.00,1.00,4268.00,3113.00,0.00,753294.53
3.59,0.00,0.00,0.00,14.00,1.00,4264.00,3117.00,0.00,751759.23
3.60,0.00,0.00,0.00,14.00,1.00,4255.00,3126.00,0.00,750222.41
3.60,0.00,0.00,0.00,14.00,1.00,4248.00,3133.00,0.00,748714.25
3.61,0.00,0.00,0.00,14.00,1.00,4240.00,3141.00,0.00,747217.24
3.62,0.00,0.00,0.00,14.00,1.00,4239.00,3142.00,0.00,745835.55
3.62,0.00,0.00,0.00,14.00,1.00,4233.00,3148.00,0.00,744484.03
3.63,0.00,0.00,0.00,14.00,1.00,4223.00,3158.00,0.00,743099.97
3.64,0.00,0.00,0.00,14.00,1.00,4215.00,3166.00,0.00,741716.24
3.65,0.00,0.00,0.00,14.00,1.00,4204.00,3177.00,0.00,740287.75
3.65,0.00,0.00,0.00,14.00,1.00,4197.00,3184.00,0.00,738878.48
3.66,0.00,0.00,0.00,14.00,1.00,4190.00,3191.00,0.00,737486.77
3.67,0.00,0.00,0.00,14.00,1.00,4184.00,3197.00,0.00,736126.10
3.67,0.00,0.00,0.00,14.00,1.00,4176.00,3205.00,0.00,734763.72
3.68,0.00,0.00,0.00,14.00,1.00,4167.00,3214.00,0.00,733384.77
3.69,0.00,0.00,0.00,14.00,1.00,4161.00,3220.00,0.00,732035.76
3.69,0.00,0.00,0.00,14.00,1.00,4157.00,3224.00,0.00,730744.11
3.70,0.00,0.00,0.00,14.00,1.00,4152.00,3229.00,0.00,729489.83
3.71,0.00,0.00,0.00,14.00,0.00,4148.00,3234.00,0.00,728284.67
3.72,0.00,0.00,0.00,14.00,0.00,4141.00,3241.00,0.00,727079.29
3.72,0.00,0.00,0.00,14.00,0.00,4135.00,3247.00,0.00,725888.73
3.73,0.00,0.00,0.00,14.00,0.00,4129.00,3253.00,0.00,724711.70
3.74,0.00,0.00,0.00,14.00,0.00,4123.00,3259.00,0.00,723547.02
3.74,0.00,0.00,0.00,14.00,0.00,4113.00,3269.00,0.00,722333.53
3.75,0.00,0.00,0.00,14.00,0.00,4103.00,3279.00,0.00,721075.47
3.76,0.00,0.00,0.00,14.00,0.00,4099.00,3283.00,0.00,719866.86
3.76,0.00,0.00,0.00,14.00,0.00,4091.00,3291.00,0.00,718643.31
3.77,0.00,0.00,0.00,14.00,0.00,4081.00,3301.00,0.00,717376.08
3.78,0.00,0.00,0.00,14.00,0.00,4074.00,3308.00,0.00,716114.02
3.78,0.00,0.00,0.00,14.00,0.00,4067.00,3315.00,0.00,714856.70
3.79,0.00,0.00,0.00,14.00,0.00,4056.00,3326.00,0.00,713543.61
3.80,0.00,0.00,0.00,14.00,0.00,4051.00,3331.00,0.00,712269.74
3.81,0.00,0.00,0.00,14.00,0.00,4045.00,3337.00,0.00,711016.65
3.81,0.00,0.00,0.00,14.00,0.00,4038.00,3344.00,0.00,709767.52
3.82,0.00,0.00,0.00,14.00,0.00,4031.00,3351.00,0.00,708521.99
3.83,0.00,0.00,0.00,14.00,0.00,4022.00,3360.00,0.00,707249.71
3.83,0.00,0.00,0.00,14.00,0.00,4013.00,3369.00,0.00,705953.01
3.84,0.00,0.00,0.00,14.00,0.00,4006.00,3376.00,0.00,704664.06
3.85,0.00,0.00,0.00,14.00,0.00,4000.00,3382.00,0.00,703397.21
3.85,0.00,0.00,0.00,14.00,0.00,3994.00,3388.00,0.00,702150.53
3.86,0.00,0.00,0.00,14.00,0.00,3987.00,3395.00,0.00,700907.24
3.87,0.00,0.00,0.00,14.00,0.00,3974.00,3408.00,0.00,699576.92
3.88,0.00,0.00,0.00,14.00,0.00,3966.00,3416.00,0.00,698242.24
3.88,0.00,0.00,0.00,14.00,0.00,3954.00,3428.00,0.00,696843.51
3.89,0.00,0.00,0.00,14.00,0.00,3948.00,3434.00,0.00,695476.44
3.90,0.00,0.00,0.00,14.00,0.00,3938.00,3444.00,0.00,694078.17
3.90,0.00,0.00,0.00,14.00,0.00,3928.00,3454.00,0.00,692651.43
3.91,0.00,0.00,0.00,14.00,0.00,3920.00,3462.00,0.00,691228.74
3.92,0.00,0.00,0.00,14.00,0.00,3909.00,3473.00,0.00,689764.68
3.92,0.00,0.00,0.00,14.00,0.00,3902.00,3480.00,0.00,688322.93
3.93,0.00,0.00,0.00,14.00,0.00,3894.00,3488.00,0.00,686886.55
3.94,0.00,0.00,0.00,14.00,0.00,3887.00,3495.00,0.00,685470.08
3.94,0.00,0.00,0.00,14.00,0.00,3875.00,3507.00,0.00,683996.67
3.95,0.00,0.00,0.00,14.00,0.00,3870.00,3512.00,0.00,682576.44
3.96,0.00,0.00,0.00,14.00,0.00,3866.00,3516.00,0.00,681219.79
3.97,0.00,0.00,0.00,14.00,0.00,3858.00,3524.00,0.00,679861.09
3.97,0.00,0.00,0.00,14.00,0.00,3857.00,3525.00,0.00,678605.67
3.98,0.00,0.00,0.00,14.00,0.00,3848.00,3534.00,0.00,677324.37
3.99,0.00,0.00,0.00,14.00,0.00,3843.00,3539.00,0.00,676079.51
3.99,0.00,0.00,0.00,14.00,0.00,3833.00,3549.00,0.00,674792.83
4.00,0.00,0.00,0.00,14.00,0.00,3824.00,3558.00,0.00,673482.97
4.01,0.00,0.00,0.00,14.00,0.00,3816.00,3566.00,0.00,672166.99
4.01,0.00,0.00,0.00,14.00,0.00,3813.00,3569.00,0.00,670920.53
4.02,0.00,0.00,0.00,14.00,0.00,3806.00,3576.00,0.00,669677.44
4.03,0.00,0.00,0.00,14.00,0.00,3797.00,3585.00,0.00,668407.39
4.03,0.00,0.00,0.00,14.00,0.00,3793.00,3589.00,0.00,667187.84
4.04,0.00,0.00,0.00,14.00,0.00,3781.00,3601.00,0.00,665894.20
4.05,0.00,0.00,0.00,14.00,0.00,3771.00,3611.00,0.00,664562.98
4.06,0.00,0.00,0.00,14.00,0.00,3766.00,3616.00,0.00,663272.56
4.06,0.00,0.00,0.00,14.00,0.00,3760.00,3622.00,0.00,662004.36
4.07,0.00,0.00,0.00,14.00,0.00,3746.00,3636.00,0.00,660636.27
4.08,0.00,0.00,0.00,14.00,0.00,3742.00,3640.00,0.00,659327.21
4.08,0.00,0.00,0.00,14.00,0.00,3738.00,3644.00,0.00,658072.05
4.09,0.00,0.00,0.00,14.00,0.00,3732.00,3650.00,0.00,656836.05
4.10,0.00,0.00,0.00,14.00,0.00,3721.00,3661.00,0.00,655542.42
4.10,0.00,0.00,0.00,14.00,0.00,3716.00,3666.00,0.00,654286.32
4.11,0.00,0.00,0.00,14.00,0.00,3711.00,3671.00,0.00,653064.47
4.12,0.00,0.00,0.00,14.00,0.00,3704.00,3678.00,0.00,651843.86
4.12,0.00,0.00,0.00,14.00,0.00,3693.00,3689.00,0.00,650564.28
4.13,0.00,0.00,0.00,14.00,0.00,3686.00,3696.00,0.00,649290.96
4.14,0.00,0.00,0.00,14.00,0.00,3682.00,3700.00,0.00,648068.42
4.15,0.00,0.00,0.00,14.00,0.00,3672.00,3710.00,0.00,646802.11
4.15,0.00,0.00,0.00,14.00,0.00,3664.00,3718.00,0.00,645525.87
4.16,0.00,0.00,0.00,14.00,0.00,3658.00,3724.00,0.00,644270.63
4.17,0.00,0.00,0.00,14.00,0.00,3654.00,3728.00,0.00,643064.60
4.17,0.00,0.00,0.00,14.00,0.00,3646.00,3736.00,0.00,641843.39
4.18,0.00,0.00,0.00,14.00,0.00,3639.00,3743.00,0.00,640623.37
4.19,0.00,0.00,0.00,14.00,0.00,3626.00,3756.00,0.00,639314.27
4.19,0.00,0.00,0.00,14.00,0.00,3621.00,3761.00,0.00,638044.06
4.20,0.00,0.00,0.00,14.00,0.00,3612.00,3770.00,0.00,636749.24
4.21,0.00,0.00,0.00,14.00,0.00,3607.00,3775.00,0.00,635492.05
4.22,0.00,0.00,0.00,14.00,0.00,3603.00,3779.00,0.00,634284.24
4.22,0.00,0.00,0.00,14.00,0.00,3597.00,3785.00,0.00,633091.46
4.23,0.00,0.00,0.00,14.00,0.00,3587.00,3795.00,0.00,631852.32
4.24,0.00,0.00,0.00,14.00,0.00,3578.00,3804.00,0.00,630585.86
4.24,0.00,0.00,0.00,14.00,0.00,3576.00,3806.00,0.00,629399.64
4.25,0.00,0.00,0.00,14.00,0.00,3571.00,3811.00,0.00,628241.59
4.26,0.00,0.00,0.00,14.00,0.00,3562.00,3820.00,0.00,627049.18
4.26,0.00,0.00,0.00,14.00,0.00,3557.00,3825.00,0.00,625885.48
4.27,0.00,0.00,0.00,14.00,0.00,3551.00,3831.00,0.00,624732.97
4.28,0.00,0.00,0.00,14.00,0.00,3545.00,3837.00,0.00,623590.67
4.28,0.00,0.00,0.00,14.00,0.00,3536.00,3846.00,0.00,622412.64
4.29,0.00,0.00,0.00,14.00,0.00,3526.00,3856.00,0.00,621186.95
4.30,0.00,0.00,0.00,14.00,0.00,3520.00,3862.00,0.00,619977.86
4.31,0.00,0.00,0.00,14.00,0.00,3514.00,3868.00,0.00,618783.90
4.31,0.00,0.00,0.00,14.00,0.00,3508.00,3874.00,0.00,617603.78
4.32,0.00,0.00,0.00,14.00,0.00,3495.00,3887.00,0.00,616331.11
4.33,0.00,0.00,0.00,14.00,0.00,3492.00,3890.00,0.00,615124.19
4.33,0.00,0.00,0.00,14.00,0.00,3489.00,3893.00,0.00,613977.30
4.34,0.00,0.00,0.00,14.00,0.00,3480.00,3902.00,0.00,612795.06
4.35,0.00,0.00,0.00,14.00,0.00,3475.00,3907.00,0.00,611640.66
4.35,0.00,0.00,0.00,14.00,0.00,3470.00,3912.00,0.00,610511.66
4.36,0.00,0.00,0.00,14.00,0.00,3464.00,3918.00,0.00,609390.83
4.37,0.00,0.00,0.00,14.00,0.00,3457.00,3925.00,0.00,608262.43
4.38,0.00,0.00,0.00,14.00,0.00,3448.00,3934.00,0.00,607097.08
4.38,0.00,0.00,0.00,14.00,0.00,3440.00,3942.00,0.00,605913.03
4.39,0.00,0.00,0.00,14.00,0.00,3430.00,3952.00,0.00,604681.84
4.40,0.00,0.00,0.00,14.00,0.00,3422.00,3960.00,0.00,603437.68
4.40,0.00,0.00,0.00,14.00,0.00,3415.00,3967.00,0.00,602196.69
4.41,0.00,0.00,0.00,14.00,0.00,3412.00,3970.00,0.00,601018.69
4.42,0.00,0.00,0.00,14.00,0.00,3402.00,3980.00,0.00,599793.04
4.42,0.00,0.00,0.00,14.00,0.00,3396.00,3986.00,0.00,598583.97
4.43,0.00,0.00,0.00,14.00,0.00,3391.00,3991.00,0.00,597405.07
4.44,0.00,0.00,0.00,14.00,0.00,3386.00,3996.00,0.00,596253.70
4.44,0.00,0.00,0.00,14.00,0.00,3377.00,4005.00,0.00,595067.39
4.45,0.00,0.00,0.00,14.00,0.00,3368.00,4014.00,0.00,593849.16
4.46,0.00,0.00,0.00,14.00,0.00,3364.00,4018.00,0.00,592676.92
4.47,0.00,0.00,0.00,14.00,0.00,3356.00,4026.00,0.00,591486.57
4.47,0.00,0.00,0.00,14.00,0.00,3346.00,4036.00,0.00,590249.64
4.48,0.00,0.00,0.00,14.00,0.00,3335.00,4047.00,0.00,588955.17
4.49,0.00,0.00,0.00,14.00,0.00,3331.00,4051.00,0.00,587713.32
4.49,0.00,0.00,0.00,14.00,0.00,3326.00,4056.00,0.00,586504.48
4.50,0.00,0.00,0.00,14.00,0.00,3317.00,4065.00,0.00,585265.70
4.51,0.00,0.00,0.00,14.00,0.00,3312.00,4070.00,0.00,584059.68
4.51,0.00,0.00,0.00,14.00,0.00,3305.00,4077.00,0.00,582853.50
4.52,0.00,0.00,0.00,14.00,0.00,3299.00,4083.00,0.00,581662.22
4.53,0.00,0.00,0.00,14.00,0.00,3286.00,4096.00,0.00,580379.37
4.53,0.00,0.00,0.00,14.00,0.00,3276.00,4106.00,0.00,579057.99
4.54,0.00,0.00,0.00,14.00,0.00,3268.00,4114.00,0.00,577731.49
4.55,0.00,0.00,0.00,14.00,0.00,3263.00,4119.00,0.00,576445.38
4.56,0.00,0.00,0.00,14.00,0.00,3256.00,4126.00,0.00,575166.09
4.56,0.00,0.00,0.00,14.00,0.00,3246.00,4136.00,0.00,573847.97
4.57,0.00,0.00,0.00,14.00,0.00,3237.00,4145.00,0.00,572509.42
4.58,0.00,0.00,0.00,14.00,0.00,3230.00,4152.00,0.00,571182.27
4.58,0.00,0.00,0.00,14.00,0.00,3226.00,4156.00,0.00,569910.58
4.59,0.00,0.00,0.00,14.00,0.00,3222.00,4160.00,0.00,568689.53
4.60,0.00,0.00,0.00,14.00,0.00,3214.00,4168.00,0.00,567454.63
4.60,0.00,0.00,0.00,14.00,0.00,3211.00,4171.00,0.00,566282.18
4.61,0.00,0.00,0.00,14.00,0.00,3208.00,4174.00,0.00,565166.76
4.62,0.00,0.00,0.00,14.00,0.00,3199.00,4183.00,0.00,564013.26
4.62,0.00,0.00,0.00,14.00,0.00,3191.00,4191.00,0.00,562840.01
4.63,0.00,0.00,0.00,14.00,0.00,3182.00,4200.00,0.00,561633.72
4.64,0.00,0.00,0.00,14.00,0.00,3179.00,4203.00,0.00,560487.39
4.65,0.00,0.00,0.00,14.00,0.00,3171.00,4211.00,0.00,559320.70
4.65,0.00,0.00,0.00,14.00,0.00,3165.00,4217.00,0.00,558165.46
4.66,0.00,0.00,0.00,14.00,0.00,3160.00,4222.00,0.00,557035.70
4.67,0.00,0.00,0.00,14.00,0.00,3150.00,4232.00,0.00,555854.09
4.67,0.00,0.00,0.00,14.00,0.00,3145.00,4237.00,0.00,554700.24
4.68,0.00,0.00,0.00,14.00,0.00,3135.00,4247.00,0.00,553496.64
4.69,0.00,0.00,0.00,14.00,0.00,3128.00,4254.00,0.00,552292.68
4.69,0.00,0.00,0.00,14.00,0.00,3124.00,4258.00,0.00,551133.47
4.70,0.00,0.00,0.00,14.00,0.00,3118.00,4264.00,0.00,549985.05
4.71,0.00,0.00,0.00,14.00,0.00,3111.00,4271.00,0.00,548831.48
4.72,0.00,0.00,0.00,14.00,0.00,3104.00,4278.00,0.00,547673.19
4.72,0.00,0.00,0.00,14.00,0.00,3096.00,4286.00,0.00,546495.57
4.73,0.00,0.00,0.00,14.00,0.00,3091.00,4291.00,0.00,545345.39
4.74,0.00,0.00,0.00,14.00,0.00,3086.00,4296.00,0.00,544220.24
4.74,0.00,0.00,0.00,14.00,0.00,3078.00,4304.00,0.00,543072.87
4.75,0.00,0.00,0.00,14.00,0.00,3071.00,4311.00,0.00,541920.26
4.76,0.00,0.00,0.00,14.00,0.00,3066.00,4316.00,0.00,540792.89
4.76,0.00,0.00,0.00,14.00,0.00,3060.00,4322.00,0.00,539673.55
4.77,0.00,0.00,0.00,14.00,0.00,3053.00,4329.00,0.00,538546.52
4.78,0.00,0.00,0.00,14.00,0.00,3043.00,4339.00,0.00,537367.39
4.78,0.00,0.00,0.00,14.00,0.00,3033.00,4349.00,0.00,536140.71
4.79,0.00,0.00,0.00,14.00,0.00,3024.00,4358.00,0.00,534885.63
4.80,0.00,0.00,0.00,14.00,0.00,3018.00,4364.00,0.00,533649.70
4.81,0.00,0.00,0.00,14.00,0.00,3013.00,4369.00,0.00,532446.28
4.81,0.00,0.00,0.00,14.00,0.00,3004.00,4378.00,0.00,531212.43
4.82,0.00,0.00,0.00,14.00,0.00,2999.00,4383.00,0.00,530010.91
4.83,0.00,0.00,0.00,14.00,0.00,2994.00,4388.00,0.00,528838.90
4.83,0.00,0.00,0.00,14.00,0.00,2984.00,4398.00,0.00,527618.71
4.84,0.00,0.00,0.00,14.00,0.00,2978.00,4404.00,0.00,526414.63
4.85,0.00,0.00,0.00,14.00,0.00,2963.00,4419.00,0.00,525090.05
4.85,0.00,0.00,0.00,14.00,0.00,2956.00,4426.00,0.00,523775.65
4.86,0.00,0.00,0.00,14.00,0.00,2948.00,4434.00,0.00,522455.52
4.87,0.00,0.00,0.00,14.00,0.00,2939.00,4443.00,0.00,521115.12
4.88,0.00,0.00,0.00,14.00,0.00,2933.00,4449.00,0.00,519801.31
4.88,0.00,0.00,0.00,14.00,0.00,2923.00,4459.00,0.00,518451.67
4.89,0.00,0.00,0.00,14.00,0.00,2915.00,4467.00,0.00,517099.36
4.90,0.00,0.00,0.00,14.00,0.00,2906.00,4476.00,0.00,515729.60
4.90,0.00,0.00,0.00,14.00,0.00,2898.00,4484.00,0.00,514358.93
4.91,0.00,0.00,0.00,14.00,0.00,2890.00,4492.00,0.00,512987.42
4.92,0.00,0.00,0.00,14.00,0.00,2886.00,4496.00,0.00,511675.25
4.92,0.00,0.00,0.00,14.00,0.00,2876.00,4506.00,0.00,510327.11
4.93,0.00,0.00,0.00,14.00,0.00,2867.00,4515.00,0.00,508961.14
4.94,0.00,0.00,0.00,14.00,0.00,2861.00,4521.00,0.00,507623.99
4.94,0.00,0.00,0.00,14.00,0.00,2853.00,4529.00,0.00,506283.08
4.95,0.00,0.00,0.00,14.00,0.00,2844.00,4538.00,0.00,504923.72
4.96,0.00,0.00,0.00,14.00,0.00,2832.00,4550.00,0.00,503502.46
4.97,0.00,0.00,0.00,14.00,0.00,2826.00,4556.00,0.00,502114.81
4.97,0.00,0.00,0.00,14.00,0.00,2822.00,4560.00,0.00,500787.90
4.98,0.00,0.00,0.00,14.00,0.00,2811.00,4571.00,0.00,499411.28
4.99,0.00,0.00,0.00,14.00,0.00,2804.00,4578.00,0.00,498049.37
4.99,0.00,0.00,0.00,14.00,0.00,2793.00,4589.00,0.00,496640.79
5.00,0.00,0.00,0.00,14.00,0.00,2784.00,4598.00,0.00,495219.66
5.01,0.00,0.00,0.00,14.00,0.00,2777.00,4605.00,0.00,493817.12
5.01,0.00,0.00,0.00,14.00,0.00,2769.00,4613.00,0.00,492416.51
5.02,0.00,0.00,0.00,14.00,0.00,2763.00,4619.00,0.00,491047.73
5.03,0.00,0.00,0.00,14.00,0.00,2755.00,4627.00,0.00,489677.95
5.03,0.00,0.00,0.00,14.00,0.00,2752.00,4630.00,0.00,488382.38
5.04,0.00,0.00,0.00,14.00,0.00,2744.00,4638.00,0.00,487079.43
5.05,0.00,0.00,0.00,14.00,0.00,2737.00,4645.00,0.00,485784.78
5.06,0.00,0.00,0.00,14.00,0.00,2729.00,4653.00,0.00,484482.67
5.06,0.00,0.00,0.00,14.00,0.00,2718.00,4664.00,0.00,483128.70
5.07,0.00,0.00,0.00,14.00,0.00,2707.00,4675.00,0.00,481727.37
5.08,0.00,0.00,0.00,14.00,0.00,2698.00,4684.00,0.00,480312.85
5.08,0.00,0.00,0.00,14.00,0.00,2685.00,4697.00,0.00,478826.20
5.09,0.00,0.00,0.00,14.00,0.00,2676.00,4706.00,0.00,477333.79
5.10,0.00,0.00,0.00,14.00,0.00,2667.00,4715.00,0.00,475836.14
5.10,0.00,0.00,0.00,14.00,0.00,2660.00,4722.00,0.00,474363.72
5.11,0.00,0.00,0.00,14.00,0.00,2652.00,4730.00,0.00,472899.34
5.12,0.00,0.00,0.00,14.00,0.00,2650.00,4732.00,0.00,471532.42
5.12,0.00,0.00,0.00,14.00,0.00,2643.00,4739.00,0.00,470179.37
5.13,0.00,0.00,0.00,14.00,0.00,2632.00,4750.00,0.00,468778.88
5.14,0.00,0.00,0.00,14.00,0.00,2625.00,4757.00,0.00,467395.17
5.15,0.00,0.00,0.00,14.00,0.00,2618.00,4764.00,0.00,466026.80
5.15,0.00,0.00,0.00,14.00,0.00,2616.00,4766.00,0.00,464747.53
5.16,0.00,0.00,0.00,14.00,0.00,2608.00,4774.00,0.00,463459.46
5.17,0.00,0.00,0.00,14.00,0.00,2600.00,4782.00,0.00,462163.38
5.17,0.00,0.00,0.00,14.00,0.00,2591.00,4791.00,0.00,460844.94
5.18,0.00,0.00,0.00,14.00,0.00,2587.00,4795.00,0.00,459581.21
5.19,0.00,0.00,0.00,14.00,0.00,2575.00,4807.00,0.00,458247.25
5.19,0.00,0.00,0.00,14.00,0.00,2570.00,4812.00,0.00,456954.33
5.20,0.00,0.00,0.00,14.00,0.00,2561.00,4821.00,0.00,455638.78
5.21,0.00,0.00,0.00,14.00,0.00,2554.00,4828.00,0.00,454332.63
5.22,0.00,0.00,0.00,14.00,0.00,2547.00,4835.00,0.00,453035.04
5.22,0.00,0.00,0.00,14.00,0.00,2536.00,4846.00,0.00,451685.19
5.23,0.00,0.00,0.00,14.00,0.00,2530.00,4852.00,0.00,450362.74
5.24,0.00,0.00,0.00,14.00,0.00,2523.00,4859.00,0.00,449050.29
5.24,0.00,0.00,0.00,14.00,0.00,2517.00,4865.00,0.00,447761.97
5.25,0.00,0.00,0.00,14.00,0.00,2511.00,4871.00,0.00,446495.70
5.26,0.00,0.00,0.00,14.00,0.00,2505.00,4877.00,0.00,445249.56
5.26,0.00,0.00,0.00,14.00,0.00,2496.00,4886.00,0.00,443976.71
5.27,0.00,0.00,0.00,14.00,0.00,2488.00,4894.00,0.00,442694.51
5.28,0.00,0.00,0.00,14.00,0.00,2483.00,4899.00,0.00,441448.85
5.28,0.00,0.00,0.00,14.00,0.00,2476.00,4906.00,0.00,440206.49
5.29,0.00,0.00,0.00,14.00,0.00,2470.00,4912.00,0.00,438982.18
5.30,0.00,0.00,0.00,14.00,0.00,2464.00,4918.00,0.00,437774.33
5.31,0.00,0.00,0.00,14.00,0.00,2461.00,4921.00,0.00,436626.59
5.31,0.00,0.00,0.00,14.00,0.00,2453.00,4929.00,0.00,435458.60
5.32,0.00,0.00,0.00,14.00,0.00,2447.00,4935.00,0.00,434302.18
5.33,0.00,0.00,0.00,14.00,0.00,2435.00,4947.00,0.00,433066.18
5.33,0.00,0.00,0.00,14.00,0.00,2429.00,4953.00,0.00,431847.66
5.34,0.00,0.00,0.00,14.00,0.00,2422.00,4960.00,0.00,430630.09
5.35,0.00,0.00,0.00,14.00,0.00,2416.00,4966.00,0.00,429428.40
5.35,0.00,0.00,0.00,14.00,0.00,2410.00,4972.00,0.00,428241.21
5.36,0.00,0.00,0.00,14.00,0.00,2398.00,4984.00,0.00,426977.12
5.37,0.00,0.00,0.00,14.00,0.00,2397.00,4985.00,0.00,425808.07
5.38,0.00,0.00,0.00,14.00,0.00,2388.00,4994.00,0.00,424605.62
5.38,0.00,0.00,0.00,14.00,0.00,2383.00,4999.00,0.00,423432.75
5.39,0.00,0.00,0.00,14.00,0.00,2377.00,5005.00,0.00,422271.87
5.40,0.00,0.00,0.00,14.00,0.00,2373.00,5009.00,0.00,421151.99
5.40,0.00,0.00,0.00,14.00,0.00,2361.00,5021.00,0.00,419949.34
5.41,0.00,0.00,0.00,14.00,0.00,2355.00,5027.00,0.00,418761.28
5.42,0.00,0.00,0.00,14.00,0.00,2346.00,5036.00,0.00,417541.46
5.42,0.00,0.00,0.00,14.00,0.00,2343.00,5039.00,0.00,416382.79
5.43,0.00,0.00,0.00,14.00,0.00,2333.00,5049.00,0.00,415174.78
5.44,0.00,0.00,0.00,14.00,0.00,2324.00,5058.00,0.00,413936.75
5.44,0.00,0.00,0.00,14.00,0.00,2311.00,5071.00,0.00,412611.22
5.45,0.00,0.00,0.00,14.00,0.00,2301.00,5081.00,0.00,411250.88
5.46,0.00,0.00,0.00,14.00,0.00,2292.00,5090.00,0.00,409873.79
5.47,0.00,0.00,0.00,14.00,0.00,2283.00,5099.00,0.00,408481.40
5.47,0.00,0.00,0.00,14.00,0.00,2277.00,5105.00,0.00,407120.11
5.48,0.00,0.00,0.00,14.00,0.00,2270.00,5112.00,0.00,405772.20
5.49,0.00,0.00,0.00,14.00,0.00,2265.00,5117.00,0.00,404466.55
5.49,0.00,0.00,0.00,14.00,0.00,2260.00,5122.00,0.00,403199.47
5.50,0.00,0.00,0.00,14.00,0.00,2255.00,5127.00,0.00,401967.60
5.51,0.00,0.00,0.00,14.00,0.00,2246.00,5136.00,0.00,400707.80
5.51,0.00,0.00,0.00,14.00,0.00,2238.00,5144.00,0.00,399437.51
5.52,0.00,0.00,0.00,14.00,0.00,2231.00,5151.00,0.00,398172.66
5.53,0.00,0.00,0.00,14.00,0.00,2225.00,5157.00,0.00,396927.82
5.53,0.00,0.00,0.00,14.00,0.00,2219.00,5163.00,0.00,395701.23
5.54,0.00,0.00,0.00,14.00,0.00,2213.00,5169.00,0.00,394491.32
5.55,0.00,0.00,0.00,14.00,0.00,2208.00,5174.00,0.00,393311.64
5.56,0.00,0.00,0.00,14.00,0.00,2199.00,5183.00,0.00,392099.47
5.56,0.00,0.00,0.00,14.00,0.00,2193.00,5189.00,0.00,390902.72
5.57,0.00,0.00,0.00,14.00,0.00,2188.00,5194.00,0.00,389735.06
5.58,0.00,0.00,0.00,14.00,0.00,2181.00,5201.00,0.00,388563.91
5.58,0.00,0.00,0.00,14.00,0.00,2171.00,5211.00,0.00,387344.51
5.59,0.00,0.00,0.00,14.00,0.00,2165.00,5217.00,0.00,386141.15
5.60,0.00,0.00,0.00,14.00,0.00,2160.00,5222.00,0.00,384967.46
5.60,0.00,0.00,0.00,14.00,0.00,2156.00,5226.00,0.00,383835.88
5.61,0.00,0.00,0.00,14.00,0.00,2148.00,5234.00,0.00,382682.65
5.62,0.00,0.00,0.00,14.00,0.00,2142.00,5240.00,0.00,381539.69
5.62,0.00,0.00,0.00,14.00,0.00,2134.00,5248.00,0.00,380376.08
5.63,0.00,0.00,0.00,14.00,0.00,2127.00,5255.00,0.00,379208.63
5.64,0.00,0.00,0.00,14.00,0.00,2118.00,5264.00,0.00,378007.62
5.65,0.00,0.00,0.00,14.00,0.00,2114.00,5268.00,0.00,376851.10
5.65,0.00,0.00,0.00,14.00,0.00,2110.00,5272.00,0.00,375735.20
5.66,0.00,0.00,0.00,14.00,0.00,2107.00,5275.00,0.00,374671.39
5.67,0.00,0.00,0.00,14.00,0.00,2098.00,5284.00,0.00,373565.01
5.67,0.00,0.00,0.00,14.00,0.00,2090.00,5292.00,0.00,372434.78
5.68,0.00,0.00,0.00,14.00,0.00,2078.00,5304.00,0.00,371222.69
5.69,0.00,0.00,0.00,14.00,0.00,2072.00,5310.00,0.00,370026.01
5.69,0.00,0.00,0.00,14.00,0.00,2065.00,5317.00,0.00,368828.36
5.70,0.00,0.00,0.00,14.00,0.00,2059.00,5323.00,0.00,367644.87
5.71,0.00,0.00,0.00,14.00,0.00,2050.00,5332.00,0.00,366429.22
5.72,0.00,0.00,0.00,14.00,0.00,2044.00,5338.00,0.00,365229.28
5.72,0.00,0.00,0.00,14.00,0.00,2038.00,5344.00,0.00,364043.69
5.73,0.00,0.00,0.00,14.00,0.00,2028.00,5354.00,0.00,362811.11
5.74,0.00,0.00,0.00,14.00,0.00,2021.00,5361.00,0.00,361580.69
5.74,0.00,0.00,0.00,14.00,0.00,2010.00,5372.00,0.00,360292.16
5.75,0.00,0.00,0.00,14.00,0.00,2005.00,5377.00,0.00,359040.71
5.76,0.00,0.00,0.00,14.00,0.00,1999.00,5383.00,0.00,357808.10
5.76,0.00,0.00,0.00,14.00,0.00,1993.00,5389.00,0.00,356592.68
5.77,0.00,0.00,0.00,14.00,0.00,1982.00,5400.00,0.00,355317.83
5.78,0.00,0.00,0.00,14.00,0.00,1977.00,5405.00,0.00,354078.88
5.78,0.00,0.00,0.00,14.00,0.00,1974.00,5408.00,0.00,352902.75
5.79,0.00,0.00,0.00,14.00,0.00,1967.00,5415.00,0.00,351723.86
5.80,0.00,0.00,0.00,14.00,0.00,1963.00,5419.00,0.00,350587.54
5.81,0.00,0.00,0.00,14.00,0.00,1957.00,5425.00,0.00,349460.02
5.81,0.00,0.00,0.00,14.00,0.00,1950.00,5432.00,0.00,348325.52
5.82,0.00,0.00,0.00,14.00,0.00,1947.00,5435.00,0.00,347244.74
5.83,0.00,0.00,0.00,14.00,0.00,1940.00,5442.00,0.00,346152.91
5.83,0.00,0.00,0.00,14.00,0.00,1934.00,5448.00,0.00,345066.01
5.84,0.00,0.00,0.00,14.00,0.00,1923.00,5459.00,0.00,343908.50
5.85,0.00,0.00,0.00,14.00,0.00,1918.00,5464.00,0.00,342776.67
5.85,0.00,0.00,0.00,14.00,0.00,1910.00,5472.00,0.00,341623.20
5.86,0.00,0.00,0.00,14.00,0.00,1904.00,5478.00,0.00,340480.04
5.87,0.00,0.00,0.00,14.00,0.00,1894.00,5488.00,0.00,339286.19
5.88,0.00,0.00,0.00,14.00,0.00,1888.00,5494.00,0.00,338106.15
5.88,0.00,0.00,0.00,14.00,0.00,1884.00,5498.00,0.00,336968.78
5.89,0.00,0.00,0.00,14.00,0.00,1879.00,5503.00,0.00,335855.32
5.90,0.00,0.00,0.00,14.00,0.00,1870.00,5512.00,0.00,334703.62
5.90,0.00,0.00,0.00,14.00,0.00,1864.00,5518.00,0.00,333562.06
5.91,0.00,0.00,0.00,14.00,0.00,1854.00,5528.00,0.00,332369.67
5.92,0.00,0.00,0.00,14.00,0.00,1848.00,5534.00,0.00,331190.97
5.92,0.00,0.00,0.00,14.00,0.00,1839.00,5543.00,0.00,329979.70
5.93,0.00,0.00,0.00,14.00,0.00,1833.00,5549.00,0.00,328783.77
5.94,0.00,0.00,0.00,14.00,0.00,1828.00,5554.00,0.00,327616.85
5.94,0.00,0.00,0.00,14.00,0.00,1821.00,5561.00,0.00,326446.39
5.95,0.00,0.00,0.00,14.00,0.00,1815.00,5567.00,0.00,325287.70
5.96,0.00,0.00,0.00,14.00,0.00,1808.00,5574.00,0.00,324124.75
5.97,0.00,0.00,0.00,14.00,0.00,1801.00,5581.00,0.00,322957.90
5.97,0.00,0.00,0.00,14.00,0.00,1795.00,5587.00,0.00,321802.52
5.98,0.00,0.00,0.00,14.00,0.00,1792.00,5590.00,0.00,320702.67
5.99,0.00,0.00,0.00,14.00,0.00,1788.00,5594.00,0.00,319638.50
5.99,0.00,0.00,0.00,14.00,0.00,1783.00,5599.00,0.00,318591.88
6.00,0.00,0.00,0.00,14.00,0.00,1772.00,5610.00,0.00,317471.14
6.01,0.00,0.00,0.00,14.00,0.00,1757.00,5625.00,0.00,316222.64
6.01,0.00,0.00,0.00,14.00,0.00,1752.00,5630.00,0.00,315007.74
6.02,0.00,0.00,0.00,14.00,0.00,1743.00,5639.00,0.00,313763.42
6.03,0.00,0.00,0.00,14.00,0.00,1737.00,5645.00,0.00,312537.32
6.03,0.00,0.00,0.00,14.00,0.00,1730.00,5652.00,0.00,311312.81
6.04,0.00,0.00,0.00,14.00,0.00,1727.00,5655.00,0.00,310149.87
6.05,0.00,0.00,0.00,14.00,0.00,1722.00,5660.00,0.00,309013.07
6.06,0.00,0.00,0.00,14.00,0.00,1718.00,5664.00,0.00,307915.16
6.06,0.00,0.00,0.00,14.00,0.00,1708.00,5674.00,0.00,306762.63
6.07,0.00,0.00,0.00,14.00,0.00,1703.00,5679.00,0.00,305635.34
6.08,0.00,0.00,0.00,14.00,0.00,1693.00,5689.00,0.00,304455.98
6.08,0.00,0.00,0.00,14.00,0.00,1683.00,5699.00,0.00,303229.07
6.09,0.00,0.00,0.00,14.00,0.00,1678.00,5704.00,0.00,302033.89
6.10,0.00,0.00,0.00,14.00,0.00,1674.00,5708.00,0.00,300882.69
6.10,0.00,0.00,0.00,14.00,0.00,1666.00,5716.00,0.00,299711.55
6.11,0.00,0.00,0.00,14.00,0.00,1659.00,5723.00,0.00,298537.22
6.12,0.00,0.00,0.00,14.00,0.00,1656.00,5726.00,0.00,297420.07
6.12,0.00,0.00,0.00,14.00,0.00,1651.00,5731.00,0.00,296325.09
6.13,0.00,0.00,0.00,14.00,0.00,1648.00,5734.00,0.00,295280.39
6.14,0.00,0.00,0.00,14.00,0.00,1642.00,5740.00,0.00,294236.52
6.15,0.00,0.00,0.00,14.00,0.00,1634.00,5748.00,0.00,293163.35
6.15,0.00,0.00,0.00,14.00,0.00,1628.00,5754.00,0.00,292093.50
6.16,0.00,0.00,0.00,14.00,0.00,1619.00,5763.00,0.00,290981.59
6.17,0.00,0.00,0.00,14.00,0.00,1611.00,5771.00,0.00,289846.32
6.17,0.00,0.00,0.00,14.00,0.00,1607.00,5775.00,0.00,288749.82
6.18,0.00,0.00,0.00,14.00,0.00,1596.00,5786.00,0.00,287583.54
6.19,0.00,0.00,0.00,14.00,0.00,1588.00,5794.00,0.00,286398.62
6.19,0.00,0.00,0.00,14.00,0.00,1581.00,5801.00,0.00,285211.73
6.20,0.00,0.00,0.00,14.00,0.00,1578.00,5804.00,0.00,284083.11
6.21,0.00,0.00,0.00,14.00,0.00,1568.00,5814.00,0.00,282902.54
6.22,0.00,0.00,0.00,14.00,0.00,1558.00,5824.00,0.00,281674.54
6.22,0.00,0.00,0.00,14.00,0.00,1554.00,5828.00,0.00,280493.37
6.23,0.00,0.00,0.00,14.00,0.00,1549.00,5833.00,0.00,279339.94
6.24,0.00,0.00,0.00,14.00,0.00,1547.00,5835.00,0.00,278256.90
6.24,0.00,0.00,0.00,14.00,0.00,1538.00,5844.00,0.00,277132.96
6.25,0.00,0.00,0.00,14.00,0.00,1531.00,5851.00,0.00,276001.73
6.26,0.00,0.00,0.00,14.00,0.00,1528.00,5854.00,0.00,274923.93
6.26,0.00,0.00,0.00,14.00,0.00,1523.00,5859.00,0.00,273864.86
6.27,0.00,0.00,0.00,14.00,0.00,1518.00,5864.00,0.00,272822.90
6.28,0.00,0.00,0.00,14.00,0.00,1504.00,5878.00,0.00,271661.34
6.28,0.00,0.00,0.00,14.00,0.00,1498.00,5884.00,0.00,270510.79
6.29,0.00,0.00,0.00,14.00,0.00,1492.00,5890.00,0.00,269370.28
6.30,0.00,0.00,0.00,14.00,0.00,1485.00,5897.00,0.00,268223.93
6.31,0.00,0.00,0.00,14.00,0.00,1476.00,5906.00,0.00,267042.18
6.31,0.00,0.00,0.00,14.00,0.00,1465.00,5917.00,0.00,265798.09
6.32,0.00,0.00,0.00,14.00,0.00,1459.00,5923.00,0.00,264572.18
6.33,0.00,0.00,0.00,14.00,0.00,1455.00,5927.00,0.00,263392.93
6.33,0.00,0.00,0.00,14.00,0.00,1448.00,5934.00,0.00,262211.21
6.34,0.00,0.00,0.00,14.00,0.00,1444.00,5938.00,0.00,261072.29
6.35,0.00,0.00,0.00,14.00,0.00,1441.00,5941.00,0.00,259987.47
6.35,0.00,0.00,0.00,14.00,0.00,1434.00,5948.00,0.00,258891.95
6.36,0.00,0.00,0.00,14.00,0.00,1425.00,5957.00,0.00,257756.62
6.37,0.00,0.00,0.00,14.00,0.00,1419.00,5963.00,0.00,256630.01
6.38,0.00,0.00,0.00,14.00,0.00,1413.00,5969.00,0.00,255511.36
6.38,0.00,0.00,0.00,14.00,0.00,1407.00,5975.00,0.00,254399.98
6.39,0.00,0.00,0.00,14.00,0.00,1397.00,5985.00,0.00,253235.15
6.40,0.00,0.00,0.00,14.00,0.00,1392.00,5990.00,0.00,252096.62
6.40,0.00,0.00,0.00,14.00,0.00,1386.00,5996.00,0.00,250967.10
6.41,0.00,0.00,0.00,14.00,0.00,1384.00,5998.00,0.00,249905.89
6.42,0.00,0.00,0.00,14.00,0.00,1380.00,6002.00,0.00,248876.98
6.42,0.00,0.00,0.00,14.00,0.00,1372.00,6010.00,0.00,247817.49
6.43,0.00,0.00,0.00,14.00,0.00,1366.00,6016.00,0.00,246760.11
6.44,0.00,0.00,0.00,14.00,0.00,1360.00,6022.00,0.00,245704.67
6.44,0.00,0.00,0.00,14.00,0.00,1354.00,6028.00,0.00,244650.99
6.45,0.00,0.00,0.00,14.00,0.00,1348.00,6034.00,0.00,243598.93
6.46,0.00,0.00,0.00,14.00,0.00,1338.00,6044.00,0.00,242488.24
6.47,0.00,0.00,0.00,14.00,0.00,1331.00,6051.00,0.00,241369.11
6.47,0.00,0.00,0.00,14.00,0.00,1326.00,6056.00,0.00,240272.30
6.48,0.00,0.00,0.00,14.00,0.00,1315.00,6067.00,0.00,239105.75
6.49,0.00,0.00,0.00,14.00,0.00,1309.00,6073.00,0.00,237950.64
6.49,0.00,0.00,0.00,14.00,0.00,1301.00,6081.00,0.00,236775.93
6.50,0.00,0.00,0.00,14.00,0.00,1289.00,6093.00,0.00,235523.23
6.51,0.00,0.00,0.00,14.00,0.00,1285.00,6097.00,0.00,234319.51
6.51,0.00,0.00,0.00,14.00,0.00,1280.00,6102.00,0.00,233145.50
6.52,0.00,0.00,0.00,14.00,0.00,1271.00,6111.00,0.00,231938.51
6.53,0.00,0.00,0.00,14.00,0.00,1264.00,6118.00,0.00,230731.45
6.53,0.00,0.00,0.00,14.00,0.00,1258.00,6124.00,0.00,229539.36
6.54,0.00,0.00,0.00,14.00,0.00,1251.00,6131.00,0.00,228345.91
6.55,0.00,0.00,0.00,14.00,0.00,1246.00,6136.00,0.00,227181.27
6.56,0.00,0.00,0.00,14.00,0.00,1241.00,6141.00,0.00,226042.92
6.56,0.00,0.00,0.00,14.00,0.00,1233.00,6149.00,0.00,224883.51
6.57,0.00,0.00,0.00,14.00,0.00,1227.00,6155.00,0.00,223734.92
6.58,0.00,0.00,0.00,14.00,0.00,1219.00,6163.00,0.00,222566.16
6.58,0.00,0.00,0.00,14.00,0.00,1212.00,6170.00,0.00,221394.01
6.59,0.00,0.00,0.00,14.00,0.00,1205.00,6177.00,0.00,220218.76
6.60,0.00,0.00,0.00,14.00,0.00,1198.00,6184.00,0.00,219040.69
6.60,0.00,0.00,0.00,14.00,0.00,1191.00,6191.00,0.00,217860.04
6.61,0.00,0.00,0.00,14.00,0.00,1187.00,6195.00,0.00,216722.10
6.62,0.00,0.00,0.00,14.00,0.00,1180.00,6202.00,0.00,215578.08
6.62,0.00,0.00,0.00,14.00,0.00,1172.00,6210.00,0.00,214413.50
6.63,0.00,0.00,0.00,14.00,0.00,1163.00,6219.00,0.00,213215.12
6.64,0.00,0.00,0.00,14.00,0.00,1160.00,6222.00,0.00,212076.02
6.65,0.00,0.00,0.00,14.00,0.00,1152.00,6230.00,0.00,210915.92
6.65,0.00,0.00,0.00,14.00,0.00,1147.00,6235.00,0.00,209781.72
6.66,0.00,0.00,0.00,14.00,0.00,1141.00,6241.00,0.00,208656.14
6.67,0.00,0.00,0.00,14.00,0.00,1134.00,6248.00,0.00,207523.42
6.67,0.00,0.00,0.00,14.00,0.00,1129.00,6253.00,0.00,206414.21
6.68,0.00,0.00,0.00,14.00,0.00,1124.00,6258.00,0.00,205326.47
6.69,0.00,0.00,0.00,14.00,0.00,1116.00,6266.00,0.00,204213.26
6.69,0.00,0.00,0.00,14.00,0.00,1112.00,6270.00,0.00,203136.90
6.70,0.00,0.00,0.00,14.00,0.00,1106.00,6276.00,0.00,202064.12
6.71,0.00,0.00,0.00,14.00,0.00,1094.00,6288.00,0.00,200904.47
6.72,0.00,0.00,0.00,14.00,0.00,1090.00,6292.00,0.00,199785.71
6.72,0.00,0.00,0.00,14.00,0.00,1082.00,6300.00,0.00,198644.19
6.73,0.00,0.00,0.00,14.00,0.00,1074.00,6308.00,0.00,197481.87
6.74,0.00,0.00,0.00,14.00,0.00,1069.00,6313.00,0.00,196345.66
6.74,0.00,0.00,0.00,14.00,0.00,1062.00,6320.00,0.00,195203.21
6.75,0.00,0.00,0.00,14.00,0.00,1057.00,6325.00,0.00,194085.13
6.76,0.00,0.00,0.00,14.00,0.00,1051.00,6331.00,0.00,192974.27
6.76,0.00,0.00,0.00,14.00,0.00,1047.00,6335.00,0.00,191900.05
6.77,0.00,0.00,0.00,14.00,0.00,1042.00,6340.00,0.00,190844.25
6.78,0.00,0.00,0.00,14.00,0.00,1030.00,6352.00,0.00,189700.11
6.78,0.00,0.00,0.00,14.00,0.00,1024.00,6358.00,0.00,188565.46
6.79,0.00,0.00,0.00,14.00,0.00,1020.00,6362.00,0.00,187469.51
6.80,0.00,0.00,0.00,14.00,0.00,1013.00,6369.00,0.00,186363.83
6.81,0.00,0.00,0.00,14.00,0.00,1006.00,6376.00,0.00,185249.27
6.81,0.00,0.00,0.00,14.00,0.00,1001.00,6381.00,0.00,184156.65
6.82,0.00,0.00,0.00,14.00,0.00,995.00,6387.00,0.00,183069.03
6.83,0.00,0.00,0.00,14.00,0.00,983.00,6399.00,0.00,181895.83
6.83,0.00,0.00,0.00,14.00,0.00,975.00,6407.00,0.00,180704.61
6.84,0.00,0.00,0.00,14.00,0.00,972.00,6410.00,0.00,179572.05
6.85,0.00,0.00,0.00,14.00,0.00,968.00,6414.00,0.00,178478.01
6.85,0.00,0.00,0.00,14.00,0.00,961.00,6421.00,0.00,177374.08
6.86,0.00,0.00,0.00,14.00,0.00,953.00,6429.00,0.00,176246.08
6.87,0.00,0.00,0.00,14.00,0.00,948.00,6434.00,0.00,175141.19
6.88,0.00,0.00,0.00,14.00,0.00,938.00,6444.00,0.00,173982.28
6.88,0.00,0.00,0.00,14.00,0.00,933.00,6449.00,0.00,172849.17
6.89,0.00,0.00,0.00,14.00,0.00,922.00,6460.00,0.00,171649.47
6.90,0.00,0.00,0.00,14.00,0.00,915.00,6467.00,0.00,170449.08
6.90,0.00,0.00,0.00,14.00,0.00,907.00,6475.00,0.00,169233.02
6.91,0.00,0.00,0.00,14.00,0.00,900.00,6482.00,0.00,168017.69
6.92,0.00,0.00,0.00,14.00,0.00,894.00,6488.00,0.00,166818.05
6.92,0.00,0.00,0.00,14.00,0.00,890.00,6492.00,0.00,165662.78
6.93,0.00,0.00,0.00,14.00,0.00,883.00,6499.00,0.00,164502.94
6.94,0.00,0.00,0.00,14.00,0.00,875.00,6507.00,0.00,163323.91
6.94,0.00,0.00,0.00,14.00,0.00,871.00,6511.00,0.00,162187.45
6.95,0.00,0.00,0.00,14.00,0.00,865.00,6517.00,0.00,161059.81
6.96,0.00,0.00,0.00,14.00,0.00,857.00,6525.00,0.00,159910.18
6.97,0.00,0.00,0.00,14.00,0.00,854.00,6528.00,0.00,158815.59
6.97,0.00,0.00,0.00,14.00,0.00,849.00,6533.00,0.00,157741.19
6.98,0.00,0.00,0.00,14.00,0.00,844.00,6538.00,0.00,156685.23
6.99,0.00,0.00,0.00,14.00,0.00,839.00,6543.00,0.00,155646.10
6.99,0.00,0.00,0.00,14.00,0.00,837.00,6545.00,0.00,154667.41
7.00,0.00,0.00,0.00,14.00,0.00,832.00,6550.00,0.00,153698.83
7.01,0.00,0.00,0.00,14.00,0.00,824.00,6558.00,0.00,152694.40
7.01,0.00,0.00,0.00,14.00,0.00,816.00,6566.00,0.00,151657.24
7.02,0.00,0.00,0.00,14.00,0.00,812.00,6570.00,0.00,150650.31
7.03,0.00,0.00,0.00,14.00,0.00,803.00,6579.00,0.00,149595.85
7.03,0.00,0.00,0.00,14.00,0.00,799.00,6583.00,0.00,148573.11
7.04,0.00,0.00,0.00,14.00,0.00,794.00,6588.00,0.00,147564.31
7.05,0.00,0.00,0.00,14.00,0.00,786.00,6596.00,0.00,146523.17
7.06,0.00,0.00,0.00,14.00,0.00,780.00,6602.00,0.00,145482.55
7.06,0.00,0.00,0.00,14.00,0.00,774.00,6608.00,0.00,144442.41
7.07,0.00,0.00,0.00,14.00,0.00,770.00,6612.00,0.00,143432.74
7.08,0.00,0.00,0.00,14.00,0.00,767.00,6615.00,0.00,142465.93
7.08,0.00,0.00,0.00,14.00,0.00,766.00,6616.00,0.00,141568.27
7.09,0.00,0.00,0.00,14.00,0.00,761.00,6621.00,0.00,140673.67
7.10,0.00,0.00,0.00,14.00,0.00,756.00,6626.00,0.00,139781.84
7.10,0.00,0.00,0.00,14.00,0.00,747.00,6635.00,0.00,138832.47
7.11,0.00,0.00,0.00,14.00,0.00,737.00,6645.00,0.00,137815.53
7.12,0.00,0.00,0.00,14.00,0.00,731.00,6651.00,0.00,136797.00
7.12,0.00,0.00,0.00,14.00,0.00,727.00,6655.00,0.00,135807.08
7.13,0.00,0.00,0.00,14.00,0.00,725.00,6657.00,0.00,134873.30
7.14,0.00,0.00,0.00,14.00,0.00,719.00,6663.00,0.00,133930.69
7.15,0.00,0.00,0.00,14.00,0.00,708.00,6674.00,0.00,132904.91
7.15,0.00,0.00,0.00,14.00,0.00,703.00,6679.00,0.00,131893.34
7.16,0.00,0.00,0.00,14.00,0.00,697.00,6685.00,0.00,130879.71
7.17,0.00,0.00,0.00,14.00,0.00,689.00,6693.00,0.00,129834.15
7.17,0.00,0.00,0.00,14.00,0.00,682.00,6700.00,0.00,128774.48
7.18,0.00,0.00,0.00,14.00,0.00,679.00,6703.00,0.00,127762.01
7.19,0.00,0.00,0.00,14.00,0.00,674.00,6708.00,0.00,126762.59
7.19,0.00,0.00,0.00,14.00,0.00,664.00,6718.00,0.00,125699.96
7.20,0.00,0.00,0.00,14.00,0.00,655.00,6727.00,0.00,124594.65
7.21,0.00,0.00,0.00,14.00,0.00,650.00,6732.00,0.00,123510.47
7.22,0.00,0.00,0.00,14.00,0.00,641.00,6741.00,0.00,122385.49
7.22,0.00,0.00,0.00,14.00,0.00,634.00,6748.00,0.00,121253.31
7.23,0.00,0.00,0.00,14.00,0.00,629.00,6753.00,0.00,120144.60
7.24,0.00,0.00,0.00,14.00,0.00,624.00,6758.00,0.00,119057.31
7.24,0.00,0.00,0.00,14.00,0.00,617.00,6765.00,0.00,117959.54
7.25,0.00,0.00,0.00,14.00,0.00,612.00,6770.00,0.00,116882.25
7.26,0.00,0.00,0.00,14.00,0.00,607.00,6775.00,0.00,115823.64
7.26,0.00,0.00,0.00,14.00,0.00,595.00,6787.00,0.00,114676.94
7.27,0.00,0.00,0.00,14.00,0.00,588.00,6794.00,0.00,113524.92
7.28,0.00,0.00,0.00,14.00,0.00,583.00,6799.00,0.00,112398.10
7.28,0.00,0.00,0.00,14.00,0.00,579.00,6803.00,0.00,111309.31
7.29,0.00,0.00,0.00,14.00,0.00,571.00,6811.00,0.00,110195.14
7.30,0.00,0.00,0.00,14.00,0.00,568.00,6814.00,0.00,109132.92
7.31,0.00,0.00,0.00,14.00,0.00,563.00,6819.00,0.00,108088.08
7.31,0.00,0.00,0.00,14.00,0.00,555.00,6827.00,0.00,107014.03
7.32,0.00,0.00,0.00,14.00,0.00,552.00,6830.00,0.00,105988.44
7.33,0.00,0.00,0.00,14.00,0.00,550.00,6832.00,0.00,105022.10
7.33,0.00,0.00,0.00,14.00,0.00,542.00,6840.00,0.00,104019.73
7.34,0.00,0.00,0.00,14.00,0.00,536.00,6846.00,0.00,103014.50
7.35,0.00,0.00,0.00,14.00,0.00,531.00,6851.00,0.00,102021.68
7.35,0.00,0.00,0.00,14.00,0.00,524.00,6858.00,0.00,101010.16
7.36,0.00,0.00,0.00,14.00,0.00,521.00,6861.00,0.00,100041.64
7.37,0.00,0.00,0.00,14.00,0.00,515.00,6867.00,0.00,99067.32
7.38,0.00,0.00,0.00,14.00,0.00,510.00,6872.00,0.00,98102.72
7.38,0.00,0.00,0.00,14.00,0.00,501.00,6881.00,0.00,97086.91
7.39,0.00,0.00,0.00,14.00,0.00,491.00,6891.00,0.00,96009.32
7.40,0.00,0.00,0.00,14.00,0.00,486.00,6896.00,0.00,94950.45
7.40,0.00,0.00,0.00,14.00,0.00,476.00,6906.00,0.00,93833.55
7.41,0.00,0.00,0.00,14.00,0.00,474.00,6908.00,0.00,92783.86
7.42,0.00,0.00,0.00,14.00,0.00,471.00,6911.00,0.00,91780.50
7.42,0.00,0.00,0.00,14.00,0.00,469.00,6913.00,0.00,90834.46
7.43,0.00,0.00,0.00,14.00,0.00,463.00,6919.00,0.00,89880.66
7.44,0.00,0.00,0.00,14.00,0.00,458.00,6924.00,0.00,88934.80
7.44,0.00,0.00,0.00,14.00,0.00,452.00,6930.00,0.00,87981.17
7.45,0.00,0.00,0.00,14.00,0.00,446.00,6936.00,0.00,87020.43
7.46,0.00,0.00,0.00,14.00,0.00,445.00,6937.00,0.00,86128.32
7.47,0.00,0.00,0.00,14.00,0.00,442.00,6940.00,0.00,85268.83
7.47,0.00,0.00,0.00,14.00,0.00,438.00,6944.00,0.00,84424.09
7.48,0.00,0.00,0.00,14.00,0.00,432.00,6950.00,0.00,83562.76
7.49,0.00,0.00,0.00,14.00,0.00,426.00,6956.00,0.00,82686.30
7.49,0.00,0.00,0.00,14.00,0.00,422.00,6960.00,0.00,81826.06
7.50,0.00,0.00,0.00,14.00,0.00,420.00,6962.00,0.00,81010.69
7.51,0.00,0.00,0.00,14.00,0.00,416.00,6966.00,0.00,80206.22
7.51,0.00,0.00,0.00,14.00,0.00,408.00,6974.00,0.00,79351.61
7.52,0.00,0.00,0.00,14.00,0.00,402.00,6980.00,0.00,78481.29
7.53,0.00,0.00,0.00,14.00,0.00,399.00,6983.00,0.00,77641.67
7.53,0.00,0.00,0.00,14.00,0.00,397.00,6985.00,0.00,76845.12
7.54,0.00,0.00,0.00,14.00,0.00,390.00,6992.00,0.00,76012.77
7.55,0.00,0.00,0.00,14.00,0.00,387.00,6995.00,0.00,75207.83
7.56,0.00,0.00,0.00,14.00,0.00,382.00,7000.00,0.00,74397.87
7.56,0.00,0.00,0.00,14.00,0.00,376.00,7006.00,0.00,73568.29
7.57,0.00,0.00,0.00,14.00,0.00,373.00,7009.00,0.00,72765.88
7.58,0.00,0.00,0.00,14.00,0.00,368.00,7014.00,0.00,71958.23
7.58,0.00,0.00,0.00,14.00,0.00,359.00,7023.00,0.00,71085.69
7.59,0.00,0.00,0.00,14.00,0.00,355.00,7027.00,0.00,70229.04
7.60,0.00,0.00,0.00,14.00,0.00,346.00,7036.00,0.00,69311.77
7.60,0.00,0.00,0.00,14.00,0.00,342.00,7040.00,0.00,68414.29
7.61,0.00,0.00,0.00,14.00,0.00,341.00,7041.00,0.00,67579.93
7.62,0.00,0.00,0.00,14.00,0.00,339.00,7043.00,0.00,66788.18
7.62,0.00,0.00,0.00,14.00,0.00,335.00,7047.00,0.00,66005.27
7.63,0.00,0.00,0.00,14.00,0.00,332.00,7050.00,0.00,65245.47
7.64,0.00,0.00,0.00,14.00,0.00,330.00,7052.00,0.00,64521.79
7.65,0.00,0.00,0.00,14.00,0.00,327.00,7055.00,0.00,63816.05
7.65,0.00,0.00,0.00,14.00,0.00,321.00,7061.00,0.00,63081.62
7.66,0.00,0.00,0.00,14.00,0.00,319.00,7063.00,0.00,62381.10
7.67,0.00,0.00,0.00,14.00,0.00,313.00,7069.00,0.00,61651.44
7.67,0.00,0.00,0.00,14.00,0.00,307.00,7075.00,0.00,60895.18
7.68,0.00,0.00,0.00,14.00,0.00,301.00,7081.00,0.00,60114.63
7.69,0.00,0.00,0.00,14.00,0.00,297.00,7085.00,0.00,59341.95
7.69,0.00,0.00,0.00,14.00,0.00,294.00,7088.00,0.00,58591.49
7.70,0.00,0.00,0.00,14.00,0.00,292.00,7090.00,0.00,57876.33
7.71,0.00,0.00,0.00,14.00,0.00,283.00,7099.00,0.00,57088.23
7.72,0.00,0.00,0.00,14.00,0.00,282.00,7100.00,0.00,56353.73
7.72,0.00,0.00,0.00,14.00,0.00,279.00,7103.00,0.00,55638.12
7.73,0.00,0.00,0.00,14.00,0.00,277.00,7105.00,0.00,54954.78
7.74,0.00,0.00,0.00,14.00,0.00,275.00,7107.00,0.00,54300.90
7.74,0.00,0.00,0.00,14.00,0.00,272.00,7110.00,0.00,53658.88
7.75,0.00,0.00,0.00,14.00,0.00,270.00,7112.00,0.00,53042.72
7.76,0.00,0.00,0.00,14.00,0.00,270.00,7112.00,0.00,52480.22
7.76,0.00,0.00,0.00,14.00,0.00,270.00,7112.00,0.00,51966.69
7.77,0.00,0.00,0.00,14.00,0.00,266.00,7116.00,0.00,51437.79
7.78,0.00,0.00,0.00,14.00,0.00,264.00,7118.00,0.00,50924.89
7.78,0.00,0.00,0.00,14.00,0.00,259.00,7123.00,0.00,50381.55
7.79,0.00,0.00,0.00,14.00,0.00,258.00,7124.00,0.00,49870.49
7.80,0.00,0.00,0.00,14.00,0.00,253.00,7129.00,0.00,49328.81
7.81,0.00,0.00,0.00,14.00,0.00,248.00,7134.00,0.00,48759.19
7.81,0.00,0.00,0.00,14.00,0.00,245.00,7137.00,0.00,48194.10
7.82,0.00,0.00,0.00,14.00,0.00,242.00,7140.00,0.00,47633.14
7.83,0.00,0.00,0.00,14.00,0.00,237.00,7145.00,0.00,47045.92
7.83,0.00,0.00,0.00,14.00,0.00,232.00,7150.00,0.00,46434.71
7.84,0.00,0.00,0.00,14.00,0.00,223.00,7159.00,0.00,45741.52
7.85,0.00,0.00,0.00,14.00,0.00,219.00,7163.00,0.00,45048.59
7.85,0.00,0.00,0.00,14.00,0.00,214.00,7168.00,0.00,44340.89
7.86,0.00,0.00,0.00,14.00,0.00,210.00,7172.00,0.00,43634.71
7.87,0.00,0.00,0.00,14.00,0.00,208.00,7174.00,0.00,42959.99
7.88,0.00,0.00,0.00,14.00,0.00,206.00,7176.00,0.00,42313.96
7.88,0.00,0.00,0.00,14.00,0.00,203.00,7179.00,0.00,41679.13
7.89,0.00,0.00,0.00,14.00,0.00,202.00,7180.00,0.00,41084.54
7.90,0.00,0.00,0.00,14.00,0.00,200.00,7182.00,0.00,40511.69
7.90,0.00,0.00,0.00,14.00,0.00,195.00,7187.00,0.00,39913.60
7.91,0.00,0.00,0.00,14.00,0.00,194.00,7188.00,0.00,39352.57
7.92,0.00,0.00,0.00,14.00,0.00,192.00,7190.00,0.00,38810.34
7.92,0.00,0.00,0.00,14.00,0.00,186.00,7196.00,0.00,38225.19
7.93,0.00,0.00,0.00,14.00,0.00,184.00,7198.00,0.00,37660.95
7.94,0.00,0.00,0.00,14.00,0.00,182.00,7200.00,0.00,37115.79
7.94,0.00,0.00,0.00,14.00,0.00,179.00,7203.00,0.00,36573.04
7.95,0.00,0.00,0.00,14.00,0.00,177.00,7205.00,0.00,36047.49
7.96,0.00,0.00,0.00,14.00,0.00,177.00,7205.00,0.00,35567.71
7.97,0.00,0.00,0.00,14.00,0.00,175.00,7207.00,0.00,35099.67
7.97,0.00,0.00,0.00,14.00,0.00,170.00,7212.00,0.00,34597.26
7.98,0.00,0.00,0.00,14.00,0.00,167.00,7215.00,0.00,34093.53
7.99,0.00,0.00,0.00,14.00,0.00,165.00,7217.00,0.00,33603.61
7.99,0.00,0.00,0.00,14.00,0.00,161.00,7221.00,0.00,33096.27
8.00,0.00,0.00,0.00,14.00,0.00,160.00,7222.00,0.00,32618.07
8.01,0.00,0.00,0.00,14.00,0.00,158.00,7224.00,0.00,32151.48
8.01,0.00,0.00,0.00,14.00,0.00,156.00,7226.00,0.00,31695.46
8.02,0.00,0.00,0.00,14.00,0.00,151.00,7231.00,0.00,31204.04
8.03,0.00,0.00,0.00,14.00,0.00,148.00,7234.00,0.00,30710.34
8.03,0.00,0.00,0.00,14.00,0.00,147.00,7235.00,0.00,30244.60
8.04,0.00,0.00,0.00,14.00,0.00,144.00,7238.00,0.00,29774.35
8.05,0.00,0.00,0.00,14.00,0.00,138.00,7244.00,0.00,29254.91
8.06,0.00,0.00,0.00,14.00,0.00,132.00,7250.00,0.00,28690.56
8.06,0.00,0.00,0.00,14.00,0.00,131.00,7251.00,0.00,28160.33
8.07,0.00,0.00,0.00,14.00,0.00,127.00,7255.00,0.00,27616.18
8.08,0.00,0.00,0.00,14.00,0.00,125.00,7257.00,0.00,27089.36
8.08,0.00,0.00,0.00,14.00,0.00,122.00,7260.00,0.00,26563.35
8.09,0.00,0.00,0.00,14.00,0.00,119.00,7263.00,0.00,26038.07
8.10,0.00,0.00,0.00,14.00,0.00,116.00,7266.00,0.00,25513.46
8.10,0.00,0.00,0.00,14.00,0.00,112.00,7270.00,0.00,24974.44
8.11,0.00,0.00,0.00,14.00,0.00,111.00,7271.00,0.00,24467.33
8.12,0.00,0.00,0.00,14.00,0.00,108.00,7274.00,0.00,23959.31
8.12,0.00,0.00,0.00,14.00,0.00,106.00,7276.00,0.00,23465.48
8.13,0.00,0.00,0.00,14.00,0.00,104.00,7278.00,0.00,22984.60
