Time,U,AI1,AI2,AD,BI2,BI2,BD,VA,VB
0.00,7392.00,1.00,0.00,0.00,3.00,0.00,0.00,75.00,75.00
0.01,7392.00,1.00,0.00,0.00,3.00,0.00,0.00,68.52,68.47
0.01,7390.00,2.00,0.00,0.00,4.00,0.00,0.00,62.60,62.51
0.02,7389.00,3.00,0.00,0.00,4.00,0.00,0.00,57.19,57.06
0.03,7389.00,3.00,0.00,0.00,3.00,1.00,0.00,52.25,67.12
0.03,7387.00,4.00,0.00,0.00,4.00,1.00,0.00,47.73,76.30
0.04,7384.00,5.00,0.00,0.00,6.00,1.00,0.00,43.61,84.68
0.05,7383.00,5.00,0.00,0.00,7.00,1.00,0.00,39.84,92.33
0.06,7383.00,5.00,0.00,0.00,7.00,1.00,0.00,36.40,99.31
0.06,7382.00,5.00,0.00,0.00,8.00,1.00,0.00,33.25,105.69
0.07,7379.00,6.00,0.00,0.00,10.00,1.00,0.00,30.38,111.51
0.08,7378.00,6.00,0.00,0.00,11.00,1.00,0.00,27.75,116.82
0.08,7377.00,7.00,0.00,0.00,10.00,2.00,0.00,25.36,136.69
0.09,7377.00,6.00,1.00,0.00,9.00,2.00,1.00,173.40,154.84
0.10,7376.00,6.00,1.00,0.00,10.00,2.00,1.00,308.65,171.40
0.10,7374.00,7.00,1.00,0.00,11.00,2.00,1.00,432.21,186.52
0.11,7366.00,11.00,3.00,0.00,13.00,2.00,1.00,845.56,200.33
0.12,7356.00,21.00,3.00,0.00,13.00,2.00,1.00,1223.19,212.93
0.12,7342.00,32.00,4.00,0.00,15.00,2.00,1.00,1718.42,224.43
0.13,7328.00,44.00,4.00,0.00,17.00,2.00,1.00,2170.86,234.94
0.14,7312.00,59.00,5.00,0.00,16.00,2.00,2.00,2734.44,244.53
0.15,7289.00,79.00,6.00,0.00,17.00,3.00,2.00,3399.55,268.30
0.15,7262.00,104.00,5.00,1.00,18.00,4.00,2.00,3856.96,305.03
0.16,7244.00,119.00,7.00,1.00,19.00,4.00,2.00,4575.31,338.57
0.17,7218.00,135.00,11.00,1.00,25.00,3.00,3.00,5832.51,354.15
0.17,7187.00,161.00,14.00,2.00,25.00,4.00,3.00,7431.78,383.41
0.18,7150.00,191.00,17.00,2.00,28.00,5.00,3.00,9343.55,425.14
0.19,7116.00,216.00,23.00,2.00,30.00,6.00,3.00,11991.52,478.26
0.19,7068.00,256.00,29.00,2.00,32.00,6.00,3.00,15312.07,526.75
0.20,7008.00,299.00,41.00,4.00,34.00,7.00,3.00,20148.48,586.05
0.21,6943.00,348.00,54.00,4.00,36.00,8.00,3.00,26519.99,655.20
0.22,6877.00,404.00,62.00,5.00,37.00,7.00,4.00,33542.81,703.31
0.22,6778.00,490.00,73.00,5.00,37.00,9.00,4.00,41611.35,777.28
0.23,6682.00,572.00,83.00,6.00,38.00,10.00,5.00,50485.02,859.83
0.24,6563.00,666.00,100.00,8.00,44.00,10.00,5.00,61145.87,935.19
0.24,6443.00,762.00,120.00,9.00,45.00,11.00,6.00,73890.17,1019.01
0.25,6305.00,867.00,143.00,12.00,50.00,13.00,6.00,88988.59,1125.58
0.26,6166.00,969.00,174.00,15.00,52.00,14.00,6.00,107439.57,1237.89
0.26,6025.00,1081.00,196.00,18.00,55.00,15.00,6.00,127601.33,1355.45
0.27,5869.00,1201.00,225.00,21.00,58.00,16.00,6.00,150377.67,1477.79
0.28,5679.00,1344.00,266.00,26.00,58.00,17.00,6.00,177345.46,1604.50
0.28,5483.00,1484.00,311.00,32.00,61.00,19.00,6.00,208743.43,1750.23
0.29,5293.00,1630.00,345.00,37.00,63.00,21.00,7.00,242536.25,1913.31
0.30,5107.00,1753.00,395.00,43.00,67.00,24.00,7.00,280920.69,2107.26
0.31,4900.00,1910.00,429.00,52.00,73.00,25.00,7.00,321096.28,2299.35
0.31,4699.00,2040.00,484.00,57.00,79.00,29.00,8.00,366063.13,2534.80
0.32,4481.00,2183.00,551.00,57.00,85.00,31.00,8.00,417210.01,2779.80
0.33,4270.00,2339.00,596.00,60.00,87.00,36.00,8.00,470697.83,3078.58
0.33,4082.00,2452.00,660.00,67.00,86.00,40.00,9.00,529178.70,3411.43
0.34,3915.00,2529.00,737.00,72.00,91.00,41.00,11.00,594174.21,3730.33
0.35,3749.00,2620.00,799.00,75.00,99.00,42.00,12.00,662867.95,4036.48
0.35,3580.00,2701.00,870.00,86.00,101.00,45.00,13.00,736292.47,4361.04
0.36,3387.00,2800.00,949.00,92.00,105.00,49.00,14.00,815240.84,4717.43
0.37,3209.00,2899.00,1020.00,94.00,107.00,50.00,17.00,898033.91,5057.81
0.38,3060.00,2956.00,1099.00,99.00,114.00,51.00,17.00,985541.30,5383.58
0.38,2902.00,3009.00,1184.00,110.00,115.00,58.00,18.00,1078257.07,5786.14
0.39,2725.00,3093.00,1262.00,117.00,121.00,58.00,20.00,1174679.55,6153.64
0.40,2569.00,3152.00,1345.00,127.00,120.00,63.00,20.00,1275239.60,6564.27
0.40,2415.00,3207.00,1435.00,131.00,123.00,62.00,23.00,1380631.33,6924.11
0.41,2255.00,3250.00,1538.00,138.00,125.00,66.00,24.00,1492390.26,7312.71
0.42,2107.00,3308.00,1614.00,149.00,121.00,71.00,26.00,1605909.97,7742.59
0.42,1941.00,3378.00,1698.00,155.00,127.00,70.00,27.00,1722240.15,8120.02
0.43,1771.00,3434.00,1806.00,158.00,124.00,74.00,29.00,1844743.51,8524.67
0.44,1608.00,3489.00,1901.00,165.00,123.00,80.00,30.00,1970933.65,8984.23
0.44,1419.00,3577.00,1986.00,177.00,124.00,81.00,32.00,2098989.68,9418.79
0.45,1280.00,3634.00,2057.00,185.00,124.00,80.00,36.00,2226647.14,9800.49
0.46,1130.00,3681.00,2145.00,194.00,125.00,83.00,38.00,2356494.40,10194.02
0.47,991.00,3720.00,2232.00,204.00,124.00,85.00,40.00,2488192.01,10583.33
0.47,858.00,3722.00,2355.00,209.00,122.00,87.00,43.00,2626988.42,10968.79
0.48,697.00,3769.00,2458.00,219.00,121.00,87.00,45.00,2769265.62,11320.68
0.49,564.00,3802.00,2552.00,225.00,117.00,88.00,48.00,2913370.75,11656.96
0.49,445.00,3798.00,2670.00,229.00,108.00,97.00,49.00,3062751.42,12099.16
0.50,348.00,3788.00,2772.00,234.00,106.00,98.00,50.00,3214548.06,12517.88
0.51,250.00,3773.00,2879.00,239.00,103.00,102.00,50.00,3369303.11,12960.23
0.51,169.00,3741.00,2981.00,248.00,100.00,105.00,52.00,3526009.76,13409.13
0.52,110.00,3690.00,3084.00,255.00,97.00,107.00,53.00,3684649.60,13848.99
0.53,63.00,3641.00,3172.00,263.00,95.00,105.00,57.00,3842802.14,14220.51
0.53,21.00,3582.00,3269.00,266.00,95.00,102.00,61.00,4001861.57,14514.60
0.54,11.00,3514.00,3337.00,276.00,93.00,103.00,62.00,4157392.79,14798.11
0.55,4.00,3414.00,3433.00,287.00,92.00,103.00,63.00,4313907.15,15056.93
0.56,2.00,3316.00,3524.00,296.00,89.00,106.00,63.00,4470568.57,15338.28
0.56,1.00,3214.00,3619.00,304.00,88.00,104.00,66.00,4627965.23,15565.09
0.57,1.00,3108.00,3716.00,313.00,86.00,106.00,66.00,4786334.10,15802.20
0.58,1.00,3017.00,3794.00,326.00,84.00,107.00,67.00,4942736.76,16033.68
0.58,1.00,2937.00,3868.00,332.00,81.00,108.00,69.00,5096742.16,16260.03
0.59,1.00,2861.00,3940.00,336.00,78.00,110.00,70.00,5248257.02,16496.71
0.60,1.00,2787.00,4005.00,345.00,77.00,109.00,72.00,5396444.89,16697.77
0.60,0.00,2727.00,4058.00,353.00,77.00,107.00,74.00,5539790.47,16851.27
0.61,0.00,2661.00,4117.00,360.00,73.00,109.00,76.00,5679613.59,17021.44
0.62,0.00,2588.00,4179.00,371.00,69.00,111.00,78.00,5816669.26,17206.85
0.62,0.00,2514.00,4249.00,375.00,66.00,113.00,79.00,5952398.50,17406.16
0.63,0.00,2451.00,4304.00,383.00,63.00,115.00,80.00,6084662.44,17618.16
0.64,0.00,2391.00,4357.00,390.00,63.00,109.00,86.00,6213460.04,17721.56
0.65,0.00,2330.00,4409.00,399.00,58.00,111.00,89.00,6338940.59,17846.01
0.65,0.00,2271.00,4458.00,409.00,57.00,110.00,91.00,6460940.02,17944.59
0.66,0.00,2206.00,4520.00,412.00,54.00,113.00,91.00,6581712.13,18079.66
0.67,0.00,2136.00,4581.00,421.00,52.00,112.00,94.00,6701212.72,18187.94
0.67,0.00,2070.00,4640.00,428.00,52.00,112.00,94.00,6819251.21,18286.80
0.68,0.00,2008.00,4689.00,441.00,50.00,113.00,95.00,6934451.61,18392.07
0.69,0.00,1933.00,4761.00,444.00,48.00,109.00,101.00,7050514.51,18428.08
0.69,0.00,1887.00,4799.00,452.00,44.00,112.00,102.00,7162257.48,18506.03
0.70,0.00,1832.00,4848.00,458.00,43.00,111.00,104.00,7271706.38,18562.16
0.71,0.00,1783.00,4886.00,469.00,42.00,110.00,106.00,7377406.81,18598.39
0.72,0.00,1739.00,4925.00,474.00,41.00,111.00,106.00,7479832.97,18646.48
0.72,0.00,1692.00,4969.00,477.00,41.00,110.00,107.00,7580018.91,18675.36
0.73,0.00,1653.00,5004.00,481.00,38.00,111.00,109.00,7676806.13,18716.75
0.74,0.00,1610.00,5039.00,489.00,38.00,110.00,110.00,7770488.29,18739.52
0.74,0.00,1573.00,5073.00,492.00,38.00,108.00,112.00,7861183.46,18730.25
0.75,0.00,1538.00,5097.00,503.00,38.00,105.00,115.00,7947647.44,18676.72
0.76,0.00,1495.00,5132.00,511.00,38.00,103.00,117.00,8031898.39,18597.81
0.76,0.00,1458.00,5161.00,519.00,37.00,102.00,119.00,8113226.13,18510.75
0.77,0.00,1425.00,5187.00,526.00,37.00,100.00,121.00,8191432.52,18401.22
0.78,0.00,1376.00,5227.00,535.00,35.00,100.00,123.00,8268890.56,18301.22
0.78,0.00,1349.00,5246.00,543.00,35.00,97.00,126.00,8342510.02,18164.87
0.79,0.00,1313.00,5276.00,549.00,35.00,97.00,126.00,8414275.14,18040.39
0.80,0.00,1275.00,5307.00,556.00,35.00,95.00,128.00,8484496.38,17896.70
0.81,0.00,1230.00,5345.00,563.00,34.00,94.00,130.00,8554358.77,17750.50
0.81,0.00,1186.00,5384.00,568.00,34.00,92.00,132.00,8624043.53,17586.98
0.82,0.00,1143.00,5421.00,574.00,33.00,92.00,133.00,8693265.55,17437.71
0.83,0.00,1093.00,5466.00,579.00,33.00,90.00,135.00,8763266.69,17271.38
0.83,0.00,1067.00,5483.00,588.00,33.00,88.00,137.00,8829773.11,17089.49
0.84,0.00,1044.00,5498.00,596.00,33.00,84.00,141.00,8892786.32,16863.35
0.85,0.00,1016.00,5517.00,605.00,32.00,84.00,142.00,8953209.11,16656.90
0.85,0.00,988.00,5537.00,613.00,30.00,84.00,144.00,9011415.53,16468.42
0.86,0.00,952.00,5567.00,619.00,29.00,83.00,146.00,9069099.46,16281.34
0.87,0.00,929.00,5585.00,624.00,27.00,80.00,151.00,9124503.18,16065.47
0.88,0.00,896.00,5608.00,634.00,25.00,81.00,152.00,9178574.94,15883.43
0.88,0.00,876.00,5619.00,643.00,23.00,82.00,153.00,9229627.00,15732.26
0.89,0.00,858.00,5627.00,653.00,22.00,80.00,156.00,9277469.63,15564.21
0.90,0.00,842.00,5635.00,661.00,22.00,78.00,158.00,9322380.17,15380.74
0.90,0.00,828.00,5639.00,671.00,20.00,78.00,160.00,9364011.01,15213.25
0.91,0.00,802.00,5656.00,680.00,19.00,77.00,162.00,9404598.56,15045.32
0.92,0.00,791.00,5661.00,686.00,19.00,75.00,164.00,9442430.20,14861.97
0.92,0.00,763.00,5675.00,700.00,18.00,73.00,167.00,9479096.10,14664.54
0.93,0.00,739.00,5689.00,710.00,18.00,72.00,168.00,9514697.05,14469.27
0.94,0.00,715.00,5706.00,717.00,18.00,71.00,169.00,9549775.74,14275.99
0.94,0.00,694.00,5721.00,723.00,18.00,71.00,169.00,9584076.83,14099.53
0.95,0.00,675.00,5735.00,728.00,18.00,68.00,172.00,9617517.27,13893.37
0.96,0.00,665.00,5731.00,742.00,18.00,67.00,173.00,9647467.31,13690.14
0.97,0.00,646.00,5741.00,751.00,18.00,67.00,173.00,9676331.72,13504.61
0.97,0.00,626.00,5754.00,758.00,18.00,63.00,177.00,9704655.07,13275.14
0.98,0.00,609.00,5760.00,769.00,16.00,65.00,177.00,9731432.45,13095.69
0.99,0.00,584.00,5778.00,776.00,14.00,67.00,177.00,9758600.22,12961.92
0.99,0.00,567.00,5792.00,779.00,13.00,66.00,179.00,9785523.72,12824.78
1.00,0.00,557.00,5800.00,781.00,12.00,67.00,179.00,9811322.71,12714.59
1.01,0.00,543.00,5806.00,789.00,11.00,67.00,180.00,9835793.82,12614.01
1.01,0.00,536.00,5806.00,796.00,11.00,65.00,182.00,9858150.44,12492.13
1.02,0.00,525.00,5808.00,805.00,11.00,65.00,182.00,9878875.74,12380.87
1.03,0.00,509.00,5818.00,811.00,11.00,63.00,184.00,9899312.54,12249.25
1.03,0.00,504.00,5812.00,822.00,11.00,60.00,187.00,9917082.07,12084.02
1.04,0.00,492.00,5817.00,829.00,11.00,60.00,187.00,9934067.34,11933.18
1.05,0.00,483.00,5817.00,838.00,11.00,59.00,188.00,9949584.96,11780.45
1.06,0.00,469.00,5825.00,844.00,11.00,58.00,189.00,9964963.57,11626.00
1.06,0.00,450.00,5836.00,852.00,11.00,58.00,189.00,9980665.90,11484.99
1.07,0.00,439.00,5838.00,861.00,11.00,56.00,191.00,9995311.91,11326.22
1.08,0.00,426.00,5842.00,870.00,11.00,56.00,191.00,10009293.32,11181.27
1.08,0.00,414.00,5849.00,875.00,11.00,56.00,191.00,10023118.23,11048.95
1.09,0.00,400.00,5859.00,879.00,11.00,54.00,193.00,10037250.89,10898.10
1.10,0.00,389.00,5861.00,888.00,10.00,54.00,194.00,10050462.84,10760.38
1.10,0.00,377.00,5865.00,896.00,10.00,53.00,195.00,10063134.09,10619.64
1.11,0.00,368.00,5866.00,904.00,10.00,52.00,196.00,10074860.70,10476.12
1.12,0.00,356.00,5870.00,912.00,9.00,52.00,197.00,10086174.98,10345.11
1.12,0.00,346.00,5872.00,920.00,8.00,51.00,199.00,10096812.06,10210.47
1.13,0.00,339.00,5870.00,929.00,8.00,50.00,200.00,10106229.55,10072.54
1.14,0.00,331.00,5869.00,938.00,8.00,47.00,203.00,10114683.09,9901.55
1.15,0.00,323.00,5873.00,942.00,8.00,45.00,205.00,10123007.07,9715.41
1.15,0.00,318.00,5872.00,948.00,8.00,44.00,206.00,10130461.59,9530.44
1.16,0.00,309.00,5869.00,960.00,7.00,45.00,206.00,10136821.27,9376.61
1.17,0.00,300.00,5869.00,969.00,7.00,44.00,207.00,10142631.45,9221.15
1.17,0.00,295.00,5866.00,977.00,7.00,42.00,209.00,10147488.90,9049.18
1.18,0.00,288.00,5868.00,982.00,6.00,42.00,210.00,10152227.05,8892.18
1.19,0.00,284.00,5863.00,991.00,6.00,42.00,210.00,10155804.67,8748.86
1.19,0.00,277.00,5863.00,998.00,6.00,42.00,210.00,10159073.14,8618.01
1.20,0.00,263.00,5872.00,1003.00,6.00,42.00,210.00,10163411.26,8498.56
1.21,0.00,257.00,5872.00,1009.00,6.00,41.00,211.00,10167374.56,8374.49
1.22,0.00,248.00,5873.00,1017.00,6.00,41.00,211.00,10171145.61,8261.22
1.22,0.00,242.00,5870.00,1026.00,6.00,41.00,211.00,10174140.14,8157.81
1.23,0.00,233.00,5871.00,1034.00,5.00,40.00,213.00,10177026.16,8048.39
1.24,0.00,228.00,5872.00,1038.00,5.00,39.00,214.00,10179812.99,7933.47
1.24,0.00,221.00,5872.00,1045.00,5.00,38.00,215.00,10182359.06,7813.53
1.25,0.00,217.00,5871.00,1050.00,5.00,37.00,216.00,10184534.87,7689.02
1.26,0.00,211.00,5867.00,1060.00,5.00,36.00,217.00,10185921.74,7560.32
1.26,0.00,202.00,5867.00,1069.00,3.00,35.00,220.00,10187188.80,7427.81
1.27,0.00,198.00,5862.00,1078.00,3.00,35.00,220.00,10187595.20,7306.83
1.28,0.00,194.00,5859.00,1085.00,3.00,34.00,221.00,10187515.81,7181.37
1.28,0.00,190.00,5858.00,1090.00,1.00,36.00,221.00,10187293.07,7096.88
1.29,0.00,187.00,5854.00,1097.00,1.00,35.00,222.00,10186488.62,7004.72
1.30,0.00,178.00,5854.00,1106.00,1.00,35.00,222.00,10185753.70,6920.58
1.31,0.00,172.00,5848.00,1118.00,1.00,35.00,222.00,10184180.87,6843.78
1.31,0.00,163.00,5849.00,1126.00,1.00,35.00,222.00,10182894.19,6773.66
1.32,0.00,157.00,5847.00,1134.00,1.00,35.00,222.00,10181418.20,6709.64
1.33,0.00,153.00,5844.00,1141.00,1.00,33.00,224.00,10179619.08,6621.16
1.33,0.00,151.00,5836.00,1151.00,1.00,31.00,226.00,10176773.54,6510.33
1.34,0.00,147.00,5835.00,1156.00,1.00,30.00,227.00,10174023.67,6394.13
1.35,0.00,143.00,5829.00,1166.00,1.00,29.00,228.00,10170610.03,6273.02
1.35,0.00,139.00,5822.00,1177.00,1.00,28.00,229.00,10166439.74,6147.44
1.36,0.00,137.00,5816.00,1185.00,1.00,28.00,229.00,10161728.38,6032.79
1.37,0.00,132.00,5816.00,1190.00,1.00,27.00,230.00,10157424.14,5913.11
1.38,0.00,126.00,5816.00,1196.00,1.00,26.00,231.00,10153491.78,5788.82
1.38,0.00,123.00,5813.00,1202.00,1.00,26.00,231.00,10149448.51,5675.35
1.39,0.00,123.00,5803.00,1212.00,1.00,26.00,231.00,10144252.33,5571.77
1.40,0.00,118.00,5797.00,1223.00,1.00,26.00,231.00,10138603.76,5477.20
1.40,0.00,113.00,5798.00,1227.00,1.00,26.00,231.00,10133593.49,5390.87
1.41,0.00,111.00,5791.00,1236.00,1.00,25.00,232.00,10127964.51,5297.03
1.42,0.00,108.00,5781.00,1249.00,1.00,25.00,232.00,10121319.62,5211.36
1.42,0.00,106.00,5773.00,1259.00,1.00,25.00,232.00,10114047.03,5133.16
1.43,0.00,105.00,5771.00,1262.00,1.00,25.00,232.00,10107102.40,5061.76
1.44,0.00,102.00,5767.00,1269.00,1.00,25.00,232.00,10100156.92,4996.58
1.44,0.00,101.00,5762.00,1275.00,1.00,23.00,234.00,10093060.40,4907.03
1.45,0.00,99.00,5761.00,1278.00,1.00,23.00,234.00,10086426.87,4825.28
1.46,0.00,98.00,5750.00,1290.00,1.00,21.00,236.00,10078713.95,4720.60
1.47,0.00,97.00,5746.00,1295.00,1.00,21.00,236.00,10071066.57,4625.03
1.47,0.00,93.00,5742.00,1303.00,1.00,20.00,237.00,10063479.08,4522.76
1.48,0.00,90.00,5735.00,1313.00,1.00,20.00,237.00,10055495.55,4429.40
1.49,0.00,86.00,5728.00,1324.00,1.00,19.00,238.00,10047150.26,4329.15
1.49,0.00,84.00,5727.00,1327.00,1.00,18.00,239.00,10039375.85,4222.60
1.50,0.00,81.00,5724.00,1333.00,0.00,17.00,241.00,10031822.47,4110.30
1.51,0.00,80.00,5720.00,1338.00,0.00,17.00,241.00,10024320.87,4007.79
1.51,0.00,78.00,5713.00,1347.00,0.00,16.00,242.00,10016415.83,3899.18
1.52,0.00,75.00,5709.00,1354.00,0.00,15.00,243.00,10008592.91,3785.00
1.53,0.00,73.00,5698.00,1367.00,0.00,14.00,244.00,9999793.44,3665.74
1.53,0.00,72.00,5693.00,1373.00,0.00,14.00,244.00,9991003.15,3556.86
1.54,0.00,71.00,5681.00,1386.00,0.00,14.00,244.00,9981169.59,3457.47
1.55,0.00,71.00,5676.00,1391.00,0.00,14.00,244.00,9971434.58,3366.73
1.56,0.00,70.00,5666.00,1402.00,0.00,14.00,244.00,9961038.45,3283.89
1.56,0.00,69.00,5657.00,1412.00,0.00,13.00,245.00,9950188.53,3193.25
1.57,0.00,68.00,5650.00,1420.00,0.00,13.00,245.00,9939224.53,3110.49
1.58,0.00,67.00,5645.00,1426.00,0.00,13.00,245.00,9928456.71,3034.94
1.58,0.00,65.00,5640.00,1433.00,0.00,13.00,245.00,9917868.17,2965.97
1.59,0.00,65.00,5635.00,1438.00,0.00,13.00,245.00,9907443.41,2903.01
1.60,0.00,64.00,5630.00,1444.00,0.00,13.00,245.00,9897168.26,2845.53
1.60,0.00,64.00,5626.00,1448.00,0.00,12.00,246.00,9887180.00,2778.03
1.61,0.00,64.00,5619.00,1455.00,0.00,12.00,246.00,9877003.23,2716.40
1.62,0.00,60.00,5620.00,1458.00,0.00,12.00,246.00,9867856.03,2660.15
1.62,0.00,60.00,5615.00,1463.00,0.00,12.00,246.00,9858748.09,2608.79
1.63,0.00,57.00,5609.00,1472.00,0.00,12.00,246.00,9849525.73,2561.90
1.64,0.00,56.00,5602.00,1480.00,0.00,12.00,246.00,9840048.62,2519.10
1.65,0.00,56.00,5593.00,1489.00,0.00,12.00,246.00,9830038.32,2480.03
1.65,0.00,55.00,5591.00,1492.00,0.00,12.00,246.00,9820592.54,2444.35
1.66,0.00,54.00,5585.00,1499.00,0.00,12.00,246.00,9811061.53,2411.79
1.67,0.00,52.00,5583.00,1503.00,0.00,11.00,247.00,9802053.64,2367.03
1.67,0.00,50.00,5578.00,1510.00,0.00,11.00,247.00,9793072.94,2326.17
1.68,0.00,49.00,5571.00,1518.00,0.00,11.00,247.00,9783816.64,2288.87
1.69,0.00,47.00,5569.00,1522.00,0.00,10.00,248.00,9775059.67,2239.80
1.69,0.00,45.00,5563.00,1530.00,0.00,10.00,248.00,9766157.99,2195.00
1.70,0.00,43.00,5554.00,1541.00,0.00,10.00,248.00,9756673.39,2154.10
1.71,0.00,42.00,5550.00,1546.00,0.00,10.00,248.00,9747407.44,2116.76
1.72,0.00,41.00,5542.00,1555.00,0.00,10.00,248.00,9737740.27,2082.67
1.72,0.00,40.00,5534.00,1564.00,0.00,9.00,249.00,9727706.56,2036.53
1.73,0.00,39.00,5526.00,1573.00,0.00,9.00,249.00,9717337.99,1994.40
1.74,0.00,39.00,5514.00,1585.00,0.00,8.00,250.00,9706062.51,1940.92
1.74,0.00,38.00,5511.00,1589.00,0.00,8.00,250.00,9695310.67,1892.10
1.75,0.00,38.00,5501.00,1599.00,0.00,8.00,250.00,9683985.56,1847.53
1.76,0.00,37.00,5496.00,1605.00,0.00,7.00,251.00,9672887.86,1791.82
1.76,0.00,35.00,5494.00,1609.00,0.00,7.00,251.00,9662448.63,1740.95
1.77,0.00,34.00,5487.00,1617.00,0.00,7.00,251.00,9651859.79,1694.52
1.78,0.00,32.00,5476.00,1630.00,0.00,7.00,251.00,9640533.40,1652.13
1.78,0.00,32.00,5468.00,1638.00,0.00,5.00,253.00,9628983.83,1583.38
1.79,0.00,31.00,5462.00,1645.00,0.00,5.00,253.00,9617530.83,1520.62
1.80,0.00,31.00,5455.00,1652.00,0.00,5.00,253.00,9606015.83,1463.33
1.81,0.00,29.00,5450.00,1659.00,0.00,3.00,255.00,9594744.68,1380.98
1.81,0.00,28.00,5447.00,1663.00,0.00,3.00,255.00,9583996.75,1305.80
1.82,0.00,28.00,5442.00,1668.00,0.00,3.00,255.00,9573426.39,1237.16
1.83,0.00,26.00,5438.00,1674.00,0.00,3.00,255.00,9563168.44,1174.51
1.83,0.00,26.00,5430.00,1682.00,0.00,3.00,255.00,9552594.99,1117.30
1.84,0.00,24.00,5425.00,1689.00,0.00,3.00,255.00,9542184.04,1065.08
1.85,0.00,23.00,5415.00,1700.00,0.00,3.00,255.00,9531170.32,1017.41
1.85,0.00,23.00,5409.00,1706.00,0.00,3.00,255.00,9520206.92,973.89
1.86,0.00,23.00,5399.00,1716.00,0.00,3.00,255.00,9508688.47,934.15
1.87,0.00,23.00,5390.00,1725.00,0.00,3.00,255.00,9496813.28,897.88
1.88,0.00,22.00,5385.00,1731.00,0.00,3.00,255.00,9485213.00,864.77
1.88,0.00,22.00,5381.00,1735.00,0.00,3.00,255.00,9474014.16,834.53
1.89,0.00,22.00,5368.00,1748.00,0.00,3.00,255.00,9461829.99,806.94
1.90,0.00,21.00,5363.00,1754.00,0.00,3.00,255.00,9449947.44,781.74
1.90,0.00,19.00,5358.00,1761.00,0.00,3.00,255.00,9438340.48,758.74
1.91,0.00,19.00,5351.00,1768.00,0.00,3.00,255.00,9426684.85,737.74
1.92,0.00,17.00,5344.00,1777.00,0.00,2.00,256.00,9414984.74,703.55
1.92,0.00,16.00,5338.00,1784.00,0.00,2.00,256.00,9403394.21,672.33
1.93,0.00,16.00,5329.00,1793.00,0.00,2.00,256.00,9391453.11,643.83
1.94,0.00,15.00,5327.00,1796.00,0.00,2.00,256.00,9380243.37,617.82
1.94,0.00,15.00,5317.00,1806.00,0.00,2.00,256.00,9368499.89,594.07
1.95,0.00,15.00,5309.00,1814.00,0.00,2.00,256.00,9356569.26,572.38
1.96,0.00,15.00,5299.00,1824.00,0.00,2.00,256.00,9344167.26,552.59
1.97,0.00,14.00,5289.00,1835.00,0.00,1.00,257.00,9331334.56,519.50
1.97,0.00,13.00,5281.00,1844.00,0.00,1.00,257.00,9318408.86,489.28
1.98,0.00,13.00,5267.00,1858.00,0.00,1.00,257.00,9304496.79,461.70
1.99,0.00,13.00,5257.00,1868.00,0.00,1.00,257.00,9290284.52,436.52
1.99,0.00,13.00,5244.00,1881.00,0.00,0.00,258.00,9275347.29,398.51
2.00,0.00,13.00,5230.00,1895.00,0.00,0.00,258.00,9259597.51,363.81
2.01,0.00,13.00,5224.00,1901.00,0.00,0.00,258.00,9244307.25,332.13
2.01,0.00,12.00,5214.00,1912.00,0.00,0.00,258.00,9228835.87,303.21
2.02,0.00,11.00,5211.00,1916.00,0.00,0.00,258.00,9214250.62,276.81
2.03,0.00,10.00,5205.00,1923.00,0.00,0.00,258.00,9200024.27,252.70
2.03,0.00,9.00,5199.00,1930.00,0.00,0.00,258.00,9186125.80,230.70
2.04,0.00,9.00,5192.00,1937.00,0.00,0.00,258.00,9172376.66,210.61
2.05,0.00,9.00,5184.00,1945.00,0.00,0.00,258.00,9158613.66,192.27
2.06,0.00,9.00,5173.00,1956.00,0.00,0.00,258.00,9144387.37,175.53
2.06,0.00,9.00,5166.00,1963.00,0.00,0.00,258.00,9130338.69,160.25
2.07,0.00,9.00,5157.00,1972.00,0.00,0.00,258.00,9116151.88,146.29
2.08,0.00,9.00,5147.00,1982.00,0.00,0.00,258.00,9101688.60,133.55
2.08,0.00,9.00,5140.00,1989.00,0.00,0.00,258.00,9087423.44,121.92
2.09,0.00,9.00,5134.00,1995.00,0.00,0.00,258.00,9073489.50,111.31
2.10,0.00,9.00,5120.00,2009.00,0.00,0.00,258.00,9058656.36,101.62
2.10,0.00,9.00,5112.00,2017.00,0.00,0.00,258.00,9043903.02,92.77
2.11,0.00,8.00,5107.00,2023.00,0.00,0.00,258.00,9029673.35,84.69
2.12,0.00,8.00,5100.00,2030.00,0.00,0.00,258.00,9015621.60,77.31
2.12,0.00,7.00,5093.00,2038.00,0.00,0.00,258.00,9001732.40,70.58
2.13,0.00,7.00,5087.00,2044.00,0.00,0.00,258.00,8988141.96,64.44
2.14,0.00,6.00,5083.00,2049.00,0.00,0.00,258.00,8975124.90,58.83
2.15,0.00,6.00,5071.00,2061.00,0.00,0.00,258.00,8961429.83,53.70
2.15,0.00,6.00,5062.00,2070.00,0.00,0.00,258.00,8947566.03,49.03
2.16,0.00,6.00,5055.00,2077.00,0.00,0.00,258.00,8933848.57,44.76
2.17,0.00,6.00,5045.00,2087.00,0.00,0.00,258.00,8919814.09,40.86
2.17,0.00,6.00,5038.00,2094.00,0.00,0.00,258.00,8905940.67,37.30
2.18,0.00,5.00,5029.00,2104.00,0.00,0.00,258.00,8891913.92,34.05
2.19,0.00,5.00,5021.00,2112.00,0.00,0.00,258.00,8877897.38,31.09
2.19,0.00,5.00,5014.00,2119.00,0.00,0.00,258.00,8864040.34,28.38
2.20,0.00,5.00,5003.00,2130.00,0.00,0.00,258.00,8849728.13,25.91
2.21,0.00,5.00,4990.00,2143.00,0.00,0.00,258.00,8834699.55,23.65
2.22,0.00,5.00,4984.00,2149.00,0.00,0.00,258.00,8820068.19,21.59
2.22,0.00,5.00,4978.00,2155.00,0.00,0.00,258.00,8805799.72,19.71
2.23,0.00,5.00,4971.00,2162.00,0.00,0.00,258.00,8791712.52,18.00
2.24,0.00,5.00,4963.00,2170.00,0.00,0.00,258.00,8777640.73,16.43
2.24,0.00,5.00,4955.00,2178.00,0.00,0.00,258.00,8763582.97,15.00
2.25,0.00,5.00,4949.00,2184.00,0.00,0.00,258.00,8749838.54,13.69
2.26,0.00,5.00,4940.00,2193.00,0.00,0.00,258.00,8735929.63,12.50
2.26,0.00,5.00,4929.00,2204.00,0.00,0.00,258.00,8721570.04,11.41
2.27,0.00,4.00,4921.00,2213.00,0.00,0.00,258.00,8707249.34,10.42
2.28,0.00,4.00,4916.00,2218.00,0.00,0.00,258.00,8693414.92,9.51
2.28,0.00,4.00,4907.00,2227.00,0.00,0.00,258.00,8679423.81,8.68
2.29,0.00,3.00,4899.00,2236.00,0.00,0.00,258.00,8665439.78,7.93
2.30,0.00,3.00,4895.00,2240.00,0.00,0.00,258.00,8652063.19,7.24
2.31,0.00,3.00,4888.00,2247.00,0.00,0.00,258.00,8638790.79,6.61
2.31,0.00,3.00,4881.00,2254.00,0.00,0.00,258.00,8625613.63,6.03
2.32,0.00,3.00,4873.00,2262.00,0.00,0.00,258.00,8612373.22,5.51
2.33,0.00,2.00,4868.00,2268.00,0.00,0.00,258.00,8599525.72,5.03
2.33,0.00,2.00,4858.00,2278.00,0.00,0.00,258.00,8586286.04,4.59
2.34,0.00,2.00,4851.00,2285.00,0.00,0.00,258.00,8573138.72,4.19
2.35,0.00,2.00,4840.00,2296.00,0.00,0.00,258.00,8559474.89,3.82
2.35,0.00,2.00,4834.00,2302.00,0.00,0.00,258.00,8546090.32,3.49
2.36,0.00,2.00,4826.00,2310.00,0.00,0.00,258.00,8532660.46,3.19
2.37,0.00,2.00,4821.00,2315.00,0.00,0.00,258.00,8519639.86,2.91
2.38,0.00,2.00,4816.00,2320.00,0.00,0.00,258.00,8506993.19,2.66
2.38,0.00,2.00,4806.00,2330.00,0.00,0.00,258.00,8493936.99,2.43
2.39,0.00,2.00,4798.00,2338.00,0.00,0.00,258.00,8480807.08,2.21
2.40,0.00,2.00,4794.00,2342.00,0.00,0.00,258.00,8468210.79,2.02
2.40,0.00,2.00,4788.00,2348.00,0.00,0.00,258.00,8455801.53,1.85
2.41,0.00,2.00,4777.00,2359.00,0.00,0.00,258.00,8442811.96,1.68
2.42,0.00,2.00,4771.00,2365.00,0.00,0.00,258.00,8430043.41,1.54
2.42,0.00,2.00,4757.00,2379.00,0.00,0.00,258.00,8416274.94,1.40
2.43,0.00,2.00,4752.00,2384.00,0.00,0.00,258.00,8402944.98,1.28
2.44,0.00,2.00,4743.00,2393.00,0.00,0.00,258.00,8389414.74,1.17
2.44,0.00,1.00,4740.00,2397.00,0.00,0.00,258.00,8376602.94,1.07
2.45,0.00,1.00,4737.00,2400.00,0.00,0.00,258.00,8364447.49,0.98
2.46,0.00,1.00,4733.00,2404.00,0.00,0.00,258.00,8352741.42,0.89
2.47,0.00,1.00,4727.00,2410.00,0.00,0.00,258.00,8341145.46,0.81
2.47,0.00,1.00,4722.00,2415.00,0.00,0.00,258.00,8329800.35,0.74
2.48,0.00,1.00,4715.00,2422.00,0.00,0.00,258.00,8318383.90,0.68
2.49,0.00,1.00,4705.00,2432.00,0.00,0.00,258.00,8306451.62,0.62
2.49,0.00,1.00,4692.00,2445.00,0.00,0.00,258.00,8293597.35,0.56
2.50,0.00,1.00,4684.00,2453.00,0.00,0.00,258.00,8280651.94,0.52
2.51,0.00,1.00,4674.00,2463.00,0.00,0.00,258.00,8267322.83,0.47
2.51,0.00,1.00,4658.00,2479.00,0.00,0.00,258.00,8252741.74,0.43
2.52,0.00,1.00,4649.00,2488.00,0.00,0.00,258.00,8238068.47,0.39
2.53,0.00,1.00,4637.00,2500.00,0.00,0.00,258.00,8222860.30,0.36
2.53,0.00,1.00,4624.00,2513.00,0.00,0.00,258.00,8207013.23,0.33
2.54,0.00,0.00,4611.00,2527.00,0.00,0.00,258.00,8190582.48,0.30
2.55,0.00,0.00,4599.00,2539.00,0.00,0.00,258.00,8173768.66,0.27
2.56,0.00,0.00,4590.00,2548.00,0.00,0.00,258.00,8157055.61,0.25
2.56,0.00,0.00,4588.00,2550.00,0.00,0.00,258.00,8141486.25,0.23
2.57,0.00,0.00,4585.00,2553.00,0.00,0.00,258.00,8126811.51,0.21
2.58,0.00,0.00,4583.00,2555.00,0.00,0.00,258.00,8113104.30,0.19
2.58,0.00,0.00,4577.00,2561.00,0.00,0.00,258.00,8099680.11,0.17
2.59,0.00,0.00,4567.00,2571.00,0.00,0.00,258.00,8085913.56,0.16
2.60,0.00,0.00,4562.00,2576.00,0.00,0.00,258.00,8072585.40,0.14
2.60,0.00,0.00,4559.00,2579.00,0.00,0.00,258.00,8059958.19,0.13
2.61,0.00,0.00,4556.00,2582.00,0.00,0.00,258.00,8047971.39,0.12
2.62,0.00,0.00,4552.00,2586.00,0.00,0.00,258.00,8036419.40,0.11
2.62,0.00,0.00,4546.00,2592.00,0.00,0.00,258.00,8024964.19,0.10
2.63,0.00,0.00,4539.00,2599.00,0.00,0.00,258.00,8013447.21,0.09
2.64,0.00,0.00,4530.00,2608.00,0.00,0.00,258.00,8001573.30,0.08
2.65,0.00,0.00,4517.00,2621.00,0.00,0.00,258.00,7988772.36,0.08
2.65,0.00,0.00,4509.00,2629.00,0.00,0.00,258.00,7975875.67,0.07
2.66,0.00,0.00,4502.00,2636.00,0.00,0.00,258.00,7963041.73,0.06
2.67,0.00,0.00,4497.00,2641.00,0.00,0.00,258.00,7950565.60,0.06
2.67,0.00,0.00,4488.00,2650.00,0.00,0.00,258.00,7937815.40,0.05
2.68,0.00,0.00,4481.00,2657.00,0.00,0.00,258.00,7925115.30,0.05
2.69,0.00,0.00,4473.00,2665.00,0.00,0.00,258.00,7912310.75,0.04
2.69,0.00,0.00,4464.00,2674.00,0.00,0.00,258.00,7899260.51,0.04
2.70,0.00,0.00,4460.00,2678.00,0.00,0.00,258.00,7886737.00,0.04
2.71,0.00,0.00,4453.00,2685.00,0.00,0.00,258.00,7874243.99,0.03
2.72,0.00,0.00,4445.00,2693.00,0.00,0.00,258.00,7861628.61,0.03
2.72,0.00,0.00,4440.00,2698.00,0.00,0.00,258.00,7849352.15,0.03
2.73,0.00,0.00,4439.00,2699.00,0.00,0.00,258.00,7837986.22,0.03
2.74,0.00,0.00,4427.00,2711.00,0.00,0.00,258.00,7825799.65,0.02
2.74,0.00,0.00,4423.00,2715.00,0.00,0.00,258.00,7814065.15,0.02
2.75,0.00,0.00,4416.00,2722.00,0.00,0.00,258.00,7802292.98,0.02
2.76,0.00,0.00,4401.00,2737.00,0.00,0.00,258.00,7789284.55,0.02
2.76,0.00,0.00,4395.00,2743.00,0.00,0.00,258.00,7776498.77,0.02
2.77,0.00,0.00,4390.00,2748.00,0.00,0.00,258.00,7764066.59,0.01
2.78,0.00,0.00,4387.00,2751.00,0.00,0.00,258.00,7752257.97,0.01
2.78,0.00,0.00,4382.00,2756.00,0.00,0.00,258.00,7740718.54,0.01
2.79,0.00,0.00,4379.00,2759.00,0.00,0.00,258.00,7729725.52,0.01
2.80,0.00,0.00,4371.00,2767.00,0.00,0.00,258.00,7718480.52,0.01
2.81,0.00,0.00,4363.00,2775.00,0.00,0.00,258.00,7707005.31,0.01
2.81,0.00,0.00,4357.00,2781.00,0.00,0.00,258.00,7695620.29,0.01
2.82,0.00,0.00,4343.00,2795.00,0.00,0.00,258.00,7683115.76,0.01
2.83,0.00,0.00,4335.00,2803.00,0.00,0.00,258.00,7670489.87,0.01
2.83,0.00,0.00,4329.00,2809.00,0.00,0.00,258.00,7658053.59,0.01
2.84,0.00,0.00,4321.00,2817.00,0.00,0.00,258.00,7645490.02,0.01
2.85,0.00,0.00,4307.00,2831.00,0.00,0.00,258.00,7631908.81,0.01
2.85,0.00,0.00,4294.00,2844.00,0.00,0.00,258.00,7617548.12,0.00
2.86,0.00,0.00,4289.00,2849.00,0.00,0.00,258.00,7603677.13,0.00
2.87,0.00,0.00,4278.00,2860.00,0.00,0.00,258.00,7589352.17,0.00
2.88,0.00,0.00,4274.00,2864.00,0.00,0.00,258.00,7575664.04,0.00
2.88,0.00,0.00,4265.00,2873.00,0.00,0.00,258.00,7561806.62,0.00
2.89,0.00,0.00,4257.00,2881.00,0.00,0.00,258.00,7547944.73,0.00
2.90,0.00,0.00,4249.00,2889.00,0.00,0.00,258.00,7534078.76,0.00
2.90,0.00,0.00,4243.00,2895.00,0.00,0.00,258.00,7520509.53,0.00
2.91,0.00,0.00,4234.00,2904.00,0.00,0.00,258.00,7506760.69,0.00
2.92,0.00,0.00,4228.00,2910.00,0.00,0.00,258.00,7493298.48,0.00
2.92,0.00,0.00,4224.00,2914.00,0.00,0.00,258.00,7480398.57,0.00
2.93,0.00,0.00,4212.00,2926.00,0.00,0.00,258.00,7466810.52,0.00
2.94,0.00,0.00,4202.00,2936.00,0.00,0.00,258.00,7452894.27,0.00
2.94,0.00,0.00,4195.00,2943.00,0.00,0.00,258.00,7439128.89,0.00
2.95,0.00,0.00,4185.00,2953.00,0.00,0.00,258.00,7425050.62,0.00
2.96,0.00,0.00,4175.00,2963.00,0.00,0.00,258.00,7410686.49,0.00
2.97,0.00,0.00,4168.00,2970.00,0.00,0.00,258.00,7396511.91,0.00
2.97,0.00,0.00,4160.00,2978.00,0.00,0.00,258.00,7382360.27,0.00
2.98,0.00,0.00,4148.00,2990.00,0.00,0.00,258.00,7367628.66,0.00
2.99,0.00,0.00,4139.00,2999.00,0.00,0.00,258.00,7352817.90,0.00
2.99,0.00,0.00,4133.00,3005.00,0.00,0.00,258.00,7338385.53,0.00
3.00,0.00,0.00,4125.00,3013.00,0.00,0.00,258.00,7323998.36,0.00
3.01,0.00,0.00,4112.00,3026.00,0.00,0.00,258.00,7308901.35,0.00
3.01,0.00,0.00,4103.00,3035.00,0.00,0.00,258.00,7293756.74,0.00
3.02,0.00,0.00,4093.00,3045.00,0.00,0.00,258.00,7278418.43,0.00
3.03,0.00,0.00,4088.00,3050.00,0.00,0.00,258.00,7263654.32,0.00
3.03,0.00,0.00,4080.00,3058.00,0.00,0.00,258.00,7248964.08,0.00
3.04,0.00,0.00,4067.00,3071.00,0.00,0.00,258.00,7233590.18,0.00
3.05,0.00,0.00,4062.00,3076.00,0.00,0.00,258.00,7218793.56,0.00
3.06,0.00,0.00,4055.00,3083.00,0.00,0.00,258.00,7204223.85,0.00
3.06,0.00,0.00,4046.00,3092.00,0.00,0.00,258.00,7189561.01,0.00
3.07,0.00,0.00,4038.00,3100.00,0.00,0.00,258.00,7174963.27,0.00
3.08,0.00,0.00,4027.00,3111.00,0.00,0.00,258.00,7159974.37,0.00
3.08,0.00,0.00,4017.00,3121.00,0.00,0.00,258.00,7144778.29,0.00
3.09,0.00,0.00,4007.00,3131.00,0.00,0.00,258.00,7129392.96,0.00
3.10,0.00,0.00,3999.00,3139.00,0.00,0.00,258.00,7114135.19,0.00
3.10,0.00,0.00,3997.00,3141.00,0.00,0.00,258.00,7099895.33,0.00
3.11,0.00,0.00,3991.00,3147.00,0.00,0.00,258.00,7085984.52,0.00
3.12,0.00,0.00,3984.00,3154.00,0.00,0.00,258.00,7072224.12,0.00
3.12,0.00,0.00,3978.00,3160.00,0.00,0.00,258.00,7058751.30,0.00
3.13,0.00,0.00,3975.00,3163.00,0.00,0.00,258.00,7045991.94,0.00
3.14,0.00,0.00,3966.00,3172.00,0.00,0.00,258.00,7032983.02,0.00
3.15,0.00,0.00,3954.00,3184.00,0.00,0.00,258.00,7019295.38,0.00
3.15,0.00,0.00,3944.00,3194.00,0.00,0.00,258.00,7005288.14,0.00
3.16,0.00,0.00,3939.00,3199.00,0.00,0.00,258.00,6991740.08,0.00
3.17,0.00,0.00,3936.00,3202.00,0.00,0.00,258.00,6978911.97,0.00
3.17,0.00,0.00,3932.00,3206.00,0.00,0.00,258.00,6966591.40,0.00
3.18,0.00,0.00,3921.00,3217.00,0.00,0.00,258.00,6953682.87,0.00
3.19,0.00,0.00,3913.00,3225.00,0.00,0.00,258.00,6940687.87,0.00
3.19,0.00,0.00,3909.00,3229.00,0.00,0.00,258.00,6928214.82,0.00
3.20,0.00,0.00,3903.00,3235.00,0.00,0.00,258.00,6915918.14,0.00
3.21,0.00,0.00,3896.00,3242.00,0.00,0.00,258.00,6903632.37,0.00
3.22,0.00,0.00,3890.00,3248.00,0.00,0.00,258.00,6891506.79,0.00
3.22,0.00,0.00,3883.00,3255.00,0.00,0.00,258.00,6879377.33,0.00
3.23,0.00,0.00,3874.00,3264.00,0.00,0.00,258.00,6866943.86,0.00
3.24,0.00,0.00,3866.00,3272.00,0.00,0.00,258.00,6854382.90,0.00
3.24,0.00,0.00,3852.00,3286.00,0.00,0.00,258.00,6840804.06,0.00
3.25,0.00,0.00,3844.00,3294.00,0.00,0.00,258.00,6827196.67,0.00
3.26,0.00,0.00,3839.00,3299.00,0.00,0.00,258.00,6814013.93,0.00
3.26,0.00,0.00,3830.00,3308.00,0.00,0.00,258.00,6800618.17,0.00
3.27,0.00,0.00,3821.00,3317.00,0.00,0.00,258.00,6787027.82,0.00
3.28,0.00,0.00,3816.00,3322.00,0.00,0.00,258.00,6773860.64,0.00
3.28,0.00,0.00,3808.00,3330.00,0.00,0.00,258.00,6760629.36,0.00
3.29,0.00,0.00,3802.00,3336.00,0.00,0.00,258.00,6747639.95,0.00
3.30,0.00,0.00,3797.00,3341.00,0.00,0.00,258.00,6735021.77,0.00
3.31,0.00,0.00,3786.00,3352.00,0.00,0.00,258.00,6721841.34,0.00
3.31,0.00,0.00,3780.00,3358.00,0.00,0.00,258.00,6708898.44,0.00
3.32,0.00,0.00,3773.00,3365.00,0.00,0.00,258.00,6696022.26,0.00
3.33,0.00,0.00,3760.00,3378.00,0.00,0.00,258.00,6682305.68,0.00
3.33,0.00,0.00,3752.00,3386.00,0.00,0.00,258.00,6668572.46,0.00
3.34,0.00,0.00,3743.00,3395.00,0.00,0.00,258.00,6654673.81,0.00
3.35,0.00,0.00,3738.00,3400.00,0.00,0.00,258.00,6641224.96,0.00
3.35,0.00,0.00,3728.00,3410.00,0.00,0.00,258.00,6627435.87,0.00
3.36,0.00,0.00,3720.00,3418.00,0.00,0.00,258.00,6613636.42,0.00
3.37,0.00,0.00,3713.00,3425.00,0.00,0.00,258.00,6599977.72,0.00
3.38,0.00,0.00,3707.00,3431.00,0.00,0.00,258.00,6586597.85,0.00
3.38,0.00,0.00,3702.00,3436.00,0.00,0.00,258.00,6573622.94,0.00
3.39,0.00,0.00,3691.00,3447.00,0.00,0.00,258.00,6560116.61,0.00
3.40,0.00,0.00,3686.00,3452.00,0.00,0.00,258.00,6547026.16,0.00
3.40,0.00,0.00,3679.00,3459.00,0.00,0.00,258.00,6534015.21,0.00
3.41,0.00,0.00,3674.00,3464.00,0.00,0.00,258.00,6521377.36,0.00
3.42,0.00,0.00,3667.00,3471.00,0.00,0.00,258.00,6508779.89,0.00
3.42,0.00,0.00,3659.00,3479.00,0.00,0.00,258.00,6496069.10,0.00
3.43,0.00,0.00,3652.00,3486.00,0.00,0.00,258.00,6483405.00,0.00
3.44,0.00,0.00,3645.00,3493.00,0.00,0.00,258.00,6470783.54,0.00
3.44,0.00,0.00,3636.00,3502.00,0.00,0.00,258.00,6457900.58,0.00
3.45,0.00,0.00,3628.00,3510.00,0.00,0.00,258.00,6444928.96,0.00
3.46,0.00,0.00,3618.00,3520.00,0.00,0.00,258.00,6431575.86,0.00
3.47,0.00,0.00,3611.00,3527.00,0.00,0.00,258.00,6418324.96,0.00
3.47,0.00,0.00,3603.00,3535.00,0.00,0.00,258.00,6405017.19,0.00
3.48,0.00,0.00,3591.00,3547.00,0.00,0.00,258.00,6391056.52,0.00
3.49,0.00,0.00,3583.00,3555.00,0.00,0.00,258.00,6377100.32,0.00
3.49,0.00,0.00,3573.00,3565.00,0.00,0.00,258.00,6362847.72,0.00
3.50,0.00,0.00,3571.00,3567.00,0.00,0.00,258.00,6349526.18,0.00
3.51,0.00,0.00,3561.00,3577.00,0.00,0.00,258.00,6335853.42,0.00
3.51,0.00,0.00,3554.00,3584.00,0.00,0.00,258.00,6322310.45,0.00
3.52,0.00,0.00,3542.00,3596.00,0.00,0.00,258.00,6308134.95,0.00
3.53,0.00,0.00,3534.00,3604.00,0.00,0.00,258.00,6293982.46,0.00
3.53,0.00,0.00,3528.00,3610.00,0.00,0.00,258.00,6280151.45,0.00
3.54,0.00,0.00,3520.00,3618.00,0.00,0.00,258.00,6266313.70,0.00
3.55,0.00,0.00,3515.00,3623.00,0.00,0.00,258.00,6252920.47,0.00
3.56,0.00,0.00,3505.00,3633.00,0.00,0.00,258.00,6239182.21,0.00
3.56,0.00,0.00,3493.00,3645.00,0.00,0.00,258.00,6224828.25,0.00
3.57,0.00,0.00,3483.00,3655.00,0.00,0.00,258.00,6210212.28,0.00
3.58,0.00,0.00,3473.00,3665.00,0.00,0.00,258.00,6195356.93,0.00
3.58,0.00,0.00,3463.00,3675.00,0.00,0.00,258.00,6180282.87,0.00
3.59,0.00,0.00,3454.00,3684.00,0.00,0.00,258.00,6165159.23,0.00
3.60,0.00,0.00,3448.00,3690.00,0.00,0.00,258.00,6150441.00,0.00
3.60,0.00,0.00,3440.00,3698.00,0.00,0.00,258.00,6135792.67,0.00
3.61,0.00,0.00,3429.00,3709.00,0.00,0.00,258.00,6120757.56,0.00
3.62,0.00,0.00,3422.00,3716.00,0.00,0.00,258.00,6105969.96,0.00
3.62,0.00,0.00,3419.00,3719.00,0.00,0.00,258.00,6092009.42,0.00
3.63,0.00,0.00,3409.00,3729.00,0.00,0.00,258.00,6077752.88,0.00
3.64,0.00,0.00,3400.00,3738.00,0.00,0.00,258.00,6063376.11,0.00
3.65,0.00,0.00,3391.00,3747.00,0.00,0.00,258.00,6048889.51,0.00
3.65,0.00,0.00,3384.00,3754.00,0.00,0.00,258.00,6034603.07,0.00
3.66,0.00,0.00,3382.00,3756.00,0.00,0.00,258.00,6021250.62,0.00
3.67,0.00,0.00,3376.00,3762.00,0.00,0.00,258.00,6008150.51,0.00
3.67,0.00,0.00,3367.00,3771.00,0.00,0.00,258.00,5994830.29,0.00
3.68,0.00,0.00,3357.00,3781.00,0.00,0.00,258.00,5981158.70,0.00
3.69,0.00,0.00,3351.00,3787.00,0.00,0.00,258.00,5967767.08,0.00
3.69,0.00,0.00,3338.00,3800.00,0.00,0.00,258.00,5953579.56,0.00
3.70,0.00,0.00,3334.00,3804.00,0.00,0.00,258.00,5940017.04,0.00
3.71,0.00,0.00,3323.00,3815.00,0.00,0.00,258.00,5925973.87,0.00
3.72,0.00,0.00,3315.00,3823.00,0.00,0.00,258.00,5911942.28,0.00
3.72,0.00,0.00,3307.00,3831.00,0.00,0.00,258.00,5897921.28,0.00
3.73,0.00,0.00,3300.00,3838.00,0.00,0.00,258.00,5884060.18,0.00
3.74,0.00,0.00,3293.00,3845.00,0.00,0.00,258.00,5870345.16,0.00
3.74,0.00,0.00,3286.00,3852.00,0.00,0.00,258.00,5856763.61,0.00
3.75,0.00,0.00,3277.00,3861.00,0.00,0.00,258.00,5843003.52,0.00
3.76,0.00,0.00,3271.00,3867.00,0.00,0.00,258.00,5829531.01,0.00
3.76,0.00,0.00,3266.00,3872.00,0.00,0.00,258.00,5816471.48,0.00
3.77,0.00,0.00,3259.00,3879.00,0.00,0.00,258.00,5803488.78,0.00
3.78,0.00,0.00,3252.00,3886.00,0.00,0.00,258.00,5790576.25,0.00
3.78,0.00,0.00,3246.00,3892.00,0.00,0.00,258.00,5777878.07,0.00
3.79,0.00,0.00,3242.00,3896.00,0.00,0.00,258.00,5765676.18,0.00
3.80,0.00,0.00,3235.00,3903.00,0.00,0.00,258.00,5753477.00,0.00
3.81,0.00,0.00,3228.00,3910.00,0.00,0.00,258.00,5741280.32,0.00
3.81,0.00,0.00,3218.00,3920.00,0.00,0.00,258.00,5728635.19,0.00
3.82,0.00,0.00,3205.00,3933.00,0.00,0.00,258.00,5715129.71,0.00
3.83,0.00,0.00,3198.00,3940.00,0.00,0.00,258.00,5701739.57,0.00
3.83,0.00,0.00,3189.00,3949.00,0.00,0.00,258.00,5688154.37,0.00
3.84,0.00,0.00,3185.00,3953.00,0.00,0.00,258.00,5675142.09,0.00
3.85,0.00,0.00,3175.00,3963.00,0.00,0.00,258.00,5661751.87,0.00
3.85,0.00,0.00,3170.00,3968.00,0.00,0.00,258.00,5648767.50,0.00
3.86,0.00,0.00,3167.00,3971.00,0.00,0.00,258.00,5636454.39,0.00
3.87,0.00,0.00,3160.00,3978.00,0.00,0.00,258.00,5624153.59,0.00
3.88,0.00,0.00,3146.00,3992.00,0.00,0.00,258.00,5610812.43,0.00
3.88,0.00,0.00,3136.00,4002.00,0.00,0.00,258.00,5597121.74,0.00
3.89,0.00,0.00,3130.00,4008.00,0.00,0.00,258.00,5583712.65,0.00
3.90,0.00,0.00,3118.00,4020.00,0.00,0.00,258.00,5569659.42,0.00
3.90,0.00,0.00,3111.00,4027.00,0.00,0.00,258.00,5555768.89,0.00
3.91,0.00,0.00,3104.00,4034.00,0.00,0.00,258.00,5542026.97,0.00
3.92,0.00,0.00,3099.00,4039.00,0.00,0.00,258.00,5528721.31,0.00
3.92,0.00,0.00,3093.00,4045.00,0.00,0.00,258.00,5515663.95,0.00
3.93,0.00,0.00,3090.00,4048.00,0.00,0.00,258.00,5503284.16,0.00
3.94,0.00,0.00,3084.00,4054.00,0.00,0.00,258.00,5491072.68,0.00
3.94,0.00,0.00,3077.00,4061.00,0.00,0.00,258.00,5478864.75,0.00
3.95,0.00,0.00,3066.00,4072.00,0.00,0.00,258.00,5466059.13,0.00
3.96,0.00,0.00,3056.00,4082.00,0.00,0.00,258.00,5452857.70,0.00
3.97,0.00,0.00,3043.00,4095.00,0.00,0.00,258.00,5438843.96,0.00
3.97,0.00,0.00,3037.00,4101.00,0.00,0.00,258.00,5425139.73,0.00
3.98,0.00,0.00,3035.00,4103.00,0.00,0.00,258.00,5412319.19,0.00
3.99,0.00,0.00,3026.00,4112.00,0.00,0.00,258.00,5399254.35,0.00
3.99,0.00,0.00,3018.00,4120.00,0.00,0.00,258.00,5386116.56,0.00
4.00,0.00,0.00,3007.00,4131.00,0.00,0.00,258.00,5372461.42,0.00
4.01,0.00,0.00,2997.00,4141.00,0.00,0.00,258.00,5358483.88,0.00
4.01,0.00,0.00,2988.00,4150.00,0.00,0.00,258.00,5344362.04,0.00
4.02,0.00,0.00,2978.00,4160.00,0.00,0.00,258.00,5329958.11,0.00
4.03,0.00,0.00,2975.00,4163.00,0.00,0.00,258.00,5316348.08,0.00
4.03,0.00,0.00,2968.00,4170.00,0.00,0.00,258.00,5302862.45,0.00
4.04,0.00,0.00,2963.00,4175.00,0.00,0.00,258.00,5289790.91,0.00
4.05,0.00,0.00,2959.00,4179.00,0.00,0.00,258.00,5277247.95,0.00
4.06,0.00,0.00,2952.00,4186.00,0.00,0.00,258.00,5264737.16,0.00
4.06,0.00,0.00,2945.00,4193.00,0.00,0.00,258.00,5252255.77,0.00
4.07,0.00,0.00,2934.00,4204.00,0.00,0.00,258.00,5239200.32,0.00
4.08,0.00,0.00,2930.00,4208.00,0.00,0.00,258.00,5226672.03,0.00
4.08,0.00,0.00,2918.00,4220.00,0.00,0.00,258.00,5213423.51,0.00
4.09,0.00,0.00,2907.00,4231.00,0.00,0.00,258.00,5199667.22,0.00
4.10,0.00,0.00,2901.00,4237.00,0.00,0.00,258.00,5186198.19,0.00
4.10,0.00,0.00,2895.00,4243.00,0.00,0.00,258.00,5172991.59,0.00
4.11,0.00,0.00,2891.00,4247.00,0.00,0.00,258.00,5160325.20,0.00
4.12,0.00,0.00,2879.00,4259.00,0.00,0.00,258.00,5146950.52,0.00
4.12,0.00,0.00,2870.00,4268.00,0.00,0.00,258.00,5133379.43,0.00
4.13,0.00,0.00,2864.00,4274.00,0.00,0.00,258.00,5120079.60,0.00
4.14,0.00,0.00,2856.00,4282.00,0.00,0.00,258.00,5106727.12,0.00
4.15,0.00,0.00,2851.00,4287.00,0.00,0.00,258.00,5093777.24,0.00
4.15,0.00,0.00,2844.00,4294.00,0.00,0.00,258.00,5080894.71,0.00
4.16,0.00,0.00,2835.00,4303.00,0.00,0.00,258.00,5067773.24,0.00
4.17,0.00,0.00,2825.00,4313.00,0.00,0.00,258.00,5054283.26,0.00
4.17,0.00,0.00,2822.00,4316.00,0.00,0.00,258.00,5041508.19,0.00
4.18,0.00,0.00,2811.00,4327.00,0.00,0.00,258.00,5028184.46,0.00
4.19,0.00,0.00,2805.00,4333.00,0.00,0.00,258.00,5015110.60,0.00
4.19,0.00,0.00,2795.00,4343.00,0.00,0.00,258.00,5001664.13,0.00
4.20,0.00,0.00,2787.00,4351.00,0.00,0.00,258.00,4988177.66,0.00
4.21,0.00,0.00,2778.00,4360.00,0.00,0.00,258.00,4974504.45,0.00
4.22,0.00,0.00,2769.00,4369.00,0.00,0.00,258.00,4960660.62,0.00
4.22,0.00,0.00,2760.00,4378.00,0.00,0.00,258.00,4946660.91,0.00
4.23,0.00,0.00,2752.00,4386.00,0.00,0.00,258.00,4932669.03,0.00
4.24,0.00,0.00,2743.00,4395.00,0.00,0.00,258.00,4918534.09,0.00
4.24,0.00,0.00,2737.00,4401.00,0.00,0.00,258.00,4904719.13,0.00
4.25,0.00,0.00,2726.00,4412.00,0.00,0.00,258.00,4890445.33,0.00
4.26,0.00,0.00,2721.00,4417.00,0.00,0.00,258.00,4876653.73,0.00
4.26,0.00,0.00,2714.00,4424.00,0.00,0.00,258.00,4863002.20,0.00
4.27,0.00,0.00,2709.00,4429.00,0.00,0.00,258.00,4849779.14,0.00
4.28,0.00,0.00,2702.00,4436.00,0.00,0.00,258.00,4836647.00,0.00
4.28,0.00,0.00,2696.00,4442.00,0.00,0.00,258.00,4823748.20,0.00
4.29,0.00,0.00,2689.00,4449.00,0.00,0.00,258.00,4810912.33,0.00
4.30,0.00,0.00,2683.00,4455.00,0.00,0.00,258.00,4798284.19,0.00
4.31,0.00,0.00,2680.00,4458.00,0.00,0.00,258.00,4786296.53,0.00
4.31,0.00,0.00,2676.00,4462.00,0.00,0.00,258.00,4774743.76,0.00
4.32,0.00,0.00,2670.00,4468.00,0.00,0.00,258.00,4763287.85,0.00
4.33,0.00,0.00,2661.00,4477.00,0.00,0.00,258.00,4751469.73,0.00
4.33,0.00,0.00,2651.00,4487.00,0.00,0.00,258.00,4739170.48,0.00
4.34,0.00,0.00,2640.00,4498.00,0.00,0.00,258.00,4726281.43,0.00
4.35,0.00,0.00,2635.00,4503.00,0.00,0.00,258.00,4713754.92,0.00
4.35,0.00,0.00,2628.00,4510.00,0.00,0.00,258.00,4701259.17,0.00
4.36,0.00,0.00,2625.00,4513.00,0.00,0.00,258.00,4689392.46,0.00
4.37,0.00,0.00,2620.00,4518.00,0.00,0.00,258.00,4677799.97,0.00
4.38,0.00,0.00,2614.00,4524.00,0.00,0.00,258.00,4666307.76,0.00
4.38,0.00,0.00,2608.00,4530.00,0.00,0.00,258.00,4654907.18,0.00
4.39,0.00,0.00,2606.00,4532.00,0.00,0.00,258.00,4644191.25,0.00
4.40,0.00,0.00,2597.00,4541.00,0.00,0.00,258.00,4633049.15,0.00
4.40,0.00,0.00,2590.00,4548.00,0.00,0.00,258.00,4621818.20,0.00
4.41,0.00,0.00,2586.00,4552.00,0.00,0.00,258.00,4610956.74,0.00
4.42,0.00,0.00,2580.00,4558.00,0.00,0.00,258.00,4600132.42,0.00
4.42,0.00,0.00,2572.00,4566.00,0.00,0.00,258.00,4589041.55,0.00
4.43,0.00,0.00,2566.00,4572.00,0.00,0.00,258.00,4578007.64,0.00
4.44,0.00,0.00,2558.00,4580.00,0.00,0.00,258.00,4566725.29,0.00
4.44,0.00,0.00,2553.00,4585.00,0.00,0.00,258.00,4555666.66,0.00
4.45,0.00,0.00,2545.00,4593.00,0.00,0.00,258.00,4544361.71,0.00
4.46,0.00,0.00,2538.00,4600.00,0.00,0.00,258.00,4532981.98,0.00
4.47,0.00,0.00,2526.00,4612.00,0.00,0.00,258.00,4520782.78,0.00
4.47,0.00,0.00,2521.00,4617.00,0.00,0.00,258.00,4508886.51,0.00
4.48,0.00,0.00,2511.00,4627.00,0.00,0.00,258.00,4496515.86,0.00
4.49,0.00,0.00,2504.00,4634.00,0.00,0.00,258.00,4484162.50,0.00
4.49,0.00,0.00,2493.00,4645.00,0.00,0.00,258.00,4471224.01,0.00
4.50,0.00,0.00,2486.00,4652.00,0.00,0.00,258.00,4458351.90,0.00
4.51,0.00,0.00,2477.00,4661.00,0.00,0.00,258.00,4445239.96,0.00
4.51,0.00,0.00,2470.00,4668.00,0.00,0.00,258.00,4432209.36,0.00
4.52,0.00,0.00,2464.00,4674.00,0.00,0.00,258.00,4419403.33,0.00
4.53,0.00,0.00,2457.00,4681.00,0.00,0.00,258.00,4406652.20,0.00
4.53,0.00,0.00,2451.00,4687.00,0.00,0.00,258.00,4394101.47,0.00
4.54,0.00,0.00,2443.00,4695.00,0.00,0.00,258.00,4381433.37,0.00
4.55,0.00,0.00,2438.00,4700.00,0.00,0.00,258.00,4369108.73,0.00
4.56,0.00,0.00,2428.00,4710.00,0.00,0.00,258.00,4356346.72,0.00
4.56,0.00,0.00,2420.00,4718.00,0.00,0.00,258.00,4343485.60,0.00
4.57,0.00,0.00,2411.00,4727.00,0.00,0.00,258.00,4330383.68,0.00
4.58,0.00,0.00,2405.00,4733.00,0.00,0.00,258.00,4317512.49,0.00
4.58,0.00,0.00,2398.00,4740.00,0.00,0.00,258.00,4304701.83,0.00
4.59,0.00,0.00,2389.00,4749.00,0.00,0.00,258.00,4291646.02,0.00
4.60,0.00,0.00,2383.00,4755.00,0.00,0.00,258.00,4278816.96,0.00
4.60,0.00,0.00,2375.00,4763.00,0.00,0.00,258.00,4265894.59,0.00
4.61,0.00,0.00,2364.00,4774.00,0.00,0.00,258.00,4252436.24,0.00
4.62,0.00,0.00,2359.00,4779.00,0.00,0.00,258.00,4239389.64,0.00
4.62,0.00,0.00,2356.00,4782.00,0.00,0.00,258.00,4227019.67,0.00
4.63,0.00,0.00,2352.00,4786.00,0.00,0.00,258.00,4215117.62,0.00
4.64,0.00,0.00,2348.00,4790.00,0.00,0.00,258.00,4203643.09,0.00
4.65,0.00,0.00,2338.00,4800.00,0.00,0.00,258.00,4191657.73,0.00
4.65,0.00,0.00,2334.00,4804.00,0.00,0.00,258.00,4180107.07,0.00
4.66,0.00,0.00,2328.00,4810.00,0.00,0.00,258.00,4168653.08,0.00
4.67,0.00,0.00,2324.00,4814.00,0.00,0.00,258.00,4157587.88,0.00
4.67,0.00,0.00,2316.00,4822.00,0.00,0.00,258.00,4146276.94,0.00
4.68,0.00,0.00,2305.00,4833.00,0.00,0.00,258.00,4134290.80,0.00
4.69,0.00,0.00,2295.00,4843.00,0.00,0.00,258.00,4121838.04,0.00
4.69,0.00,0.00,2286.00,4852.00,0.00,0.00,258.00,4109109.22,0.00
4.70,0.00,0.00,2279.00,4859.00,0.00,0.00,258.00,4096428.64,0.00
4.71,0.00,0.00,2271.00,4867.00,0.00,0.00,258.00,4083641.91,0.00
4.72,0.00,0.00,2267.00,4871.00,0.00,0.00,258.00,4071359.12,0.00
4.72,0.00,0.00,2257.00,4881.00,0.00,0.00,258.00,4058635.33,0.00
4.73,0.00,0.00,2254.00,4884.00,0.00,0.00,258.00,4046560.29,0.00
4.74,0.00,0.00,2246.00,4892.00,0.00,0.00,258.00,4034326.76,0.00
4.74,0.00,0.00,2238.00,4900.00,0.00,0.00,258.00,4021948.45,0.00
4.75,0.00,0.00,2232.00,4906.00,0.00,0.00,258.00,4009738.34,0.00
4.76,0.00,0.00,2227.00,4911.00,0.00,0.00,258.00,3997832.11,0.00
4.76,0.00,0.00,2218.00,4920.00,0.00,0.00,258.00,3985602.59,0.00
4.77,0.00,0.00,2212.00,4926.00,0.00,0.00,258.00,3973528.42,0.00
4.78,0.00,0.00,2206.00,4932.00,0.00,0.00,258.00,3961596.14,0.00
4.78,0.00,0.00,2198.00,4940.00,0.00,0.00,258.00,3949493.06,0.00
4.79,0.00,0.00,2190.00,4948.00,0.00,0.00,258.00,3937233.92,0.00
4.80,0.00,0.00,2179.00,4959.00,0.00,0.00,258.00,3924381.51,0.00
4.81,0.00,0.00,2176.00,4962.00,0.00,0.00,258.00,3912188.96,0.00
4.81,0.00,0.00,2167.00,4971.00,0.00,0.00,258.00,3899697.84,0.00
4.82,0.00,0.00,2161.00,4977.00,0.00,0.00,258.00,3887384.68,0.00
4.83,0.00,0.00,2150.00,4988.00,0.00,0.00,258.00,3874482.91,0.00
4.83,0.00,0.00,2141.00,4997.00,0.00,0.00,258.00,3861343.87,0.00
4.84,0.00,0.00,2137.00,5001.00,0.00,0.00,258.00,3848739.21,0.00
4.85,0.00,0.00,2129.00,5009.00,0.00,0.00,258.00,3836021.84,0.00
4.85,0.00,0.00,2125.00,5013.00,0.00,0.00,258.00,3823802.42,0.00
4.86,0.00,0.00,2123.00,5015.00,0.00,0.00,258.00,3812338.39,0.00
4.87,0.00,0.00,2117.00,5021.00,0.00,0.00,258.00,3800963.55,0.00
4.88,0.00,0.00,2106.00,5032.00,0.00,0.00,258.00,3788919.03,0.00
4.88,0.00,0.00,2095.00,5043.00,0.00,0.00,258.00,3776262.71,0.00
4.89,0.00,0.00,2084.00,5054.00,0.00,0.00,258.00,3763047.44,0.00
4.90,0.00,0.00,2080.00,5058.00,0.00,0.00,258.00,3750373.15,0.00
4.90,0.00,0.00,2075.00,5063.00,0.00,0.00,258.00,3738042.86,0.00
4.91,0.00,0.00,2064.00,5074.00,0.00,0.00,258.00,3725125.44,0.00
4.92,0.00,0.00,2060.00,5078.00,0.00,0.00,258.00,3712723.27,0.00
4.92,0.00,0.00,2049.00,5089.00,0.00,0.00,258.00,3699740.18,0.00
4.93,0.00,0.00,2042.00,5096.00,0.00,0.00,258.00,3686827.32,0.00
4.94,0.00,0.00,2034.00,5104.00,0.00,0.00,258.00,3673828.37,0.00
4.94,0.00,0.00,2025.00,5113.00,0.00,0.00,258.00,3660600.55,0.00
4.95,0.00,0.00,2016.00,5122.00,0.00,0.00,258.00,3647163.62,0.00
4.96,0.00,0.00,2012.00,5126.00,0.00,0.00,258.00,3634286.82,0.00
4.97,0.00,0.00,2004.00,5134.00,0.00,0.00,258.00,3621320.83,0.00
4.97,0.00,0.00,1998.00,5140.00,0.00,0.00,258.00,3608573.80,0.00
4.98,0.00,0.00,1992.00,5146.00,0.00,0.00,258.00,3596026.82,0.00
4.99,0.00,0.00,1986.00,5152.00,0.00,0.00,258.00,3583662.61,0.00
4.99,0.00,0.00,1976.00,5162.00,0.00,0.00,258.00,3570864.44,0.00
5.00,0.00,0.00,1969.00,5169.00,0.00,0.00,258.00,3558120.52,0.00
5.01,0.00,0.00,1962.00,5176.00,0.00,0.00,258.00,3545426.14,0.00
5.01,0.00,0.00,1952.00,5186.00,0.00,0.00,258.00,3532326.34,0.00
5.02,0.00,0.00,1948.00,5190.00,0.00,0.00,258.00,3519757.55,0.00
5.03,0.00,0.00,1944.00,5194.00,0.00,0.00,258.00,3507673.86,0.00
5.03,0.00,0.00,1938.00,5200.00,0.00,0.00,258.00,3495732.90,0.00
5.04,0.00,0.00,1933.00,5205.00,0.00,0.00,258.00,3484072.57,0.00
5.05,0.00,0.00,1924.00,5214.00,0.00,0.00,258.00,3472067.71,0.00
5.06,0.00,0.00,1912.00,5226.00,0.00,0.00,258.00,3459297.36,0.00
5.06,0.00,0.00,1908.00,5230.00,0.00,0.00,258.00,3447029.56,0.00
5.07,0.00,0.00,1899.00,5239.00,0.00,0.00,258.00,3434469.70,0.00
5.08,0.00,0.00,1893.00,5245.00,0.00,0.00,258.00,3422093.72,0.00
5.08,0.00,0.00,1888.00,5250.00,0.00,0.00,258.00,3410035.96,0.00
5.09,0.00,0.00,1879.00,5259.00,0.00,0.00,258.00,3397668.00,0.00
5.10,0.00,0.00,1876.00,5262.00,0.00,0.00,258.00,3385918.03,0.00
5.10,0.00,0.00,1868.00,5270.00,0.00,0.00,258.00,3373981.49,0.00
5.11,0.00,0.00,1862.00,5276.00,0.00,0.00,258.00,3362174.97,0.00
5.12,0.00,0.00,1855.00,5283.00,0.00,0.00,258.00,3350337.00,0.00
5.12,0.00,0.00,1851.00,5287.00,0.00,0.00,258.00,3338920.99,0.00
5.13,0.00,0.00,1841.00,5297.00,0.00,0.00,258.00,3326989.10,0.00
5.14,0.00,0.00,1838.00,5300.00,0.00,0.00,258.00,3315637.52,0.00
5.15,0.00,0.00,1826.00,5312.00,0.00,0.00,258.00,3303464.03,0.00
5.15,0.00,0.00,1823.00,5315.00,0.00,0.00,258.00,3291891.72,0.00
5.16,0.00,0.00,1813.00,5325.00,0.00,0.00,258.00,3279817.03,0.00
5.17,0.00,0.00,1808.00,5330.00,0.00,0.00,258.00,3268034.54,0.00
5.17,0.00,0.00,1794.00,5344.00,0.00,0.00,258.00,3255166.91,0.00
5.18,0.00,0.00,1787.00,5351.00,0.00,0.00,258.00,3242359.51,0.00
5.19,0.00,0.00,1783.00,5355.00,0.00,0.00,258.00,3230057.84,0.00
5.19,0.00,0.00,1771.00,5367.00,0.00,0.00,258.00,3217016.35,0.00
5.20,0.00,0.00,1767.00,5371.00,0.00,0.00,258.00,3204500.82,0.00
5.21,0.00,0.00,1759.00,5379.00,0.00,0.00,258.00,3191864.87,0.00
5.22,0.00,0.00,1751.00,5387.00,0.00,0.00,258.00,3179118.91,0.00
5.22,0.00,0.00,1743.00,5395.00,0.00,0.00,258.00,3166272.45,0.00
5.23,0.00,0.00,1737.00,5401.00,0.00,0.00,258.00,3153634.63,0.00
5.24,0.00,0.00,1732.00,5406.00,0.00,0.00,258.00,3141337.66,0.00
5.24,0.00,0.00,1728.00,5410.00,0.00,0.00,258.00,3129502.31,0.00
5.25,0.00,0.00,1723.00,5415.00,0.00,0.00,258.00,3117938.47,0.00
5.26,0.00,0.00,1716.00,5422.00,0.00,0.00,258.00,3106322.22,0.00
5.26,0.00,0.00,1708.00,5430.00,0.00,0.00,258.00,3094507.84,0.00
5.27,0.00,0.00,1699.00,5439.00,0.00,0.00,258.00,3082362.21,0.00
5.28,0.00,0.00,1691.00,5447.00,0.00,0.00,258.00,3070064.23,0.00
5.28,0.00,0.00,1685.00,5453.00,0.00,0.00,258.00,3057927.50,0.00
5.29,0.00,0.00,1680.00,5458.00,0.00,0.00,258.00,3046088.31,0.00
5.30,0.00,0.00,1674.00,5464.00,0.00,0.00,258.00,3034370.72,0.00
5.31,0.00,0.00,1664.00,5474.00,0.00,0.00,258.00,3022163.31,0.00
5.31,0.00,0.00,1660.00,5478.00,0.00,0.00,258.00,3010409.79,0.00
5.32,0.00,0.00,1654.00,5484.00,0.00,0.00,258.00,2998770.46,0.00
5.33,0.00,0.00,1645.00,5493.00,0.00,0.00,258.00,2986784.79,0.00
5.33,0.00,0.00,1639.00,5499.00,0.00,0.00,258.00,2974933.38,0.00
5.34,0.00,0.00,1630.00,5508.00,0.00,0.00,258.00,2962753.94,0.00
5.35,0.00,0.00,1624.00,5514.00,0.00,0.00,258.00,2950725.50,0.00
5.35,0.00,0.00,1617.00,5521.00,0.00,0.00,258.00,2938684.79,0.00
5.36,0.00,0.00,1611.00,5527.00,0.00,0.00,258.00,2926783.09,0.00
5.37,0.00,0.00,1605.00,5533.00,0.00,0.00,258.00,2915008.42,0.00
5.38,0.00,0.00,1597.00,5541.00,0.00,0.00,258.00,2903049.31,0.00
5.38,0.00,0.00,1592.00,5546.00,0.00,0.00,258.00,2891372.40,0.00
5.39,0.00,0.00,1582.00,5556.00,0.00,0.00,258.00,2879202.15,0.00
5.40,0.00,0.00,1577.00,5561.00,0.00,0.00,258.00,2867332.34,0.00
5.40,0.00,0.00,1570.00,5568.00,0.00,0.00,258.00,2855436.55,0.00
5.41,0.00,0.00,1563.00,5575.00,0.00,0.00,258.00,2843517.02,0.00
5.42,0.00,0.00,1559.00,5579.00,0.00,0.00,258.00,2832026.51,0.00
5.42,0.00,0.00,1553.00,5585.00,0.00,0.00,258.00,2820627.48,0.00
5.43,0.00,0.00,1545.00,5593.00,0.00,0.00,258.00,2809011.56,0.00
5.44,0.00,0.00,1537.00,5601.00,0.00,0.00,258.00,2797197.49,0.00
5.44,0.00,0.00,1529.00,5609.00,0.00,0.00,258.00,2785202.38,0.00
5.45,0.00,0.00,1523.00,5615.00,0.00,0.00,258.00,2773342.36,0.00
5.46,0.00,0.00,1519.00,5619.00,0.00,0.00,258.00,2761906.21,0.00
5.47,0.00,0.00,1515.00,5623.00,0.00,0.00,258.00,2750857.31,0.00
5.47,0.00,0.00,1507.00,5631.00,0.00,0.00,258.00,2739561.26,0.00
5.48,0.00,0.00,1503.00,5635.00,0.00,0.00,258.00,2728640.35,0.00
5.49,0.00,0.00,1498.00,5640.00,0.00,0.00,258.00,2717911.93,0.00
5.49,0.00,0.00,1486.00,5652.00,0.00,0.00,258.00,2706307.75,0.00
5.50,0.00,0.00,1480.00,5658.00,0.00,0.00,258.00,2694804.88,0.00
5.51,0.00,0.00,1474.00,5664.00,0.00,0.00,258.00,2683394.55,0.00
5.51,0.00,0.00,1470.00,5668.00,0.00,0.00,258.00,2672369.22,0.00
5.52,0.00,0.00,1465.00,5673.00,0.00,0.00,258.00,2661545.42,0.00
5.53,0.00,0.00,1459.00,5679.00,0.00,0.00,258.00,2650755.47,0.00
5.53,0.00,0.00,1449.00,5689.00,0.00,0.00,258.00,2639395.56,0.00
5.54,0.00,0.00,1440.00,5698.00,0.00,0.00,258.00,2627665.14,0.00
5.55,0.00,0.00,1433.00,5705.00,0.00,0.00,258.00,2615896.70,0.00
5.56,0.00,0.00,1427.00,5711.00,0.00,0.00,258.00,2604243.75,0.00
5.56,0.00,0.00,1421.00,5717.00,0.00,0.00,258.00,2592696.31,0.00
5.57,0.00,0.00,1412.00,5726.00,0.00,0.00,258.00,2580794.58,0.00
5.58,0.00,0.00,1405.00,5733.00,0.00,0.00,258.00,2568869.63,0.00
5.58,0.00,0.00,1401.00,5737.00,0.00,0.00,258.00,2557374.15,0.00
5.59,0.00,0.00,1394.00,5744.00,0.00,0.00,258.00,2545820.36,0.00
5.60,0.00,0.00,1390.00,5748.00,0.00,0.00,258.00,2534663.97,0.00
5.60,0.00,0.00,1378.00,5760.00,0.00,0.00,258.00,2522668.81,0.00
5.61,0.00,0.00,1369.00,5769.00,0.00,0.00,258.00,2510358.03,0.00
5.62,0.00,0.00,1361.00,5777.00,0.00,0.00,258.00,2497909.14,0.00
5.62,0.00,0.00,1353.00,5785.00,0.00,0.00,258.00,2485334.08,0.00
5.63,0.00,0.00,1345.00,5793.00,0.00,0.00,258.00,2472643.75,0.00
5.64,0.00,0.00,1336.00,5802.00,0.00,0.00,258.00,2459697.88,0.00
5.65,0.00,0.00,1329.00,5809.00,0.00,0.00,258.00,2446819.01,0.00
5.65,0.00,0.00,1323.00,5815.00,0.00,0.00,258.00,2434151.59,0.00
5.66,0.00,0.00,1314.00,5824.00,0.00,0.00,258.00,2421226.63,0.00
5.67,0.00,0.00,1306.00,5832.00,0.00,0.00,258.00,2408216.64,0.00
5.67,0.00,0.00,1298.00,5840.00,0.00,0.00,258.00,2395128.96,0.00
5.68,0.00,0.00,1293.00,5845.00,0.00,0.00,258.00,2382421.00,0.00
5.69,0.00,0.00,1291.00,5847.00,0.00,0.00,258.00,2370510.64,0.00
5.69,0.00,0.00,1281.00,5857.00,0.00,0.00,258.00,2358127.11,0.00
5.70,0.00,0.00,1272.00,5866.00,0.00,0.00,258.00,2345461.53,0.00
5.71,0.00,0.00,1266.00,5872.00,0.00,0.00,258.00,2332988.96,0.00
5.72,0.00,0.00,1261.00,5877.00,0.00,0.00,258.00,2320842.95,0.00
5.72,0.00,0.00,1255.00,5883.00,0.00,0.00,258.00,2308845.07,0.00
5.73,0.00,0.00,1250.00,5888.00,0.00,0.00,258.00,2297132.73,0.00
5.74,0.00,0.00,1246.00,5892.00,0.00,0.00,258.00,2285831.51,0.00
5.74,0.00,0.00,1242.00,5896.00,0.00,0.00,258.00,2274905.87,0.00
5.75,0.00,0.00,1228.00,5910.00,0.00,0.00,258.00,2262821.04,0.00
5.76,0.00,0.00,1224.00,5914.00,0.00,0.00,258.00,2251179.51,0.00
5.76,0.00,0.00,1221.00,5917.00,0.00,0.00,258.00,2240093.20,0.00
5.77,0.00,0.00,1212.00,5926.00,0.00,0.00,258.00,2228612.75,0.00
5.78,0.00,0.00,1212.00,5926.00,0.00,0.00,258.00,2218124.29,0.00
5.78,0.00,0.00,1208.00,5930.00,0.00,0.00,258.00,2207941.20,0.00
5.79,0.00,0.00,1198.00,5940.00,0.00,0.00,258.00,2197135.68,0.00
5.80,0.00,0.00,1194.00,5944.00,0.00,0.00,258.00,2186662.91,0.00
5.81,0.00,0.00,1190.00,5948.00,0.00,0.00,258.00,2176494.16,0.00
5.81,0.00,0.00,1175.00,5963.00,0.00,0.00,258.00,2164950.58,0.00
5.82,0.00,0.00,1169.00,5969.00,0.00,0.00,258.00,2153503.07,0.00
5.83,0.00,0.00,1161.00,5977.00,0.00,0.00,258.00,2141842.85,0.00
5.83,0.00,0.00,1153.00,5985.00,0.00,0.00,258.00,2129988.32,0.00
5.84,0.00,0.00,1145.00,5993.00,0.00,0.00,258.00,2117956.26,0.00
5.85,0.00,0.00,1141.00,5997.00,0.00,0.00,258.00,2106362.93,0.00
5.85,0.00,0.00,1136.00,6002.00,0.00,0.00,258.00,2095020.19,0.00
5.86,0.00,0.00,1131.00,6007.00,0.00,0.00,258.00,2083906.40,0.00
5.87,0.00,0.00,1127.00,6011.00,0.00,0.00,258.00,2073151.99,0.00
5.88,0.00,0.00,1125.00,6013.00,0.00,0.00,258.00,2063026.40,0.00
5.88,0.00,0.00,1119.00,6019.00,0.00,0.00,258.00,2052874.33,0.00
5.89,0.00,0.00,1111.00,6027.00,0.00,0.00,258.00,2042397.62,0.00
5.90,0.00,0.00,1109.00,6029.00,0.00,0.00,258.00,2032525.72,0.00
5.90,0.00,0.00,1104.00,6034.00,0.00,0.00,258.00,2022755.68,0.00
5.91,0.00,0.00,1099.00,6039.00,0.00,0.00,258.00,2013078.68,0.00
5.92,0.00,0.00,1089.00,6049.00,0.00,0.00,258.00,2002735.53,0.00
5.92,0.00,0.00,1081.00,6057.00,0.00,0.00,258.00,1992084.26,0.00
5.93,0.00,0.00,1073.00,6065.00,0.00,0.00,258.00,1981151.48,0.00
5.94,0.00,0.00,1067.00,6071.00,0.00,0.00,258.00,1970261.99,0.00
5.94,0.00,0.00,1060.00,6078.00,0.00,0.00,258.00,1959261.82,0.00
5.95,0.00,0.00,1054.00,6084.00,0.00,0.00,258.00,1948310.75,0.00
5.96,0.00,0.00,1044.00,6094.00,0.00,0.00,258.00,1936803.62,0.00
5.97,0.00,0.00,1041.00,6097.00,0.00,0.00,258.00,1925840.11,0.00
5.97,0.00,0.00,1038.00,6100.00,0.00,0.00,258.00,1915373.22,0.00
5.98,0.00,0.00,1034.00,6104.00,0.00,0.00,258.00,1905209.83,0.00
5.99,0.00,0.00,1029.00,6109.00,0.00,0.00,258.00,1895173.47,0.00
5.99,0.00,0.00,1020.00,6118.00,0.00,0.00,258.00,1884652.26,0.00
6.00,0.00,0.00,1014.00,6124.00,0.00,0.00,258.00,1874138.76,0.00
6.01,0.00,0.00,1009.00,6129.00,0.00,0.00,258.00,1863782.55,0.00
6.01,0.00,0.00,1001.00,6137.00,0.00,0.00,258.00,1853119.35,0.00
6.02,0.00,0.00,993.00,6145.00,0.00,0.00,258.00,1842175.67,0.00
6.03,0.00,0.00,987.00,6151.00,0.00,0.00,258.00,1831276.23,0.00
6.03,0.00,0.00,979.00,6159.00,0.00,0.00,258.00,1820116.72,0.00
6.04,0.00,0.00,975.00,6163.00,0.00,0.00,258.00,1809320.55,0.00
6.05,0.00,0.00,969.00,6169.00,0.00,0.00,258.00,1798555.87,0.00
6.06,0.00,0.00,961.00,6177.00,0.00,0.00,258.00,1787519.49,0.00
6.06,0.00,0.00,953.00,6185.00,0.00,0.00,258.00,1776234.88,0.00
6.07,0.00,0.00,946.00,6192.00,0.00,0.00,258.00,1764873.73,0.00
6.08,0.00,0.00,938.00,6200.00,0.00,0.00,258.00,1753292.41,0.00
6.08,0.00,0.00,931.00,6207.00,0.00,0.00,258.00,1741660.19,0.00
6.09,0.00,0.00,924.00,6214.00,0.00,0.00,258.00,1729981.46,0.00
6.10,0.00,0.00,917.00,6221.00,0.00,0.00,258.00,1718260.24,0.00
6.10,0.00,0.00,911.00,6227.00,0.00,0.00,258.00,1706650.44,0.00
6.11,0.00,0.00,909.00,6229.00,0.00,0.00,258.00,1695743.34,0.00
6.12,0.00,0.00,901.00,6237.00,0.00,0.00,258.00,1684576.85,0.00
6.12,0.00,0.00,891.00,6247.00,0.00,0.00,258.00,1672872.92,0.00
6.13,0.00,0.00,883.00,6255.00,0.00,0.00,258.00,1660978.44,0.00
6.14,0.00,0.00,878.00,6260.00,0.00,0.00,258.00,1649360.57,0.00
6.15,0.00,0.00,873.00,6265.00,0.00,0.00,258.00,1637995.42,0.00
6.15,0.00,0.00,869.00,6269.00,0.00,0.00,258.00,1627011.39,0.00
6.16,0.00,0.00,861.00,6277.00,0.00,0.00,258.00,1615774.59,0.00
6.17,0.00,0.00,855.00,6283.00,0.00,0.00,258.00,1604607.36,0.00
6.17,0.00,0.00,852.00,6286.00,0.00,0.00,258.00,1593954.37,0.00
6.18,0.00,0.00,842.00,6296.00,0.00,0.00,258.00,1582719.56,0.00
6.19,0.00,0.00,833.00,6305.00,0.00,0.00,258.00,1571103.44,0.00
6.19,0.00,0.00,828.00,6310.00,0.00,0.00,258.00,1559739.88,0.00
6.20,0.00,0.00,823.00,6315.00,0.00,0.00,258.00,1548607.06,0.00
6.21,0.00,0.00,814.00,6324.00,0.00,0.00,258.00,1537084.12,0.00
6.22,0.00,0.00,805.00,6333.00,0.00,0.00,258.00,1525204.76,0.00
6.22,0.00,0.00,795.00,6343.00,0.00,0.00,258.00,1512849.56,0.00
6.23,0.00,0.00,790.00,6348.00,0.00,0.00,258.00,1500810.78,0.00
6.24,0.00,0.00,782.00,6356.00,0.00,0.00,258.00,1488610.40,0.00
6.24,0.00,0.00,777.00,6361.00,0.00,0.00,258.00,1476713.05,0.00
6.25,0.00,0.00,775.00,6363.00,0.00,0.00,258.00,1465543.27,0.00
6.26,0.00,0.00,767.00,6371.00,0.00,0.00,258.00,1454136.79,0.00
6.26,0.00,0.00,763.00,6375.00,0.00,0.00,258.00,1443114.99,0.00
6.27,0.00,0.00,758.00,6380.00,0.00,0.00,258.00,1432294.41,0.00
6.28,0.00,0.00,754.00,6384.00,0.00,0.00,258.00,1421807.87,0.00
6.28,0.00,0.00,748.00,6390.00,0.00,0.00,258.00,1411326.06,0.00
6.29,0.00,0.00,743.00,6395.00,0.00,0.00,258.00,1400998.80,0.00
6.30,0.00,0.00,736.00,6402.00,0.00,0.00,258.00,1390512.28,0.00
6.31,0.00,0.00,728.00,6410.00,0.00,0.00,258.00,1379730.01,0.00
6.31,0.00,0.00,725.00,6413.00,0.00,0.00,258.00,1369428.72,0.00
6.32,0.00,0.00,718.00,6420.00,0.00,0.00,258.00,1358965.92,0.00
6.33,0.00,0.00,709.00,6429.00,0.00,0.00,258.00,1348055.11,0.00
6.33,0.00,0.00,702.00,6436.00,0.00,0.00,258.00,1337035.45,0.00
6.34,0.00,0.00,693.00,6445.00,0.00,0.00,258.00,1325615.89,0.00
6.35,0.00,0.00,688.00,6450.00,0.00,0.00,258.00,1314431.91,0.00
6.35,0.00,0.00,685.00,6453.00,0.00,0.00,258.00,1303763.61,0.00
6.36,0.00,0.00,680.00,6458.00,0.00,0.00,258.00,1293265.98,0.00
6.37,0.00,0.00,677.00,6461.00,0.00,0.00,258.00,1283224.72,0.00
6.38,0.00,0.00,674.00,6464.00,0.00,0.00,258.00,1273600.41,0.00
6.38,0.00,0.00,672.00,6466.00,0.00,0.00,258.00,1264507.26,0.00
6.39,0.00,0.00,666.00,6472.00,0.00,0.00,258.00,1255298.43,0.00
6.40,0.00,0.00,663.00,6475.00,0.00,0.00,258.00,1246434.62,0.00
6.40,0.00,0.00,656.00,6482.00,0.00,0.00,258.00,1237285.09,0.00
6.41,0.00,0.00,651.00,6487.00,0.00,0.00,258.00,1228174.99,0.00
6.42,0.00,0.00,651.00,6487.00,0.00,0.00,258.00,1219852.07,0.00
6.42,0.00,0.00,649.00,6489.00,0.00,0.00,258.00,1211947.86,0.00
6.43,0.00,0.00,640.00,6498.00,0.00,0.00,258.00,1203374.54,0.00
6.44,0.00,0.00,639.00,6499.00,0.00,0.00,258.00,1195391.79,0.00
6.44,0.00,0.00,634.00,6504.00,0.00,0.00,258.00,1187347.65,0.00
6.45,0.00,0.00,625.00,6513.00,0.00,0.00,258.00,1178646.50,0.00
6.46,0.00,0.00,622.00,6516.00,0.00,0.00,258.00,1170246.51,0.00
6.47,0.00,0.00,610.00,6528.00,0.00,0.00,258.00,1160769.56,0.00
6.47,0.00,0.00,607.00,6531.00,0.00,0.00,258.00,1151660.80,0.00
6.48,0.00,0.00,601.00,6537.00,0.00,0.00,258.00,1142437.71,0.00
6.49,0.00,0.00,597.00,6541.00,0.00,0.00,258.00,1133410.64,0.00
6.49,0.00,0.00,592.00,6546.00,0.00,0.00,258.00,1124412.43,0.00
6.50,0.00,0.00,589.00,6549.00,0.00,0.00,258.00,1115741.03,0.00
6.51,0.00,0.00,584.00,6554.00,0.00,0.00,258.00,1107067.75,0.00
6.51,0.00,0.00,579.00,6559.00,0.00,0.00,258.00,1098392.74,0.00
6.52,0.00,0.00,574.00,6564.00,0.00,0.00,258.00,1089716.17,0.00
6.53,0.00,0.00,570.00,6568.00,0.00,0.00,258.00,1081188.39,0.00
6.53,0.00,0.00,566.00,6572.00,0.00,0.00,258.00,1072796.56,0.00
6.54,0.00,0.00,562.00,6576.00,0.00,0.00,258.00,1064528.91,0.00
6.55,0.00,0.00,558.00,6580.00,0.00,0.00,258.00,1056374.72,0.00
6.56,0.00,0.00,551.00,6587.00,0.00,0.00,258.00,1047873.50,0.00
6.56,0.00,0.00,548.00,6590.00,0.00,0.00,258.00,1039656.15,0.00
6.57,0.00,0.00,542.00,6596.00,0.00,0.00,258.00,1031247.46,0.00
6.58,0.00,0.00,539.00,6599.00,0.00,0.00,258.00,1023114.65,0.00
6.58,0.00,0.00,536.00,6602.00,0.00,0.00,258.00,1015233.87,0.00
6.59,0.00,0.00,531.00,6607.00,0.00,0.00,258.00,1007282.90,0.00
6.60,0.00,0.00,529.00,6609.00,0.00,0.00,258.00,999718.49,0.00
6.60,0.00,0.00,526.00,6612.00,0.00,0.00,258.00,992357.01,0.00
6.61,0.00,0.00,522.00,6616.00,0.00,0.00,258.00,985030.69,0.00
6.62,0.00,0.00,511.00,6627.00,0.00,0.00,258.00,976684.88,0.00
6.62,0.00,0.00,503.00,6635.00,0.00,0.00,258.00,967858.35,0.00
6.63,0.00,0.00,498.00,6640.00,0.00,0.00,258.00,959043.34,0.00
6.64,0.00,0.00,495.00,6643.00,0.00,0.00,258.00,950539.33,0.00
6.65,0.00,0.00,494.00,6644.00,0.00,0.00,258.00,942619.89,0.00
6.65,0.00,0.00,491.00,6647.00,0.00,0.00,258.00,934934.06,0.00
6.66,0.00,0.00,488.00,6650.00,0.00,0.00,258.00,927461.64,0.00
6.67,0.00,0.00,483.00,6655.00,0.00,0.00,258.00,919883.75,0.00
6.67,0.00,0.00,474.00,6664.00,0.00,0.00,258.00,911608.55,0.00
6.68,0.00,0.00,472.00,6666.00,0.00,0.00,258.00,903747.94,0.00
6.69,0.00,0.00,470.00,6668.00,0.00,0.00,258.00,896266.07,0.00
6.69,0.00,0.00,467.00,6671.00,0.00,0.00,258.00,888980.01,0.00
6.70,0.00,0.00,460.00,6678.00,0.00,0.00,258.00,881271.89,0.00
6.71,0.00,0.00,454.00,6684.00,0.00,0.00,258.00,873328.43,0.00
6.72,0.00,0.00,448.00,6690.00,0.00,0.00,258.00,865169.95,0.00
6.72,0.00,0.00,440.00,6698.00,0.00,0.00,258.00,856514.58,0.00
6.73,0.00,0.00,437.00,6701.00,0.00,0.00,258.00,848156.40,0.00
6.74,0.00,0.00,433.00,6705.00,0.00,0.00,258.00,839919.50,0.00
6.74,0.00,0.00,430.00,6708.00,0.00,0.00,258.00,831943.64,0.00
6.75,0.00,0.00,426.00,6712.00,0.00,0.00,258.00,824056.02,0.00
6.76,0.00,0.00,423.00,6715.00,0.00,0.00,258.00,816399.27,0.00
6.76,0.00,0.00,421.00,6717.00,0.00,0.00,258.00,809103.65,0.00
6.77,0.00,0.00,420.00,6718.00,0.00,0.00,258.00,802288.19,0.00
6.78,0.00,0.00,417.00,6721.00,0.00,0.00,258.00,795610.95,0.00
6.78,0.00,0.00,409.00,6729.00,0.00,0.00,258.00,788308.82,0.00
6.79,0.00,0.00,404.00,6734.00,0.00,0.00,258.00,780886.50,0.00
6.80,0.00,0.00,400.00,6738.00,0.00,0.00,258.00,773504.59,0.00
6.81,0.00,0.00,398.00,6740.00,0.00,0.00,258.00,766460.07,0.00
6.81,0.00,0.00,395.00,6743.00,0.00,0.00,258.00,759573.56,0.00
6.82,0.00,0.00,389.00,6749.00,0.00,0.00,258.00,752380.70,0.00
6.83,0.00,0.00,381.00,6757.00,0.00,0.00,258.00,744607.51,0.00
6.83,0.00,0.00,378.00,6760.00,0.00,0.00,258.00,737055.29,0.00
6.84,0.00,0.00,374.00,6764.00,0.00,0.00,258.00,729554.71,0.00
6.85,0.00,0.00,371.00,6767.00,0.00,0.00,258.00,722251.54,0.00
6.85,0.00,0.00,368.00,6770.00,0.00,0.00,258.00,715128.73,0.00
6.86,0.00,0.00,366.00,6772.00,0.00,0.00,258.00,708320.92,0.00
6.87,0.00,0.00,362.00,6776.00,0.00,0.00,258.00,701500.43,0.00
6.88,0.00,0.00,360.00,6778.00,0.00,0.00,258.00,694968.82,0.00
6.88,0.00,0.00,355.00,6783.00,0.00,0.00,258.00,688250.43,0.00
6.89,0.00,0.00,351.00,6787.00,0.00,0.00,258.00,681511.64,0.00
6.90,0.00,0.00,347.00,6791.00,0.00,0.00,258.00,674754.20,0.00
6.90,0.00,0.00,341.00,6797.00,0.00,0.00,258.00,667679.27,0.00
6.91,0.00,0.00,337.00,6801.00,0.00,0.00,258.00,660614.74,0.00
6.92,0.00,0.00,337.00,6801.00,0.00,0.00,258.00,654160.64,0.00
6.92,0.00,0.00,332.00,6806.00,0.00,0.00,258.00,647513.06,0.00
6.93,0.00,0.00,330.00,6808.00,0.00,0.00,258.00,641139.42,0.00
6.94,0.00,0.00,328.00,6810.00,0.00,0.00,258.00,635016.05,0.00
6.94,0.00,0.00,321.00,6817.00,0.00,0.00,258.00,628370.17,0.00
6.95,0.00,0.00,318.00,6820.00,0.00,0.00,258.00,621847.84,0.00
6.96,0.00,0.00,312.00,6826.00,0.00,0.00,258.00,614987.71,0.00
6.97,0.00,0.00,310.00,6828.00,0.00,0.00,258.00,608419.88,0.00
6.97,0.00,0.00,306.00,6832.00,0.00,0.00,258.00,601818.64,0.00
6.98,0.00,0.00,304.00,6834.00,0.00,0.00,258.00,595487.33,0.00
6.99,0.00,0.00,299.00,6839.00,0.00,0.00,258.00,588951.93,0.00
6.99,0.00,0.00,294.00,6844.00,0.00,0.00,258.00,582230.09,0.00
7.00,0.00,0.00,288.00,6850.00,0.00,0.00,258.00,575187.67,0.00
7.01,0.00,0.00,283.00,6855.00,0.00,0.00,258.00,568002.61,0.00
7.01,0.00,0.00,278.00,6860.00,0.00,0.00,258.00,560687.24,0.00
7.02,0.00,0.00,274.00,6864.00,0.00,0.00,258.00,553403.05,0.00
7.03,0.00,0.00,271.00,6867.00,0.00,0.00,258.00,546297.58,0.00
7.03,0.00,0.00,266.00,6872.00,0.00,0.00,258.00,539054.91,0.00
7.04,0.00,0.00,264.00,6874.00,0.00,0.00,258.00,532137.60,0.00
7.05,0.00,0.00,258.00,6880.00,0.00,0.00,258.00,524916.61,0.00
7.06,0.00,0.00,255.00,6883.00,0.00,0.00,258.00,517868.87,0.00
7.06,0.00,0.00,250.00,6888.00,0.00,0.00,258.00,510678.96,0.00
7.07,0.00,0.00,247.00,6891.00,0.00,0.00,258.00,503659.61,0.00
7.08,0.00,0.00,242.00,6896.00,0.00,0.00,258.00,496495.63,0.00
7.08,0.00,0.00,235.00,6903.00,0.00,0.00,258.00,488899.05,0.00
7.09,0.00,0.00,234.00,6904.00,0.00,0.00,258.00,481808.64,0.00
7.10,0.00,0.00,232.00,6906.00,0.00,0.00,258.00,475030.44,0.00
7.10,0.00,0.00,228.00,6910.00,0.00,0.00,258.00,468236.99,0.00
7.11,0.00,0.00,222.00,6916.00,0.00,0.00,258.00,461129.17,0.00
7.12,0.00,0.00,219.00,6919.00,0.00,0.00,258.00,454184.81,0.00
7.12,0.00,0.00,214.00,6924.00,0.00,0.00,258.00,447089.35,0.00
7.13,0.00,0.00,213.00,6925.00,0.00,0.00,258.00,440456.76,0.00
7.14,0.00,0.00,207.00,6931.00,0.00,0.00,258.00,433495.88,0.00
7.15,0.00,0.00,202.00,6936.00,0.00,0.00,258.00,426385.32,0.00
7.15,0.00,0.00,200.00,6938.00,0.00,0.00,258.00,419588.70,0.00
7.16,0.00,0.00,197.00,6941.00,0.00,0.00,258.00,412928.67,0.00
7.17,0.00,0.00,195.00,6943.00,0.00,0.00,258.00,406543.65,0.00
7.17,0.00,0.00,191.00,6947.00,0.00,0.00,258.00,400109.41,0.00
7.18,0.00,0.00,185.00,6953.00,0.00,0.00,258.00,393329.76,0.00
7.19,0.00,0.00,181.00,6957.00,0.00,0.00,258.00,386534.99,0.00
7.19,0.00,0.00,176.00,6962.00,0.00,0.00,258.00,379576.19,0.00
7.20,0.00,0.00,173.00,6965.00,0.00,0.00,258.00,372767.98,0.00
7.21,0.00,0.00,170.00,6968.00,0.00,0.00,258.00,366097.36,0.00
7.22,0.00,0.00,168.00,6970.00,0.00,0.00,258.00,359702.67,0.00
7.22,0.00,0.00,163.00,6975.00,0.00,0.00,258.00,353109.37,0.00
7.23,0.00,0.00,160.00,6978.00,0.00,0.00,258.00,346635.09,0.00
7.24,0.00,0.00,158.00,6980.00,0.00,0.00,258.00,340419.78,0.00
7.24,0.00,0.00,154.00,6984.00,0.00,0.00,258.00,334140.58,0.00
7.25,0.00,0.00,149.00,6989.00,0.00,0.00,258.00,327652.80,0.00
7.26,0.00,0.00,143.00,6995.00,0.00,0.00,258.00,320824.22,0.00
7.26,0.00,0.00,143.00,6995.00,0.00,0.00,258.00,314585.69,0.00
7.27,0.00,0.00,142.00,6996.00,0.00,0.00,258.00,308735.98,0.00
7.28,0.00,0.00,140.00,6998.00,0.00,0.00,258.00,303091.26,0.00
7.28,0.00,0.00,136.00,7002.00,0.00,0.00,258.00,297333.37,0.00
7.29,0.00,0.00,134.00,7004.00,0.00,0.00,258.00,291772.54,0.00
7.30,0.00,0.00,131.00,7007.00,0.00,0.00,258.00,286241.51,0.00
7.31,0.00,0.00,128.00,7010.00,0.00,0.00,258.00,280737.71,0.00
7.31,0.00,0.00,125.00,7013.00,0.00,0.00,258.00,275258.78,0.00
7.32,0.00,0.00,123.00,7015.00,0.00,0.00,258.00,269952.82,0.00
7.33,0.00,0.00,123.00,7015.00,0.00,0.00,258.00,265105.33,0.00
7.33,0.00,0.00,120.00,7018.00,0.00,0.00,258.00,260226.00,0.00
7.34,0.00,0.00,119.00,7019.00,0.00,0.00,258.00,255618.05,0.00
7.35,0.00,0.00,115.00,7023.00,0.00,0.00,258.00,250807.34,0.00
7.35,0.00,0.00,115.00,7023.00,0.00,0.00,258.00,246412.31,0.00
7.36,0.00,0.00,114.00,7024.00,0.00,0.00,258.00,242246.82,0.00
7.37,0.00,0.00,112.00,7026.00,0.00,0.00,258.00,238140.79,0.00
7.38,0.00,0.00,110.00,7028.00,0.00,0.00,258.00,234089.08,0.00
7.38,0.00,0.00,108.00,7030.00,0.00,0.00,258.00,230087.02,0.00
7.39,0.00,0.00,106.00,7032.00,0.00,0.00,258.00,226130.30,0.00
7.40,0.00,0.00,104.00,7034.00,0.00,0.00,258.00,222215.01,0.00
7.40,0.00,0.00,100.00,7038.00,0.00,0.00,258.00,218037.10,0.00
7.41,0.00,0.00,97.00,7041.00,0.00,0.00,258.00,213769.50,0.00
7.42,0.00,0.00,94.00,7044.00,0.00,0.00,258.00,209419.96,0.00
7.42,0.00,0.00,93.00,7045.00,0.00,0.00,258.00,205296.02,0.00
7.43,0.00,0.00,91.00,7047.00,0.00,0.00,258.00,201227.95,0.00
7.44,0.00,0.00,91.00,7047.00,0.00,0.00,258.00,197511.40,0.00
7.44,0.00,0.00,86.00,7052.00,0.00,0.00,258.00,193364.83,0.00
7.45,0.00,0.00,86.00,7052.00,0.00,0.00,258.00,189576.56,0.00
7.46,0.00,0.00,85.00,7053.00,0.00,0.00,258.00,185965.39,0.00
7.47,0.00,0.00,84.00,7054.00,0.00,0.00,258.00,182516.02,0.00
7.47,0.00,0.00,83.00,7055.00,0.00,0.00,258.00,179214.46,0.00
7.48,0.00,0.00,82.00,7056.00,0.00,0.00,258.00,176047.96,0.00
7.49,0.00,0.00,82.00,7056.00,0.00,0.00,258.00,173155.07,0.00
7.49,0.00,0.00,81.00,7057.00,0.00,0.00,258.00,170361.91,0.00
7.50,0.00,0.00,79.00,7059.00,0.00,0.00,258.00,167509.64,0.00
7.51,0.00,0.00,76.00,7062.00,0.00,0.00,258.00,164453.14,0.00
7.51,0.00,0.00,73.00,7065.00,0.00,0.00,258.00,161210.04,0.00
7.52,0.00,0.00,73.00,7065.00,0.00,0.00,258.00,158247.17,0.00
7.53,0.00,0.00,71.00,7067.00,0.00,0.00,258.00,155239.86,0.00
7.53,0.00,0.00,68.00,7070.00,0.00,0.00,258.00,152041.70,0.00
7.54,0.00,0.00,65.00,7073.00,0.00,0.00,258.00,148669.20,0.00
7.55,0.00,0.00,65.00,7073.00,0.00,0.00,258.00,145588.10,0.00
7.56,0.00,0.00,65.00,7073.00,0.00,0.00,258.00,142773.23,0.00
7.56,0.00,0.00,64.00,7074.00,0.00,0.00,258.00,140051.36,0.00
7.57,0.00,0.00,62.00,7076.00,0.00,0.00,258.00,137264.22,0.00
7.58,0.00,0.00,60.00,7078.00,0.00,0.00,258.00,134417.44,0.00
7.58,0.00,0.00,59.00,7079.00,0.00,0.00,258.00,131666.42,0.00
7.59,0.00,0.00,58.00,7080.00,0.00,0.00,258.00,129002.87,0.00
7.60,0.00,0.00,56.00,7082.00,0.00,0.00,258.00,126269.01,0.00
7.60,0.00,0.00,54.00,7084.00,0.00,0.00,258.00,123470.91,0.00
7.61,0.00,0.00,54.00,7084.00,0.00,0.00,258.00,120914.59,0.00
7.62,0.00,0.00,53.00,7085.00,0.00,0.00,258.00,118428.93,0.00
7.62,0.00,0.00,52.00,7086.00,0.00,0.00,258.00,116007.81,0.00
7.63,0.00,0.00,52.00,7086.00,0.00,0.00,258.00,113795.90,0.00
7.64,0.00,0.00,51.00,7087.00,0.00,0.00,258.00,111624.88,0.00
7.65,0.00,0.00,51.00,7087.00,0.00,0.00,258.00,109641.45,0.00
7.65,0.00,0.00,48.00,7090.00,0.00,0.00,258.00,107378.71,0.00
7.66,0.00,0.00,47.00,7091.00,0.00,0.00,258.00,105161.26,0.00
7.67,0.00,0.00,44.00,7094.00,0.00,0.00,258.00,102684.72,0.00
7.67,0.00,0.00,44.00,7094.00,0.00,0.00,258.00,100422.16,0.00
7.68,0.00,0.00,42.00,7096.00,0.00,0.00,258.00,98054.65,0.00
7.69,0.00,0.00,42.00,7096.00,0.00,0.00,258.00,95891.71,0.00
7.69,0.00,0.00,42.00,7096.00,0.00,0.00,258.00,93915.67,0.00
7.70,0.00,0.00,42.00,7096.00,0.00,0.00,258.00,92110.36,0.00
7.71,0.00,0.00,41.00,7097.00,0.00,0.00,258.00,90310.82,0.00
7.72,0.00,0.00,41.00,7097.00,0.00,0.00,258.00,88666.78,0.00
7.72,0.00,0.00,41.00,7097.00,0.00,0.00,258.00,87164.79,0.00
7.73,0.00,0.00,40.00,7098.00,0.00,0.00,258.00,85642.35,0.00
7.74,0.00,0.00,40.00,7098.00,0.00,0.00,258.00,84251.46,0.00
7.74,0.00,0.00,40.00,7098.00,0.00,0.00,258.00,82980.76,0.00
7.75,0.00,0.00,40.00,7098.00,0.00,0.00,258.00,81819.85,0.00
7.76,0.00,0.00,37.00,7101.00,0.00,0.00,258.00,80308.56,0.00
7.76,0.00,0.00,36.00,7102.00,0.00,0.00,258.00,78777.63,0.00
7.77,0.00,0.00,36.00,7102.00,0.00,0.00,258.00,77378.98,0.00
7.78,0.00,0.00,35.00,7103.00,0.00,0.00,258.00,75950.95,0.00
7.78,0.00,0.00,35.00,7103.00,0.00,0.00,258.00,74646.32,0.00
7.79,0.00,0.00,35.00,7103.00,0.00,0.00,258.00,73454.41,0.00
7.80,0.00,0.00,33.00,7105.00,0.00,0.00,258.00,72065.04,0.00
7.81,0.00,0.00,32.00,7106.00,0.00,0.00,258.00,70645.48,0.00
7.81,0.00,0.00,30.00,7108.00,0.00,0.00,258.00,69048.12,0.00
7.82,0.00,0.00,27.00,7111.00,0.00,0.00,258.00,67138.09,0.00
7.83,0.00,0.00,27.00,7111.00,0.00,0.00,258.00,65393.10,0.00
7.83,0.00,0.00,26.00,7112.00,0.00,0.00,258.00,63648.66,0.00
7.84,0.00,0.00,24.00,7114.00,0.00,0.00,258.00,61754.50,0.00
7.85,0.00,0.00,24.00,7114.00,0.00,0.00,258.00,60024.00,0.00
7.85,0.00,0.00,22.00,7116.00,0.00,0.00,258.00,58142.56,0.00
7.86,0.00,0.00,21.00,7117.00,0.00,0.00,258.00,56273.47,0.00
7.87,0.00,0.00,21.00,7117.00,0.00,0.00,258.00,54565.88,0.00
7.88,0.00,0.00,21.00,7117.00,0.00,0.00,258.00,53005.83,0.00
7.88,0.00,0.00,21.00,7117.00,0.00,0.00,258.00,51580.59,0.00
7.89,0.00,0.00,20.00,7118.00,0.00,0.00,258.00,50128.27,0.00
7.90,0.00,0.00,20.00,7118.00,0.00,0.00,258.00,48801.44,0.00
7.90,0.00,0.00,20.00,7118.00,0.00,0.00,258.00,47589.25,0.00
7.91,0.00,0.00,20.00,7118.00,0.00,0.00,258.00,46481.81,0.00
7.92,0.00,0.00,19.00,7119.00,0.00,0.00,258.00,45319.83,0.00
7.92,0.00,0.00,19.00,7119.00,0.00,0.00,258.00,44258.25,0.00
7.93,0.00,0.00,18.00,7120.00,0.00,0.00,258.00,43138.17,0.00
7.94,0.00,0.00,17.00,7121.00,0.00,0.00,258.00,41964.64,0.00
7.94,0.00,0.00,17.00,7121.00,0.00,0.00,258.00,40892.52,0.00
7.95,0.00,0.00,16.00,7122.00,0.00,0.00,258.00,39762.80,0.00
7.96,0.00,0.00,16.00,7122.00,0.00,0.00,258.00,38730.70,0.00
7.97,0.00,0.00,16.00,7122.00,0.00,0.00,258.00,37787.77,0.00
7.97,0.00,0.00,14.00,7124.00,0.00,0.00,258.00,36625.87,0.00
7.98,0.00,0.00,14.00,7124.00,0.00,0.00,258.00,35564.36,0.00
7.99,0.00,0.00,14.00,7124.00,0.00,0.00,258.00,34594.57,0.00
7.99,0.00,0.00,14.00,7124.00,0.00,0.00,258.00,33708.58,0.00
8.00,0.00,0.00,14.00,7124.00,0.00,0.00,258.00,32899.14,0.00
8.01,0.00,0.00,14.00,7124.00,0.00,0.00,258.00,32159.65,0.00
8.01,0.00,0.00,13.00,7125.00,0.00,0.00,258.00,31333.82,0.00
8.02,0.00,0.00,12.00,7126.00,0.00,0.00,258.00,30429.12,0.00
8.03,0.00,0.00,12.00,7126.00,0.00,0.00,258.00,29602.59,0.00
8.03,0.00,0.00,12.00,7126.00,0.00,0.00,258.00,28847.48,0.00
8.04,0.00,0.00,12.00,7126.00,0.00,0.00,258.00,28157.62,0.00
8.05,0.00,0.00,11.00,7127.00,0.00,0.00,258.00,27377.13,0.00
8.06,0.00,0.00,11.00,7127.00,0.00,0.00,258.00,26664.09,0.00
8.06,0.00,0.00,10.00,7128.00,0.00,0.00,258.00,25862.43,0.00
8.07,0.00,0.00,10.00,7128.00,0.00,0.00,258.00,25130.03,0.00
8.08,0.00,0.00,10.00,7128.00,0.00,0.00,258.00,24460.92,0.00
8.08,0.00,0.00,10.00,7128.00,0.00,0.00,258.00,23849.63,0.00
8.09,0.00,0.00,9.00,7129.00,0.00,0.00,258.00,23140.92,0.00
8.10,0.00,0.00,9.00,7129.00,0.00,0.00,258.00,22493.46,0.00
8.10,0.00,0.00,8.00,7130.00,0.00,0.00,258.00,21751.70,0.00
8.11,0.00,0.00,7.00,7131.00,0.00,0.00,258.00,20923.81,0.00
8.12,0.00,0.00,6.00,7132.00,0.00,0.00,258.00,20017.23,0.00
8.12,0.00,0.00,6.00,7132.00,0.00,0.00,258.00,19188.98,0.00
8.13,0.00,0.00,6.00,7132.00,0.00,0.00,258.00,18432.29,0.00
8.14,0.00,0.00,6.00,7132.00,0.00,0.00,258.00,17740.99,0.00
8.15,0.00,0.00,6.00,7132.00,0.00,0.00,258.00,17109.43,0.00
8.15,0.00,0.00,5.00,7133.00,0.00,0.00,258.00,16382.20,0.00
8.16,0.00,0.00,5.00,7133.00,0.00,0.00,258.00,15717.81,0.00
8.17,0.00,0.00,5.00,7133.00,0.00,0.00,258.00,15110.83,0.00
8.17,0.00,0.00,5.00,7133.00,0.00,0.00,258.00,14556.30,0.00
8.18,0.00,0.00,4.00,7134.00,0.00,0.00,258.00,13899.45,0.00
8.19,0.00,0.00,4.00,7134.00,0.00,0.00,258.00,13299.36,0.00
8.19,0.00,0.00,4.00,7134.00,0.00,0.00,258.00,12751.12,0.00
8.20,0.00,0.00,4.00,7134.00,0.00,0.00,258.00,12250.25,0.00
8.21,0.00,0.00,4.00,7134.00,0.00,0.00,258.00,11792.66,0.00
8.22,0.00,0.00,3.00,7135.00,0.00,0.00,258.00,11224.38,0.00
8.22,0.00,0.00,3.00,7135.00,0.00,0.00,258.00,10705.21,0.00
8.23,0.00,0.00,3.00,7135.00,0.00,0.00,258.00,10230.89,0.00
8.24,0.00,0.00,3.00,7135.00,0.00,0.00,258.00,9797.56,0.00
8.24,0.00,0.00,3.00,7135.00,0.00,0.00,258.00,9401.67,0.00
8.25,0.00,0.00,3.00,7135.00,0.00,0.00,258.00,9039.99,0.00
8.26,0.00,0.00,3.00,7135.00,0.00,0.00,258.00,8709.56,0.00
8.26,0.00,0.00,2.00,7136.00,0.00,0.00,258.00,8257.45,0.00
8.27,0.00,0.00,2.00,7136.00,0.00,0.00,258.00,7844.41,0.00
8.28,0.00,0.00,2.00,7136.00,0.00,0.00,258.00,7467.06,0.00
8.28,0.00,0.00,2.00,7136.00,0.00,0.00,258.00,7122.31,0.00
8.29,0.00,0.00,2.00,7136.00,0.00,0.00,258.00,6807.35,0.00
8.30,0.00,0.00,2.00,7136.00,0.00,0.00,258.00,6519.61,0.00
8.31,0.00,0.00,2.00,7136.00,0.00,0.00,258.00,6256.73,0.00
8.31,0.00,0.00,2.00,7136.00,0.00,0.00,258.00,6016.56,0.00
8.32,0.00,0.00,2.00,7136.00,0.00,0.00,258.00,5797.15,0.00
8.33,0.00,0.00,2.00,7136.00,0.00,0.00,258.00,5596.69,0.00
8.33,0.00,0.00,2.00,7136.00,0.00,0.00,258.00,5413.56,0.00
8.34,0.00,0.00,2.00,7136.00,0.00,0.00,258.00,5246.25,0.00
8.35,0.00,0.00,2.00,7136.00,0.00,0.00,258.00,5093.40,0.00
8.35,0.00,0.00,2.00,7136.00,0.00,0.00,258.00,4953.75,0.00
8.36,0.00,0.00,2.00,7136.00,0.00,0.00,258.00,4826.17,0.00
8.37,0.00,0.00,2.00,7136.00,0.00,0.00,258.00,4709.62,0.00
8.38,0.00,0.00,2.00,7136.00,0.00,0.00,258.00,4603.14,0.00
8.38,0.00,0.00,1.00,7137.00,0.00,0.00,258.00,4355.62,0.00
8.39,0.00,0.00,1.00,7137.00,0.00,0.00,258.00,4129.49,0.00
8.40,0.00,0.00,1.00,7137.00,0.00,0.00,258.00,3922.91,0.00
8.40,0.00,0.00,1.00,7137.00,0.00,0.00,258.00,3734.17,0.00
8.41,0.00,0.00,1.00,7137.00,0.00,0.00,258.00,3561.74,0.00
8.42,0.00,0.00,1.00,7137.00,0.00,0.00,258.00,3404.21,0.00
8.42,0.00,0.00,1.00,7137.00,0.00,0.00,258.00,3260.29,0.00
8.43,0.00,0.00,1.00,7137.00,0.00,0.00,258.00,3128.81,0.00
8.44,0.00,0.00,1.00,7137.00,0.00,0.00,258.00,3008.69,0.00
8.44,0.00,0.00,1.00,7137.00,0.00,0.00,258.00,2898.95,0.00
8.45,0.00,0.00,1.00,7137.00,0.00,0.00,258.00,2798.69,0.00
8.46,0.00,0.00,1.00,7137.00,0.00,0.00,258.00,2707.09,0.00
8.47,0.00,0.00,1.00,7137.00,0.00,0.00,258.00,2623.41,0.00
8.47,0.00,0.00,1.00,7137.00,0.00,0.00,258.00,2546.96,0.00
8.48,0.00,0.00,1.00,7137.00,0.00,0.00,258.00,2477.11,0.00
8.49,0.00,0.00,1.00,7137.00,0.00,0.00,258.00,2413.30,0.00
8.49,0.00,0.00,1.00,7137.00,0.00,0.00,258.00,2355.01,0.00
8.50,0.00,0.00,1.00,7137.00,0.00,0.00,258.00,2301.75,0.00
8.51,0.00,0.00,1.00,7137.00,0.00,0.00,258.00,2253.09,0.00
8.51,0.00,0.00,1.00,7137.00,0.00,0.00,258.00,2208.64,0.00
8.52,0.00,0.00,1.00,7137.00,0.00,0.00,258.00,2168.03,0.00
8.53,0.00,0.00,1.00,7137.00,0.00,0.00,258.00,2130.92,0.00
8.53,0.00,0.00,1.00,7137.00,0.00,0.00,258.00,2097.03,0.00
8.54,0.00,0.00,1.00,7137.00,0.00,0.00,258.00,2066.06,0.00
8.55,0.00,0.00,1.00,7137.00,0.00,0.00,258.00,2037.77,0.00
8.56,0.00,0.00,1.00,7137.00,0.00,0.00,258.00,2011.92,0.00
8.56,0.00,0.00,1.00,7137.00,0.00,0.00,258.00,1988.31,0.00
8.57,0.00,0.00,1.00,7137.00,0.00,0.00,258.00,1966.73,0.00
8.58,0.00,0.00,1.00,7137.00,0.00,0.00,258.00,1947.03,0.00
8.58,0.00,0.00,1.00,7137.00,0.00,0.00,258.00,1929.02,0.00
8.59,0.00,0.00,1.00,7137.00,0.00,0.00,258.00,1912.57,0.00
8.60,0.00,0.00,1.00,7137.00,0.00,0.00,258.00,1897.54,0.00
8.60,0.00,0.00,1.00,7137.00,0.00,0.00,258.00,1883.81,0.00
8.61,0.00,0.00,1.00,7137.00,0.00,0.00,258.00,1871.27,0.00
8.62,0.00,0.00,1.00,7137.00,0.00,0.00,258.00,1859.81,0.00
8.62,0.00,0.00,1.00,7137.00,0.00,0.00,258.00,1849.34,0.00
8.63,0.00,0.00,1.00,7137.00,0.00,0.00,258.00,1839.77,0.00
8.64,0.00,0.00,1.00,7137.00,0.00,0.00,258.00,1831.03,0.00
8.65,0.00,0.00,1.00,7137.00,0.00,0.00,258.00,1823.05,0.00
8.65,0.00,0.00,1.00,7137.00,0.00,0.00,258.00,1815.75,0.00
8.66,0.00,0.00,1.00,7137.00,0.00,0.00,258.00,1809.09,0.00
8.67,0.00,0.00,1.00,7137.00,0.00,0.00,258.00,1803.00,0.00
8.67,0.00,0.00,1.00,7137.00,0.00,0.00,258.00,1797.44,0.00
8.68,0.00,0.00,1.00,7137.00,0.00,0.00,258.00,1792.36,0.00
8.69,0.00,0.00,1.00,7137.00,0.00,0.00,258.00,1787.72,0.00
8.69,0.00,0.00,1.00,7137.00,0.00,0.00,258.00,1783.48,0.00
8.70,0.00,0.00,1.00,7137.00,0.00,0.00,258.00,1779.60,0.00
8.71,0.00,0.00,1.00,7137.00,0.00,0.00,258.00,1776.06,0.00
8.72,0.00,0.00,1.00,7137.00,0.00,0.00,258.00,1772.83,0.00
8.72,0.00,0.00,1.00,7137.00,0.00,0.00,258.00,1769.88,0.00
8.73,0.00,0.00,0.00,7138.00,0.00,0.00,258.00,1616.94,0.00
8.74,0.00,0.00,0.00,7138.00,0.00,0.00,258.00,1477.23,0.00
8.74,0.00,0.00,0.00,7138.00,0.00,0.00,258.00,1349.58,0.00
8.75,0.00,0.00,0.00,7138.00,0.00,0.00,258.00,1232.97,0.00
8.76,0.00,0.00,0.00,7138.00,0.00,0.00,258.00,1126.43,0.00
8.76,0.00,0.00,0.00,7138.00,0.00,0.00,258.00,1029.10,0.00
8.77,0.00,0.00,0.00,7138.00,0.00,0.00,258.00,940.18,0.00
8.78,0.00,0.00,0.00,7138.00,0.00,0.00,258.00,858.94,0.00
8.78,0.00,0.00,0.00,7138.00,0.00,0.00,258.00,784.72,0.00
8.79,0.00,0.00,0.00,7138.00,0.00,0.00,258.00,716.92,0.00
8.80,0.00,0.00,0.00,7138.00,0.00,0.00,258.00,654.97,0.00
8.81,0.00,0.00,0.00,7138.00,0.00,0.00,258.00,598.37,0.00
8.81,0.00,0.00,0.00,7138.00,0.00,0.00,258.00,546.67,0.00
8.82,0.00,0.00,0.00,7138.00,0.00,0.00,258.00,499.43,0.00
8.83,0.00,0.00,0.00,7138.00,0.00,0.00,258.00,456.28,0.00
8.83,0.00,0.00,0.00,7138.00,0.00,0.00,258.00,416.85,0.00
8.84,0.00,0.00,0.00,7138.00,0.00,0.00,258.00,380.83,0.00
8.85,0.00,0.00,0.00,7138.00,0.00,0.00,258.00,347.93,0.00
8.85,0.00,0.00,0.00,7138.00,0.00,0.00,258.00,317.86,0.00
8.86,0.00,0.00,0.00,7138.00,0.00,0.00,258.00,290.40,0.00
8.87,0.00,0.00,0.00,7138.00,0.00,0.00,258.00,265.31,0.00
8.88,0.00,0.00,0.00,7138.00,0.00,0.00,258.00,242.38,0.00
8.88,0.00,0.00,0.00,7138.00,0.00,0.00,258.00,221.44,0.00
8.89,0.00,0.00,0.00,7138.00,0.00,0.00,258.00,202.30,0.00
8.90,0.00,0.00,0.00,7138.00,0.00,0.00,258.00,184.82,0.00
8.90,0.00,0.00,0.00,7138.00,0.00,0.00,258.00,168.85,0.00
8.91,0.00,0.00,0.00,7138.00,0.00,0.00,258.00,154.26,0.00
8.92,0.00,0.00,0.00,7138.00,0.00,0.00,258.00,140.93,0.00
8.92,0.00,0.00,0.00,7138.00,0.00,0.00,258.00,128.76,0.00
8.93,0.00,0.00,0.00,7138.00,0.00,0.00,258.00,117.63,0.00
8.94,0.00,0.00,0.00,7138.00,0.00,0.00,258.00,107.47,0.00
8.94,0.00,0.00,0.00,7138.00,0.00,0.00,258.00,98.18,0.00
8.95,0.00,0.00,0.00,7138.00,0.00,0.00,258.00,89.70,0.00
8.96,0.00,0.00,0.00,7138.00,0.00,0.00,258.00,81.95,0.00
8.97,0.00,0.00,0.00,7138.00,0.00,0.00,258.00,74.87,0.00
8.97,0.00,0.00,0.00,7138.00,0.00,0.00,258.00,68.40,0.00
8.98,0.00,0.00,0.00,7138.00,0.00,0.00,258.00,62.49,0.00
8.99,0.00,0.00,0.00,7138.00,0.00,0.00,258.00,57.09,0.00
8.99,0.00,0.00,0.00,7138.00,0.00,0.00,258.00,52.15,0.00
9.00,0.00,0.00,0.00,7138.00,0.00,0.00,258.00,47.65,0.00
9.01,0.00,0.00,0.00,7138.00,0.00,0.00,258.00,43.53,0.00
9.01,0.00,0.00,0.00,7138.00,0.00,0.00,258.00,39.77,0.00
9.02,0.00,0.00,0.00,7138.00,0.00,0.00,258.00,36.33,0.00
9.03,0.00,0.00,0.00,7138.00,0.00,0.00,258.00,33.19,0.00
9.03,0.00,0.00,0.00,7138.00,0.00,0.00,258.00,30.33,0.00
9.04,0.00,0.00,0.00,7138.00,0.00,0.00,258.00,27.71,0.00
9.05,0.00,0.00,0.00,7138.00,0.00,0.00,258.00,25.31,0.00
9.06,0.00,0.00,0.00,7138.00,0.00,0.00,258.00,23.12,0.00
9.06,0.00,0.00,0.00,7138.00,0.00,0.00,258.00,21.13,0.00
9.07,0.00,0.00,0.00,7138.00,0.00,0.00,258.00,19.30,0.00
9.08,0.00,0.00,0.00,7138.00,0.00,0.00,258.00,17.63,0.00
9.08,0.00,0.00,0.00,7138.00,0.00,0.00,258.00,16.11,0.00
9.09,0.00,0.00,0.00,7138.00,0.00,0.00,258.00,14.72,0.00
9.10,0.00,0.00,0.00,7138.00,0.00,0.00,258.00,13.45,0.00
9.10,0.00,0.00,0.00,7138.00,0.00,0.00,258.00,12.28,0.00
9.11,0.00,0.00,0.00,7138.00,0.00,0.00,258.00,11.22,0.00
9.12,0.00,0.00,0.00,7138.00,0.00,0.00,258.00,10.25,0.00
9.12,0.00,0.00,0.00,7138.00,0.00,0.00,258.00,9.37,0.00
9.13,0.00,0.00,0.00,7138.00,0.00,0.00,258.00,8.56,0.00
9.14,0.00,0.00,0.00,7138.00,0.00,0.00,258.00,7.82,0.00
9.15,0.00,0.00,0.00,7138.00,0.00,0.00,258.00,7.14,0.00
9.15,0.00,0.00,0.00,7138.00,0.00,0.00,258.00,6.53,0.00
9.16,0.00,0.00,0.00,7138.00,0.00,0.00,258.00,5.96,0.00
9.17,0.00,0.00,0.00,7138.00,0.00,0.00,258.00,5.45,0.00
9.17,0.00,0.00,0.00,7138.00,0.00,0.00,258.00,4.98,0.00
9.18,0.00,0.00,0.00,7138.00,0.00,0.00,258.00,4.55,0.00
9.19,0.00,0.00,0.00,7138.00,0.00,0.00,258.00,4.15,0.00
9.19,0.00,0.00,0.00,7138.00,0.00,0.00,258.00,3.79,0.00
9.20,0.00,0.00,0.00,7138.00,0.00,0.00,258.00,3.47,0.00
9.21,0.00,0.00,0.00,7138.00,0.00,0.00,258.00,3.17,0.00
9.22,0.00,0.00,0.00,7138.00,0.00,0.00,258.00,2.89,0.00
9.22,0.00,0.00,0.00,7138.00,0.00,0.00,258.00,2.64,0.00
9.23,0.00,0.00,0.00,7138.00,0.00,0.00,258.00,2.41,0.00
9.24,0.00,0.00,0.00,7138.00,0.00,0.00,258.00,2.21,0.00
9.24,0.00,0.00,0.00,7138.00,0.00,0.00,258.00,2.02,0.00
9.25,0.00,0.00,0.00,7138.00,0.00,0.00,258.00,1.84,0.00
9.26,0.00,0.00,0.00,7138.00,0.00,0.00,258.00,1.68,0.00
9.26,0.00,0.00,0.00,7138.00,0.00,0.00,258.00,1.54,0.00
9.27,0.00,0.00,0.00,7138.00,0.00,0.00,258.00,1.40,0.00
9.28,0.00,0.00,0.00,7138.00,0.00,0.00,258.00,1.28,0.00
9.28,0.00,0.00,0.00,7138.00,0.00,0.00,258.00,1.17,0.00
9.29,0.00,0.00,0.00,7138.00,0.00,0.00,258.00,1.07,0.00
9.30,0.00,0.00,0.00,7138.00,0.00,0.00,258.00,0.98,0.00
9.31,0.00,0.00,0.00,7138.00,0.00,0.00,258.00,0.89,0.00
9.31,0.00,0.00,0.00,7138.00,0.00,0.00,258.00,0.82,0.00
9.32,0.00,0.00,0.00,7138.00,0.00,0.00,258.00,0.75,0.00
9.33,0.00,0.00,0.00,7138.00,0.00,0.00,258.00,0.68,0.00
9.33,0.00,0.00,0.00,7138.00,0.00,0.00,258.00,0.62,0.00
9.34,0.00,0.00,0.00,7138.00,0.00,0.00,258.00,0.57,0.00
9.35,0.00,0.00,0.00,7138.00,0.00,0.00,258.00,0.52,0.00
9.35,0.00,0.00,0.00,7138.00,0.00,0.00,258.00,0.47,0.00
9.36,0.00,0.00,0.00,7138.00,0.00,0.00,258.00,0.43,0.00
9.37,0.00,0.00,0.00,7138.00,0.00,0.00,258.00,0.40,0.00
9.38,0.00,0.00,0.00,7138.00,0.00,0.00,258.00,0.36,0.00
9.38,0.00,0.00,0.00,7138.00,0.00,0.00,258.00,0.33,0.00
9.39,0.00,0.00,0.00,7138.00,0.00,0.00,258.00,0.30,0.00
9.40,0.00,0.00,0.00,7138.00,0.00,0.00,258.00,0.28,0.00
9.40,0.00,0.00,0.00,7138.00,0.00,0.00,258.00,0.25,0.00
9.41,0.00,0.00,0.00,7138.00,0.00,0.00,258.00,0.23,0.00
9.42,0.00,0.00,0.00,7138.00,0.00,0.00,258.00,0.21,0.00
9.42,0.00,0.00,0.00,7138.00,0.00,0.00,258.00,0.19,0.00
9.43,0.00,0.00,0.00,7138.00,0.00,0.00,258.00,0.18,0.00
9.44,0.00,0.00,0.00,7138.00,0.00,0.00,258.00,0.16,0.00
9.44,0.00,0.00,0.00,7138.00,0.00,0.00,258.00,0.15,0.00
9.45,0.00,0.00,0.00,7138.00,0.00,0.00,258.00,0.13,0.00
9.46,0.00,0.00,0.00,7138.00,0.00,0.00,258.00,0.12,0.00
9.47,0.00,0.00,0.00,7138.00,0.00,0.00,258.00,0.11,0.00
9.47,0.00,0.00,0.00,7138.00,0.00,0.00,258.00,0.10,0.00
9.48,0.00,0.00,0.00,7138.00,0.00,0.00,258.00,0.09,0.00
9.49,0.00,0.00,0.00,7138.00,0.00,0.00,258.00,0.09,0.00
9.49,0.00,0.00,0.00,7138.00,0.00,0.00,258.00,0.08,0.00
9.50,0.00,0.00,0.00,7138.00,0.00,0.00,258.00,0.07,0.00
9.51,0.00,0.00,0.00,7138.00,0.00,0.00,258.00,0.07,0.00
9.51,0.00,0.00,0.00,7138.00,0.00,0.00,258.00,0.06,0.00
9.52,0.00,0.00,0.00,7138.00,0.00,0.00,258.00,0.05,0.00
9.53,0.00,0.00,0.00,7138.00,0.00,0.00,258.00,0.05,0.00
9.53,0.00,0.00,0.00,7138.00,0.00,0.00,258.00,0.05,0.00
9.54,0.00,0.00,0.00,7138.00,0.00,0.00,258.00,0.04,0.00
9.55,0.00,0.00,0.00,7138.00,0.00,0.00,258.00,0.04,0.00
9.56,0.00,0.00,0.00,7138.00,0.00,0.00,258.00,0.03,0.00
9.56,0.00,0.00,0.00,7138.00,0.00,0.00,258.00,0.03,0.00
9.57,0.00,0.00,0.00,7138.00,0.00,0.00,258.00,0.03,0.00
9.58,0.00,0.00,0.00,7138.00,0.00,0.00,258.00,0.03,0.00
9.58,0.00,0.00,0.00,7138.00,0.00,0.00,258.00,0.02,0.00
9.59,0.00,0.00,0.00,7138.00,0.00,0.00,258.00,0.02,0.00
9.60,0.00,0.00,0.00,7138.00,0.00,0.00,258.00,0.02,0.00
9.60,0.00,0.00,0.00,7138.00,0.00,0.00,258.00,0.02,0.00
9.61,0.00,0.00,0.00,7138.00,0.00,0.00,258.00,0.02,0.00
9.62,0.00,0.00,0.00,7138.00,0.00,0.00,258.00,0.02,0.00
9.62,0.00,0.00,0.00,7138.00,0.00,0.00,258.00,0.01,0.00
9.63,0.00,0.00,0.00,7138.00,0.00,0.00,258.00,0.01,0.00
9.64,0.00,0.00,0.00,7138.00,0.00,0.00,258.00,0.01,0.00
9.65,0.00,0.00,0.00,7138.00,0.00,0.00,258.00,0.01,0.00
9.65,0.00,0.00,0.00,7138.00,0.00,0.00,258.00,0.01,0.00
9.66,0.00,0.00,0.00,7138.00,0.00,0.00,258.00,0.01,0.00
9.67,0.00,0.00,0.00,7138.00,0.00,0.00,258.00,0.01,0.00
9.67,0.00,0.00,0.00,7138.00,0.00,0.00,258.00,0.01,0.00
9.68,0.00,0.00,0.00,7138.00,0.00,0.00,258.00,0.01,0.00
9.69,0.00,0.00,0.00,7138.00,0.00,0.00,258.00,0.01,0.00
9.69,0.00,0.00,0.00,7138.00,0.00,0.00,258.00,0.01,0.00
9.70,0.00,0.00,0.00,7138.00,0.00,0.00,258.00,0.01,0.00
9.71,0.00,0.00,0.00,7138.00,0.00,0.00,258.00,0.00,0.00
9.72,0.00,0.00,0.00,7138.00,0.00,0.00,258.00,0.00,0.00
9.72,0.00,0.00,0.00,7138.00,0.00,0.00,258.00,0.00,0.00
9.73,0.00,0.00,0.00,7138.00,0.00,0.00,258.00,0.00,0.00
9.74,0.00,0.00,0.00,7138.00,0.00,0.00,258.00,0.00,0.00
9.74,0.00,0.00,0.00,7138.00,0.00,0.00,258.00,0.00,0.00
9.75,0.00,0.00,0.00,7138.00,0.00,0.00,258.00,0.00,0.00
9.76,0.00,0.00,0.00,7138.00,0.00,0.00,258.00,0.00,0.00
9.76,0.00,0.00,0.00,7138.00,0.00,0.00,258.00,0.00,0.00
9.77,0.00,0.00,0.00,7138.00,0.00,0.00,258.00,0.00,0.00
9.78,0.00,0.00,0.00,7138.00,0.00,0.00,258.00,0.00,0.00
9.78,0.00,0.00,0.00,7138.00,0.00,0.00,258.00,0.00,0.00
9.79,0.00,0.00,0.00,7138.00,0.00,0.00,258.00,0.00,0.00
9.80,0.00,0.00,0.00,7138.00,0.00,0.00,258.00,0.00,0.00
9.81,0.00,0.00,0.00,7138.00,0.00,0.00,258.00,0.00,0.00
9.81,0.00,0.00,0.00,7138.00,0.00,0.00,258.00,0.00,0.00
9.82,0.00,0.00,0.00,7138.00,0.00,0.00,258.00,0.00,0.00
9.83,0.00,0.00,0.00,7138.00,0.00,0.00,258.00,0.00,0.00
9.83,0.00,0.00,0.00,7138.00,0.00,0.00,258.00,0.00,0.00
9.84,0.00,0.00,0.00,7138.00,0.00,0.00,258.00,0.00,0.00
9.85,0.00,0.00,0.00,7138.00,0.00,0.00,258.00,0.00,0.00
9.85,0.00,0.00,0.00,7138.00,0.00,0.00,258.00,0.00,0.00
9.86,0.00,0.00,0.00,7138.00,0.00,0.00,258.00,0.00,0.00
9.87,0.00,0.00,0.00,7138.00,0.00,0.00,258.00,0.00,0.00
9.88,0.00,0.00,0.00,7138.00,0.00,0.00,258.00,0.00,0.00
9.88,0.00,0.00,0.00,7138.00,0.00,0.00,258.00,0.00,0.00
9.89,0.00,0.00,0.00,7138.00,0.00,0.00,258.00,0.00,0.00
9.90,0.00,0.00,0.00,7138.00,0.00,0.00,258.00,0.00,0.00
9.90,0.00,0.00,0.00,7138.00,0.00,0.00,258.00,0.00,0.00
9.91,0.00,0.00,0.00,7138.00,0.00,0.00,258.00,0.00,0.00
9.92,0.00,0.00,0.00,7138.00,0.00,0.00,258.00,0.00,0.00
9.92,0.00,0.00,0.00,7138.00,0.00,0.00,258.00,0.00,0.00
9.93,0.00,0.00,0.00,7138.00,0.00,0.00,258.00,0.00,0.00
9.94,0.00,0.00,0.00,7138.00,0.00,0.00,258.00,0.00,0.00
9.94,0.00,0.00,0.00,7138.00,0.00,0.00,258.00,0.00,0.00
9.95,0.00,0.00,0.00,7138.00,0.00,0.00,258.00,0.00,0.00
9.96,0.00,0.00,0.00,7138.00,0.00,0.00,258.00,0.00,0.00
9.97,0.00,0.00,0.00,7138.00,0.00,0.00,258.00,0.00,0.00
9.97,0.00,0.00,0.00,7138.00,0.00,0.00,258.00,0.00,0.00
9.98,0.00,0.00,0.00,7138.00,0.00,0.00,258.00,0.00,0.00
9.99,0.00,0.00,0.00,7138.00,0.00,0.00,258.00,0.00,0.00
9.99,0.00,0.00,0.00,7138.00,0.00,0.00,258.00,0.00,0.00
