Time,U,AI1,AI2,AD,BI2,BI2,BD,VA,VB
0.00,7393.00,1.00,0.00,0.00,2.00,0.00,0.00,75.00,75.00
0.01,7392.00,1.00,0.00,0.00,3.00,0.00,0.00,68.52,68.47
0.01,7388.00,1.00,0.00,0.00,7.00,0.00,0.00,62.61,62.51
0.02,7388.00,1.00,0.00,0.00,7.00,0.00,0.00,57.20,57.06
0.03,7386.00,2.00,0.00,0.00,7.00,1.00,0.00,52.26,67.12
0.03,7386.00,2.00,0.00,0.00,7.00,1.00,0.00,47.75,76.30
0.04,7384.00,3.00,0.00,0.00,8.00,1.00,0.00,43.63,84.68
0.05,7382.00,4.00,0.00,0.00,9.00,1.00,0.00,39.86,92.33
0.06,7378.00,5.00,0.00,0.00,12.00,1.00,0.00,36.42,99.31
0.06,7375.00,7.00,0.00,0.00,13.00,1.00,0.00,33.28,105.69
0.07,7375.00,7.00,0.00,0.00,13.00,1.00,0.00,30.40,111.51
0.08,7375.00,7.00,0.00,0.00,13.00,1.00,0.00,27.78,116.82
0.08,7372.00,8.00,0.00,0.00,14.00,2.00,0.00,25.38,136.69
0.09,7372.00,8.00,0.00,0.00,12.00,4.00,0.00,23.19,184.88
0.10,7370.00,8.00,0.00,0.00,14.00,4.00,0.00,21.19,228.88
0.10,7368.00,8.00,0.00,0.00,15.00,5.00,0.00,19.36,284.06
0.11,7366.00,8.00,0.00,0.00,16.00,6.00,0.00,17.69,349.47
0.12,7365.00,8.00,0.00,0.00,17.00,6.00,0.00,16.16,409.18
0.12,7362.00,8.00,0.00,0.00,19.00,7.00,0.00,14.76,478.71
0.13,7360.00,8.00,0.00,0.00,21.00,7.00,0.00,13.49,542.19
0.14,7355.00,8.00,0.00,0.00,26.00,5.00,2.00,12.33,570.09
0.15,7351.00,8.00,0.00,0.00,28.00,7.00,2.00,11.26,625.61
0.15,7347.00,7.00,1.00,0.00,31.00,8.00,2.00,11.79,691.32
0.16,7343.00,7.00,1.00,0.00,33.00,10.00,2.00,12.28,781.35
0.17,7340.00,7.00,1.00,0.00,34.00,12.00,2.00,12.72,893.59
0.17,7335.00,7.00,1.00,0.00,39.00,12.00,2.00,13.12,996.06
0.18,7330.00,6.00,2.00,0.00,43.00,13.00,2.00,14.99,1104.63
0.19,7326.00,4.00,4.00,0.00,47.00,13.00,2.00,19.71,1203.74
0.19,7317.00,4.00,4.00,0.00,55.00,14.00,2.00,24.02,1309.25
0.20,7311.00,4.00,4.00,0.00,57.00,18.00,2.00,27.95,1465.66
0.21,7304.00,4.00,4.00,0.00,62.00,20.00,2.00,31.55,1638.50
0.22,7289.00,4.00,4.00,0.00,76.00,21.00,2.00,34.83,1811.31
0.22,7283.00,3.00,5.00,0.00,81.00,22.00,2.00,39.34,1984.10
0.23,7276.00,3.00,5.00,0.00,84.00,25.00,3.00,43.45,2186.91
0.24,7261.00,4.00,5.00,0.00,96.00,27.00,3.00,47.21,2402.11
0.24,7254.00,5.00,5.00,0.00,100.00,29.00,3.00,50.65,2628.61
0.25,7248.00,5.00,5.00,0.00,105.00,29.00,4.00,53.79,2835.39
0.26,7242.00,5.00,5.00,0.00,111.00,29.00,4.00,56.66,3024.17
0.26,7230.00,7.00,5.00,0.00,119.00,30.00,5.00,59.28,3211.53
0.27,7222.00,7.00,6.00,0.00,124.00,30.00,7.00,63.17,3382.58
0.28,7206.00,8.00,6.00,0.00,134.00,35.00,7.00,66.73,3613.85
0.28,7196.00,9.00,6.00,0.00,138.00,36.00,11.00,69.98,3840.00
0.29,7188.00,9.00,6.00,0.00,141.00,41.00,11.00,72.96,4121.58
0.30,7176.00,9.00,6.00,0.00,149.00,43.00,13.00,75.67,4408.68
0.31,7166.00,11.00,5.00,1.00,155.00,44.00,14.00,76.65,4685.81
0.31,7149.00,11.00,7.00,1.00,166.00,48.00,14.00,80.55,4998.90
0.32,7132.00,13.00,8.00,1.00,172.00,53.00,17.00,85.61,5359.84
0.33,7117.00,15.00,8.00,1.00,181.00,57.00,17.00,90.24,5749.44
0.33,7104.00,17.00,8.00,1.00,184.00,65.00,17.00,94.47,6225.31
0.34,7093.00,18.00,8.00,1.00,188.00,69.00,19.00,98.33,6719.83
0.35,7078.00,20.00,8.00,1.00,194.00,76.00,19.00,101.86,7276.45
0.35,7063.00,21.00,8.00,1.00,199.00,85.00,19.00,105.08,7919.81
0.36,7041.00,19.00,11.00,1.00,214.00,89.00,21.00,112.54,8567.24
0.37,7022.00,20.00,11.00,1.00,224.00,95.00,23.00,119.35,9248.44
0.38,7000.00,20.00,10.00,2.00,236.00,105.00,23.00,124.07,10020.55
0.38,6980.00,20.00,11.00,2.00,247.00,112.00,24.00,129.88,10830.59
0.39,6948.00,22.00,12.00,2.00,270.00,118.00,24.00,136.70,11660.24
0.40,6918.00,22.00,13.00,2.00,293.00,121.00,27.00,144.42,12462.71
0.40,6895.00,22.00,14.00,2.00,309.00,126.00,28.00,152.99,13270.42
0.41,6862.00,24.00,15.00,2.00,330.00,135.00,28.00,162.31,14143.01
0.42,6832.00,24.00,14.00,3.00,352.00,140.00,31.00,169.33,15014.73
0.42,6804.00,24.00,14.00,3.00,372.00,146.00,33.00,175.75,15900.68
0.43,6779.00,25.00,15.00,3.00,379.00,160.00,35.00,183.11,16919.81
0.44,6750.00,27.00,14.00,4.00,396.00,166.00,39.00,188.33,17940.34
0.44,6711.00,28.00,15.00,4.00,421.00,177.00,40.00,194.61,19037.26
0.45,6685.00,30.00,15.00,4.00,423.00,191.00,48.00,200.34,20248.99
0.46,6647.00,33.00,13.00,6.00,438.00,208.00,51.00,202.57,21610.60
0.47,6613.00,36.00,13.00,6.00,455.00,217.00,56.00,204.62,22988.85
0.47,6580.00,38.00,14.00,6.00,475.00,224.00,59.00,207.98,24352.26
0.48,6542.00,38.00,14.00,7.00,496.00,238.00,61.00,211.06,25807.26
0.49,6509.00,41.00,14.00,7.00,509.00,252.00,64.00,213.87,27345.90
0.49,6463.00,43.00,15.00,7.00,539.00,262.00,67.00,217.94,28900.79
0.50,6421.00,47.00,15.00,7.00,565.00,269.00,72.00,221.66,30425.44
0.51,6381.00,47.00,15.00,8.00,586.00,284.00,75.00,225.06,32042.68
0.51,6339.00,47.00,18.00,8.00,607.00,299.00,78.00,232.67,33744.45
0.52,6298.00,49.00,18.00,8.00,630.00,312.00,81.00,239.62,35493.33
0.53,6251.00,49.00,20.00,8.00,659.00,321.00,88.00,248.98,37225.14
0.53,6210.00,48.00,22.00,8.00,679.00,336.00,93.00,260.54,39031.49
0.54,6170.00,49.00,20.00,10.00,700.00,352.00,95.00,268.09,40920.93
0.55,6120.00,52.00,21.00,10.00,726.00,369.00,98.00,276.49,42901.23
0.56,6078.00,53.00,21.00,10.00,748.00,382.00,104.00,284.17,44904.40
0.56,6044.00,55.00,20.00,12.00,766.00,390.00,109.00,289.68,46853.32
0.57,5999.00,55.00,23.00,12.00,781.00,412.00,114.00,299.23,48963.05
0.58,5943.00,57.00,24.00,12.00,809.00,434.00,117.00,309.45,51219.58
0.58,5896.00,59.00,24.00,14.00,830.00,454.00,119.00,318.79,53580.08
0.59,5850.00,62.00,26.00,15.00,850.00,469.00,124.00,330.33,55960.39
0.60,5810.00,62.00,28.00,16.00,861.00,493.00,126.00,343.87,58493.98
0.60,5754.00,61.00,31.00,18.00,882.00,515.00,135.00,360.76,61137.47
0.61,5705.00,62.00,32.00,18.00,910.00,532.00,137.00,377.68,63806.17
0.62,5665.00,65.00,33.00,18.00,927.00,548.00,140.00,394.65,66482.85
0.62,5614.00,70.00,33.00,18.00,938.00,578.00,145.00,410.16,69377.16
0.63,5562.00,70.00,36.00,18.00,959.00,599.00,152.00,428.83,72334.92
0.64,5521.00,77.00,37.00,18.00,972.00,615.00,156.00,447.39,75275.51
0.65,5469.00,77.00,39.00,19.00,1002.00,630.00,160.00,467.36,78185.39
0.65,5413.00,79.00,39.00,20.00,1011.00,671.00,163.00,485.60,81457.83
0.66,5370.00,80.00,40.00,21.00,1020.00,695.00,170.00,503.77,84805.88
0.67,5328.00,79.00,39.00,23.00,1035.00,720.00,172.00,518.87,88237.98
0.67,5282.00,83.00,38.00,25.00,1038.00,751.00,179.00,531.16,91836.93
0.68,5228.00,86.00,37.00,26.00,1067.00,767.00,185.00,540.89,95362.88
0.69,5178.00,87.00,43.00,26.00,1078.00,793.00,191.00,558.79,98972.40
0.69,5119.00,91.00,42.00,27.00,1091.00,826.00,200.00,573.64,102763.38
0.70,5061.00,93.00,43.00,29.00,1103.00,864.00,203.00,588.72,106795.13
0.71,5001.00,98.00,41.00,31.00,1134.00,882.00,209.00,599.49,110746.23
0.72,4946.00,100.00,43.00,32.00,1150.00,908.00,217.00,612.33,114743.89
0.72,4895.00,105.00,46.00,32.00,1153.00,943.00,222.00,628.57,118919.26
0.73,4839.00,107.00,48.00,33.00,1162.00,982.00,225.00,646.41,123316.95
0.74,4784.00,112.00,48.00,34.00,1175.00,1013.00,230.00,662.72,127797.43
0.74,4717.00,114.00,50.00,34.00,1201.00,1047.00,233.00,680.62,132398.55
0.75,4662.00,114.00,52.00,35.00,1222.00,1070.00,241.00,699.98,136944.56
0.76,4600.00,111.00,57.00,35.00,1253.00,1093.00,247.00,725.18,141440.25
0.76,4525.00,112.00,60.00,35.00,1281.00,1131.00,252.00,752.71,146115.35
0.77,4465.00,115.00,62.00,36.00,1298.00,1160.00,260.00,780.87,150819.03
0.78,4408.00,118.00,63.00,37.00,1310.00,1196.00,264.00,808.10,155653.97
0.78,4349.00,122.00,63.00,38.00,1318.00,1237.00,269.00,832.98,160683.85
0.79,4297.00,124.00,63.00,39.00,1326.00,1271.00,276.00,855.71,165786.53
0.80,4233.00,128.00,65.00,40.00,1343.00,1302.00,285.00,879.48,170910.61
0.81,4170.00,139.00,65.00,41.00,1352.00,1339.00,290.00,901.20,176144.36
0.81,4094.00,145.00,67.00,41.00,1383.00,1371.00,295.00,924.05,181403.12
0.82,4035.00,142.00,71.00,42.00,1401.00,1406.00,299.00,950.94,186729.77
0.83,3976.00,142.00,77.00,42.00,1416.00,1435.00,308.00,984.52,192028.27
0.83,3912.00,144.00,78.00,45.00,1437.00,1466.00,314.00,1016.70,197331.12
0.84,3840.00,144.00,78.00,48.00,1472.00,1487.00,327.00,1046.10,202487.70
0.85,3773.00,150.00,81.00,49.00,1485.00,1524.00,334.00,1077.48,207751.12
0.85,3706.00,151.00,84.00,51.00,1510.00,1554.00,340.00,1110.65,213006.91
0.86,3640.00,154.00,88.00,52.00,1524.00,1594.00,344.00,1146.96,218405.98
0.87,3569.00,160.00,91.00,53.00,1544.00,1627.00,352.00,1184.65,223830.68
0.88,3517.00,158.00,97.00,54.00,1552.00,1662.00,356.00,1228.10,229308.83
0.88,3450.00,166.00,97.00,58.00,1568.00,1692.00,365.00,1267.80,234760.66
0.89,3375.00,169.00,103.00,59.00,1580.00,1738.00,372.00,1313.08,240428.83
0.90,3317.00,173.00,104.00,61.00,1589.00,1776.00,376.00,1355.96,246174.31
0.90,3249.00,175.00,107.00,62.00,1606.00,1815.00,382.00,1399.64,252005.41
0.91,3189.00,176.00,111.00,64.00,1617.00,1845.00,394.00,1445.56,257779.44
0.92,3131.00,177.00,111.00,66.00,1630.00,1883.00,398.00,1487.51,263621.58
0.92,3053.00,178.00,113.00,67.00,1659.00,1920.00,406.00,1528.85,269510.86
0.93,2994.00,180.00,116.00,69.00,1653.00,1969.00,415.00,1571.13,275623.46
0.94,2935.00,180.00,121.00,69.00,1661.00,2011.00,419.00,1617.26,281834.77
0.94,2867.00,185.00,123.00,69.00,1683.00,2040.00,429.00,1662.42,287940.90
0.95,2802.00,195.00,124.00,74.00,1680.00,2084.00,437.00,1705.19,294176.34
0.96,2745.00,197.00,125.00,77.00,1688.00,2117.00,447.00,1745.76,300364.59
0.97,2676.00,199.00,123.00,83.00,1699.00,2163.00,453.00,1779.82,306705.06
0.97,2616.00,198.00,127.00,86.00,1703.00,2203.00,463.00,1816.96,313094.35
0.98,2552.00,200.00,131.00,87.00,1694.00,2261.00,471.00,1856.89,319798.62
0.99,2489.00,199.00,135.00,88.00,1697.00,2312.00,476.00,1899.39,326685.30
0.99,2414.00,202.00,137.00,89.00,1713.00,2357.00,484.00,1941.23,333648.35
1.00,2363.00,203.00,139.00,90.00,1705.00,2406.00,490.00,1982.45,340741.22
1.01,2277.00,206.00,143.00,90.00,1728.00,2453.00,499.00,2026.13,347922.55
1.01,2213.00,208.00,146.00,92.00,1731.00,2501.00,505.00,2070.54,355199.68
1.02,2155.00,210.00,148.00,94.00,1745.00,2529.00,515.00,2114.13,362263.79
1.03,2092.00,211.00,152.00,97.00,1749.00,2578.00,517.00,2159.96,369448.91
1.03,2038.00,208.00,159.00,99.00,1743.00,2625.00,524.00,2212.34,376714.47
1.04,1980.00,209.00,166.00,101.00,1734.00,2677.00,529.00,2270.73,384128.58
1.05,1929.00,210.00,170.00,102.00,1735.00,2714.00,536.00,2330.08,391452.95
1.06,1862.00,217.00,168.00,108.00,1757.00,2742.00,542.00,2381.30,398560.20
1.06,1802.00,218.00,169.00,110.00,1757.00,2791.00,549.00,2429.60,405784.70
1.07,1743.00,217.00,172.00,115.00,1772.00,2822.00,555.00,2478.24,412845.84
1.08,1674.00,225.00,174.00,117.00,1783.00,2862.00,561.00,2525.69,419893.05
1.08,1608.00,230.00,179.00,118.00,1784.00,2907.00,570.00,2576.55,427002.66
1.09,1564.00,230.00,183.00,120.00,1774.00,2942.00,583.00,2629.03,434019.00
1.10,1522.00,229.00,187.00,124.00,1744.00,2998.00,592.00,2682.98,441265.68
1.10,1476.00,229.00,195.00,126.00,1735.00,3038.00,597.00,2744.30,448482.27
1.11,1422.00,229.00,198.00,128.00,1744.00,3069.00,606.00,2804.83,455536.19
1.12,1376.00,231.00,202.00,129.00,1727.00,3118.00,613.00,2866.14,462712.01
1.12,1323.00,232.00,204.00,133.00,1730.00,3154.00,620.00,2925.17,469803.83
1.13,1281.00,236.00,209.00,134.00,1702.00,3205.00,629.00,2986.61,477044.29
1.14,1231.00,235.00,217.00,136.00,1693.00,3247.00,637.00,3054.76,484285.26
1.15,1180.00,236.00,219.00,141.00,1693.00,3284.00,643.00,3120.04,491451.57
1.15,1130.00,238.00,222.00,143.00,1693.00,3323.00,647.00,3184.19,498579.76
1.16,1091.00,234.00,223.00,148.00,1686.00,3360.00,654.00,3244.30,505643.12
1.17,1044.00,234.00,231.00,148.00,1682.00,3399.00,658.00,3311.24,512677.33
1.17,993.00,232.00,237.00,150.00,1673.00,3438.00,673.00,3381.41,519684.93
1.18,945.00,239.00,243.00,150.00,1664.00,3472.00,683.00,3454.54,526593.12
1.19,917.00,243.00,243.00,154.00,1635.00,3515.00,689.00,3521.36,533545.77
1.19,881.00,241.00,247.00,159.00,1619.00,3553.00,696.00,3588.41,540463.88
1.20,834.00,246.00,249.00,163.00,1618.00,3586.00,700.00,3652.68,547275.36
1.21,802.00,243.00,251.00,166.00,1598.00,3630.00,706.00,3714.41,554154.74
1.22,767.00,245.00,253.00,171.00,1591.00,3654.00,715.00,3773.82,560795.65
1.22,740.00,241.00,256.00,175.00,1574.00,3688.00,722.00,3832.60,567369.08
1.23,709.00,245.00,257.00,179.00,1559.00,3718.00,729.00,3887.81,573820.81
1.24,681.00,246.00,252.00,188.00,1537.00,3753.00,739.00,3930.74,580236.56
1.24,649.00,244.00,256.00,191.00,1522.00,3791.00,743.00,3975.97,586664.53
1.25,621.00,241.00,262.00,194.00,1506.00,3825.00,747.00,4026.31,593043.57
1.26,585.00,241.00,269.00,195.00,1490.00,3862.00,754.00,4082.83,599423.00
1.26,553.00,238.00,276.00,198.00,1470.00,3901.00,760.00,4144.98,605832.84
1.27,518.00,242.00,278.00,205.00,1453.00,3929.00,771.00,4204.76,612105.18
1.28,492.00,242.00,283.00,207.00,1433.00,3957.00,782.00,4266.90,618252.00
1.28,470.00,243.00,284.00,211.00,1421.00,3972.00,795.00,4325.18,624088.92
1.29,447.00,245.00,287.00,214.00,1389.00,4007.00,807.00,4382.93,629943.40
1.30,428.00,246.00,290.00,217.00,1369.00,4027.00,819.00,4440.20,635588.55
1.31,411.00,242.00,295.00,220.00,1345.00,4057.00,826.00,4500.04,641192.84
1.31,398.00,238.00,301.00,222.00,1320.00,4085.00,832.00,4563.73,646729.78
1.32,378.00,239.00,303.00,224.00,1304.00,4111.00,837.00,4624.92,652175.19
1.33,358.00,232.00,309.00,228.00,1279.00,4144.00,846.00,4689.85,657642.20
1.33,339.00,229.00,317.00,231.00,1258.00,4170.00,852.00,4761.19,663023.76
1.34,321.00,231.00,314.00,237.00,1241.00,4193.00,859.00,4821.86,668282.24
1.35,303.00,232.00,312.00,241.00,1232.00,4210.00,866.00,4874.29,673338.23
1.35,279.00,230.00,315.00,246.00,1215.00,4242.00,869.00,4926.70,678434.71
1.36,261.00,237.00,315.00,247.00,1191.00,4271.00,874.00,4974.58,683523.08
1.37,244.00,241.00,310.00,255.00,1160.00,4304.00,882.00,5010.82,688664.13
1.38,232.00,237.00,309.00,263.00,1135.00,4332.00,888.00,5042.43,693778.17
1.38,220.00,234.00,311.00,267.00,1110.00,4359.00,895.00,5074.31,698852.53
1.39,208.00,227.00,317.00,271.00,1087.00,4384.00,902.00,5112.46,703860.60
1.40,194.00,227.00,319.00,272.00,1070.00,4405.00,909.00,5150.31,708748.08
1.40,188.00,223.00,323.00,275.00,1049.00,4424.00,914.00,5190.91,713495.42
1.41,183.00,214.00,327.00,281.00,1033.00,4433.00,925.00,5234.01,717964.58
1.42,175.00,205.00,333.00,286.00,999.00,4470.00,928.00,5282.41,722600.45
1.42,168.00,206.00,325.00,295.00,974.00,4496.00,932.00,5314.60,727223.24
1.43,157.00,206.00,327.00,299.00,948.00,4523.00,936.00,5347.03,731849.12
1.44,147.00,207.00,327.00,303.00,936.00,4534.00,942.00,5376.65,736237.46
1.44,144.00,201.00,332.00,305.00,909.00,4557.00,948.00,5411.23,740589.20
1.45,133.00,198.00,337.00,308.00,888.00,4577.00,955.00,5450.33,744862.48
1.46,129.00,194.00,337.00,313.00,859.00,4605.00,959.00,5486.06,749184.30
1.47,127.00,189.00,336.00,320.00,838.00,4615.00,971.00,5517.20,753280.03
1.47,118.00,189.00,337.00,324.00,825.00,4624.00,979.00,5547.15,757154.33
1.48,110.00,190.00,335.00,328.00,802.00,4647.00,984.00,5571.52,761036.80
1.49,106.00,185.00,336.00,333.00,784.00,4660.00,992.00,5595.28,764776.50
1.49,102.00,184.00,334.00,338.00,753.00,4685.00,1000.00,5613.99,768566.14
1.50,93.00,178.00,338.00,342.00,740.00,4691.00,1014.00,5637.09,772115.93
1.51,88.00,178.00,336.00,347.00,726.00,4701.00,1020.00,5655.19,775506.85
1.51,84.00,170.00,336.00,356.00,706.00,4712.00,1032.00,5671.73,778767.76
1.52,79.00,166.00,341.00,357.00,690.00,4725.00,1038.00,5694.35,781940.02
1.53,76.00,165.00,341.00,360.00,673.00,4737.00,1044.00,5715.02,785016.33
1.53,70.00,163.00,341.00,365.00,661.00,4746.00,1050.00,5733.91,787959.98
1.54,64.00,159.00,345.00,367.00,640.00,4760.00,1061.00,5757.17,790857.62
1.55,64.00,155.00,346.00,370.00,622.00,4774.00,1065.00,5779.93,793713.28
1.56,60.00,155.00,343.00,375.00,605.00,4778.00,1080.00,5796.21,796380.37
1.56,57.00,151.00,340.00,382.00,589.00,4790.00,1087.00,5806.59,798995.50
1.57,53.00,149.00,337.00,390.00,573.00,4800.00,1094.00,5811.56,801533.14
1.58,52.00,142.00,340.00,394.00,562.00,4801.00,1105.00,5820.61,803864.84
1.58,50.00,140.00,340.00,397.00,551.00,4808.00,1110.00,5828.87,806098.67
1.59,45.00,138.00,341.00,400.00,536.00,4820.00,1116.00,5837.93,808318.26
1.60,42.00,135.00,346.00,400.00,512.00,4834.00,1127.00,5853.72,810554.90
1.60,38.00,131.00,347.00,404.00,495.00,4843.00,1138.00,5869.64,812731.99
1.61,38.00,127.00,346.00,409.00,484.00,4842.00,1150.00,5882.69,814704.49
1.62,37.00,123.00,348.00,411.00,476.00,4847.00,1154.00,5897.61,816580.34
1.62,35.00,120.00,352.00,412.00,465.00,4852.00,1160.00,5917.26,818367.97
1.63,33.00,119.00,348.00,418.00,457.00,4848.00,1173.00,5929.20,819939.84
1.64,31.00,116.00,347.00,422.00,447.00,4854.00,1179.00,5938.61,821464.98
1.65,27.00,114.00,349.00,423.00,436.00,4861.00,1186.00,5950.21,822962.48
1.65,25.00,112.00,347.00,429.00,425.00,4865.00,1193.00,5957.80,824389.68
1.66,24.00,110.00,349.00,430.00,415.00,4870.00,1198.00,5967.75,825767.72
1.67,22.00,109.00,348.00,434.00,407.00,4870.00,1206.00,5975.33,827025.76
1.67,22.00,106.00,350.00,435.00,395.00,4877.00,1211.00,5985.26,828279.42
1.68,20.00,107.00,346.00,439.00,382.00,4885.00,1217.00,5988.33,829544.10
1.69,20.00,107.00,344.00,441.00,371.00,4889.00,1224.00,5988.12,830758.75
1.69,19.00,105.00,344.00,443.00,363.00,4894.00,1228.00,5987.94,831942.75
1.70,18.00,100.00,348.00,444.00,352.00,4899.00,1235.00,5993.78,833098.77
1.71,17.00,97.00,345.00,451.00,339.00,4900.00,1247.00,5994.60,834169.15
1.72,14.00,93.00,344.00,456.00,333.00,4896.00,1260.00,5993.86,835086.23
1.72,13.00,87.00,342.00,464.00,332.00,4886.00,1272.00,5990.17,835773.22
1.73,12.00,87.00,339.00,468.00,318.00,4894.00,1278.00,5982.30,836520.58
1.74,12.00,85.00,336.00,473.00,307.00,4893.00,1290.00,5970.60,837187.84
1.74,12.00,82.00,332.00,480.00,296.00,4895.00,1299.00,5953.90,837827.04
1.75,12.00,79.00,331.00,484.00,290.00,4898.00,1302.00,5937.13,838455.66
1.76,12.00,77.00,329.00,488.00,284.00,4892.00,1314.00,5918.82,838939.39
1.76,11.00,77.00,328.00,490.00,276.00,4893.00,1321.00,5900.58,839396.03
1.77,10.00,73.00,329.00,493.00,267.00,4897.00,1327.00,5885.41,839873.00
1.78,9.00,71.00,325.00,500.00,261.00,4894.00,1336.00,5865.55,840263.36
1.78,8.00,70.00,322.00,505.00,252.00,4893.00,1346.00,5842.90,840604.71
1.79,8.00,69.00,316.00,512.00,244.00,4890.00,1357.00,5813.18,840871.27
1.80,7.00,68.00,314.00,515.00,241.00,4889.00,1362.00,5783.03,841099.60
1.81,6.00,65.00,316.00,516.00,235.00,4892.00,1366.00,5758.49,841353.11
1.81,5.00,64.00,313.00,520.00,233.00,4886.00,1375.00,5731.55,841494.41
1.82,5.00,63.00,309.00,525.00,227.00,4880.00,1387.00,5700.94,841533.27
1.83,4.00,59.00,310.00,528.00,220.00,4884.00,1391.00,5674.47,841628.83
1.83,3.00,58.00,302.00,537.00,217.00,4881.00,1398.00,5638.26,841671.01
1.84,3.00,57.00,301.00,539.00,210.00,4880.00,1406.00,5603.68,841694.48
1.85,2.00,56.00,294.00,547.00,207.00,4876.00,1414.00,5561.57,841655.83
1.85,2.00,54.00,290.00,553.00,201.00,4874.00,1422.00,5517.09,841590.49
1.86,2.00,52.00,287.00,558.00,197.00,4872.00,1428.00,5471.94,841500.79
1.87,2.00,51.00,282.00,564.00,190.00,4874.00,1433.00,5423.17,841448.95
1.88,2.00,50.00,280.00,567.00,184.00,4874.00,1439.00,5375.61,841401.63
1.88,2.00,49.00,280.00,568.00,176.00,4875.00,1446.00,5332.16,841373.45
1.89,2.00,48.00,279.00,570.00,172.00,4872.00,1453.00,5290.95,841302.65
1.90,2.00,46.00,275.00,576.00,162.00,4875.00,1460.00,5247.30,841283.09
1.90,2.00,46.00,274.00,577.00,156.00,4876.00,1465.00,5205.91,841280.25
1.91,2.00,45.00,273.00,579.00,153.00,4871.00,1473.00,5166.59,841202.55
1.92,2.00,44.00,270.00,583.00,150.00,4866.00,1481.00,5126.16,841056.50
1.92,2.00,44.00,268.00,585.00,148.00,4864.00,1485.00,5086.21,840893.11
1.93,2.00,43.00,267.00,587.00,142.00,4864.00,1491.00,5048.22,840743.96
1.94,2.00,42.00,264.00,591.00,138.00,4859.00,1500.00,5008.99,840532.67
1.94,2.00,41.00,260.00,596.00,135.00,4854.00,1508.00,4967.14,840264.67
1.95,2.00,39.00,259.00,599.00,129.00,4854.00,1514.00,4927.41,840020.01
1.96,2.00,37.00,258.00,602.00,124.00,4852.00,1521.00,4889.60,839766.60
1.97,2.00,36.00,256.00,605.00,122.00,4846.00,1529.00,4852.05,839445.12
1.97,1.00,35.00,253.00,609.00,118.00,4842.00,1538.00,4813.23,839091.54
1.98,1.00,35.00,248.00,614.00,113.00,4832.00,1553.00,4770.26,838618.52
1.99,1.00,33.00,244.00,620.00,110.00,4826.00,1562.00,4724.99,838096.54
1.99,1.00,32.00,240.00,625.00,105.00,4821.00,1572.00,4677.61,837544.91
2.00,1.00,32.00,238.00,627.00,103.00,4816.00,1579.00,4631.32,836966.19
2.01,1.00,32.00,233.00,632.00,99.00,4814.00,1585.00,4581.52,836407.82
2.01,1.00,32.00,231.00,634.00,98.00,4811.00,1589.00,4533.01,835853.00
2.02,1.00,31.00,230.00,636.00,96.00,4806.00,1596.00,4487.19,835271.37
2.03,1.00,31.00,223.00,643.00,92.00,4799.00,1607.00,4434.80,834635.23
2.03,1.00,29.00,216.00,652.00,92.00,4790.00,1616.00,4376.43,833919.28
2.04,1.00,28.00,215.00,654.00,91.00,4788.00,1619.00,4321.59,833235.62
2.05,1.00,28.00,211.00,658.00,90.00,4785.00,1623.00,4265.47,832566.42
2.06,1.00,28.00,208.00,661.00,87.00,4771.00,1640.00,4209.70,831745.17
2.06,1.00,28.00,206.00,663.00,84.00,4763.00,1651.00,4155.73,830875.24
2.07,1.00,28.00,204.00,665.00,81.00,4759.00,1658.00,4103.42,830020.97
2.08,1.00,27.00,202.00,668.00,78.00,4759.00,1661.00,4052.62,829241.09
2.08,1.00,23.00,201.00,673.00,75.00,4755.00,1668.00,4004.70,828469.03
2.09,1.00,23.00,199.00,675.00,74.00,4747.00,1677.00,3957.92,827644.00
2.10,1.00,23.00,192.00,682.00,71.00,4740.00,1687.00,3904.66,826785.66
2.10,1.00,23.00,190.00,684.00,69.00,4733.00,1696.00,3852.99,825896.90
2.11,1.00,23.00,188.00,686.00,69.00,4723.00,1706.00,3802.78,824935.29
2.12,0.00,22.00,188.00,688.00,66.00,4722.00,1710.00,3756.90,824042.39
2.12,0.00,22.00,184.00,692.00,63.00,4717.00,1718.00,3708.98,823152.13
2.13,0.00,22.00,181.00,695.00,60.00,4708.00,1730.00,3660.68,822204.18
2.14,0.00,21.00,176.00,701.00,55.00,4703.00,1740.00,3609.05,821263.66
2.15,0.00,21.00,174.00,703.00,53.00,4697.00,1748.00,3558.86,820314.90
2.15,0.00,21.00,172.00,705.00,51.00,4691.00,1756.00,3510.01,819358.61
2.16,0.00,21.00,170.00,707.00,51.00,4686.00,1761.00,3462.37,818410.47
2.17,0.00,21.00,167.00,710.00,49.00,4684.00,1765.00,3414.33,817514.85
2.17,0.00,21.00,164.00,713.00,46.00,4676.00,1776.00,3365.94,816577.04
2.18,0.00,21.00,162.00,715.00,45.00,4669.00,1784.00,3318.71,815615.72
2.19,0.00,21.00,158.00,719.00,44.00,4666.00,1788.00,3269.56,814693.04
2.19,0.00,21.00,156.00,721.00,43.00,4660.00,1795.00,3221.65,813760.56
2.20,0.00,21.00,153.00,724.00,39.00,4656.00,1803.00,3173.36,812849.19
2.21,0.00,21.00,150.00,727.00,38.00,4650.00,1810.00,3124.74,811927.04
2.22,0.00,21.00,147.00,730.00,37.00,4638.00,1823.00,3075.80,810904.90
2.22,0.00,21.00,144.00,733.00,37.00,4631.00,1830.00,3026.59,809866.61
2.23,0.00,20.00,143.00,735.00,35.00,4622.00,1841.00,2980.12,808783.52
2.24,0.00,17.00,142.00,739.00,32.00,4621.00,1845.00,2936.16,807779.72
2.24,0.00,17.00,139.00,742.00,32.00,4616.00,1850.00,2891.49,806788.21
2.25,0.00,17.00,137.00,744.00,29.00,4613.00,1856.00,2847.67,805837.97
2.26,0.00,16.00,137.00,745.00,28.00,4607.00,1863.00,2807.64,804880.33
2.26,0.00,15.00,133.00,750.00,26.00,4606.00,1866.00,2765.05,803991.06
2.27,0.00,15.00,132.00,751.00,26.00,4594.00,1878.00,2724.63,802998.94
2.28,0.00,14.00,132.00,752.00,26.00,4586.00,1886.00,2687.71,801973.03
2.28,0.00,13.00,132.00,753.00,26.00,4579.00,1893.00,2653.97,800931.29
2.29,0.00,12.00,129.00,757.00,26.00,4573.00,1899.00,2618.64,799890.12
2.30,0.00,12.00,127.00,759.00,25.00,4569.00,1904.00,2583.36,798879.52
2.31,0.00,12.00,124.00,762.00,24.00,4564.00,1910.00,2546.61,797881.80
2.31,0.00,12.00,122.00,764.00,23.00,4558.00,1917.00,2510.03,796880.82
2.32,0.00,12.00,122.00,764.00,23.00,4553.00,1922.00,2476.61,795891.89
2.33,0.00,12.00,117.00,769.00,23.00,4550.00,1925.00,2438.57,794944.00
2.33,0.00,12.00,117.00,769.00,23.00,4545.00,1930.00,2403.80,794003.53
2.34,0.00,12.00,116.00,770.00,22.00,4535.00,1941.00,2370.54,792994.72
2.35,0.00,12.00,113.00,773.00,22.00,4529.00,1947.00,2335.64,791983.62
2.35,0.00,11.00,112.00,775.00,21.00,4519.00,1958.00,2302.25,790910.33
2.36,0.00,11.00,112.00,775.00,20.00,4511.00,1967.00,2271.75,789810.31
2.37,0.00,11.00,112.00,775.00,20.00,4503.00,1975.00,2243.88,788685.89
2.38,0.00,11.00,112.00,775.00,19.00,4495.00,1984.00,2218.41,787539.20
2.38,0.00,11.00,110.00,777.00,19.00,4485.00,1994.00,2192.14,786342.13
2.39,0.00,11.00,106.00,781.00,19.00,4479.00,2000.00,2162.13,785159.15
2.40,0.00,10.00,103.00,785.00,18.00,4468.00,2012.00,2130.20,783913.93
2.40,0.00,9.00,102.00,787.00,18.00,4462.00,2018.00,2099.53,782686.99
2.41,0.00,9.00,100.00,789.00,17.00,4458.00,2023.00,2068.50,781506.80
2.42,0.00,9.00,98.00,791.00,17.00,4448.00,2033.00,2037.14,780279.15
2.42,0.00,9.00,96.00,793.00,16.00,4439.00,2043.00,2005.49,779023.19
2.43,0.00,8.00,95.00,795.00,16.00,4432.00,2050.00,1975.06,777771.43
2.44,0.00,6.00,95.00,797.00,16.00,4427.00,2055.00,1947.27,776553.55
2.44,0.00,6.00,95.00,797.00,16.00,4412.00,2070.00,1921.87,775216.37
2.45,0.00,6.00,93.00,799.00,16.00,4405.00,2077.00,1895.66,773890.47
2.46,0.00,6.00,91.00,801.00,16.00,4402.00,2080.00,1868.71,772634.95
2.47,0.00,6.00,90.00,802.00,16.00,4392.00,2090.00,1842.59,771338.53
2.47,0.00,6.00,90.00,802.00,16.00,4383.00,2099.00,1818.71,770019.79
2.48,0.00,6.00,89.00,803.00,16.00,4376.00,2106.00,1795.40,768710.71
2.49,0.00,6.00,89.00,803.00,16.00,4368.00,2114.00,1774.10,767395.44
2.49,0.00,6.00,89.00,803.00,16.00,4364.00,2118.00,1754.64,766134.61
2.50,0.00,6.00,85.00,807.00,16.00,4357.00,2125.00,1730.85,764878.40
2.51,0.00,5.00,85.00,808.00,14.00,4349.00,2135.00,1709.12,763611.39
2.51,0.00,5.00,81.00,812.00,12.00,4344.00,2142.00,1683.25,762379.59
2.52,0.00,5.00,80.00,813.00,11.00,4337.00,2150.00,1658.11,761149.89
2.53,0.00,5.00,76.00,817.00,11.00,4330.00,2157.00,1629.14,759922.11
2.53,0.00,5.00,76.00,817.00,10.00,4324.00,2164.00,1602.66,758711.10
2.54,0.00,5.00,74.00,819.00,8.00,4314.00,2176.00,1575.47,757455.30
2.55,0.00,5.00,74.00,819.00,8.00,4304.00,2186.00,1550.62,756158.63
2.56,0.00,5.00,73.00,820.00,8.00,4297.00,2193.00,1526.42,754869.70
2.56,0.00,5.00,72.00,821.00,8.00,4293.00,2197.00,1502.80,753632.91
2.57,0.00,5.00,67.00,826.00,8.00,4283.00,2207.00,1473.71,752353.59
2.58,0.00,5.00,67.00,826.00,8.00,4274.00,2216.00,1447.14,751050.46
2.58,0.00,5.00,66.00,827.00,7.00,4267.00,2224.00,1421.35,749755.64
2.59,0.00,4.00,65.00,829.00,7.00,4256.00,2235.00,1396.29,748408.31
2.60,0.00,4.00,65.00,829.00,7.00,4249.00,2242.00,1373.39,747073.14
2.60,0.00,4.00,64.00,830.00,7.00,4240.00,2251.00,1350.97,745719.02
2.61,0.00,4.00,62.00,832.00,7.00,4234.00,2257.00,1327.48,744392.68
2.62,0.00,4.00,62.00,832.00,6.00,4225.00,2267.00,1306.01,743046.61
2.62,0.00,4.00,60.00,834.00,6.00,4219.00,2273.00,1283.40,741727.63
2.63,0.00,4.00,58.00,836.00,5.00,4212.00,2281.00,1259.73,740418.33
2.64,0.00,3.00,59.00,836.00,5.00,4203.00,2290.00,1239.61,739087.83
2.65,0.00,3.00,58.00,837.00,4.00,4196.00,2298.00,1219.72,737768.02
2.65,0.00,3.00,58.00,837.00,3.00,4193.00,2302.00,1201.55,736518.07
2.66,0.00,3.00,55.00,840.00,2.00,4185.00,2311.00,1180.44,735256.77
2.67,0.00,3.00,54.00,841.00,2.00,4177.00,2319.00,1159.66,733985.12
2.67,0.00,3.00,53.00,842.00,2.00,4164.00,2332.00,1139.16,732628.90
2.68,0.00,3.00,53.00,842.00,2.00,4152.00,2344.00,1120.43,731210.49
2.69,0.00,3.00,53.00,842.00,2.00,4148.00,2348.00,1103.32,729855.50
2.69,0.00,3.00,52.00,843.00,2.00,4138.00,2358.00,1086.19,728468.27
2.70,0.00,3.00,51.00,844.00,1.00,4131.00,2366.00,1069.03,727096.67
2.71,0.00,3.00,50.00,845.00,1.00,4125.00,2372.00,1051.85,725754.37
2.72,0.00,3.00,47.00,848.00,1.00,4119.00,2378.00,1031.65,724438.80
2.72,0.00,3.00,47.00,848.00,1.00,4103.00,2394.00,1013.19,722997.43
2.73,0.00,3.00,46.00,849.00,1.00,4089.00,2408.00,994.83,721471.23
2.74,0.00,3.00,45.00,850.00,1.00,4084.00,2413.00,976.54,720002.82
2.74,0.00,3.00,44.00,851.00,1.00,4077.00,2420.00,958.33,718557.11
2.75,0.00,3.00,43.00,852.00,1.00,4066.00,2431.00,940.20,717072.03
2.76,0.00,3.00,43.00,852.00,1.00,4056.00,2441.00,923.62,715566.04
2.76,0.00,3.00,43.00,852.00,1.00,4048.00,2449.00,908.48,714070.99
2.77,0.00,3.00,42.00,853.00,1.00,4041.00,2456.00,893.15,712600.97
2.78,0.00,3.00,42.00,853.00,1.00,4035.00,2462.00,879.13,711168.81
2.78,0.00,3.00,41.00,854.00,1.00,4029.00,2468.00,864.83,709771.22
2.79,0.00,3.00,40.00,855.00,1.00,4022.00,2475.00,850.26,708390.16
2.80,0.00,3.00,40.00,855.00,1.00,4016.00,2481.00,836.94,707039.23
2.81,0.00,3.00,39.00,856.00,1.00,4011.00,2486.00,823.28,705730.81
2.81,0.00,3.00,37.00,858.00,1.00,4000.00,2497.00,807.78,704371.06
2.82,0.00,3.00,37.00,858.00,1.00,3995.00,2502.00,793.63,703054.61
2.83,0.00,3.00,34.00,861.00,1.00,3988.00,2509.00,776.19,701747.62
2.83,0.00,3.00,33.00,862.00,1.00,3984.00,2513.00,758.76,700494.35
2.84,0.00,3.00,33.00,862.00,1.00,3980.00,2517.00,742.83,699290.12
2.85,0.00,3.00,32.00,863.00,1.00,3973.00,2524.00,726.77,698085.58
2.85,0.00,3.00,32.00,863.00,1.00,3964.00,2533.00,712.10,696850.72
2.86,0.00,3.00,32.00,863.00,1.00,3957.00,2540.00,698.69,695618.23
2.87,0.00,3.00,31.00,864.00,1.00,3949.00,2548.00,684.94,694372.87
2.88,0.00,3.00,31.00,864.00,1.00,3944.00,2553.00,672.38,693160.84
2.88,0.00,3.00,31.00,864.00,1.00,3936.00,2561.00,660.90,691934.16
2.89,0.00,3.00,31.00,864.00,1.00,3929.00,2568.00,650.42,690709.13
2.90,0.00,3.00,30.00,865.00,1.00,3923.00,2574.00,639.33,689500.64
2.90,0.00,3.00,30.00,865.00,1.00,3918.00,2579.00,629.20,688322.26
2.91,0.00,3.00,30.00,865.00,1.00,3911.00,2586.00,619.95,687141.33
2.92,0.00,3.00,28.00,867.00,1.00,3906.00,2591.00,608.49,685988.11
2.92,0.00,3.00,28.00,867.00,1.00,3901.00,2596.00,598.02,684860.20
2.93,0.00,3.00,26.00,869.00,1.00,3897.00,2600.00,585.45,683770.40
2.94,0.00,3.00,26.00,869.00,1.00,3892.00,2605.00,573.97,682700.39
2.94,0.00,3.00,26.00,869.00,1.00,3880.00,2617.00,563.48,681543.27
2.95,0.00,3.00,25.00,870.00,1.00,3872.00,2625.00,552.39,680366.72
2.96,0.00,3.00,22.00,873.00,1.00,3861.00,2636.00,537.75,679127.37
2.97,0.00,3.00,21.00,874.00,1.00,3856.00,2641.00,522.87,677920.82
2.97,0.00,2.00,22.00,874.00,1.00,3848.00,2649.00,510.78,676699.15
2.98,0.00,2.00,22.00,874.00,1.00,3843.00,2654.00,499.73,675508.74
2.99,0.00,2.00,22.00,874.00,1.00,3840.00,2657.00,489.64,674376.91
2.99,0.00,2.00,22.00,874.00,1.00,3833.00,2664.00,480.42,673238.48
3.00,0.00,2.00,22.00,874.00,1.00,3822.00,2675.00,471.99,672033.93
3.01,0.00,2.00,21.00,875.00,1.00,3814.00,2683.00,462.79,670814.08
3.01,0.00,2.00,21.00,875.00,1.00,3809.00,2688.00,454.38,669625.33
3.02,0.00,2.00,21.00,875.00,1.00,3804.00,2693.00,446.70,668464.98
3.03,0.00,2.00,21.00,875.00,1.00,3795.00,2702.00,439.69,667270.45
3.03,0.00,2.00,21.00,875.00,1.00,3787.00,2710.00,433.27,666059.76
3.04,0.00,2.00,19.00,877.00,1.00,3783.00,2714.00,424.41,664894.40
3.05,0.00,2.00,18.00,878.00,1.00,3779.00,2718.00,414.81,663770.42
3.06,0.00,2.00,17.00,879.00,1.00,3772.00,2725.00,404.54,662639.15
3.06,0.00,2.00,17.00,879.00,1.00,3762.00,2735.00,395.15,661456.16
3.07,0.00,2.00,16.00,880.00,1.00,3746.00,2751.00,385.07,660135.80
3.08,0.00,2.00,16.00,880.00,1.00,3739.00,2758.00,375.87,658825.26
3.08,0.00,2.00,15.00,881.00,1.00,3733.00,2764.00,365.95,657538.69
3.09,0.00,2.00,15.00,881.00,1.00,3726.00,2771.00,356.89,656258.99
3.10,0.00,2.00,15.00,881.00,1.00,3719.00,2778.00,348.61,654985.56
3.10,0.00,2.00,15.00,881.00,1.00,3714.00,2783.00,341.05,653747.90
3.11,0.00,2.00,14.00,882.00,1.00,3704.00,2793.00,332.64,652467.78
3.12,0.00,2.00,14.00,882.00,1.00,3691.00,2806.00,324.95,651103.82
3.12,0.00,2.00,14.00,882.00,1.00,3682.00,2815.00,317.93,649723.43
3.13,0.00,2.00,13.00,883.00,1.00,3675.00,2822.00,310.01,648358.07
3.14,0.00,2.00,12.00,884.00,1.00,3669.00,2828.00,301.28,647021.47
3.15,0.00,1.00,13.00,884.00,1.00,3662.00,2835.00,294.80,645696.09
3.15,0.00,1.00,12.00,885.00,1.00,3655.00,2842.00,287.37,644380.95
3.16,0.00,1.00,12.00,885.00,1.00,3646.00,2851.00,280.59,643045.13
3.17,0.00,1.00,12.00,885.00,1.00,3638.00,2859.00,274.39,641705.43
3.17,0.00,1.00,12.00,885.00,1.00,3631.00,2866.00,268.73,640377.23
3.18,0.00,1.00,12.00,885.00,1.00,3628.00,2869.00,263.56,639119.62
3.19,0.00,1.00,10.00,887.00,1.00,3621.00,2876.00,255.83,637866.35
3.19,0.00,1.00,10.00,887.00,1.00,3611.00,2886.00,248.76,636571.98
3.20,0.00,1.00,10.00,887.00,1.00,3602.00,2895.00,242.31,635255.11
3.21,0.00,1.00,10.00,887.00,1.00,3595.00,2902.00,236.41,633947.75
3.22,0.00,1.00,10.00,887.00,1.00,3588.00,2909.00,231.03,632649.06
3.22,0.00,1.00,10.00,887.00,1.00,3568.00,2929.00,226.10,631163.00
3.23,0.00,1.00,10.00,887.00,1.00,3562.00,2935.00,221.61,629716.20
3.24,0.00,1.00,10.00,887.00,1.00,3559.00,2938.00,217.50,628350.31
3.24,0.00,1.00,10.00,887.00,1.00,3554.00,2943.00,213.74,627028.24
3.25,0.00,1.00,8.00,889.00,1.00,3543.00,2954.00,207.31,625656.04
3.26,0.00,1.00,8.00,889.00,1.00,3533.00,2964.00,201.43,624253.09
3.26,0.00,1.00,8.00,889.00,1.00,3527.00,2970.00,196.06,622882.17
3.27,0.00,1.00,7.00,890.00,1.00,3518.00,2979.00,189.65,621495.41
3.28,0.00,1.00,7.00,890.00,1.00,3510.00,2987.00,183.79,620109.22
3.28,0.00,1.00,7.00,890.00,1.00,3501.00,2996.00,178.44,618708.53
3.29,0.00,1.00,7.00,890.00,1.00,3495.00,3002.00,173.55,617339.67
3.30,0.00,1.00,7.00,890.00,1.00,3488.00,3009.00,169.08,615984.83
3.31,0.00,1.00,7.00,890.00,0.00,3481.00,3017.00,165.00,614642.81
3.31,0.00,1.00,7.00,890.00,0.00,3472.00,3026.00,161.27,613282.45
3.32,0.00,1.00,7.00,890.00,0.00,3466.00,3032.00,157.86,611950.39
3.33,0.00,1.00,7.00,890.00,0.00,3463.00,3035.00,154.75,610689.26
3.33,0.00,1.00,7.00,890.00,0.00,3452.00,3046.00,151.91,609372.69
3.34,0.00,1.00,7.00,890.00,0.00,3443.00,3055.00,149.31,608035.55
3.35,0.00,1.00,7.00,890.00,0.00,3436.00,3062.00,146.93,606709.68
3.35,0.00,1.00,6.00,891.00,0.00,3433.00,3065.00,143.26,605454.19
3.36,0.00,1.00,4.00,893.00,0.00,3428.00,3070.00,136.90,604232.92
3.37,0.00,1.00,4.00,893.00,0.00,3421.00,3077.00,131.09,603012.82
3.38,0.00,1.00,3.00,894.00,0.00,3410.00,3088.00,124.28,601733.71
3.38,0.00,1.00,3.00,894.00,0.00,3405.00,3093.00,118.06,600490.86
3.39,0.00,1.00,3.00,894.00,0.00,3401.00,3097.00,112.37,599296.15
3.40,0.00,1.00,3.00,894.00,0.00,3391.00,3107.00,107.18,598055.23
3.40,0.00,1.00,3.00,894.00,0.00,3382.00,3116.00,102.43,596787.16
3.41,0.00,1.00,3.00,894.00,0.00,3372.00,3126.00,98.10,595479.28
3.42,0.00,1.00,3.00,894.00,0.00,3362.00,3136.00,94.13,594135.05
3.42,0.00,1.00,3.00,894.00,0.00,3352.00,3146.00,90.51,592757.64
3.43,0.00,1.00,3.00,894.00,0.00,3342.00,3156.00,87.21,591349.94
3.44,0.00,1.00,3.00,894.00,0.00,3335.00,3163.00,84.18,589959.65
3.44,0.00,1.00,3.00,894.00,0.00,3327.00,3171.00,81.42,588570.24
3.45,0.00,1.00,3.00,894.00,0.00,3316.00,3182.00,78.90,587136.56
3.46,0.00,1.00,3.00,894.00,0.00,3308.00,3190.00,76.60,585707.53
3.47,0.00,1.00,3.00,894.00,0.00,3306.00,3192.00,74.49,584372.89
3.47,0.00,1.00,3.00,894.00,0.00,3294.00,3204.00,72.57,582974.19
3.48,0.00,1.00,3.00,894.00,0.00,3289.00,3209.00,70.81,581622.17
3.49,0.00,1.00,3.00,894.00,0.00,3282.00,3216.00,69.20,580282.71
3.49,0.00,0.00,4.00,894.00,0.00,3273.00,3225.00,69.24,578924.68
3.50,0.00,0.00,3.00,895.00,0.00,3267.00,3231.00,67.77,577594.76
3.51,0.00,0.00,3.00,895.00,0.00,3258.00,3240.00,66.42,576245.44
3.51,0.00,0.00,3.00,895.00,0.00,3249.00,3249.00,65.19,574878.40
3.52,0.00,0.00,3.00,895.00,0.00,3241.00,3257.00,64.07,573510.22
3.53,0.00,0.00,3.00,895.00,0.00,3238.00,3260.00,63.05,572216.10
3.53,0.00,0.00,3.00,895.00,0.00,3237.00,3261.00,62.11,571019.65
3.54,0.00,0.00,3.00,895.00,0.00,3234.00,3264.00,61.26,569882.31
3.55,0.00,0.00,3.00,895.00,0.00,3228.00,3270.00,60.47,568753.86
3.56,0.00,0.00,3.00,895.00,0.00,3218.00,3280.00,59.76,567573.45
3.56,0.00,0.00,2.00,896.00,0.00,3212.00,3286.00,57.61,566405.68
3.57,0.00,0.00,2.00,896.00,0.00,3207.00,3291.00,55.64,565264.48
3.58,0.00,0.00,2.00,896.00,0.00,3201.00,3297.00,53.84,564132.51
3.58,0.00,0.00,2.00,896.00,0.00,3191.00,3307.00,52.19,562948.88
3.59,0.00,0.00,2.00,896.00,0.00,3181.00,3317.00,50.69,561718.09
3.60,0.00,0.00,2.00,896.00,0.00,3172.00,3326.00,49.32,560459.25
3.60,0.00,0.00,2.00,896.00,0.00,3165.00,3333.00,48.07,559204.87
3.61,0.00,0.00,2.00,896.00,0.00,3162.00,3336.00,46.92,558014.65
3.62,0.00,0.00,2.00,896.00,0.00,3160.00,3338.00,45.88,556898.02
3.62,0.00,0.00,2.00,896.00,0.00,3152.00,3346.00,44.92,555758.44
3.63,0.00,0.00,1.00,897.00,0.00,3145.00,3353.00,42.54,554612.93
3.64,0.00,0.00,1.00,897.00,0.00,3130.00,3368.00,40.37,553341.81
3.65,0.00,0.00,1.00,897.00,0.00,3123.00,3375.00,38.39,552076.22
3.65,0.00,0.00,1.00,897.00,0.00,3119.00,3379.00,36.58,550860.74
3.66,0.00,0.00,1.00,897.00,0.00,3110.00,3388.00,34.92,549615.89
3.67,0.00,0.00,1.00,897.00,0.00,3101.00,3397.00,33.41,548344.23
3.67,0.00,0.00,1.00,897.00,0.00,3095.00,3403.00,32.03,547093.16
3.68,0.00,0.00,1.00,897.00,0.00,3087.00,3411.00,30.76,545830.84
3.69,0.00,0.00,1.00,897.00,0.00,3083.00,3415.00,29.61,544618.35
3.69,0.00,0.00,1.00,897.00,0.00,3072.00,3426.00,28.56,543346.18
3.70,0.00,0.00,1.00,897.00,0.00,3069.00,3429.00,27.59,542139.72
3.71,0.00,0.00,1.00,897.00,0.00,3062.00,3436.00,26.71,540933.15
3.72,0.00,0.00,1.00,897.00,0.00,3055.00,3443.00,25.91,539726.49
3.72,0.00,0.00,1.00,897.00,0.00,3047.00,3451.00,25.18,538504.70
3.73,0.00,0.00,1.00,897.00,0.00,3043.00,3455.00,24.50,537329.22
3.74,0.00,0.00,1.00,897.00,0.00,3039.00,3459.00,23.89,536196.00
3.74,0.00,0.00,1.00,897.00,0.00,3032.00,3466.00,23.33,535056.29
3.75,0.00,0.00,1.00,897.00,0.00,3024.00,3474.00,22.82,533895.64
3.76,0.00,0.00,1.00,897.00,0.00,3020.00,3478.00,22.35,532775.96
3.76,0.00,0.00,1.00,897.00,0.00,3010.00,3488.00,21.92,531603.55
3.77,0.00,0.00,1.00,897.00,0.00,3006.00,3492.00,21.53,530473.13
3.78,0.00,0.00,0.00,898.00,0.00,2993.00,3505.00,19.67,529245.85
3.78,0.00,0.00,0.00,898.00,0.00,2988.00,3510.00,17.98,528050.32
3.79,0.00,0.00,0.00,898.00,0.00,2983.00,3515.00,16.42,526883.77
3.80,0.00,0.00,0.00,898.00,0.00,2975.00,3523.00,15.01,525698.62
3.81,0.00,0.00,0.00,898.00,0.00,2967.00,3531.00,13.71,524496.48
3.81,0.00,0.00,0.00,898.00,0.00,2956.00,3542.00,12.53,523233.76
3.82,0.00,0.00,0.00,898.00,0.00,2944.00,3554.00,11.45,521900.72
3.83,0.00,0.00,0.00,898.00,0.00,2937.00,3561.00,10.46,520578.59
3.83,0.00,0.00,0.00,898.00,0.00,2928.00,3570.00,9.55,519236.38
3.84,0.00,0.00,0.00,898.00,0.00,2921.00,3577.00,8.73,517905.89
3.85,0.00,0.00,0.00,898.00,0.00,2917.00,3581.00,7.98,516631.15
3.85,0.00,0.00,0.00,898.00,0.00,2904.00,3594.00,7.29,515272.11
3.86,0.00,0.00,0.00,898.00,0.00,2897.00,3601.00,6.66,513926.25
3.87,0.00,0.00,0.00,898.00,0.00,2891.00,3607.00,6.08,512607.45
3.88,0.00,0.00,0.00,898.00,0.00,2885.00,3613.00,5.56,511313.34
3.88,0.00,0.00,0.00,898.00,0.00,2876.00,3622.00,5.08,509996.71
3.89,0.00,0.00,0.00,898.00,0.00,2868.00,3630.00,4.64,508674.54
3.90,0.00,0.00,0.00,898.00,0.00,2861.00,3637.00,4.24,507362.34
3.90,0.00,0.00,0.00,898.00,0.00,2856.00,3642.00,3.87,506089.28
3.91,0.00,0.00,0.00,898.00,0.00,2848.00,3650.00,3.54,504806.89
3.92,0.00,0.00,0.00,898.00,0.00,2836.00,3662.00,3.23,503455.89
3.92,0.00,0.00,0.00,898.00,0.00,2827.00,3671.00,2.95,502087.33
3.93,0.00,0.00,0.00,898.00,0.00,2820.00,3678.00,2.70,500732.76
3.94,0.00,0.00,0.00,898.00,0.00,2812.00,3686.00,2.47,499375.97
3.94,0.00,0.00,0.00,898.00,0.00,2809.00,3689.00,2.25,498092.25
3.95,0.00,0.00,0.00,898.00,0.00,2798.00,3700.00,2.06,496755.05
3.96,0.00,0.00,0.00,898.00,0.00,2786.00,3712.00,1.88,495354.02
3.97,0.00,0.00,0.00,898.00,0.00,2778.00,3720.00,1.72,493954.80
3.97,0.00,0.00,0.00,898.00,0.00,2774.00,3724.00,1.57,492617.32
3.98,0.00,0.00,0.00,898.00,0.00,2757.00,3741.00,1.43,491140.91
3.99,0.00,0.00,0.00,898.00,0.00,2748.00,3750.00,1.31,489657.86
3.99,0.00,0.00,0.00,898.00,0.00,2742.00,3756.00,1.20,488213.80
4.00,0.00,0.00,0.00,898.00,0.00,2734.00,3764.00,1.09,486775.30
4.01,0.00,0.00,0.00,898.00,0.00,2727.00,3771.00,1.00,485356.90
4.01,0.00,0.00,0.00,898.00,0.00,2720.00,3778.00,0.91,483956.85
4.02,0.00,0.00,0.00,898.00,0.00,2711.00,3787.00,0.83,482543.50
4.03,0.00,0.00,0.00,898.00,0.00,2702.00,3796.00,0.76,481118.01
4.03,0.00,0.00,0.00,898.00,0.00,2696.00,3802.00,0.70,479726.50
4.04,0.00,0.00,0.00,898.00,0.00,2693.00,3805.00,0.64,478411.10
4.05,0.00,0.00,0.00,898.00,0.00,2686.00,3812.00,0.58,477105.07
4.06,0.00,0.00,0.00,898.00,0.00,2676.00,3822.00,0.53,475762.53
4.06,0.00,0.00,0.00,898.00,0.00,2669.00,3829.00,0.49,474431.74
4.07,0.00,0.00,0.00,898.00,0.00,2663.00,3835.00,0.44,473126.69
4.08,0.00,0.00,0.00,898.00,0.00,2656.00,3842.00,0.41,471830.11
4.08,0.00,0.00,0.00,898.00,0.00,2650.00,3848.00,0.37,470556.30
4.09,0.00,0.00,0.00,898.00,0.00,2644.00,3854.00,0.34,469303.26
4.10,0.00,0.00,0.00,898.00,0.00,2635.00,3863.00,0.31,468024.13
4.10,0.00,0.00,0.00,898.00,0.00,2628.00,3870.00,0.28,466751.22
4.11,0.00,0.00,0.00,898.00,0.00,2625.00,3873.00,0.26,465544.08
4.12,0.00,0.00,0.00,898.00,0.00,2616.00,3882.00,0.24,464306.84
4.12,0.00,0.00,0.00,898.00,0.00,2610.00,3888.00,0.22,463087.20
4.13,0.00,0.00,0.00,898.00,0.00,2602.00,3896.00,0.20,461853.57
4.14,0.00,0.00,0.00,898.00,0.00,2595.00,3903.00,0.18,460622.20
4.15,0.00,0.00,0.00,898.00,0.00,2590.00,3908.00,0.16,459422.94
4.15,0.00,0.00,0.00,898.00,0.00,2582.00,3916.00,0.15,458207.92
4.16,0.00,0.00,0.00,898.00,0.00,2569.00,3929.00,0.14,456903.40
4.17,0.00,0.00,0.00,898.00,0.00,2557.00,3941.00,0.13,455532.20
4.17,0.00,0.00,0.00,898.00,0.00,2542.00,3956.00,0.11,454055.04
4.18,0.00,0.00,0.00,898.00,0.00,2535.00,3963.00,0.10,452601.35
4.19,0.00,0.00,0.00,898.00,0.00,2528.00,3970.00,0.10,451169.08
4.19,0.00,0.00,0.00,898.00,0.00,2519.00,3979.00,0.09,449726.32
4.20,0.00,0.00,0.00,898.00,0.00,2509.00,3989.00,0.08,448258.95
4.21,0.00,0.00,0.00,898.00,0.00,2494.00,4004.00,0.07,446694.02
4.22,0.00,0.00,0.00,898.00,0.00,2486.00,4012.00,0.07,445145.16
4.22,0.00,0.00,0.00,898.00,0.00,2482.00,4016.00,0.06,443671.08
4.23,0.00,0.00,0.00,898.00,0.00,2478.00,4020.00,0.06,442265.27
4.24,0.00,0.00,0.00,898.00,0.00,2469.00,4029.00,0.05,440846.66
4.24,0.00,0.00,0.00,898.00,0.00,2463.00,4035.00,0.05,439461.44
4.25,0.00,0.00,0.00,898.00,0.00,2460.00,4038.00,0.04,438151.76
4.26,0.00,0.00,0.00,898.00,0.00,2451.00,4047.00,0.04,436820.93
4.26,0.00,0.00,0.00,898.00,0.00,2439.00,4059.00,0.04,435425.69
4.27,0.00,0.00,0.00,898.00,0.00,2431.00,4067.00,0.03,434031.77
4.28,0.00,0.00,0.00,898.00,0.00,2420.00,4078.00,0.03,432593.97
4.28,0.00,0.00,0.00,898.00,0.00,2410.00,4088.00,0.03,431131.13
4.29,0.00,0.00,0.00,898.00,0.00,2404.00,4094.00,0.02,429705.53
4.30,0.00,0.00,0.00,898.00,0.00,2395.00,4103.00,0.02,428268.86
4.31,0.00,0.00,0.00,898.00,0.00,2386.00,4112.00,0.02,426822.09
4.31,0.00,0.00,0.00,898.00,0.00,2377.00,4121.00,0.02,425366.08
4.32,0.00,0.00,0.00,898.00,0.00,2366.00,4132.00,0.02,423871.60
4.33,0.00,0.00,0.00,898.00,0.00,2358.00,4140.00,0.02,422387.07
4.33,0.00,0.00,0.00,898.00,0.00,2356.00,4142.00,0.01,421001.76
4.34,0.00,0.00,0.00,898.00,0.00,2346.00,4152.00,0.01,419586.85
4.35,0.00,0.00,0.00,898.00,0.00,2338.00,4160.00,0.01,418174.96
4.35,0.00,0.00,0.00,898.00,0.00,2332.00,4166.00,0.01,416795.87
4.36,0.00,0.00,0.00,898.00,0.00,2323.00,4175.00,0.01,415401.66
4.37,0.00,0.00,0.00,898.00,0.00,2318.00,4180.00,0.01,414053.73
4.38,0.00,0.00,0.00,898.00,0.00,2308.00,4190.00,0.01,412672.95
4.38,0.00,0.00,0.00,898.00,0.00,2301.00,4197.00,0.01,411307.23
4.39,0.00,0.00,0.00,898.00,0.00,2289.00,4209.00,0.01,409880.16
4.40,0.00,0.00,0.00,898.00,0.00,2282.00,4216.00,0.01,408472.20
4.40,0.00,0.00,0.00,898.00,0.00,2277.00,4221.00,0.01,407111.71
4.41,0.00,0.00,0.00,898.00,0.00,2271.00,4227.00,0.01,405779.56
4.42,0.00,0.00,0.00,898.00,0.00,2265.00,4233.00,0.00,404473.26
4.42,0.00,0.00,0.00,898.00,0.00,2259.00,4239.00,0.00,403190.57
4.43,0.00,0.00,0.00,898.00,0.00,2247.00,4251.00,0.00,401839.30
4.44,0.00,0.00,0.00,898.00,0.00,2238.00,4260.00,0.00,400470.48
4.44,0.00,0.00,0.00,898.00,0.00,2234.00,4264.00,0.00,399160.76
4.45,0.00,0.00,0.00,898.00,0.00,2225.00,4273.00,0.00,397829.88
4.46,0.00,0.00,0.00,898.00,0.00,2219.00,4279.00,0.00,396524.74
4.47,0.00,0.00,0.00,898.00,0.00,2211.00,4287.00,0.00,395213.07
4.47,0.00,0.00,0.00,898.00,0.00,2201.00,4297.00,0.00,393865.38
4.48,0.00,0.00,0.00,898.00,0.00,2191.00,4307.00,0.00,392484.81
4.49,0.00,0.00,0.00,898.00,0.00,2188.00,4310.00,0.00,391179.39
4.49,0.00,0.00,0.00,898.00,0.00,2181.00,4317.00,0.00,389882.48
4.50,0.00,0.00,0.00,898.00,0.00,2177.00,4321.00,0.00,388638.40
4.51,0.00,0.00,0.00,898.00,0.00,2170.00,4328.00,0.00,387397.49
4.51,0.00,0.00,0.00,898.00,0.00,2164.00,4334.00,0.00,386174.50
4.52,0.00,0.00,0.00,898.00,0.00,2151.00,4347.00,0.00,384862.69
4.53,0.00,0.00,0.00,898.00,0.00,2147.00,4351.00,0.00,383605.03
4.53,0.00,0.00,0.00,898.00,0.00,2141.00,4357.00,0.00,382366.73
4.54,0.00,0.00,0.00,898.00,0.00,2137.00,4361.00,0.00,381176.17
4.55,0.00,0.00,0.00,898.00,0.00,2129.00,4369.00,0.00,379969.10
4.56,0.00,0.00,0.00,898.00,0.00,2121.00,4377.00,0.00,378746.94
4.56,0.00,0.00,0.00,898.00,0.00,2113.00,4385.00,0.00,377511.02
4.57,0.00,0.00,0.00,898.00,0.00,2107.00,4391.00,0.00,376292.58
4.58,0.00,0.00,0.00,898.00,0.00,2099.00,4399.00,0.00,375060.06
4.58,0.00,0.00,0.00,898.00,0.00,2093.00,4405.00,0.00,373844.72
4.59,0.00,0.00,0.00,898.00,0.00,2086.00,4412.00,0.00,372630.04
4.60,0.00,0.00,0.00,898.00,0.00,2078.00,4420.00,0.00,371400.95
4.60,0.00,0.00,0.00,898.00,0.00,2075.00,4423.00,0.00,370233.81
4.61,0.00,0.00,0.00,898.00,0.00,2064.00,4434.00,0.00,369003.05
4.62,0.00,0.00,0.00,898.00,0.00,2054.00,4444.00,0.00,367729.23
4.62,0.00,0.00,0.00,898.00,0.00,2050.00,4448.00,0.00,366506.23
4.63,0.00,0.00,0.00,898.00,0.00,2044.00,4454.00,0.00,365299.59
4.64,0.00,0.00,0.00,898.00,0.00,2036.00,4462.00,0.00,364077.83
4.65,0.00,0.00,0.00,898.00,0.00,2023.00,4475.00,0.00,362767.16
4.65,0.00,0.00,0.00,898.00,0.00,2013.00,4485.00,0.00,361420.38
4.66,0.00,0.00,0.00,898.00,0.00,2002.00,4496.00,0.00,360025.63
4.67,0.00,0.00,0.00,898.00,0.00,1993.00,4505.00,0.00,358617.11
4.67,0.00,0.00,0.00,898.00,0.00,1977.00,4521.00,0.00,357090.87
4.68,0.00,0.00,0.00,898.00,0.00,1973.00,4525.00,0.00,355637.44
4.69,0.00,0.00,0.00,898.00,0.00,1970.00,4528.00,0.00,354265.50
4.69,0.00,0.00,0.00,898.00,0.00,1962.00,4536.00,0.00,352892.84
4.70,0.00,0.00,0.00,898.00,0.00,1953.00,4545.00,0.00,351504.49
4.71,0.00,0.00,0.00,898.00,0.00,1947.00,4551.00,0.00,350146.90
4.72,0.00,0.00,0.00,898.00,0.00,1942.00,4556.00,0.00,348832.40
4.72,0.00,0.00,0.00,898.00,0.00,1935.00,4563.00,0.00,347527.21
4.73,0.00,0.00,0.00,898.00,0.00,1931.00,4567.00,0.00,346275.57
4.74,0.00,0.00,0.00,898.00,0.00,1925.00,4573.00,0.00,345042.78
4.74,0.00,0.00,0.00,898.00,0.00,1915.00,4583.00,0.00,343767.11
4.75,0.00,0.00,0.00,898.00,0.00,1910.00,4588.00,0.00,342527.40
4.76,0.00,0.00,0.00,898.00,0.00,1906.00,4592.00,0.00,341335.55
4.76,0.00,0.00,0.00,898.00,0.00,1897.00,4601.00,0.00,340112.27
4.77,0.00,0.00,0.00,898.00,0.00,1891.00,4607.00,0.00,338905.37
4.78,0.00,0.00,0.00,898.00,0.00,1885.00,4613.00,0.00,337713.43
4.78,0.00,0.00,0.00,898.00,0.00,1876.00,4622.00,0.00,336490.07
4.79,0.00,0.00,0.00,898.00,0.00,1870.00,4628.00,0.00,335283.09
4.80,0.00,0.00,0.00,898.00,0.00,1861.00,4637.00,0.00,334046.00
4.81,0.00,0.00,0.00,898.00,0.00,1851.00,4647.00,0.00,332766.41
4.81,0.00,0.00,0.00,898.00,0.00,1847.00,4651.00,0.00,331538.14
4.82,0.00,0.00,0.00,898.00,0.00,1838.00,4660.00,0.00,330281.62
4.83,0.00,0.00,0.00,898.00,0.00,1830.00,4668.00,0.00,329014.32
4.83,0.00,0.00,0.00,898.00,0.00,1822.00,4676.00,0.00,327737.19
4.84,0.00,0.00,0.00,898.00,0.00,1814.00,4684.00,0.00,326451.09
4.85,0.00,0.00,0.00,898.00,0.00,1809.00,4689.00,0.00,325201.85
4.85,0.00,0.00,0.00,898.00,0.00,1802.00,4696.00,0.00,323956.24
4.86,0.00,0.00,0.00,898.00,0.00,1799.00,4699.00,0.00,322774.01
4.87,0.00,0.00,0.00,898.00,0.00,1794.00,4704.00,0.00,321619.62
4.88,0.00,0.00,0.00,898.00,0.00,1788.00,4710.00,0.00,320475.61
4.88,0.00,0.00,0.00,898.00,0.00,1783.00,4715.00,0.00,319356.09
4.89,0.00,0.00,0.00,898.00,0.00,1781.00,4717.00,0.00,318304.02
4.90,0.00,0.00,0.00,898.00,0.00,1775.00,4723.00,0.00,317253.41
4.90,0.00,0.00,0.00,898.00,0.00,1767.00,4731.00,0.00,316174.10
4.91,0.00,0.00,0.00,898.00,0.00,1759.00,4739.00,0.00,315068.59
4.92,0.00,0.00,0.00,898.00,0.00,1751.00,4747.00,0.00,313939.16
4.92,0.00,0.00,0.00,898.00,0.00,1746.00,4752.00,0.00,312832.96
4.93,0.00,0.00,0.00,898.00,0.00,1740.00,4758.00,0.00,311732.94
4.94,0.00,0.00,0.00,898.00,0.00,1732.00,4766.00,0.00,310608.53
4.94,0.00,0.00,0.00,898.00,0.00,1725.00,4773.00,0.00,309476.86
4.95,0.00,0.00,0.00,898.00,0.00,1720.00,4778.00,0.00,308368.62
4.96,0.00,0.00,0.00,898.00,0.00,1714.00,4784.00,0.00,307266.74
4.97,0.00,0.00,0.00,898.00,0.00,1709.00,4789.00,0.00,306185.69
4.97,0.00,0.00,0.00,898.00,0.00,1702.00,4796.00,0.00,305093.61
4.98,0.00,0.00,0.00,898.00,0.00,1698.00,4800.00,0.00,304036.54
4.99,0.00,0.00,0.00,898.00,0.00,1689.00,4809.00,0.00,302936.30
4.99,0.00,0.00,0.00,898.00,0.00,1683.00,4815.00,0.00,301841.73
5.00,0.00,0.00,0.00,898.00,0.00,1672.00,4826.00,0.00,300677.21
5.01,0.00,0.00,0.00,898.00,0.00,1663.00,4835.00,0.00,299478.89
5.01,0.00,0.00,0.00,898.00,0.00,1656.00,4842.00,0.00,298279.75
5.02,0.00,0.00,0.00,898.00,0.00,1645.00,4853.00,0.00,297019.77
5.03,0.00,0.00,0.00,898.00,0.00,1638.00,4860.00,0.00,295764.35
5.03,0.00,0.00,0.00,898.00,0.00,1626.00,4872.00,0.00,294437.96
5.04,0.00,0.00,0.00,898.00,0.00,1620.00,4878.00,0.00,293136.93
5.05,0.00,0.00,0.00,898.00,0.00,1611.00,4887.00,0.00,291813.99
5.06,0.00,0.00,0.00,898.00,0.00,1603.00,4895.00,0.00,290486.05
5.06,0.00,0.00,0.00,898.00,0.00,1597.00,4901.00,0.00,289183.61
5.07,0.00,0.00,0.00,898.00,0.00,1589.00,4909.00,0.00,287874.39
5.08,0.00,0.00,0.00,898.00,0.00,1584.00,4914.00,0.00,286604.06
5.08,0.00,0.00,0.00,898.00,0.00,1578.00,4920.00,0.00,285354.21
5.09,0.00,0.00,0.00,898.00,0.00,1571.00,4927.00,0.00,284108.02
5.10,0.00,0.00,0.00,898.00,0.00,1564.00,4934.00,0.00,282865.19
5.10,0.00,0.00,0.00,898.00,0.00,1563.00,4935.00,0.00,281715.55
5.11,0.00,0.00,0.00,898.00,0.00,1561.00,4937.00,0.00,280635.98
5.12,0.00,0.00,0.00,898.00,0.00,1555.00,4943.00,0.00,279560.27
5.12,0.00,0.00,0.00,898.00,0.00,1547.00,4951.00,0.00,278458.04
5.13,0.00,0.00,0.00,898.00,0.00,1540.00,4958.00,0.00,277346.63
5.14,0.00,0.00,0.00,898.00,0.00,1537.00,4961.00,0.00,276286.93
5.15,0.00,0.00,0.00,898.00,0.00,1528.00,4970.00,0.00,275184.30
5.15,0.00,0.00,0.00,898.00,0.00,1516.00,4982.00,0.00,273997.40
5.16,0.00,0.00,0.00,898.00,0.00,1507.00,4991.00,0.00,272778.64
5.17,0.00,0.00,0.00,898.00,0.00,1501.00,4997.00,0.00,271575.87
5.17,0.00,0.00,0.00,898.00,0.00,1492.00,5006.00,0.00,270342.62
5.18,0.00,0.00,0.00,898.00,0.00,1486.00,5012.00,0.00,269126.62
5.19,0.00,0.00,0.00,898.00,0.00,1476.00,5022.00,0.00,267866.27
5.19,0.00,0.00,0.00,898.00,0.00,1468.00,5030.00,0.00,266595.49
5.20,0.00,0.00,0.00,898.00,0.00,1460.00,5038.00,0.00,265315.17
5.21,0.00,0.00,0.00,898.00,0.00,1452.00,5046.00,0.00,264026.16
5.22,0.00,0.00,0.00,898.00,0.00,1448.00,5050.00,0.00,262789.29
5.22,0.00,0.00,0.00,898.00,0.00,1445.00,5053.00,0.00,261615.06
5.23,0.00,0.00,0.00,898.00,0.00,1438.00,5060.00,0.00,260437.91
5.24,0.00,0.00,0.00,898.00,0.00,1432.00,5066.00,0.00,259273.12
5.24,0.00,0.00,0.00,898.00,0.00,1421.00,5077.00,0.00,258044.51
5.25,0.00,0.00,0.00,898.00,0.00,1415.00,5083.00,0.00,256832.74
5.26,0.00,0.00,0.00,898.00,0.00,1401.00,5097.00,0.00,255516.16
5.26,0.00,0.00,0.00,898.00,0.00,1388.00,5110.00,0.00,254118.92
5.27,0.00,0.00,0.00,898.00,0.00,1382.00,5116.00,0.00,252753.21
5.28,0.00,0.00,0.00,898.00,0.00,1374.00,5124.00,0.00,251386.24
5.28,0.00,0.00,0.00,898.00,0.00,1365.00,5133.00,0.00,250003.09
5.29,0.00,0.00,0.00,898.00,0.00,1360.00,5138.00,0.00,248665.26
5.30,0.00,0.00,0.00,898.00,0.00,1352.00,5146.00,0.00,247323.74
5.31,0.00,0.00,0.00,898.00,0.00,1341.00,5157.00,0.00,245933.78
5.31,0.00,0.00,0.00,898.00,0.00,1335.00,5163.00,0.00,244574.71
5.32,0.00,0.00,0.00,898.00,0.00,1328.00,5170.00,0.00,243228.82
5.33,0.00,0.00,0.00,898.00,0.00,1324.00,5174.00,0.00,241940.04
5.33,0.00,0.00,0.00,898.00,0.00,1319.00,5179.00,0.00,240688.36
5.34,0.00,0.00,0.00,898.00,0.00,1312.00,5186.00,0.00,239440.51
5.35,0.00,0.00,0.00,898.00,0.00,1304.00,5194.00,0.00,238181.14
5.35,0.00,0.00,0.00,898.00,0.00,1298.00,5200.00,0.00,236941.28
5.36,0.00,0.00,0.00,898.00,0.00,1291.00,5207.00,0.00,235704.23
5.37,0.00,0.00,0.00,898.00,0.00,1280.00,5218.00,0.00,234409.64
5.38,0.00,0.00,0.00,898.00,0.00,1277.00,5221.00,0.00,233182.71
5.38,0.00,0.00,0.00,898.00,0.00,1272.00,5226.00,0.00,231987.50
5.39,0.00,0.00,0.00,898.00,0.00,1269.00,5229.00,0.00,230851.29
5.40,0.00,0.00,0.00,898.00,0.00,1263.00,5235.00,0.00,229723.88
5.40,0.00,0.00,0.00,898.00,0.00,1260.00,5238.00,0.00,228649.58
5.41,0.00,0.00,0.00,898.00,0.00,1255.00,5243.00,0.00,227593.70
5.42,0.00,0.00,0.00,898.00,0.00,1246.00,5252.00,0.00,226494.56
5.42,0.00,0.00,0.00,898.00,0.00,1237.00,5261.00,0.00,225355.91
5.43,0.00,0.00,0.00,898.00,0.00,1228.00,5270.00,0.00,224181.21
5.44,0.00,0.00,0.00,898.00,0.00,1223.00,5275.00,0.00,223033.68
5.44,0.00,0.00,0.00,898.00,0.00,1217.00,5281.00,0.00,221895.94
5.45,0.00,0.00,0.00,898.00,0.00,1212.00,5286.00,0.00,220782.14
5.46,0.00,0.00,0.00,898.00,0.00,1209.00,5289.00,0.00,219720.27
5.47,0.00,0.00,0.00,898.00,0.00,1204.00,5294.00,0.00,218675.74
5.47,0.00,0.00,0.00,898.00,0.00,1199.00,5299.00,0.00,217647.05
5.48,0.00,0.00,0.00,898.00,0.00,1192.00,5306.00,0.00,216602.77
5.49,0.00,0.00,0.00,898.00,0.00,1187.00,5311.00,0.00,215574.31
5.49,0.00,0.00,0.00,898.00,0.00,1182.00,5316.00,0.00,214560.29
5.50,0.00,0.00,0.00,898.00,0.00,1171.00,5327.00,0.00,213469.31
5.51,0.00,0.00,0.00,898.00,0.00,1164.00,5334.00,0.00,212368.17
5.51,0.00,0.00,0.00,898.00,0.00,1158.00,5340.00,0.00,211272.77
5.52,0.00,0.00,0.00,898.00,0.00,1149.00,5349.00,0.00,210137.54
5.53,0.00,0.00,0.00,898.00,0.00,1140.00,5358.00,0.00,208965.96
5.53,0.00,0.00,0.00,898.00,0.00,1137.00,5361.00,0.00,207851.33
5.54,0.00,0.00,0.00,898.00,0.00,1131.00,5367.00,0.00,206743.61
5.55,0.00,0.00,0.00,898.00,0.00,1126.00,5372.00,0.00,205657.23
5.56,0.00,0.00,0.00,898.00,0.00,1118.00,5380.00,0.00,204545.27
5.56,0.00,0.00,0.00,898.00,0.00,1115.00,5383.00,0.00,203485.06
5.57,0.00,0.00,0.00,898.00,0.00,1112.00,5386.00,0.00,202472.11
5.58,0.00,0.00,0.00,898.00,0.00,1109.00,5389.00,0.00,201502.28
5.58,0.00,0.00,0.00,898.00,0.00,1100.00,5398.00,0.00,200481.70
5.59,0.00,0.00,0.00,898.00,0.00,1094.00,5404.00,0.00,199459.85
5.60,0.00,0.00,0.00,898.00,0.00,1090.00,5408.00,0.00,198466.88
5.60,0.00,0.00,0.00,898.00,0.00,1086.00,5412.00,0.00,197500.29
5.61,0.00,0.00,0.00,898.00,0.00,1079.00,5419.00,0.00,196512.70
5.62,0.00,0.00,0.00,898.00,0.00,1072.00,5426.00,0.00,195505.94
5.62,0.00,0.00,0.00,898.00,0.00,1065.00,5433.00,0.00,194481.68
5.63,0.00,0.00,0.00,898.00,0.00,1060.00,5438.00,0.00,193471.50
5.64,0.00,0.00,0.00,898.00,0.00,1053.00,5445.00,0.00,192444.12
5.65,0.00,0.00,0.00,898.00,0.00,1047.00,5451.00,0.00,191416.06
5.65,0.00,0.00,0.00,898.00,0.00,1037.00,5461.00,0.00,190327.29
5.66,0.00,0.00,0.00,898.00,0.00,1034.00,5464.00,0.00,189288.26
5.67,0.00,0.00,0.00,898.00,0.00,1023.00,5475.00,0.00,188174.44
5.67,0.00,0.00,0.00,898.00,0.00,1017.00,5481.00,0.00,187067.48
5.68,0.00,0.00,0.00,898.00,0.00,1008.00,5490.00,0.00,185921.69
5.69,0.00,0.00,0.00,898.00,0.00,1005.00,5493.00,0.00,184830.61
5.69,0.00,0.00,0.00,898.00,0.00,1000.00,5498.00,0.00,183759.42
5.70,0.00,0.00,0.00,898.00,0.00,993.00,5505.00,0.00,182676.34
5.71,0.00,0.00,0.00,898.00,0.00,986.00,5512.00,0.00,181582.41
5.72,0.00,0.00,0.00,898.00,0.00,978.00,5520.00,0.00,180463.55
5.72,0.00,0.00,0.00,898.00,0.00,971.00,5527.00,0.00,179336.95
5.73,0.00,0.00,0.00,898.00,0.00,963.00,5535.00,0.00,178188.27
5.74,0.00,0.00,0.00,898.00,0.00,961.00,5537.00,0.00,177109.56
5.74,0.00,0.00,0.00,898.00,0.00,954.00,5544.00,0.00,176019.63
5.75,0.00,0.00,0.00,898.00,0.00,951.00,5547.00,0.00,174979.53
5.76,0.00,0.00,0.00,898.00,0.00,944.00,5554.00,0.00,173924.83
5.76,0.00,0.00,0.00,898.00,0.00,938.00,5560.00,0.00,172871.84
5.77,0.00,0.00,0.00,898.00,0.00,934.00,5564.00,0.00,171850.44
5.78,0.00,0.00,0.00,898.00,0.00,926.00,5572.00,0.00,170797.80
5.78,0.00,0.00,0.00,898.00,0.00,917.00,5581.00,0.00,169701.61
5.79,0.00,0.00,0.00,898.00,0.00,909.00,5589.00,0.00,168580.69
5.80,0.00,0.00,0.00,898.00,0.00,900.00,5598.00,0.00,167422.16
5.81,0.00,0.00,0.00,898.00,0.00,893.00,5605.00,0.00,166259.36
5.81,0.00,0.00,0.00,898.00,0.00,891.00,5607.00,0.00,165167.75
5.82,0.00,0.00,0.00,898.00,0.00,884.00,5614.00,0.00,164066.04
5.83,0.00,0.00,0.00,898.00,0.00,878.00,5620.00,0.00,162970.13
5.83,0.00,0.00,0.00,898.00,0.00,871.00,5627.00,0.00,161864.48
5.84,0.00,0.00,0.00,898.00,0.00,866.00,5632.00,0.00,160779.98
5.85,0.00,0.00,0.00,898.00,0.00,863.00,5635.00,0.00,159744.86
5.85,0.00,0.00,0.00,898.00,0.00,858.00,5640.00,0.00,158724.75
5.86,0.00,0.00,0.00,898.00,0.00,855.00,5643.00,0.00,157748.40
5.87,0.00,0.00,0.00,898.00,0.00,850.00,5648.00,0.00,156781.95
5.88,0.00,0.00,0.00,898.00,0.00,849.00,5649.00,0.00,155884.63
5.88,0.00,0.00,0.00,898.00,0.00,840.00,5658.00,0.00,154930.24
5.89,0.00,0.00,0.00,898.00,0.00,833.00,5665.00,0.00,153953.79
5.90,0.00,0.00,0.00,898.00,0.00,824.00,5674.00,0.00,152927.16
5.90,0.00,0.00,0.00,898.00,0.00,822.00,5676.00,0.00,151959.88
5.91,0.00,0.00,0.00,898.00,0.00,819.00,5679.00,0.00,151031.76
5.92,0.00,0.00,0.00,898.00,0.00,816.00,5682.00,0.00,150139.38
5.92,0.00,0.00,0.00,898.00,0.00,810.00,5688.00,0.00,149234.57
5.93,0.00,0.00,0.00,898.00,0.00,809.00,5689.00,0.00,148393.52
5.94,0.00,0.00,0.00,898.00,0.00,802.00,5696.00,0.00,147520.55
5.94,0.00,0.00,0.00,898.00,0.00,795.00,5703.00,0.00,146618.43
5.95,0.00,0.00,0.00,898.00,0.00,787.00,5711.00,0.00,145674.68
5.96,0.00,0.00,0.00,898.00,0.00,782.00,5716.00,0.00,144737.99
5.97,0.00,0.00,0.00,898.00,0.00,778.00,5720.00,0.00,143822.77
5.97,0.00,0.00,0.00,898.00,0.00,771.00,5727.00,0.00,142882.08
5.98,0.00,0.00,0.00,898.00,0.00,765.00,5733.00,0.00,141933.17
5.99,0.00,0.00,0.00,898.00,0.00,762.00,5736.00,0.00,141021.81
5.99,0.00,0.00,0.00,898.00,0.00,759.00,5739.00,0.00,140144.74
6.00,0.00,0.00,0.00,898.00,0.00,756.00,5742.00,0.00,139298.98
6.01,0.00,0.00,0.00,898.00,0.00,748.00,5750.00,0.00,138406.67
6.01,0.00,0.00,0.00,898.00,0.00,742.00,5756.00,0.00,137501.93
6.02,0.00,0.00,0.00,898.00,0.00,734.00,5764.00,0.00,136555.78
6.03,0.00,0.00,0.00,898.00,0.00,728.00,5770.00,0.00,135601.88
6.03,0.00,0.00,0.00,898.00,0.00,725.00,5773.00,0.00,134685.97
6.04,0.00,0.00,0.00,898.00,0.00,718.00,5780.00,0.00,133744.65
6.05,0.00,0.00,0.00,898.00,0.00,714.00,5784.00,0.00,132825.21
6.06,0.00,0.00,0.00,898.00,0.00,707.00,5791.00,0.00,131880.66
6.06,0.00,0.00,0.00,898.00,0.00,699.00,5799.00,0.00,130898.18
6.07,0.00,0.00,0.00,898.00,0.00,694.00,5804.00,0.00,129926.14
6.08,0.00,0.00,0.00,898.00,0.00,690.00,5808.00,0.00,128978.64
6.08,0.00,0.00,0.00,898.00,0.00,682.00,5816.00,0.00,127993.46
6.09,0.00,0.00,0.00,898.00,0.00,679.00,5819.00,0.00,127049.00
6.10,0.00,0.00,0.00,898.00,0.00,672.00,5826.00,0.00,126081.62
6.10,0.00,0.00,0.00,898.00,0.00,667.00,5831.00,0.00,125123.35
6.11,0.00,0.00,0.00,898.00,0.00,664.00,5834.00,0.00,124203.46
6.12,0.00,0.00,0.00,898.00,0.00,660.00,5838.00,0.00,123303.58
6.12,0.00,0.00,0.00,898.00,0.00,658.00,5840.00,0.00,122452.01
6.13,0.00,0.00,0.00,898.00,0.00,654.00,5844.00,0.00,121614.50
6.14,0.00,0.00,0.00,898.00,0.00,649.00,5849.00,0.00,120774.80
6.15,0.00,0.00,0.00,898.00,0.00,642.00,5856.00,0.00,119903.05
6.15,0.00,0.00,0.00,898.00,0.00,638.00,5860.00,0.00,119047.12
6.16,0.00,0.00,0.00,898.00,0.00,633.00,5865.00,0.00,118190.61
6.17,0.00,0.00,0.00,898.00,0.00,628.00,5870.00,0.00,117333.56
6.17,0.00,0.00,0.00,898.00,0.00,621.00,5877.00,0.00,116445.98
6.18,0.00,0.00,0.00,898.00,0.00,617.00,5881.00,0.00,115575.60
6.19,0.00,0.00,0.00,898.00,0.00,613.00,5885.00,0.00,114720.91
6.19,0.00,0.00,0.00,898.00,0.00,610.00,5888.00,0.00,113895.57
6.20,0.00,0.00,0.00,898.00,0.00,607.00,5891.00,0.00,113097.03
6.21,0.00,0.00,0.00,898.00,0.00,603.00,5895.00,0.00,112307.94
6.22,0.00,0.00,0.00,898.00,0.00,599.00,5899.00,0.00,111527.46
6.22,0.00,0.00,0.00,898.00,0.00,594.00,5904.00,0.00,110739.83
6.23,0.00,0.00,0.00,898.00,0.00,589.00,5909.00,0.00,109945.66
6.24,0.00,0.00,0.00,898.00,0.00,586.00,5912.00,0.00,109175.58
6.24,0.00,0.00,0.00,898.00,0.00,580.00,5918.00,0.00,108382.42
6.25,0.00,0.00,0.00,898.00,0.00,577.00,5921.00,0.00,107613.25
6.26,0.00,0.00,0.00,898.00,0.00,572.00,5926.00,0.00,106835.94
6.26,0.00,0.00,0.00,898.00,0.00,568.00,5930.00,0.00,106066.23
6.27,0.00,0.00,0.00,898.00,0.00,563.00,5935.00,0.00,105288.42
6.28,0.00,0.00,0.00,898.00,0.00,558.00,5940.00,0.00,104503.22
6.28,0.00,0.00,0.00,898.00,0.00,555.00,5943.00,0.00,103741.33
6.29,0.00,0.00,0.00,898.00,0.00,551.00,5947.00,0.00,102985.69
6.30,0.00,0.00,0.00,898.00,0.00,545.00,5953.00,0.00,102205.71
6.31,0.00,0.00,0.00,898.00,0.00,542.00,5956.00,0.00,101448.57
6.31,0.00,0.00,0.00,898.00,0.00,540.00,5958.00,0.00,100727.32
6.32,0.00,0.00,0.00,898.00,0.00,537.00,5961.00,0.00,100023.80
6.33,0.00,0.00,0.00,898.00,0.00,530.00,5968.00,0.00,99276.38
6.33,0.00,0.00,0.00,898.00,0.00,526.00,5972.00,0.00,98533.95
6.34,0.00,0.00,0.00,898.00,0.00,523.00,5975.00,0.00,97811.10
6.35,0.00,0.00,0.00,898.00,0.00,516.00,5982.00,0.00,97046.03
6.35,0.00,0.00,0.00,898.00,0.00,512.00,5986.00,0.00,96287.49
6.36,0.00,0.00,0.00,898.00,0.00,508.00,5990.00,0.00,95534.90
6.37,0.00,0.00,0.00,898.00,0.00,504.00,5994.00,0.00,94787.76
6.38,0.00,0.00,0.00,898.00,0.00,500.00,5998.00,0.00,94045.58
6.38,0.00,0.00,0.00,898.00,0.00,496.00,6002.00,0.00,93307.93
6.39,0.00,0.00,0.00,898.00,0.00,490.00,6008.00,0.00,92544.38
6.40,0.00,0.00,0.00,898.00,0.00,485.00,6013.00,0.00,91772.20
6.40,0.00,0.00,0.00,898.00,0.00,479.00,6019.00,0.00,90977.11
6.41,0.00,0.00,0.00,898.00,0.00,473.00,6025.00,0.00,90161.13
6.42,0.00,0.00,0.00,898.00,0.00,468.00,6030.00,0.00,89341.07
6.42,0.00,0.00,0.00,898.00,0.00,464.00,6034.00,0.00,88532.34
6.43,0.00,0.00,0.00,898.00,0.00,462.00,6036.00,0.00,87763.98
6.44,0.00,0.00,0.00,898.00,0.00,460.00,6038.00,0.00,87032.47
6.44,0.00,0.00,0.00,898.00,0.00,456.00,6042.00,0.00,86304.58
6.45,0.00,0.00,0.00,898.00,0.00,450.00,6048.00,0.00,85549.92
6.46,0.00,0.00,0.00,898.00,0.00,448.00,6050.00,0.00,84830.93
6.47,0.00,0.00,0.00,898.00,0.00,444.00,6054.00,0.00,84114.46
6.47,0.00,0.00,0.00,898.00,0.00,435.00,6063.00,0.00,83325.17
6.48,0.00,0.00,0.00,898.00,0.00,430.00,6068.00,0.00,82529.48
6.49,0.00,0.00,0.00,898.00,0.00,426.00,6072.00,0.00,81743.00
6.49,0.00,0.00,0.00,898.00,0.00,420.00,6078.00,0.00,80934.85
6.50,0.00,0.00,0.00,898.00,0.00,418.00,6080.00,0.00,80167.03
6.51,0.00,0.00,0.00,898.00,0.00,409.00,6089.00,0.00,79330.86
6.51,0.00,0.00,0.00,898.00,0.00,406.00,6092.00,0.00,78522.43
6.52,0.00,0.00,0.00,898.00,0.00,401.00,6097.00,0.00,77709.28
6.53,0.00,0.00,0.00,898.00,0.00,398.00,6100.00,0.00,76921.87
6.53,0.00,0.00,0.00,898.00,0.00,391.00,6107.00,0.00,76097.86
6.54,0.00,0.00,0.00,898.00,0.00,386.00,6112.00,0.00,75270.49
6.55,0.00,0.00,0.00,898.00,0.00,381.00,6117.00,0.00,74440.04
6.56,0.00,0.00,0.00,898.00,0.00,373.00,6125.00,0.00,73561.72
6.56,0.00,0.00,0.00,898.00,0.00,370.00,6128.00,0.00,72714.82
6.57,0.00,0.00,0.00,898.00,0.00,367.00,6131.00,0.00,71896.59
6.58,0.00,0.00,0.00,898.00,0.00,364.00,6134.00,0.00,71104.53
6.58,0.00,0.00,0.00,898.00,0.00,355.00,6143.00,0.00,70246.24
6.59,0.00,0.00,0.00,898.00,0.00,349.00,6149.00,0.00,69372.55
6.60,0.00,0.00,0.00,898.00,0.00,345.00,6153.00,0.00,68514.84
6.60,0.00,0.00,0.00,898.00,0.00,340.00,6158.00,0.00,67656.70
6.61,0.00,0.00,0.00,898.00,0.00,337.00,6161.00,0.00,66828.22
6.62,0.00,0.00,0.00,898.00,0.00,334.00,6164.00,0.00,66026.80
6.62,0.00,0.00,0.00,898.00,0.00,331.00,6167.00,0.00,65250.11
6.63,0.00,0.00,0.00,898.00,0.00,326.00,6172.00,0.00,64465.92
6.64,0.00,0.00,0.00,898.00,0.00,323.00,6175.00,0.00,63704.96
6.65,0.00,0.00,0.00,898.00,0.00,319.00,6179.00,0.00,62950.16
6.65,0.00,0.00,0.00,898.00,0.00,313.00,6185.00,0.00,62170.95
6.66,0.00,0.00,0.00,898.00,0.00,311.00,6187.00,0.00,61429.54
6.67,0.00,0.00,0.00,898.00,0.00,306.00,6192.00,0.00,60677.57
6.67,0.00,0.00,0.00,898.00,0.00,305.00,6193.00,0.00,59976.06
6.68,0.00,0.00,0.00,898.00,0.00,300.00,6198.00,0.00,59260.52
6.69,0.00,0.00,0.00,898.00,0.00,298.00,6200.00,0.00,58577.24
6.69,0.00,0.00,0.00,898.00,0.00,295.00,6203.00,0.00,57908.39
6.70,0.00,0.00,0.00,898.00,0.00,291.00,6207.00,0.00,57237.69
6.71,0.00,0.00,0.00,898.00,0.00,286.00,6212.00,0.00,56550.27
6.72,0.00,0.00,0.00,898.00,0.00,285.00,6213.00,0.00,55907.69
6.72,0.00,0.00,0.00,898.00,0.00,278.00,6220.00,0.00,55215.90
6.73,0.00,0.00,0.00,898.00,0.00,277.00,6221.00,0.00,54569.32
6.74,0.00,0.00,0.00,898.00,0.00,274.00,6224.00,0.00,53933.98
6.74,0.00,0.00,0.00,898.00,0.00,272.00,6226.00,0.00,53323.91
6.75,0.00,0.00,0.00,898.00,0.00,268.00,6230.00,0.00,52706.87
6.76,0.00,0.00,0.00,898.00,0.00,267.00,6231.00,0.00,52128.54
6.76,0.00,0.00,0.00,898.00,0.00,266.00,6232.00,0.00,51585.55
6.77,0.00,0.00,0.00,898.00,0.00,263.00,6235.00,0.00,51044.76
6.78,0.00,0.00,0.00,898.00,0.00,259.00,6239.00,0.00,50490.98
6.78,0.00,0.00,0.00,898.00,0.00,254.00,6244.00,0.00,49910.30
6.79,0.00,0.00,0.00,898.00,0.00,251.00,6247.00,0.00,49335.11
6.80,0.00,0.00,0.00,898.00,0.00,249.00,6249.00,0.00,48779.96
6.81,0.00,0.00,0.00,898.00,0.00,244.00,6254.00,0.00,48198.04
6.81,0.00,0.00,0.00,898.00,0.00,242.00,6256.00,0.00,47636.74
6.82,0.00,0.00,0.00,898.00,0.00,239.00,6259.00,0.00,47079.25
6.83,0.00,0.00,0.00,898.00,0.00,235.00,6263.00,0.00,46510.21
6.83,0.00,0.00,0.00,898.00,0.00,232.00,6266.00,0.00,45945.65
6.84,0.00,0.00,0.00,898.00,0.00,230.00,6268.00,0.00,45400.20
6.85,0.00,0.00,0.00,898.00,0.00,227.00,6271.00,0.00,44857.18
6.85,0.00,0.00,0.00,898.00,0.00,227.00,6271.00,0.00,44361.45
6.86,0.00,0.00,0.00,898.00,0.00,222.00,6276.00,0.00,43833.76
6.87,0.00,0.00,0.00,898.00,0.00,221.00,6277.00,0.00,43337.00
6.88,0.00,0.00,0.00,898.00,0.00,218.00,6280.00,0.00,42838.43
6.88,0.00,0.00,0.00,898.00,0.00,216.00,6282.00,0.00,42353.22
6.89,0.00,0.00,0.00,898.00,0.00,210.00,6288.00,0.00,41820.13
6.90,0.00,0.00,0.00,898.00,0.00,204.00,6294.00,0.00,41243.31
6.90,0.00,0.00,0.00,898.00,0.00,204.00,6294.00,0.00,40716.73
6.91,0.00,0.00,0.00,898.00,0.00,198.00,6300.00,0.00,40145.85
6.92,0.00,0.00,0.00,898.00,0.00,195.00,6303.00,0.00,39579.62
6.92,0.00,0.00,0.00,898.00,0.00,194.00,6304.00,0.00,39047.67
6.93,0.00,0.00,0.00,898.00,0.00,191.00,6307.00,0.00,38516.97
6.94,0.00,0.00,0.00,898.00,0.00,184.00,6314.00,0.00,37927.32
6.94,0.00,0.00,0.00,898.00,0.00,184.00,6314.00,0.00,37389.02
6.95,0.00,0.00,0.00,898.00,0.00,181.00,6317.00,0.00,36852.51
6.96,0.00,0.00,0.00,898.00,0.00,176.00,6322.00,0.00,36287.61
6.97,0.00,0.00,0.00,898.00,0.00,174.00,6324.00,0.00,35741.86
6.97,0.00,0.00,0.00,898.00,0.00,172.00,6326.00,0.00,35213.57
6.98,0.00,0.00,0.00,898.00,0.00,168.00,6330.00,0.00,34671.20
6.99,0.00,0.00,0.00,898.00,0.00,163.00,6335.00,0.00,34100.94
6.99,0.00,0.00,0.00,898.00,0.00,161.00,6337.00,0.00,33550.29
7.00,0.00,0.00,0.00,898.00,0.00,158.00,6340.00,0.00,33002.51
7.01,0.00,0.00,0.00,898.00,0.00,156.00,6342.00,0.00,32472.39
7.01,0.00,0.00,0.00,898.00,0.00,153.00,6345.00,0.00,31943.36
7.02,0.00,0.00,0.00,898.00,0.00,153.00,6345.00,0.00,31460.40
7.03,0.00,0.00,0.00,898.00,0.00,153.00,6345.00,0.00,31019.49
7.03,0.00,0.00,0.00,898.00,0.00,150.00,6348.00,0.00,30571.91
7.04,0.00,0.00,0.00,898.00,0.00,150.00,6348.00,0.00,30163.29
7.05,0.00,0.00,0.00,898.00,0.00,145.00,6353.00,0.00,29715.15
7.06,0.00,0.00,0.00,898.00,0.00,142.00,6356.00,0.00,29260.95
7.06,0.00,0.00,0.00,898.00,0.00,142.00,6356.00,0.00,28846.31
7.07,0.00,0.00,0.00,898.00,0.00,141.00,6357.00,0.00,28452.75
7.08,0.00,0.00,0.00,898.00,0.00,139.00,6359.00,0.00,28063.41
7.08,0.00,0.00,0.00,898.00,0.00,137.00,6361.00,0.00,27677.93
7.09,0.00,0.00,0.00,898.00,0.00,133.00,6365.00,0.00,27265.92
7.10,0.00,0.00,0.00,898.00,0.00,131.00,6367.00,0.00,26859.74
7.10,0.00,0.00,0.00,898.00,0.00,128.00,6370.00,0.00,26443.86
7.11,0.00,0.00,0.00,898.00,0.00,120.00,6378.00,0.00,25944.01
7.12,0.00,0.00,0.00,898.00,0.00,119.00,6379.00,0.00,25472.66
7.12,0.00,0.00,0.00,898.00,0.00,117.00,6381.00,0.00,25012.31
7.13,0.00,0.00,0.00,898.00,0.00,115.00,6383.00,0.00,24561.99
7.14,0.00,0.00,0.00,898.00,0.00,114.00,6384.00,0.00,24135.87
7.15,0.00,0.00,0.00,898.00,0.00,114.00,6384.00,0.00,23746.85
7.15,0.00,0.00,0.00,898.00,0.00,110.00,6388.00,0.00,23331.61
7.16,0.00,0.00,0.00,898.00,0.00,108.00,6390.00,0.00,22922.48
7.17,0.00,0.00,0.00,898.00,0.00,105.00,6393.00,0.00,22503.91
7.17,0.00,0.00,0.00,898.00,0.00,102.00,6396.00,0.00,22076.72
7.18,0.00,0.00,0.00,898.00,0.00,98.00,6400.00,0.00,21626.63
7.19,0.00,0.00,0.00,898.00,0.00,96.00,6402.00,0.00,21185.69
7.19,0.00,0.00,0.00,898.00,0.00,94.00,6404.00,0.00,20753.10
7.20,0.00,0.00,0.00,898.00,0.00,94.00,6404.00,0.00,20358.17
7.21,0.00,0.00,0.00,898.00,0.00,92.00,6406.00,0.00,19967.59
7.22,0.00,0.00,0.00,898.00,0.00,90.00,6408.00,0.00,19580.98
7.22,0.00,0.00,0.00,898.00,0.00,88.00,6410.00,0.00,19197.98
7.23,0.00,0.00,0.00,898.00,0.00,88.00,6410.00,0.00,18848.33
7.24,0.00,0.00,0.00,898.00,0.00,87.00,6411.00,0.00,18514.10
7.24,0.00,0.00,0.00,898.00,0.00,85.00,6413.00,0.00,18178.93
7.25,0.00,0.00,0.00,898.00,0.00,84.00,6414.00,0.00,17857.93
7.26,0.00,0.00,0.00,898.00,0.00,84.00,6414.00,0.00,17564.87
7.26,0.00,0.00,0.00,898.00,0.00,84.00,6414.00,0.00,17297.33
7.27,0.00,0.00,0.00,898.00,0.00,83.00,6415.00,0.00,17038.07
7.28,0.00,0.00,0.00,898.00,0.00,81.00,6417.00,0.00,16771.34
7.28,0.00,0.00,0.00,898.00,0.00,79.00,6419.00,0.00,16497.78
7.29,0.00,0.00,0.00,898.00,0.00,78.00,6420.00,0.00,16233.02
7.30,0.00,0.00,0.00,898.00,0.00,75.00,6423.00,0.00,15946.25
7.31,0.00,0.00,0.00,898.00,0.00,75.00,6423.00,0.00,15684.45
7.31,0.00,0.00,0.00,898.00,0.00,72.00,6426.00,0.00,15400.37
7.32,0.00,0.00,0.00,898.00,0.00,70.00,6428.00,0.00,15110.99
7.33,0.00,0.00,0.00,898.00,0.00,68.00,6430.00,0.00,14816.76
7.33,0.00,0.00,0.00,898.00,0.00,68.00,6430.00,0.00,14548.14
7.34,0.00,0.00,0.00,898.00,0.00,66.00,6432.00,0.00,14272.88
7.35,0.00,0.00,0.00,898.00,0.00,65.00,6433.00,0.00,14006.55
7.35,0.00,0.00,0.00,898.00,0.00,64.00,6434.00,0.00,13748.40
7.36,0.00,0.00,0.00,898.00,0.00,62.00,6436.00,0.00,13482.68
7.37,0.00,0.00,0.00,898.00,0.00,60.00,6438.00,0.00,13210.05
7.38,0.00,0.00,0.00,898.00,0.00,57.00,6441.00,0.00,12916.08
7.38,0.00,0.00,0.00,898.00,0.00,56.00,6442.00,0.00,12632.70
7.39,0.00,0.00,0.00,898.00,0.00,55.00,6443.00,0.00,12358.96
7.40,0.00,0.00,0.00,898.00,0.00,52.00,6446.00,0.00,12064.00
7.40,0.00,0.00,0.00,898.00,0.00,52.00,6446.00,0.00,11794.71
7.41,0.00,0.00,0.00,898.00,0.00,49.00,6449.00,0.00,11503.81
7.42,0.00,0.00,0.00,898.00,0.00,47.00,6451.00,0.00,11208.19
7.42,0.00,0.00,0.00,898.00,0.00,45.00,6453.00,0.00,10908.27
7.43,0.00,0.00,0.00,898.00,0.00,45.00,6453.00,0.00,10634.46
7.44,0.00,0.00,0.00,898.00,0.00,42.00,6456.00,0.00,10339.42
7.44,0.00,0.00,0.00,898.00,0.00,42.00,6456.00,0.00,10070.08
7.45,0.00,0.00,0.00,898.00,0.00,41.00,6457.00,0.00,9809.16
7.46,0.00,0.00,0.00,898.00,0.00,38.00,6460.00,0.00,9525.90
7.47,0.00,0.00,0.00,898.00,0.00,36.00,6462.00,0.00,9237.25
7.47,0.00,0.00,0.00,898.00,0.00,36.00,6462.00,0.00,8973.74
7.48,0.00,0.00,0.00,898.00,0.00,36.00,6462.00,0.00,8733.18
7.49,0.00,0.00,0.00,898.00,0.00,36.00,6462.00,0.00,8513.56
7.49,0.00,0.00,0.00,898.00,0.00,35.00,6463.00,0.00,8298.04
7.50,0.00,0.00,0.00,898.00,0.00,34.00,6464.00,0.00,8086.27
7.51,0.00,0.00,0.00,898.00,0.00,34.00,6464.00,0.00,7892.93
7.51,0.00,0.00,0.00,898.00,0.00,32.00,6466.00,0.00,7686.39
7.52,0.00,0.00,0.00,898.00,0.00,32.00,6466.00,0.00,7497.83
7.53,0.00,0.00,0.00,898.00,0.00,32.00,6466.00,0.00,7325.69
7.53,0.00,0.00,0.00,898.00,0.00,31.00,6467.00,0.00,7153.51
7.54,0.00,0.00,0.00,898.00,0.00,30.00,6468.00,0.00,6981.31
7.55,0.00,0.00,0.00,898.00,0.00,30.00,6468.00,0.00,6824.10
7.56,0.00,0.00,0.00,898.00,0.00,29.00,6469.00,0.00,6665.55
7.56,0.00,0.00,0.00,898.00,0.00,29.00,6469.00,0.00,6520.81
7.57,0.00,0.00,0.00,898.00,0.00,28.00,6470.00,0.00,6373.65
7.58,0.00,0.00,0.00,898.00,0.00,27.00,6471.00,0.00,6224.28
7.58,0.00,0.00,0.00,898.00,0.00,27.00,6471.00,0.00,6087.92
7.59,0.00,0.00,0.00,898.00,0.00,26.00,6472.00,0.00,5948.41
7.60,0.00,0.00,0.00,898.00,0.00,22.00,6476.00,0.00,5760.96
7.60,0.00,0.00,0.00,898.00,0.00,21.00,6477.00,0.00,5574.80
7.61,0.00,0.00,0.00,898.00,0.00,19.00,6479.00,0.00,5374.81
7.62,0.00,0.00,0.00,898.00,0.00,19.00,6479.00,0.00,5192.23
7.62,0.00,0.00,0.00,898.00,0.00,19.00,6479.00,0.00,5025.55
7.63,0.00,0.00,0.00,898.00,0.00,19.00,6479.00,0.00,4873.39
7.64,0.00,0.00,0.00,898.00,0.00,17.00,6481.00,0.00,4704.42
7.65,0.00,0.00,0.00,898.00,0.00,16.00,6482.00,0.00,4535.15
7.65,0.00,0.00,0.00,898.00,0.00,16.00,6482.00,0.00,4380.62
7.66,0.00,0.00,0.00,898.00,0.00,16.00,6482.00,0.00,4239.54
7.67,0.00,0.00,0.00,898.00,0.00,16.00,6482.00,0.00,4110.75
7.67,0.00,0.00,0.00,898.00,0.00,15.00,6483.00,0.00,3978.15
7.68,0.00,0.00,0.00,898.00,0.00,15.00,6483.00,0.00,3857.09
7.69,0.00,0.00,0.00,898.00,0.00,14.00,6484.00,0.00,3731.56
7.69,0.00,0.00,0.00,898.00,0.00,14.00,6484.00,0.00,3616.95
7.70,0.00,0.00,0.00,898.00,0.00,14.00,6484.00,0.00,3512.32
7.71,0.00,0.00,0.00,898.00,0.00,14.00,6484.00,0.00,3416.81
7.72,0.00,0.00,0.00,898.00,0.00,13.00,6485.00,0.00,3314.59
7.72,0.00,0.00,0.00,898.00,0.00,13.00,6485.00,0.00,3221.27
7.73,0.00,0.00,0.00,898.00,0.00,13.00,6485.00,0.00,3136.07
7.74,0.00,0.00,0.00,898.00,0.00,13.00,6485.00,0.00,3058.30
7.74,0.00,0.00,0.00,898.00,0.00,13.00,6485.00,0.00,2987.29
7.75,0.00,0.00,0.00,898.00,0.00,12.00,6486.00,0.00,2907.45
7.76,0.00,0.00,0.00,898.00,0.00,12.00,6486.00,0.00,2834.56
7.76,0.00,0.00,0.00,898.00,0.00,12.00,6486.00,0.00,2768.01
7.77,0.00,0.00,0.00,898.00,0.00,12.00,6486.00,0.00,2707.26
7.78,0.00,0.00,0.00,898.00,0.00,12.00,6486.00,0.00,2651.80
7.78,0.00,0.00,0.00,898.00,0.00,12.00,6486.00,0.00,2601.17
7.79,0.00,0.00,0.00,898.00,0.00,11.00,6487.00,0.00,2539.93
7.80,0.00,0.00,0.00,898.00,0.00,11.00,6487.00,0.00,2484.01
7.81,0.00,0.00,0.00,898.00,0.00,11.00,6487.00,0.00,2432.97
7.81,0.00,0.00,0.00,898.00,0.00,11.00,6487.00,0.00,2386.37
7.82,0.00,0.00,0.00,898.00,0.00,11.00,6487.00,0.00,2343.83
7.83,0.00,0.00,0.00,898.00,0.00,11.00,6487.00,0.00,2304.99
7.83,0.00,0.00,0.00,898.00,0.00,11.00,6487.00,0.00,2269.54
7.84,0.00,0.00,0.00,898.00,0.00,11.00,6487.00,0.00,2237.17
7.85,0.00,0.00,0.00,898.00,0.00,10.00,6488.00,0.00,2192.60
7.85,0.00,0.00,0.00,898.00,0.00,10.00,6488.00,0.00,2151.91
7.86,0.00,0.00,0.00,898.00,0.00,10.00,6488.00,0.00,2114.76
7.87,0.00,0.00,0.00,898.00,0.00,9.00,6489.00,0.00,2065.82
7.88,0.00,0.00,0.00,898.00,0.00,9.00,6489.00,0.00,2021.15
7.88,0.00,0.00,0.00,898.00,0.00,9.00,6489.00,0.00,1980.36
7.89,0.00,0.00,0.00,898.00,0.00,9.00,6489.00,0.00,1943.13
7.90,0.00,0.00,0.00,898.00,0.00,9.00,6489.00,0.00,1909.13
7.90,0.00,0.00,0.00,898.00,0.00,8.00,6490.00,0.00,1863.08
7.91,0.00,0.00,0.00,898.00,0.00,8.00,6490.00,0.00,1821.04
7.92,0.00,0.00,0.00,898.00,0.00,8.00,6490.00,0.00,1782.65
7.92,0.00,0.00,0.00,898.00,0.00,8.00,6490.00,0.00,1747.61
7.93,0.00,0.00,0.00,898.00,0.00,8.00,6490.00,0.00,1715.62
7.94,0.00,0.00,0.00,898.00,0.00,8.00,6490.00,0.00,1686.42
7.94,0.00,0.00,0.00,898.00,0.00,8.00,6490.00,0.00,1659.75
7.95,0.00,0.00,0.00,898.00,0.00,8.00,6490.00,0.00,1635.41
7.96,0.00,0.00,0.00,898.00,0.00,8.00,6490.00,0.00,1613.19
7.97,0.00,0.00,0.00,898.00,0.00,8.00,6490.00,0.00,1592.91
7.97,0.00,0.00,0.00,898.00,0.00,8.00,6490.00,0.00,1574.39
7.98,0.00,0.00,0.00,898.00,0.00,8.00,6490.00,0.00,1557.48
7.99,0.00,0.00,0.00,898.00,0.00,8.00,6490.00,0.00,1542.05
7.99,0.00,0.00,0.00,898.00,0.00,8.00,6490.00,0.00,1527.96
8.00,0.00,0.00,0.00,898.00,0.00,8.00,6490.00,0.00,1515.09
8.01,0.00,0.00,0.00,898.00,0.00,8.00,6490.00,0.00,1503.35
8.01,0.00,0.00,0.00,898.00,0.00,8.00,6490.00,0.00,1492.63
8.02,0.00,0.00,0.00,898.00,0.00,7.00,6491.00,0.00,1467.82
8.03,0.00,0.00,0.00,898.00,0.00,7.00,6491.00,0.00,1445.17
8.03,0.00,0.00,0.00,898.00,0.00,7.00,6491.00,0.00,1424.49
8.04,0.00,0.00,0.00,898.00,0.00,7.00,6491.00,0.00,1405.61
8.05,0.00,0.00,0.00,898.00,0.00,7.00,6491.00,0.00,1388.38
8.06,0.00,0.00,0.00,898.00,0.00,7.00,6491.00,0.00,1372.65
8.06,0.00,0.00,0.00,898.00,0.00,7.00,6491.00,0.00,1358.29
8.07,0.00,0.00,0.00,898.00,0.00,7.00,6491.00,0.00,1345.17
8.08,0.00,0.00,0.00,898.00,0.00,7.00,6491.00,0.00,1333.20
8.08,0.00,0.00,0.00,898.00,0.00,7.00,6491.00,0.00,1322.27
8.09,0.00,0.00,0.00,898.00,0.00,7.00,6491.00,0.00,1312.30
8.10,0.00,0.00,0.00,898.00,0.00,7.00,6491.00,0.00,1303.19
8.10,0.00,0.00,0.00,898.00,0.00,7.00,6491.00,0.00,1294.88
8.11,0.00,0.00,0.00,898.00,0.00,7.00,6491.00,0.00,1287.28
8.12,0.00,0.00,0.00,898.00,0.00,7.00,6491.00,0.00,1280.35
8.12,0.00,0.00,0.00,898.00,0.00,7.00,6491.00,0.00,1274.03
8.13,0.00,0.00,0.00,898.00,0.00,7.00,6491.00,0.00,1268.25
8.14,0.00,0.00,0.00,898.00,0.00,7.00,6491.00,0.00,1262.98
8.15,0.00,0.00,0.00,898.00,0.00,6.00,6492.00,0.00,1243.14
8.15,0.00,0.00,0.00,898.00,0.00,6.00,6492.00,0.00,1225.03
8.16,0.00,0.00,0.00,898.00,0.00,6.00,6492.00,0.00,1208.50
8.17,0.00,0.00,0.00,898.00,0.00,6.00,6492.00,0.00,1193.41
8.17,0.00,0.00,0.00,898.00,0.00,6.00,6492.00,0.00,1179.63
8.18,0.00,0.00,0.00,898.00,0.00,5.00,6493.00,0.00,1152.03
8.19,0.00,0.00,0.00,898.00,0.00,5.00,6493.00,0.00,1126.83
8.19,0.00,0.00,0.00,898.00,0.00,5.00,6493.00,0.00,1103.83
8.20,0.00,0.00,0.00,898.00,0.00,5.00,6493.00,0.00,1082.82
8.21,0.00,0.00,0.00,898.00,0.00,5.00,6493.00,0.00,1063.65
8.22,0.00,0.00,0.00,898.00,0.00,5.00,6493.00,0.00,1046.15
8.22,0.00,0.00,0.00,898.00,0.00,5.00,6493.00,0.00,1030.17
8.23,0.00,0.00,0.00,898.00,0.00,4.00,6494.00,0.00,1000.56
8.24,0.00,0.00,0.00,898.00,0.00,4.00,6494.00,0.00,973.53
8.24,0.00,0.00,0.00,898.00,0.00,4.00,6494.00,0.00,948.85
8.25,0.00,0.00,0.00,898.00,0.00,4.00,6494.00,0.00,926.32
8.26,0.00,0.00,0.00,898.00,0.00,4.00,6494.00,0.00,905.75
8.26,0.00,0.00,0.00,898.00,0.00,4.00,6494.00,0.00,886.98
8.27,0.00,0.00,0.00,898.00,0.00,4.00,6494.00,0.00,869.83
8.28,0.00,0.00,0.00,898.00,0.00,4.00,6494.00,0.00,854.18
8.28,0.00,0.00,0.00,898.00,0.00,4.00,6494.00,0.00,839.90
8.29,0.00,0.00,0.00,898.00,0.00,4.00,6494.00,0.00,826.86
8.30,0.00,0.00,0.00,898.00,0.00,4.00,6494.00,0.00,814.95
8.31,0.00,0.00,0.00,898.00,0.00,4.00,6494.00,0.00,804.08
8.31,0.00,0.00,0.00,898.00,0.00,4.00,6494.00,0.00,794.15
8.32,0.00,0.00,0.00,898.00,0.00,4.00,6494.00,0.00,785.10
8.33,0.00,0.00,0.00,898.00,0.00,4.00,6494.00,0.00,776.83
8.33,0.00,0.00,0.00,898.00,0.00,4.00,6494.00,0.00,769.27
8.34,0.00,0.00,0.00,898.00,0.00,4.00,6494.00,0.00,762.38
8.35,0.00,0.00,0.00,898.00,0.00,4.00,6494.00,0.00,756.09
8.35,0.00,0.00,0.00,898.00,0.00,4.00,6494.00,0.00,750.34
8.36,0.00,0.00,0.00,898.00,0.00,4.00,6494.00,0.00,745.10
8.37,0.00,0.00,0.00,898.00,0.00,4.00,6494.00,0.00,740.31
8.38,0.00,0.00,0.00,898.00,0.00,4.00,6494.00,0.00,735.94
8.38,0.00,0.00,0.00,898.00,0.00,4.00,6494.00,0.00,731.95
8.39,0.00,0.00,0.00,898.00,0.00,4.00,6494.00,0.00,728.31
8.40,0.00,0.00,0.00,898.00,0.00,4.00,6494.00,0.00,724.98
8.40,0.00,0.00,0.00,898.00,0.00,4.00,6494.00,0.00,721.95
8.41,0.00,0.00,0.00,898.00,0.00,4.00,6494.00,0.00,719.17
8.42,0.00,0.00,0.00,898.00,0.00,4.00,6494.00,0.00,716.64
8.42,0.00,0.00,0.00,898.00,0.00,4.00,6494.00,0.00,714.33
8.43,0.00,0.00,0.00,898.00,0.00,4.00,6494.00,0.00,712.23
8.44,0.00,0.00,0.00,898.00,0.00,4.00,6494.00,0.00,710.30
8.44,0.00,0.00,0.00,898.00,0.00,4.00,6494.00,0.00,708.54
8.45,0.00,0.00,0.00,898.00,0.00,4.00,6494.00,0.00,706.94
8.46,0.00,0.00,0.00,898.00,0.00,4.00,6494.00,0.00,705.47
8.47,0.00,0.00,0.00,898.00,0.00,4.00,6494.00,0.00,704.14
8.47,0.00,0.00,0.00,898.00,0.00,4.00,6494.00,0.00,702.91
8.48,0.00,0.00,0.00,898.00,0.00,4.00,6494.00,0.00,701.80
8.49,0.00,0.00,0.00,898.00,0.00,4.00,6494.00,0.00,700.78
8.49,0.00,0.00,0.00,898.00,0.00,4.00,6494.00,0.00,699.85
8.50,0.00,0.00,0.00,898.00,0.00,4.00,6494.00,0.00,699.01
8.51,0.00,0.00,0.00,898.00,0.00,4.00,6494.00,0.00,698.23
8.51,0.00,0.00,0.00,898.00,0.00,4.00,6494.00,0.00,697.53
8.52,0.00,0.00,0.00,898.00,0.00,4.00,6494.00,0.00,696.88
8.53,0.00,0.00,0.00,898.00,0.00,4.00,6494.00,0.00,696.29
8.53,0.00,0.00,0.00,898.00,0.00,4.00,6494.00,0.00,695.75
8.54,0.00,0.00,0.00,898.00,0.00,4.00,6494.00,0.00,695.26
8.55,0.00,0.00,0.00,898.00,0.00,2.00,6496.00,0.00,664.77
8.56,0.00,0.00,0.00,898.00,0.00,2.00,6496.00,0.00,636.93
8.56,0.00,0.00,0.00,898.00,0.00,2.00,6496.00,0.00,611.51
8.57,0.00,0.00,0.00,898.00,0.00,2.00,6496.00,0.00,588.31
8.58,0.00,0.00,0.00,898.00,0.00,2.00,6496.00,0.00,567.13
8.58,0.00,0.00,0.00,898.00,0.00,1.00,6497.00,0.00,532.77
8.59,0.00,0.00,0.00,898.00,0.00,1.00,6497.00,0.00,501.40
8.60,0.00,0.00,0.00,898.00,0.00,1.00,6497.00,0.00,472.76
8.60,0.00,0.00,0.00,898.00,0.00,1.00,6497.00,0.00,446.62
8.61,0.00,0.00,0.00,898.00,0.00,1.00,6497.00,0.00,422.75
8.62,0.00,0.00,0.00,898.00,0.00,1.00,6497.00,0.00,400.97
8.62,0.00,0.00,0.00,898.00,0.00,1.00,6497.00,0.00,381.07
8.63,0.00,0.00,0.00,898.00,0.00,1.00,6497.00,0.00,362.91
8.64,0.00,0.00,0.00,898.00,0.00,1.00,6497.00,0.00,346.34
8.65,0.00,0.00,0.00,898.00,0.00,1.00,6497.00,0.00,331.20
8.65,0.00,0.00,0.00,898.00,0.00,1.00,6497.00,0.00,317.39
8.66,0.00,0.00,0.00,898.00,0.00,1.00,6497.00,0.00,304.77
8.67,0.00,0.00,0.00,898.00,0.00,1.00,6497.00,0.00,293.26
8.67,0.00,0.00,0.00,898.00,0.00,1.00,6497.00,0.00,282.74
8.68,0.00,0.00,0.00,898.00,0.00,1.00,6497.00,0.00,273.15
8.69,0.00,0.00,0.00,898.00,0.00,1.00,6497.00,0.00,264.39
8.69,0.00,0.00,0.00,898.00,0.00,1.00,6497.00,0.00,256.39
8.70,0.00,0.00,0.00,898.00,0.00,1.00,6497.00,0.00,249.09
8.71,0.00,0.00,0.00,898.00,0.00,1.00,6497.00,0.00,242.42
8.72,0.00,0.00,0.00,898.00,0.00,1.00,6497.00,0.00,236.33
8.72,0.00,0.00,0.00,898.00,0.00,1.00,6497.00,0.00,230.78
8.73,0.00,0.00,0.00,898.00,0.00,1.00,6497.00,0.00,225.71
8.74,0.00,0.00,0.00,898.00,0.00,1.00,6497.00,0.00,221.07
8.74,0.00,0.00,0.00,898.00,0.00,1.00,6497.00,0.00,216.85
8.75,0.00,0.00,0.00,898.00,0.00,1.00,6497.00,0.00,212.99
8.76,0.00,0.00,0.00,898.00,0.00,1.00,6497.00,0.00,209.47
8.76,0.00,0.00,0.00,898.00,0.00,1.00,6497.00,0.00,206.25
8.77,0.00,0.00,0.00,898.00,0.00,1.00,6497.00,0.00,203.31
8.78,0.00,0.00,0.00,898.00,0.00,1.00,6497.00,0.00,200.63
8.78,0.00,0.00,0.00,898.00,0.00,1.00,6497.00,0.00,198.19
8.79,0.00,0.00,0.00,898.00,0.00,1.00,6497.00,0.00,195.95
8.80,0.00,0.00,0.00,898.00,0.00,1.00,6497.00,0.00,193.91
8.81,0.00,0.00,0.00,898.00,0.00,1.00,6497.00,0.00,192.05
8.81,0.00,0.00,0.00,898.00,0.00,1.00,6497.00,0.00,190.35
8.82,0.00,0.00,0.00,898.00,0.00,1.00,6497.00,0.00,188.80
8.83,0.00,0.00,0.00,898.00,0.00,1.00,6497.00,0.00,187.38
8.83,0.00,0.00,0.00,898.00,0.00,1.00,6497.00,0.00,186.09
8.84,0.00,0.00,0.00,898.00,0.00,1.00,6497.00,0.00,184.91
8.85,0.00,0.00,0.00,898.00,0.00,1.00,6497.00,0.00,183.83
8.85,0.00,0.00,0.00,898.00,0.00,1.00,6497.00,0.00,182.85
8.86,0.00,0.00,0.00,898.00,0.00,1.00,6497.00,0.00,181.95
8.87,0.00,0.00,0.00,898.00,0.00,1.00,6497.00,0.00,181.13
8.88,0.00,0.00,0.00,898.00,0.00,1.00,6497.00,0.00,180.38
8.88,0.00,0.00,0.00,898.00,0.00,1.00,6497.00,0.00,179.69
8.89,0.00,0.00,0.00,898.00,0.00,1.00,6497.00,0.00,179.07
8.90,0.00,0.00,0.00,898.00,0.00,1.00,6497.00,0.00,178.50
8.90,0.00,0.00,0.00,898.00,0.00,1.00,6497.00,0.00,177.98
8.91,0.00,0.00,0.00,898.00,0.00,1.00,6497.00,0.00,177.51
8.92,0.00,0.00,0.00,898.00,0.00,1.00,6497.00,0.00,177.07
8.92,0.00,0.00,0.00,898.00,0.00,1.00,6497.00,0.00,176.68
8.93,0.00,0.00,0.00,898.00,0.00,0.00,6498.00,0.00,161.29
8.94,0.00,0.00,0.00,898.00,0.00,0.00,6498.00,0.00,147.25
8.94,0.00,0.00,0.00,898.00,0.00,0.00,6498.00,0.00,134.43
8.95,0.00,0.00,0.00,898.00,0.00,0.00,6498.00,0.00,122.72
8.96,0.00,0.00,0.00,898.00,0.00,0.00,6498.00,0.00,112.04
8.97,0.00,0.00,0.00,898.00,0.00,0.00,6498.00,0.00,102.28
8.97,0.00,0.00,0.00,898.00,0.00,0.00,6498.00,0.00,93.37
8.98,0.00,0.00,0.00,898.00,0.00,0.00,6498.00,0.00,85.24
8.99,0.00,0.00,0.00,898.00,0.00,0.00,6498.00,0.00,77.82
8.99,0.00,0.00,0.00,898.00,0.00,0.00,6498.00,0.00,71.04
9.00,0.00,0.00,0.00,898.00,0.00,0.00,6498.00,0.00,64.86
9.01,0.00,0.00,0.00,898.00,0.00,0.00,6498.00,0.00,59.21
9.01,0.00,0.00,0.00,898.00,0.00,0.00,6498.00,0.00,54.05
9.02,0.00,0.00,0.00,898.00,0.00,0.00,6498.00,0.00,49.35
9.03,0.00,0.00,0.00,898.00,0.00,0.00,6498.00,0.00,45.05
9.03,0.00,0.00,0.00,898.00,0.00,0.00,6498.00,0.00,41.13
9.04,0.00,0.00,0.00,898.00,0.00,0.00,6498.00,0.00,37.55
9.05,0.00,0.00,0.00,898.00,0.00,0.00,6498.00,0.00,34.28
9.06,0.00,0.00,0.00,898.00,0.00,0.00,6498.00,0.00,31.29
9.06,0.00,0.00,0.00,898.00,0.00,0.00,6498.00,0.00,28.57
9.07,0.00,0.00,0.00,898.00,0.00,0.00,6498.00,0.00,26.08
9.08,0.00,0.00,0.00,898.00,0.00,0.00,6498.00,0.00,23.81
9.08,0.00,0.00,0.00,898.00,0.00,0.00,6498.00,0.00,21.74
9.09,0.00,0.00,0.00,898.00,0.00,0.00,6498.00,0.00,19.84
9.10,0.00,0.00,0.00,898.00,0.00,0.00,6498.00,0.00,18.12
9.10,0.00,0.00,0.00,898.00,0.00,0.00,6498.00,0.00,16.54
9.11,0.00,0.00,0.00,898.00,0.00,0.00,6498.00,0.00,15.10
9.12,0.00,0.00,0.00,898.00,0.00,0.00,6498.00,0.00,13.78
9.12,0.00,0.00,0.00,898.00,0.00,0.00,6498.00,0.00,12.58
9.13,0.00,0.00,0.00,898.00,0.00,0.00,6498.00,0.00,11.49
9.14,0.00,0.00,0.00,898.00,0.00,0.00,6498.00,0.00,10.49
9.15,0.00,0.00,0.00,898.00,0.00,0.00,6498.00,0.00,9.57
9.15,0.00,0.00,0.00,898.00,0.00,0.00,6498.00,0.00,8.74
9.16,0.00,0.00,0.00,898.00,0.00,0.00,6498.00,0.00,7.98
9.17,0.00,0.00,0.00,898.00,0.00,0.00,6498.00,0.00,7.28
9.17,0.00,0.00,0.00,898.00,0.00,0.00,6498.00,0.00,6.65
9.18,0.00,0.00,0.00,898.00,0.00,0.00,6498.00,0.00,6.07
9.19,0.00,0.00,0.00,898.00,0.00,0.00,6498.00,0.00,5.54
9.19,0.00,0.00,0.00,898.00,0.00,0.00,6498.00,0.00,5.06
9.20,0.00,0.00,0.00,898.00,0.00,0.00,6498.00,0.00,4.62
9.21,0.00,0.00,0.00,898.00,0.00,0.00,6498.00,0.00,4.22
9.22,0.00,0.00,0.00,898.00,0.00,0.00,6498.00,0.00,3.85
9.22,0.00,0.00,0.00,898.00,0.00,0.00,6498.00,0.00,3.51
9.23,0.00,0.00,0.00,898.00,0.00,0.00,6498.00,0.00,3.21
9.24,0.00,0.00,0.00,898.00,0.00,0.00,6498.00,0.00,2.93
9.24,0.00,0.00,0.00,898.00,0.00,0.00,6498.00,0.00,2.67
9.25,0.00,0.00,0.00,898.00,0.00,0.00,6498.00,0.00,2.44
9.26,0.00,0.00,0.00,898.00,0.00,0.00,6498.00,0.00,2.23
9.26,0.00,0.00,0.00,898.00,0.00,0.00,6498.00,0.00,2.03
9.27,0.00,0.00,0.00,898.00,0.00,0.00,6498.00,0.00,1.86
9.28,0.00,0.00,0.00,898.00,0.00,0.00,6498.00,0.00,1.70
9.28,0.00,0.00,0.00,898.00,0.00,0.00,6498.00,0.00,1.55
9.29,0.00,0.00,0.00,898.00,0.00,0.00,6498.00,0.00,1.41
9.30,0.00,0.00,0.00,898.00,0.00,0.00,6498.00,0.00,1.29
9.31,0.00,0.00,0.00,898.00,0.00,0.00,6498.00,0.00,1.18
9.31,0.00,0.00,0.00,898.00,0.00,0.00,6498.00,0.00,1.08
9.32,0.00,0.00,0.00,898.00,0.00,0.00,6498.00,0.00,0.98
9.33,0.00,0.00,0.00,898.00,0.00,0.00,6498.00,0.00,0.90
9.33,0.00,0.00,0.00,898.00,0.00,0.00,6498.00,0.00,0.82
9.34,0.00,0.00,0.00,898.00,0.00,0.00,6498.00,0.00,0.75
9.35,0.00,0.00,0.00,898.00,0.00,0.00,6498.00,0.00,0.68
9.35,0.00,0.00,0.00,898.00,0.00,0.00,6498.00,0.00,0.62
9.36,0.00,0.00,0.00,898.00,0.00,0.00,6498.00,0.00,0.57
9.37,0.00,0.00,0.00,898.00,0.00,0.00,6498.00,0.00,0.52
9.38,0.00,0.00,0.00,898.00,0.00,0.00,6498.00,0.00,0.47
9.38,0.00,0.00,0.00,898.00,0.00,0.00,6498.00,0.00,0.43
9.39,0.00,0.00,0.00,898.00,0.00,0.00,6498.00,0.00,0.39
9.40,0.00,0.00,0.00,898.00,0.00,0.00,6498.00,0.00,0.36
9.40,0.00,0.00,0.00,898.00,0.00,0.00,6498.00,0.00,0.33
9.41,0.00,0.00,0.00,898.00,0.00,0.00,6498.00,0.00,0.30
9.42,0.00,0.00,0.00,898.00,0.00,0.00,6498.00,0.00,0.27
9.42,0.00,0.00,0.00,898.00,0.00,0.00,6498.00,0.00,0.25
9.43,0.00,0.00,0.00,898.00,0.00,0.00,6498.00,0.00,0.23
9.44,0.00,0.00,0.00,898.00,0.00,0.00,6498.00,0.00,0.21
9.44,0.00,0.00,0.00,898.00,0.00,0.00,6498.00,0.00,0.19
9.45,0.00,0.00,0.00,898.00,0.00,0.00,6498.00,0.00,0.17
9.46,0.00,0.00,0.00,898.00,0.00,0.00,6498.00,0.00,0.16
9.47,0.00,0.00,0.00,898.00,0.00,0.00,6498.00,0.00,0.14
9.47,0.00,0.00,0.00,898.00,0.00,0.00,6498.00,0.00,0.13
9.48,0.00,0.00,0.00,898.00,0.00,0.00,6498.00,0.00,0.12
9.49,0.00,0.00,0.00,898.00,0.00,0.00,6498.00,0.00,0.11
9.49,0.00,0.00,0.00,898.00,0.00,0.00,6498.00,0.00,0.10
9.50,0.00,0.00,0.00,898.00,0.00,0.00,6498.00,0.00,0.09
9.51,0.00,0.00,0.00,898.00,0.00,0.00,6498.00,0.00,0.08
9.51,0.00,0.00,0.00,898.00,0.00,0.00,6498.00,0.00,0.08
9.52,0.00,0.00,0.00,898.00,0.00,0.00,6498.00,0.00,0.07
9.53,0.00,0.00,0.00,898.00,0.00,0.00,6498.00,0.00,0.06
9.53,0.00,0.00,0.00,898.00,0.00,0.00,6498.00,0.00,0.06
9.54,0.00,0.00,0.00,898.00,0.00,0.00,6498.00,0.00,0.05
9.55,0.00,0.00,0.00,898.00,0.00,0.00,6498.00,0.00,0.05
9.56,0.00,0.00,0.00,898.00,0.00,0.00,6498.00,0.00,0.04
9.56,0.00,0.00,0.00,898.00,0.00,0.00,6498.00,0.00,0.04
9.57,0.00,0.00,0.00,898.00,0.00,0.00,6498.00,0.00,0.04
9.58,0.00,0.00,0.00,898.00,0.00,0.00,6498.00,0.00,0.03
9.58,0.00,0.00,0.00,898.00,0.00,0.00,6498.00,0.00,0.03
9.59,0.00,0.00,0.00,898.00,0.00,0.00,6498.00,0.00,0.03
9.60,0.00,0.00,0.00,898.00,0.00,0.00,6498.00,0.00,0.03
9.60,0.00,0.00,0.00,898.00,0.00,0.00,6498.00,0.00,0.02
9.61,0.00,0.00,0.00,898.00,0.00,0.00,6498.00,0.00,0.02
9.62,0.00,0.00,0.00,898.00,0.00,0.00,6498.00,0.00,0.02
9.62,0.00,0.00,0.00,898.00,0.00,0.00,6498.00,0.00,0.02
9.63,0.00,0.00,0.00,898.00,0.00,0.00,6498.00,0.00,0.02
9.64,0.00,0.00,0.00,898.00,0.00,0.00,6498.00,0.00,0.01
9.65,0.00,0.00,0.00,898.00,0.00,0.00,6498.00,0.00,0.01
9.65,0.00,0.00,0.00,898.00,0.00,0.00,6498.00,0.00,0.01
9.66,0.00,0.00,0.00,898.00,0.00,0.00,6498.00,0.00,0.01
9.67,0.00,0.00,0.00,898.00,0.00,0.00,6498.00,0.00,0.01
9.67,0.00,0.00,0.00,898.00,0.00,0.00,6498.00,0.00,0.01
9.68,0.00,0.00,0.00,898.00,0.00,0.00,6498.00,0.00,0.01
9.69,0.00,0.00,0.00,898.00,0.00,0.00,6498.00,0.00,0.01
9.69,0.00,0.00,0.00,898.00,0.00,0.00,6498.00,0.00,0.01
9.70,0.00,0.00,0.00,898.00,0.00,0.00,6498.00,0.00,0.01
9.71,0.00,0.00,0.00,898.00,0.00,0.00,6498.00,0.00,0.01
9.72,0.00,0.00,0.00,898.00,0.00,0.00,6498.00,0.00,0.01
9.72,0.00,0.00,0.00,898.00,0.00,0.00,6498.00,0.00,0.00
9.73,0.00,0.00,0.00,898.00,0.00,0.00,6498.00,0.00,0.00
9.74,0.00,0.00,0.00,898.00,0.00,0.00,6498.00,0.00,0.00
9.74,0.00,0.00,0.00,898.00,0.00,0.00,6498.00,0.00,0.00
9.75,0.00,0.00,0.00,898.00,0.00,0.00,6498.00,0.00,0.00
9.76,0.00,0.00,0.00,898.00,0.00,0.00,6498.00,0.00,0.00
9.76,0.00,0.00,0.00,898.00,0.00,0.00,6498.00,0.00,0.00
9.77,0.00,0.00,0.00,898.00,0.00,0.00,6498.00,0.00,0.00
9.78,0.00,0.00,0.00,898.00,0.00,0.00,6498.00,0.00,0.00
9.78,0.00,0.00,0.00,898.00,0.00,0.00,6498.00,0.00,0.00
9.79,0.00,0.00,0.00,898.00,0.00,0.00,6498.00,0.00,0.00
9.80,0.00,0.00,0.00,898.00,0.00,0.00,6498.00,0.00,0.00
9.81,0.00,0.00,0.00,898.00,0.00,0.00,6498.00,0.00,0.00
9.81,0.00,0.00,0.00,898.00,0.00,0.00,6498.00,0.00,0.00
9.82,0.00,0.00,0.00,898.00,0.00,0.00,6498.00,0.00,0.00
9.83,0.00,0.00,0.00,898.00,0.00,0.00,6498.00,0.00,0.00
9.83,0.00,0.00,0.00,898.00,0.00,0.00,6498.00,0.00,0.00
9.84,0.00,0.00,0.00,898.00,0.00,0.00,6498.00,0.00,0.00
9.85,0.00,0.00,0.00,898.00,0.00,0.00,6498.00,0.00,0.00
9.85,0.00,0.00,0.00,898.00,0.00,0.00,6498.00,0.00,0.00
9.86,0.00,0.00,0.00,898.00,0.00,0.00,6498.00,0.00,0.00
9.87,0.00,0.00,0.00,898.00,0.00,0.00,6498.00,0.00,0.00
9.88,0.00,0.00,0.00,898.00,0.00,0.00,6498.00,0.00,0.00
9.88,0.00,0.00,0.00,898.00,0.00,0.00,6498.00,0.00,0.00
9.89,0.00,0.00,0.00,898.00,0.00,0.00,6498.00,0.00,0.00
9.90,0.00,0.00,0.00,898.00,0.00,0.00,6498.00,0.00,0.00
9.90,0.00,0.00,0.00,898.00,0.00,0.00,6498.00,0.00,0.00
9.91,0.00,0.00,0.00,898.00,0.00,0.00,6498.00,0.00,0.00
9.92,0.00,0.00,0.00,898.00,0.00,0.00,6498.00,0.00,0.00
9.92,0.00,0.00,0.00,898.00,0.00,0.00,6498.00,0.00,0.00
9.93,0.00,0.00,0.00,898.00,0.00,0.00,6498.00,0.00,0.00
9.94,0.00,0.00,0.00,898.00,0.00,0.00,6498.00,0.00,0.00
9.94,0.00,0.00,0.00,898.00,0.00,0.00,6498.00,0.00,0.00
9.95,0.00,0.00,0.00,898.00,0.00,0.00,6498.00,0.00,0.00
9.96,0.00,0.00,0.00,898.00,0.00,0.00,6498.00,0.00,0.00
9.97,0.00,0.00,0.00,898.00,0.00,0.00,6498.00,0.00,0.00
9.97,0.00,0.00,0.00,898.00,0.00,0.00,6498.00,0.00,0.00
9.98,0.00,0.00,0.00,898.00,0.00,0.00,6498.00,0.00,0.00
9.99,0.00,0.00,0.00,898.00,0.00,0.00,6498.00,0.00,0.00
9.99,0.00,0.00,0.00,898.00,0.00,0.00,6498.00,0.00,0.00
