Time,U,AI1,AI2,AD,BI2,BI2,BD,VA,VB
0.00,7393.00,1.00,0.00,0.00,2.00,0.00,0.00,75.00,75.00
0.01,7393.00,1.00,0.00,0.00,2.00,0.00,0.00,68.52,68.47
0.01,7392.00,1.00,0.00,0.00,3.00,0.00,0.00,62.61,62.51
0.02,7388.00,2.00,0.00,0.00,5.00,1.00,0.00,57.20,72.09
0.03,7385.00,3.00,1.00,0.00,6.00,1.00,0.00,52.42,80.83
0.03,7381.00,3.00,1.00,0.00,10.00,1.00,0.00,48.04,88.82
0.04,7380.00,3.00,1.00,0.00,11.00,1.00,0.00,44.04,96.11
0.05,7378.00,4.00,1.00,0.00,12.00,1.00,0.00,40.39,102.76
0.06,7378.00,4.00,1.00,0.00,12.00,1.00,0.00,37.05,108.84
0.06,7376.00,3.00,2.00,0.00,14.00,1.00,0.00,34.16,114.38
0.07,7376.00,3.00,2.00,0.00,14.00,1.00,0.00,31.51,119.45
0.08,7373.00,4.00,1.00,1.00,15.00,2.00,0.00,28.94,139.09
0.08,7372.00,4.00,1.00,1.00,16.00,2.00,0.00,26.59,157.03
0.09,7370.00,3.00,2.00,1.00,18.00,2.00,0.00,24.59,173.40
0.10,7367.00,4.00,2.00,1.00,20.00,2.00,0.00,22.77,188.35
0.10,7366.00,4.00,2.00,1.00,21.00,2.00,0.00,21.11,201.99
0.11,7365.00,4.00,2.00,1.00,19.00,5.00,0.00,19.58,259.52
0.12,7365.00,4.00,2.00,1.00,19.00,5.00,0.00,18.19,312.04
0.12,7364.00,3.00,2.00,2.00,19.00,6.00,0.00,16.92,375.00
0.13,7361.00,3.00,2.00,2.00,22.00,5.00,1.00,15.76,417.47
0.14,7359.00,3.00,2.00,2.00,24.00,5.00,1.00,14.70,456.23
0.15,7357.00,3.00,2.00,2.00,24.00,5.00,3.00,13.73,491.62
0.15,7354.00,4.00,2.00,2.00,26.00,5.00,3.00,12.85,523.93
0.16,7350.00,4.00,2.00,2.00,30.00,5.00,3.00,12.04,553.42
0.17,7345.00,4.00,2.00,2.00,35.00,4.00,4.00,11.30,565.32
0.17,7342.00,4.00,2.00,2.00,35.00,7.00,4.00,10.63,621.26
0.18,7341.00,4.00,2.00,2.00,36.00,7.00,4.00,10.01,672.32
0.19,7334.00,4.00,2.00,2.00,42.00,8.00,4.00,9.44,733.97
0.19,7330.00,4.00,2.00,2.00,44.00,8.00,6.00,8.93,790.24
0.20,7326.00,4.00,2.00,2.00,45.00,11.00,6.00,8.46,886.68
0.21,7319.00,4.00,2.00,2.00,50.00,13.00,6.00,8.03,1004.78
0.22,7312.00,4.00,2.00,2.00,55.00,15.00,6.00,7.64,1142.63
0.22,7308.00,3.00,3.00,2.00,59.00,15.00,6.00,7.43,1268.48
0.23,7302.00,3.00,3.00,2.00,65.00,15.00,6.00,7.24,1383.37
0.24,7295.00,3.00,2.00,3.00,70.00,17.00,6.00,6.91,1518.31
0.24,7286.00,3.00,2.00,3.00,78.00,18.00,6.00,6.62,1656.52
0.25,7277.00,3.00,2.00,3.00,86.00,19.00,6.00,6.35,1797.71
0.26,7273.00,3.00,2.00,3.00,86.00,22.00,7.00,6.10,1971.68
0.26,7267.00,3.00,2.00,3.00,90.00,24.00,7.00,5.87,2160.55
0.27,7262.00,3.00,2.00,3.00,92.00,26.00,8.00,5.67,2363.02
0.28,7254.00,2.00,3.00,3.00,99.00,26.00,9.00,5.63,2547.86
0.28,7244.00,2.00,3.00,3.00,106.00,28.00,10.00,5.59,2746.65
0.29,7235.00,2.00,3.00,3.00,108.00,35.00,10.00,5.56,3033.29
0.30,7228.00,2.00,3.00,3.00,113.00,36.00,11.00,5.53,3310.00
0.31,7218.00,2.00,3.00,3.00,118.00,41.00,11.00,5.50,3637.73
0.31,7208.00,3.00,3.00,3.00,124.00,43.00,12.00,5.48,3966.96
0.32,7196.00,3.00,3.00,3.00,134.00,44.00,13.00,5.46,4282.55
0.33,7186.00,3.00,2.00,4.00,141.00,47.00,13.00,5.29,4615.73
0.33,7172.00,3.00,2.00,4.00,155.00,45.00,15.00,5.13,4889.85
0.34,7159.00,3.00,2.00,4.00,163.00,49.00,16.00,4.99,5200.20
0.35,7143.00,3.00,2.00,4.00,176.00,52.00,16.00,4.86,5528.59
0.35,7131.00,3.00,2.00,4.00,183.00,56.00,17.00,4.74,5888.48
0.36,7115.00,3.00,2.00,4.00,193.00,62.00,17.00,4.63,6307.16
0.37,7102.00,2.00,3.00,4.00,202.00,64.00,19.00,4.68,6719.44
0.38,7088.00,3.00,3.00,4.00,212.00,66.00,20.00,4.73,7125.87
0.38,7072.00,2.00,4.00,4.00,222.00,70.00,22.00,4.92,7556.99
0.39,7055.00,2.00,4.00,4.00,233.00,74.00,24.00,5.10,8010.67
0.40,7039.00,2.00,4.00,4.00,242.00,78.00,27.00,5.26,8484.94
0.40,7027.00,2.00,4.00,4.00,249.00,83.00,27.00,5.40,8993.02
0.41,7014.00,2.00,3.00,5.00,255.00,85.00,32.00,5.39,9486.91
0.42,6997.00,2.00,3.00,5.00,259.00,98.00,32.00,5.37,10133.10
0.42,6974.00,2.00,3.00,5.00,272.00,104.00,36.00,5.36,10813.15
0.43,6952.00,2.00,3.00,5.00,284.00,112.00,38.00,5.35,11554.18
0.44,6939.00,2.00,3.00,5.00,293.00,114.00,40.00,5.34,12260.72
0.44,6913.00,2.00,3.00,5.00,309.00,122.00,42.00,5.33,13025.93
0.45,6900.00,2.00,3.00,5.00,314.00,127.00,45.00,5.32,13799.62
0.46,6880.00,2.00,3.00,5.00,324.00,136.00,46.00,5.31,14641.15
0.47,6852.00,2.00,3.00,5.00,345.00,141.00,48.00,5.30,15484.52
0.47,6823.00,2.00,3.00,5.00,360.00,152.00,51.00,5.30,16419.70
0.48,6796.00,2.00,3.00,5.00,376.00,160.00,54.00,5.29,17393.64
0.49,6769.00,2.00,2.00,6.00,397.00,164.00,56.00,5.13,18342.86
0.49,6740.00,2.00,2.00,6.00,413.00,175.00,58.00,4.99,19374.69
0.50,6707.00,2.00,1.00,7.00,431.00,189.00,59.00,4.71,20526.99
0.51,6678.00,2.00,1.00,7.00,448.00,193.00,67.00,4.45,21639.04
0.51,6642.00,2.00,1.00,7.00,474.00,203.00,67.00,4.22,22804.50
0.52,6613.00,2.00,1.00,7.00,491.00,211.00,71.00,4.00,23988.65
0.53,6590.00,2.00,1.00,7.00,504.00,217.00,75.00,3.81,25159.83
0.53,6564.00,2.00,1.00,7.00,519.00,226.00,77.00,3.63,26364.24
0.54,6528.00,2.00,1.00,7.00,533.00,241.00,84.00,3.47,27689.12
0.55,6491.00,2.00,1.00,7.00,555.00,248.00,92.00,3.32,29003.80
0.56,6473.00,2.00,1.00,7.00,556.00,262.00,95.00,3.18,30414.32
0.56,6424.00,2.00,1.00,7.00,590.00,271.00,101.00,3.06,31837.23
0.57,6380.00,2.00,1.00,7.00,618.00,287.00,101.00,2.94,33376.61
0.58,6343.00,2.00,1.00,7.00,634.00,303.00,106.00,2.84,35022.32
0.58,6313.00,2.00,1.00,7.00,648.00,315.00,110.00,2.74,36705.00
0.59,6282.00,2.00,1.00,7.00,655.00,337.00,112.00,2.66,38571.67
0.60,6254.00,2.00,1.00,7.00,667.00,352.00,113.00,2.58,40501.14
0.60,6206.00,2.00,1.00,7.00,699.00,365.00,116.00,2.51,42457.90
0.61,6179.00,2.00,1.00,7.00,708.00,376.00,123.00,2.44,44409.53
0.62,6143.00,2.00,1.00,7.00,720.00,398.00,125.00,2.38,46521.73
0.62,6107.00,2.00,1.00,7.00,730.00,420.00,129.00,2.32,48780.52
0.63,6065.00,2.00,1.00,7.00,754.00,434.00,133.00,2.27,51052.94
0.64,6001.00,2.00,1.00,7.00,802.00,445.00,138.00,2.23,53292.75
0.65,5962.00,2.00,1.00,7.00,820.00,460.00,144.00,2.19,55562.87
0.65,5918.00,2.00,1.00,7.00,848.00,471.00,149.00,2.15,57800.57
0.66,5873.00,2.00,1.00,7.00,864.00,500.00,149.00,2.11,60279.09
0.67,5829.00,2.00,1.00,7.00,882.00,516.00,159.00,2.08,62782.16
0.67,5781.00,2.00,1.00,7.00,902.00,537.00,166.00,2.05,65382.76
0.68,5728.00,2.00,1.00,7.00,936.00,549.00,173.00,2.02,67937.18
0.69,5683.00,2.00,1.00,7.00,950.00,577.00,176.00,2.00,70689.83
0.69,5635.00,2.00,1.00,7.00,971.00,595.00,185.00,1.98,73473.20
0.70,5597.00,3.00,1.00,7.00,990.00,604.00,194.00,1.96,76149.41
0.71,5558.00,3.00,1.00,7.00,1002.00,628.00,197.00,1.94,78953.15
0.72,5514.00,3.00,1.00,7.00,1013.00,656.00,202.00,1.92,81933.39
0.72,5472.00,2.00,2.00,7.00,1032.00,677.00,204.00,2.06,84969.62
0.73,5435.00,2.00,2.00,7.00,1042.00,696.00,212.00,2.18,88026.90
0.74,5401.00,2.00,2.00,7.00,1056.00,712.00,216.00,2.29,91058.33
0.74,5356.00,2.00,2.00,7.00,1079.00,732.00,218.00,2.39,94126.26
0.75,5290.00,2.00,2.00,7.00,1109.00,758.00,228.00,2.49,97317.65
0.76,5235.00,2.00,2.00,7.00,1133.00,783.00,234.00,2.57,100606.73
0.76,5181.00,2.00,2.00,7.00,1148.00,814.00,242.00,2.65,104075.12
0.77,5128.00,2.00,2.00,7.00,1175.00,832.00,250.00,2.72,107511.91
0.78,5072.00,2.00,2.00,7.00,1196.00,859.00,258.00,2.79,111055.07
0.78,5017.00,2.00,2.00,7.00,1206.00,897.00,265.00,2.85,114860.58
0.79,4966.00,2.00,2.00,7.00,1225.00,916.00,278.00,2.90,118620.16
0.80,4914.00,2.00,2.00,7.00,1246.00,939.00,286.00,2.95,122397.91
0.81,4864.00,2.00,2.00,7.00,1252.00,979.00,290.00,3.00,126447.62
0.81,4816.00,2.00,2.00,7.00,1255.00,1019.00,295.00,3.04,130745.63
0.82,4772.00,2.00,2.00,7.00,1260.00,1050.00,303.00,3.08,135135.11
0.83,4725.00,2.00,2.00,7.00,1270.00,1082.00,308.00,3.11,139623.10
0.83,4683.00,2.00,2.00,7.00,1272.00,1112.00,318.00,3.14,144170.99
0.84,4620.00,1.00,3.00,7.00,1299.00,1144.00,322.00,3.32,148803.61
0.85,4560.00,1.00,3.00,7.00,1318.00,1177.00,330.00,3.49,153528.61
0.85,4508.00,0.00,4.00,7.00,1343.00,1201.00,333.00,3.79,158202.72
0.86,4452.00,0.00,4.00,7.00,1360.00,1235.00,338.00,4.06,162980.62
0.87,4399.00,0.00,4.00,7.00,1371.00,1271.00,344.00,4.31,167883.31
0.88,4359.00,0.00,3.00,8.00,1369.00,1307.00,350.00,4.39,172899.92
0.88,4293.00,0.00,2.00,9.00,1391.00,1344.00,357.00,4.31,178035.57
0.89,4242.00,0.00,2.00,9.00,1410.00,1366.00,367.00,4.24,183054.53
0.90,4190.00,0.00,2.00,9.00,1421.00,1405.00,369.00,4.17,188222.36
0.90,4139.00,0.00,2.00,9.00,1435.00,1435.00,376.00,4.11,193390.89
0.91,4083.00,0.00,2.00,9.00,1448.00,1475.00,379.00,4.06,198710.29
0.92,4029.00,0.00,2.00,9.00,1469.00,1503.00,384.00,4.01,203987.15
0.92,3973.00,0.00,2.00,9.00,1484.00,1536.00,392.00,3.96,209300.28
0.93,3912.00,0.00,1.00,10.00,1507.00,1567.00,399.00,3.77,214616.48
0.94,3868.00,0.00,1.00,10.00,1513.00,1599.00,405.00,3.60,219950.51
0.94,3819.00,0.00,1.00,10.00,1522.00,1634.00,410.00,3.44,225345.88
0.95,3762.00,0.00,1.00,10.00,1536.00,1666.00,421.00,3.29,230752.19
0.96,3722.00,0.00,1.00,10.00,1545.00,1691.00,427.00,3.16,236063.31
0.97,3685.00,0.00,1.00,10.00,1539.00,1721.00,440.00,3.03,241362.66
0.97,3622.00,0.00,1.00,10.00,1560.00,1756.00,447.00,2.92,246726.36
0.98,3565.00,0.00,1.00,10.00,1568.00,1797.00,455.00,2.82,252238.97
0.99,3524.00,0.00,1.00,10.00,1560.00,1841.00,460.00,2.73,257932.58
0.99,3467.00,0.00,1.00,10.00,1567.00,1885.00,466.00,2.64,263791.43
1.00,3412.00,0.00,1.00,10.00,1574.00,1926.00,473.00,2.56,269756.06
1.01,3376.00,0.00,1.00,10.00,1565.00,1966.00,478.00,2.49,275802.24
1.01,3336.00,0.00,1.00,10.00,1560.00,2002.00,487.00,2.43,281862.77
1.02,3280.00,0.00,1.00,10.00,1567.00,2050.00,488.00,2.37,288116.69
1.03,3233.00,0.00,1.00,10.00,1566.00,2088.00,498.00,2.31,294396.92
1.03,3180.00,0.00,1.00,10.00,1572.00,2127.00,506.00,2.26,300716.20
1.04,3123.00,0.00,1.00,10.00,1590.00,2164.00,508.00,2.22,307041.07
1.05,3078.00,0.00,1.00,10.00,1593.00,2199.00,515.00,2.18,313341.01
1.06,3017.00,0.00,1.00,10.00,1600.00,2247.00,521.00,2.14,319813.48
1.06,2957.00,0.00,1.00,10.00,1608.00,2288.00,532.00,2.11,326338.30
1.07,2908.00,0.00,1.00,10.00,1613.00,2328.00,536.00,2.07,332895.90
1.08,2859.00,0.00,1.00,10.00,1611.00,2373.00,542.00,2.05,339558.52
1.08,2800.00,0.00,1.00,10.00,1620.00,2418.00,547.00,2.02,346317.04
1.09,2740.00,0.00,1.00,10.00,1633.00,2456.00,556.00,1.99,353057.92
1.10,2682.00,0.00,0.00,11.00,1648.00,2486.00,569.00,1.82,359662.53
1.10,2623.00,0.00,0.00,11.00,1671.00,2510.00,581.00,1.67,366052.59
1.11,2578.00,0.00,0.00,11.00,1673.00,2547.00,587.00,1.52,372442.09
1.12,2516.00,0.00,0.00,11.00,1679.00,2596.00,594.00,1.39,379011.34
1.12,2464.00,0.00,0.00,11.00,1671.00,2652.00,598.00,1.27,385849.87
1.13,2407.00,0.00,0.00,11.00,1681.00,2695.00,602.00,1.16,392738.92
1.14,2354.00,0.00,0.00,11.00,1681.00,2742.00,608.00,1.06,399734.19
1.15,2309.00,0.00,0.00,11.00,1678.00,2781.00,617.00,0.97,406706.23
1.15,2261.00,0.00,0.00,11.00,1672.00,2828.00,624.00,0.89,413777.27
1.16,2211.00,0.00,0.00,11.00,1673.00,2865.00,636.00,0.81,420788.44
1.17,2165.00,0.00,0.00,11.00,1675.00,2902.00,643.00,0.74,427744.97
1.17,2110.00,0.00,0.00,11.00,1693.00,2927.00,655.00,0.68,434471.32
1.18,2053.00,0.00,0.00,11.00,1711.00,2955.00,666.00,0.62,441032.62
1.19,1997.00,0.00,0.00,11.00,1717.00,3000.00,671.00,0.56,447698.63
1.19,1954.00,0.00,0.00,11.00,1712.00,3044.00,675.00,0.51,454445.20
1.20,1908.00,0.00,0.00,11.00,1693.00,3101.00,683.00,0.47,461460.63
1.21,1852.00,0.00,0.00,11.00,1702.00,3138.00,693.00,0.43,468421.04
1.22,1803.00,0.00,0.00,11.00,1708.00,3176.00,698.00,0.39,475346.24
1.22,1744.00,0.00,0.00,11.00,1714.00,3224.00,703.00,0.36,482389.54
1.23,1687.00,0.00,0.00,11.00,1730.00,3254.00,714.00,0.33,489270.22
1.24,1636.00,0.00,0.00,11.00,1732.00,3290.00,727.00,0.30,496092.60
1.24,1581.00,0.00,0.00,11.00,1735.00,3340.00,729.00,0.27,503072.06
1.25,1525.00,0.00,0.00,11.00,1747.00,3377.00,736.00,0.25,509999.64
1.26,1481.00,0.00,0.00,11.00,1747.00,3415.00,742.00,0.23,516894.87
1.26,1428.00,0.00,0.00,11.00,1740.00,3467.00,750.00,0.21,523970.89
1.27,1387.00,0.00,0.00,11.00,1731.00,3507.00,760.00,0.19,531031.69
1.28,1356.00,0.00,0.00,11.00,1708.00,3553.00,768.00,0.17,538168.72
1.28,1316.00,0.00,0.00,11.00,1699.00,3596.00,774.00,0.16,545330.29
1.29,1282.00,0.00,0.00,11.00,1690.00,3630.00,783.00,0.15,552379.04
1.30,1241.00,0.00,0.00,11.00,1696.00,3657.00,791.00,0.13,559219.63
1.31,1188.00,0.00,0.00,11.00,1687.00,3710.00,800.00,0.12,566260.80
1.31,1149.00,0.00,0.00,11.00,1676.00,3755.00,805.00,0.11,573364.90
1.32,1100.00,0.00,0.00,11.00,1685.00,3789.00,811.00,0.10,580361.18
1.33,1069.00,0.00,0.00,11.00,1671.00,3829.00,816.00,0.09,587349.18
1.33,1031.00,0.00,0.00,11.00,1662.00,3868.00,824.00,0.08,594314.60
1.34,994.00,0.00,0.00,11.00,1659.00,3898.00,834.00,0.08,601124.19
1.35,958.00,0.00,0.00,11.00,1652.00,3931.00,844.00,0.07,607836.58
1.35,926.00,0.00,0.00,11.00,1647.00,3963.00,849.00,0.06,614445.23
1.36,887.00,0.00,0.00,11.00,1640.00,4003.00,855.00,0.06,621079.35
1.37,851.00,0.00,0.00,11.00,1620.00,4053.00,861.00,0.05,627886.96
1.38,807.00,0.00,0.00,11.00,1618.00,4088.00,872.00,0.05,634627.59
1.38,776.00,0.00,0.00,11.00,1599.00,4129.00,881.00,0.04,641397.23
1.39,749.00,0.00,0.00,11.00,1584.00,4165.00,887.00,0.04,648118.22
1.40,710.00,0.00,0.00,11.00,1566.00,4217.00,892.00,0.04,655035.18
1.40,681.00,0.00,0.00,11.00,1543.00,4263.00,898.00,0.03,662040.90
1.41,643.00,0.00,0.00,11.00,1529.00,4303.00,910.00,0.03,669037.52
1.42,618.00,0.00,0.00,11.00,1509.00,4342.00,916.00,0.03,676010.80
1.42,590.00,0.00,0.00,11.00,1499.00,4372.00,924.00,0.03,682827.57
1.43,564.00,0.00,0.00,11.00,1480.00,4411.00,930.00,0.02,689636.66
1.44,532.00,0.00,0.00,11.00,1476.00,4438.00,939.00,0.02,696258.47
1.44,511.00,0.00,0.00,11.00,1455.00,4473.00,946.00,0.02,702829.49
1.45,495.00,0.00,0.00,11.00,1439.00,4496.00,955.00,0.02,709173.86
1.46,467.00,0.00,0.00,11.00,1432.00,4518.00,968.00,0.02,715296.29
1.47,442.00,0.00,0.00,11.00,1412.00,4558.00,973.00,0.02,721486.54
1.47,421.00,0.00,0.00,11.00,1390.00,4592.00,982.00,0.01,727648.55
1.48,398.00,0.00,0.00,11.00,1370.00,4627.00,990.00,0.01,733799.80
1.49,378.00,0.00,0.00,11.00,1344.00,4669.00,994.00,0.01,740046.40
1.49,354.00,0.00,0.00,11.00,1340.00,4695.00,996.00,0.01,746139.67
1.50,330.00,0.00,0.00,11.00,1332.00,4722.00,1001.00,0.01,752107.99
1.51,304.00,0.00,0.00,11.00,1316.00,4753.00,1012.00,0.01,758022.33
1.51,280.00,0.00,0.00,11.00,1296.00,4791.00,1018.00,0.01,763992.55
1.52,256.00,0.00,0.00,11.00,1288.00,4812.00,1029.00,0.01,769758.39
1.53,236.00,0.00,0.00,11.00,1268.00,4843.00,1038.00,0.01,775487.88
1.53,226.00,0.00,0.00,11.00,1229.00,4886.00,1044.00,0.01,781364.47
1.54,214.00,0.00,0.00,11.00,1210.00,4908.00,1053.00,0.01,787059.85
1.55,192.00,0.00,0.00,11.00,1199.00,4929.00,1065.00,0.01,792574.79
1.56,175.00,0.00,0.00,11.00,1180.00,4956.00,1074.00,0.00,798015.13
1.56,162.00,0.00,0.00,11.00,1165.00,4976.00,1082.00,0.00,803282.22
1.57,149.00,0.00,0.00,11.00,1145.00,4995.00,1096.00,0.00,808376.10
1.58,139.00,0.00,0.00,11.00,1133.00,5011.00,1102.00,0.00,813266.80
1.58,128.00,0.00,0.00,11.00,1115.00,5031.00,1111.00,0.00,818032.10
1.59,118.00,0.00,0.00,11.00,1095.00,5053.00,1119.00,0.00,822712.96
1.60,106.00,0.00,0.00,11.00,1074.00,5080.00,1125.00,0.00,827391.86
1.60,96.00,0.00,0.00,11.00,1051.00,5106.00,1132.00,0.00,832053.94
1.61,86.00,0.00,0.00,11.00,1028.00,5128.00,1143.00,0.00,836640.57
1.62,76.00,0.00,0.00,11.00,1012.00,5151.00,1146.00,0.00,841173.35
1.62,71.00,0.00,0.00,11.00,990.00,5174.00,1150.00,0.00,845656.97
1.63,66.00,0.00,0.00,11.00,956.00,5204.00,1159.00,0.00,850200.86
1.64,59.00,0.00,0.00,11.00,937.00,5218.00,1171.00,0.00,854559.41
1.65,49.00,0.00,0.00,11.00,920.00,5238.00,1178.00,0.00,858838.90
1.65,48.00,0.00,0.00,11.00,890.00,5258.00,1189.00,0.00,863046.22
1.66,46.00,0.00,0.00,11.00,863.00,5277.00,1199.00,0.00,867172.61
1.67,45.00,0.00,0.00,11.00,841.00,5292.00,1207.00,0.00,871165.04
1.67,45.00,0.00,0.00,11.00,820.00,5306.00,1214.00,0.00,875020.15
1.68,38.00,0.00,0.00,11.00,807.00,5315.00,1225.00,0.00,878674.78
1.69,36.00,0.00,0.00,11.00,779.00,5335.00,1235.00,0.00,882311.65
1.69,34.00,0.00,0.00,11.00,755.00,5353.00,1243.00,0.00,885902.24
1.70,31.00,0.00,0.00,11.00,735.00,5371.00,1248.00,0.00,889450.60
1.71,30.00,0.00,0.00,11.00,720.00,5378.00,1257.00,0.00,892795.14
1.72,25.00,0.00,0.00,11.00,695.00,5399.00,1266.00,0.00,896163.94
1.72,23.00,0.00,0.00,11.00,677.00,5417.00,1268.00,0.00,899509.81
1.73,22.00,0.00,0.00,11.00,664.00,5419.00,1280.00,0.00,902594.38
1.74,21.00,0.00,0.00,11.00,651.00,5421.00,1292.00,0.00,905440.41
1.74,19.00,0.00,0.00,11.00,633.00,5433.00,1300.00,0.00,908218.90
1.75,16.00,0.00,0.00,11.00,617.00,5444.00,1308.00,0.00,910920.70
1.76,12.00,0.00,0.00,11.00,604.00,5449.00,1320.00,0.00,913462.35
1.76,11.00,0.00,0.00,11.00,585.00,5461.00,1328.00,0.00,915962.96
1.77,11.00,0.00,0.00,11.00,563.00,5474.00,1337.00,0.00,918441.13
1.78,10.00,0.00,0.00,11.00,546.00,5487.00,1342.00,0.00,920898.81
1.78,8.00,0.00,0.00,11.00,528.00,5492.00,1357.00,0.00,923217.61
1.79,7.00,0.00,0.00,11.00,517.00,5494.00,1367.00,0.00,925364.53
1.80,5.00,0.00,0.00,11.00,504.00,5505.00,1371.00,0.00,927489.77
1.81,3.00,0.00,0.00,11.00,491.00,5512.00,1379.00,0.00,929535.11
1.81,3.00,0.00,0.00,11.00,483.00,5515.00,1384.00,0.00,931447.42
1.82,2.00,0.00,0.00,11.00,471.00,5521.00,1391.00,0.00,933283.35
1.83,0.00,0.00,0.00,11.00,462.00,5527.00,1396.00,0.00,935049.56
1.83,0.00,0.00,0.00,11.00,449.00,5526.00,1410.00,0.00,936646.95
1.84,0.00,0.00,0.00,11.00,435.00,5531.00,1419.00,0.00,938180.36
1.85,0.00,0.00,0.00,11.00,419.00,5536.00,1430.00,0.00,939655.36
1.85,0.00,0.00,0.00,11.00,405.00,5543.00,1437.00,0.00,941107.08
1.86,0.00,0.00,0.00,11.00,392.00,5548.00,1445.00,0.00,942507.52
1.87,0.00,0.00,0.00,11.00,382.00,5556.00,1447.00,0.00,943906.19
1.88,0.00,0.00,0.00,11.00,371.00,5554.00,1460.00,0.00,945153.02
1.88,0.00,0.00,0.00,11.00,358.00,5559.00,1468.00,0.00,946366.41
1.89,0.00,0.00,0.00,11.00,347.00,5564.00,1474.00,0.00,947549.25
1.90,0.00,0.00,0.00,11.00,337.00,5567.00,1481.00,0.00,948674.16
1.90,0.00,0.00,0.00,11.00,331.00,5564.00,1490.00,0.00,949656.05
1.91,0.00,0.00,0.00,11.00,318.00,5569.00,1498.00,0.00,950627.56
1.92,0.00,0.00,0.00,11.00,308.00,5575.00,1502.00,0.00,951604.61
1.92,0.00,0.00,0.00,11.00,298.00,5575.00,1512.00,0.00,952496.58
1.93,0.00,0.00,0.00,11.00,288.00,5576.00,1521.00,0.00,953325.91
1.94,0.00,0.00,0.00,11.00,272.00,5584.00,1529.00,0.00,954203.21
1.94,0.00,0.00,0.00,11.00,262.00,5583.00,1540.00,0.00,954989.09
1.95,0.00,0.00,0.00,11.00,254.00,5581.00,1550.00,0.00,955676.50
1.96,0.00,0.00,0.00,11.00,248.00,5580.00,1557.00,0.00,956289.02
1.97,0.00,0.00,0.00,11.00,244.00,5576.00,1565.00,0.00,956788.12
1.97,0.00,0.00,0.00,11.00,232.00,5581.00,1572.00,0.00,957318.87
1.98,0.00,0.00,0.00,11.00,224.00,5576.00,1585.00,0.00,957728.29
1.99,0.00,0.00,0.00,11.00,217.00,5570.00,1598.00,0.00,958011.92
1.99,0.00,0.00,0.00,11.00,208.00,5569.00,1608.00,0.00,958255.83
2.00,0.00,0.00,0.00,11.00,206.00,5563.00,1616.00,0.00,958388.37
2.01,0.00,0.00,0.00,11.00,201.00,5562.00,1622.00,0.00,958494.34
2.01,0.00,0.00,0.00,11.00,192.00,5561.00,1632.00,0.00,958576.06
2.02,0.00,0.00,0.00,11.00,188.00,5558.00,1639.00,0.00,958605.59
2.03,0.00,0.00,0.00,11.00,182.00,5558.00,1645.00,0.00,958632.55
2.03,0.00,0.00,0.00,11.00,178.00,5555.00,1652.00,0.00,958612.10
2.04,0.00,0.00,0.00,11.00,172.00,5551.00,1662.00,0.00,958533.33
2.05,0.00,0.00,0.00,11.00,170.00,5547.00,1668.00,0.00,958401.33
2.06,0.00,0.00,0.00,11.00,167.00,5539.00,1679.00,0.00,958160.64
2.06,0.00,0.00,0.00,11.00,161.00,5537.00,1687.00,0.00,957910.86
2.07,0.00,0.00,0.00,11.00,154.00,5536.00,1695.00,0.00,957667.81
2.08,0.00,0.00,0.00,11.00,151.00,5527.00,1707.00,0.00,957310.71
2.08,0.00,0.00,0.00,11.00,146.00,5522.00,1717.00,0.00,956909.59
2.09,0.00,0.00,0.00,11.00,146.00,5517.00,1722.00,0.00,956468.28
2.10,0.00,0.00,0.00,11.00,144.00,5515.00,1726.00,0.00,956035.36
2.10,0.00,0.00,0.00,11.00,139.00,5507.00,1739.00,0.00,955519.95
2.11,0.00,0.00,0.00,11.00,136.00,5499.00,1750.00,0.00,954929.23
2.12,0.00,0.00,0.00,11.00,127.00,5502.00,1756.00,0.00,954435.02
2.12,0.00,0.00,0.00,11.00,123.00,5493.00,1769.00,0.00,953848.63
2.13,0.00,0.00,0.00,11.00,119.00,5487.00,1779.00,0.00,953223.17
2.14,0.00,0.00,0.00,11.00,118.00,5481.00,1786.00,0.00,952562.03
2.15,0.00,0.00,0.00,11.00,115.00,5469.00,1801.00,0.00,951778.18
2.15,0.00,0.00,0.00,11.00,110.00,5468.00,1807.00,0.00,951047.57
2.16,0.00,0.00,0.00,11.00,108.00,5453.00,1824.00,0.00,950155.22
2.17,0.00,0.00,0.00,11.00,104.00,5451.00,1830.00,0.00,949310.53
2.17,0.00,0.00,0.00,11.00,99.00,5451.00,1835.00,0.00,948539.40
2.18,0.00,0.00,0.00,11.00,98.00,5444.00,1843.00,0.00,947730.25
2.19,0.00,0.00,0.00,11.00,94.00,5436.00,1855.00,0.00,946871.37
2.19,0.00,0.00,0.00,11.00,92.00,5431.00,1862.00,0.00,946012.16
2.20,0.00,0.00,0.00,11.00,89.00,5430.00,1866.00,0.00,945212.75
2.21,0.00,0.00,0.00,11.00,87.00,5426.00,1872.00,0.00,944422.85
2.22,0.00,0.00,0.00,11.00,86.00,5423.00,1876.00,0.00,943656.67
2.22,0.00,0.00,0.00,11.00,86.00,5419.00,1880.00,0.00,942897.11
2.23,0.00,0.00,0.00,11.00,85.00,5415.00,1885.00,0.00,942143.59
2.24,0.00,0.00,0.00,11.00,82.00,5409.00,1894.00,0.00,941365.55
2.24,0.00,0.00,0.00,11.00,80.00,5407.00,1898.00,0.00,940625.22
2.25,0.00,0.00,0.00,11.00,79.00,5398.00,1908.00,0.00,939814.14
2.26,0.00,0.00,0.00,11.00,78.00,5386.00,1921.00,0.00,938893.41
2.26,0.00,0.00,0.00,11.00,75.00,5386.00,1924.00,0.00,938052.85
2.27,0.00,0.00,0.00,11.00,75.00,5375.00,1935.00,0.00,937120.23
2.28,0.00,0.00,0.00,11.00,73.00,5370.00,1942.00,0.00,936193.70
2.28,0.00,0.00,0.00,11.00,71.00,5362.00,1952.00,0.00,935227.67
2.29,0.00,0.00,0.00,11.00,68.00,5356.00,1961.00,0.00,934255.61
2.30,0.00,0.00,0.00,11.00,66.00,5346.00,1973.00,0.00,933217.97
2.31,0.00,0.00,0.00,11.00,60.00,5335.00,1990.00,0.00,932105.43
2.31,0.00,0.00,0.00,11.00,60.00,5326.00,1999.00,0.00,930954.55
2.32,0.00,0.00,0.00,11.00,60.00,5322.00,2003.00,0.00,929843.80
2.33,0.00,0.00,0.00,11.00,58.00,5313.00,2014.00,0.00,928694.55
2.33,0.00,0.00,0.00,11.00,56.00,5309.00,2020.00,0.00,927585.29
2.34,0.00,0.00,0.00,11.00,55.00,5302.00,2028.00,0.00,926467.45
2.35,0.00,0.00,0.00,11.00,53.00,5299.00,2033.00,0.00,925401.89
2.35,0.00,0.00,0.00,11.00,52.00,5296.00,2037.00,0.00,924384.04
2.36,0.00,0.00,0.00,11.00,50.00,5293.00,2042.00,0.00,923409.75
2.37,0.00,0.00,0.00,11.00,49.00,5288.00,2048.00,0.00,922445.18
2.38,0.00,0.00,0.00,11.00,49.00,5278.00,2058.00,0.00,921414.37
2.38,0.00,0.00,0.00,11.00,48.00,5273.00,2064.00,0.00,920398.20
2.39,0.00,0.00,0.00,11.00,46.00,5266.00,2073.00,0.00,919365.36
2.40,0.00,0.00,0.00,11.00,43.00,5262.00,2080.00,0.00,918362.35
2.40,0.00,0.00,0.00,11.00,43.00,5253.00,2089.00,0.00,917311.48
2.41,0.00,0.00,0.00,11.00,40.00,5249.00,2096.00,0.00,916292.02
2.42,0.00,0.00,0.00,11.00,39.00,5244.00,2102.00,0.00,915286.22
2.42,0.00,0.00,0.00,11.00,39.00,5235.00,2111.00,0.00,914232.79
2.43,0.00,0.00,0.00,11.00,38.00,5223.00,2124.00,0.00,913090.81
2.44,0.00,0.00,0.00,11.00,38.00,5215.00,2132.00,0.00,911928.08
2.44,0.00,0.00,0.00,11.00,38.00,5207.00,2140.00,0.00,910746.42
2.45,0.00,0.00,0.00,11.00,37.00,5200.00,2148.00,0.00,909562.48
2.46,0.00,0.00,0.00,11.00,36.00,5194.00,2155.00,0.00,908391.50
2.47,0.00,0.00,0.00,11.00,35.00,5188.00,2162.00,0.00,907232.35
2.47,0.00,0.00,0.00,11.00,34.00,5183.00,2168.00,0.00,906099.02
2.48,0.00,0.00,0.00,11.00,33.00,5175.00,2177.00,0.00,904944.18
2.49,0.00,0.00,0.00,11.00,33.00,5165.00,2187.00,0.00,903739.68
2.49,0.00,0.00,0.00,11.00,33.00,5158.00,2194.00,0.00,902534.89
2.50,0.00,0.00,0.00,11.00,33.00,5151.00,2201.00,0.00,901329.85
2.51,0.00,0.00,0.00,11.00,29.00,5152.00,2204.00,0.00,900244.77
2.51,0.00,0.00,0.00,11.00,27.00,5146.00,2212.00,0.00,899164.03
2.52,0.00,0.00,0.00,11.00,26.00,5138.00,2221.00,0.00,898057.21
2.53,0.00,0.00,0.00,11.00,25.00,5133.00,2227.00,0.00,896971.65
2.53,0.00,0.00,0.00,11.00,25.00,5123.00,2237.00,0.00,895830.39
2.54,0.00,0.00,0.00,11.00,25.00,5113.00,2247.00,0.00,894638.28
2.55,0.00,0.00,0.00,11.00,25.00,5108.00,2252.00,0.00,893474.85
2.56,0.00,0.00,0.00,11.00,22.00,5102.00,2261.00,0.00,892322.59
2.56,0.00,0.00,0.00,11.00,21.00,5100.00,2264.00,0.00,891240.62
2.57,0.00,0.00,0.00,11.00,21.00,5094.00,2270.00,0.00,890162.72
2.58,0.00,0.00,0.00,11.00,20.00,5089.00,2276.00,0.00,889103.57
2.58,0.00,0.00,0.00,11.00,20.00,5077.00,2288.00,0.00,887956.36
2.59,0.00,0.00,0.00,11.00,20.00,5067.00,2298.00,0.00,886758.82
2.60,0.00,0.00,0.00,11.00,20.00,5057.00,2308.00,0.00,885515.33
2.60,0.00,0.00,0.00,11.00,20.00,5049.00,2316.00,0.00,884259.92
2.61,0.00,0.00,0.00,11.00,20.00,5041.00,2324.00,0.00,882993.65
2.62,0.00,0.00,0.00,11.00,20.00,5035.00,2330.00,0.00,881747.50
2.62,0.00,0.00,0.00,11.00,19.00,5025.00,2341.00,0.00,880459.63
2.63,0.00,0.00,0.00,11.00,19.00,5018.00,2348.00,0.00,879178.74
2.64,0.00,0.00,0.00,11.00,19.00,5003.00,2363.00,0.00,877784.04
2.65,0.00,0.00,0.00,11.00,19.00,4998.00,2368.00,0.00,876435.67
2.65,0.00,0.00,0.00,11.00,18.00,4988.00,2379.00,0.00,875054.48
2.66,0.00,0.00,0.00,11.00,17.00,4984.00,2384.00,0.00,873733.46
2.67,0.00,0.00,0.00,11.00,16.00,4977.00,2392.00,0.00,872422.31
2.67,0.00,0.00,0.00,11.00,16.00,4963.00,2406.00,0.00,871015.01
2.68,0.00,0.00,0.00,11.00,15.00,4955.00,2415.00,0.00,869610.06
2.69,0.00,0.00,0.00,11.00,15.00,4945.00,2425.00,0.00,868177.22
2.69,0.00,0.00,0.00,11.00,14.00,4940.00,2431.00,0.00,866794.03
2.70,0.00,0.00,0.00,11.00,14.00,4932.00,2439.00,0.00,865411.10
2.71,0.00,0.00,0.00,11.00,13.00,4919.00,2453.00,0.00,863953.29
2.72,0.00,0.00,0.00,11.00,13.00,4916.00,2456.00,0.00,862577.34
2.72,0.00,0.00,0.00,11.00,13.00,4915.00,2457.00,0.00,861306.19
2.73,0.00,0.00,0.00,11.00,13.00,4906.00,2466.00,0.00,860010.52
2.74,0.00,0.00,0.00,11.00,13.00,4893.00,2479.00,0.00,858632.36
2.74,0.00,0.00,0.00,11.00,13.00,4885.00,2487.00,0.00,857254.03
2.75,0.00,0.00,0.00,11.00,13.00,4882.00,2490.00,0.00,855950.65
2.76,0.00,0.00,0.00,11.00,13.00,4876.00,2496.00,0.00,854670.62
2.76,0.00,0.00,0.00,11.00,12.00,4871.00,2502.00,0.00,853426.93
2.77,0.00,0.00,0.00,11.00,12.00,4867.00,2506.00,0.00,852231.45
2.78,0.00,0.00,0.00,11.00,12.00,4865.00,2508.00,0.00,851110.02
2.78,0.00,0.00,0.00,11.00,12.00,4857.00,2516.00,0.00,849966.05
2.79,0.00,0.00,0.00,11.00,12.00,4850.00,2523.00,0.00,848816.54
2.80,0.00,0.00,0.00,11.00,12.00,4844.00,2529.00,0.00,847676.98
2.81,0.00,0.00,0.00,11.00,12.00,4835.00,2538.00,0.00,846501.44
2.81,0.00,0.00,0.00,11.00,12.00,4833.00,2540.00,0.00,845398.22
2.82,0.00,0.00,0.00,11.00,12.00,4828.00,2545.00,0.00,844315.94
2.83,0.00,0.00,0.00,11.00,12.00,4819.00,2554.00,0.00,843192.70
2.83,0.00,0.00,0.00,11.00,12.00,4812.00,2561.00,0.00,842062.10
2.84,0.00,0.00,0.00,11.00,11.00,4810.00,2564.00,0.00,840999.90
2.85,0.00,0.00,0.00,11.00,11.00,4803.00,2571.00,0.00,839925.04
2.85,0.00,0.00,0.00,11.00,10.00,4798.00,2577.00,0.00,838868.65
2.86,0.00,0.00,0.00,11.00,10.00,4790.00,2585.00,0.00,837784.07
2.87,0.00,0.00,0.00,11.00,9.00,4784.00,2592.00,0.00,836703.78
2.88,0.00,0.00,0.00,11.00,8.00,4776.00,2601.00,0.00,835597.38
2.88,0.00,0.00,0.00,11.00,7.00,4766.00,2612.00,0.00,834437.09
2.89,0.00,0.00,0.00,11.00,7.00,4763.00,2615.00,0.00,833332.76
2.90,0.00,0.00,0.00,11.00,7.00,4755.00,2623.00,0.00,832204.41
2.90,0.00,0.00,0.00,11.00,7.00,4745.00,2633.00,0.00,831024.08
2.91,0.00,0.00,0.00,11.00,7.00,4739.00,2639.00,0.00,829856.39
2.92,0.00,0.00,0.00,11.00,7.00,4728.00,2650.00,0.00,828625.12
2.92,0.00,0.00,0.00,11.00,6.00,4726.00,2653.00,0.00,827471.02
2.93,0.00,0.00,0.00,11.00,6.00,4719.00,2660.00,0.00,826312.25
2.94,0.00,0.00,0.00,11.00,6.00,4714.00,2665.00,0.00,825179.27
2.94,0.00,0.00,0.00,11.00,6.00,4711.00,2668.00,0.00,824099.87
2.95,0.00,0.00,0.00,11.00,6.00,4704.00,2675.00,0.00,823009.31
2.96,0.00,0.00,0.00,11.00,6.00,4697.00,2682.00,0.00,821908.54
2.97,0.00,0.00,0.00,11.00,6.00,4692.00,2687.00,0.00,820828.50
2.97,0.00,0.00,0.00,11.00,6.00,4685.00,2694.00,0.00,819737.35
2.98,0.00,0.00,0.00,11.00,6.00,4679.00,2700.00,0.00,818651.08
2.99,0.00,0.00,0.00,11.00,6.00,4673.00,2706.00,0.00,817569.25
2.99,0.00,0.00,0.00,11.00,6.00,4663.00,2716.00,0.00,816431.40
3.00,0.00,0.00,0.00,11.00,6.00,4653.00,2726.00,0.00,815242.39
3.01,0.00,0.00,0.00,11.00,6.00,4644.00,2735.00,0.00,814021.71
3.01,0.00,0.00,0.00,11.00,6.00,4632.00,2747.00,0.00,812727.04
3.02,0.00,0.00,0.00,11.00,5.00,4626.00,2754.00,0.00,811454.97
3.03,0.00,0.00,0.00,11.00,5.00,4615.00,2765.00,0.00,810128.41
3.03,0.00,0.00,0.00,11.00,5.00,4607.00,2773.00,0.00,808797.18
3.04,0.00,0.00,0.00,11.00,4.00,4599.00,2782.00,0.00,807461.68
3.05,0.00,0.00,0.00,11.00,4.00,4592.00,2789.00,0.00,806137.31
3.06,0.00,0.00,0.00,11.00,4.00,4583.00,2798.00,0.00,804793.05
3.06,0.00,0.00,0.00,11.00,4.00,4575.00,2806.00,0.00,803445.66
3.07,0.00,0.00,0.00,11.00,4.00,4571.00,2810.00,0.00,802155.50
3.08,0.00,0.00,0.00,11.00,4.00,4565.00,2816.00,0.00,800887.55
3.08,0.00,0.00,0.00,11.00,4.00,4554.00,2827.00,0.00,799564.75
3.09,0.00,0.00,0.00,11.00,4.00,4542.00,2839.00,0.00,798176.85
3.10,0.00,0.00,0.00,11.00,4.00,4537.00,2844.00,0.00,796834.69
3.10,0.00,0.00,0.00,11.00,4.00,4528.00,2853.00,0.00,795474.20
3.11,0.00,0.00,0.00,11.00,4.00,4514.00,2867.00,0.00,794021.84
3.12,0.00,0.00,0.00,11.00,4.00,4508.00,2873.00,0.00,792605.82
3.12,0.00,0.00,0.00,11.00,4.00,4504.00,2877.00,0.00,791253.00
3.13,0.00,0.00,0.00,11.00,4.00,4498.00,2883.00,0.00,789927.84
3.14,0.00,0.00,0.00,11.00,4.00,4485.00,2896.00,0.00,788522.77
3.15,0.00,0.00,0.00,11.00,4.00,4479.00,2902.00,0.00,787149.91
3.15,0.00,0.00,0.00,11.00,4.00,4471.00,2910.00,0.00,785776.41
3.16,0.00,0.00,0.00,11.00,4.00,4467.00,2914.00,0.00,784462.42
3.17,0.00,0.00,0.00,11.00,4.00,4455.00,2926.00,0.00,783082.56
3.17,0.00,0.00,0.00,11.00,4.00,4452.00,2929.00,0.00,781777.79
3.18,0.00,0.00,0.00,11.00,4.00,4443.00,2938.00,0.00,780451.42
3.19,0.00,0.00,0.00,11.00,4.00,4430.00,2951.00,0.00,779045.25
3.19,0.00,0.00,0.00,11.00,4.00,4420.00,2961.00,0.00,777611.29
3.20,0.00,0.00,0.00,11.00,3.00,4414.00,2968.00,0.00,776212.05
3.21,0.00,0.00,0.00,11.00,3.00,4405.00,2977.00,0.00,774799.45
3.22,0.00,0.00,0.00,11.00,3.00,4399.00,2983.00,0.00,773419.71
3.22,0.00,0.00,0.00,11.00,3.00,4392.00,2990.00,0.00,772054.96
3.23,0.00,0.00,0.00,11.00,3.00,4380.00,3002.00,0.00,770628.76
3.24,0.00,0.00,0.00,11.00,3.00,4371.00,3011.00,0.00,769191.54
3.24,0.00,0.00,0.00,11.00,3.00,4361.00,3021.00,0.00,767729.24
3.25,0.00,0.00,0.00,11.00,3.00,4356.00,3026.00,0.00,766319.15
3.26,0.00,0.00,0.00,11.00,3.00,4352.00,3030.00,0.00,764971.76
3.26,0.00,0.00,0.00,11.00,3.00,4340.00,3042.00,0.00,763561.41
3.27,0.00,0.00,0.00,11.00,3.00,4334.00,3048.00,0.00,762183.73
3.28,0.00,0.00,0.00,11.00,3.00,4326.00,3056.00,0.00,760805.83
3.28,0.00,0.00,0.00,11.00,3.00,4322.00,3060.00,0.00,759487.82
3.29,0.00,0.00,0.00,11.00,3.00,4316.00,3066.00,0.00,758194.44
3.30,0.00,0.00,0.00,11.00,3.00,4309.00,3073.00,0.00,756908.52
3.31,0.00,0.00,0.00,11.00,3.00,4301.00,3081.00,0.00,755614.39
3.31,0.00,0.00,0.00,11.00,3.00,4296.00,3086.00,0.00,754357.82
3.32,0.00,0.00,0.00,11.00,3.00,4290.00,3092.00,0.00,753120.54
3.33,0.00,0.00,0.00,11.00,3.00,4284.00,3098.00,0.00,751900.86
3.33,0.00,0.00,0.00,11.00,3.00,4279.00,3103.00,0.00,750712.26
3.34,0.00,0.00,0.00,11.00,3.00,4267.00,3115.00,0.00,749446.89
3.35,0.00,0.00,0.00,11.00,3.00,4257.00,3125.00,0.00,748141.47
3.35,0.00,0.00,0.00,11.00,3.00,4251.00,3131.00,0.00,746859.58
3.36,0.00,0.00,0.00,11.00,2.00,4249.00,3134.00,0.00,745659.26
3.37,0.00,0.00,0.00,11.00,2.00,4244.00,3139.00,0.00,744488.35
3.38,0.00,0.00,0.00,11.00,2.00,4238.00,3145.00,0.00,743329.26
3.38,0.00,0.00,0.00,11.00,2.00,4233.00,3150.00,0.00,742195.98
3.39,0.00,0.00,0.00,11.00,2.00,4222.00,3161.00,0.00,740996.13
3.40,0.00,0.00,0.00,11.00,2.00,4214.00,3169.00,0.00,739780.58
3.40,0.00,0.00,0.00,11.00,2.00,4205.00,3178.00,0.00,738535.66
3.41,0.00,0.00,0.00,11.00,1.00,4193.00,3191.00,0.00,737218.86
3.42,0.00,0.00,0.00,11.00,1.00,4183.00,3201.00,0.00,735866.50
3.42,0.00,0.00,0.00,11.00,1.00,4172.00,3212.00,0.00,734466.64
3.43,0.00,0.00,0.00,11.00,1.00,4161.00,3223.00,0.00,733023.41
3.44,0.00,0.00,0.00,11.00,1.00,4154.00,3230.00,0.00,731600.70
3.44,0.00,0.00,0.00,11.00,1.00,4153.00,3231.00,0.00,730286.85
3.45,0.00,0.00,0.00,11.00,1.00,4146.00,3238.00,0.00,728982.24
3.46,0.00,0.00,0.00,11.00,0.00,4143.00,3242.00,0.00,727746.17
3.47,0.00,0.00,0.00,11.00,0.00,4135.00,3250.00,0.00,726497.54
3.47,0.00,0.00,0.00,11.00,0.00,4124.00,3261.00,0.00,725192.38
3.48,0.00,0.00,0.00,11.00,0.00,4120.00,3265.00,0.00,723940.77
3.49,0.00,0.00,0.00,11.00,0.00,4109.00,3276.00,0.00,722632.90
3.49,0.00,0.00,0.00,11.00,0.00,4104.00,3281.00,0.00,721363.80
3.50,0.00,0.00,0.00,11.00,0.00,4093.00,3292.00,0.00,720039.95
3.51,0.00,0.00,0.00,11.00,0.00,4081.00,3304.00,0.00,718651.10
3.51,0.00,0.00,0.00,11.00,0.00,4073.00,3312.00,0.00,717263.00
3.52,0.00,0.00,0.00,11.00,0.00,4067.00,3318.00,0.00,715905.63
3.53,0.00,0.00,0.00,11.00,0.00,4055.00,3330.00,0.00,714486.17
3.53,0.00,0.00,0.00,11.00,0.00,4043.00,3342.00,0.00,713010.04
3.54,0.00,0.00,0.00,11.00,0.00,4036.00,3349.00,0.00,711557.29
3.55,0.00,0.00,0.00,11.00,0.00,4029.00,3356.00,0.00,710125.87
3.56,0.00,0.00,0.00,11.00,0.00,4026.00,3359.00,0.00,708774.02
3.56,0.00,0.00,0.00,11.00,0.00,4016.00,3369.00,0.00,707389.66
3.57,0.00,0.00,0.00,11.00,0.00,4006.00,3379.00,0.00,705975.61
3.58,0.00,0.00,0.00,11.00,0.00,3996.00,3389.00,0.00,704534.46
3.58,0.00,0.00,0.00,11.00,0.00,3988.00,3397.00,0.00,703098.61
3.59,0.00,0.00,0.00,11.00,0.00,3981.00,3404.00,0.00,701682.63
3.60,0.00,0.00,0.00,11.00,0.00,3975.00,3410.00,0.00,700299.81
3.60,0.00,0.00,0.00,11.00,0.00,3961.00,3424.00,0.00,698827.08
3.61,0.00,0.00,0.00,11.00,0.00,3950.00,3435.00,0.00,697317.33
3.62,0.00,0.00,0.00,11.00,0.00,3943.00,3442.00,0.00,695833.88
3.62,0.00,0.00,0.00,11.00,0.00,3938.00,3447.00,0.00,694404.49
3.63,0.00,0.00,0.00,11.00,0.00,3935.00,3450.00,0.00,693054.50
3.64,0.00,0.00,0.00,11.00,0.00,3922.00,3463.00,0.00,691626.75
3.65,0.00,0.00,0.00,11.00,0.00,3911.00,3474.00,0.00,690158.08
3.65,0.00,0.00,0.00,11.00,0.00,3899.00,3486.00,0.00,688637.01
3.66,0.00,0.00,0.00,11.00,0.00,3892.00,3493.00,0.00,687143.23
3.67,0.00,0.00,0.00,11.00,0.00,3881.00,3504.00,0.00,685614.27
3.67,0.00,0.00,0.00,11.00,0.00,3876.00,3509.00,0.00,684143.33
3.68,0.00,0.00,0.00,11.00,0.00,3870.00,3515.00,0.00,682710.34
3.69,0.00,0.00,0.00,11.00,0.00,3861.00,3524.00,0.00,681266.91
3.69,0.00,0.00,0.00,11.00,0.00,3851.00,3534.00,0.00,679798.94
3.70,0.00,0.00,0.00,11.00,0.00,3847.00,3538.00,0.00,678398.71
3.71,0.00,0.00,0.00,11.00,0.00,3843.00,3542.00,0.00,677060.31
3.72,0.00,0.00,0.00,11.00,0.00,3837.00,3548.00,0.00,675748.31
3.72,0.00,0.00,0.00,11.00,0.00,3833.00,3552.00,0.00,674490.46
3.73,0.00,0.00,0.00,11.00,0.00,3827.00,3558.00,0.00,673252.01
3.74,0.00,0.00,0.00,11.00,0.00,3822.00,3563.00,0.00,672046.27
3.74,0.00,0.00,0.00,11.00,0.00,3811.00,3574.00,0.00,670780.28
3.75,0.00,0.00,0.00,11.00,0.00,3800.00,3585.00,0.00,669459.26
3.76,0.00,0.00,0.00,11.00,0.00,3796.00,3589.00,0.00,668193.19
3.76,0.00,0.00,0.00,11.00,0.00,3790.00,3595.00,0.00,666947.22
3.77,0.00,0.00,0.00,11.00,0.00,3783.00,3602.00,0.00,665704.58
3.78,0.00,0.00,0.00,11.00,0.00,3778.00,3607.00,0.00,664495.03
3.78,0.00,0.00,0.00,11.00,0.00,3770.00,3615.00,0.00,663270.62
3.79,0.00,0.00,0.00,11.00,0.00,3762.00,3623.00,0.00,662032.64
3.80,0.00,0.00,0.00,11.00,0.00,3755.00,3630.00,0.00,660797.29
3.81,0.00,0.00,0.00,11.00,0.00,3747.00,3638.00,0.00,659549.33
3.81,0.00,0.00,0.00,11.00,0.00,3739.00,3646.00,0.00,658289.85
3.82,0.00,0.00,0.00,11.00,0.00,3731.00,3654.00,0.00,657019.86
3.83,0.00,0.00,0.00,11.00,0.00,3725.00,3660.00,0.00,655770.32
3.83,0.00,0.00,0.00,11.00,0.00,3716.00,3669.00,0.00,654494.37
3.84,0.00,0.00,0.00,11.00,0.00,3710.00,3675.00,0.00,653239.39
3.85,0.00,0.00,0.00,11.00,0.00,3702.00,3683.00,0.00,651973.50
3.85,0.00,0.00,0.00,11.00,0.00,3695.00,3690.00,0.00,650712.68
3.86,0.00,0.00,0.00,11.00,0.00,3687.00,3698.00,0.00,649441.46
3.87,0.00,0.00,0.00,11.00,0.00,3682.00,3703.00,0.00,648205.82
3.88,0.00,0.00,0.00,11.00,0.00,3673.00,3712.00,0.00,646942.56
3.88,0.00,0.00,0.00,11.00,0.00,3659.00,3726.00,0.00,645578.98
3.89,0.00,0.00,0.00,11.00,0.00,3651.00,3734.00,0.00,644213.95
3.90,0.00,0.00,0.00,11.00,0.00,3647.00,3738.00,0.00,642907.69
3.90,0.00,0.00,0.00,11.00,0.00,3641.00,3744.00,0.00,641625.04
3.91,0.00,0.00,0.00,11.00,0.00,3638.00,3747.00,0.00,640409.00
3.92,0.00,0.00,0.00,11.00,0.00,3634.00,3751.00,0.00,639238.76
3.92,0.00,0.00,0.00,11.00,0.00,3626.00,3759.00,0.00,638050.23
3.93,0.00,0.00,0.00,11.00,0.00,3620.00,3765.00,0.00,636875.06
3.94,0.00,0.00,0.00,11.00,0.00,3614.00,3771.00,0.00,635712.08
3.94,0.00,0.00,0.00,11.00,0.00,3604.00,3781.00,0.00,634500.13
3.95,0.00,0.00,0.00,11.00,0.00,3595.00,3790.00,0.00,633258.51
3.96,0.00,0.00,0.00,11.00,0.00,3590.00,3795.00,0.00,632049.89
3.97,0.00,0.00,0.00,11.00,0.00,3583.00,3802.00,0.00,630841.35
3.97,0.00,0.00,0.00,11.00,0.00,3573.00,3812.00,0.00,629587.81
3.98,0.00,0.00,0.00,11.00,0.00,3567.00,3818.00,0.00,628353.28
3.99,0.00,0.00,0.00,11.00,0.00,3558.00,3827.00,0.00,627091.05
3.99,0.00,0.00,0.00,11.00,0.00,3545.00,3840.00,0.00,625743.42
4.00,0.00,0.00,0.00,11.00,0.00,3537.00,3848.00,0.00,624392.96
4.01,0.00,0.00,0.00,11.00,0.00,3524.00,3861.00,0.00,622964.79
4.01,0.00,0.00,0.00,11.00,0.00,3514.00,3871.00,0.00,621510.74
4.02,0.00,0.00,0.00,11.00,0.00,3503.00,3882.00,0.00,620018.06
4.03,0.00,0.00,0.00,11.00,0.00,3493.00,3892.00,0.00,618505.12
4.03,0.00,0.00,0.00,11.00,0.00,3489.00,3896.00,0.00,617063.83
4.04,0.00,0.00,0.00,11.00,0.00,3481.00,3904.00,0.00,615627.85
4.05,0.00,0.00,0.00,11.00,0.00,3476.00,3909.00,0.00,614241.80
4.06,0.00,0.00,0.00,11.00,0.00,3471.00,3914.00,0.00,612901.33
4.06,0.00,0.00,0.00,11.00,0.00,3463.00,3922.00,0.00,611557.39
4.07,0.00,0.00,0.00,11.00,0.00,3459.00,3926.00,0.00,610270.39
4.08,0.00,0.00,0.00,11.00,0.00,3453.00,3932.00,0.00,609005.31
4.08,0.00,0.00,0.00,11.00,0.00,3446.00,3939.00,0.00,607745.23
4.09,0.00,0.00,0.00,11.00,0.00,3437.00,3948.00,0.00,606459.67
4.10,0.00,0.00,0.00,11.00,0.00,3430.00,3955.00,0.00,605180.88
4.10,0.00,0.00,0.00,11.00,0.00,3422.00,3963.00,0.00,603893.26
4.11,0.00,0.00,0.00,11.00,0.00,3415.00,3970.00,0.00,602612.60
4.12,0.00,0.00,0.00,11.00,0.00,3409.00,3976.00,0.00,601353.32
4.12,0.00,0.00,0.00,11.00,0.00,3402.00,3983.00,0.00,600098.53
4.13,0.00,0.00,0.00,11.00,0.00,3398.00,3987.00,0.00,598892.90
4.14,0.00,0.00,0.00,11.00,0.00,3392.00,3993.00,0.00,597702.12
4.15,0.00,0.00,0.00,11.00,0.00,3388.00,3997.00,0.00,596554.94
4.15,0.00,0.00,0.00,11.00,0.00,3381.00,4004.00,0.00,595402.48
4.16,0.00,0.00,0.00,11.00,0.00,3377.00,4008.00,0.00,594290.29
4.17,0.00,0.00,0.00,11.00,0.00,3365.00,4020.00,0.00,593094.66
4.17,0.00,0.00,0.00,11.00,0.00,3357.00,4028.00,0.00,591882.96
4.18,0.00,0.00,0.00,11.00,0.00,3344.00,4041.00,0.00,590581.47
4.19,0.00,0.00,0.00,11.00,0.00,3337.00,4048.00,0.00,589288.14
4.19,0.00,0.00,0.00,11.00,0.00,3333.00,4052.00,0.00,588047.34
4.20,0.00,0.00,0.00,11.00,0.00,3326.00,4059.00,0.00,586809.42
4.21,0.00,0.00,0.00,11.00,0.00,3313.00,4072.00,0.00,585484.00
4.22,0.00,0.00,0.00,11.00,0.00,3303.00,4082.00,0.00,584123.76
4.22,0.00,0.00,0.00,11.00,0.00,3295.00,4090.00,0.00,582761.77
4.23,0.00,0.00,0.00,11.00,0.00,3286.00,4099.00,0.00,581383.18
4.24,0.00,0.00,0.00,11.00,0.00,3280.00,4105.00,0.00,580034.48
4.24,0.00,0.00,0.00,11.00,0.00,3272.00,4113.00,0.00,578683.04
4.25,0.00,0.00,0.00,11.00,0.00,3266.00,4119.00,0.00,577359.14
4.26,0.00,0.00,0.00,11.00,0.00,3258.00,4127.00,0.00,576030.34
4.26,0.00,0.00,0.00,11.00,0.00,3254.00,4131.00,0.00,574757.15
4.27,0.00,0.00,0.00,11.00,0.00,3245.00,4140.00,0.00,573459.62
4.28,0.00,0.00,0.00,11.00,0.00,3235.00,4150.00,0.00,572124.84
4.28,0.00,0.00,0.00,11.00,0.00,3228.00,4157.00,0.00,570801.12
4.29,0.00,0.00,0.00,11.00,0.00,3223.00,4162.00,0.00,569517.55
4.30,0.00,0.00,0.00,11.00,0.00,3216.00,4169.00,0.00,568240.59
4.31,0.00,0.00,0.00,11.00,0.00,3209.00,4176.00,0.00,566969.66
4.31,0.00,0.00,0.00,11.00,0.00,3200.00,4185.00,0.00,565674.19
4.32,0.00,0.00,0.00,11.00,0.00,3195.00,4190.00,0.00,564416.41
4.33,0.00,0.00,0.00,11.00,0.00,3188.00,4197.00,0.00,563162.99
4.33,0.00,0.00,0.00,11.00,0.00,3186.00,4199.00,0.00,561988.66
4.34,0.00,0.00,0.00,11.00,0.00,3180.00,4205.00,0.00,560826.46
4.35,0.00,0.00,0.00,11.00,0.00,3174.00,4211.00,0.00,559675.31
4.35,0.00,0.00,0.00,11.00,0.00,3168.00,4217.00,0.00,558534.26
4.36,0.00,0.00,0.00,11.00,0.00,3161.00,4224.00,0.00,557387.41
4.37,0.00,0.00,0.00,11.00,0.00,3158.00,4227.00,0.00,556295.35
4.38,0.00,0.00,0.00,11.00,0.00,3149.00,4236.00,0.00,555163.18
4.38,0.00,0.00,0.00,11.00,0.00,3137.00,4248.00,0.00,553949.31
4.39,0.00,0.00,0.00,11.00,0.00,3131.00,4254.00,0.00,552751.01
4.40,0.00,0.00,0.00,11.00,0.00,3124.00,4261.00,0.00,551551.88
4.40,0.00,0.00,0.00,11.00,0.00,3120.00,4265.00,0.00,550397.08
4.41,0.00,0.00,0.00,11.00,0.00,3109.00,4276.00,0.00,549177.58
4.42,0.00,0.00,0.00,11.00,0.00,3102.00,4283.00,0.00,547959.11
4.42,0.00,0.00,0.00,11.00,0.00,3096.00,4289.00,0.00,546756.60
4.43,0.00,0.00,0.00,11.00,0.00,3091.00,4294.00,0.00,545583.68
4.44,0.00,0.00,0.00,11.00,0.00,3080.00,4305.00,0.00,544347.64
4.44,0.00,0.00,0.00,11.00,0.00,3071.00,4314.00,0.00,543084.02
4.45,0.00,0.00,0.00,11.00,0.00,3065.00,4320.00,0.00,541840.30
4.46,0.00,0.00,0.00,11.00,0.00,3061.00,4324.00,0.00,540644.78
4.47,0.00,0.00,0.00,11.00,0.00,3055.00,4330.00,0.00,539463.22
4.47,0.00,0.00,0.00,11.00,0.00,3049.00,4336.00,0.00,538294.41
4.48,0.00,0.00,0.00,11.00,0.00,3043.00,4342.00,0.00,537137.24
4.49,0.00,0.00,0.00,11.00,0.00,3038.00,4347.00,0.00,536005.71
4.49,0.00,0.00,0.00,11.00,0.00,3026.00,4359.00,0.00,534792.43
4.50,0.00,0.00,0.00,11.00,0.00,3020.00,4365.00,0.00,533594.67
4.51,0.00,0.00,0.00,11.00,0.00,3017.00,4368.00,0.00,532456.13
4.51,0.00,0.00,0.00,11.00,0.00,3003.00,4382.00,0.00,531206.40
4.52,0.00,0.00,0.00,11.00,0.00,2994.00,4391.00,0.00,529930.29
4.53,0.00,0.00,0.00,11.00,0.00,2984.00,4401.00,0.00,528615.07
4.53,0.00,0.00,0.00,11.00,0.00,2973.00,4412.00,0.00,527249.11
4.54,0.00,0.00,0.00,11.00,0.00,2968.00,4417.00,0.00,525926.99
4.55,0.00,0.00,0.00,11.00,0.00,2964.00,4421.00,0.00,524659.89
4.56,0.00,0.00,0.00,11.00,0.00,2951.00,4434.00,0.00,523307.83
4.56,0.00,0.00,0.00,11.00,0.00,2943.00,4442.00,0.00,521953.32
4.57,0.00,0.00,0.00,11.00,0.00,2936.00,4449.00,0.00,520611.58
4.58,0.00,0.00,0.00,11.00,0.00,2925.00,4460.00,0.00,519221.43
4.58,0.00,0.00,0.00,11.00,0.00,2922.00,4463.00,0.00,517907.26
4.59,0.00,0.00,0.00,11.00,0.00,2915.00,4470.00,0.00,516602.36
4.60,0.00,0.00,0.00,11.00,0.00,2908.00,4477.00,0.00,515305.92
4.60,0.00,0.00,0.00,11.00,0.00,2900.00,4485.00,0.00,514002.19
4.61,0.00,0.00,0.00,11.00,0.00,2895.00,4490.00,0.00,512736.86
4.62,0.00,0.00,0.00,11.00,0.00,2888.00,4497.00,0.00,511476.55
4.62,0.00,0.00,0.00,11.00,0.00,2875.00,4510.00,0.00,510130.69
4.63,0.00,0.00,0.00,11.00,0.00,2869.00,4516.00,0.00,508811.88
4.64,0.00,0.00,0.00,11.00,0.00,2867.00,4518.00,0.00,507577.85
4.65,0.00,0.00,0.00,11.00,0.00,2860.00,4525.00,0.00,506346.12
4.65,0.00,0.00,0.00,11.00,0.00,2855.00,4530.00,0.00,505146.53
4.66,0.00,0.00,0.00,11.00,0.00,2843.00,4542.00,0.00,503871.12
4.67,0.00,0.00,0.00,11.00,0.00,2839.00,4546.00,0.00,502646.67
4.67,0.00,0.00,0.00,11.00,0.00,2831.00,4554.00,0.00,501408.66
4.68,0.00,0.00,0.00,11.00,0.00,2821.00,4564.00,0.00,500128.22
4.69,0.00,0.00,0.00,11.00,0.00,2816.00,4569.00,0.00,498884.16
4.69,0.00,0.00,0.00,11.00,0.00,2810.00,4575.00,0.00,497658.28
4.70,0.00,0.00,0.00,11.00,0.00,2804.00,4581.00,0.00,496449.02
4.71,0.00,0.00,0.00,11.00,0.00,2799.00,4586.00,0.00,495269.93
4.72,0.00,0.00,0.00,11.00,0.00,2789.00,4596.00,0.00,494043.29
4.72,0.00,0.00,0.00,11.00,0.00,2781.00,4604.00,0.00,492803.27
4.73,0.00,0.00,0.00,11.00,0.00,2774.00,4611.00,0.00,491566.06
4.74,0.00,0.00,0.00,11.00,0.00,2767.00,4618.00,0.00,490331.42
4.74,0.00,0.00,0.00,11.00,0.00,2760.00,4625.00,0.00,489099.13
4.75,0.00,0.00,0.00,11.00,0.00,2758.00,4627.00,0.00,487944.10
4.76,0.00,0.00,0.00,11.00,0.00,2753.00,4632.00,0.00,486814.52
4.76,0.00,0.00,0.00,11.00,0.00,2747.00,4638.00,0.00,485693.17
4.77,0.00,0.00,0.00,11.00,0.00,2739.00,4646.00,0.00,484549.27
4.78,0.00,0.00,0.00,11.00,0.00,2728.00,4657.00,0.00,483339.73
4.78,0.00,0.00,0.00,11.00,0.00,2720.00,4665.00,0.00,482115.32
4.79,0.00,0.00,0.00,11.00,0.00,2716.00,4669.00,0.00,480937.44
4.80,0.00,0.00,0.00,11.00,0.00,2709.00,4676.00,0.00,479756.96
4.81,0.00,0.00,0.00,11.00,0.00,2702.00,4683.00,0.00,478574.11
4.81,0.00,0.00,0.00,11.00,0.00,2694.00,4691.00,0.00,477374.07
4.82,0.00,0.00,0.00,11.00,0.00,2689.00,4696.00,0.00,476203.42
4.83,0.00,0.00,0.00,11.00,0.00,2683.00,4702.00,0.00,475044.55
4.83,0.00,0.00,0.00,11.00,0.00,2680.00,4705.00,0.00,473941.53
4.84,0.00,0.00,0.00,11.00,0.00,2672.00,4713.00,0.00,472814.37
4.85,0.00,0.00,0.00,11.00,0.00,2664.00,4721.00,0.00,471665.18
4.85,0.00,0.00,0.00,11.00,0.00,2653.00,4732.00,0.00,470450.80
4.86,0.00,0.00,0.00,11.00,0.00,2649.00,4736.00,0.00,469282.06
4.87,0.00,0.00,0.00,11.00,0.00,2642.00,4743.00,0.00,468109.94
4.88,0.00,0.00,0.00,11.00,0.00,2637.00,4748.00,0.00,466964.76
4.88,0.00,0.00,0.00,11.00,0.00,2629.00,4756.00,0.00,465799.12
4.89,0.00,0.00,0.00,11.00,0.00,2615.00,4770.00,0.00,464524.65
4.90,0.00,0.00,0.00,11.00,0.00,2606.00,4779.00,0.00,463225.95
4.90,0.00,0.00,0.00,11.00,0.00,2603.00,4782.00,0.00,461995.27
4.91,0.00,0.00,0.00,11.00,0.00,2593.00,4792.00,0.00,460721.51
4.92,0.00,0.00,0.00,11.00,0.00,2582.00,4803.00,0.00,459393.42
4.92,0.00,0.00,0.00,11.00,0.00,2574.00,4811.00,0.00,458060.78
4.93,0.00,0.00,0.00,11.00,0.00,2568.00,4817.00,0.00,456754.05
4.94,0.00,0.00,0.00,11.00,0.00,2557.00,4828.00,0.00,455395.85
4.94,0.00,0.00,0.00,11.00,0.00,2550.00,4835.00,0.00,454050.76
4.95,0.00,0.00,0.00,11.00,0.00,2543.00,4842.00,0.00,452717.62
4.96,0.00,0.00,0.00,11.00,0.00,2535.00,4850.00,0.00,451380.39
4.97,0.00,0.00,0.00,11.00,0.00,2527.00,4858.00,0.00,450039.41
4.97,0.00,0.00,0.00,11.00,0.00,2522.00,4863.00,0.00,448740.09
4.98,0.00,0.00,0.00,11.00,0.00,2516.00,4869.00,0.00,447463.76
4.99,0.00,0.00,0.00,11.00,0.00,2511.00,4874.00,0.00,446223.46
4.99,0.00,0.00,0.00,11.00,0.00,2508.00,4877.00,0.00,445046.09
5.00,0.00,0.00,0.00,11.00,0.00,2504.00,4881.00,0.00,443911.14
5.01,0.00,0.00,0.00,11.00,0.00,2494.00,4891.00,0.00,442724.79
5.01,0.00,0.00,0.00,11.00,0.00,2490.00,4895.00,0.00,441581.66
5.02,0.00,0.00,0.00,11.00,0.00,2478.00,4907.00,0.00,440357.78
5.03,0.00,0.00,0.00,11.00,0.00,2469.00,4916.00,0.00,439105.27
5.03,0.00,0.00,0.00,11.00,0.00,2464.00,4921.00,0.00,437886.70
5.04,0.00,0.00,0.00,11.00,0.00,2456.00,4929.00,0.00,436654.06
5.05,0.00,0.00,0.00,11.00,0.00,2446.00,4939.00,0.00,435378.52
5.06,0.00,0.00,0.00,11.00,0.00,2440.00,4945.00,0.00,434123.91
5.06,0.00,0.00,0.00,11.00,0.00,2430.00,4955.00,0.00,432828.32
5.07,0.00,0.00,0.00,11.00,0.00,2422.00,4963.00,0.00,431525.35
5.08,0.00,0.00,0.00,11.00,0.00,2414.00,4971.00,0.00,430215.66
5.08,0.00,0.00,0.00,11.00,0.00,2408.00,4977.00,0.00,428929.87
5.09,0.00,0.00,0.00,11.00,0.00,2402.00,4983.00,0.00,427665.90
5.10,0.00,0.00,0.00,11.00,0.00,2395.00,4990.00,0.00,426406.84
5.10,0.00,0.00,0.00,11.00,0.00,2388.00,4997.00,0.00,425152.24
5.11,0.00,0.00,0.00,11.00,0.00,2386.00,4999.00,0.00,423976.85
5.12,0.00,0.00,0.00,11.00,0.00,2375.00,5010.00,0.00,422738.55
5.12,0.00,0.00,0.00,11.00,0.00,2365.00,5020.00,0.00,421457.84
5.13,0.00,0.00,0.00,11.00,0.00,2356.00,5029.00,0.00,420153.45
5.14,0.00,0.00,0.00,11.00,0.00,2350.00,5035.00,0.00,418872.50
5.15,0.00,0.00,0.00,11.00,0.00,2342.00,5043.00,0.00,417582.90
5.15,0.00,0.00,0.00,11.00,0.00,2335.00,5050.00,0.00,416300.43
5.16,0.00,0.00,0.00,11.00,0.00,2326.00,5059.00,0.00,414994.43
5.17,0.00,0.00,0.00,11.00,0.00,2316.00,5069.00,0.00,413651.92
5.17,0.00,0.00,0.00,11.00,0.00,2308.00,5077.00,0.00,412306.12
5.18,0.00,0.00,0.00,11.00,0.00,2301.00,5084.00,0.00,410972.35
5.19,0.00,0.00,0.00,11.00,0.00,2292.00,5093.00,0.00,409619.51
5.19,0.00,0.00,0.00,11.00,0.00,2285.00,5100.00,0.00,408279.31
5.20,0.00,0.00,0.00,11.00,0.00,2276.00,5109.00,0.00,406920.60
5.21,0.00,0.00,0.00,11.00,0.00,2266.00,5119.00,0.00,405529.97
5.22,0.00,0.00,0.00,11.00,0.00,2254.00,5131.00,0.00,404080.15
5.22,0.00,0.00,0.00,11.00,0.00,2248.00,5137.00,0.00,402666.44
5.23,0.00,0.00,0.00,11.00,0.00,2240.00,5145.00,0.00,401255.64
5.24,0.00,0.00,0.00,11.00,0.00,2232.00,5153.00,0.00,399847.51
5.24,0.00,0.00,0.00,11.00,0.00,2229.00,5156.00,0.00,398516.92
5.25,0.00,0.00,0.00,11.00,0.00,2224.00,5161.00,0.00,397227.07
5.26,0.00,0.00,0.00,11.00,0.00,2214.00,5171.00,0.00,395899.31
5.26,0.00,0.00,0.00,11.00,0.00,2209.00,5176.00,0.00,394612.06
5.27,0.00,0.00,0.00,11.00,0.00,2202.00,5183.00,0.00,393331.72
5.28,0.00,0.00,0.00,11.00,0.00,2194.00,5191.00,0.00,392042.69
5.28,0.00,0.00,0.00,11.00,0.00,2187.00,5198.00,0.00,390760.74
5.29,0.00,0.00,0.00,11.00,0.00,2180.00,5205.00,0.00,389485.26
5.30,0.00,0.00,0.00,11.00,0.00,2176.00,5209.00,0.00,388260.75
5.31,0.00,0.00,0.00,11.00,0.00,2166.00,5219.00,0.00,386992.63
5.31,0.00,0.00,0.00,11.00,0.00,2158.00,5227.00,0.00,385714.75
5.32,0.00,0.00,0.00,11.00,0.00,2154.00,5231.00,0.00,384488.05
5.33,0.00,0.00,0.00,11.00,0.00,2148.00,5237.00,0.00,383278.03
5.33,0.00,0.00,0.00,11.00,0.00,2140.00,5245.00,0.00,382053.19
5.34,0.00,0.00,0.00,11.00,0.00,2135.00,5250.00,0.00,380859.88
5.35,0.00,0.00,0.00,11.00,0.00,2124.00,5261.00,0.00,379605.23
5.35,0.00,0.00,0.00,11.00,0.00,2112.00,5273.00,0.00,378279.55
5.36,0.00,0.00,0.00,11.00,0.00,2105.00,5280.00,0.00,376964.15
5.37,0.00,0.00,0.00,11.00,0.00,2101.00,5284.00,0.00,375703.19
5.38,0.00,0.00,0.00,11.00,0.00,2092.00,5293.00,0.00,374416.82
5.38,0.00,0.00,0.00,11.00,0.00,2084.00,5301.00,0.00,373122.28
5.39,0.00,0.00,0.00,11.00,0.00,2076.00,5309.00,0.00,371820.28
5.40,0.00,0.00,0.00,11.00,0.00,2070.00,5315.00,0.00,370541.52
5.40,0.00,0.00,0.00,11.00,0.00,2064.00,5321.00,0.00,369283.96
5.41,0.00,0.00,0.00,11.00,0.00,2058.00,5327.00,0.00,368045.77
5.42,0.00,0.00,0.00,11.00,0.00,2046.00,5339.00,0.00,366735.12
5.42,0.00,0.00,0.00,11.00,0.00,2042.00,5343.00,0.00,365478.50
5.43,0.00,0.00,0.00,11.00,0.00,2034.00,5351.00,0.00,364211.12
5.44,0.00,0.00,0.00,11.00,0.00,2030.00,5355.00,0.00,362994.00
5.44,0.00,0.00,0.00,11.00,0.00,2019.00,5366.00,0.00,361717.61
5.45,0.00,0.00,0.00,11.00,0.00,2011.00,5374.00,0.00,360432.18
5.46,0.00,0.00,0.00,11.00,0.00,2007.00,5378.00,0.00,359198.59
5.47,0.00,0.00,0.00,11.00,0.00,1997.00,5388.00,0.00,357922.18
5.47,0.00,0.00,0.00,11.00,0.00,1992.00,5393.00,0.00,356681.80
5.48,0.00,0.00,0.00,11.00,0.00,1986.00,5399.00,0.00,355459.29
5.49,0.00,0.00,0.00,11.00,0.00,1982.00,5403.00,0.00,354283.14
5.49,0.00,0.00,0.00,11.00,0.00,1976.00,5409.00,0.00,353119.26
5.50,0.00,0.00,0.00,11.00,0.00,1966.00,5419.00,0.00,351906.50
5.51,0.00,0.00,0.00,11.00,0.00,1960.00,5425.00,0.00,350709.20
5.51,0.00,0.00,0.00,11.00,0.00,1951.00,5434.00,0.00,349480.95
5.52,0.00,0.00,0.00,11.00,0.00,1949.00,5436.00,0.00,348329.61
5.53,0.00,0.00,0.00,11.00,0.00,1941.00,5444.00,0.00,347158.33
5.53,0.00,0.00,0.00,11.00,0.00,1931.00,5454.00,0.00,345938.82
5.54,0.00,0.00,0.00,11.00,0.00,1926.00,5459.00,0.00,344750.38
5.55,0.00,0.00,0.00,11.00,0.00,1923.00,5462.00,0.00,343620.35
5.56,0.00,0.00,0.00,11.00,0.00,1915.00,5470.00,0.00,342468.54
5.56,0.00,0.00,0.00,11.00,0.00,1908.00,5477.00,0.00,341311.86
5.57,0.00,0.00,0.00,11.00,0.00,1906.00,5479.00,0.00,340225.85
5.58,0.00,0.00,0.00,11.00,0.00,1899.00,5486.00,0.00,339129.25
5.58,0.00,0.00,0.00,11.00,0.00,1892.00,5493.00,0.00,338022.97
5.59,0.00,0.00,0.00,11.00,0.00,1888.00,5497.00,0.00,336952.93
5.60,0.00,0.00,0.00,11.00,0.00,1878.00,5507.00,0.00,335825.83
5.60,0.00,0.00,0.00,11.00,0.00,1871.00,5514.00,0.00,334691.72
5.61,0.00,0.00,0.00,11.00,0.00,1866.00,5519.00,0.00,333581.24
5.62,0.00,0.00,0.00,11.00,0.00,1859.00,5526.00,0.00,332462.30
5.62,0.00,0.00,0.00,11.00,0.00,1850.00,5535.00,0.00,331305.58
5.63,0.00,0.00,0.00,11.00,0.00,1848.00,5537.00,0.00,330219.54
5.64,0.00,0.00,0.00,11.00,0.00,1840.00,5545.00,0.00,329107.88
5.65,0.00,0.00,0.00,11.00,0.00,1830.00,5555.00,0.00,327942.79
5.65,0.00,0.00,0.00,11.00,0.00,1822.00,5563.00,0.00,326758.97
5.66,0.00,0.00,0.00,11.00,0.00,1813.00,5572.00,0.00,325543.02
5.67,0.00,0.00,0.00,11.00,0.00,1805.00,5580.00,0.00,324312.77
5.67,0.00,0.00,0.00,11.00,0.00,1797.00,5588.00,0.00,323069.45
5.68,0.00,0.00,0.00,11.00,0.00,1794.00,5591.00,0.00,321889.33
5.69,0.00,0.00,0.00,11.00,0.00,1780.00,5605.00,0.00,320601.65
5.69,0.00,0.00,0.00,11.00,0.00,1776.00,5609.00,0.00,319366.00
5.70,0.00,0.00,0.00,11.00,0.00,1769.00,5616.00,0.00,318132.78
5.71,0.00,0.00,0.00,11.00,0.00,1767.00,5618.00,0.00,316976.90
5.72,0.00,0.00,0.00,11.00,0.00,1761.00,5624.00,0.00,315831.53
5.72,0.00,0.00,0.00,11.00,0.00,1757.00,5628.00,0.00,314725.81
5.73,0.00,0.00,0.00,11.00,0.00,1752.00,5633.00,0.00,313641.25
5.74,0.00,0.00,0.00,11.00,0.00,1746.00,5639.00,0.00,312560.99
5.74,0.00,0.00,0.00,11.00,0.00,1742.00,5643.00,0.00,311514.70
5.75,0.00,0.00,0.00,11.00,0.00,1738.00,5647.00,0.00,310499.43
5.76,0.00,0.00,0.00,11.00,0.00,1735.00,5650.00,0.00,309527.49
5.76,0.00,0.00,0.00,11.00,0.00,1726.00,5659.00,0.00,308504.98
5.77,0.00,0.00,0.00,11.00,0.00,1720.00,5665.00,0.00,307481.36
5.78,0.00,0.00,0.00,11.00,0.00,1713.00,5672.00,0.00,306441.72
5.78,0.00,0.00,0.00,11.00,0.00,1707.00,5678.00,0.00,305402.46
5.79,0.00,0.00,0.00,11.00,0.00,1699.00,5686.00,0.00,304333.52
5.80,0.00,0.00,0.00,11.00,0.00,1691.00,5694.00,0.00,303237.46
5.81,0.00,0.00,0.00,11.00,0.00,1686.00,5699.00,0.00,302161.74
5.81,0.00,0.00,0.00,11.00,0.00,1681.00,5704.00,0.00,301104.56
5.82,0.00,0.00,0.00,11.00,0.00,1677.00,5708.00,0.00,300079.35
5.83,0.00,0.00,0.00,11.00,0.00,1667.00,5718.00,0.00,298993.18
5.83,0.00,0.00,0.00,11.00,0.00,1664.00,5721.00,0.00,297956.52
5.84,0.00,0.00,0.00,11.00,0.00,1658.00,5727.00,0.00,296919.99
5.85,0.00,0.00,0.00,11.00,0.00,1648.00,5737.00,0.00,295823.49
5.85,0.00,0.00,0.00,11.00,0.00,1640.00,5745.00,0.00,294702.27
5.86,0.00,0.00,0.00,11.00,0.00,1636.00,5749.00,0.00,293618.60
5.87,0.00,0.00,0.00,11.00,0.00,1634.00,5751.00,0.00,292599.24
5.88,0.00,0.00,0.00,11.00,0.00,1628.00,5757.00,0.00,291578.51
5.88,0.00,0.00,0.00,11.00,0.00,1620.00,5765.00,0.00,290526.47
5.89,0.00,0.00,0.00,11.00,0.00,1609.00,5776.00,0.00,289400.79
5.90,0.00,0.00,0.00,11.00,0.00,1601.00,5784.00,0.00,288252.94
5.90,0.00,0.00,0.00,11.00,0.00,1599.00,5786.00,0.00,287174.99
5.91,0.00,0.00,0.00,11.00,0.00,1592.00,5793.00,0.00,286085.75
5.92,0.00,0.00,0.00,11.00,0.00,1581.00,5804.00,0.00,284926.09
5.92,0.00,0.00,0.00,11.00,0.00,1576.00,5809.00,0.00,283792.31
5.93,0.00,0.00,0.00,11.00,0.00,1571.00,5814.00,0.00,282682.13
5.94,0.00,0.00,0.00,11.00,0.00,1566.00,5819.00,0.00,281593.50
5.94,0.00,0.00,0.00,11.00,0.00,1560.00,5825.00,0.00,280509.53
5.95,0.00,0.00,0.00,11.00,0.00,1548.00,5837.00,0.00,279339.67
5.96,0.00,0.00,0.00,11.00,0.00,1545.00,5840.00,0.00,278226.61
5.97,0.00,0.00,0.00,11.00,0.00,1538.00,5847.00,0.00,277105.30
5.97,0.00,0.00,0.00,11.00,0.00,1534.00,5851.00,0.00,276021.55
5.98,0.00,0.00,0.00,11.00,0.00,1524.00,5861.00,0.00,274881.93
5.99,0.00,0.00,0.00,11.00,0.00,1519.00,5866.00,0.00,273766.43
5.99,0.00,0.00,0.00,11.00,0.00,1506.00,5879.00,0.00,272552.76
6.00,0.00,0.00,0.00,11.00,0.00,1503.00,5882.00,0.00,271399.70
6.01,0.00,0.00,0.00,11.00,0.00,1493.00,5892.00,0.00,270196.82
6.01,0.00,0.00,0.00,11.00,0.00,1487.00,5898.00,0.00,269008.54
6.02,0.00,0.00,0.00,11.00,0.00,1472.00,5913.00,0.00,267698.38
6.03,0.00,0.00,0.00,11.00,0.00,1469.00,5916.00,0.00,266457.24
6.03,0.00,0.00,0.00,11.00,0.00,1467.00,5918.00,0.00,265294.12
6.04,0.00,0.00,0.00,11.00,0.00,1460.00,5925.00,0.00,264127.12
6.05,0.00,0.00,0.00,11.00,0.00,1449.00,5936.00,0.00,262896.49
6.06,0.00,0.00,0.00,11.00,0.00,1444.00,5941.00,0.00,261697.90
6.06,0.00,0.00,0.00,11.00,0.00,1435.00,5950.00,0.00,260468.47
6.07,0.00,0.00,0.00,11.00,0.00,1431.00,5954.00,0.00,259286.00
6.08,0.00,0.00,0.00,11.00,0.00,1424.00,5961.00,0.00,258101.33
6.08,0.00,0.00,0.00,11.00,0.00,1410.00,5975.00,0.00,256809.49
6.09,0.00,0.00,0.00,11.00,0.00,1405.00,5980.00,0.00,255555.03
6.10,0.00,0.00,0.00,11.00,0.00,1397.00,5988.00,0.00,254289.62
6.10,0.00,0.00,0.00,11.00,0.00,1391.00,5994.00,0.00,253044.25
6.11,0.00,0.00,0.00,11.00,0.00,1387.00,5998.00,0.00,251847.24
6.12,0.00,0.00,0.00,11.00,0.00,1379.00,6006.00,0.00,250634.27
6.12,0.00,0.00,0.00,11.00,0.00,1374.00,6011.00,0.00,249451.80
6.13,0.00,0.00,0.00,11.00,0.00,1367.00,6018.00,0.00,248267.14
6.14,0.00,0.00,0.00,11.00,0.00,1360.00,6025.00,0.00,247080.47
6.15,0.00,0.00,0.00,11.00,0.00,1354.00,6031.00,0.00,245907.00
6.15,0.00,0.00,0.00,11.00,0.00,1348.00,6037.00,0.00,244745.56
6.16,0.00,0.00,0.00,11.00,0.00,1339.00,6046.00,0.00,243550.05
6.17,0.00,0.00,0.00,11.00,0.00,1331.00,6054.00,0.00,242338.46
6.17,0.00,0.00,0.00,11.00,0.00,1325.00,6060.00,0.00,241142.23
6.18,0.00,0.00,0.00,11.00,0.00,1319.00,6066.00,0.00,239960.02
6.19,0.00,0.00,0.00,11.00,0.00,1316.00,6069.00,0.00,238835.69
6.19,0.00,0.00,0.00,11.00,0.00,1308.00,6077.00,0.00,237689.07
6.20,0.00,0.00,0.00,11.00,0.00,1304.00,6081.00,0.00,236582.20
6.21,0.00,0.00,0.00,11.00,0.00,1297.00,6088.00,0.00,235466.55
6.22,0.00,0.00,0.00,11.00,0.00,1293.00,6092.00,0.00,234387.96
6.22,0.00,0.00,0.00,11.00,0.00,1286.00,6099.00,0.00,233298.13
6.23,0.00,0.00,0.00,11.00,0.00,1283.00,6102.00,0.00,232258.12
6.24,0.00,0.00,0.00,11.00,0.00,1279.00,6106.00,0.00,231248.58
6.24,0.00,0.00,0.00,11.00,0.00,1269.00,6116.00,0.00,230176.72
6.25,0.00,0.00,0.00,11.00,0.00,1262.00,6123.00,0.00,229093.02
6.26,0.00,0.00,0.00,11.00,0.00,1257.00,6128.00,0.00,228028.58
6.26,0.00,0.00,0.00,11.00,0.00,1249.00,6136.00,0.00,226936.64
6.27,0.00,0.00,0.00,11.00,0.00,1246.00,6139.00,0.00,225894.71
6.28,0.00,0.00,0.00,11.00,0.00,1243.00,6142.00,0.00,224898.44
6.28,0.00,0.00,0.00,11.00,0.00,1238.00,6147.00,0.00,223913.80
6.29,0.00,0.00,0.00,11.00,0.00,1230.00,6155.00,0.00,222894.72
6.30,0.00,0.00,0.00,11.00,0.00,1222.00,6163.00,0.00,221844.19
6.31,0.00,0.00,0.00,11.00,0.00,1215.00,6170.00,0.00,220779.97
6.31,0.00,0.00,0.00,11.00,0.00,1203.00,6182.00,0.00,219628.15
6.32,0.00,0.00,0.00,11.00,0.00,1193.00,6192.00,0.00,218426.39
6.33,0.00,0.00,0.00,11.00,0.00,1187.00,6198.00,0.00,217239.13
6.33,0.00,0.00,0.00,11.00,0.00,1185.00,6200.00,0.00,216125.21
6.34,0.00,0.00,0.00,11.00,0.00,1176.00,6209.00,0.00,214973.08
6.35,0.00,0.00,0.00,11.00,0.00,1172.00,6213.00,0.00,213861.18
6.35,0.00,0.00,0.00,11.00,0.00,1166.00,6219.00,0.00,212755.96
6.36,0.00,0.00,0.00,11.00,0.00,1161.00,6224.00,0.00,211671.86
6.37,0.00,0.00,0.00,11.00,0.00,1152.00,6233.00,0.00,210546.96
6.38,0.00,0.00,0.00,11.00,0.00,1149.00,6236.00,0.00,209474.93
6.38,0.00,0.00,0.00,11.00,0.00,1146.00,6239.00,0.00,208451.19
6.39,0.00,0.00,0.00,11.00,0.00,1138.00,6247.00,0.00,207396.40
6.40,0.00,0.00,0.00,11.00,0.00,1133.00,6252.00,0.00,206358.34
6.40,0.00,0.00,0.00,11.00,0.00,1126.00,6259.00,0.00,205305.52
6.41,0.00,0.00,0.00,11.00,0.00,1119.00,6266.00,0.00,204239.20
6.42,0.00,0.00,0.00,11.00,0.00,1112.00,6273.00,0.00,203160.58
6.42,0.00,0.00,0.00,11.00,0.00,1109.00,6276.00,0.00,202130.80
6.43,0.00,0.00,0.00,11.00,0.00,1097.00,6288.00,0.00,201010.42
6.44,0.00,0.00,0.00,11.00,0.00,1089.00,6296.00,0.00,199867.42
6.44,0.00,0.00,0.00,11.00,0.00,1081.00,6304.00,0.00,198703.75
6.45,0.00,0.00,0.00,11.00,0.00,1074.00,6311.00,0.00,197536.25
6.46,0.00,0.00,0.00,11.00,0.00,1064.00,6321.00,0.00,196320.18
6.47,0.00,0.00,0.00,11.00,0.00,1056.00,6329.00,0.00,195089.82
6.47,0.00,0.00,0.00,11.00,0.00,1048.00,6337.00,0.00,193846.41
6.48,0.00,0.00,0.00,11.00,0.00,1041.00,6344.00,0.00,192606.10
6.49,0.00,0.00,0.00,11.00,0.00,1033.00,6352.00,0.00,191353.61
6.49,0.00,0.00,0.00,11.00,0.00,1026.00,6359.00,0.00,190105.03
6.50,0.00,0.00,0.00,11.00,0.00,1015.00,6370.00,0.00,188799.91
6.51,0.00,0.00,0.00,11.00,0.00,1008.00,6377.00,0.00,187503.27
6.51,0.00,0.00,0.00,11.00,0.00,1002.00,6383.00,0.00,186229.40
6.52,0.00,0.00,0.00,11.00,0.00,997.00,6388.00,0.00,184991.34
6.53,0.00,0.00,0.00,11.00,0.00,989.00,6396.00,0.00,183740.89
6.53,0.00,0.00,0.00,11.00,0.00,982.00,6403.00,0.00,182494.17
6.54,0.00,0.00,0.00,11.00,0.00,977.00,6408.00,0.00,181280.90
6.55,0.00,0.00,0.00,11.00,0.00,975.00,6410.00,0.00,180143.22
6.56,0.00,0.00,0.00,11.00,0.00,970.00,6415.00,0.00,179029.50
6.56,0.00,0.00,0.00,11.00,0.00,968.00,6417.00,0.00,177982.70
6.57,0.00,0.00,0.00,11.00,0.00,963.00,6422.00,0.00,176951.94
6.58,0.00,0.00,0.00,11.00,0.00,952.00,6433.00,0.00,175845.68
6.58,0.00,0.00,0.00,11.00,0.00,944.00,6441.00,0.00,174715.57
6.59,0.00,0.00,0.00,11.00,0.00,943.00,6442.00,0.00,173668.84
6.60,0.00,0.00,0.00,11.00,0.00,931.00,6454.00,0.00,172532.97
6.60,0.00,0.00,0.00,11.00,0.00,926.00,6459.00,0.00,171420.90
6.61,0.00,0.00,0.00,11.00,0.00,918.00,6467.00,0.00,170285.47
6.62,0.00,0.00,0.00,11.00,0.00,914.00,6471.00,0.00,169188.83
6.62,0.00,0.00,0.00,11.00,0.00,907.00,6478.00,0.00,168082.51
6.63,0.00,0.00,0.00,11.00,0.00,900.00,6485.00,0.00,166967.36
6.64,0.00,0.00,0.00,11.00,0.00,891.00,6494.00,0.00,165814.11
6.65,0.00,0.00,0.00,11.00,0.00,890.00,6495.00,0.00,164746.26
6.65,0.00,0.00,0.00,11.00,0.00,887.00,6498.00,0.00,163726.32
6.66,0.00,0.00,0.00,11.00,0.00,873.00,6512.00,0.00,162584.87
6.67,0.00,0.00,0.00,11.00,0.00,864.00,6521.00,0.00,161407.60
6.67,0.00,0.00,0.00,11.00,0.00,863.00,6522.00,0.00,160317.82
6.68,0.00,0.00,0.00,11.00,0.00,857.00,6528.00,0.00,159232.80
6.69,0.00,0.00,0.00,11.00,0.00,849.00,6536.00,0.00,158122.07
6.69,0.00,0.00,0.00,11.00,0.00,837.00,6548.00,0.00,156927.78
6.70,0.00,0.00,0.00,11.00,0.00,826.00,6559.00,0.00,155672.24
6.71,0.00,0.00,0.00,11.00,0.00,819.00,6566.00,0.00,154420.85
6.72,0.00,0.00,0.00,11.00,0.00,816.00,6569.00,0.00,153233.37
6.72,0.00,0.00,0.00,11.00,0.00,811.00,6574.00,0.00,152074.17
6.73,0.00,0.00,0.00,11.00,0.00,801.00,6584.00,0.00,150865.67
6.74,0.00,0.00,0.00,11.00,0.00,791.00,6594.00,0.00,149612.18
6.74,0.00,0.00,0.00,11.00,0.00,790.00,6595.00,0.00,148452.81
6.75,0.00,0.00,0.00,11.00,0.00,782.00,6603.00,0.00,147274.22
6.76,0.00,0.00,0.00,11.00,0.00,776.00,6609.00,0.00,146108.10
6.76,0.00,0.00,0.00,11.00,0.00,771.00,6614.00,0.00,144968.42
6.77,0.00,0.00,0.00,11.00,0.00,766.00,6619.00,0.00,143852.86
6.78,0.00,0.00,0.00,11.00,0.00,760.00,6625.00,0.00,142744.30
6.78,0.00,0.00,0.00,11.00,0.00,753.00,6632.00,0.00,141627.10
6.79,0.00,0.00,0.00,11.00,0.00,750.00,6635.00,0.00,140562.12
6.80,0.00,0.00,0.00,11.00,0.00,743.00,6642.00,0.00,139484.71
6.81,0.00,0.00,0.00,11.00,0.00,738.00,6647.00,0.00,138426.00
6.81,0.00,0.00,0.00,11.00,0.00,731.00,6654.00,0.00,137354.32
6.82,0.00,0.00,0.00,11.00,0.00,726.00,6659.00,0.00,136300.84
6.83,0.00,0.00,0.00,11.00,0.00,717.00,6668.00,0.00,135203.88
6.83,0.00,0.00,0.00,11.00,0.00,712.00,6673.00,0.00,134127.33
6.84,0.00,0.00,0.00,11.00,0.00,705.00,6680.00,0.00,133039.35
6.85,0.00,0.00,0.00,11.00,0.00,699.00,6686.00,0.00,131955.98
6.85,0.00,0.00,0.00,11.00,0.00,694.00,6691.00,0.00,130891.82
6.86,0.00,0.00,0.00,11.00,0.00,692.00,6693.00,0.00,129890.28
6.87,0.00,0.00,0.00,11.00,0.00,685.00,6700.00,0.00,128870.79
6.88,0.00,0.00,0.00,11.00,0.00,678.00,6707.00,0.00,127834.91
6.88,0.00,0.00,0.00,11.00,0.00,672.00,6713.00,0.00,126799.10
6.89,0.00,0.00,0.00,11.00,0.00,666.00,6719.00,0.00,125763.34
6.90,0.00,0.00,0.00,11.00,0.00,660.00,6725.00,0.00,124727.62
6.90,0.00,0.00,0.00,11.00,0.00,653.00,6732.00,0.00,123676.94
6.91,0.00,0.00,0.00,11.00,0.00,643.00,6742.00,0.00,122567.51
6.92,0.00,0.00,0.00,11.00,0.00,636.00,6749.00,0.00,121449.52
6.92,0.00,0.00,0.00,11.00,0.00,626.00,6759.00,0.00,120278.66
6.93,0.00,0.00,0.00,11.00,0.00,620.00,6765.00,0.00,119119.61
6.94,0.00,0.00,0.00,11.00,0.00,617.00,6768.00,0.00,118016.41
6.94,0.00,0.00,0.00,11.00,0.00,612.00,6773.00,0.00,116934.16
6.95,0.00,0.00,0.00,11.00,0.00,604.00,6781.00,0.00,115825.97
6.96,0.00,0.00,0.00,11.00,0.00,599.00,6786.00,0.00,114739.15
6.97,0.00,0.00,0.00,11.00,0.00,595.00,6790.00,0.00,113686.88
6.97,0.00,0.00,0.00,11.00,0.00,591.00,6794.00,0.00,112666.14
6.98,0.00,0.00,0.00,11.00,0.00,582.00,6803.00,0.00,111599.08
6.99,0.00,0.00,0.00,11.00,0.00,580.00,6805.00,0.00,110594.89
6.99,0.00,0.00,0.00,11.00,0.00,577.00,6808.00,0.00,109633.07
7.00,0.00,0.00,0.00,11.00,0.00,571.00,6814.00,0.00,108664.86
7.01,0.00,0.00,0.00,11.00,0.00,567.00,6818.00,0.00,107720.86
7.01,0.00,0.00,0.00,11.00,0.00,561.00,6824.00,0.00,106768.93
7.02,0.00,0.00,0.00,11.00,0.00,558.00,6827.00,0.00,105854.82
7.03,0.00,0.00,0.00,11.00,0.00,553.00,6832.00,0.00,104945.19
7.03,0.00,0.00,0.00,11.00,0.00,546.00,6839.00,0.00,104009.61
7.04,0.00,0.00,0.00,11.00,0.00,543.00,6842.00,0.00,103110.42
7.05,0.00,0.00,0.00,11.00,0.00,538.00,6847.00,0.00,102214.41
7.06,0.00,0.00,0.00,11.00,0.00,532.00,6853.00,0.00,101306.29
7.06,0.00,0.00,0.00,11.00,0.00,528.00,6857.00,0.00,100417.15
7.07,0.00,0.00,0.00,11.00,0.00,524.00,6861.00,0.00,99545.34
7.08,0.00,0.00,0.00,11.00,0.00,521.00,6864.00,0.00,98704.37
7.08,0.00,0.00,0.00,11.00,0.00,515.00,6870.00,0.00,97846.50
7.09,0.00,0.00,0.00,11.00,0.00,507.00,6878.00,0.00,96943.14
7.10,0.00,0.00,0.00,11.00,0.00,502.00,6883.00,0.00,96043.32
7.10,0.00,0.00,0.00,11.00,0.00,499.00,6886.00,0.00,95176.79
7.11,0.00,0.00,0.00,11.00,0.00,494.00,6891.00,0.00,94310.60
7.12,0.00,0.00,0.00,11.00,0.00,489.00,6896.00,0.00,93444.71
7.12,0.00,0.00,0.00,11.00,0.00,483.00,6902.00,0.00,92564.08
7.13,0.00,0.00,0.00,11.00,0.00,474.00,6911.00,0.00,91624.93
7.14,0.00,0.00,0.00,11.00,0.00,469.00,6916.00,0.00,90692.44
7.15,0.00,0.00,0.00,11.00,0.00,468.00,6917.00,0.00,89826.13
7.15,0.00,0.00,0.00,11.00,0.00,465.00,6920.00,0.00,88990.18
7.16,0.00,0.00,0.00,11.00,0.00,463.00,6922.00,0.00,88196.97
7.17,0.00,0.00,0.00,11.00,0.00,457.00,6928.00,0.00,87382.70
7.17,0.00,0.00,0.00,11.00,0.00,452.00,6933.00,0.00,86564.21
7.18,0.00,0.00,0.00,11.00,0.00,449.00,6936.00,0.00,85771.93
7.19,0.00,0.00,0.00,11.00,0.00,447.00,6938.00,0.00,85018.58
7.19,0.00,0.00,0.00,11.00,0.00,442.00,6943.00,0.00,84255.72
7.20,0.00,0.00,0.00,11.00,0.00,436.00,6949.00,0.00,83469.15
7.21,0.00,0.00,0.00,11.00,0.00,433.00,6952.00,0.00,82706.00
7.22,0.00,0.00,0.00,11.00,0.00,428.00,6957.00,0.00,81934.19
7.22,0.00,0.00,0.00,11.00,0.00,423.00,6962.00,0.00,81154.47
7.23,0.00,0.00,0.00,11.00,0.00,413.00,6972.00,0.00,80292.41
7.24,0.00,0.00,0.00,11.00,0.00,407.00,6978.00,0.00,79415.27
7.24,0.00,0.00,0.00,11.00,0.00,402.00,6983.00,0.00,78539.40
7.25,0.00,0.00,0.00,11.00,0.00,394.00,6991.00,0.00,77619.61
7.26,0.00,0.00,0.00,11.00,0.00,389.00,6996.00,0.00,76704.80
7.26,0.00,0.00,0.00,11.00,0.00,385.00,7000.00,0.00,75809.55
7.27,0.00,0.00,0.00,11.00,0.00,384.00,7001.00,0.00,74977.24
7.28,0.00,0.00,0.00,11.00,0.00,381.00,7004.00,0.00,74172.33
7.28,0.00,0.00,0.00,11.00,0.00,374.00,7011.00,0.00,73332.34
7.29,0.00,0.00,0.00,11.00,0.00,369.00,7016.00,0.00,72490.39
7.30,0.00,0.00,0.00,11.00,0.00,366.00,7019.00,0.00,71676.68
7.31,0.00,0.00,0.00,11.00,0.00,361.00,7024.00,0.00,70858.70
7.31,0.00,0.00,0.00,11.00,0.00,358.00,7027.00,0.00,70066.89
7.32,0.00,0.00,0.00,11.00,0.00,351.00,7034.00,0.00,69238.86
7.33,0.00,0.00,0.00,11.00,0.00,345.00,7040.00,0.00,68392.79
7.33,0.00,0.00,0.00,11.00,0.00,338.00,7047.00,0.00,67515.23
7.34,0.00,0.00,0.00,11.00,0.00,336.00,7049.00,0.00,66684.04
7.35,0.00,0.00,0.00,11.00,0.00,331.00,7054.00,0.00,65850.12
7.35,0.00,0.00,0.00,11.00,0.00,326.00,7059.00,0.00,65013.69
7.36,0.00,0.00,0.00,11.00,0.00,324.00,7061.00,0.00,64220.05
7.37,0.00,0.00,0.00,11.00,0.00,319.00,7066.00,0.00,63420.40
7.38,0.00,0.00,0.00,11.00,0.00,314.00,7071.00,0.00,62615.26
7.38,0.00,0.00,0.00,11.00,0.00,309.00,7076.00,0.00,61805.12
7.39,0.00,0.00,0.00,11.00,0.00,306.00,7079.00,0.00,61020.45
7.40,0.00,0.00,0.00,11.00,0.00,299.00,7086.00,0.00,60198.94
7.40,0.00,0.00,0.00,11.00,0.00,293.00,7092.00,0.00,59358.83
7.41,0.00,0.00,0.00,11.00,0.00,293.00,7092.00,0.00,58591.88
7.42,0.00,0.00,0.00,11.00,0.00,288.00,7097.00,0.00,57816.59
7.42,0.00,0.00,0.00,11.00,0.00,280.00,7105.00,0.00,56988.62
7.43,0.00,0.00,0.00,11.00,0.00,274.00,7111.00,0.00,56142.62
7.44,0.00,0.00,0.00,11.00,0.00,274.00,7111.00,0.00,55370.28
7.44,0.00,0.00,0.00,11.00,0.00,269.00,7116.00,0.00,54590.07
7.45,0.00,0.00,0.00,11.00,0.00,265.00,7120.00,0.00,53817.71
7.46,0.00,0.00,0.00,11.00,0.00,261.00,7124.00,0.00,53052.52
7.47,0.00,0.00,0.00,11.00,0.00,258.00,7127.00,0.00,52308.88
7.47,0.00,0.00,0.00,11.00,0.00,256.00,7129.00,0.00,51599.95
7.48,0.00,0.00,0.00,11.00,0.00,254.00,7131.00,0.00,50922.70
7.49,0.00,0.00,0.00,11.00,0.00,252.00,7133.00,0.00,50274.38
7.49,0.00,0.00,0.00,11.00,0.00,250.00,7135.00,0.00,49652.47
7.50,0.00,0.00,0.00,11.00,0.00,247.00,7138.00,0.00,49039.64
7.51,0.00,0.00,0.00,11.00,0.00,244.00,7141.00,0.00,48435.11
7.51,0.00,0.00,0.00,11.00,0.00,240.00,7145.00,0.00,47823.12
7.52,0.00,0.00,0.00,11.00,0.00,238.00,7147.00,0.00,47234.38
7.53,0.00,0.00,0.00,11.00,0.00,235.00,7150.00,0.00,46651.83
7.53,0.00,0.00,0.00,11.00,0.00,234.00,7151.00,0.00,46104.98
7.54,0.00,0.00,0.00,11.00,0.00,232.00,7153.00,0.00,45575.71
7.55,0.00,0.00,0.00,11.00,0.00,228.00,7157.00,0.00,45032.43
7.56,0.00,0.00,0.00,11.00,0.00,227.00,7158.00,0.00,44521.43
7.56,0.00,0.00,0.00,11.00,0.00,223.00,7162.00,0.00,43994.84
7.57,0.00,0.00,0.00,11.00,0.00,220.00,7165.00,0.00,43469.03
7.58,0.00,0.00,0.00,11.00,0.00,218.00,7167.00,0.00,42958.96
7.58,0.00,0.00,0.00,11.00,0.00,216.00,7169.00,0.00,42463.26
7.59,0.00,0.00,0.00,11.00,0.00,210.00,7175.00,0.00,41920.58
7.60,0.00,0.00,0.00,11.00,0.00,206.00,7179.00,0.00,41365.07
7.60,0.00,0.00,0.00,11.00,0.00,204.00,7181.00,0.00,40827.88
7.61,0.00,0.00,0.00,11.00,0.00,201.00,7184.00,0.00,40292.40
7.62,0.00,0.00,0.00,11.00,0.00,199.00,7186.00,0.00,39773.50
7.62,0.00,0.00,0.00,11.00,0.00,194.00,7191.00,0.00,39224.67
7.63,0.00,0.00,0.00,11.00,0.00,193.00,7192.00,0.00,38708.60
7.64,0.00,0.00,0.00,11.00,0.00,193.00,7192.00,0.00,38237.47
7.65,0.00,0.00,0.00,11.00,0.00,187.00,7198.00,0.00,37717.23
7.65,0.00,0.00,0.00,11.00,0.00,185.00,7200.00,0.00,37212.24
7.66,0.00,0.00,0.00,11.00,0.00,184.00,7201.00,0.00,36736.20
7.67,0.00,0.00,0.00,11.00,0.00,180.00,7205.00,0.00,36241.52
7.67,0.00,0.00,0.00,11.00,0.00,174.00,7211.00,0.00,35699.78
7.68,0.00,0.00,0.00,11.00,0.00,174.00,7211.00,0.00,35205.20
7.69,0.00,0.00,0.00,11.00,0.00,171.00,7214.00,0.00,34708.63
7.69,0.00,0.00,0.00,11.00,0.00,170.00,7215.00,0.00,34240.27
7.70,0.00,0.00,0.00,11.00,0.00,168.00,7217.00,0.00,33782.65
7.71,0.00,0.00,0.00,11.00,0.00,168.00,7217.00,0.00,33364.87
7.72,0.00,0.00,0.00,11.00,0.00,164.00,7221.00,0.00,32923.39
7.72,0.00,0.00,0.00,11.00,0.00,162.00,7223.00,0.00,32490.29
7.73,0.00,0.00,0.00,11.00,0.00,159.00,7226.00,0.00,32049.84
7.74,0.00,0.00,0.00,11.00,0.00,157.00,7228.00,0.00,31617.70
7.74,0.00,0.00,0.00,11.00,0.00,155.00,7230.00,0.00,31193.14
7.75,0.00,0.00,0.00,11.00,0.00,155.00,7230.00,0.00,30805.55
7.76,0.00,0.00,0.00,11.00,0.00,152.00,7233.00,0.00,30406.64
7.76,0.00,0.00,0.00,11.00,0.00,151.00,7234.00,0.00,30027.44
7.77,0.00,0.00,0.00,11.00,0.00,150.00,7235.00,0.00,29666.24
7.78,0.00,0.00,0.00,11.00,0.00,148.00,7237.00,0.00,29306.44
7.78,0.00,0.00,0.00,11.00,0.00,146.00,7239.00,0.00,28947.93
7.79,0.00,0.00,0.00,11.00,0.00,145.00,7240.00,0.00,28605.61
7.80,0.00,0.00,0.00,11.00,0.00,144.00,7241.00,0.00,28278.08
7.81,0.00,0.00,0.00,11.00,0.00,143.00,7242.00,0.00,27964.04
7.81,0.00,0.00,0.00,11.00,0.00,139.00,7246.00,0.00,27617.26
7.82,0.00,0.00,0.00,11.00,0.00,138.00,7247.00,0.00,27285.65
7.83,0.00,0.00,0.00,11.00,0.00,136.00,7249.00,0.00,26952.87
7.83,0.00,0.00,0.00,11.00,0.00,136.00,7249.00,0.00,26649.06
7.84,0.00,0.00,0.00,11.00,0.00,133.00,7252.00,0.00,26326.65
7.85,0.00,0.00,0.00,11.00,0.00,133.00,7252.00,0.00,26032.30
7.85,0.00,0.00,0.00,11.00,0.00,132.00,7253.00,0.00,25748.56
7.86,0.00,0.00,0.00,11.00,0.00,127.00,7258.00,0.00,25414.42
7.87,0.00,0.00,0.00,11.00,0.00,127.00,7258.00,0.00,25109.37
7.88,0.00,0.00,0.00,11.00,0.00,125.00,7260.00,0.00,24800.83
7.88,0.00,0.00,0.00,11.00,0.00,123.00,7262.00,0.00,24489.12
7.89,0.00,0.00,0.00,11.00,0.00,123.00,7262.00,0.00,24204.55
7.90,0.00,0.00,0.00,11.00,0.00,120.00,7265.00,0.00,23899.69
7.90,0.00,0.00,0.00,11.00,0.00,119.00,7266.00,0.00,23606.35
7.91,0.00,0.00,0.00,11.00,0.00,118.00,7267.00,0.00,23323.53
7.92,0.00,0.00,0.00,11.00,0.00,116.00,7269.00,0.00,23035.29
7.92,0.00,0.00,0.00,11.00,0.00,116.00,7269.00,0.00,22772.15
7.93,0.00,0.00,0.00,11.00,0.00,114.00,7271.00,0.00,22501.88
7.94,0.00,0.00,0.00,11.00,0.00,113.00,7272.00,0.00,22240.12
7.94,0.00,0.00,0.00,11.00,0.00,112.00,7273.00,0.00,21986.13
7.95,0.00,0.00,0.00,11.00,0.00,108.00,7277.00,0.00,21694.16
7.96,0.00,0.00,0.00,11.00,0.00,107.00,7278.00,0.00,21412.59
7.97,0.00,0.00,0.00,11.00,0.00,105.00,7280.00,0.00,21125.50
7.97,0.00,0.00,0.00,11.00,0.00,104.00,7281.00,0.00,20848.38
7.98,0.00,0.00,0.00,11.00,0.00,103.00,7282.00,0.00,20580.37
7.99,0.00,0.00,0.00,11.00,0.00,101.00,7284.00,0.00,20305.64
7.99,0.00,0.00,0.00,11.00,0.00,99.00,7286.00,0.00,20024.80
8.00,0.00,0.00,0.00,11.00,0.00,95.00,7290.00,0.00,19708.32
8.01,0.00,0.00,0.00,11.00,0.00,94.00,7291.00,0.00,19404.37
8.01,0.00,0.00,0.00,11.00,0.00,93.00,7292.00,0.00,19111.86
8.02,0.00,0.00,0.00,11.00,0.00,91.00,7294.00,0.00,18814.78
8.03,0.00,0.00,0.00,11.00,0.00,85.00,7300.00,0.00,18453.43
8.03,0.00,0.00,0.00,11.00,0.00,82.00,7303.00,0.00,18078.48
8.04,0.00,0.00,0.00,11.00,0.00,82.00,7303.00,0.00,17736.17
8.05,0.00,0.00,0.00,11.00,0.00,80.00,7305.00,0.00,17393.62
8.06,0.00,0.00,0.00,11.00,0.00,78.00,7307.00,0.00,17050.86
8.06,0.00,0.00,0.00,11.00,0.00,78.00,7307.00,0.00,16737.94
8.07,0.00,0.00,0.00,11.00,0.00,77.00,7308.00,0.00,16437.25
8.08,0.00,0.00,0.00,11.00,0.00,76.00,7309.00,0.00,16147.72
8.08,0.00,0.00,0.00,11.00,0.00,75.00,7310.00,0.00,15868.37
8.09,0.00,0.00,0.00,11.00,0.00,73.00,7312.00,0.00,15583.30
8.10,0.00,0.00,0.00,11.00,0.00,73.00,7312.00,0.00,15323.06
8.10,0.00,0.00,0.00,11.00,0.00,71.00,7314.00,0.00,15055.43
8.11,0.00,0.00,0.00,11.00,0.00,70.00,7315.00,0.00,14796.08
8.12,0.00,0.00,0.00,11.00,0.00,69.00,7316.00,0.00,14544.29
8.12,0.00,0.00,0.00,11.00,0.00,65.00,7320.00,0.00,14254.34
8.13,0.00,0.00,0.00,11.00,0.00,65.00,7320.00,0.00,13989.63
8.14,0.00,0.00,0.00,11.00,0.00,64.00,7321.00,0.00,13732.95
8.15,0.00,0.00,0.00,11.00,0.00,62.00,7323.00,0.00,13468.57
