Time,U,AI1,AI2,AD,BI2,BI2,BD,VA,VB
0.00,7392.00,2.00,0.00,0.00,2.00,0.00,0.00,75.00,75.00
0.01,7390.00,3.00,0.00,0.00,3.00,0.00,0.00,68.47,68.47
0.01,7389.00,3.00,0.00,0.00,4.00,0.00,0.00,62.51,62.51
0.02,7385.00,4.00,0.00,0.00,6.00,1.00,0.00,57.06,72.09
0.03,7384.00,4.00,0.00,0.00,7.00,1.00,0.00,52.10,80.83
0.03,7382.00,5.00,0.00,0.00,8.00,1.00,0.00,47.56,88.82
0.04,7381.00,6.00,0.00,0.00,6.00,3.00,0.00,43.42,126.15
0.05,7380.00,6.00,0.00,0.00,7.00,3.00,0.00,39.64,160.24
0.06,7378.00,6.00,0.00,0.00,9.00,3.00,0.00,36.19,191.35
0.06,7375.00,6.00,0.00,0.00,12.00,3.00,0.00,33.03,219.76
0.07,7373.00,6.00,0.00,0.00,14.00,3.00,0.00,30.16,245.69
0.08,7370.00,6.00,1.00,0.00,16.00,3.00,0.00,177.76,269.37
0.08,7369.00,7.00,1.00,0.00,15.00,4.00,0.00,312.52,306.01
0.09,7363.00,8.00,2.00,0.00,17.00,6.00,0.00,585.77,369.50
0.10,7356.00,12.00,2.00,0.00,20.00,6.00,0.00,835.22,427.46
0.10,7349.00,17.00,2.00,0.00,22.00,6.00,0.00,1062.96,480.38
0.11,7343.00,17.00,5.00,0.00,25.00,5.00,1.00,1721.56,513.67
0.12,7335.00,22.00,5.00,0.00,28.00,5.00,1.00,2322.81,544.05
0.12,7323.00,27.00,5.00,0.00,33.00,7.00,1.00,2871.70,601.84
0.13,7310.00,36.00,6.00,0.00,35.00,8.00,1.00,3523.03,669.62
0.14,7300.00,41.00,7.00,0.00,38.00,8.00,2.00,4267.88,731.50
0.15,7289.00,47.00,8.00,0.00,39.00,11.00,2.00,5098.10,833.06
0.15,7281.00,50.00,9.00,0.00,40.00,13.00,3.00,6006.26,955.82
0.16,7274.00,54.00,10.00,0.00,41.00,14.00,3.00,6985.57,1082.91
0.17,7262.00,57.00,13.00,0.00,47.00,14.00,3.00,8330.30,1198.94
0.17,7242.00,66.00,14.00,0.00,55.00,16.00,3.00,9708.17,1334.91
0.18,7235.00,70.00,16.00,0.00,53.00,18.00,4.00,11266.53,1489.09
0.19,7219.00,77.00,15.00,1.00,60.00,20.00,4.00,12538.95,1659.89
0.19,7202.00,86.00,18.00,2.00,62.00,22.00,4.00,14151.27,1845.86
0.20,7186.00,94.00,17.00,4.00,67.00,22.00,6.00,15472.97,2015.64
0.21,7168.00,103.00,20.00,4.00,71.00,23.00,7.00,17130.27,2185.66
0.22,7148.00,108.00,25.00,4.00,80.00,23.00,8.00,19394.42,2340.87
0.22,7125.00,119.00,26.00,5.00,88.00,23.00,10.00,21611.64,2482.57
0.23,7095.00,135.00,26.00,6.00,95.00,28.00,11.00,23635.80,2687.04
0.24,7073.00,146.00,29.00,7.00,97.00,32.00,12.00,25934.40,2933.81
0.24,7050.00,156.00,33.00,7.00,104.00,33.00,13.00,28633.77,3174.11
0.25,7025.00,163.00,38.00,7.00,114.00,36.00,13.00,31849.24,3438.55
0.26,7005.00,170.00,44.00,7.00,117.00,40.00,13.00,35686.11,3740.06
0.26,6972.00,188.00,50.00,7.00,120.00,43.00,16.00,40090.28,4060.39
0.27,6942.00,201.00,50.00,10.00,126.00,48.00,19.00,44110.94,4427.93
0.28,6913.00,205.00,59.00,12.00,138.00,48.00,21.00,49133.58,4763.48
0.28,6878.00,223.00,65.00,12.00,138.00,58.00,22.00,54620.26,5220.03
0.29,6839.00,241.00,70.00,13.00,151.00,59.00,23.00,60380.34,5651.86
0.30,6798.00,256.00,77.00,15.00,165.00,62.00,23.00,66690.47,6091.15
0.31,6755.00,278.00,84.00,17.00,176.00,63.00,23.00,73502.76,6507.22
0.31,6699.00,295.00,94.00,19.00,198.00,66.00,25.00,81224.17,6932.12
0.32,6644.00,315.00,103.00,20.00,218.00,69.00,27.00,89625.32,7365.09
0.33,6593.00,338.00,106.00,26.00,230.00,74.00,29.00,97745.62,7835.48
0.33,6545.00,359.00,110.00,29.00,245.00,78.00,30.00,105759.77,8325.00
0.34,6499.00,379.00,114.00,34.00,255.00,84.00,31.00,113676.99,8862.04
0.35,6448.00,395.00,128.00,35.00,269.00,88.00,33.00,123008.06,9412.40
0.35,6400.00,413.00,139.00,38.00,275.00,97.00,34.00,133179.16,10050.05
0.36,6348.00,440.00,146.00,41.00,284.00,100.00,37.00,143516.22,10677.25
0.37,6288.00,466.00,160.00,43.00,299.00,99.00,41.00,155056.40,11234.80
0.38,6228.00,489.00,168.00,44.00,321.00,102.00,44.00,166793.57,11788.88
0.38,6160.00,506.00,182.00,51.00,341.00,111.00,45.00,179611.95,12429.92
0.39,6104.00,527.00,201.00,52.00,346.00,121.00,45.00,194168.54,13165.37
0.40,6036.00,553.00,214.00,56.00,355.00,135.00,47.00,209410.62,14047.10
0.40,5974.00,572.00,231.00,59.00,361.00,151.00,48.00,225879.40,15092.43
0.41,5889.00,607.00,244.00,61.00,382.00,164.00,49.00,242867.16,16242.03
0.42,5802.00,639.00,264.00,63.00,406.00,170.00,52.00,261380.32,17381.68
0.42,5725.00,663.00,289.00,64.00,415.00,186.00,54.00,282037.21,18662.45
0.43,5637.00,707.00,300.00,70.00,428.00,195.00,59.00,302547.92,19966.91
0.44,5553.00,739.00,317.00,75.00,453.00,199.00,60.00,323826.57,21217.87
0.44,5476.00,762.00,339.00,78.00,469.00,208.00,64.00,346557.45,22495.11
0.45,5372.00,814.00,356.00,83.00,485.00,218.00,68.00,369862.95,23811.37
0.46,5278.00,846.00,373.00,91.00,504.00,232.00,72.00,393693.03,25223.34
0.47,5184.00,894.00,386.00,96.00,517.00,245.00,74.00,417401.09,26707.66
0.47,5102.00,916.00,417.00,98.00,528.00,255.00,80.00,443701.91,28212.96
0.48,5004.00,957.00,430.00,107.00,546.00,267.00,85.00,469665.57,29767.46
0.49,4912.00,982.00,462.00,114.00,550.00,285.00,91.00,498175.82,31457.02
0.49,4815.00,1019.00,481.00,120.00,567.00,300.00,94.00,527057.91,33224.81
0.50,4728.00,1047.00,506.00,127.00,575.00,318.00,95.00,557180.84,35109.08
0.51,4633.00,1084.00,522.00,138.00,591.00,326.00,102.00,587084.48,36949.46
0.51,4531.00,1125.00,547.00,143.00,603.00,341.00,106.00,618140.02,38854.93
0.52,4423.00,1168.00,568.00,150.00,617.00,362.00,108.00,649646.22,40909.97
0.53,4333.00,1194.00,601.00,153.00,630.00,370.00,115.00,683366.62,42906.25
0.53,4225.00,1241.00,625.00,163.00,639.00,385.00,118.00,717756.33,44954.05
0.54,4105.00,1277.00,667.00,165.00,668.00,391.00,123.00,755461.24,46913.67
0.55,4006.00,1305.00,696.00,173.00,682.00,405.00,129.00,794239.66,48912.98
0.56,3896.00,1348.00,722.00,179.00,701.00,417.00,133.00,833547.42,50918.48
0.56,3766.00,1396.00,763.00,185.00,725.00,422.00,139.00,875591.90,52824.46
0.57,3662.00,1419.00,806.00,191.00,739.00,435.00,144.00,920435.26,54759.78
0.58,3541.00,1468.00,842.00,194.00,751.00,449.00,151.00,966782.17,56736.90
0.58,3437.00,1496.00,876.00,199.00,769.00,464.00,155.00,1014201.24,58767.20
0.59,3328.00,1520.00,927.00,207.00,772.00,485.00,157.00,1065153.04,60936.21
0.60,3237.00,1544.00,964.00,211.00,779.00,500.00,161.00,1117226.72,63141.69
0.60,3117.00,1594.00,988.00,217.00,793.00,523.00,164.00,1168371.57,65500.66
0.61,3010.00,1616.00,1034.00,218.00,798.00,549.00,171.00,1221973.58,68044.82
0.62,2902.00,1648.00,1073.00,227.00,801.00,569.00,176.00,1276767.16,70667.90
0.62,2792.00,1677.00,1119.00,231.00,811.00,586.00,180.00,1333700.17,73317.98
0.63,2683.00,1716.00,1155.00,237.00,820.00,601.00,184.00,1391084.00,75962.64
0.64,2586.00,1719.00,1203.00,247.00,831.00,623.00,187.00,1450682.18,78707.52
0.65,2493.00,1732.00,1247.00,256.00,833.00,643.00,192.00,1511700.96,81513.85
0.65,2381.00,1766.00,1288.00,259.00,843.00,658.00,201.00,1573565.96,84301.17
0.66,2300.00,1772.00,1333.00,268.00,843.00,677.00,203.00,1636804.40,87131.22
0.67,2195.00,1789.00,1387.00,278.00,845.00,697.00,205.00,1702648.78,90015.30
0.67,2087.00,1815.00,1440.00,284.00,847.00,717.00,206.00,1770721.95,92948.70
0.68,2001.00,1836.00,1477.00,289.00,848.00,733.00,212.00,1838426.14,95867.05
0.69,1910.00,1840.00,1530.00,298.00,849.00,751.00,218.00,1908197.17,98801.70
0.69,1824.00,1849.00,1577.00,302.00,842.00,772.00,230.00,1978953.69,101796.29
0.70,1742.00,1850.00,1631.00,310.00,834.00,787.00,242.00,2051661.51,104755.48
0.71,1674.00,1835.00,1683.00,316.00,838.00,802.00,248.00,2125850.24,107682.33
0.72,1590.00,1856.00,1710.00,323.00,845.00,814.00,258.00,2197635.15,110534.61
0.72,1516.00,1857.00,1758.00,329.00,849.00,822.00,265.00,2270380.42,113258.70
0.73,1440.00,1855.00,1803.00,338.00,858.00,832.00,270.00,2343551.73,115895.83
0.74,1372.00,1846.00,1853.00,342.00,852.00,854.00,277.00,2417863.13,118633.83
0.74,1302.00,1838.00,1904.00,350.00,830.00,892.00,280.00,2493365.59,121704.30
0.75,1254.00,1821.00,1950.00,355.00,813.00,918.00,285.00,2569204.23,124898.00
0.76,1184.00,1805.00,2008.00,363.00,807.00,938.00,291.00,2647152.56,128114.07
0.76,1138.00,1787.00,2051.00,370.00,792.00,960.00,298.00,2724773.40,131380.61
0.77,1093.00,1761.00,2106.00,376.00,778.00,974.00,308.00,2803898.05,134573.03
0.78,1048.00,1754.00,2136.00,379.00,774.00,994.00,311.00,2880639.77,137787.93
0.78,995.00,1743.00,2177.00,392.00,760.00,1011.00,318.00,2956858.61,140978.29
0.79,942.00,1743.00,2209.00,399.00,757.00,1024.00,322.00,3031248.01,144086.14
0.80,885.00,1729.00,2260.00,404.00,740.00,1048.00,330.00,3106821.67,147283.93
0.81,837.00,1719.00,2297.00,410.00,739.00,1057.00,337.00,3181373.24,150338.47
0.81,794.00,1714.00,2326.00,419.00,732.00,1071.00,340.00,3253789.85,153337.36
0.82,738.00,1693.00,2376.00,427.00,731.00,1081.00,350.00,3327412.28,156225.35
0.83,696.00,1675.00,2410.00,439.00,724.00,1095.00,357.00,3399731.82,159072.19
0.83,656.00,1656.00,2446.00,448.00,722.00,1107.00,361.00,3471162.38,161851.42
0.84,623.00,1625.00,2490.00,459.00,719.00,1109.00,371.00,3542983.22,164418.69
0.85,579.00,1601.00,2541.00,466.00,705.00,1129.00,375.00,3616212.00,167062.87
0.85,538.00,1606.00,2561.00,476.00,690.00,1147.00,378.00,3686068.91,169747.22
0.86,495.00,1588.00,2607.00,481.00,679.00,1157.00,389.00,3756753.60,172348.07
0.87,463.00,1569.00,2641.00,491.00,664.00,1173.00,395.00,3826391.20,174962.81
0.88,434.00,1548.00,2675.00,500.00,654.00,1179.00,406.00,3895072.91,177440.01
0.88,408.00,1527.00,2705.00,508.00,640.00,1197.00,411.00,3962281.02,179971.92
0.89,384.00,1512.00,2733.00,515.00,626.00,1211.00,415.00,4027843.39,182493.68
0.90,359.00,1498.00,2764.00,521.00,608.00,1225.00,421.00,4092354.01,185006.19
0.90,334.00,1478.00,2797.00,527.00,591.00,1241.00,428.00,4156204.94,187540.28
0.91,309.00,1461.00,2828.00,534.00,578.00,1251.00,435.00,4219153.15,190003.95
0.92,290.00,1432.00,2867.00,540.00,571.00,1255.00,441.00,4282479.08,192313.18
0.92,269.00,1411.00,2897.00,546.00,558.00,1269.00,446.00,4344797.79,194631.66
0.93,251.00,1382.00,2932.00,553.00,548.00,1277.00,453.00,4406948.13,196868.44
0.94,230.00,1364.00,2957.00,560.00,535.00,1293.00,457.00,4467442.42,199150.82
0.94,220.00,1339.00,2981.00,569.00,519.00,1299.00,469.00,4526274.68,201324.59
0.95,203.00,1319.00,3010.00,576.00,510.00,1304.00,474.00,4584340.75,203384.20
0.96,186.00,1300.00,3039.00,582.00,495.00,1315.00,479.00,4641707.36,205429.72
0.97,170.00,1283.00,3058.00,593.00,481.00,1324.00,487.00,4696933.11,207432.34
0.97,158.00,1255.00,3093.00,597.00,467.00,1330.00,496.00,4752608.11,209350.71
0.98,146.00,1220.00,3131.00,604.00,457.00,1337.00,501.00,4809143.94,211207.20
0.99,132.00,1194.00,3166.00,607.00,446.00,1338.00,513.00,4866014.95,212917.06
0.99,119.00,1177.00,3184.00,617.00,435.00,1346.00,518.00,4920638.01,214598.21
1.00,106.00,1152.00,3210.00,626.00,430.00,1348.00,524.00,4974410.73,216163.02
1.01,100.00,1116.00,3239.00,637.00,416.00,1359.00,529.00,5027857.83,217756.83
1.01,86.00,1095.00,3262.00,648.00,404.00,1370.00,531.00,5080106.28,219377.11
1.02,81.00,1071.00,3281.00,656.00,392.00,1378.00,537.00,5130659.54,220976.49
1.03,78.00,1047.00,3300.00,663.00,383.00,1383.00,542.00,5179665.21,222511.72
1.03,64.00,1031.00,3319.00,674.00,375.00,1382.00,551.00,5227258.04,223898.24
1.04,55.00,1008.00,3347.00,678.00,366.00,1381.00,561.00,5274913.17,225149.00
1.05,46.00,993.00,3356.00,692.00,356.00,1385.00,568.00,5319770.74,226350.95
1.06,38.00,977.00,3371.00,699.00,353.00,1382.00,576.00,5362975.77,227403.17
1.06,31.00,959.00,3392.00,703.00,342.00,1384.00,585.00,5405573.52,228393.81
1.07,27.00,937.00,3409.00,712.00,333.00,1389.00,589.00,5447015.96,229373.30
1.08,19.00,912.00,3435.00,719.00,323.00,1394.00,594.00,5488755.77,230342.62
1.08,13.00,897.00,3449.00,726.00,312.00,1401.00,598.00,5528964.28,231332.70
1.09,9.00,879.00,3463.00,734.00,308.00,1402.00,601.00,5567774.83,232251.58
1.10,4.00,860.00,3478.00,742.00,297.00,1411.00,604.00,5605459.37,233225.67
1.10,4.00,836.00,3493.00,751.00,292.00,1406.00,614.00,5642115.96,234039.82
1.11,2.00,812.00,3513.00,757.00,284.00,1409.00,619.00,5678585.26,234828.14
1.12,1.00,788.00,3529.00,766.00,277.00,1410.00,625.00,5714282.66,235562.84
1.12,0.00,766.00,3538.00,780.00,270.00,1409.00,633.00,5748223.75,236218.55
1.13,0.00,735.00,3565.00,784.00,264.00,1409.00,639.00,5783265.61,236817.16
1.14,0.00,718.00,3572.00,794.00,255.00,1410.00,647.00,5816307.79,237378.67
1.15,0.00,695.00,3591.00,798.00,252.00,1403.00,657.00,5849327.18,237786.12
1.15,0.00,676.00,3606.00,802.00,246.00,1402.00,664.00,5881724.86,238143.07
1.16,0.00,658.00,3618.00,808.00,234.00,1408.00,670.00,5913104.23,238559.07
1.17,0.00,640.00,3623.00,821.00,231.00,1408.00,673.00,5942502.38,238938.85
1.17,0.00,624.00,3634.00,826.00,227.00,1407.00,678.00,5970993.17,239270.54
1.18,0.00,611.00,3637.00,836.00,218.00,1406.00,688.00,5997453.81,239558.33
1.19,0.00,588.00,3651.00,845.00,211.00,1409.00,692.00,6023713.60,239866.12
1.19,0.00,573.00,3657.00,854.00,203.00,1409.00,700.00,6048588.16,240147.11
1.20,0.00,561.00,3662.00,861.00,194.00,1412.00,706.00,6072047.91,240448.71
1.21,0.00,541.00,3668.00,875.00,187.00,1415.00,710.00,6094366.26,240769.11
1.22,0.00,522.00,3680.00,882.00,181.00,1410.00,721.00,6116543.98,240986.50
1.22,0.00,499.00,3700.00,885.00,176.00,1407.00,729.00,6139795.19,241139.89
1.23,0.00,489.00,3696.00,899.00,172.00,1406.00,734.00,6160420.84,241264.89
1.24,0.00,476.00,3700.00,908.00,165.00,1406.00,741.00,6179851.41,241379.02
1.24,0.00,461.00,3703.00,920.00,162.00,1404.00,746.00,6198040.74,241453.16
1.25,0.00,442.00,3718.00,924.00,156.00,1402.00,754.00,6216899.69,241490.80
1.26,0.00,436.00,3719.00,929.00,146.00,1403.00,763.00,6234266.72,241540.18
1.26,0.00,428.00,3722.00,934.00,141.00,1400.00,771.00,6250572.16,241540.19
1.27,0.00,412.00,3731.00,941.00,135.00,1399.00,778.00,6266809.88,241525.18
1.28,0.00,399.00,3736.00,949.00,132.00,1395.00,785.00,6282384.85,241451.39
1.28,0.00,384.00,3741.00,959.00,128.00,1390.00,794.00,6297354.74,241308.90
1.29,0.00,368.00,3748.00,968.00,122.00,1385.00,805.00,6312072.75,241103.71
1.30,0.00,358.00,3752.00,974.00,117.00,1383.00,812.00,6326110.08,240886.33
1.31,0.00,350.00,3751.00,983.00,112.00,1380.00,820.00,6338774.87,240642.82
1.31,0.00,340.00,3751.00,993.00,111.00,1374.00,827.00,6350336.86,240330.37
1.32,0.00,328.00,3757.00,999.00,108.00,1370.00,834.00,6361793.47,239985.04
1.33,0.00,318.00,3760.00,1006.00,102.00,1368.00,842.00,6372703.17,239639.73
1.33,0.00,310.00,3759.00,1015.00,101.00,1361.00,850.00,6382512.67,239219.32
1.34,0.00,301.00,3761.00,1022.00,100.00,1358.00,854.00,6391768.45,238790.45
1.35,0.00,295.00,3760.00,1029.00,97.00,1357.00,858.00,6400068.04,238383.91
1.35,0.00,286.00,3761.00,1037.00,93.00,1358.00,861.00,6407795.17,238027.79
1.36,0.00,280.00,3759.00,1045.00,91.00,1356.00,865.00,6414548.99,237672.63
1.37,0.00,270.00,3763.00,1051.00,90.00,1346.00,876.00,6421315.63,237198.16
1.38,0.00,264.00,3758.00,1062.00,89.00,1340.00,883.00,6426741.91,236674.88
1.38,0.00,254.00,3764.00,1066.00,88.00,1334.00,890.00,6432597.09,236107.01
1.39,0.00,245.00,3763.00,1076.00,88.00,1328.00,896.00,6437792.18,235498.46
1.40,0.00,237.00,3766.00,1081.00,86.00,1326.00,900.00,6442985.59,234912.85
1.40,0.00,231.00,3765.00,1088.00,85.00,1319.00,908.00,6447576.55,234273.07
1.41,0.00,224.00,3767.00,1093.00,84.00,1312.00,916.00,6452068.21,233583.84
1.42,0.00,220.00,3763.00,1101.00,82.00,1309.00,921.00,6455567.82,232909.56
1.42,0.00,216.00,3762.00,1106.00,81.00,1303.00,928.00,6458612.49,232203.85
1.43,0.00,211.00,3759.00,1114.00,79.00,1301.00,932.00,6460941.32,231529.54
1.44,0.00,203.00,3763.00,1118.00,74.00,1291.00,947.00,6463668.31,230763.72
1.44,0.00,199.00,3757.00,1128.00,72.00,1290.00,950.00,6465256.45,230049.56
1.45,0.00,194.00,3752.00,1138.00,71.00,1282.00,959.00,6465955.14,229277.41
1.46,0.00,187.00,3756.00,1141.00,67.00,1279.00,966.00,6467193.92,228527.42
1.47,0.00,184.00,3753.00,1147.00,67.00,1268.00,977.00,6467874.14,227677.48
1.47,0.00,182.00,3747.00,1155.00,65.00,1261.00,986.00,6467593.73,226796.38
1.48,0.00,175.00,3746.00,1163.00,62.00,1258.00,992.00,6467187.51,225946.95
1.49,0.00,169.00,3745.00,1170.00,60.00,1248.00,1004.00,6466666.43,225021.24
1.49,0.00,162.00,3743.00,1179.00,59.00,1236.00,1017.00,6465890.27,223995.87
1.50,0.00,159.00,3740.00,1185.00,57.00,1232.00,1023.00,6464730.98,222999.68
1.51,0.00,154.00,3736.00,1194.00,55.00,1227.00,1030.00,6463071.73,222015.13
1.51,0.00,149.00,3732.00,1203.00,51.00,1230.00,1031.00,6460956.04,221161.37
1.52,0.00,144.00,3730.00,1210.00,48.00,1227.00,1037.00,6458724.11,220336.89
1.53,0.00,139.00,3728.00,1217.00,48.00,1217.00,1047.00,6456386.05,219433.97
1.53,0.00,133.00,3731.00,1220.00,46.00,1216.00,1050.00,6454702.29,218594.65
1.54,0.00,130.00,3728.00,1226.00,43.00,1217.00,1052.00,6452714.46,217843.44
1.55,0.00,123.00,3725.00,1236.00,42.00,1214.00,1056.00,6450449.01,217112.57
1.56,0.00,120.00,3718.00,1246.00,40.00,1210.00,1062.00,6447329.21,216385.25
1.56,0.00,118.00,3712.00,1254.00,38.00,1204.00,1070.00,6443579.68,215631.12
1.57,0.00,114.00,3709.00,1261.00,36.00,1200.00,1076.00,6439705.96,214882.57
1.58,0.00,111.00,3703.00,1270.00,33.00,1198.00,1081.00,6435268.14,214169.15
1.58,0.00,105.00,3701.00,1278.00,32.00,1196.00,1084.00,6430916.31,213487.81
1.59,0.00,104.00,3694.00,1286.00,31.00,1193.00,1088.00,6425891.79,212820.72
1.60,0.00,103.00,3692.00,1289.00,30.00,1185.00,1097.00,6421004.33,212091.54
1.60,0.00,99.00,3688.00,1297.00,30.00,1174.00,1108.00,6415941.52,211260.60
1.61,0.00,96.00,3687.00,1301.00,28.00,1170.00,1114.00,6411169.32,210441.92
1.62,0.00,94.00,3680.00,1310.00,27.00,1169.00,1116.00,6405761.07,209679.50
1.62,0.00,93.00,3671.00,1320.00,26.00,1160.00,1126.00,6399471.65,208848.27
1.63,0.00,91.00,3661.00,1332.00,26.00,1155.00,1131.00,6392227.58,208014.30
1.64,0.00,89.00,3659.00,1336.00,25.00,1152.00,1135.00,6385313.83,207207.88
1.65,0.00,86.00,3656.00,1342.00,25.00,1145.00,1142.00,6378551.42,206366.52
1.65,0.00,86.00,3649.00,1349.00,25.00,1138.00,1149.00,6371326.21,205493.25
1.66,0.00,85.00,3643.00,1356.00,23.00,1133.00,1156.00,6363828.78,204620.92
1.67,0.00,84.00,3641.00,1359.00,22.00,1130.00,1160.00,6356683.73,203779.47
1.67,0.00,80.00,3643.00,1361.00,20.00,1122.00,1170.00,6350461.29,202891.11
1.68,0.00,78.00,3634.00,1372.00,20.00,1116.00,1176.00,6343428.62,201989.96
1.69,0.00,76.00,3628.00,1380.00,20.00,1111.00,1181.00,6336106.91,201092.17
1.69,0.00,75.00,3620.00,1389.00,20.00,1103.00,1189.00,6328220.92,200152.36
1.70,0.00,72.00,3610.00,1402.00,20.00,1096.00,1196.00,6319519.28,199189.23
1.71,0.00,72.00,3600.00,1412.00,20.00,1089.00,1203.00,6310073.06,198204.81
1.72,0.00,72.00,3590.00,1422.00,20.00,1085.00,1207.00,6299947.04,197246.01
1.72,0.00,70.00,3584.00,1430.00,20.00,1074.00,1218.00,6289801.38,196205.45
1.73,0.00,70.00,3579.00,1435.00,20.00,1065.00,1227.00,6279788.00,195120.28
1.74,0.00,66.00,3579.00,1439.00,19.00,1063.00,1230.00,6270646.55,194099.56
1.74,0.00,66.00,3572.00,1446.00,19.00,1056.00,1237.00,6261249.49,193062.56
1.75,0.00,66.00,3565.00,1453.00,19.00,1052.00,1241.00,6251619.06,192055.77
1.76,0.00,66.00,3557.00,1461.00,19.00,1043.00,1250.00,6241625.36,191001.43
1.76,0.00,65.00,3552.00,1467.00,19.00,1036.00,1257.00,6231750.73,189933.74
1.77,0.00,61.00,3550.00,1473.00,19.00,1029.00,1264.00,6222435.47,188853.86
1.78,0.00,60.00,3547.00,1477.00,19.00,1018.00,1275.00,6213480.65,187702.75
1.78,0.00,60.00,3537.00,1487.00,18.00,1013.00,1281.00,6203803.28,186576.77
1.79,0.00,60.00,3532.00,1492.00,17.00,1007.00,1288.00,6194217.42,185458.69
1.80,0.00,58.00,3519.00,1507.00,17.00,1001.00,1294.00,6183513.25,184347.83
1.81,0.00,58.00,3513.00,1513.00,16.00,997.00,1299.00,6172839.77,183273.61
1.81,0.00,58.00,3503.00,1523.00,16.00,991.00,1305.00,6161593.37,182202.78
1.82,0.00,57.00,3498.00,1529.00,14.00,986.00,1312.00,6150575.12,181150.09
1.83,0.00,56.00,3495.00,1533.00,14.00,978.00,1320.00,6140065.60,180068.87
1.83,0.00,54.00,3491.00,1539.00,14.00,973.00,1325.00,6129870.28,179006.69
1.84,0.00,50.00,3486.00,1548.00,14.00,968.00,1330.00,6119811.58,177961.88
1.85,0.00,47.00,3479.00,1558.00,13.00,964.00,1335.00,6109577.13,176947.96
1.85,0.00,45.00,3472.00,1567.00,12.00,961.00,1339.00,6099182.23,175977.26
1.86,0.00,44.00,3466.00,1574.00,12.00,951.00,1349.00,6088791.09,174940.85
1.87,0.00,43.00,3456.00,1585.00,12.00,945.00,1355.00,6077802.46,173904.54
1.88,0.00,42.00,3450.00,1592.00,12.00,940.00,1360.00,6066869.29,172883.36
1.88,0.00,42.00,3445.00,1597.00,11.00,935.00,1366.00,6056136.99,171875.99
1.89,0.00,41.00,3440.00,1603.00,11.00,928.00,1373.00,6045588.05,170851.17
1.90,0.00,40.00,3433.00,1611.00,11.00,924.00,1377.00,6034906.06,169855.49
1.90,0.00,40.00,3418.00,1626.00,11.00,919.00,1382.00,6022900.75,168871.40
1.91,0.00,33.00,3419.00,1632.00,11.00,915.00,1386.00,6012091.04,167912.91
1.92,0.00,31.00,3418.00,1635.00,11.00,910.00,1391.00,6002072.36,166962.76
1.92,0.00,30.00,3415.00,1639.00,11.00,906.00,1395.00,5992475.38,166035.26
1.93,0.00,30.00,3402.00,1652.00,11.00,899.00,1402.00,5981761.05,165083.35
1.94,0.00,28.00,3400.00,1656.00,11.00,893.00,1408.00,5971679.25,164124.20
1.94,0.00,26.00,3392.00,1666.00,11.00,885.00,1416.00,5961273.46,163128.38
1.95,0.00,24.00,3391.00,1669.00,11.00,878.00,1423.00,5951623.53,162114.11
1.96,0.00,23.00,3386.00,1675.00,11.00,871.00,1430.00,5942062.73,161083.00
1.97,0.00,23.00,3377.00,1684.00,11.00,867.00,1434.00,5931982.38,160081.58
1.97,0.00,23.00,3370.00,1691.00,10.00,863.00,1439.00,5921728.15,159107.27
1.98,0.00,22.00,3367.00,1695.00,10.00,854.00,1448.00,5911916.14,158082.59
1.99,0.00,20.00,3367.00,1697.00,9.00,848.00,1455.00,5902958.51,157056.99
1.99,0.00,19.00,3359.00,1706.00,8.00,847.00,1457.00,5893579.03,156105.68
2.00,0.00,19.00,3346.00,1719.00,7.00,846.00,1459.00,5883063.27,155222.18
2.01,0.00,18.00,3337.00,1729.00,5.00,844.00,1463.00,5872111.10,154385.56
2.01,0.00,18.00,3332.00,1734.00,5.00,839.00,1468.00,5861361.46,153546.68
2.02,0.00,18.00,3323.00,1743.00,5.00,828.00,1479.00,5850195.75,152615.59
2.03,0.00,17.00,3314.00,1753.00,4.00,824.00,1484.00,5838650.24,151705.49
2.03,0.00,17.00,3307.00,1760.00,4.00,820.00,1488.00,5827058.45,150814.54
2.04,0.00,17.00,3303.00,1764.00,3.00,818.00,1491.00,5815875.11,149971.12
2.05,0.00,17.00,3293.00,1774.00,3.00,814.00,1495.00,5804163.25,149141.05
2.06,0.00,17.00,3288.00,1779.00,3.00,809.00,1500.00,5792720.05,148308.15
2.06,0.00,17.00,3279.00,1788.00,3.00,802.00,1507.00,5780921.22,147442.61
2.07,0.00,17.00,3273.00,1794.00,3.00,795.00,1514.00,5769248.37,146547.28
2.08,0.00,17.00,3264.00,1803.00,3.00,784.00,1525.00,5757239.88,145564.65
2.08,0.00,17.00,3261.00,1806.00,3.00,776.00,1533.00,5745826.34,144547.40
2.09,0.00,17.00,3254.00,1813.00,3.00,773.00,1536.00,5734355.04,143573.66
2.10,0.00,17.00,3246.00,1821.00,3.00,767.00,1542.00,5722680.77,142594.58
2.10,0.00,17.00,3242.00,1825.00,3.00,763.00,1546.00,5711422.11,141640.65
2.11,0.00,16.00,3236.00,1832.00,3.00,757.00,1552.00,5700242.43,140679.65
2.12,0.00,15.00,3234.00,1835.00,3.00,754.00,1555.00,5689735.76,139757.26
2.12,0.00,15.00,3221.00,1848.00,3.00,750.00,1559.00,5678190.98,138855.09
2.13,0.00,15.00,3212.00,1857.00,3.00,743.00,1566.00,5666299.38,137926.33
2.14,0.00,15.00,3205.00,1864.00,3.00,733.00,1576.00,5654391.64,136928.20
2.15,0.00,15.00,3196.00,1873.00,3.00,726.00,1583.00,5642168.70,135911.82
2.15,0.00,14.00,3191.00,1879.00,3.00,721.00,1588.00,5630258.92,134908.83
2.16,0.00,14.00,3186.00,1884.00,3.00,713.00,1596.00,5618635.05,133872.99
2.17,0.00,13.00,3177.00,1894.00,3.00,702.00,1607.00,5606671.25,132762.10
2.17,0.00,13.00,3168.00,1903.00,3.00,698.00,1611.00,5594397.14,131687.84
2.18,0.00,11.00,3163.00,1910.00,3.00,689.00,1620.00,5582440.67,130571.92
2.19,0.00,11.00,3152.00,1921.00,3.00,686.00,1623.00,5569872.75,129508.10
2.19,0.00,11.00,3142.00,1931.00,3.00,681.00,1628.00,5556896.90,128461.79
2.20,0.00,10.00,3136.00,1938.00,3.00,677.00,1632.00,5544149.54,127446.51
2.21,0.00,9.00,3128.00,1947.00,3.00,674.00,1635.00,5531310.33,126474.56
2.22,0.00,9.00,3120.00,1955.00,3.00,666.00,1643.00,5518387.25,125467.05
2.22,0.00,7.00,3112.00,1965.00,3.00,660.00,1649.00,5505387.61,124457.14
2.23,0.00,7.00,3104.00,1973.00,3.00,655.00,1654.00,5492318.09,123460.05
2.24,0.00,7.00,3097.00,1980.00,3.00,652.00,1657.00,5479334.98,122504.72
2.24,0.00,7.00,3091.00,1986.00,3.00,648.00,1661.00,5466581.00,121572.48
2.25,0.00,7.00,3083.00,1994.00,2.00,647.00,1663.00,5453735.76,120706.39
2.26,0.00,7.00,3076.00,2001.00,2.00,641.00,1669.00,5440957.39,119825.58
2.26,0.00,7.00,3064.00,2013.00,2.00,637.00,1673.00,5427488.95,118961.37
2.27,0.00,7.00,3060.00,2017.00,1.00,635.00,1676.00,5414592.36,118142.37
2.28,0.00,7.00,3053.00,2024.00,1.00,630.00,1681.00,5401767.13,117319.57
2.28,0.00,6.00,3048.00,2030.00,1.00,622.00,1689.00,5389307.52,116448.23
2.29,0.00,5.00,3046.00,2033.00,1.00,614.00,1697.00,5377632.38,115532.58
2.30,0.00,5.00,3039.00,2040.00,1.00,606.00,1705.00,5365922.25,114576.48
2.31,0.00,5.00,3024.00,2055.00,1.00,603.00,1708.00,5352978.32,113658.55
2.31,0.00,5.00,3019.00,2060.00,1.00,595.00,1716.00,5340410.34,112700.38
2.32,0.00,5.00,3014.00,2065.00,1.00,593.00,1718.00,5328185.57,111795.59
2.33,0.00,5.00,3003.00,2076.00,1.00,590.00,1721.00,5315372.75,110924.52
2.33,0.00,5.00,2995.00,2084.00,1.00,585.00,1726.00,5302473.77,110054.18
2.34,0.00,5.00,2985.00,2094.00,1.00,576.00,1735.00,5289195.67,109124.41
2.35,0.00,5.00,2980.00,2099.00,1.00,567.00,1744.00,5276322.61,108140.40
2.35,0.00,5.00,2975.00,2104.00,1.00,561.00,1750.00,5263819.34,107151.94
2.36,0.00,5.00,2966.00,2113.00,1.00,557.00,1754.00,5251052.73,106189.45
2.37,0.00,5.00,2958.00,2121.00,1.00,552.00,1759.00,5238195.93,105235.66
2.38,0.00,5.00,2950.00,2129.00,1.00,548.00,1763.00,5225256.79,104304.83
2.38,0.00,5.00,2944.00,2135.00,1.00,539.00,1772.00,5212542.95,103319.84
2.39,0.00,5.00,2940.00,2139.00,1.00,534.00,1777.00,5200335.27,102345.51
2.40,0.00,5.00,2934.00,2145.00,1.00,529.00,1782.00,5188289.20,101380.90
2.40,0.00,4.00,2923.00,2157.00,1.00,526.00,1785.00,5175639.50,100455.22
2.41,0.00,4.00,2917.00,2163.00,1.00,523.00,1788.00,5163189.91,99565.07
2.42,0.00,3.00,2912.00,2169.00,1.00,519.00,1792.00,5151073.22,98692.34
2.42,0.00,3.00,2904.00,2177.00,1.00,510.00,1801.00,5138809.75,97760.40
2.43,0.00,3.00,2897.00,2184.00,1.00,503.00,1808.00,5126562.52,96804.44
2.44,0.00,3.00,2891.00,2190.00,1.00,499.00,1812.00,5114480.34,95871.63
2.44,0.00,3.00,2882.00,2199.00,1.00,497.00,1814.00,5102098.15,94990.00
2.45,0.00,3.00,2872.00,2209.00,1.00,491.00,1820.00,5089291.84,94095.00
2.46,0.00,3.00,2869.00,2212.00,1.00,485.00,1826.00,5077149.96,93187.80
2.47,0.00,3.00,2863.00,2218.00,1.00,480.00,1831.00,5065163.96,92284.48
2.47,0.00,3.00,2854.00,2227.00,0.00,476.00,1836.00,5052869.58,91399.72
2.48,0.00,3.00,2850.00,2231.00,0.00,473.00,1839.00,5041044.81,90546.93
2.49,0.00,3.00,2843.00,2238.00,0.00,467.00,1845.00,5029198.08,89678.26
2.49,0.00,3.00,2831.00,2250.00,0.00,462.00,1850.00,5016580.14,88810.12
2.50,0.00,3.00,2830.00,2251.00,0.00,458.00,1854.00,5004910.69,87957.47
2.51,0.00,3.00,2823.00,2258.00,0.00,452.00,1860.00,4993205.76,87088.94
2.51,0.00,3.00,2818.00,2263.00,0.00,446.00,1866.00,4981768.87,86205.89
2.52,0.00,2.00,2813.00,2269.00,0.00,440.00,1872.00,4970576.72,85309.60
2.53,0.00,2.00,2806.00,2276.00,0.00,437.00,1875.00,4959307.53,84446.28
2.53,0.00,2.00,2798.00,2284.00,0.00,437.00,1875.00,4947817.75,83658.14
2.54,0.00,1.00,2788.00,2295.00,0.00,433.00,1879.00,4935826.15,82878.53
2.55,0.00,1.00,2779.00,2304.00,0.00,429.00,1883.00,4923526.65,82106.72
2.56,0.00,1.00,2774.00,2309.00,0.00,425.00,1887.00,4911546.98,81342.02
2.56,0.00,1.00,2769.00,2314.00,0.00,423.00,1889.00,4899859.30,80613.86
2.57,0.00,1.00,2764.00,2319.00,0.00,417.00,1895.00,4888438.18,79858.97
2.58,0.00,1.00,2757.00,2326.00,0.00,409.00,1903.00,4876959.96,79049.62
2.58,0.00,1.00,2749.00,2334.00,0.00,404.00,1908.00,4865279.35,78235.64
2.59,0.00,1.00,2747.00,2336.00,0.00,396.00,1916.00,4854315.39,77372.35
2.60,0.00,1.00,2738.00,2345.00,0.00,391.00,1921.00,4842954.03,76509.11
2.60,0.00,1.00,2729.00,2354.00,0.00,388.00,1924.00,4831229.90,75675.97
2.61,0.00,1.00,2720.00,2363.00,0.00,383.00,1929.00,4819174.59,74840.27
2.62,0.00,1.00,2714.00,2369.00,0.00,378.00,1934.00,4807267.61,74002.21
2.62,0.00,1.00,2704.00,2379.00,0.00,374.00,1938.00,4794895.14,73177.04
2.63,0.00,1.00,2696.00,2387.00,0.00,367.00,1945.00,4782398.17,72318.56
2.64,0.00,1.00,2686.00,2397.00,0.00,363.00,1949.00,4769487.06,71474.74
2.65,0.00,1.00,2684.00,2399.00,0.00,355.00,1957.00,4757399.75,70584.21
2.65,0.00,1.00,2677.00,2406.00,0.00,353.00,1959.00,4745313.33,69741.18
2.66,0.00,1.00,2673.00,2410.00,0.00,352.00,1960.00,4733678.42,68956.54
2.67,0.00,1.00,2669.00,2414.00,0.00,348.00,1964.00,4722455.70,68180.12
2.67,0.00,1.00,2661.00,2422.00,0.00,345.00,1967.00,4711008.38,67426.25
2.68,0.00,1.00,2654.00,2429.00,0.00,344.00,1968.00,4699506.22,66722.99
2.69,0.00,1.00,2648.00,2435.00,0.00,342.00,1970.00,4688104.23,66050.93
2.69,0.00,1.00,2641.00,2442.00,0.00,339.00,1973.00,4676643.48,65392.31
2.70,0.00,1.00,2624.00,2459.00,0.00,333.00,1979.00,4663626.73,64700.91
2.71,0.00,1.00,2613.00,2470.00,0.00,326.00,1986.00,4650090.89,63964.55
2.72,0.00,1.00,2602.00,2481.00,0.00,318.00,1994.00,4636081.16,63172.12
2.72,0.00,1.00,2595.00,2488.00,0.00,314.00,1998.00,4622239.72,62388.61
2.73,0.00,1.00,2587.00,2496.00,0.00,309.00,2003.00,4608401.70,61598.20
2.74,0.00,1.00,2578.00,2505.00,0.00,304.00,2008.00,4594416.55,60801.50
2.74,0.00,1.00,2574.00,2509.00,0.00,303.00,2009.00,4581048.24,60059.15
2.75,0.00,1.00,2567.00,2516.00,0.00,300.00,2012.00,4567792.38,59336.38
2.76,0.00,1.00,2561.00,2522.00,0.00,297.00,2015.00,4554789.39,58631.47
2.76,0.00,1.00,2553.00,2530.00,0.00,295.00,2017.00,4541716.81,57957.90
2.77,0.00,1.00,2542.00,2541.00,0.00,290.00,2022.00,4528129.99,57267.86
2.78,0.00,1.00,2532.00,2551.00,0.00,284.00,2028.00,4514223.95,56547.77
2.78,0.00,1.00,2520.00,2563.00,0.00,276.00,2036.00,4499726.01,55770.19
2.79,0.00,1.00,2511.00,2572.00,0.00,274.00,2038.00,4485138.42,55030.28
2.80,0.00,1.00,2501.00,2582.00,0.00,270.00,2042.00,4470318.73,54294.71
2.81,0.00,1.00,2498.00,2585.00,0.00,267.00,2045.00,4456338.80,53578.11
2.81,0.00,1.00,2490.00,2593.00,0.00,267.00,2045.00,4442374.35,52923.92
2.82,0.00,1.00,2485.00,2598.00,0.00,261.00,2051.00,4428874.69,52236.55
2.83,0.00,1.00,2479.00,2604.00,0.00,258.00,2054.00,4415649.14,51563.96
2.83,0.00,1.00,2470.00,2613.00,0.00,254.00,2058.00,4402223.15,50889.85
2.84,0.00,1.00,2464.00,2619.00,0.00,251.00,2061.00,4389064.85,50229.37
2.85,0.00,1.00,2457.00,2626.00,0.00,248.00,2064.00,4376000.70,49581.33
2.85,0.00,1.00,2454.00,2629.00,0.00,247.00,2065.00,4363623.44,48974.70
2.86,0.00,1.00,2439.00,2644.00,0.00,244.00,2068.00,4350070.47,48375.82
2.87,0.00,1.00,2429.00,2654.00,0.00,242.00,2070.00,4336195.33,47799.04
2.88,0.00,1.00,2422.00,2661.00,0.00,238.00,2074.00,4322476.76,47212.39
2.88,0.00,1.00,2416.00,2667.00,0.00,237.00,2075.00,4309051.37,46661.80
2.89,0.00,1.00,2406.00,2677.00,0.00,234.00,2078.00,4295292.68,46114.09
2.90,0.00,1.00,2399.00,2684.00,0.00,234.00,2078.00,4281680.44,45614.07
2.90,0.00,1.00,2396.00,2687.00,0.00,228.00,2084.00,4268802.80,45067.45
2.91,0.00,1.00,2391.00,2692.00,0.00,227.00,2085.00,4256295.34,44553.40
2.92,0.00,1.00,2385.00,2698.00,0.00,226.00,2086.00,4243975.59,44069.10
2.92,0.00,1.00,2381.00,2702.00,0.00,225.00,2087.00,4232127.66,43611.94
2.93,0.00,1.00,2376.00,2707.00,0.00,217.00,2095.00,4220560.26,43074.40
2.94,0.00,1.00,2371.00,2712.00,0.00,215.00,2097.00,4209248.94,42553.62
2.94,0.00,1.00,2362.00,2721.00,0.00,212.00,2100.00,4197570.49,42033.13
2.95,0.00,1.00,2353.00,2730.00,0.00,208.00,2104.00,4185556.87,41497.86
2.96,0.00,1.00,2347.00,2736.00,0.00,205.00,2107.00,4173687.96,40964.13
2.97,0.00,1.00,2337.00,2746.00,0.00,201.00,2111.00,4161350.23,40416.78
2.97,0.00,1.00,2331.00,2752.00,0.00,196.00,2116.00,4149185.44,39841.98
2.98,0.00,1.00,2319.00,2764.00,0.00,193.00,2119.00,4136277.13,39272.16
2.99,0.00,0.00,2319.00,2765.00,0.00,192.00,2120.00,4124492.84,38736.94
2.99,0.00,0.00,2316.00,2768.00,0.00,190.00,2122.00,4113283.96,38218.27
3.00,0.00,0.00,2302.00,2782.00,0.00,187.00,2125.00,4100947.89,37699.70
3.01,0.00,0.00,2299.00,2785.00,0.00,182.00,2130.00,4089235.29,37151.17
3.01,0.00,0.00,2295.00,2789.00,0.00,178.00,2134.00,4077941.66,36590.31
3.02,0.00,0.00,2290.00,2794.00,0.00,175.00,2137.00,4066880.27,36033.22
3.03,0.00,0.00,2280.00,2804.00,0.00,174.00,2138.00,4055279.77,35509.61
3.03,0.00,0.00,2273.00,2811.00,0.00,167.00,2145.00,4043637.75,34926.44
3.04,0.00,0.00,2265.00,2819.00,0.00,165.00,2147.00,4031807.64,34364.00
3.05,0.00,0.00,2256.00,2828.00,0.00,160.00,2152.00,4019655.56,33775.42
3.06,0.00,0.00,2250.00,2834.00,0.00,159.00,2153.00,4007660.25,33223.06
3.06,0.00,0.00,2242.00,2842.00,0.00,154.00,2158.00,3995507.58,32643.69
3.07,0.00,0.00,2235.00,2849.00,0.00,150.00,2162.00,3983361.52,32054.68
3.08,0.00,0.00,2225.00,2859.00,0.00,147.00,2165.00,3970770.76,31471.88
3.08,0.00,0.00,2215.00,2869.00,0.00,144.00,2168.00,3957774.05,30894.76
3.09,0.00,0.00,2210.00,2874.00,0.00,143.00,2169.00,3945157.88,30352.88
3.10,0.00,0.00,2203.00,2881.00,0.00,140.00,2172.00,3932588.66,29813.11
3.10,0.00,0.00,2199.00,2885.00,0.00,139.00,2173.00,3920512.99,29305.31
3.11,0.00,0.00,2193.00,2891.00,0.00,137.00,2175.00,3908587.44,28811.69
3.12,0.00,0.00,2181.00,2903.00,0.00,136.00,2176.00,3895897.54,28346.03
3.12,0.00,0.00,2176.00,2908.00,0.00,135.00,2177.00,3883561.48,27905.89
3.13,0.00,0.00,2167.00,2917.00,0.00,132.00,2180.00,3870947.50,27459.01
3.14,0.00,0.00,2158.00,2926.00,0.00,129.00,2183.00,3858079.82,27005.97
3.15,0.00,0.00,2150.00,2934.00,0.00,127.00,2185.00,3845130.75,26562.33
3.15,0.00,0.00,2144.00,2940.00,0.00,123.00,2189.00,3832407.85,26097.24
3.16,0.00,0.00,2137.00,2947.00,0.00,122.00,2190.00,3819741.20,25657.61
3.17,0.00,0.00,2128.00,2956.00,0.00,120.00,2192.00,3806825.43,25226.22
3.17,0.00,0.00,2120.00,2964.00,0.00,120.00,2192.00,3793832.45,24832.40
3.18,0.00,0.00,2114.00,2970.00,0.00,119.00,2193.00,3781069.47,24457.84
3.19,0.00,0.00,2104.00,2980.00,0.00,117.00,2195.00,3767915.53,24085.86
3.19,0.00,0.00,2097.00,2987.00,0.00,114.00,2198.00,3754855.35,23701.19
3.20,0.00,0.00,2088.00,2996.00,0.00,114.00,2198.00,3741580.33,23350.02
3.21,0.00,0.00,2083.00,3001.00,0.00,111.00,2201.00,3728710.08,22984.36
3.22,0.00,0.00,2073.00,3011.00,0.00,111.00,2201.00,3715458.22,22650.54
3.22,0.00,0.00,2068.00,3016.00,0.00,110.00,2202.00,3702609.11,22330.77
3.23,0.00,0.00,2060.00,3024.00,0.00,107.00,2205.00,3689677.01,21993.77
3.24,0.00,0.00,2047.00,3037.00,0.00,104.00,2208.00,3675917.97,21641.04
3.24,0.00,0.00,2045.00,3039.00,0.00,103.00,2209.00,3663056.56,21304.01
3.25,0.00,0.00,2040.00,3044.00,0.00,100.00,2212.00,3650563.92,20951.25
3.26,0.00,0.00,2034.00,3050.00,0.00,97.00,2215.00,3638257.69,20584.14
3.26,0.00,0.00,2027.00,3057.00,0.00,96.00,2216.00,3625971.42,20233.98
3.27,0.00,0.00,2021.00,3063.00,0.00,94.00,2218.00,3613853.61,19884.26
3.28,0.00,0.00,2013.00,3071.00,0.00,93.00,2219.00,3601589.11,19549.96
3.28,0.00,0.00,2005.00,3079.00,0.00,90.00,2222.00,3589190.71,19199.71
3.29,0.00,0.00,1998.00,3086.00,0.00,90.00,2222.00,3576820.29,18879.96
3.30,0.00,0.00,1996.00,3088.00,0.00,86.00,2226.00,3565226.58,18527.95
3.31,0.00,0.00,1985.00,3099.00,0.00,83.00,2229.00,3552989.86,18161.53
3.31,0.00,0.00,1974.00,3110.00,0.00,81.00,2231.00,3540166.12,17796.97
3.32,0.00,0.00,1968.00,3116.00,0.00,81.00,2231.00,3527557.63,17464.15
3.33,0.00,0.00,1962.00,3122.00,0.00,76.00,2236.00,3515145.65,17085.20
3.33,0.00,0.00,1956.00,3128.00,0.00,75.00,2237.00,3502913.07,16724.23
3.34,0.00,0.00,1951.00,3133.00,0.00,74.00,2238.00,3490994.50,16379.66
3.35,0.00,0.00,1946.00,3138.00,0.00,74.00,2238.00,3479362.60,16065.09
3.35,0.00,0.00,1938.00,3146.00,0.00,72.00,2240.00,3467541.70,15747.87
3.36,0.00,0.00,1926.00,3158.00,0.00,71.00,2241.00,3454947.35,15443.25
3.37,0.00,0.00,1922.00,3162.00,0.00,71.00,2241.00,3442848.73,15165.16
3.38,0.00,0.00,1911.00,3173.00,0.00,71.00,2241.00,3430151.08,14911.28
3.38,0.00,0.00,1905.00,3179.00,0.00,69.00,2243.00,3417657.70,14649.46
3.39,0.00,0.00,1896.00,3188.00,0.00,68.00,2244.00,3404900.10,14395.41
3.40,0.00,0.00,1886.00,3198.00,0.00,68.00,2244.00,3391751.08,14163.49
3.40,0.00,0.00,1874.00,3210.00,0.00,67.00,2245.00,3377944.24,13936.74
3.41,0.00,0.00,1871.00,3213.00,0.00,63.00,2249.00,3364888.96,13669.64
3.42,0.00,0.00,1868.00,3216.00,0.00,62.00,2250.00,3352519.79,13410.78
3.42,0.00,0.00,1862.00,3222.00,0.00,61.00,2251.00,3340326.29,13159.43
3.43,0.00,0.00,1856.00,3228.00,0.00,59.00,2253.00,3328293.16,12899.92
3.44,0.00,0.00,1851.00,3233.00,0.00,56.00,2256.00,3316556.67,12617.94
3.44,0.00,0.00,1845.00,3239.00,0.00,56.00,2256.00,3304940.76,12360.52
3.45,0.00,0.00,1840.00,3244.00,0.00,55.00,2257.00,3293585.16,12110.48
3.46,0.00,0.00,1824.00,3260.00,0.00,52.00,2260.00,3280814.66,11837.15
3.47,0.00,0.00,1820.00,3264.00,0.00,52.00,2260.00,3268555.24,11587.62
3.47,0.00,0.00,1815.00,3269.00,0.00,51.00,2261.00,3256612.17,11344.80
3.48,0.00,0.00,1807.00,3277.00,0.00,51.00,2261.00,3244507.21,11123.12
3.49,0.00,0.00,1801.00,3283.00,0.00,51.00,2261.00,3232554.90,10920.74
3.49,0.00,0.00,1797.00,3287.00,0.00,48.00,2264.00,3221042.43,10690.92
3.50,0.00,0.00,1790.00,3294.00,0.00,45.00,2267.00,3209480.80,10436.03
3.51,0.00,0.00,1781.00,3303.00,0.00,45.00,2267.00,3197573.84,10203.35
3.51,0.00,0.00,1773.00,3311.00,0.00,43.00,2269.00,3185501.83,9960.87
3.52,0.00,0.00,1767.00,3317.00,0.00,43.00,2269.00,3173579.62,9739.51
3.53,0.00,0.00,1759.00,3325.00,0.00,42.00,2270.00,3161493.69,9522.41
3.53,0.00,0.00,1753.00,3331.00,0.00,39.00,2273.00,3149558.78,9279.14
3.54,0.00,0.00,1747.00,3337.00,0.00,39.00,2273.00,3137761.71,9057.05
3.55,0.00,0.00,1740.00,3344.00,0.00,39.00,2273.00,3125940.27,8854.30
3.56,0.00,0.00,1734.00,3350.00,0.00,38.00,2274.00,3114246.81,8654.18
3.56,0.00,0.00,1729.00,3355.00,0.00,37.00,2275.00,3102820.41,8456.46
3.57,0.00,0.00,1724.00,3360.00,0.00,36.00,2276.00,3091637.83,8260.94
3.58,0.00,0.00,1719.00,3365.00,0.00,34.00,2278.00,3080677.81,8052.40
3.58,0.00,0.00,1706.00,3378.00,0.00,34.00,2278.00,3068719.15,7862.01
3.59,0.00,0.00,1692.00,3392.00,0.00,33.00,2279.00,3055698.56,7673.18
3.60,0.00,0.00,1686.00,3398.00,0.00,33.00,2279.00,3042910.37,7500.79
3.60,0.00,0.00,1673.00,3411.00,0.00,32.00,2280.00,3029282.72,7328.39
3.61,0.00,0.00,1672.00,3412.00,0.00,32.00,2280.00,3016691.47,7171.01
3.62,0.00,0.00,1663.00,3421.00,0.00,31.00,2281.00,3003844.54,7012.30
3.62,0.00,0.00,1654.00,3430.00,0.00,30.00,2282.00,2990764.18,6852.39
3.63,0.00,0.00,1643.00,3441.00,0.00,28.00,2284.00,2977170.28,6676.36
3.64,0.00,0.00,1639.00,3445.00,0.00,28.00,2284.00,2964159.14,6515.66
3.65,0.00,0.00,1632.00,3452.00,0.00,27.00,2285.00,2951229.35,6353.92
3.65,0.00,0.00,1626.00,3458.00,0.00,27.00,2285.00,2938524.04,6206.27
3.66,0.00,0.00,1618.00,3466.00,0.00,27.00,2285.00,2925723.22,6071.48
3.67,0.00,0.00,1615.00,3469.00,0.00,26.00,2286.00,2913586.34,5933.40
3.67,0.00,0.00,1605.00,3479.00,0.00,25.00,2287.00,2901003.98,5792.32
3.68,0.00,0.00,1602.00,3482.00,0.00,25.00,2287.00,2889066.55,5663.53
3.69,0.00,0.00,1594.00,3490.00,0.00,25.00,2287.00,2876966.73,5545.95
3.69,0.00,0.00,1588.00,3496.00,0.00,25.00,2287.00,2865019.13,5438.61
3.70,0.00,0.00,1580.00,3504.00,0.00,24.00,2288.00,2852910.03,5325.59
3.71,0.00,0.00,1577.00,3507.00,0.00,23.00,2289.00,2841404.65,5207.39
3.72,0.00,0.00,1568.00,3516.00,0.00,23.00,2289.00,2829549.02,5099.48
3.72,0.00,0.00,1562.00,3522.00,0.00,21.00,2291.00,2817824.36,4970.93
3.73,0.00,0.00,1558.00,3526.00,0.00,20.00,2292.00,2806519.70,4838.54
3.74,0.00,0.00,1555.00,3529.00,0.00,20.00,2292.00,2795748.72,4717.68
3.74,0.00,0.00,1549.00,3535.00,0.00,18.00,2294.00,2785014.24,4577.30
3.75,0.00,0.00,1542.00,3542.00,0.00,18.00,2294.00,2774162.87,4449.14
3.76,0.00,0.00,1530.00,3554.00,0.00,18.00,2294.00,2762453.60,4332.15
3.76,0.00,0.00,1526.00,3558.00,0.00,18.00,2294.00,2751163.01,4225.34
3.77,0.00,0.00,1520.00,3564.00,0.00,18.00,2294.00,2739954.17,4127.83
3.78,0.00,0.00,1511.00,3573.00,0.00,18.00,2294.00,2728369.27,4038.81
3.78,0.00,0.00,1507.00,3577.00,0.00,18.00,2294.00,2717192.22,3957.54
3.79,0.00,0.00,1501.00,3583.00,0.00,18.00,2294.00,2706087.03,3883.35
3.80,0.00,0.00,1495.00,3589.00,0.00,17.00,2295.00,2695047.44,3800.60
3.81,0.00,0.00,1487.00,3597.00,0.00,17.00,2295.00,2683767.29,3725.05
3.81,0.00,0.00,1480.00,3604.00,0.00,17.00,2295.00,2672417.76,3656.08
3.82,0.00,0.00,1473.00,3611.00,0.00,17.00,2295.00,2661004.87,3593.12
3.83,0.00,0.00,1465.00,3619.00,0.00,17.00,2295.00,2649383.93,3535.63
3.83,0.00,0.00,1462.00,3622.00,0.00,17.00,2295.00,2638324.19,3483.16
3.84,0.00,0.00,1454.00,3630.00,0.00,17.00,2295.00,2627025.65,3435.25
3.85,0.00,0.00,1445.00,3639.00,0.00,14.00,2298.00,2615358.85,3346.45
3.85,0.00,0.00,1437.00,3647.00,0.00,14.00,2298.00,2603506.10,3265.38
3.86,0.00,0.00,1433.00,3651.00,0.00,14.00,2298.00,2592084.52,3191.36
3.87,0.00,0.00,1426.00,3658.00,0.00,14.00,2298.00,2580605.86,3123.80
3.88,0.00,0.00,1425.00,3659.00,0.00,14.00,2298.00,2569976.49,3062.11
3.88,0.00,0.00,1419.00,3665.00,0.00,14.00,2298.00,2559371.30,3005.80
3.89,0.00,0.00,1410.00,3674.00,0.00,14.00,2298.00,2548337.48,2954.39
3.90,0.00,0.00,1406.00,3678.00,0.00,14.00,2298.00,2537663.52,2907.46
3.90,0.00,0.00,1400.00,3684.00,0.00,14.00,2298.00,2527017.62,2864.61
3.91,0.00,0.00,1397.00,3687.00,0.00,13.00,2299.00,2516848.02,2810.47
3.92,0.00,0.00,1393.00,3691.00,0.00,13.00,2299.00,2506963.04,2761.05
3.92,0.00,0.00,1388.00,3696.00,0.00,12.00,2300.00,2497187.63,2700.90
3.93,0.00,0.00,1384.00,3700.00,0.00,12.00,2300.00,2487662.51,2646.00
3.94,0.00,0.00,1375.00,3709.00,0.00,12.00,2300.00,2477614.71,2595.87
3.94,0.00,0.00,1369.00,3715.00,0.00,11.00,2301.00,2467540.45,2535.09
3.95,0.00,0.00,1363.00,3721.00,0.00,11.00,2301.00,2457442.03,2479.60
3.96,0.00,0.00,1357.00,3727.00,0.00,11.00,2301.00,2447321.55,2428.94
3.97,0.00,0.00,1350.00,3734.00,0.00,11.00,2301.00,2437030.71,2382.69
3.97,0.00,0.00,1342.00,3742.00,0.00,11.00,2301.00,2426434.09,2340.47
3.98,0.00,0.00,1337.00,3747.00,0.00,11.00,2301.00,2416009.04,2301.93
3.99,0.00,0.00,1333.00,3751.00,0.00,11.00,2301.00,2405890.83,2266.74
3.99,0.00,0.00,1331.00,3753.00,0.00,10.00,2302.00,2396353.21,2219.59
4.00,0.00,0.00,1322.00,3762.00,0.00,9.00,2303.00,2386294.01,2161.52
4.01,0.00,0.00,1318.00,3766.00,0.00,9.00,2303.00,2376509.80,2108.52
4.01,0.00,0.00,1311.00,3773.00,0.00,9.00,2303.00,2366525.94,2060.12
4.02,0.00,0.00,1303.00,3781.00,0.00,9.00,2303.00,2356209.59,2015.94
4.03,0.00,0.00,1290.00,3794.00,0.00,9.00,2303.00,2344838.53,1975.61
4.03,0.00,0.00,1282.00,3802.00,0.00,7.00,2305.00,2333255.77,1908.74
4.04,0.00,0.00,1279.00,3805.00,0.00,7.00,2305.00,2322230.90,1847.70
4.05,0.00,0.00,1276.00,3808.00,0.00,6.00,2306.00,2311715.34,1776.95
4.06,0.00,0.00,1271.00,3813.00,0.00,6.00,2306.00,2301364.27,1712.36
4.06,0.00,0.00,1268.00,3816.00,0.00,6.00,2306.00,2291463.84,1653.39
4.07,0.00,0.00,1262.00,3822.00,0.00,6.00,2306.00,2281524.11,1599.56
4.08,0.00,0.00,1255.00,3829.00,0.00,6.00,2306.00,2271398.28,1550.41
4.08,0.00,0.00,1247.00,3837.00,0.00,6.00,2306.00,2260952.31,1505.55
4.09,0.00,0.00,1238.00,3846.00,0.00,6.00,2306.00,2250063.86,1464.59
4.10,0.00,0.00,1233.00,3851.00,0.00,6.00,2306.00,2239372.37,1427.20
4.10,0.00,0.00,1227.00,3857.00,0.00,5.00,2307.00,2228710.46,1378.04
4.11,0.00,0.00,1218.00,3866.00,0.00,5.00,2307.00,2217624.87,1333.16
4.12,0.00,0.00,1210.00,3874.00,0.00,4.00,2308.00,2206302.73,1277.17
4.12,0.00,0.00,1205.00,3879.00,0.00,4.00,2308.00,2195215.30,1226.05
4.13,0.00,0.00,1195.00,3889.00,0.00,4.00,2308.00,2183591.02,1179.38
4.14,0.00,0.00,1187.00,3897.00,0.00,4.00,2308.00,2171777.08,1136.78
4.15,0.00,0.00,1183.00,3901.00,0.00,4.00,2308.00,2160390.93,1097.88
4.15,0.00,0.00,1174.00,3910.00,0.00,4.00,2308.00,2148644.16,1062.38
4.16,0.00,0.00,1168.00,3916.00,0.00,4.00,2308.00,2137018.86,1029.96
4.17,0.00,0.00,1163.00,3921.00,0.00,4.00,2308.00,2125654.69,1000.37
4.17,0.00,0.00,1156.00,3928.00,0.00,4.00,2308.00,2114228.45,973.35
4.18,0.00,0.00,1147.00,3937.00,0.00,4.00,2308.00,2102445.08,948.69
4.19,0.00,0.00,1144.00,3940.00,0.00,4.00,2308.00,2091237.07,926.18
4.19,0.00,0.00,1136.00,3948.00,0.00,4.00,2308.00,2079803.15,905.62
4.20,0.00,0.00,1130.00,3954.00,0.00,4.00,2308.00,2068463.47,886.85
4.21,0.00,0.00,1125.00,3959.00,0.00,4.00,2308.00,2057360.04,869.72
4.22,0.00,0.00,1120.00,3964.00,0.00,4.00,2308.00,2046472.30,854.08
4.22,0.00,0.00,1112.00,3972.00,0.00,3.00,2309.00,2035330.77,824.78
4.23,0.00,0.00,1109.00,3975.00,0.00,3.00,2309.00,2024708.71,798.03
4.24,0.00,0.00,1100.00,3984.00,0.00,3.00,2309.00,2013659.50,773.61
4.24,0.00,0.00,1097.00,3987.00,0.00,3.00,2309.00,2003121.71,751.32
4.25,0.00,0.00,1089.00,3995.00,0.00,3.00,2309.00,1992299.66,730.97
4.26,0.00,0.00,1079.00,4005.00,0.00,3.00,2309.00,1980917.64,712.39
4.26,0.00,0.00,1069.00,4015.00,0.00,3.00,2309.00,1969024.41,695.42
4.27,0.00,0.00,1063.00,4021.00,0.00,3.00,2309.00,1957265.40,679.94
4.28,0.00,0.00,1060.00,4024.00,0.00,3.00,2309.00,1946079.63,665.80
4.28,0.00,0.00,1050.00,4034.00,0.00,3.00,2309.00,1934365.55,652.90
4.29,0.00,0.00,1045.00,4039.00,0.00,3.00,2309.00,1922920.34,641.11
4.30,0.00,0.00,1041.00,4043.00,0.00,3.00,2309.00,1911870.81,630.36
4.31,0.00,0.00,1037.00,4047.00,0.00,3.00,2309.00,1901182.50,620.54
4.31,0.00,0.00,1032.00,4052.00,0.00,3.00,2309.00,1890673.72,611.57
4.32,0.00,0.00,1024.00,4060.00,0.00,3.00,2309.00,1879878.17,603.39
4.33,0.00,0.00,1018.00,4066.00,0.00,3.00,2309.00,1869121.25,595.92
4.33,0.00,0.00,1014.00,4070.00,0.00,3.00,2309.00,1858700.09,589.10
4.34,0.00,0.00,1010.00,4074.00,0.00,2.00,2310.00,1848585.43,567.85
4.35,0.00,0.00,1006.00,4078.00,0.00,2.00,2310.00,1838750.59,548.45
4.35,0.00,0.00,1002.00,4082.00,0.00,2.00,2310.00,1829171.20,530.74
4.36,0.00,0.00,992.00,4092.00,0.00,2.00,2310.00,1818923.64,514.57
4.37,0.00,0.00,987.00,4097.00,0.00,2.00,2310.00,1808817.24,499.81
4.38,0.00,0.00,981.00,4103.00,0.00,2.00,2310.00,1798689.47,486.33
4.38,0.00,0.00,977.00,4107.00,0.00,2.00,2310.00,1788842.67,474.03
4.39,0.00,0.00,967.00,4117.00,0.00,2.00,2310.00,1778350.97,462.80
4.40,0.00,0.00,963.00,4121.00,0.00,2.00,2310.00,1768171.92,452.55
4.40,0.00,0.00,954.00,4130.00,0.00,2.00,2310.00,1757527.15,443.19
4.41,0.00,0.00,948.00,4136.00,0.00,2.00,2310.00,1746907.89,434.64
4.42,0.00,0.00,943.00,4141.00,0.00,2.00,2310.00,1736462.15,426.84
4.42,0.00,0.00,936.00,4148.00,0.00,2.00,2310.00,1725874.38,419.72
4.43,0.00,0.00,927.00,4157.00,0.00,2.00,2310.00,1714856.46,413.22
4.44,0.00,0.00,919.00,4165.00,0.00,2.00,2310.00,1703596.09,407.28
4.44,0.00,0.00,910.00,4174.00,0.00,2.00,2310.00,1691964.14,401.87
4.45,0.00,0.00,906.00,4178.00,0.00,2.00,2310.00,1680744.13,396.92
4.46,0.00,0.00,897.00,4187.00,0.00,2.00,2310.00,1669149.04,392.40
4.47,0.00,0.00,893.00,4191.00,0.00,2.00,2310.00,1657962.67,388.28
4.47,0.00,0.00,882.00,4202.00,0.00,2.00,2310.00,1646097.83,384.52
4.48,0.00,0.00,876.00,4208.00,0.00,2.00,2310.00,1634364.74,381.08
4.49,0.00,0.00,871.00,4213.00,0.00,2.00,2310.00,1622902.17,377.94
4.49,0.00,0.00,869.00,4215.00,0.00,2.00,2310.00,1612137.25,375.08
4.50,0.00,0.00,868.00,4216.00,0.00,2.00,2310.00,1602159.46,372.47
4.51,0.00,0.00,864.00,4220.00,0.00,2.00,2310.00,1592449.58,370.08
4.51,0.00,0.00,862.00,4222.00,0.00,2.00,2310.00,1583284.73,367.90
4.52,0.00,0.00,860.00,4224.00,0.00,2.00,2310.00,1574617.46,365.91
4.53,0.00,0.00,853.00,4231.00,0.00,2.00,2310.00,1565653.28,364.10
4.53,0.00,0.00,846.00,4238.00,0.00,2.00,2310.00,1556418.05,362.44
4.54,0.00,0.00,840.00,4244.00,0.00,2.00,2310.00,1547085.60,360.92
4.55,0.00,0.00,830.00,4254.00,0.00,2.00,2310.00,1537063.46,359.54
4.56,0.00,0.00,826.00,4258.00,0.00,2.00,2310.00,1527313.09,358.28
4.56,0.00,0.00,823.00,4261.00,0.00,2.00,2310.00,1517961.05,357.13
4.57,0.00,0.00,814.00,4270.00,0.00,2.00,2310.00,1508071.26,356.08
4.58,0.00,0.00,807.00,4277.00,0.00,2.00,2310.00,1497991.03,355.12
4.58,0.00,0.00,799.00,4285.00,0.00,2.00,2310.00,1487586.68,354.24
4.59,0.00,0.00,786.00,4298.00,0.00,2.00,2310.00,1476135.30,353.44
4.60,0.00,0.00,783.00,4301.00,0.00,1.00,2311.00,1465230.37,337.69
4.60,0.00,0.00,776.00,4308.00,0.00,1.00,2311.00,1454223.38,323.31
4.61,0.00,0.00,770.00,4314.00,0.00,1.00,2311.00,1443273.44,310.18
4.62,0.00,0.00,764.00,4320.00,0.00,1.00,2311.00,1432375.59,298.19
4.62,0.00,0.00,759.00,4325.00,0.00,1.00,2311.00,1421675.53,287.25
4.63,0.00,0.00,754.00,4330.00,0.00,1.00,2311.00,1411156.03,277.26
4.64,0.00,0.00,747.00,4337.00,0.00,1.00,2311.00,1400500.91,268.14
4.65,0.00,0.00,741.00,4343.00,0.00,1.00,2311.00,1389872.20,259.82
4.65,0.00,0.00,735.00,4349.00,0.00,1.00,2311.00,1379267.62,252.22
4.66,0.00,0.00,733.00,4351.00,0.00,1.00,2311.00,1369285.97,245.28
4.67,0.00,0.00,726.00,4358.00,0.00,1.00,2311.00,1359121.87,238.94
4.67,0.00,0.00,720.00,4364.00,0.00,1.00,2311.00,1348941.44,233.16
4.68,0.00,0.00,718.00,4366.00,0.00,1.00,2311.00,1339347.00,227.88
4.69,0.00,0.00,711.00,4373.00,0.00,1.00,2311.00,1329536.41,223.06
4.69,0.00,0.00,704.00,4380.00,0.00,1.00,2311.00,1319528.46,218.66
4.70,0.00,0.00,700.00,4384.00,0.00,1.00,2311.00,1309791.03,214.64
4.71,0.00,0.00,695.00,4389.00,0.00,1.00,2311.00,1300150.35,210.98
4.72,0.00,0.00,688.00,4396.00,0.00,1.00,2311.00,1290297.51,207.63
4.72,0.00,0.00,682.00,4402.00,0.00,1.00,2311.00,1280401.24,204.57
4.73,0.00,0.00,676.00,4408.00,0.00,1.00,2311.00,1270465.31,201.78
4.74,0.00,0.00,670.00,4414.00,0.00,1.00,2311.00,1260493.17,199.23
4.74,0.00,0.00,661.00,4423.00,0.00,1.00,2311.00,1250037.28,196.91
4.75,0.00,0.00,654.00,4430.00,0.00,1.00,2311.00,1239440.23,194.79
4.76,0.00,0.00,650.00,4434.00,0.00,1.00,2311.00,1229165.01,192.85
4.76,0.00,0.00,648.00,4436.00,0.00,1.00,2311.00,1219484.05,191.08
4.77,0.00,0.00,643.00,4441.00,0.00,1.00,2311.00,1209894.91,189.46
4.78,0.00,0.00,639.00,4445.00,0.00,1.00,2311.00,1200539.84,187.99
4.78,0.00,0.00,633.00,4451.00,0.00,1.00,2311.00,1191097.97,186.64
4.79,0.00,0.00,625.00,4459.00,0.00,1.00,2311.00,1181276.42,185.41
4.80,0.00,0.00,620.00,4464.00,0.00,1.00,2311.00,1171558.94,184.29
4.81,0.00,0.00,618.00,4466.00,0.00,1.00,2311.00,1162387.14,183.27
4.81,0.00,0.00,614.00,4470.00,0.00,0.00,2312.00,1153413.07,167.31
4.82,0.00,0.00,608.00,4476.00,0.00,0.00,2312.00,1144319.04,152.74
4.83,0.00,0.00,602.00,4482.00,0.00,0.00,2312.00,1135115.49,139.44
4.83,0.00,0.00,597.00,4487.00,0.00,0.00,2312.00,1125962.20,127.30
4.84,0.00,0.00,594.00,4490.00,0.00,0.00,2312.00,1117155.24,116.21
4.85,0.00,0.00,589.00,4495.00,0.00,0.00,2312.00,1108364.00,106.09
4.85,0.00,0.00,582.00,4502.00,0.00,0.00,2312.00,1099286.65,96.86
4.86,0.00,0.00,579.00,4505.00,0.00,0.00,2312.00,1090549.03,88.42
4.87,0.00,0.00,577.00,4507.00,0.00,0.00,2312.00,1082271.78,80.72
4.88,0.00,0.00,573.00,4511.00,0.00,0.00,2312.00,1074114.35,73.69
4.88,0.00,0.00,567.00,4517.00,0.00,0.00,2312.00,1065765.86,67.28
4.89,0.00,0.00,564.00,4520.00,0.00,0.00,2312.00,1057693.62,61.42
4.90,0.00,0.00,563.00,4521.00,0.00,0.00,2312.00,1050174.05,56.07
4.90,0.00,0.00,558.00,4526.00,0.00,0.00,2312.00,1042558.11,51.19
4.91,0.00,0.00,552.00,4532.00,0.00,0.00,2312.00,1034703.93,46.73
4.92,0.00,0.00,548.00,4536.00,0.00,0.00,2312.00,1026932.75,42.66
4.92,0.00,0.00,544.00,4540.00,0.00,0.00,2312.00,1019237.32,38.95
4.93,0.00,0.00,538.00,4546.00,0.00,0.00,2312.00,1011310.59,35.56
4.94,0.00,0.00,530.00,4554.00,0.00,0.00,2312.00,1002872.24,32.46
4.94,0.00,0.00,523.00,4561.00,0.00,0.00,2312.00,994117.05,29.63
4.95,0.00,0.00,521.00,4563.00,0.00,0.00,2312.00,985823.77,27.05
4.96,0.00,0.00,513.00,4571.00,0.00,0.00,2312.00,977050.78,24.70
4.97,0.00,0.00,507.00,4577.00,0.00,0.00,2312.00,968140.31,22.55
4.97,0.00,0.00,503.00,4581.00,0.00,0.00,2312.00,959404.82,20.58
4.98,0.00,0.00,498.00,4586.00,0.00,0.00,2312.00,950678.82,18.79
4.99,0.00,0.00,496.00,4588.00,0.00,0.00,2312.00,942412.18,17.15
4.99,0.00,0.00,490.00,4594.00,0.00,0.00,2312.00,933963.98,15.66
5.00,0.00,0.00,483.00,4601.00,0.00,0.00,2312.00,925199.79,14.30
5.01,0.00,0.00,477.00,4607.00,0.00,0.00,2312.00,916297.37,13.05
5.01,0.00,0.00,468.00,4616.00,0.00,0.00,2312.00,906818.06,11.92
5.02,0.00,0.00,460.00,4624.00,0.00,0.00,2312.00,896962.31,10.88
5.03,0.00,0.00,455.00,4629.00,0.00,0.00,2312.00,887213.61,9.93
5.03,0.00,0.00,448.00,4636.00,0.00,0.00,2312.00,877262.17,9.07
5.04,0.00,0.00,443.00,4641.00,0.00,0.00,2312.00,867426.10,8.28
5.05,0.00,0.00,438.00,4646.00,0.00,0.00,2312.00,857695.37,7.56
5.06,0.00,0.00,433.00,4651.00,0.00,0.00,2312.00,848060.78,6.90
5.06,0.00,0.00,431.00,4653.00,0.00,0.00,2312.00,838964.68,6.30
5.07,0.00,0.00,429.00,4655.00,0.00,0.00,2312.00,830360.17,5.75
5.08,0.00,0.00,424.00,4660.00,0.00,0.00,2312.00,821753.75,5.25
5.08,0.00,0.00,419.00,4665.00,0.00,0.00,2312.00,813145.59,4.79
5.09,0.00,0.00,415.00,4669.00,0.00,0.00,2312.00,804686.07,4.37
5.10,0.00,0.00,411.00,4673.00,0.00,0.00,2312.00,796362.24,3.99
5.10,0.00,0.00,408.00,4676.00,0.00,0.00,2312.00,788312.53,3.65
5.11,0.00,0.00,402.00,4682.00,0.00,0.00,2312.00,780062.36,3.33
5.12,0.00,0.00,396.00,4688.00,0.00,0.00,2312.00,771629.20,3.04
5.12,0.00,0.00,388.00,4696.00,0.00,0.00,2312.00,762728.51,2.77
5.13,0.00,0.00,385.00,4699.00,0.00,0.00,2312.00,754152.17,2.53
5.14,0.00,0.00,381.00,4703.00,0.00,0.00,2312.00,745721.70,2.31
5.15,0.00,0.00,373.00,4711.00,0.00,0.00,2312.00,736823.47,2.11
5.15,0.00,0.00,368.00,4716.00,0.00,0.00,2312.00,727948.90,1.93
5.16,0.00,0.00,362.00,4722.00,0.00,0.00,2312.00,718945.71,1.76
5.17,0.00,0.00,360.00,4724.00,0.00,0.00,2312.00,710426.02,1.61
5.17,0.00,0.00,356.00,4728.00,0.00,0.00,2312.00,702047.26,1.47
5.18,0.00,0.00,350.00,4734.00,0.00,0.00,2312.00,693496.71,1.34
5.19,0.00,0.00,346.00,4738.00,0.00,0.00,2312.00,685089.78,1.22
5.19,0.00,0.00,342.00,4742.00,0.00,0.00,2312.00,676813.97,1.12
5.20,0.00,0.00,339.00,4745.00,0.00,0.00,2312.00,668808.08,1.02
5.21,0.00,0.00,330.00,4754.00,0.00,0.00,2312.00,660147.24,0.93
5.22,0.00,0.00,324.00,4760.00,0.00,0.00,2312.00,651339.16,0.85
5.22,0.00,0.00,322.00,4762.00,0.00,0.00,2312.00,642997.59,0.77
5.23,0.00,0.00,320.00,4764.00,0.00,0.00,2312.00,635081.91,0.71
5.24,0.00,0.00,318.00,4766.00,0.00,0.00,2312.00,627555.04,0.65
5.24,0.00,0.00,314.00,4770.00,0.00,0.00,2312.00,620082.65,0.59
5.25,0.00,0.00,310.00,4774.00,0.00,0.00,2312.00,612660.00,0.54
5.26,0.00,0.00,304.00,4780.00,0.00,0.00,2312.00,604982.29,0.49
5.26,0.00,0.00,295.00,4789.00,0.00,0.00,2312.00,596621.05,0.45
5.27,0.00,0.00,290.00,4794.00,0.00,0.00,2312.00,588236.72,0.41
5.28,0.00,0.00,284.00,4800.00,0.00,0.00,2312.00,579681.07,0.37
5.28,0.00,0.00,280.00,4804.00,0.00,0.00,2312.00,571269.49,0.34
5.29,0.00,0.00,280.00,4804.00,0.00,0.00,2312.00,563590.36,0.31
5.30,0.00,0.00,276.00,4808.00,0.00,0.00,2312.00,555978.97,0.28
5.31,0.00,0.00,269.00,4815.00,0.00,0.00,2312.00,547978.73,0.26
5.31,0.00,0.00,266.00,4818.00,0.00,0.00,2312.00,540224.43,0.24
5.32,0.00,0.00,263.00,4821.00,0.00,0.00,2312.00,532694.65,0.22
5.33,0.00,0.00,260.00,4824.00,0.00,0.00,2312.00,525369.83,0.20
5.33,0.00,0.00,254.00,4830.00,0.00,0.00,2312.00,517781.45,0.18
5.34,0.00,0.00,253.00,4831.00,0.00,0.00,2312.00,510703.60,0.16
5.35,0.00,0.00,252.00,4832.00,0.00,0.00,2312.00,504091.83,0.15
5.35,0.00,0.00,250.00,4834.00,0.00,0.00,2312.00,497755.32,0.14
5.36,0.00,0.00,248.00,4836.00,0.00,0.00,2312.00,491670.12,0.13
5.37,0.00,0.00,244.00,4840.00,0.00,0.00,2312.00,485513.86,0.11
5.38,0.00,0.00,241.00,4843.00,0.00,0.00,2312.00,479442.97,0.10
5.38,0.00,0.00,237.00,4847.00,0.00,0.00,2312.00,473299.78,0.10
5.39,0.00,0.00,230.00,4854.00,0.00,0.00,2312.00,466639.90,0.09
5.40,0.00,0.00,226.00,4858.00,0.00,0.00,2312.00,459959.01,0.08
5.40,0.00,0.00,221.00,4863.00,0.00,0.00,2312.00,453108.71,0.07
5.41,0.00,0.00,220.00,4864.00,0.00,0.00,2312.00,446704.67,0.07
5.42,0.00,0.00,215.00,4869.00,0.00,0.00,2312.00,440107.12,0.06
5.42,0.00,0.00,213.00,4871.00,0.00,0.00,2312.00,433783.59,0.06
5.43,0.00,0.00,209.00,4875.00,0.00,0.00,2312.00,427409.77,0.05
5.44,0.00,0.00,203.00,4881.00,0.00,0.00,2312.00,420689.56,0.05
5.44,0.00,0.00,201.00,4883.00,0.00,0.00,2312.00,414254.07,0.04
5.45,0.00,0.00,197.00,4887.00,0.00,0.00,2312.00,407778.02,0.04
5.46,0.00,0.00,192.00,4892.00,0.00,0.00,2312.00,401114.73,0.03
5.47,0.00,0.00,187.00,4897.00,0.00,0.00,2312.00,394280.49,0.03
5.47,0.00,0.00,184.00,4900.00,0.00,0.00,2312.00,387590.66,0.03
5.48,0.00,0.00,181.00,4903.00,0.00,0.00,2312.00,381032.66,0.03
5.49,0.00,0.00,176.00,4908.00,0.00,0.00,2312.00,374294.54,0.02
5.49,0.00,0.00,175.00,4909.00,0.00,0.00,2312.00,367992.93,0.02
5.50,0.00,0.00,173.00,4911.00,0.00,0.00,2312.00,361939.57,0.02
5.51,0.00,0.00,167.00,4917.00,0.00,0.00,2312.00,355511.92,0.02
5.51,0.00,0.00,165.00,4919.00,0.00,0.00,2312.00,349343.51,0.02
5.52,0.00,0.00,164.00,4920.00,0.00,0.00,2312.00,343561.99,0.02
5.53,0.00,0.00,160.00,4924.00,0.00,0.00,2312.00,337682.97,0.01
5.53,0.00,0.00,156.00,4928.00,0.00,0.00,2312.00,331714.95,0.01
5.54,0.00,0.00,154.00,4930.00,0.00,0.00,2312.00,325966.14,0.01
5.55,0.00,0.00,151.00,4933.00,0.00,0.00,2312.00,320267.22,0.01
5.56,0.00,0.00,149.00,4935.00,0.00,0.00,2312.00,314764.07,0.01
5.56,0.00,0.00,145.00,4939.00,0.00,0.00,2312.00,309139.20,0.01
5.57,0.00,0.00,141.00,4943.00,0.00,0.00,2312.00,303403.19,0.01
5.58,0.00,0.00,140.00,4944.00,0.00,0.00,2312.00,298016.41,0.01
5.58,0.00,0.00,137.00,4947.00,0.00,0.00,2312.00,292648.01,0.01
5.59,0.00,0.00,136.00,4948.00,0.00,0.00,2312.00,287596.83,0.01
5.60,0.00,0.00,132.00,4952.00,0.00,0.00,2312.00,282384.56,0.01
5.60,0.00,0.00,130.00,4954.00,0.00,0.00,2312.00,277325.70,0.01
5.61,0.00,0.00,129.00,4955.00,0.00,0.00,2312.00,272557.10,0.00
5.62,0.00,0.00,127.00,4957.00,0.00,0.00,2312.00,267903.28,0.00
5.62,0.00,0.00,125.00,4959.00,0.00,0.00,2312.00,263354.23,0.00
5.63,0.00,0.00,122.00,4962.00,0.00,0.00,2312.00,258750.60,0.00
5.64,0.00,0.00,120.00,4964.00,0.00,0.00,2312.00,254247.37,0.00
5.65,0.00,0.00,119.00,4965.00,0.00,0.00,2312.00,249986.04,0.00
5.65,0.00,0.00,116.00,4968.00,0.00,0.00,2312.00,245645.07,0.00
5.66,0.00,0.00,114.00,4970.00,0.00,0.00,2312.00,241381.63,0.00
5.67,0.00,0.00,111.00,4973.00,0.00,0.00,2312.00,237038.75,0.00
5.67,0.00,0.00,109.00,4975.00,0.00,0.00,2312.00,232773.56,0.00
5.68,0.00,0.00,106.00,4978.00,0.00,0.00,2312.00,228429.07,0.00
5.69,0.00,0.00,105.00,4979.00,0.00,0.00,2312.00,224312.65,0.00
5.69,0.00,0.00,104.00,4980.00,0.00,0.00,2312.00,220404.45,0.00
5.70,0.00,0.00,102.00,4982.00,0.00,0.00,2312.00,216536.09,0.00
5.71,0.00,0.00,101.00,4983.00,0.00,0.00,2312.00,212854.34,0.00
5.72,0.00,0.00,98.00,4986.00,0.00,0.00,2312.00,209042.49,0.00
5.72,0.00,0.00,96.00,4988.00,0.00,0.00,2312.00,205262.10,0.00
5.73,0.00,0.00,95.00,4989.00,0.00,0.00,2312.00,201660.66,0.00
5.74,0.00,0.00,92.00,4992.00,0.00,0.00,2312.00,197922.12,0.00
5.74,0.00,0.00,88.00,4996.00,0.00,0.00,2312.00,193908.20,0.00
5.75,0.00,0.00,86.00,4998.00,0.00,0.00,2312.00,189943.33,0.00
5.76,0.00,0.00,82.00,5002.00,0.00,0.00,2312.00,185722.78,0.00
5.76,0.00,0.00,80.00,5004.00,0.00,0.00,2312.00,181569.27,0.00
5.77,0.00,0.00,80.00,5004.00,0.00,0.00,2312.00,177777.44,0.00
5.78,0.00,0.00,80.00,5004.00,0.00,0.00,2312.00,174315.79,0.00
5.78,0.00,0.00,79.00,5005.00,0.00,0.00,2312.00,171005.33,0.00
5.79,0.00,0.00,78.00,5006.00,0.00,0.00,2312.00,167832.90,0.00
5.80,0.00,0.00,76.00,5008.00,0.00,0.00,2312.00,164636.25,0.00
5.81,0.00,0.00,74.00,5010.00,0.00,0.00,2312.00,161417.49,0.00
5.81,0.00,0.00,73.00,5011.00,0.00,0.00,2312.00,158328.78,0.00
5.82,0.00,0.00,73.00,5011.00,0.00,0.00,2312.00,155509.01,0.00
5.83,0.00,0.00,71.00,5013.00,0.00,0.00,2312.00,152634.32,0.00
5.83,0.00,0.00,69.00,5015.00,0.00,0.00,2312.00,149709.49,0.00
5.84,0.00,0.00,67.00,5017.00,0.00,0.00,2312.00,146738.87,0.00
5.85,0.00,0.00,66.00,5018.00,0.00,0.00,2312.00,143876.70,0.00
5.85,0.00,0.00,65.00,5019.00,0.00,0.00,2312.00,141113.51,0.00
5.86,0.00,0.00,64.00,5020.00,0.00,0.00,2312.00,138440.71,0.00
5.87,0.00,0.00,64.00,5020.00,0.00,0.00,2312.00,136000.64,0.00
5.88,0.00,0.00,62.00,5022.00,0.00,0.00,2312.00,133472.58,0.00
5.88,0.00,0.00,61.00,5023.00,0.00,0.00,2312.00,131014.43,0.00
5.89,0.00,0.00,58.00,5026.00,0.00,0.00,2312.00,128319.62,0.00
5.90,0.00,0.00,57.00,5027.00,0.00,0.00,2312.00,125709.24,0.00
5.90,0.00,0.00,55.00,5029.00,0.00,0.00,2312.00,123025.69,0.00
5.91,0.00,0.00,54.00,5030.00,0.00,0.00,2312.00,120425.59,0.00
5.92,0.00,0.00,53.00,5031.00,0.00,0.00,2312.00,117901.66,0.00
5.92,0.00,0.00,53.00,5031.00,0.00,0.00,2312.00,115597.51,0.00
5.93,0.00,0.00,52.00,5032.00,0.00,0.00,2312.00,113343.76,0.00
5.94,0.00,0.00,52.00,5032.00,0.00,0.00,2312.00,111286.26,0.00
5.94,0.00,0.00,52.00,5032.00,0.00,0.00,2312.00,109407.92,0.00
5.95,0.00,0.00,50.00,5034.00,0.00,0.00,2312.00,107392.68,0.00
5.96,0.00,0.00,48.00,5036.00,0.00,0.00,2312.00,105252.45,0.00
5.97,0.00,0.00,46.00,5038.00,0.00,0.00,2312.00,102998.12,0.00
5.97,0.00,0.00,44.00,5040.00,0.00,0.00,2312.00,100639.63,0.00
5.98,0.00,0.00,44.00,5040.00,0.00,0.00,2312.00,98486.50,0.00
5.99,0.00,0.00,43.00,5041.00,0.00,0.00,2312.00,96370.63,0.00
5.99,0.00,0.00,42.00,5042.00,0.00,0.00,2312.00,94288.77,0.00
6.00,0.00,0.00,41.00,5043.00,0.00,0.00,2312.00,92237.96,0.00
6.01,0.00,0.00,40.00,5044.00,0.00,0.00,2312.00,90215.49,0.00
6.01,0.00,0.00,39.00,5045.00,0.00,0.00,2312.00,88218.90,0.00
6.02,0.00,0.00,39.00,5045.00,0.00,0.00,2312.00,86396.17,0.00
6.03,0.00,0.00,38.00,5046.00,0.00,0.00,2312.00,84581.92,0.00
6.03,0.00,0.00,38.00,5046.00,0.00,0.00,2312.00,82925.65,0.00
6.04,0.00,0.00,34.00,5050.00,0.00,0.00,2312.00,80812.68,0.00
6.05,0.00,0.00,33.00,5051.00,0.00,0.00,2312.00,78733.46,0.00
6.06,0.00,0.00,33.00,5051.00,0.00,0.00,2312.00,76835.29,0.00
6.06,0.00,0.00,32.00,5052.00,0.00,0.00,2312.00,74952.18,0.00
6.07,0.00,0.00,32.00,5052.00,0.00,0.00,2312.00,73233.04,0.00
6.08,0.00,0.00,31.00,5053.00,0.00,0.00,2312.00,71513.37,0.00
6.08,0.00,0.00,29.00,5055.00,0.00,0.00,2312.00,69642.97,0.00
6.09,0.00,0.00,28.00,5056.00,0.00,0.00,2312.00,67785.21,0.00
6.10,0.00,0.00,28.00,5056.00,0.00,0.00,2312.00,66089.22,0.00
6.10,0.00,0.00,28.00,5056.00,0.00,0.00,2312.00,64540.91,0.00
6.11,0.00,0.00,28.00,5056.00,0.00,0.00,2312.00,63127.41,0.00
6.12,0.00,0.00,27.00,5057.00,0.00,0.00,2312.00,61686.77,0.00
6.12,0.00,0.00,27.00,5057.00,0.00,0.00,2312.00,60371.58,0.00
6.13,0.00,0.00,27.00,5057.00,0.00,0.00,2312.00,59170.90,0.00
6.14,0.00,0.00,27.00,5057.00,0.00,0.00,2312.00,58074.78,0.00
6.15,0.00,0.00,27.00,5057.00,0.00,0.00,2312.00,57074.10,0.00
6.15,0.00,0.00,26.00,5058.00,0.00,0.00,2312.00,56010.33,0.00
6.16,0.00,0.00,26.00,5058.00,0.00,0.00,2312.00,55039.18,0.00
6.17,0.00,0.00,24.00,5060.00,0.00,0.00,2312.00,53852.14,0.00
6.17,0.00,0.00,24.00,5060.00,0.00,0.00,2312.00,52768.46,0.00
6.18,0.00,0.00,24.00,5060.00,0.00,0.00,2312.00,51779.14,0.00
6.19,0.00,0.00,23.00,5061.00,0.00,0.00,2312.00,50725.74,0.00
6.19,0.00,0.00,23.00,5061.00,0.00,0.00,2312.00,49764.06,0.00
6.20,0.00,0.00,23.00,5061.00,0.00,0.00,2312.00,48886.12,0.00
6.21,0.00,0.00,22.00,5062.00,0.00,0.00,2312.00,47934.40,0.00
6.22,0.00,0.00,21.00,5063.00,0.00,0.00,2312.00,46915.32,0.00
6.22,0.00,0.00,19.00,5065.00,0.00,0.00,2312.00,45684.51,0.00
6.23,0.00,0.00,19.00,5065.00,0.00,0.00,2312.00,44560.88,0.00
6.24,0.00,0.00,19.00,5065.00,0.00,0.00,2312.00,43535.09,0.00
6.24,0.00,0.00,19.00,5065.00,0.00,0.00,2312.00,42598.62,0.00
6.25,0.00,0.00,18.00,5066.00,0.00,0.00,2312.00,41593.46,0.00
6.26,0.00,0.00,18.00,5066.00,0.00,0.00,2312.00,40675.83,0.00
6.26,0.00,0.00,18.00,5066.00,0.00,0.00,2312.00,39838.10,0.00
6.27,0.00,0.00,18.00,5066.00,0.00,0.00,2312.00,39073.32,0.00
6.28,0.00,0.00,18.00,5066.00,0.00,0.00,2312.00,38375.13,0.00
6.28,0.00,0.00,18.00,5066.00,0.00,0.00,2312.00,37737.74,0.00
6.29,0.00,0.00,18.00,5066.00,0.00,0.00,2312.00,37155.85,0.00
6.30,0.00,0.00,16.00,5068.00,0.00,0.00,2312.00,36324.17,0.00
6.31,0.00,0.00,16.00,5068.00,0.00,0.00,2312.00,35564.90,0.00
6.31,0.00,0.00,16.00,5068.00,0.00,0.00,2312.00,34871.75,0.00
6.32,0.00,0.00,16.00,5068.00,0.00,0.00,2312.00,34238.96,0.00
6.33,0.00,0.00,16.00,5068.00,0.00,0.00,2312.00,33661.26,0.00
6.33,0.00,0.00,16.00,5068.00,0.00,0.00,2312.00,33133.88,0.00
6.34,0.00,0.00,15.00,5069.00,0.00,0.00,2312.00,32502.18,0.00
6.35,0.00,0.00,14.00,5070.00,0.00,0.00,2312.00,31775.25,0.00
6.35,0.00,0.00,14.00,5070.00,0.00,0.00,2312.00,31111.63,0.00
6.36,0.00,0.00,14.00,5070.00,0.00,0.00,2312.00,30505.79,0.00
6.37,0.00,0.00,14.00,5070.00,0.00,0.00,2312.00,29952.70,0.00
6.38,0.00,0.00,14.00,5070.00,0.00,0.00,2312.00,29447.78,0.00
6.38,0.00,0.00,14.00,5070.00,0.00,0.00,2312.00,28986.82,0.00
6.39,0.00,0.00,14.00,5070.00,0.00,0.00,2312.00,28566.00,0.00
6.40,0.00,0.00,14.00,5070.00,0.00,0.00,2312.00,28181.82,0.00
6.40,0.00,0.00,14.00,5070.00,0.00,0.00,2312.00,27831.10,0.00
6.41,0.00,0.00,14.00,5070.00,0.00,0.00,2312.00,27510.92,0.00
6.42,0.00,0.00,14.00,5070.00,0.00,0.00,2312.00,27218.61,0.00
6.42,0.00,0.00,14.00,5070.00,0.00,0.00,2312.00,26951.76,0.00
6.43,0.00,0.00,14.00,5070.00,0.00,0.00,2312.00,26708.15,0.00
6.44,0.00,0.00,14.00,5070.00,0.00,0.00,2312.00,26485.74,0.00
6.44,0.00,0.00,12.00,5072.00,0.00,0.00,2312.00,25982.25,0.00
6.45,0.00,0.00,12.00,5072.00,0.00,0.00,2312.00,25522.59,0.00
6.46,0.00,0.00,12.00,5072.00,0.00,0.00,2312.00,25102.96,0.00
6.47,0.00,0.00,12.00,5072.00,0.00,0.00,2312.00,24719.87,0.00
6.47,0.00,0.00,12.00,5072.00,0.00,0.00,2312.00,24370.13,0.00
6.48,0.00,0.00,12.00,5072.00,0.00,0.00,2312.00,24050.85,0.00
6.49,0.00,0.00,12.00,5072.00,0.00,0.00,2312.00,23759.38,0.00
6.49,0.00,0.00,11.00,5073.00,0.00,0.00,2312.00,23343.05,0.00
6.50,0.00,0.00,11.00,5073.00,0.00,0.00,2312.00,22962.97,0.00
6.51,0.00,0.00,11.00,5073.00,0.00,0.00,2312.00,22615.99,0.00
6.51,0.00,0.00,11.00,5073.00,0.00,0.00,2312.00,22299.22,0.00
6.52,0.00,0.00,11.00,5073.00,0.00,0.00,2312.00,22010.04,0.00
6.53,0.00,0.00,11.00,5073.00,0.00,0.00,2312.00,21746.04,0.00
6.53,0.00,0.00,11.00,5073.00,0.00,0.00,2312.00,21505.02,0.00
6.54,0.00,0.00,11.00,5073.00,0.00,0.00,2312.00,21284.99,0.00
6.55,0.00,0.00,11.00,5073.00,0.00,0.00,2312.00,21084.12,0.00
6.56,0.00,0.00,11.00,5073.00,0.00,0.00,2312.00,20900.75,0.00
6.56,0.00,0.00,11.00,5073.00,0.00,0.00,2312.00,20733.34,0.00
6.57,0.00,0.00,11.00,5073.00,0.00,0.00,2312.00,20580.50,0.00
6.58,0.00,0.00,11.00,5073.00,0.00,0.00,2312.00,20440.98,0.00
6.58,0.00,0.00,11.00,5073.00,0.00,0.00,2312.00,20313.60,0.00
6.59,0.00,0.00,11.00,5073.00,0.00,0.00,2312.00,20197.32,0.00
6.60,0.00,0.00,11.00,5073.00,0.00,0.00,2312.00,20091.16,0.00
6.60,0.00,0.00,10.00,5074.00,0.00,0.00,2312.00,19844.01,0.00
6.61,0.00,0.00,10.00,5074.00,0.00,0.00,2312.00,19618.39,0.00
6.62,0.00,0.00,10.00,5074.00,0.00,0.00,2312.00,19412.41,0.00
6.62,0.00,0.00,10.00,5074.00,0.00,0.00,2312.00,19224.37,0.00
6.63,0.00,0.00,9.00,5075.00,0.00,0.00,2312.00,18902.47,0.00
6.64,0.00,0.00,8.00,5076.00,0.00,0.00,2312.00,18458.36,0.00
6.65,0.00,0.00,8.00,5076.00,0.00,0.00,2312.00,18052.93,0.00
6.65,0.00,0.00,8.00,5076.00,0.00,0.00,2312.00,17682.81,0.00
6.66,0.00,0.00,8.00,5076.00,0.00,0.00,2312.00,17344.91,0.00
6.67,0.00,0.00,8.00,5076.00,0.00,0.00,2312.00,17036.43,0.00
6.67,0.00,0.00,7.00,5077.00,0.00,0.00,2312.00,16604.58,0.00
6.68,0.00,0.00,7.00,5077.00,0.00,0.00,2312.00,16210.34,0.00
6.69,0.00,0.00,7.00,5077.00,0.00,0.00,2312.00,15850.43,0.00
6.69,0.00,0.00,7.00,5077.00,0.00,0.00,2312.00,15521.85,0.00
6.70,0.00,0.00,7.00,5077.00,0.00,0.00,2312.00,15221.89,0.00
6.71,0.00,0.00,7.00,5077.00,0.00,0.00,2312.00,14948.05,0.00
6.72,0.00,0.00,7.00,5077.00,0.00,0.00,2312.00,14698.05,0.00
6.72,0.00,0.00,7.00,5077.00,0.00,0.00,2312.00,14469.82,0.00
6.73,0.00,0.00,7.00,5077.00,0.00,0.00,2312.00,14261.47,0.00
6.74,0.00,0.00,7.00,5077.00,0.00,0.00,2312.00,14071.25,0.00
6.74,0.00,0.00,7.00,5077.00,0.00,0.00,2312.00,13897.60,0.00
6.75,0.00,0.00,7.00,5077.00,0.00,0.00,2312.00,13739.07,0.00
6.76,0.00,0.00,6.00,5078.00,0.00,0.00,2312.00,13444.12,0.00
6.76,0.00,0.00,6.00,5078.00,0.00,0.00,2312.00,13174.84,0.00
6.77,0.00,0.00,6.00,5078.00,0.00,0.00,2312.00,12929.02,0.00
6.78,0.00,0.00,6.00,5078.00,0.00,0.00,2312.00,12704.60,0.00
6.78,0.00,0.00,5.00,5079.00,0.00,0.00,2312.00,12349.49,0.00
6.79,0.00,0.00,5.00,5079.00,0.00,0.00,2312.00,12025.30,0.00
6.80,0.00,0.00,5.00,5079.00,0.00,0.00,2312.00,11729.34,0.00
6.81,0.00,0.00,5.00,5079.00,0.00,0.00,2312.00,11459.15,0.00
6.81,0.00,0.00,5.00,5079.00,0.00,0.00,2312.00,11212.49,0.00
6.82,0.00,0.00,5.00,5079.00,0.00,0.00,2312.00,10987.31,0.00
6.83,0.00,0.00,5.00,5079.00,0.00,0.00,2312.00,10781.73,0.00
6.83,0.00,0.00,5.00,5079.00,0.00,0.00,2312.00,10594.06,0.00
6.84,0.00,0.00,5.00,5079.00,0.00,0.00,2312.00,10422.73,0.00
6.85,0.00,0.00,5.00,5079.00,0.00,0.00,2312.00,10266.31,0.00
6.85,0.00,0.00,5.00,5079.00,0.00,0.00,2312.00,10123.52,0.00
6.86,0.00,0.00,5.00,5079.00,0.00,0.00,2312.00,9993.16,0.00
6.87,0.00,0.00,5.00,5079.00,0.00,0.00,2312.00,9874.15,0.00
6.88,0.00,0.00,5.00,5079.00,0.00,0.00,2312.00,9765.51,0.00
6.88,0.00,0.00,5.00,5079.00,0.00,0.00,2312.00,9666.32,0.00
6.89,0.00,0.00,5.00,5079.00,0.00,0.00,2312.00,9575.77,0.00
6.90,0.00,0.00,5.00,5079.00,0.00,0.00,2312.00,9493.11,0.00
6.90,0.00,0.00,5.00,5079.00,0.00,0.00,2312.00,9417.64,0.00
6.91,0.00,0.00,5.00,5079.00,0.00,0.00,2312.00,9348.75,0.00
6.92,0.00,0.00,5.00,5079.00,0.00,0.00,2312.00,9285.85,0.00
6.92,0.00,0.00,5.00,5079.00,0.00,0.00,2312.00,9228.43,0.00
6.93,0.00,0.00,5.00,5079.00,0.00,0.00,2312.00,9176.01,0.00
6.94,0.00,0.00,5.00,5079.00,0.00,0.00,2312.00,9128.16,0.00
6.94,0.00,0.00,5.00,5079.00,0.00,0.00,2312.00,9084.47,0.00
6.95,0.00,0.00,5.00,5079.00,0.00,0.00,2312.00,9044.59,0.00
6.96,0.00,0.00,5.00,5079.00,0.00,0.00,2312.00,9008.18,0.00
6.97,0.00,0.00,5.00,5079.00,0.00,0.00,2312.00,8974.94,0.00
6.97,0.00,0.00,5.00,5079.00,0.00,0.00,2312.00,8944.59,0.00
6.98,0.00,0.00,5.00,5079.00,0.00,0.00,2312.00,8916.89,0.00
6.99,0.00,0.00,5.00,5079.00,0.00,0.00,2312.00,8891.60,0.00
6.99,0.00,0.00,5.00,5079.00,0.00,0.00,2312.00,8868.51,0.00
7.00,0.00,0.00,4.00,5080.00,0.00,0.00,2312.00,8697.20,0.00
7.01,0.00,0.00,4.00,5080.00,0.00,0.00,2312.00,8540.81,0.00
7.01,0.00,0.00,4.00,5080.00,0.00,0.00,2312.00,8398.03,0.00
7.02,0.00,0.00,4.00,5080.00,0.00,0.00,2312.00,8267.69,0.00
7.03,0.00,0.00,4.00,5080.00,0.00,0.00,2312.00,8148.70,0.00
7.03,0.00,0.00,4.00,5080.00,0.00,0.00,2312.00,8040.07,0.00
7.04,0.00,0.00,4.00,5080.00,0.00,0.00,2312.00,7940.89,0.00
7.05,0.00,0.00,4.00,5080.00,0.00,0.00,2312.00,7850.36,0.00
7.06,0.00,0.00,4.00,5080.00,0.00,0.00,2312.00,7767.70,0.00
7.06,0.00,0.00,4.00,5080.00,0.00,0.00,2312.00,7692.25,0.00
7.07,0.00,0.00,4.00,5080.00,0.00,0.00,2312.00,7623.36,0.00
7.08,0.00,0.00,4.00,5080.00,0.00,0.00,2312.00,7560.48,0.00
7.08,0.00,0.00,4.00,5080.00,0.00,0.00,2312.00,7503.07,0.00
7.09,0.00,0.00,4.00,5080.00,0.00,0.00,2312.00,7450.65,0.00
7.10,0.00,0.00,3.00,5081.00,0.00,0.00,2312.00,7252.57,0.00
7.10,0.00,0.00,3.00,5081.00,0.00,0.00,2312.00,7071.74,0.00
7.11,0.00,0.00,2.00,5082.00,0.00,0.00,2312.00,6756.43,0.00
7.12,0.00,0.00,2.00,5082.00,0.00,0.00,2312.00,6468.56,0.00
7.12,0.00,0.00,2.00,5082.00,0.00,0.00,2312.00,6205.77,0.00
7.13,0.00,0.00,2.00,5082.00,0.00,0.00,2312.00,5965.86,0.00
7.14,0.00,0.00,2.00,5082.00,0.00,0.00,2312.00,5746.84,0.00
7.15,0.00,0.00,2.00,5082.00,0.00,0.00,2312.00,5546.89,0.00
7.15,0.00,0.00,2.00,5082.00,0.00,0.00,2312.00,5364.35,0.00
7.16,0.00,0.00,2.00,5082.00,0.00,0.00,2312.00,5197.71,0.00
7.17,0.00,0.00,2.00,5082.00,0.00,0.00,2312.00,5045.57,0.00
7.17,0.00,0.00,2.00,5082.00,0.00,0.00,2312.00,4906.69,0.00
7.18,0.00,0.00,2.00,5082.00,0.00,0.00,2312.00,4779.89,0.00
7.19,0.00,0.00,2.00,5082.00,0.00,0.00,2312.00,4664.14,0.00
7.19,0.00,0.00,2.00,5082.00,0.00,0.00,2312.00,4558.47,0.00
7.20,0.00,0.00,2.00,5082.00,0.00,0.00,2312.00,4462.00,0.00
7.21,0.00,0.00,2.00,5082.00,0.00,0.00,2312.00,4373.93,0.00
7.22,0.00,0.00,2.00,5082.00,0.00,0.00,2312.00,4293.53,0.00
7.22,0.00,0.00,2.00,5082.00,0.00,0.00,2312.00,4220.13,0.00
7.23,0.00,0.00,2.00,5082.00,0.00,0.00,2312.00,4153.12,0.00
7.24,0.00,0.00,2.00,5082.00,0.00,0.00,2312.00,4091.94,0.00
7.24,0.00,0.00,2.00,5082.00,0.00,0.00,2312.00,4036.09,0.00
7.25,0.00,0.00,2.00,5082.00,0.00,0.00,2312.00,3985.11,0.00
7.26,0.00,0.00,2.00,5082.00,0.00,0.00,2312.00,3938.56,0.00
7.26,0.00,0.00,2.00,5082.00,0.00,0.00,2312.00,3896.07,0.00
7.27,0.00,0.00,2.00,5082.00,0.00,0.00,2312.00,3857.28,0.00
7.28,0.00,0.00,2.00,5082.00,0.00,0.00,2312.00,3821.87,0.00
7.28,0.00,0.00,2.00,5082.00,0.00,0.00,2312.00,3789.54,0.00
7.29,0.00,0.00,2.00,5082.00,0.00,0.00,2312.00,3760.02,0.00
7.30,0.00,0.00,2.00,5082.00,0.00,0.00,2312.00,3733.08,0.00
7.31,0.00,0.00,2.00,5082.00,0.00,0.00,2312.00,3708.48,0.00
7.31,0.00,0.00,2.00,5082.00,0.00,0.00,2312.00,3686.02,0.00
7.32,0.00,0.00,2.00,5082.00,0.00,0.00,2312.00,3665.52,0.00
7.33,0.00,0.00,2.00,5082.00,0.00,0.00,2312.00,3646.80,0.00
7.33,0.00,0.00,2.00,5082.00,0.00,0.00,2312.00,3629.72,0.00
7.34,0.00,0.00,2.00,5082.00,0.00,0.00,2312.00,3614.12,0.00
7.35,0.00,0.00,2.00,5082.00,0.00,0.00,2312.00,3599.88,0.00
7.35,0.00,0.00,2.00,5082.00,0.00,0.00,2312.00,3586.88,0.00
7.36,0.00,0.00,2.00,5082.00,0.00,0.00,2312.00,3575.01,0.00
7.37,0.00,0.00,2.00,5082.00,0.00,0.00,2312.00,3564.17,0.00
7.38,0.00,0.00,2.00,5082.00,0.00,0.00,2312.00,3554.28,0.00
7.38,0.00,0.00,2.00,5082.00,0.00,0.00,2312.00,3545.25,0.00
7.39,0.00,0.00,2.00,5082.00,0.00,0.00,2312.00,3537.01,0.00
7.40,0.00,0.00,2.00,5082.00,0.00,0.00,2312.00,3529.48,0.00
7.40,0.00,0.00,2.00,5082.00,0.00,0.00,2312.00,3522.61,0.00
7.41,0.00,0.00,2.00,5082.00,0.00,0.00,2312.00,3516.34,0.00
7.42,0.00,0.00,2.00,5082.00,0.00,0.00,2312.00,3510.61,0.00
7.42,0.00,0.00,2.00,5082.00,0.00,0.00,2312.00,3505.38,0.00
7.43,0.00,0.00,2.00,5082.00,0.00,0.00,2312.00,3500.61,0.00
7.44,0.00,0.00,2.00,5082.00,0.00,0.00,2312.00,3496.26,0.00
7.44,0.00,0.00,2.00,5082.00,0.00,0.00,2312.00,3492.28,0.00
7.45,0.00,0.00,2.00,5082.00,0.00,0.00,2312.00,3488.65,0.00
7.46,0.00,0.00,2.00,5082.00,0.00,0.00,2312.00,3485.33,0.00
7.47,0.00,0.00,1.00,5083.00,0.00,0.00,2312.00,3332.07,0.00
7.47,0.00,0.00,1.00,5083.00,0.00,0.00,2312.00,3192.16,0.00
7.48,0.00,0.00,1.00,5083.00,0.00,0.00,2312.00,3064.43,0.00
7.49,0.00,0.00,1.00,5083.00,0.00,0.00,2312.00,2947.82,0.00
7.49,0.00,0.00,1.00,5083.00,0.00,0.00,2312.00,2841.37,0.00
7.50,0.00,0.00,1.00,5083.00,0.00,0.00,2312.00,2744.19,0.00
7.51,0.00,0.00,1.00,5083.00,0.00,0.00,2312.00,2655.47,0.00
7.51,0.00,0.00,1.00,5083.00,0.00,0.00,2312.00,2574.47,0.00
7.52,0.00,0.00,1.00,5083.00,0.00,0.00,2312.00,2500.53,0.00
7.53,0.00,0.00,1.00,5083.00,0.00,0.00,2312.00,2433.02,0.00
7.53,0.00,0.00,1.00,5083.00,0.00,0.00,2312.00,2371.39,0.00
7.54,0.00,0.00,0.00,5084.00,0.00,0.00,2312.00,2164.90,0.00
7.55,0.00,0.00,0.00,5084.00,0.00,0.00,2312.00,1976.39,0.00
7.56,0.00,0.00,0.00,5084.00,0.00,0.00,2312.00,1804.30,0.00
7.56,0.00,0.00,0.00,5084.00,0.00,0.00,2312.00,1647.18,0.00
7.57,0.00,0.00,0.00,5084.00,0.00,0.00,2312.00,1503.75,0.00
7.58,0.00,0.00,0.00,5084.00,0.00,0.00,2312.00,1372.81,0.00
7.58,0.00,0.00,0.00,5084.00,0.00,0.00,2312.00,1253.27,0.00
7.59,0.00,0.00,0.00,5084.00,0.00,0.00,2312.00,1144.14,0.00
7.60,0.00,0.00,0.00,5084.00,0.00,0.00,2312.00,1044.52,0.00
7.60,0.00,0.00,0.00,5084.00,0.00,0.00,2312.00,953.56,0.00
7.61,0.00,0.00,0.00,5084.00,0.00,0.00,2312.00,870.53,0.00
7.62,0.00,0.00,0.00,5084.00,0.00,0.00,2312.00,794.73,0.00
7.62,0.00,0.00,0.00,5084.00,0.00,0.00,2312.00,725.53,0.00
7.63,0.00,0.00,0.00,5084.00,0.00,0.00,2312.00,662.35,0.00
7.64,0.00,0.00,0.00,5084.00,0.00,0.00,2312.00,604.68,0.00
7.65,0.00,0.00,0.00,5084.00,0.00,0.00,2312.00,552.02,0.00
7.65,0.00,0.00,0.00,5084.00,0.00,0.00,2312.00,503.96,0.00
7.66,0.00,0.00,0.00,5084.00,0.00,0.00,2312.00,460.07,0.00
7.67,0.00,0.00,0.00,5084.00,0.00,0.00,2312.00,420.01,0.00
7.67,0.00,0.00,0.00,5084.00,0.00,0.00,2312.00,383.44,0.00
7.68,0.00,0.00,0.00,5084.00,0.00,0.00,2312.00,350.05,0.00
7.69,0.00,0.00,0.00,5084.00,0.00,0.00,2312.00,319.57,0.00
7.69,0.00,0.00,0.00,5084.00,0.00,0.00,2312.00,291.74,0.00
7.70,0.00,0.00,0.00,5084.00,0.00,0.00,2312.00,266.34,0.00
7.71,0.00,0.00,0.00,5084.00,0.00,0.00,2312.00,243.15,0.00
7.72,0.00,0.00,0.00,5084.00,0.00,0.00,2312.00,221.97,0.00
7.72,0.00,0.00,0.00,5084.00,0.00,0.00,2312.00,202.65,0.00
7.73,0.00,0.00,0.00,5084.00,0.00,0.00,2312.00,185.00,0.00
7.74,0.00,0.00,0.00,5084.00,0.00,0.00,2312.00,168.89,0.00
7.74,0.00,0.00,0.00,5084.00,0.00,0.00,2312.00,154.18,0.00
7.75,0.00,0.00,0.00,5084.00,0.00,0.00,2312.00,140.76,0.00
7.76,0.00,0.00,0.00,5084.00,0.00,0.00,2312.00,128.50,0.00
7.76,0.00,0.00,0.00,5084.00,0.00,0.00,2312.00,117.31,0.00
7.77,0.00,0.00,0.00,5084.00,0.00,0.00,2312.00,107.10,0.00
7.78,0.00,0.00,0.00,5084.00,0.00,0.00,2312.00,97.77,0.00
7.78,0.00,0.00,0.00,5084.00,0.00,0.00,2312.00,89.26,0.00
7.79,0.00,0.00,0.00,5084.00,0.00,0.00,2312.00,81.49,0.00
7.80,0.00,0.00,0.00,5084.00,0.00,0.00,2312.00,74.39,0.00
7.81,0.00,0.00,0.00,5084.00,0.00,0.00,2312.00,67.91,0.00
7.81,0.00,0.00,0.00,5084.00,0.00,0.00,2312.00,62.00,0.00
7.82,0.00,0.00,0.00,5084.00,0.00,0.00,2312.00,56.60,0.00
7.83,0.00,0.00,0.00,5084.00,0.00,0.00,2312.00,51.67,0.00
7.83,0.00,0.00,0.00,5084.00,0.00,0.00,2312.00,47.17,0.00
7.84,0.00,0.00,0.00,5084.00,0.00,0.00,2312.00,43.07,0.00
7.85,0.00,0.00,0.00,5084.00,0.00,0.00,2312.00,39.32,0.00
7.85,0.00,0.00,0.00,5084.00,0.00,0.00,2312.00,35.89,0.00
7.86,0.00,0.00,0.00,5084.00,0.00,0.00,2312.00,32.77,0.00
7.87,0.00,0.00,0.00,5084.00,0.00,0.00,2312.00,29.91,0.00
7.88,0.00,0.00,0.00,5084.00,0.00,0.00,2312.00,27.31,0.00
7.88,0.00,0.00,0.00,5084.00,0.00,0.00,2312.00,24.93,0.00
7.89,0.00,0.00,0.00,5084.00,0.00,0.00,2312.00,22.76,0.00
7.90,0.00,0.00,0.00,5084.00,0.00,0.00,2312.00,20.78,0.00
7.90,0.00,0.00,0.00,5084.00,0.00,0.00,2312.00,18.97,0.00
7.91,0.00,0.00,0.00,5084.00,0.00,0.00,2312.00,17.32,0.00
7.92,0.00,0.00,0.00,5084.00,0.00,0.00,2312.00,15.81,0.00
7.92,0.00,0.00,0.00,5084.00,0.00,0.00,2312.00,14.43,0.00
7.93,0.00,0.00,0.00,5084.00,0.00,0.00,2312.00,13.18,0.00
7.94,0.00,0.00,0.00,5084.00,0.00,0.00,2312.00,12.03,0.00
7.94,0.00,0.00,0.00,5084.00,0.00,0.00,2312.00,10.98,0.00
7.95,0.00,0.00,0.00,5084.00,0.00,0.00,2312.00,10.02,0.00
7.96,0.00,0.00,0.00,5084.00,0.00,0.00,2312.00,9.15,0.00
7.97,0.00,0.00,0.00,5084.00,0.00,0.00,2312.00,8.36,0.00
7.97,0.00,0.00,0.00,5084.00,0.00,0.00,2312.00,7.63,0.00
7.98,0.00,0.00,0.00,5084.00,0.00,0.00,2312.00,6.96,0.00
7.99,0.00,0.00,0.00,5084.00,0.00,0.00,2312.00,6.36,0.00
7.99,0.00,0.00,0.00,5084.00,0.00,0.00,2312.00,5.80,0.00
8.00,0.00,0.00,0.00,5084.00,0.00,0.00,2312.00,5.30,0.00
8.01,0.00,0.00,0.00,5084.00,0.00,0.00,2312.00,4.84,0.00
8.01,0.00,0.00,0.00,5084.00,0.00,0.00,2312.00,4.42,0.00
8.02,0.00,0.00,0.00,5084.00,0.00,0.00,2312.00,4.03,0.00
8.03,0.00,0.00,0.00,5084.00,0.00,0.00,2312.00,3.68,0.00
8.03,0.00,0.00,0.00,5084.00,0.00,0.00,2312.00,3.36,0.00
8.04,0.00,0.00,0.00,5084.00,0.00,0.00,2312.00,3.07,0.00
8.05,0.00,0.00,0.00,5084.00,0.00,0.00,2312.00,2.80,0.00
8.06,0.00,0.00,0.00,5084.00,0.00,0.00,2312.00,2.56,0.00
8.06,0.00,0.00,0.00,5084.00,0.00,0.00,2312.00,2.33,0.00
8.07,0.00,0.00,0.00,5084.00,0.00,0.00,2312.00,2.13,0.00
8.08,0.00,0.00,0.00,5084.00,0.00,0.00,2312.00,1.94,0.00
8.08,0.00,0.00,0.00,5084.00,0.00,0.00,2312.00,1.78,0.00
8.09,0.00,0.00,0.00,5084.00,0.00,0.00,2312.00,1.62,0.00
8.10,0.00,0.00,0.00,5084.00,0.00,0.00,2312.00,1.48,0.00
8.10,0.00,0.00,0.00,5084.00,0.00,0.00,2312.00,1.35,0.00
8.11,0.00,0.00,0.00,5084.00,0.00,0.00,2312.00,1.23,0.00
8.12,0.00,0.00,0.00,5084.00,0.00,0.00,2312.00,1.13,0.00
8.12,0.00,0.00,0.00,5084.00,0.00,0.00,2312.00,1.03,0.00
8.13,0.00,0.00,0.00,5084.00,0.00,0.00,2312.00,0.94,0.00
8.14,0.00,0.00,0.00,5084.00,0.00,0.00,2312.00,0.86,0.00
8.15,0.00,0.00,0.00,5084.00,0.00,0.00,2312.00,0.78,0.00
8.15,0.00,0.00,0.00,5084.00,0.00,0.00,2312.00,0.71,0.00
8.16,0.00,0.00,0.00,5084.00,0.00,0.00,2312.00,0.65,0.00
8.17,0.00,0.00,0.00,5084.00,0.00,0.00,2312.00,0.60,0.00
8.17,0.00,0.00,0.00,5084.00,0.00,0.00,2312.00,0.54,0.00
8.18,0.00,0.00,0.00,5084.00,0.00,0.00,2312.00,0.50,0.00
8.19,0.00,0.00,0.00,5084.00,0.00,0.00,2312.00,0.45,0.00
8.19,0.00,0.00,0.00,5084.00,0.00,0.00,2312.00,0.41,0.00
8.20,0.00,0.00,0.00,5084.00,0.00,0.00,2312.00,0.38,0.00
8.21,0.00,0.00,0.00,5084.00,0.00,0.00,2312.00,0.34,0.00
8.22,0.00,0.00,0.00,5084.00,0.00,0.00,2312.00,0.31,0.00
8.22,0.00,0.00,0.00,5084.00,0.00,0.00,2312.00,0.29,0.00
8.23,0.00,0.00,0.00,5084.00,0.00,0.00,2312.00,0.26,0.00
8.24,0.00,0.00,0.00,5084.00,0.00,0.00,2312.00,0.24,0.00
8.24,0.00,0.00,0.00,5084.00,0.00,0.00,2312.00,0.22,0.00
8.25,0.00,0.00,0.00,5084.00,0.00,0.00,2312.00,0.20,0.00
8.26,0.00,0.00,0.00,5084.00,0.00,0.00,2312.00,0.18,0.00
8.26,0.00,0.00,0.00,5084.00,0.00,0.00,2312.00,0.17,0.00
8.27,0.00,0.00,0.00,5084.00,0.00,0.00,2312.00,0.15,0.00
8.28,0.00,0.00,0.00,5084.00,0.00,0.00,2312.00,0.14,0.00
8.28,0.00,0.00,0.00,5084.00,0.00,0.00,2312.00,0.13,0.00
8.29,0.00,0.00,0.00,5084.00,0.00,0.00,2312.00,0.12,0.00
8.30,0.00,0.00,0.00,5084.00,0.00,0.00,2312.00,0.11,0.00
8.31,0.00,0.00,0.00,5084.00,0.00,0.00,2312.00,0.10,0.00
8.31,0.00,0.00,0.00,5084.00,0.00,0.00,2312.00,0.09,0.00
8.32,0.00,0.00,0.00,5084.00,0.00,0.00,2312.00,0.08,0.00
8.33,0.00,0.00,0.00,5084.00,0.00,0.00,2312.00,0.07,0.00
8.33,0.00,0.00,0.00,5084.00,0.00,0.00,2312.00,0.07,0.00
8.34,0.00,0.00,0.00,5084.00,0.00,0.00,2312.00,0.06,0.00
8.35,0.00,0.00,0.00,5084.00,0.00,0.00,2312.00,0.06,0.00
8.35,0.00,0.00,0.00,5084.00,0.00,0.00,2312.00,0.05,0.00
8.36,0.00,0.00,0.00,5084.00,0.00,0.00,2312.00,0.05,0.00
8.37,0.00,0.00,0.00,5084.00,0.00,0.00,2312.00,0.04,0.00
8.38,0.00,0.00,0.00,5084.00,0.00,0.00,2312.00,0.04,0.00
8.38,0.00,0.00,0.00,5084.00,0.00,0.00,2312.00,0.04,0.00
8.39,0.00,0.00,0.00,5084.00,0.00,0.00,2312.00,0.03,0.00
8.40,0.00,0.00,0.00,5084.00,0.00,0.00,2312.00,0.03,0.00
8.40,0.00,0.00,0.00,5084.00,0.00,0.00,2312.00,0.03,0.00
8.41,0.00,0.00,0.00,5084.00,0.00,0.00,2312.00,0.02,0.00
8.42,0.00,0.00,0.00,5084.00,0.00,0.00,2312.00,0.02,0.00
8.42,0.00,0.00,0.00,5084.00,0.00,0.00,2312.00,0.02,0.00
8.43,0.00,0.00,0.00,5084.00,0.00,0.00,2312.00,0.02,0.00
8.44,0.00,0.00,0.00,5084.00,0.00,0.00,2312.00,0.02,0.00
8.44,0.00,0.00,0.00,5084.00,0.00,0.00,2312.00,0.02,0.00
8.45,0.00,0.00,0.00,5084.00,0.00,0.00,2312.00,0.01,0.00
8.46,0.00,0.00,0.00,5084.00,0.00,0.00,2312.00,0.01,0.00
8.47,0.00,0.00,0.00,5084.00,0.00,0.00,2312.00,0.01,0.00
8.47,0.00,0.00,0.00,5084.00,0.00,0.00,2312.00,0.01,0.00
8.48,0.00,0.00,0.00,5084.00,0.00,0.00,2312.00,0.01,0.00
8.49,0.00,0.00,0.00,5084.00,0.00,0.00,2312.00,0.01,0.00
8.49,0.00,0.00,0.00,5084.00,0.00,0.00,2312.00,0.01,0.00
8.50,0.00,0.00,0.00,5084.00,0.00,0.00,2312.00,0.01,0.00
8.51,0.00,0.00,0.00,5084.00,0.00,0.00,2312.00,0.01,0.00
8.51,0.00,0.00,0.00,5084.00,0.00,0.00,2312.00,0.01,0.00
8.52,0.00,0.00,0.00,5084.00,0.00,0.00,2312.00,0.01,0.00
8.53,0.00,0.00,0.00,5084.00,0.00,0.00,2312.00,0.01,0.00
8.53,0.00,0.00,0.00,5084.00,0.00,0.00,2312.00,0.00,0.00
8.54,0.00,0.00,0.00,5084.00,0.00,0.00,2312.00,0.00,0.00
8.55,0.00,0.00,0.00,5084.00,0.00,0.00,2312.00,0.00,0.00
8.56,0.00,0.00,0.00,5084.00,0.00,0.00,2312.00,0.00,0.00
8.56,0.00,0.00,0.00,5084.00,0.00,0.00,2312.00,0.00,0.00
8.57,0.00,0.00,0.00,5084.00,0.00,0.00,2312.00,0.00,0.00
8.58,0.00,0.00,0.00,5084.00,0.00,0.00,2312.00,0.00,0.00
8.58,0.00,0.00,0.00,5084.00,0.00,0.00,2312.00,0.00,0.00
8.59,0.00,0.00,0.00,5084.00,0.00,0.00,2312.00,0.00,0.00
8.60,0.00,0.00,0.00,5084.00,0.00,0.00,2312.00,0.00,0.00
8.60,0.00,0.00,0.00,5084.00,0.00,0.00,2312.00,0.00,0.00
8.61,0.00,0.00,0.00,5084.00,0.00,0.00,2312.00,0.00,0.00
8.62,0.00,0.00,0.00,5084.00,0.00,0.00,2312.00,0.00,0.00
8.62,0.00,0.00,0.00,5084.00,0.00,0.00,2312.00,0.00,0.00
8.63,0.00,0.00,0.00,5084.00,0.00,0.00,2312.00,0.00,0.00
8.64,0.00,0.00,0.00,5084.00,0.00,0.00,2312.00,0.00,0.00
8.65,0.00,0.00,0.00,5084.00,0.00,0.00,2312.00,0.00,0.00
8.65,0.00,0.00,0.00,5084.00,0.00,0.00,2312.00,0.00,0.00
8.66,0.00,0.00,0.00,5084.00,0.00,0.00,2312.00,0.00,0.00
8.67,0.00,0.00,0.00,5084.00,0.00,0.00,2312.00,0.00,0.00
8.67,0.00,0.00,0.00,5084.00,0.00,0.00,2312.00,0.00,0.00
8.68,0.00,0.00,0.00,5084.00,0.00,0.00,2312.00,0.00,0.00
8.69,0.00,0.00,0.00,5084.00,0.00,0.00,2312.00,0.00,0.00
8.69,0.00,0.00,0.00,5084.00,0.00,0.00,2312.00,0.00,0.00
8.70,0.00,0.00,0.00,5084.00,0.00,0.00,2312.00,0.00,0.00
8.71,0.00,0.00,0.00,5084.00,0.00,0.00,2312.00,0.00,0.00
8.72,0.00,0.00,0.00,5084.00,0.00,0.00,2312.00,0.00,0.00
8.72,0.00,0.00,0.00,5084.00,0.00,0.00,2312.00,0.00,0.00
8.73,0.00,0.00,0.00,5084.00,0.00,0.00,2312.00,0.00,0.00
8.74,0.00,0.00,0.00,5084.00,0.00,0.00,2312.00,0.00,0.00
8.74,0.00,0.00,0.00,5084.00,0.00,0.00,2312.00,0.00,0.00
8.75,0.00,0.00,0.00,5084.00,0.00,0.00,2312.00,0.00,0.00
8.76,0.00,0.00,0.00,5084.00,0.00,0.00,2312.00,0.00,0.00
8.76,0.00,0.00,0.00,5084.00,0.00,0.00,2312.00,0.00,0.00
8.77,0.00,0.00,0.00,5084.00,0.00,0.00,2312.00,0.00,0.00
8.78,0.00,0.00,0.00,5084.00,0.00,0.00,2312.00,0.00,0.00
8.78,0.00,0.00,0.00,5084.00,0.00,0.00,2312.00,0.00,0.00
8.79,0.00,0.00,0.00,5084.00,0.00,0.00,2312.00,0.00,0.00
8.80,0.00,0.00,0.00,5084.00,0.00,0.00,2312.00,0.00,0.00
8.81,0.00,0.00,0.00,5084.00,0.00,0.00,2312.00,0.00,0.00
8.81,0.00,0.00,0.00,5084.00,0.00,0.00,2312.00,0.00,0.00
8.82,0.00,0.00,0.00,5084.00,0.00,0.00,2312.00,0.00,0.00
8.83,0.00,0.00,0.00,5084.00,0.00,0.00,2312.00,0.00,0.00
8.83,0.00,0.00,0.00,5084.00,0.00,0.00,2312.00,0.00,0.00
8.84,0.00,0.00,0.00,5084.00,0.00,0.00,2312.00,0.00,0.00
8.85,0.00,0.00,0.00,5084.00,0.00,0.00,2312.00,0.00,0.00
8.85,0.00,0.00,0.00,5084.00,0.00,0.00,2312.00,0.00,0.00
8.86,0.00,0.00,0.00,5084.00,0.00,0.00,2312.00,0.00,0.00
8.87,0.00,0.00,0.00,5084.00,0.00,0.00,2312.00,0.00,0.00
8.88,0.00,0.00,0.00,5084.00,0.00,0.00,2312.00,0.00,0.00
8.88,0.00,0.00,0.00,5084.00,0.00,0.00,2312.00,0.00,0.00
8.89,0.00,0.00,0.00,5084.00,0.00,0.00,2312.00,0.00,0.00
8.90,0.00,0.00,0.00,5084.00,0.00,0.00,2312.00,0.00,0.00
8.90,0.00,0.00,0.00,5084.00,0.00,0.00,2312.00,0.00,0.00
8.91,0.00,0.00,0.00,5084.00,0.00,0.00,2312.00,0.00,0.00
8.92,0.00,0.00,0.00,5084.00,0.00,0.00,2312.00,0.00,0.00
8.92,0.00,0.00,0.00,5084.00,0.00,0.00,2312.00,0.00,0.00
8.93,0.00,0.00,0.00,5084.00,0.00,0.00,2312.00,0.00,0.00
8.94,0.00,0.00,0.00,5084.00,0.00,0.00,2312.00,0.00,0.00
8.94,0.00,0.00,0.00,5084.00,0.00,0.00,2312.00,0.00,0.00
8.95,0.00,0.00,0.00,5084.00,0.00,0.00,2312.00,0.00,0.00
8.96,0.00,0.00,0.00,5084.00,0.00,0.00,2312.00,0.00,0.00
8.97,0.00,0.00,0.00,5084.00,0.00,0.00,2312.00,0.00,0.00
8.97,0.00,0.00,0.00,5084.00,0.00,0.00,2312.00,0.00,0.00
8.98,0.00,0.00,0.00,5084.00,0.00,0.00,2312.00,0.00,0.00
8.99,0.00,0.00,0.00,5084.00,0.00,0.00,2312.00,0.00,0.00
8.99,0.00,0.00,0.00,5084.00,0.00,0.00,2312.00,0.00,0.00
9.00,0.00,0.00,0.00,5084.00,0.00,0.00,2312.00,0.00,0.00
9.01,0.00,0.00,0.00,5084.00,0.00,0.00,2312.00,0.00,0.00
9.01,0.00,0.00,0.00,5084.00,0.00,0.00,2312.00,0.00,0.00
9.02,0.00,0.00,0.00,5084.00,0.00,0.00,2312.00,0.00,0.00
9.03,0.00,0.00,0.00,5084.00,0.00,0.00,2312.00,0.00,0.00
9.03,0.00,0.00,0.00,5084.00,0.00,0.00,2312.00,0.00,0.00
9.04,0.00,0.00,0.00,5084.00,0.00,0.00,2312.00,0.00,0.00
9.05,0.00,0.00,0.00,5084.00,0.00,0.00,2312.00,0.00,0.00
9.06,0.00,0.00,0.00,5084.00,0.00,0.00,2312.00,0.00,0.00
9.06,0.00,0.00,0.00,5084.00,0.00,0.00,2312.00,0.00,0.00
9.07,0.00,0.00,0.00,5084.00,0.00,0.00,2312.00,0.00,0.00
9.08,0.00,0.00,0.00,5084.00,0.00,0.00,2312.00,0.00,0.00
9.08,0.00,0.00,0.00,5084.00,0.00,0.00,2312.00,0.00,0.00
9.09,0.00,0.00,0.00,5084.00,0.00,0.00,2312.00,0.00,0.00
9.10,0.00,0.00,0.00,5084.00,0.00,0.00,2312.00,0.00,0.00
9.10,0.00,0.00,0.00,5084.00,0.00,0.00,2312.00,0.00,0.00
9.11,0.00,0.00,0.00,5084.00,0.00,0.00,2312.00,0.00,0.00
9.12,0.00,0.00,0.00,5084.00,0.00,0.00,2312.00,0.00,0.00
9.12,0.00,0.00,0.00,5084.00,0.00,0.00,2312.00,0.00,0.00
9.13,0.00,0.00,0.00,5084.00,0.00,0.00,2312.00,0.00,0.00
9.14,0.00,0.00,0.00,5084.00,0.00,0.00,2312.00,0.00,0.00
9.15,0.00,0.00,0.00,5084.00,0.00,0.00,2312.00,0.00,0.00
9.15,0.00,0.00,0.00,5084.00,0.00,0.00,2312.00,0.00,0.00
9.16,0.00,0.00,0.00,5084.00,0.00,0.00,2312.00,0.00,0.00
9.17,0.00,0.00,0.00,5084.00,0.00,0.00,2312.00,0.00,0.00
9.17,0.00,0.00,0.00,5084.00,0.00,0.00,2312.00,0.00,0.00
9.18,0.00,0.00,0.00,5084.00,0.00,0.00,2312.00,0.00,0.00
9.19,0.00,0.00,0.00,5084.00,0.00,0.00,2312.00,0.00,0.00
9.19,0.00,0.00,0.00,5084.00,0.00,0.00,2312.00,0.00,0.00
9.20,0.00,0.00,0.00,5084.00,0.00,0.00,2312.00,0.00,0.00
9.21,0.00,0.00,0.00,5084.00,0.00,0.00,2312.00,0.00,0.00
9.22,0.00,0.00,0.00,5084.00,0.00,0.00,2312.00,0.00,0.00
9.22,0.00,0.00,0.00,5084.00,0.00,0.00,2312.00,0.00,0.00
9.23,0.00,0.00,0.00,5084.00,0.00,0.00,2312.00,0.00,0.00
9.24,0.00,0.00,0.00,5084.00,0.00,0.00,2312.00,0.00,0.00
9.24,0.00,0.00,0.00,5084.00,0.00,0.00,2312.00,0.00,0.00
9.25,0.00,0.00,0.00,5084.00,0.00,0.00,2312.00,0.00,0.00
9.26,0.00,0.00,0.00,5084.00,0.00,0.00,2312.00,0.00,0.00
9.26,0.00,0.00,0.00,5084.00,0.00,0.00,2312.00,0.00,0.00
9.27,0.00,0.00,0.00,5084.00,0.00,0.00,2312.00,0.00,0.00
9.28,0.00,0.00,0.00,5084.00,0.00,0.00,2312.00,0.00,0.00
9.28,0.00,0.00,0.00,5084.00,0.00,0.00,2312.00,0.00,0.00
9.29,0.00,0.00,0.00,5084.00,0.00,0.00,2312.00,0.00,0.00
9.30,0.00,0.00,0.00,5084.00,0.00,0.00,2312.00,0.00,0.00
9.31,0.00,0.00,0.00,5084.00,0.00,0.00,2312.00,0.00,0.00
9.31,0.00,0.00,0.00,5084.00,0.00,0.00,2312.00,0.00,0.00
9.32,0.00,0.00,0.00,5084.00,0.00,0.00,2312.00,0.00,0.00
9.33,0.00,0.00,0.00,5084.00,0.00,0.00,2312.00,0.00,0.00
9.33,0.00,0.00,0.00,5084.00,0.00,0.00,2312.00,0.00,0.00
9.34,0.00,0.00,0.00,5084.00,0.00,0.00,2312.00,0.00,0.00
9.35,0.00,0.00,0.00,5084.00,0.00,0.00,2312.00,0.00,0.00
9.35,0.00,0.00,0.00,5084.00,0.00,0.00,2312.00,0.00,0.00
9.36,0.00,0.00,0.00,5084.00,0.00,0.00,2312.00,0.00,0.00
9.37,0.00,0.00,0.00,5084.00,0.00,0.00,2312.00,0.00,0.00
9.38,0.00,0.00,0.00,5084.00,0.00,0.00,2312.00,0.00,0.00
9.38,0.00,0.00,0.00,5084.00,0.00,0.00,2312.00,0.00,0.00
9.39,0.00,0.00,0.00,5084.00,0.00,0.00,2312.00,0.00,0.00
9.40,0.00,0.00,0.00,5084.00,0.00,0.00,2312.00,0.00,0.00
9.40,0.00,0.00,0.00,5084.00,0.00,0.00,2312.00,0.00,0.00
9.41,0.00,0.00,0.00,5084.00,0.00,0.00,2312.00,0.00,0.00
9.42,0.00,0.00,0.00,5084.00,0.00,0.00,2312.00,0.00,0.00
9.42,0.00,0.00,0.00,5084.00,0.00,0.00,2312.00,0.00,0.00
9.43,0.00,0.00,0.00,5084.00,0.00,0.00,2312.00,0.00,0.00
9.44,0.00,0.00,0.00,5084.00,0.00,0.00,2312.00,0.00,0.00
9.44,0.00,0.00,0.00,5084.00,0.00,0.00,2312.00,0.00,0.00
9.45,0.00,0.00,0.00,5084.00,0.00,0.00,2312.00,0.00,0.00
9.46,0.00,0.00,0.00,5084.00,0.00,0.00,2312.00,0.00,0.00
9.47,0.00,0.00,0.00,5084.00,0.00,0.00,2312.00,0.00,0.00
9.47,0.00,0.00,0.00,5084.00,0.00,0.00,2312.00,0.00,0.00
9.48,0.00,0.00,0.00,5084.00,0.00,0.00,2312.00,0.00,0.00
9.49,0.00,0.00,0.00,5084.00,0.00,0.00,2312.00,0.00,0.00
9.49,0.00,0.00,0.00,5084.00,0.00,0.00,2312.00,0.00,0.00
9.50,0.00,0.00,0.00,5084.00,0.00,0.00,2312.00,0.00,0.00
9.51,0.00,0.00,0.00,5084.00,0.00,0.00,2312.00,0.00,0.00
9.51,0.00,0.00,0.00,5084.00,0.00,0.00,2312.00,0.00,0.00
9.52,0.00,0.00,0.00,5084.00,0.00,0.00,2312.00,0.00,0.00
9.53,0.00,0.00,0.00,5084.00,0.00,0.00,2312.00,0.00,0.00
9.53,0.00,0.00,0.00,5084.00,0.00,0.00,2312.00,0.00,0.00
9.54,0.00,0.00,0.00,5084.00,0.00,0.00,2312.00,0.00,0.00
9.55,0.00,0.00,0.00,5084.00,0.00,0.00,2312.00,0.00,0.00
9.56,0.00,0.00,0.00,5084.00,0.00,0.00,2312.00,0.00,0.00
9.56,0.00,0.00,0.00,5084.00,0.00,0.00,2312.00,0.00,0.00
9.57,0.00,0.00,0.00,5084.00,0.00,0.00,2312.00,0.00,0.00
9.58,0.00,0.00,0.00,5084.00,0.00,0.00,2312.00,0.00,0.00
9.58,0.00,0.00,0.00,5084.00,0.00,0.00,2312.00,0.00,0.00
9.59,0.00,0.00,0.00,5084.00,0.00,0.00,2312.00,0.00,0.00
9.60,0.00,0.00,0.00,5084.00,0.00,0.00,2312.00,0.00,0.00
9.60,0.00,0.00,0.00,5084.00,0.00,0.00,2312.00,0.00,0.00
9.61,0.00,0.00,0.00,5084.00,0.00,0.00,2312.00,0.00,0.00
9.62,0.00,0.00,0.00,5084.00,0.00,0.00,2312.00,0.00,0.00
9.62,0.00,0.00,0.00,5084.00,0.00,0.00,2312.00,0.00,0.00
9.63,0.00,0.00,0.00,5084.00,0.00,0.00,2312.00,0.00,0.00
9.64,0.00,0.00,0.00,5084.00,0.00,0.00,2312.00,0.00,0.00
9.65,0.00,0.00,0.00,5084.00,0.00,0.00,2312.00,0.00,0.00
9.65,0.00,0.00,0.00,5084.00,0.00,0.00,2312.00,0.00,0.00
9.66,0.00,0.00,0.00,5084.00,0.00,0.00,2312.00,0.00,0.00
9.67,0.00,0.00,0.00,5084.00,0.00,0.00,2312.00,0.00,0.00
9.67,0.00,0.00,0.00,5084.00,0.00,0.00,2312.00,0.00,0.00
9.68,0.00,0.00,0.00,5084.00,0.00,0.00,2312.00,0.00,0.00
9.69,0.00,0.00,0.00,5084.00,0.00,0.00,2312.00,0.00,0.00
9.69,0.00,0.00,0.00,5084.00,0.00,0.00,2312.00,0.00,0.00
9.70,0.00,0.00,0.00,5084.00,0.00,0.00,2312.00,0.00,0.00
9.71,0.00,0.00,0.00,5084.00,0.00,0.00,2312.00,0.00,0.00
9.72,0.00,0.00,0.00,5084.00,0.00,0.00,2312.00,0.00,0.00
9.72,0.00,0.00,0.00,5084.00,0.00,0.00,2312.00,0.00,0.00
9.73,0.00,0.00,0.00,5084.00,0.00,0.00,2312.00,0.00,0.00
9.74,0.00,0.00,0.00,5084.00,0.00,0.00,2312.00,0.00,0.00
9.74,0.00,0.00,0.00,5084.00,0.00,0.00,2312.00,0.00,0.00
9.75,0.00,0.00,0.00,5084.00,0.00,0.00,2312.00,0.00,0.00
9.76,0.00,0.00,0.00,5084.00,0.00,0.00,2312.00,0.00,0.00
9.76,0.00,0.00,0.00,5084.00,0.00,0.00,2312.00,0.00,0.00
9.77,0.00,0.00,0.00,5084.00,0.00,0.00,2312.00,0.00,0.00
9.78,0.00,0.00,0.00,5084.00,0.00,0.00,2312.00,0.00,0.00
9.78,0.00,0.00,0.00,5084.00,0.00,0.00,2312.00,0.00,0.00
9.79,0.00,0.00,0.00,5084.00,0.00,0.00,2312.00,0.00,0.00
9.80,0.00,0.00,0.00,5084.00,0.00,0.00,2312.00,0.00,0.00
9.81,0.00,0.00,0.00,5084.00,0.00,0.00,2312.00,0.00,0.00
9.81,0.00,0.00,0.00,5084.00,0.00,0.00,2312.00,0.00,0.00
9.82,0.00,0.00,0.00,5084.00,0.00,0.00,2312.00,0.00,0.00
9.83,0.00,0.00,0.00,5084.00,0.00,0.00,2312.00,0.00,0.00
9.83,0.00,0.00,0.00,5084.00,0.00,0.00,2312.00,0.00,0.00
9.84,0.00,0.00,0.00,5084.00,0.00,0.00,2312.00,0.00,0.00
9.85,0.00,0.00,0.00,5084.00,0.00,0.00,2312.00,0.00,0.00
9.85,0.00,0.00,0.00,5084.00,0.00,0.00,2312.00,0.00,0.00
9.86,0.00,0.00,0.00,5084.00,0.00,0.00,2312.00,0.00,0.00
9.87,0.00,0.00,0.00,5084.00,0.00,0.00,2312.00,0.00,0.00
9.88,0.00,0.00,0.00,5084.00,0.00,0.00,2312.00,0.00,0.00
9.88,0.00,0.00,0.00,5084.00,0.00,0.00,2312.00,0.00,0.00
9.89,0.00,0.00,0.00,5084.00,0.00,0.00,2312.00,0.00,0.00
9.90,0.00,0.00,0.00,5084.00,0.00,0.00,2312.00,0.00,0.00
9.90,0.00,0.00,0.00,5084.00,0.00,0.00,2312.00,0.00,0.00
9.91,0.00,0.00,0.00,5084.00,0.00,0.00,2312.00,0.00,0.00
9.92,0.00,0.00,0.00,5084.00,0.00,0.00,2312.00,0.00,0.00
9.92,0.00,0.00,0.00,5084.00,0.00,0.00,2312.00,0.00,0.00
9.93,0.00,0.00,0.00,5084.00,0.00,0.00,2312.00,0.00,0.00
9.94,0.00,0.00,0.00,5084.00,0.00,0.00,2312.00,0.00,0.00
9.94,0.00,0.00,0.00,5084.00,0.00,0.00,2312.00,0.00,0.00
9.95,0.00,0.00,0.00,5084.00,0.00,0.00,2312.00,0.00,0.00
9.96,0.00,0.00,0.00,5084.00,0.00,0.00,2312.00,0.00,0.00
9.97,0.00,0.00,0.00,5084.00,0.00,0.00,2312.00,0.00,0.00
9.97,0.00,0.00,0.00,5084.00,0.00,0.00,2312.00,0.00,0.00
9.98,0.00,0.00,0.00,5084.00,0.00,0.00,2312.00,0.00,0.00
9.99,0.00,0.00,0.00,5084.00,0.00,0.00,2312.00,0.00,0.00
9.99,0.00,0.00,0.00,5084.00,0.00,0.00,2312.00,0.00,0.00
