Time,U,AI1,AI2,AD,BI2,BI2,BD,VA,VB
0.00,7393.00,2.00,0.00,0.00,1.00,0.00,0.00,75.00,75.00
0.01,7390.00,4.00,0.00,0.00,2.00,0.00,0.00,68.52,68.47
0.01,7387.00,6.00,0.00,0.00,3.00,0.00,0.00,62.60,62.51
0.02,7386.00,6.00,1.00,0.00,3.00,0.00,0.00,207.42,57.06
0.03,7382.00,10.00,1.00,0.00,3.00,0.00,0.00,339.73,52.10
0.03,7379.00,12.00,1.00,0.00,4.00,0.00,0.00,460.61,47.56
0.04,7372.00,18.00,1.00,0.00,5.00,0.00,0.00,571.04,43.42
0.05,7363.00,26.00,1.00,0.00,6.00,0.00,0.00,671.93,39.64
0.06,7356.00,33.00,0.00,1.00,6.00,0.00,0.00,613.87,36.19
0.06,7352.00,36.00,1.00,1.00,6.00,0.00,0.00,711.06,33.03
0.07,7346.00,41.00,2.00,1.00,6.00,0.00,0.00,950.08,30.16
0.08,7334.00,53.00,2.00,1.00,6.00,0.00,0.00,1168.45,27.53
0.08,7325.00,62.00,2.00,1.00,6.00,0.00,0.00,1367.95,25.13
0.09,7317.00,68.00,4.00,1.00,6.00,0.00,0.00,1850.67,22.95
0.10,7300.00,84.00,5.00,1.00,6.00,0.00,0.00,2441.92,20.95
0.10,7273.00,111.00,5.00,1.00,6.00,0.00,0.00,2982.07,19.12
0.11,7246.00,130.00,11.00,1.00,8.00,0.00,0.00,4376.94,17.46
0.12,7213.00,156.00,18.00,1.00,8.00,0.00,0.00,6702.91,15.94
0.12,7171.00,193.00,23.00,1.00,8.00,0.00,0.00,9579.05,14.55
0.13,7117.00,237.00,33.00,1.00,8.00,0.00,0.00,13708.98,13.28
0.14,7052.00,299.00,35.00,2.00,8.00,0.00,0.00,17782.52,12.13
0.15,6988.00,346.00,50.00,4.00,8.00,0.00,0.00,23757.55,11.07
0.15,6899.00,418.00,64.00,6.00,9.00,0.00,0.00,31319.52,10.11
0.16,6812.00,491.00,76.00,8.00,9.00,0.00,0.00,40030.86,9.23
0.17,6688.00,596.00,91.00,12.00,7.00,2.00,0.00,50242.95,38.47
0.17,6577.00,690.00,106.00,14.00,7.00,2.00,0.00,61826.11,65.17
0.18,6456.00,786.00,129.00,16.00,7.00,2.00,0.00,75863.71,89.54
0.19,6322.00,889.00,154.00,18.00,11.00,2.00,0.00,92444.15,111.79
0.19,6184.00,997.00,180.00,20.00,13.00,2.00,0.00,111497.92,132.10
0.20,6049.00,1101.00,205.00,24.00,15.00,2.00,0.00,132661.10,150.64
0.21,5895.00,1225.00,231.00,28.00,15.00,2.00,0.00,155901.63,167.57
0.22,5714.00,1377.00,252.00,34.00,16.00,3.00,0.00,180288.86,198.05
0.22,5534.00,1512.00,291.00,38.00,16.00,5.00,0.00,208427.88,255.92
0.23,5366.00,1637.00,327.00,43.00,18.00,5.00,0.00,239543.80,308.75
0.24,5183.00,1765.00,372.00,50.00,21.00,4.00,1.00,274731.48,341.96
0.24,4969.00,1932.00,416.00,51.00,22.00,5.00,1.00,313488.87,387.30
0.25,4798.00,2045.00,466.00,58.00,23.00,5.00,1.00,356408.89,428.69
0.26,4586.00,2173.00,538.00,67.00,26.00,4.00,2.00,406436.96,451.45
0.26,4364.00,2326.00,598.00,74.00,28.00,4.00,2.00,461156.11,472.24
0.27,4107.00,2502.00,674.00,76.00,31.00,4.00,2.00,522564.70,491.21
0.28,3878.00,2655.00,740.00,85.00,31.00,5.00,2.00,588582.40,523.55
0.28,3661.00,2788.00,817.00,91.00,32.00,5.00,2.00,660463.49,553.08
0.29,3476.00,2898.00,886.00,96.00,29.00,8.00,3.00,736499.47,625.10
0.30,3280.00,3000.00,972.00,103.00,30.00,8.00,3.00,818885.27,690.86
0.31,3092.00,3110.00,1037.00,112.00,34.00,8.00,3.00,903917.37,750.88
0.31,2932.00,3189.00,1108.00,118.00,35.00,11.00,3.00,992268.47,850.75
0.32,2752.00,3276.00,1192.00,125.00,36.00,12.00,3.00,1085604.81,956.95
0.33,2571.00,3354.00,1287.00,133.00,36.00,11.00,4.00,1185148.17,1038.88
0.33,2383.00,3444.00,1377.00,141.00,36.00,11.00,4.00,1289611.06,1113.67
0.34,2201.00,3502.00,1490.00,148.00,40.00,11.00,4.00,1402023.72,1181.95
0.35,2017.00,3582.00,1586.00,154.00,41.00,12.00,4.00,1519145.29,1259.31
0.35,1862.00,3652.00,1660.00,164.00,42.00,12.00,4.00,1637263.80,1329.93
0.36,1700.00,3718.00,1749.00,170.00,42.00,12.00,5.00,1758546.58,1394.40
0.37,1520.00,3801.00,1826.00,187.00,43.00,14.00,5.00,1880917.44,1483.31
0.38,1351.00,3849.00,1935.00,198.00,43.00,15.00,5.00,2009089.74,1579.50
0.38,1187.00,3892.00,2049.00,205.00,42.00,16.00,5.00,2143313.37,1682.33
0.39,1052.00,3925.00,2145.00,210.00,42.00,17.00,5.00,2280361.29,1791.23
0.40,914.00,3972.00,2228.00,217.00,43.00,17.00,5.00,2418036.46,1890.65
0.40,776.00,3996.00,2334.00,225.00,43.00,17.00,5.00,2559739.98,1981.41
0.41,648.00,4016.00,2435.00,231.00,43.00,18.00,5.00,2704372.62,2079.30
0.42,556.00,3985.00,2550.00,239.00,43.00,18.00,5.00,2853784.52,2168.66
0.42,455.00,3993.00,2633.00,249.00,39.00,21.00,6.00,3002755.32,2295.30
0.43,367.00,3973.00,2732.00,258.00,38.00,21.00,7.00,3153726.83,2410.92
0.44,292.00,3941.00,2830.00,266.00,38.00,22.00,7.00,3306375.94,2531.50
0.44,229.00,3903.00,2922.00,275.00,38.00,21.00,8.00,3459656.31,2626.55
0.45,179.00,3821.00,3046.00,283.00,38.00,21.00,8.00,3618320.80,2713.33
0.46,137.00,3750.00,3154.00,288.00,37.00,21.00,9.00,3779500.48,2792.55
0.47,106.00,3673.00,3255.00,295.00,35.00,22.00,10.00,3941926.40,2879.89
0.47,75.00,3586.00,3367.00,301.00,34.00,23.00,10.00,4107143.42,2974.65
0.48,55.00,3513.00,3451.00,310.00,33.00,22.00,12.00,4270703.87,3046.14
0.49,31.00,3443.00,3540.00,315.00,32.00,23.00,12.00,4433502.08,3126.43
0.49,17.00,3370.00,3625.00,317.00,31.00,24.00,12.00,4595002.95,3214.75
0.50,11.00,3292.00,3704.00,322.00,28.00,27.00,12.00,4754417.23,3340.44
0.51,4.00,3207.00,3788.00,330.00,28.00,26.00,13.00,4912676.36,3440.17
0.51,3.00,3122.00,3866.00,338.00,28.00,26.00,13.00,5068978.74,3531.22
0.52,0.00,3045.00,3940.00,344.00,28.00,26.00,13.00,5222892.57,3614.33
0.53,0.00,2969.00,4010.00,350.00,26.00,27.00,14.00,5374023.27,3705.24
0.53,0.00,2884.00,4082.00,363.00,26.00,27.00,14.00,5522911.81,3788.22
0.54,0.00,2788.00,4171.00,370.00,25.00,27.00,15.00,5672305.85,3863.98
0.55,0.00,2697.00,4254.00,378.00,25.00,26.00,16.00,5821260.34,3918.13
0.56,0.00,2618.00,4324.00,387.00,24.00,26.00,17.00,5967860.23,3967.55
0.56,0.00,2549.00,4377.00,403.00,24.00,26.00,17.00,6109755.05,4012.67
0.57,0.00,2478.00,4444.00,407.00,24.00,26.00,17.00,6249454.60,4053.87
0.58,0.00,2415.00,4493.00,421.00,24.00,25.00,18.00,6384444.41,4076.45
0.58,0.00,2349.00,4548.00,432.00,23.00,24.00,20.00,6516032.79,4082.05
0.59,0.00,2283.00,4603.00,443.00,22.00,25.00,20.00,6644513.67,4102.18
0.60,0.00,2233.00,4643.00,453.00,21.00,26.00,20.00,6767902.10,4135.58
0.60,0.00,2168.00,4704.00,457.00,20.00,25.00,22.00,6889792.95,4151.04
0.61,0.00,2115.00,4744.00,470.00,18.00,26.00,23.00,7007160.77,4180.19
0.62,0.00,2059.00,4794.00,476.00,18.00,25.00,24.00,7121898.69,4191.77
0.62,0.00,2003.00,4839.00,487.00,17.00,26.00,24.00,7233482.80,4217.37
0.63,0.00,1962.00,4875.00,492.00,16.00,27.00,24.00,7340833.52,4255.76
0.64,0.00,1904.00,4926.00,499.00,16.00,27.00,24.00,7446570.11,4290.81
0.65,0.00,1857.00,4966.00,506.00,16.00,27.00,24.00,7549179.52,4322.81
0.65,0.00,1810.00,5006.00,513.00,16.00,27.00,24.00,7648931.97,4352.02
0.66,0.00,1757.00,5050.00,522.00,15.00,28.00,24.00,7746675.22,4393.71
0.67,0.00,1713.00,5089.00,527.00,15.00,28.00,24.00,7841831.74,4431.77
0.67,0.00,1670.00,5125.00,534.00,14.00,29.00,24.00,7934174.36,4481.54
0.68,0.00,1625.00,5163.00,541.00,14.00,29.00,24.00,8024246.65,4526.98
0.69,0.00,1576.00,5206.00,547.00,14.00,29.00,24.00,8112995.96,4568.46
0.69,0.00,1537.00,5238.00,554.00,14.00,27.00,26.00,8198884.06,4576.28
0.70,0.00,1499.00,5270.00,560.00,14.00,26.00,27.00,8282158.19,4568.40
0.71,0.00,1452.00,5303.00,574.00,14.00,26.00,27.00,8363194.41,4561.20
0.72,0.00,1423.00,5322.00,584.00,14.00,25.00,28.00,8440082.89,4539.61
0.72,0.00,1382.00,5357.00,590.00,13.00,26.00,28.00,8515585.72,4534.92
0.73,0.00,1341.00,5386.00,602.00,13.00,25.00,29.00,8588921.23,4515.61
0.74,0.00,1300.00,5423.00,606.00,12.00,25.00,30.00,8661478.54,4497.99
0.74,0.00,1269.00,5448.00,612.00,12.00,24.00,31.00,8731522.16,4466.88
0.75,0.00,1234.00,5473.00,622.00,12.00,24.00,31.00,8799269.27,4438.47
0.76,0.00,1197.00,5499.00,633.00,11.00,23.00,33.00,8865068.50,4397.52
0.76,0.00,1170.00,5519.00,640.00,11.00,22.00,34.00,8928186.80,4345.11
0.77,0.00,1145.00,5534.00,650.00,10.00,23.00,34.00,8988104.67,4312.29
0.78,0.00,1116.00,5547.00,666.00,10.00,22.00,35.00,9044798.18,4267.30
0.78,0.00,1085.00,5570.00,674.00,10.00,22.00,35.00,9100048.24,4226.23
0.79,0.00,1058.00,5586.00,685.00,9.00,22.00,36.00,9152927.98,4188.73
0.80,0.00,1020.00,5616.00,693.00,9.00,22.00,36.00,9205745.47,4154.50
0.81,0.00,992.00,5635.00,702.00,9.00,22.00,36.00,9256853.52,4123.26
0.81,0.00,964.00,5657.00,708.00,9.00,21.00,37.00,9306850.54,4079.70
0.82,0.00,939.00,5680.00,710.00,9.00,20.00,38.00,9355982.76,4024.92
0.83,0.00,912.00,5703.00,714.00,8.00,20.00,39.00,9404324.88,3974.91
0.83,0.00,888.00,5719.00,722.00,8.00,20.00,39.00,9450893.58,3929.25
0.84,0.00,865.00,5734.00,730.00,8.00,20.00,39.00,9495691.87,3887.57
0.85,0.00,835.00,5758.00,736.00,8.00,19.00,40.00,9540224.80,3834.50
0.85,0.00,818.00,5769.00,742.00,7.00,19.00,41.00,9582562.28,3786.04
0.86,0.00,801.00,5780.00,748.00,6.00,20.00,41.00,9622894.01,3756.83
0.87,0.00,773.00,5801.00,755.00,6.00,20.00,41.00,9662895.65,3730.17
0.88,0.00,752.00,5813.00,764.00,6.00,19.00,42.00,9701243.62,3690.80
0.88,0.00,721.00,5836.00,772.00,6.00,19.00,42.00,9739733.35,3654.86
0.89,0.00,696.00,5851.00,782.00,6.00,19.00,42.00,9777150.72,3622.04
0.90,0.00,673.00,5864.00,792.00,6.00,19.00,42.00,9813287.98,3592.09
0.90,0.00,657.00,5871.00,801.00,6.00,19.00,42.00,9847354.31,3564.75
0.91,0.00,639.00,5874.00,816.00,6.00,19.00,42.00,9878927.75,3539.78
0.92,0.00,624.00,5883.00,822.00,6.00,18.00,43.00,9909125.10,3501.97
0.92,0.00,606.00,5888.00,835.00,6.00,18.00,43.00,9937464.34,3467.45
0.93,0.00,586.00,5902.00,841.00,4.00,18.00,45.00,9965458.08,3435.93
0.94,0.00,567.00,5914.00,848.00,4.00,18.00,45.00,9992835.72,3407.16
0.94,0.00,538.00,5932.00,859.00,4.00,18.00,45.00,10020551.89,3380.89
0.95,0.00,521.00,5937.00,871.00,4.00,18.00,45.00,10046624.32,3356.92
0.96,0.00,516.00,5935.00,878.00,4.00,17.00,46.00,10070143.45,3320.00
0.97,0.00,500.00,5944.00,885.00,4.00,17.00,46.00,10092982.42,3286.30
0.97,0.00,482.00,5955.00,892.00,4.00,17.00,46.00,10115500.44,3255.54
0.98,0.00,469.00,5959.00,901.00,4.00,16.00,47.00,10136673.70,3212.43
0.99,0.00,460.00,5960.00,909.00,4.00,16.00,47.00,10156167.66,3173.07
0.99,0.00,444.00,5969.00,916.00,4.00,16.00,47.00,10175329.29,3137.14
1.00,0.00,430.00,5980.00,919.00,4.00,16.00,47.00,10194487.75,3104.34
1.01,0.00,419.00,5983.00,927.00,4.00,16.00,47.00,10212441.46,3074.40
1.01,0.00,403.00,5994.00,932.00,4.00,16.00,47.00,10230496.39,3047.06
1.02,0.00,386.00,6006.00,937.00,4.00,15.00,48.00,10248793.97,3007.08
1.03,0.00,374.00,6008.00,947.00,4.00,15.00,48.00,10265810.99,2970.59
1.03,0.00,363.00,6006.00,960.00,3.00,14.00,50.00,10281057.17,2922.24
1.04,0.00,348.00,6015.00,966.00,3.00,14.00,50.00,10296338.04,2878.11
1.05,0.00,343.00,6010.00,976.00,3.00,14.00,50.00,10309547.36,2837.82
1.06,0.00,336.00,6005.00,988.00,2.00,15.00,50.00,10320864.17,2816.06
1.06,0.00,330.00,6004.00,995.00,2.00,13.00,52.00,10331052.87,2766.15
1.07,0.00,326.00,6001.00,1002.00,2.00,13.00,52.00,10339910.49,2720.58
1.08,0.00,315.00,6005.00,1009.00,2.00,13.00,52.00,10348603.65,2678.99
1.08,0.00,302.00,6007.00,1020.00,2.00,11.00,54.00,10356846.14,2610.97
1.09,0.00,288.00,6014.00,1027.00,2.00,11.00,54.00,10365428.00,2548.87
1.10,0.00,284.00,6002.00,1043.00,2.00,11.00,54.00,10371465.59,2492.18
1.10,0.00,270.00,6009.00,1050.00,2.00,11.00,54.00,10378033.10,2440.42
1.11,0.00,266.00,6004.00,1059.00,2.00,11.00,54.00,10383281.98,2393.17
1.12,0.00,263.00,6001.00,1065.00,2.00,10.00,55.00,10387626.62,2335.02
1.12,0.00,256.00,5999.00,1074.00,2.00,10.00,55.00,10391295.40,2281.92
1.13,0.00,250.00,5995.00,1084.00,2.00,10.00,55.00,10394046.22,2233.45
1.14,0.00,243.00,5993.00,1093.00,2.00,10.00,55.00,10396258.86,2189.21
1.15,0.00,232.00,5997.00,1100.00,2.00,10.00,55.00,10398881.31,2148.81
1.15,0.00,226.00,5994.00,1109.00,2.00,10.00,55.00,10400826.42,2111.93
1.16,0.00,219.00,5995.00,1115.00,2.00,10.00,55.00,10402753.71,2078.26
1.17,0.00,211.00,5994.00,1124.00,2.00,10.00,55.00,10404364.24,2047.53
1.17,0.00,202.00,5999.00,1128.00,2.00,10.00,55.00,10406586.73,2019.47
1.18,0.00,196.00,5997.00,1136.00,2.00,10.00,55.00,10408316.74,1993.85
1.19,0.00,189.00,5995.00,1145.00,2.00,10.00,55.00,10409596.81,1970.47
1.19,0.00,186.00,5992.00,1151.00,2.00,10.00,55.00,10410315.57,1949.12
1.20,0.00,183.00,5984.00,1162.00,2.00,10.00,55.00,10409770.36,1929.63
1.21,0.00,177.00,5982.00,1170.00,1.00,10.00,56.00,10408971.85,1911.83
1.22,0.00,171.00,5983.00,1175.00,1.00,10.00,56.00,10408392.52,1895.59
1.22,0.00,167.00,5978.00,1184.00,1.00,10.00,56.00,10407112.12,1880.76
1.23,0.00,162.00,5978.00,1189.00,1.00,9.00,57.00,10405942.34,1852.20
1.24,0.00,159.00,5973.00,1197.00,1.00,9.00,57.00,10404122.45,1826.13
1.24,0.00,155.00,5970.00,1204.00,1.00,9.00,57.00,10402009.13,1802.32
1.25,0.00,151.00,5965.00,1213.00,0.00,10.00,57.00,10399327.24,1795.61
1.26,0.00,150.00,5954.00,1225.00,0.00,10.00,57.00,10395224.59,1789.49
1.26,0.00,146.00,5953.00,1230.00,0.00,9.00,58.00,10391326.18,1768.88
1.27,0.00,145.00,5945.00,1239.00,0.00,9.00,58.00,10386562.78,1750.06
1.28,0.00,143.00,5935.00,1251.00,0.00,8.00,59.00,10380708.65,1717.86
1.28,0.00,138.00,5933.00,1258.00,0.00,8.00,59.00,10375059.89,1688.46
1.29,0.00,134.00,5929.00,1266.00,0.00,7.00,60.00,10369298.31,1646.59
1.30,0.00,133.00,5926.00,1270.00,0.00,7.00,60.00,10363583.90,1608.38
1.31,0.00,126.00,5929.00,1274.00,0.00,7.00,60.00,10358813.93,1573.49
1.31,0.00,120.00,5929.00,1280.00,0.00,7.00,60.00,10354456.13,1541.64
1.32,0.00,120.00,5919.00,1290.00,0.00,7.00,60.00,10348972.55,1512.56
1.33,0.00,117.00,5914.00,1298.00,0.00,7.00,60.00,10343211.67,1486.01
1.33,0.00,115.00,5905.00,1309.00,0.00,7.00,60.00,10336596.47,1461.78
1.34,0.00,112.00,5903.00,1314.00,0.00,7.00,60.00,10330252.44,1439.65
1.35,0.00,109.00,5900.00,1320.00,0.00,7.00,60.00,10324005.85,1419.46
1.35,0.00,101.00,5900.00,1328.00,0.00,7.00,60.00,10318299.04,1401.02
1.36,0.00,97.00,5890.00,1342.00,0.00,7.00,60.00,10311583.01,1384.19
1.37,0.00,96.00,5881.00,1352.00,0.00,7.00,60.00,10304095.20,1368.82
1.38,0.00,92.00,5877.00,1360.00,0.00,7.00,60.00,10296653.49,1354.79
1.38,0.00,90.00,5871.00,1368.00,0.00,6.00,61.00,10288953.42,1326.96
1.39,0.00,88.00,5869.00,1372.00,0.00,6.00,61.00,10281618.21,1301.55
1.40,0.00,86.00,5863.00,1380.00,0.00,6.00,61.00,10274015.45,1278.35
1.40,0.00,85.00,5854.00,1390.00,0.00,6.00,61.00,10265717.52,1257.18
1.41,0.00,81.00,5850.00,1398.00,0.00,6.00,61.00,10257535.67,1237.85
1.42,0.00,78.00,5847.00,1404.00,0.00,6.00,61.00,10249610.14,1220.20
1.42,0.00,76.00,5840.00,1413.00,0.00,6.00,61.00,10241317.80,1204.09
1.43,0.00,73.00,5838.00,1418.00,0.00,6.00,61.00,10233441.51,1189.38
1.44,0.00,71.00,5828.00,1430.00,0.00,6.00,61.00,10224743.49,1175.95
1.44,0.00,69.00,5824.00,1436.00,0.00,5.00,62.00,10216196.09,1148.67
1.45,0.00,68.00,5818.00,1443.00,0.00,5.00,62.00,10207485.86,1123.76
1.46,0.00,66.00,5810.00,1453.00,0.00,5.00,62.00,10198326.40,1101.03
1.47,0.00,62.00,5806.00,1461.00,0.00,5.00,62.00,10189357.50,1080.27
1.47,0.00,59.00,5806.00,1464.00,0.00,5.00,62.00,10181163.57,1061.32
1.48,0.00,58.00,5797.00,1474.00,0.00,5.00,62.00,10172325.55,1044.02
1.49,0.00,57.00,5794.00,1478.00,0.00,5.00,62.00,10163800.51,1028.23
1.49,0.00,57.00,5788.00,1484.00,0.00,4.00,63.00,10155110.73,998.78
1.50,0.00,57.00,5781.00,1491.00,0.00,4.00,63.00,10146120.18,971.91
1.51,0.00,52.00,5782.00,1495.00,0.00,4.00,63.00,10138056.70,947.37
1.51,0.00,52.00,5770.00,1507.00,0.00,4.00,63.00,10128887.20,924.97
1.52,0.00,52.00,5758.00,1519.00,0.00,4.00,63.00,10118707.23,904.52
1.53,0.00,50.00,5752.00,1527.00,0.00,3.00,64.00,10108505.50,870.83
1.53,0.00,50.00,5746.00,1533.00,0.00,3.00,64.00,10098283.91,840.07
1.54,0.00,48.00,5742.00,1539.00,0.00,3.00,64.00,10088344.60,811.99
1.55,0.00,48.00,5737.00,1544.00,0.00,3.00,64.00,10078512.96,786.35
1.56,0.00,47.00,5728.00,1554.00,0.00,3.00,64.00,10068178.75,762.95
1.56,0.00,47.00,5720.00,1562.00,0.00,3.00,64.00,10057535.68,741.58
1.57,0.00,46.00,5718.00,1565.00,0.00,3.00,64.00,10047511.79,722.08
1.58,0.00,41.00,5708.00,1580.00,0.00,3.00,64.00,10036851.72,704.27
1.58,0.00,39.00,5703.00,1587.00,0.00,3.00,64.00,10026361.61,688.02
1.59,0.00,39.00,5697.00,1593.00,0.00,3.00,64.00,10015876.52,673.18
1.60,0.00,38.00,5688.00,1603.00,0.00,3.00,64.00,10004945.34,659.63
1.60,0.00,37.00,5683.00,1609.00,0.00,3.00,64.00,9994207.53,647.26
1.61,0.00,35.00,5676.00,1618.00,0.00,3.00,64.00,9983345.97,635.97
1.62,0.00,34.00,5670.00,1625.00,0.00,3.00,64.00,9972521.50,625.66
1.62,0.00,34.00,5662.00,1633.00,0.00,3.00,64.00,9961430.52,616.25
1.63,0.00,32.00,5653.00,1644.00,0.00,3.00,64.00,9949945.81,607.66
1.64,0.00,30.00,5646.00,1653.00,0.00,3.00,64.00,9938401.81,599.82
1.65,0.00,30.00,5639.00,1660.00,0.00,3.00,64.00,9926803.74,592.65
1.65,0.00,29.00,5632.00,1668.00,0.00,3.00,64.00,9915156.18,586.12
1.66,0.00,27.00,5629.00,1673.00,0.00,3.00,64.00,9904064.35,580.15
1.67,0.00,26.00,5625.00,1678.00,0.00,3.00,64.00,9893330.04,574.70
1.67,0.00,25.00,5613.00,1691.00,0.00,3.00,64.00,9881720.48,569.73
1.68,0.00,25.00,5610.00,1694.00,0.00,3.00,64.00,9870663.38,565.19
1.69,0.00,24.00,5606.00,1699.00,0.00,3.00,64.00,9859960.74,561.04
1.69,0.00,24.00,5599.00,1706.00,0.00,3.00,64.00,9849131.29,557.26
1.70,0.00,23.00,5595.00,1711.00,0.00,2.00,65.00,9838636.66,538.78
1.71,0.00,21.00,5586.00,1722.00,0.00,2.00,65.00,9827696.73,521.91
1.72,0.00,21.00,5577.00,1731.00,0.00,2.00,65.00,9816350.07,506.51
1.72,0.00,20.00,5568.00,1741.00,0.00,2.00,65.00,9804631.72,492.45
1.73,0.00,20.00,5559.00,1750.00,0.00,2.00,65.00,9792573.86,479.62
1.74,0.00,19.00,5556.00,1754.00,0.00,2.00,65.00,9781107.19,467.90
1.74,0.00,19.00,5548.00,1762.00,0.00,2.00,65.00,9769429.49,457.21
1.75,0.00,19.00,5535.00,1775.00,0.00,2.00,65.00,9756807.84,447.44
1.76,0.00,19.00,5523.00,1787.00,0.00,2.00,65.00,9743474.01,438.53
1.76,0.00,18.00,5517.00,1794.00,0.00,1.00,66.00,9730390.90,415.36
1.77,0.00,18.00,5510.00,1801.00,0.00,1.00,66.00,9717386.62,394.22
1.78,0.00,18.00,5501.00,1810.00,0.00,1.00,66.00,9704153.96,374.91
1.78,0.00,18.00,5495.00,1816.00,0.00,1.00,66.00,9691163.35,357.29
1.79,0.00,18.00,5486.00,1825.00,0.00,1.00,66.00,9677943.12,341.20
1.80,0.00,18.00,5480.00,1831.00,0.00,1.00,66.00,9664963.83,326.52
1.81,0.00,18.00,5473.00,1838.00,0.00,1.00,66.00,9652054.43,313.11
1.81,0.00,18.00,5463.00,1848.00,0.00,1.00,66.00,9638758.20,300.87
1.82,0.00,18.00,5459.00,1852.00,0.00,1.00,66.00,9626009.94,289.69
1.83,0.00,18.00,5451.00,1860.00,0.00,1.00,66.00,9613161.36,279.49
1.83,0.00,17.00,5448.00,1864.00,0.00,1.00,66.00,9600972.31,270.18
1.84,0.00,16.00,5435.00,1878.00,0.00,1.00,66.00,9587883.50,261.67
1.85,0.00,16.00,5421.00,1892.00,0.00,1.00,66.00,9573822.41,253.91
1.85,0.00,15.00,5413.00,1901.00,0.00,1.00,66.00,9559774.47,246.82
1.86,0.00,15.00,5407.00,1907.00,0.00,1.00,66.00,9546038.96,240.35
1.87,0.00,14.00,5399.00,1916.00,0.00,1.00,66.00,9532288.45,234.45
1.88,0.00,13.00,5395.00,1921.00,0.00,1.00,66.00,9519125.18,229.06
1.88,0.00,13.00,5390.00,1926.00,0.00,1.00,66.00,9506348.14,224.13
1.89,0.00,13.00,5383.00,1933.00,0.00,1.00,66.00,9493623.52,219.64
1.90,0.00,13.00,5376.00,1940.00,0.00,1.00,66.00,9480946.80,215.54
1.90,0.00,13.00,5371.00,1945.00,0.00,1.00,66.00,9468614.29,211.79
1.91,0.00,12.00,5369.00,1948.00,0.00,1.00,66.00,9457046.93,208.37
1.92,0.00,11.00,5363.00,1955.00,0.00,1.00,66.00,9445577.69,205.25
1.92,0.00,11.00,5356.00,1962.00,0.00,1.00,66.00,9434047.85,202.40
1.93,0.00,9.00,5350.00,1970.00,0.00,1.00,66.00,9422612.89,199.80
1.94,0.00,9.00,5343.00,1977.00,0.00,1.00,66.00,9411114.37,197.43
1.94,0.00,8.00,5338.00,1983.00,0.00,1.00,66.00,9399858.28,195.26
1.95,0.00,8.00,5332.00,1989.00,0.00,1.00,66.00,9388673.40,193.28
1.96,0.00,8.00,5324.00,1997.00,0.00,1.00,66.00,9377253.15,191.47
1.97,0.00,8.00,5317.00,2004.00,0.00,1.00,66.00,9365768.06,189.82
1.97,0.00,8.00,5311.00,2010.00,0.00,1.00,66.00,9354373.97,188.32
1.98,0.00,8.00,5305.00,2016.00,0.00,1.00,66.00,9343063.05,186.94
1.99,0.00,8.00,5298.00,2023.00,0.00,1.00,66.00,9331677.86,185.69
1.99,0.00,8.00,5288.00,2033.00,0.00,1.00,66.00,9319774.11,184.54
2.00,0.00,8.00,5280.00,2041.00,0.00,1.00,66.00,9307697.07,183.50
2.01,0.00,8.00,5270.00,2051.00,0.00,1.00,66.00,9295161.30,182.54
2.01,0.00,8.00,5264.00,2057.00,0.00,1.00,66.00,9282807.30,181.67
2.02,0.00,7.00,5258.00,2064.00,0.00,1.00,66.00,9270619.42,180.87
2.03,0.00,7.00,5255.00,2067.00,0.00,1.00,66.00,9259033.97,180.15
2.03,0.00,6.00,5252.00,2071.00,0.00,1.00,66.00,9247998.91,179.48
2.04,0.00,5.00,5246.00,2078.00,0.00,1.00,66.00,9237015.94,178.88
2.05,0.00,5.00,5237.00,2087.00,0.00,1.00,66.00,9225629.91,178.32
2.06,0.00,4.00,5224.00,2101.00,0.00,1.00,66.00,9213274.72,177.82
2.06,0.00,4.00,5217.00,2108.00,0.00,1.00,66.00,9200935.48,177.36
2.07,0.00,4.00,5213.00,2112.00,0.00,1.00,66.00,9189061.52,176.94
2.08,0.00,4.00,5206.00,2119.00,0.00,1.00,66.00,9177162.00,176.55
2.08,0.00,4.00,5197.00,2128.00,0.00,1.00,66.00,9164938.55,176.20
2.09,0.00,4.00,5181.00,2144.00,0.00,1.00,66.00,9151367.60,175.88
2.10,0.00,3.00,5174.00,2152.00,0.00,1.00,66.00,9137917.65,175.59
2.10,0.00,3.00,5168.00,2158.00,0.00,1.00,66.00,9124728.51,175.33
2.11,0.00,3.00,5159.00,2167.00,0.00,1.00,66.00,9111326.93,175.08
2.12,0.00,3.00,5150.00,2176.00,0.00,1.00,66.00,9097731.27,174.86
2.12,0.00,3.00,5140.00,2186.00,0.00,1.00,66.00,9083808.03,174.66
2.13,0.00,3.00,5130.00,2196.00,0.00,1.00,66.00,9069585.58,174.47
2.14,0.00,3.00,5120.00,2206.00,0.00,1.00,66.00,9055089.75,174.30
2.15,0.00,3.00,5113.00,2213.00,0.00,1.00,66.00,9040794.84,174.15
2.15,0.00,3.00,5106.00,2220.00,0.00,1.00,66.00,9026683.49,174.01
2.16,0.00,3.00,5096.00,2230.00,0.00,1.00,66.00,9012289.21,173.88
2.17,0.00,3.00,5088.00,2238.00,0.00,1.00,66.00,8997936.83,173.76
2.17,0.00,3.00,5084.00,2242.00,0.00,1.00,66.00,8984223.67,173.65
2.18,0.00,3.00,5075.00,2251.00,0.00,1.00,66.00,8970343.34,173.56
2.19,0.00,3.00,5068.00,2258.00,0.00,1.00,66.00,8956610.77,173.47
2.19,0.00,3.00,5061.00,2265.00,0.00,1.00,66.00,8943013.19,173.38
2.20,0.00,3.00,5053.00,2273.00,0.00,1.00,66.00,8929388.68,173.31
2.21,0.00,3.00,5044.00,2282.00,0.00,1.00,66.00,8915589.35,173.24
2.22,0.00,3.00,5038.00,2288.00,0.00,1.00,66.00,8902081.00,173.18
2.22,0.00,3.00,5035.00,2291.00,0.00,1.00,66.00,8889289.19,173.12
2.23,0.00,3.00,5029.00,2297.00,0.00,1.00,66.00,8876701.27,173.07
2.24,0.00,3.00,5023.00,2303.00,0.00,1.00,66.00,8864299.69,173.02
2.24,0.00,3.00,5015.00,2311.00,0.00,1.00,66.00,8851767.84,172.98
2.25,0.00,3.00,5004.00,2322.00,0.00,1.00,66.00,8838666.31,172.94
2.26,0.00,3.00,4993.00,2333.00,0.00,1.00,66.00,8825044.28,172.91
2.26,0.00,3.00,4987.00,2339.00,0.00,1.00,66.00,8811697.93,172.87
2.27,0.00,3.00,4978.00,2348.00,0.00,1.00,66.00,8798152.72,172.84
2.28,0.00,3.00,4970.00,2356.00,0.00,1.00,66.00,8784576.08,172.82
2.28,0.00,3.00,4961.00,2365.00,0.00,1.00,66.00,8770820.48,172.79
2.29,0.00,3.00,4955.00,2371.00,0.00,1.00,66.00,8757352.05,172.77
2.30,0.00,3.00,4950.00,2376.00,0.00,1.00,66.00,8744296.29,172.75
2.31,0.00,3.00,4946.00,2380.00,0.00,1.00,66.00,8731767.68,172.73
2.31,0.00,3.00,4938.00,2388.00,0.00,1.00,66.00,8719119.80,172.71
2.32,0.00,3.00,4931.00,2395.00,0.00,1.00,66.00,8706513.15,172.69
2.33,0.00,3.00,4921.00,2405.00,0.00,1.00,66.00,8693493.53,172.68
2.33,0.00,3.00,4914.00,2412.00,0.00,1.00,66.00,8680547.27,172.67
2.34,0.00,3.00,4905.00,2421.00,0.00,1.00,66.00,8667367.57,172.66
2.35,0.00,3.00,4896.00,2430.00,0.00,1.00,66.00,8653974.65,172.64
2.35,0.00,3.00,4891.00,2435.00,0.00,1.00,66.00,8640987.78,172.63
2.36,0.00,3.00,4882.00,2444.00,0.00,1.00,66.00,8627771.01,172.62
2.37,0.00,2.00,4878.00,2449.00,0.00,1.00,66.00,8615095.36,172.62
2.38,0.00,2.00,4872.00,2455.00,0.00,1.00,66.00,8602613.58,172.61
2.38,0.00,2.00,4865.00,2462.00,0.00,1.00,66.00,8590158.70,172.60
2.39,0.00,2.00,4854.00,2473.00,0.00,1.00,66.00,8577127.49,172.60
2.40,0.00,2.00,4848.00,2479.00,0.00,1.00,66.00,8564320.86,172.59
2.40,0.00,2.00,4838.00,2489.00,0.00,1.00,66.00,8551118.52,172.58
2.41,0.00,2.00,4834.00,2493.00,0.00,1.00,66.00,8538456.03,172.58
2.42,0.00,2.00,4825.00,2502.00,0.00,1.00,66.00,8525535.61,172.58
2.42,0.00,1.00,4821.00,2507.00,0.00,1.00,66.00,8513130.67,172.57
2.43,0.00,1.00,4811.00,2517.00,0.00,1.00,66.00,8500295.28,172.57
2.44,0.00,1.00,4800.00,2528.00,0.00,1.00,66.00,8486916.47,172.56
2.44,0.00,1.00,4796.00,2532.00,0.00,1.00,66.00,8474092.76,172.56
2.45,0.00,1.00,4790.00,2538.00,0.00,1.00,66.00,8461475.69,172.56
2.46,0.00,1.00,4782.00,2546.00,0.00,1.00,66.00,8448747.02,172.56
2.47,0.00,1.00,4771.00,2557.00,0.00,1.00,66.00,8435465.66,172.55
2.47,0.00,1.00,4763.00,2565.00,0.00,1.00,66.00,8422130.04,172.55
2.48,0.00,1.00,4755.00,2573.00,0.00,1.00,66.00,8408744.89,172.55
2.49,0.00,1.00,4751.00,2577.00,0.00,1.00,66.00,8395915.36,172.55
2.49,0.00,1.00,4738.00,2590.00,0.00,1.00,66.00,8382241.41,172.55
2.50,0.00,1.00,4730.00,2598.00,0.00,1.00,66.00,8368547.13,172.54
2.51,0.00,1.00,4726.00,2602.00,0.00,1.00,66.00,8355435.21,172.54
2.51,0.00,1.00,4723.00,2605.00,0.00,1.00,66.00,8343005.58,172.54
2.52,0.00,1.00,4716.00,2612.00,0.00,1.00,66.00,8330598.33,172.54
2.53,0.00,1.00,4707.00,2621.00,0.00,1.00,66.00,8317911.12,172.54
2.53,0.00,1.00,4699.00,2629.00,0.00,1.00,66.00,8305118.30,172.54
2.54,0.00,1.00,4690.00,2638.00,0.00,1.00,66.00,8292078.81,172.54
2.55,0.00,1.00,4684.00,2644.00,0.00,0.00,67.00,8279264.63,157.51
2.56,0.00,1.00,4683.00,2645.00,0.00,0.00,67.00,8267407.45,143.80
2.56,0.00,1.00,4679.00,2649.00,0.00,0.00,67.00,8255973.90,131.28
2.57,0.00,1.00,4671.00,2657.00,0.00,0.00,67.00,8244326.47,119.85
2.58,0.00,1.00,4669.00,2659.00,0.00,0.00,67.00,8233384.99,109.41
2.58,0.00,1.00,4659.00,2669.00,0.00,0.00,67.00,8221886.64,99.88
2.59,0.00,1.00,4648.00,2680.00,0.00,0.00,67.00,8209729.25,91.19
2.60,0.00,1.00,4635.00,2693.00,0.00,0.00,67.00,8196669.38,83.25
2.60,0.00,1.00,4623.00,2705.00,0.00,0.00,67.00,8182935.18,76.00
2.61,0.00,1.00,4617.00,2711.00,0.00,0.00,67.00,8169486.36,69.38
2.62,0.00,1.00,4604.00,2724.00,0.00,0.00,67.00,8155246.59,63.34
2.62,0.00,1.00,4594.00,2734.00,0.00,0.00,67.00,8140734.96,57.82
2.63,0.00,1.00,4589.00,2739.00,0.00,0.00,67.00,8126726.05,52.79
2.64,0.00,1.00,4580.00,2748.00,0.00,0.00,67.00,8112575.54,48.19
2.65,0.00,1.00,4572.00,2756.00,0.00,0.00,67.00,8098445.89,43.99
2.65,0.00,1.00,4562.00,2766.00,0.00,0.00,67.00,8084034.85,40.16
2.66,0.00,1.00,4558.00,2770.00,0.00,0.00,67.00,8070268.10,36.67
2.67,0.00,1.00,4549.00,2779.00,0.00,0.00,67.00,8056338.83,33.47
2.67,0.00,1.00,4535.00,2793.00,0.00,0.00,67.00,8041509.93,30.56
2.68,0.00,1.00,4530.00,2798.00,0.00,0.00,67.00,8027211.21,27.90
2.69,0.00,1.00,4524.00,2804.00,0.00,0.00,67.00,8013246.60,25.47
2.69,0.00,1.00,4517.00,2811.00,0.00,0.00,67.00,7999437.03,23.25
2.70,0.00,1.00,4510.00,2818.00,0.00,0.00,67.00,7985769.10,21.23
2.71,0.00,1.00,4503.00,2825.00,0.00,0.00,67.00,7972230.55,19.38
2.72,0.00,1.00,4496.00,2832.00,0.00,0.00,67.00,7958810.22,17.69
2.72,0.00,1.00,4490.00,2838.00,0.00,0.00,67.00,7945648.10,16.15
2.73,0.00,1.00,4484.00,2844.00,0.00,0.00,67.00,7932721.93,14.74
2.74,0.00,1.00,4477.00,2851.00,0.00,0.00,67.00,7919861.04,13.46
2.74,0.00,1.00,4472.00,2856.00,0.00,0.00,67.00,7907360.27,12.29
2.75,0.00,1.00,4460.00,2868.00,0.00,0.00,67.00,7894136.87,11.22
2.76,0.00,1.00,4446.00,2882.00,0.00,0.00,67.00,7879952.86,10.24
2.76,0.00,1.00,4438.00,2890.00,0.00,0.00,67.00,7865792.59,9.35
2.77,0.00,1.00,4431.00,2897.00,0.00,0.00,67.00,7851804.25,8.54
2.78,0.00,1.00,4423.00,2905.00,0.00,0.00,67.00,7837822.77,7.79
2.78,0.00,1.00,4416.00,2912.00,0.00,0.00,67.00,7823997.77,7.11
2.79,0.00,1.00,4403.00,2925.00,0.00,0.00,67.00,7809414.35,6.49
2.80,0.00,1.00,4391.00,2937.00,0.00,0.00,67.00,7794288.29,5.93
2.81,0.00,1.00,4384.00,2944.00,0.00,0.00,67.00,7779417.60,5.41
2.81,0.00,1.00,4382.00,2946.00,0.00,0.00,67.00,7765531.39,4.94
2.82,0.00,1.00,4374.00,2954.00,0.00,0.00,67.00,7751643.19,4.51
2.83,0.00,1.00,4370.00,2958.00,0.00,0.00,67.00,7738354.13,4.12
2.83,0.00,1.00,4361.00,2967.00,0.00,0.00,67.00,7724861.26,3.76
2.84,0.00,1.00,4354.00,2974.00,0.00,0.00,67.00,7711482.63,3.43
2.85,0.00,1.00,4349.00,2979.00,0.00,0.00,67.00,7698508.89,3.13
2.85,0.00,1.00,4340.00,2988.00,0.00,0.00,67.00,7685304.09,2.86
2.86,0.00,1.00,4330.00,2998.00,0.00,0.00,67.00,7671737.97,2.61
2.87,0.00,1.00,4322.00,3006.00,0.00,0.00,67.00,7658142.20,2.38
2.88,0.00,1.00,4314.00,3014.00,0.00,0.00,67.00,7644519.39,2.18
2.88,0.00,1.00,4310.00,3018.00,0.00,0.00,67.00,7631472.73,1.99
2.89,0.00,1.00,4298.00,3030.00,0.00,0.00,67.00,7617750.63,1.81
2.90,0.00,1.00,4285.00,3043.00,0.00,0.00,67.00,7603261.23,1.66
2.90,0.00,1.00,4275.00,3053.00,0.00,0.00,67.00,7588521.52,1.51
2.91,0.00,1.00,4270.00,3058.00,0.00,0.00,67.00,7574304.27,1.38
2.92,0.00,1.00,4260.00,3068.00,0.00,0.00,67.00,7559813.17,1.26
2.92,0.00,1.00,4250.00,3078.00,0.00,0.00,67.00,7545071.89,1.15
2.93,0.00,1.00,4245.00,3083.00,0.00,0.00,67.00,7530853.22,1.05
2.94,0.00,1.00,4241.00,3087.00,0.00,0.00,67.00,7517262.22,0.96
2.94,0.00,1.00,4235.00,3093.00,0.00,0.00,67.00,7503944.20,0.88
2.95,0.00,1.00,4229.00,3099.00,0.00,0.00,67.00,7490875.58,0.80
2.96,0.00,1.00,4222.00,3106.00,0.00,0.00,67.00,7477884.58,0.73
2.97,0.00,1.00,4218.00,3110.00,0.00,0.00,67.00,7465415.18,0.67
2.97,0.00,1.00,4211.00,3117.00,0.00,0.00,67.00,7452971.59,0.61
2.98,0.00,1.00,4200.00,3128.00,0.00,0.00,67.00,7439950.68,0.55
2.99,0.00,1.00,4187.00,3141.00,0.00,0.00,67.00,7426101.88,0.51
2.99,0.00,1.00,4180.00,3148.00,0.00,0.00,67.00,7412398.09,0.46
3.00,0.00,1.00,4174.00,3154.00,0.00,0.00,67.00,7398977.03,0.42
3.01,0.00,1.00,4165.00,3163.00,0.00,0.00,67.00,7385363.56,0.39
3.01,0.00,1.00,4157.00,3171.00,0.00,0.00,67.00,7371724.54,0.35
3.02,0.00,1.00,4150.00,3178.00,0.00,0.00,67.00,7358212.42,0.32
3.03,0.00,1.00,4147.00,3181.00,0.00,0.00,67.00,7345417.14,0.29
3.03,0.00,1.00,4139.00,3189.00,0.00,0.00,67.00,7332525.64,0.27
3.04,0.00,1.00,4134.00,3194.00,0.00,0.00,67.00,7319996.91,0.24
3.05,0.00,1.00,4126.00,3202.00,0.00,0.00,67.00,7307348.91,0.22
3.06,0.00,1.00,4121.00,3207.00,0.00,0.00,67.00,7295042.63,0.20
3.06,0.00,1.00,4110.00,3218.00,0.00,0.00,67.00,7282147.17,0.19
3.07,0.00,1.00,4106.00,3222.00,0.00,0.00,67.00,7269765.03,0.17
3.08,0.00,1.00,4097.00,3231.00,0.00,0.00,67.00,7257100.71,0.16
3.08,0.00,1.00,4091.00,3237.00,0.00,0.00,67.00,7244629.31,0.14
3.09,0.00,1.00,4084.00,3244.00,0.00,0.00,67.00,7232183.91,0.13
3.10,0.00,1.00,4080.00,3248.00,0.00,0.00,67.00,7220212.97,0.12
3.10,0.00,1.00,4073.00,3255.00,0.00,0.00,67.00,7208224.77,0.11
3.11,0.00,1.00,4067.00,3261.00,0.00,0.00,67.00,7196371.08,0.10
3.12,0.00,1.00,4059.00,3269.00,0.00,0.00,67.00,7184339.77,0.09
3.12,0.00,1.00,4053.00,3275.00,0.00,0.00,67.00,7172446.66,0.08
3.13,0.00,1.00,4045.00,3283.00,0.00,0.00,67.00,7160379.37,0.07
3.14,0.00,1.00,4040.00,3288.00,0.00,0.00,67.00,7148603.62,0.07
3.15,0.00,1.00,4031.00,3297.00,0.00,0.00,67.00,7136493.30,0.06
3.15,0.00,1.00,4024.00,3304.00,0.00,0.00,67.00,7124377.79,0.06
3.16,0.00,1.00,4015.00,3313.00,0.00,0.00,67.00,7111957.07,0.05
3.17,0.00,1.00,4008.00,3320.00,0.00,0.00,67.00,7099557.96,0.05
3.17,0.00,1.00,3999.00,3329.00,0.00,0.00,67.00,7086878.17,0.04
3.18,0.00,1.00,3989.00,3339.00,0.00,0.00,67.00,7073791.68,0.04
3.19,0.00,1.00,3980.00,3348.00,0.00,0.00,67.00,7060483.88,0.04
3.19,0.00,1.00,3973.00,3355.00,0.00,0.00,67.00,7047274.36,0.03
3.20,0.00,1.00,3965.00,3363.00,0.00,0.00,67.00,7034004.39,0.03
3.21,0.00,1.00,3953.00,3375.00,0.00,0.00,67.00,7020078.26,0.03
3.22,0.00,1.00,3944.00,3384.00,0.00,0.00,67.00,7006003.37,0.03
3.22,0.00,1.00,3934.00,3394.00,0.00,0.00,67.00,6991642.36,0.02
3.23,0.00,1.00,3927.00,3401.00,0.00,0.00,67.00,6977470.63,0.02
3.24,0.00,1.00,3915.00,3413.00,0.00,0.00,67.00,6962720.67,0.02
3.24,0.00,1.00,3911.00,3417.00,0.00,0.00,67.00,6948644.28,0.02
3.25,0.00,1.00,3905.00,3423.00,0.00,0.00,67.00,6934882.79,0.02
3.26,0.00,1.00,3892.00,3436.00,0.00,0.00,67.00,6920357.41,0.01
3.26,0.00,1.00,3885.00,3443.00,0.00,0.00,67.00,6906035.51,0.01
3.27,0.00,1.00,3876.00,3452.00,0.00,0.00,67.00,6891599.04,0.01
3.28,0.00,1.00,3866.00,3462.00,0.00,0.00,67.00,6876907.67,0.01
3.28,0.00,1.00,3863.00,3465.00,0.00,0.00,67.00,6863035.06,0.01
3.29,0.00,1.00,3856.00,3472.00,0.00,0.00,67.00,6849309.53,0.01
3.30,0.00,1.00,3849.00,3479.00,0.00,0.00,67.00,6835718.37,0.01
3.31,0.00,1.00,3839.00,3489.00,0.00,0.00,67.00,6821799.28,0.01
3.31,0.00,1.00,3831.00,3497.00,0.00,0.00,67.00,6807881.06,0.01
3.32,0.00,1.00,3828.00,3500.00,0.00,0.00,67.00,6794714.78,0.01
3.33,0.00,1.00,3823.00,3505.00,0.00,0.00,67.00,6781934.99,0.01
3.33,0.00,1.00,3818.00,3510.00,0.00,0.00,67.00,6769508.31,0.01
3.34,0.00,1.00,3809.00,3519.00,0.00,0.00,67.00,6756803.34,0.00
3.35,0.00,1.00,3800.00,3528.00,0.00,0.00,67.00,6743844.05,0.00
3.35,0.00,1.00,3787.00,3541.00,0.00,0.00,67.00,6730051.55,0.00
3.36,0.00,1.00,3779.00,3549.00,0.00,0.00,67.00,6716249.00,0.00
3.37,0.00,1.00,3774.00,3554.00,0.00,0.00,67.00,6702887.90,0.00
3.38,0.00,1.00,3763.00,3565.00,0.00,0.00,67.00,6689028.78,0.00
3.38,0.00,1.00,3755.00,3573.00,0.00,0.00,67.00,6675165.33,0.00
3.39,0.00,1.00,3745.00,3583.00,0.00,0.00,67.00,6660997.46,0.00
3.40,0.00,1.00,3739.00,3589.00,0.00,0.00,67.00,6647152.43,0.00
3.40,0.00,1.00,3728.00,3600.00,0.00,0.00,67.00,6632851.16,0.00
3.41,0.00,1.00,3720.00,3608.00,0.00,0.00,67.00,6618583.78,0.00
3.42,0.00,1.00,3708.00,3620.00,0.00,0.00,67.00,6603746.43,0.00
3.42,0.00,1.00,3706.00,3622.00,0.00,0.00,67.00,6589890.66,0.00
3.43,0.00,1.00,3695.00,3633.00,0.00,0.00,67.00,6575579.62,0.00
3.44,0.00,1.00,3689.00,3639.00,0.00,0.00,67.00,6561603.76,0.00
3.44,0.00,1.00,3685.00,3643.00,0.00,0.00,67.00,6548234.59,0.00
3.45,0.00,1.00,3679.00,3649.00,0.00,0.00,67.00,6535119.23,0.00
3.46,0.00,1.00,3674.00,3654.00,0.00,0.00,67.00,6522385.99,0.00
3.47,0.00,1.00,3664.00,3664.00,0.00,0.00,67.00,6509250.68,0.00
3.47,0.00,1.00,3661.00,3667.00,0.00,0.00,67.00,6496799.67,0.00
3.48,0.00,1.00,3650.00,3678.00,0.00,0.00,67.00,6483771.96,0.00
3.49,0.00,1.00,3645.00,3683.00,0.00,0.00,67.00,6471118.80,0.00
3.49,0.00,1.00,3638.00,3690.00,0.00,0.00,67.00,6458507.33,0.00
3.50,0.00,1.00,3623.00,3705.00,0.00,0.00,67.00,6444732.15,0.00
3.51,0.00,1.00,3614.00,3714.00,0.00,0.00,67.00,6430795.13,0.00
3.51,0.00,1.00,3610.00,3718.00,0.00,0.00,67.00,6417461.46,0.00
3.52,0.00,1.00,3607.00,3721.00,0.00,0.00,67.00,6404829.20,0.00
3.53,0.00,1.00,3600.00,3728.00,0.00,0.00,67.00,6392236.86,0.00
3.53,0.00,1.00,3594.00,3734.00,0.00,0.00,67.00,6379831.21,0.00
3.54,0.00,1.00,3584.00,3744.00,0.00,0.00,67.00,6366995.19,0.00
3.55,0.00,1.00,3573.00,3755.00,0.00,0.00,67.00,6353615.75,0.00
3.56,0.00,1.00,3568.00,3760.00,0.00,0.00,67.00,6340641.23,0.00
3.56,0.00,1.00,3556.00,3772.00,0.00,0.00,67.00,6326985.06,0.00
3.57,0.00,1.00,3552.00,3776.00,0.00,0.00,67.00,6313907.94,0.00
3.58,0.00,1.00,3548.00,3780.00,0.00,0.00,67.00,6301359.86,0.00
3.58,0.00,0.00,3539.00,3790.00,0.00,0.00,67.00,6288543.94,0.00
3.59,0.00,0.00,3536.00,3793.00,0.00,0.00,67.00,6276384.71,0.00
3.60,0.00,0.00,3532.00,3797.00,0.00,0.00,67.00,6264675.20,0.00
3.60,0.00,0.00,3528.00,3801.00,0.00,0.00,67.00,6253376.57,0.00
3.61,0.00,0.00,3522.00,3807.00,0.00,0.00,67.00,6242152.83,0.00
3.62,0.00,0.00,3513.00,3816.00,0.00,0.00,67.00,6230546.82,0.00
3.62,0.00,0.00,3504.00,3825.00,0.00,0.00,67.00,6218591.58,0.00
3.63,0.00,0.00,3495.00,3834.00,0.00,0.00,67.00,6206317.30,0.00
3.64,0.00,0.00,3491.00,3838.00,0.00,0.00,67.00,6194502.67,0.00
3.65,0.00,0.00,3481.00,3848.00,0.00,0.00,67.00,6182206.60,0.00
3.65,0.00,0.00,3477.00,3852.00,0.00,0.00,67.00,6170372.06,0.00
3.66,0.00,0.00,3470.00,3859.00,0.00,0.00,67.00,6158508.50,0.00
3.67,0.00,0.00,3468.00,3861.00,0.00,0.00,67.00,6147369.59,0.00
3.67,0.00,0.00,3464.00,3865.00,0.00,0.00,67.00,6136592.23,0.00
3.68,0.00,0.00,3451.00,3878.00,0.00,0.00,67.00,6124793.10,0.00
3.69,0.00,0.00,3444.00,3885.00,0.00,0.00,67.00,6112961.88,0.00
3.69,0.00,0.00,3435.00,3894.00,0.00,0.00,67.00,6100800.90,0.00
3.70,0.00,0.00,3430.00,3899.00,0.00,0.00,67.00,6088939.56,0.00
3.71,0.00,0.00,3420.00,3909.00,0.00,0.00,67.00,6076600.82,0.00
3.72,0.00,0.00,3410.00,3919.00,0.00,0.00,67.00,6063825.92,0.00
3.72,0.00,0.00,3404.00,3925.00,0.00,0.00,67.00,6051253.46,0.00
3.73,0.00,0.00,3394.00,3935.00,0.00,0.00,67.00,6038265.06,0.00
3.74,0.00,0.00,3389.00,3940.00,0.00,0.00,67.00,6025647.79,0.00
3.74,0.00,0.00,3387.00,3942.00,0.00,0.00,67.00,6013820.29,0.00
3.75,0.00,0.00,3380.00,3949.00,0.00,0.00,67.00,6001963.15,0.00
3.76,0.00,0.00,3372.00,3957.00,0.00,0.00,67.00,5989928.71,0.00
3.76,0.00,0.00,3369.00,3960.00,0.00,0.00,67.00,5978483.44,0.00
3.77,0.00,0.00,3364.00,3965.00,0.00,0.00,67.00,5967275.97,0.00
3.78,0.00,0.00,3354.00,3975.00,0.00,0.00,67.00,5955534.62,0.00
3.78,0.00,0.00,3346.00,3983.00,0.00,0.00,67.00,5943605.94,0.00
3.79,0.00,0.00,3341.00,3988.00,0.00,0.00,67.00,5931956.83,0.00
3.80,0.00,0.00,3337.00,3992.00,0.00,0.00,67.00,5920713.37,0.00
3.81,0.00,0.00,3330.00,3999.00,0.00,0.00,67.00,5909389.81,0.00
3.81,0.00,0.00,3326.00,4003.00,0.00,0.00,67.00,5898443.75,0.00
3.82,0.00,0.00,3322.00,4007.00,0.00,0.00,67.00,5887842.60,0.00
3.83,0.00,0.00,3312.00,4017.00,0.00,0.00,67.00,5876655.14,0.00
3.83,0.00,0.00,3304.00,4025.00,0.00,0.00,67.00,5865232.52,0.00
3.84,0.00,0.00,3297.00,4032.00,0.00,0.00,67.00,5853745.28,0.00
3.85,0.00,0.00,3288.00,4041.00,0.00,0.00,67.00,5841898.54,0.00
3.85,0.00,0.00,3284.00,4045.00,0.00,0.00,67.00,5830474.52,0.00
3.86,0.00,0.00,3274.00,4055.00,0.00,0.00,67.00,5818535.31,0.00
3.87,0.00,0.00,3266.00,4063.00,0.00,0.00,67.00,5806425.89,0.00
3.88,0.00,0.00,3259.00,4070.00,0.00,0.00,67.00,5794311.20,0.00
3.88,0.00,0.00,3251.00,4078.00,0.00,0.00,67.00,5782041.45,0.00
3.89,0.00,0.00,3247.00,4082.00,0.00,0.00,67.00,5770230.97,0.00
3.90,0.00,0.00,3240.00,4089.00,0.00,0.00,67.00,5758389.37,0.00
3.90,0.00,0.00,3232.00,4097.00,0.00,0.00,67.00,5746369.13,0.00
3.91,0.00,0.00,3222.00,4107.00,0.00,0.00,67.00,5733885.22,0.00
3.92,0.00,0.00,3215.00,4114.00,0.00,0.00,67.00,5721428.40,0.00
3.92,0.00,0.00,3203.00,4126.00,0.00,0.00,67.00,5708245.17,0.00
3.93,0.00,0.00,3198.00,4131.00,0.00,0.00,67.00,5695449.91,0.00
3.94,0.00,0.00,3187.00,4142.00,0.00,0.00,67.00,5682107.70,0.00
3.94,0.00,0.00,3184.00,4145.00,0.00,0.00,67.00,5669467.67,0.00
3.95,0.00,0.00,3175.00,4154.00,0.00,0.00,67.00,5656567.75,0.00
3.96,0.00,0.00,3166.00,4163.00,0.00,0.00,67.00,5643430.39,0.00
3.97,0.00,0.00,3154.00,4175.00,0.00,0.00,67.00,5629625.43,0.00
3.97,0.00,0.00,3150.00,4179.00,0.00,0.00,67.00,5616412.39,0.00
3.98,0.00,0.00,3144.00,4185.00,0.00,0.00,67.00,5603439.68,0.00
3.99,0.00,0.00,3134.00,4195.00,0.00,0.00,67.00,5590085.60,0.00
3.99,0.00,0.00,3129.00,4200.00,0.00,0.00,67.00,5577134.25,0.00
4.00,0.00,0.00,3123.00,4206.00,0.00,0.00,67.00,5564400.60,0.00
4.01,0.00,0.00,3121.00,4208.00,0.00,0.00,67.00,5552466.77,0.00
4.01,0.00,0.00,3117.00,4212.00,0.00,0.00,67.00,5540963.19,0.00
4.02,0.00,0.00,3110.00,4219.00,0.00,0.00,67.00,5529402.00,0.00
4.03,0.00,0.00,3108.00,4221.00,0.00,0.00,67.00,5518539.29,0.00
4.03,0.00,0.00,3101.00,4228.00,0.00,0.00,67.00,5507563.60,0.00
4.04,0.00,0.00,3091.00,4238.00,0.00,0.00,67.00,5496033.99,0.00
4.05,0.00,0.00,3085.00,4244.00,0.00,0.00,67.00,5484599.21,0.00
4.06,0.00,0.00,3075.00,4254.00,0.00,0.00,67.00,5472650.17,0.00
4.06,0.00,0.00,3068.00,4261.00,0.00,0.00,67.00,5460682.02,0.00
4.07,0.00,0.00,3063.00,4266.00,0.00,0.00,67.00,5448996.84,0.00
4.08,0.00,0.00,3050.00,4279.00,0.00,0.00,67.00,5436368.33,0.00
4.08,0.00,0.00,3035.00,4294.00,0.00,0.00,67.00,5422577.55,0.00
4.09,0.00,0.00,3030.00,4299.00,0.00,0.00,67.00,5409227.23,0.00
4.10,0.00,0.00,3025.00,4304.00,0.00,0.00,67.00,5396279.32,0.00
4.10,0.00,0.00,3012.00,4317.00,0.00,0.00,67.00,5382497.22,0.00
4.11,0.00,0.00,3006.00,4323.00,0.00,0.00,67.00,5369004.61,0.00
4.12,0.00,0.00,2998.00,4331.00,0.00,0.00,67.00,5355476.01,0.00
4.12,0.00,0.00,2992.00,4337.00,0.00,0.00,67.00,5342214.99,0.00
4.13,0.00,0.00,2985.00,4344.00,0.00,0.00,67.00,5329048.20,0.00
4.14,0.00,0.00,2980.00,4349.00,0.00,0.00,67.00,5316267.96,0.00
4.15,0.00,0.00,2972.00,4357.00,0.00,0.00,67.00,5303390.17,0.00
4.15,0.00,0.00,2968.00,4361.00,0.00,0.00,67.00,5291024.20,0.00
4.16,0.00,0.00,2959.00,4370.00,0.00,0.00,67.00,5278374.65,0.00
4.17,0.00,0.00,2947.00,4382.00,0.00,0.00,67.00,5265015.35,0.00
4.17,0.00,0.00,2935.00,4394.00,0.00,0.00,67.00,5251007.61,0.00
4.18,0.00,0.00,2928.00,4401.00,0.00,0.00,67.00,5237158.64,0.00
4.19,0.00,0.00,2917.00,4412.00,0.00,0.00,67.00,5222853.75,0.00
4.19,0.00,0.00,2910.00,4419.00,0.00,0.00,67.00,5208733.30,0.00
4.20,0.00,0.00,2905.00,4424.00,0.00,0.00,67.00,5195081.83,0.00
4.21,0.00,0.00,2896.00,4433.00,0.00,0.00,67.00,5181257.84,0.00
4.22,0.00,0.00,2889.00,4440.00,0.00,0.00,67.00,5167576.74,0.00
4.22,0.00,0.00,2883.00,4446.00,0.00,0.00,67.00,5154176.38,0.00
4.23,0.00,0.00,2872.00,4457.00,0.00,0.00,67.00,5140281.39,0.00
4.24,0.00,0.00,2867.00,4462.00,0.00,0.00,67.00,5126835.86,0.00
4.24,0.00,0.00,2863.00,4466.00,0.00,0.00,67.00,5113951.22,0.00
4.25,0.00,0.00,2854.00,4475.00,0.00,0.00,67.00,5100827.80,0.00
4.26,0.00,0.00,2845.00,4484.00,0.00,0.00,67.00,5087486.27,0.00
4.26,0.00,0.00,2839.00,4490.00,0.00,0.00,67.00,5074396.17,0.00
4.27,0.00,0.00,2831.00,4498.00,0.00,0.00,67.00,5061235.29,0.00
4.28,0.00,0.00,2819.00,4510.00,0.00,0.00,67.00,5047408.83,0.00
4.28,0.00,0.00,2815.00,4514.00,0.00,0.00,67.00,5034176.17,0.00
4.29,0.00,0.00,2806.00,4523.00,0.00,0.00,67.00,5020734.81,0.00
4.30,0.00,0.00,2793.00,4536.00,0.00,0.00,67.00,5006501.90,0.00
4.31,0.00,0.00,2786.00,4543.00,0.00,0.00,67.00,4992447.20,0.00
4.31,0.00,0.00,2781.00,4548.00,0.00,0.00,67.00,4978855.74,0.00
4.32,0.00,0.00,2773.00,4556.00,0.00,0.00,67.00,4965236.84,0.00
4.33,0.00,0.00,2767.00,4562.00,0.00,0.00,67.00,4951893.34,0.00
4.33,0.00,0.00,2759.00,4570.00,0.00,0.00,67.00,4938500.98,0.00
4.34,0.00,0.00,2752.00,4577.00,0.00,0.00,67.00,4925214.18,0.00
4.35,0.00,0.00,2743.00,4586.00,0.00,0.00,67.00,4911723.39,0.00
4.35,0.00,0.00,2737.00,4592.00,0.00,0.00,67.00,4898496.92,0.00
4.36,0.00,0.00,2730.00,4599.00,0.00,0.00,67.00,4885361.67,0.00
4.37,0.00,0.00,2723.00,4606.00,0.00,0.00,67.00,4872309.81,0.00
4.38,0.00,0.00,2716.00,4613.00,0.00,0.00,67.00,4859334.09,0.00
4.38,0.00,0.00,2707.00,4622.00,0.00,0.00,67.00,4846127.49,0.00
4.39,0.00,0.00,2701.00,4628.00,0.00,0.00,67.00,4833160.66,0.00
4.40,0.00,0.00,2694.00,4635.00,0.00,0.00,67.00,4820262.65,0.00
4.40,0.00,0.00,2686.00,4643.00,0.00,0.00,67.00,4807277.27,0.00
4.41,0.00,0.00,2677.00,4652.00,0.00,0.00,67.00,4794061.83,0.00
4.42,0.00,0.00,2668.00,4661.00,0.00,0.00,67.00,4780636.23,0.00
4.42,0.00,0.00,2662.00,4667.00,0.00,0.00,67.00,4767469.30,0.00
4.43,0.00,0.00,2653.00,4676.00,0.00,0.00,67.00,4754088.03,0.00
4.44,0.00,0.00,2640.00,4689.00,0.00,0.00,67.00,4739909.99,0.00
4.44,0.00,0.00,2633.00,4696.00,0.00,0.00,67.00,4725905.40,0.00
4.45,0.00,0.00,2628.00,4701.00,0.00,0.00,67.00,4712359.77,0.00
4.46,0.00,0.00,2620.00,4709.00,0.00,0.00,67.00,4698782.72,0.00
4.47,0.00,0.00,2609.00,4720.00,0.00,0.00,67.00,4684726.29,0.00
4.47,0.00,0.00,2603.00,4726.00,0.00,0.00,67.00,4670983.05,0.00
4.48,0.00,0.00,2591.00,4738.00,0.00,0.00,67.00,4656624.56,0.00
4.49,0.00,0.00,2585.00,4744.00,0.00,0.00,67.00,4642605.35,0.00
4.49,0.00,0.00,2579.00,4750.00,0.00,0.00,67.00,4628896.11,0.00
4.50,0.00,0.00,2569.00,4760.00,0.00,0.00,67.00,4614869.16,0.00
4.51,0.00,0.00,2563.00,4766.00,0.00,0.00,67.00,4601152.84,0.00
4.51,0.00,0.00,2553.00,4776.00,0.00,0.00,67.00,4587119.41,0.00
4.52,0.00,0.00,2548.00,4781.00,0.00,0.00,67.00,4573547.41,0.00
4.53,0.00,0.00,2542.00,4787.00,0.00,0.00,67.00,4560246.75,0.00
4.53,0.00,0.00,2537.00,4792.00,0.00,0.00,67.00,4547344.20,0.00
4.54,0.00,0.00,2528.00,4801.00,0.00,0.00,67.00,4534204.46,0.00
4.55,0.00,0.00,2520.00,4809.00,0.00,0.00,67.00,4520998.23,0.00
4.56,0.00,0.00,2515.00,4814.00,0.00,0.00,67.00,4508181.96,0.00
4.56,0.00,0.00,2511.00,4818.00,0.00,0.00,67.00,4495872.18,0.00
4.57,0.00,0.00,2503.00,4826.00,0.00,0.00,67.00,4483424.21,0.00
4.58,0.00,0.00,2494.00,4835.00,0.00,0.00,67.00,4470699.77,0.00
4.58,0.00,0.00,2490.00,4839.00,0.00,0.00,67.00,4458473.87,0.00
4.59,0.00,0.00,2481.00,4848.00,0.00,0.00,67.00,4445952.32,0.00
4.60,0.00,0.00,2478.00,4851.00,0.00,0.00,67.00,4434062.01,0.00
4.60,0.00,0.00,2472.00,4857.00,0.00,0.00,67.00,4422297.73,0.00
4.61,0.00,0.00,2465.00,4864.00,0.00,0.00,67.00,4410498.35,0.00
4.62,0.00,0.00,2458.00,4871.00,0.00,0.00,67.00,4398666.91,0.00
4.62,0.00,0.00,2456.00,4873.00,0.00,0.00,67.00,4387557.33,0.00
4.63,0.00,0.00,2448.00,4881.00,0.00,0.00,67.00,4376205.86,0.00
4.64,0.00,0.00,2441.00,4888.00,0.00,0.00,67.00,4364783.62,0.00
4.65,0.00,0.00,2429.00,4900.00,0.00,0.00,67.00,4352545.56,0.00
4.65,0.00,0.00,2427.00,4902.00,0.00,0.00,67.00,4341064.50,0.00
4.66,0.00,0.00,2423.00,4906.00,0.00,0.00,67.00,4329974.57,0.00
4.67,0.00,0.00,2418.00,4911.00,0.00,0.00,67.00,4319091.73,0.00
4.67,0.00,0.00,2415.00,4914.00,0.00,0.00,67.00,4308698.56,0.00
4.68,0.00,0.00,2407.00,4922.00,0.00,0.00,67.00,4298001.59,0.00
4.69,0.00,0.00,2397.00,4932.00,0.00,0.00,67.00,4286726.60,0.00
4.69,0.00,0.00,2389.00,4940.00,0.00,0.00,67.00,4275223.99,0.00
4.70,0.00,0.00,2386.00,4943.00,0.00,0.00,67.00,4264264.61,0.00
4.71,0.00,0.00,2376.00,4953.00,0.00,0.00,67.00,4252749.89,0.00
4.72,0.00,0.00,2370.00,4959.00,0.00,0.00,67.00,4241328.73,0.00
4.72,0.00,0.00,2366.00,4963.00,0.00,0.00,67.00,4230293.52,0.00
4.73,0.00,0.00,2354.00,4975.00,0.00,0.00,67.00,4218409.06,0.00
4.74,0.00,0.00,2349.00,4980.00,0.00,0.00,67.00,4206800.35,0.00
4.74,0.00,0.00,2343.00,4986.00,0.00,0.00,67.00,4195293.33,0.00
4.75,0.00,0.00,2334.00,4995.00,0.00,0.00,67.00,4183428.52,0.00
4.76,0.00,0.00,2325.00,5004.00,0.00,0.00,67.00,4171236.83,0.00
4.76,0.00,0.00,2320.00,5009.00,0.00,0.00,67.00,4159347.45,0.00
4.77,0.00,0.00,2312.00,5017.00,0.00,0.00,67.00,4147283.54,0.00
4.78,0.00,0.00,2307.00,5022.00,0.00,0.00,67.00,4135510.89,0.00
4.78,0.00,0.00,2299.00,5030.00,0.00,0.00,67.00,4123553.64,0.00
4.79,0.00,0.00,2293.00,5036.00,0.00,0.00,67.00,4111728.20,0.00
4.80,0.00,0.00,2288.00,5041.00,0.00,0.00,67.00,4100173.39,0.00
4.81,0.00,0.00,2282.00,5047.00,0.00,0.00,67.00,4088715.62,0.00
4.81,0.00,0.00,2277.00,5052.00,0.00,0.00,67.00,4077496.74,0.00
4.82,0.00,0.00,2272.00,5057.00,0.00,0.00,67.00,4066496.09,0.00
4.83,0.00,0.00,2267.00,5062.00,0.00,0.00,67.00,4055694.82,0.00
4.83,0.00,0.00,2258.00,5071.00,0.00,0.00,67.00,4044474.78,0.00
4.84,0.00,0.00,2249.00,5080.00,0.00,0.00,67.00,4032872.15,0.00
4.85,0.00,0.00,2244.00,5085.00,0.00,0.00,67.00,4021520.92,0.00
4.85,0.00,0.00,2235.00,5094.00,0.00,0.00,67.00,4009798.45,0.00
4.86,0.00,0.00,2227.00,5102.00,0.00,0.00,67.00,3997887.03,0.00
4.87,0.00,0.00,2223.00,5106.00,0.00,0.00,67.00,3986403.91,0.00
4.88,0.00,0.00,2214.00,5115.00,0.00,0.00,67.00,3974560.95,0.00
4.88,0.00,0.00,2208.00,5121.00,0.00,0.00,67.00,3962839.93,0.00
4.89,0.00,0.00,2199.00,5130.00,0.00,0.00,67.00,3950779.60,0.00
4.90,0.00,0.00,2191.00,5138.00,0.00,0.00,67.00,3938559.53,0.00
4.90,0.00,0.00,2184.00,5145.00,0.00,0.00,67.00,3926343.73,0.00
4.91,0.00,0.00,2177.00,5152.00,0.00,0.00,67.00,3914131.86,0.00
4.92,0.00,0.00,2174.00,5155.00,0.00,0.00,67.00,3902524.49,0.00
4.92,0.00,0.00,2162.00,5167.00,0.00,0.00,67.00,3890117.30,0.00
4.93,0.00,0.00,2160.00,5169.00,0.00,0.00,67.00,3878481.73,0.00
4.94,0.00,0.00,2150.00,5179.00,0.00,0.00,67.00,3866349.25,0.00
4.94,0.00,0.00,2143.00,5186.00,0.00,0.00,67.00,3854213.48,0.00
4.95,0.00,0.00,2137.00,5192.00,0.00,0.00,67.00,3842224.94,0.00
4.96,0.00,0.00,2130.00,5199.00,0.00,0.00,67.00,3830220.69,0.00
4.97,0.00,0.00,2127.00,5202.00,0.00,0.00,67.00,3818802.99,0.00
4.97,0.00,0.00,2115.00,5214.00,0.00,0.00,67.00,3806569.10,0.00
4.98,0.00,0.00,2105.00,5224.00,0.00,0.00,67.00,3793889.98,0.00
4.99,0.00,0.00,2104.00,5225.00,0.00,0.00,67.00,3782156.23,0.00
4.99,0.00,0.00,2095.00,5234.00,0.00,0.00,67.00,3770084.25,0.00
5.00,0.00,0.00,2087.00,5242.00,0.00,0.00,67.00,3757853.54,0.00
5.01,0.00,0.00,2081.00,5248.00,0.00,0.00,67.00,3745778.28,0.00
5.01,0.00,0.00,2074.00,5255.00,0.00,0.00,67.00,3733694.77,0.00
5.02,0.00,0.00,2072.00,5257.00,0.00,0.00,67.00,3722354.91,0.00
5.03,0.00,0.00,2063.00,5266.00,0.00,0.00,67.00,3710642.81,0.00
5.03,0.00,0.00,2054.00,5275.00,0.00,0.00,67.00,3698590.65,0.00
5.04,0.00,0.00,2045.00,5284.00,0.00,0.00,67.00,3686227.80,0.00
5.05,0.00,0.00,2037.00,5292.00,0.00,0.00,67.00,3673731.34,0.00
5.06,0.00,0.00,2026.00,5303.00,0.00,0.00,67.00,3660662.13,0.00
5.06,0.00,0.00,2021.00,5308.00,0.00,0.00,67.00,3647971.04,0.00
5.07,0.00,0.00,2016.00,5313.00,0.00,0.00,67.00,3635625.39,0.00
5.08,0.00,0.00,2010.00,5319.00,0.00,0.00,67.00,3623445.13,0.00
5.08,0.00,0.00,2004.00,5325.00,0.00,0.00,67.00,3611415.94,0.00
5.09,0.00,0.00,1993.00,5336.00,0.00,0.00,67.00,3598773.62,0.00
5.10,0.00,0.00,1987.00,5342.00,0.00,0.00,67.00,3586322.29,0.00
5.10,0.00,0.00,1983.00,5346.00,0.00,0.00,67.00,3574345.93,0.00
5.11,0.00,0.00,1973.00,5356.00,0.00,0.00,67.00,3561902.10,0.00
5.12,0.00,0.00,1967.00,5362.00,0.00,0.00,67.00,3549632.12,0.00
5.12,0.00,0.00,1960.00,5369.00,0.00,0.00,67.00,3537370.75,0.00
5.13,0.00,0.00,1957.00,5372.00,0.00,0.00,67.00,3525718.15,0.00
5.14,0.00,0.00,1947.00,5382.00,0.00,0.00,67.00,3513570.11,0.00
5.15,0.00,0.00,1937.00,5392.00,0.00,0.00,67.00,3500969.44,0.00
5.15,0.00,0.00,1936.00,5393.00,0.00,0.00,67.00,3489307.33,0.00
5.16,0.00,0.00,1926.00,5403.00,0.00,0.00,67.00,3477150.60,0.00
5.17,0.00,0.00,1916.00,5413.00,0.00,0.00,67.00,3464541.99,0.00
5.17,0.00,0.00,1909.00,5420.00,0.00,0.00,67.00,3451971.24,0.00
5.18,0.00,0.00,1901.00,5428.00,0.00,0.00,67.00,3439284.85,0.00
5.19,0.00,0.00,1886.00,5443.00,0.00,0.00,67.00,3425441.18,0.00
5.19,0.00,0.00,1880.00,5449.00,0.00,0.00,67.00,3411892.32,0.00
5.20,0.00,0.00,1872.00,5457.00,0.00,0.00,67.00,3398312.34,0.00
5.21,0.00,0.00,1865.00,5464.00,0.00,0.00,67.00,3384854.14,0.00
5.22,0.00,0.00,1861.00,5468.00,0.00,0.00,67.00,3371957.90,0.00
5.22,0.00,0.00,1856.00,5473.00,0.00,0.00,67.00,3359424.85,0.00
5.23,0.00,0.00,1848.00,5481.00,0.00,0.00,67.00,3346772.90,0.00
5.24,0.00,0.00,1841.00,5488.00,0.00,0.00,67.00,3334162.54,0.00
5.24,0.00,0.00,1835.00,5494.00,0.00,0.00,67.00,3321740.43,0.00
5.25,0.00,0.00,1825.00,5504.00,0.00,0.00,67.00,3308889.37,0.00
5.26,0.00,0.00,1817.00,5512.00,0.00,0.00,67.00,3295946.89,0.00
5.26,0.00,0.00,1809.00,5520.00,0.00,0.00,67.00,3282920.90,0.00
5.27,0.00,0.00,1804.00,5525.00,0.00,0.00,67.00,3270269.28,0.00
5.28,0.00,0.00,1794.00,5535.00,0.00,0.00,67.00,3257208.54,0.00
5.28,0.00,0.00,1787.00,5542.00,0.00,0.00,67.00,3244224.72,0.00
5.29,0.00,0.00,1780.00,5549.00,0.00,0.00,67.00,3231311.19,0.00
5.30,0.00,0.00,1771.00,5558.00,0.00,0.00,67.00,3218161.41,0.00
5.31,0.00,0.00,1764.00,5565.00,0.00,0.00,67.00,3205096.25,0.00
5.31,0.00,0.00,1756.00,5573.00,0.00,0.00,67.00,3191958.15,0.00
5.32,0.00,0.00,1751.00,5578.00,0.00,0.00,67.00,3179204.13,0.00
5.33,0.00,0.00,1749.00,5580.00,0.00,0.00,67.00,3167251.69,0.00
5.33,0.00,0.00,1744.00,5585.00,0.00,0.00,67.00,3155580.88,0.00
5.34,0.00,0.00,1737.00,5592.00,0.00,0.00,67.00,3143866.89,0.00
5.35,0.00,0.00,1730.00,5599.00,0.00,0.00,67.00,3132113.45,0.00
5.35,0.00,0.00,1726.00,5603.00,0.00,0.00,67.00,3120774.68,0.00
5.36,0.00,0.00,1718.00,5611.00,0.00,0.00,67.00,3109213.81,0.00
5.37,0.00,0.00,1713.00,5616.00,0.00,0.00,67.00,3097900.72,0.00
5.38,0.00,0.00,1705.00,5624.00,0.00,0.00,67.00,3086363.33,0.00
5.38,0.00,0.00,1701.00,5628.00,0.00,0.00,67.00,3075221.93,0.00
5.39,0.00,0.00,1693.00,5636.00,0.00,0.00,67.00,3063841.37,0.00
5.40,0.00,0.00,1687.00,5642.00,0.00,0.00,67.00,3052542.80,0.00
5.40,0.00,0.00,1680.00,5649.00,0.00,0.00,67.00,3041168.89,0.00
5.41,0.00,0.00,1670.00,5659.00,0.00,0.00,67.00,3029275.46,0.00
5.42,0.00,0.00,1663.00,5666.00,0.00,0.00,67.00,3017358.09,0.00
5.42,0.00,0.00,1655.00,5674.00,0.00,0.00,67.00,3005268.61,0.00
5.43,0.00,0.00,1649.00,5680.00,0.00,0.00,67.00,2993322.37,0.00
5.44,0.00,0.00,1636.00,5693.00,0.00,0.00,67.00,2980455.37,0.00
5.44,0.00,0.00,1628.00,5701.00,0.00,0.00,67.00,2967498.31,0.00
5.45,0.00,0.00,1618.00,5711.00,0.00,0.00,67.00,2954158.53,0.00
5.46,0.00,0.00,1611.00,5718.00,0.00,0.00,67.00,2940919.79,0.00
5.47,0.00,0.00,1607.00,5722.00,0.00,0.00,67.00,2928224.06,0.00
5.47,0.00,0.00,1602.00,5727.00,0.00,0.00,67.00,2915874.16,0.00
5.48,0.00,0.00,1595.00,5734.00,0.00,0.00,67.00,2903539.77,0.00
5.49,0.00,0.00,1585.00,5744.00,0.00,0.00,67.00,2890768.86,0.00
5.49,0.00,0.00,1581.00,5748.00,0.00,0.00,67.00,2878500.52,0.00
5.50,0.00,0.00,1574.00,5755.00,0.00,0.00,67.00,2866240.64,0.00
5.51,0.00,0.00,1564.00,5765.00,0.00,0.00,67.00,2853537.80,0.00
5.51,0.00,0.00,1558.00,5771.00,0.00,0.00,67.00,2841031.18,0.00
5.52,0.00,0.00,1549.00,5780.00,0.00,0.00,67.00,2828253.16,0.00
5.53,0.00,0.00,1540.00,5789.00,0.00,0.00,67.00,2815227.16,0.00
5.53,0.00,0.00,1534.00,5795.00,0.00,0.00,67.00,2802425.32,0.00
5.54,0.00,0.00,1527.00,5802.00,0.00,0.00,67.00,2789678.03,0.00
5.55,0.00,0.00,1522.00,5807.00,0.00,0.00,67.00,2777281.04,0.00
5.56,0.00,0.00,1519.00,5810.00,0.00,0.00,67.00,2765504.56,0.00
5.56,0.00,0.00,1509.00,5820.00,0.00,0.00,67.00,2753243.35,0.00
5.57,0.00,0.00,1503.00,5826.00,0.00,0.00,67.00,2741140.20,0.00
5.58,0.00,0.00,1494.00,5835.00,0.00,0.00,67.00,2728730.78,0.00
5.58,0.00,0.00,1489.00,5840.00,0.00,0.00,67.00,2716642.46,0.00
5.59,0.00,0.00,1480.00,5849.00,0.00,0.00,67.00,2704246.58,0.00
5.60,0.00,0.00,1475.00,5854.00,0.00,0.00,67.00,2692170.65,0.00
5.60,0.00,0.00,1465.00,5864.00,0.00,0.00,67.00,2679635.84,0.00
5.61,0.00,0.00,1459.00,5870.00,0.00,0.00,67.00,2667282.76,0.00
5.62,0.00,0.00,1451.00,5878.00,0.00,0.00,67.00,2654795.22,0.00
5.62,0.00,0.00,1449.00,5880.00,0.00,0.00,67.00,2643086.24,0.00
5.63,0.00,0.00,1442.00,5887.00,0.00,0.00,67.00,2631337.38,0.00
5.64,0.00,0.00,1437.00,5892.00,0.00,0.00,67.00,2619852.55,0.00
5.65,0.00,0.00,1425.00,5904.00,0.00,0.00,67.00,2607557.32,0.00
5.65,0.00,0.00,1420.00,5909.00,0.00,0.00,67.00,2595573.34,0.00
5.66,0.00,0.00,1417.00,5912.00,0.00,0.00,67.00,2584174.17,0.00
5.67,0.00,0.00,1413.00,5916.00,0.00,0.00,67.00,2573159.04,0.00
5.67,0.00,0.00,1407.00,5922.00,0.00,0.00,67.00,2562194.32,0.00
5.68,0.00,0.00,1403.00,5926.00,0.00,0.00,67.00,2551576.11,0.00
5.69,0.00,0.00,1391.00,5938.00,0.00,0.00,67.00,2540072.62,0.00
5.69,0.00,0.00,1384.00,5945.00,0.00,0.00,67.00,2528511.49,0.00
5.70,0.00,0.00,1377.00,5952.00,0.00,0.00,67.00,2516897.71,0.00
5.71,0.00,0.00,1369.00,5960.00,0.00,0.00,67.00,2505085.60,0.00
5.72,0.00,0.00,1362.00,5967.00,0.00,0.00,67.00,2493242.52,0.00
5.72,0.00,0.00,1359.00,5970.00,0.00,0.00,67.00,2481972.08,0.00
5.73,0.00,0.00,1352.00,5977.00,0.00,0.00,67.00,2470623.87,0.00
5.74,0.00,0.00,1343.00,5986.00,0.00,0.00,67.00,2458904.15,0.00
5.74,0.00,0.00,1334.00,5995.00,0.00,0.00,67.00,2446845.02,0.00
5.75,0.00,0.00,1326.00,6003.00,0.00,0.00,67.00,2434626.04,0.00
5.76,0.00,0.00,1318.00,6011.00,0.00,0.00,67.00,2422261.01,0.00
5.76,0.00,0.00,1315.00,6014.00,0.00,0.00,67.00,2410513.73,0.00
5.77,0.00,0.00,1305.00,6024.00,0.00,0.00,67.00,2398279.19,0.00
5.78,0.00,0.00,1297.00,6032.00,0.00,0.00,67.00,2385899.95,0.00
5.78,0.00,0.00,1290.00,6039.00,0.00,0.00,67.00,2373538.75,0.00
5.79,0.00,0.00,1282.00,6047.00,0.00,0.00,67.00,2361043.79,0.00
5.80,0.00,0.00,1279.00,6050.00,0.00,0.00,67.00,2349177.81,0.00
5.81,0.00,0.00,1273.00,6056.00,0.00,0.00,67.00,2337435.74,0.00
5.81,0.00,0.00,1270.00,6059.00,0.00,0.00,67.00,2326257.58,0.00
5.82,0.00,0.00,1266.00,6063.00,0.00,0.00,67.00,2315444.37,0.00
5.83,0.00,0.00,1260.00,6069.00,0.00,0.00,67.00,2304664.13,0.00
5.83,0.00,0.00,1249.00,6080.00,0.00,0.00,67.00,2293162.82,0.00
5.84,0.00,0.00,1245.00,6084.00,0.00,0.00,67.00,2282054.39,0.00
5.85,0.00,0.00,1244.00,6085.00,0.00,0.00,67.00,2271755.58,0.00
5.85,0.00,0.00,1236.00,6093.00,0.00,0.00,67.00,2261144.82,0.00
5.86,0.00,0.00,1227.00,6102.00,0.00,0.00,67.00,2250098.82,0.00
5.87,0.00,0.00,1215.00,6114.00,0.00,0.00,67.00,2238204.51,0.00
5.88,0.00,0.00,1206.00,6123.00,0.00,0.00,67.00,2225985.86,0.00
5.88,0.00,0.00,1201.00,6128.00,0.00,0.00,67.00,2214071.85,0.00
5.89,0.00,0.00,1193.00,6136.00,0.00,0.00,67.00,2201985.44,0.00
5.90,0.00,0.00,1186.00,6143.00,0.00,0.00,67.00,2189891.77,0.00
5.90,0.00,0.00,1177.00,6152.00,0.00,0.00,67.00,2177491.01,0.00
5.91,0.00,0.00,1175.00,6154.00,0.00,0.00,67.00,2165861.29,0.00
5.92,0.00,0.00,1171.00,6158.00,0.00,0.00,67.00,2154635.55,0.00
5.92,0.00,0.00,1165.00,6164.00,0.00,0.00,67.00,2143478.40,0.00
5.93,0.00,0.00,1155.00,6174.00,0.00,0.00,67.00,2131783.01,0.00
5.94,0.00,0.00,1151.00,6178.00,0.00,0.00,67.00,2120497.26,0.00
5.94,0.00,0.00,1143.00,6186.00,0.00,0.00,67.00,2108984.84,0.00
5.95,0.00,0.00,1138.00,6191.00,0.00,0.00,67.00,2097716.01,0.00
5.96,0.00,0.00,1127.00,6202.00,0.00,0.00,67.00,2085768.35,0.00
5.97,0.00,0.00,1122.00,6207.00,0.00,0.00,67.00,2074101.91,0.00
5.97,0.00,0.00,1115.00,6214.00,0.00,0.00,67.00,2062391.91,0.00
5.98,0.00,0.00,1107.00,6222.00,0.00,0.00,67.00,2050491.89,0.00
5.99,0.00,0.00,1103.00,6226.00,0.00,0.00,67.00,2039019.20,0.00
5.99,0.00,0.00,1098.00,6231.00,0.00,0.00,67.00,2027786.68,0.00
6.00,0.00,0.00,1089.00,6240.00,0.00,0.00,67.00,2016172.65,0.00
6.01,0.00,0.00,1087.00,6242.00,0.00,0.00,67.00,2005261.69,0.00
6.01,0.00,0.00,1079.00,6250.00,0.00,0.00,67.00,1994091.68,0.00
6.02,0.00,0.00,1074.00,6255.00,0.00,0.00,67.00,1983135.68,0.00
6.03,0.00,0.00,1072.00,6257.00,0.00,0.00,67.00,1972825.89,0.00
6.03,0.00,0.00,1062.00,6267.00,0.00,0.00,67.00,1961904.64,0.00
6.04,0.00,0.00,1052.00,6277.00,0.00,0.00,67.00,1950424.76,0.00
6.05,0.00,0.00,1046.00,6283.00,0.00,0.00,67.00,1939035.43,0.00
6.06,0.00,0.00,1034.00,6295.00,0.00,0.00,67.00,1926827.45,0.00
6.06,0.00,0.00,1028.00,6301.00,0.00,0.00,67.00,1914772.94,0.00
6.07,0.00,0.00,1025.00,6304.00,0.00,0.00,67.00,1903309.34,0.00
6.08,0.00,0.00,1018.00,6311.00,0.00,0.00,67.00,1891784.66,0.00
6.08,0.00,0.00,1015.00,6314.00,0.00,0.00,67.00,1880805.10,0.00
6.09,0.00,0.00,1009.00,6320.00,0.00,0.00,67.00,1869872.87,0.00
6.10,0.00,0.00,1002.00,6327.00,0.00,0.00,67.00,1858833.65,0.00
6.10,0.00,0.00,990.00,6339.00,0.00,0.00,67.00,1846945.53,0.00
6.11,0.00,0.00,984.00,6345.00,0.00,0.00,67.00,1835183.23,0.00
6.12,0.00,0.00,975.00,6354.00,0.00,0.00,67.00,1823085.21,0.00
6.12,0.00,0.00,968.00,6361.00,0.00,0.00,67.00,1810980.93,0.00
6.13,0.00,0.00,958.00,6371.00,0.00,0.00,67.00,1798420.23,0.00
6.14,0.00,0.00,949.00,6380.00,0.00,0.00,67.00,1785592.79,0.00
6.15,0.00,0.00,941.00,6388.00,0.00,0.00,67.00,1772671.89,0.00
6.15,0.00,0.00,934.00,6395.00,0.00,0.00,67.00,1759815.83,0.00
6.16,0.00,0.00,930.00,6399.00,0.00,0.00,67.00,1747469.70,0.00
6.17,0.00,0.00,923.00,6406.00,0.00,0.00,67.00,1735138.75,0.00
6.17,0.00,0.00,914.00,6415.00,0.00,0.00,67.00,1722521.22,0.00
6.18,0.00,0.00,909.00,6420.00,0.00,0.00,67.00,1710242.77,0.00
6.19,0.00,0.00,906.00,6423.00,0.00,0.00,67.00,1698574.57,0.00
6.19,0.00,0.00,895.00,6434.00,0.00,0.00,67.00,1686262.06,0.00
6.20,0.00,0.00,886.00,6443.00,0.00,0.00,67.00,1673661.35,0.00
6.21,0.00,0.00,878.00,6451.00,0.00,0.00,67.00,1660947.59,0.00
6.22,0.00,0.00,875.00,6454.00,0.00,0.00,67.00,1648881.69,0.00
6.22,0.00,0.00,872.00,6457.00,0.00,0.00,67.00,1637407.69,0.00
6.23,0.00,0.00,863.00,6466.00,0.00,0.00,67.00,1625573.04,0.00
6.24,0.00,0.00,859.00,6470.00,0.00,0.00,67.00,1614160.08,0.00
6.24,0.00,0.00,854.00,6475.00,0.00,0.00,67.00,1602982.12,0.00
6.25,0.00,0.00,846.00,6483.00,0.00,0.00,67.00,1591568.16,0.00
6.26,0.00,0.00,839.00,6490.00,0.00,0.00,67.00,1580088.85,0.00
6.26,0.00,0.00,833.00,6496.00,0.00,0.00,67.00,1568700.04,0.00
6.27,0.00,0.00,826.00,6503.00,0.00,0.00,67.00,1557243.69,0.00
6.28,0.00,0.00,817.00,6512.00,0.00,0.00,67.00,1545425.17,0.00
6.28,0.00,0.00,814.00,6515.00,0.00,0.00,67.00,1534177.17,0.00
6.29,0.00,0.00,807.00,6522.00,0.00,0.00,67.00,1522849.46,0.00
6.30,0.00,0.00,804.00,6525.00,0.00,0.00,67.00,1512049.85,0.00
6.31,0.00,0.00,797.00,6532.00,0.00,0.00,67.00,1501131.80,0.00
6.31,0.00,0.00,790.00,6539.00,0.00,0.00,67.00,1490105.52,0.00
6.32,0.00,0.00,786.00,6543.00,0.00,0.00,67.00,1479431.07,0.00
6.33,0.00,0.00,781.00,6548.00,0.00,0.00,67.00,1468927.82,0.00
6.33,0.00,0.00,777.00,6552.00,0.00,0.00,67.00,1458731.20,0.00
6.34,0.00,0.00,772.00,6557.00,0.00,0.00,67.00,1448664.49,0.00
6.35,0.00,0.00,768.00,6561.00,0.00,0.00,67.00,1438866.70,0.00
6.35,0.00,0.00,762.00,6567.00,0.00,0.00,67.00,1429014.12,0.00
6.36,0.00,0.00,756.00,6573.00,0.00,0.00,67.00,1419111.48,0.00
6.37,0.00,0.00,751.00,6578.00,0.00,0.00,67.00,1409313.36,0.00
6.38,0.00,0.00,746.00,6583.00,0.00,0.00,67.00,1399610.70,0.00
6.38,0.00,0.00,737.00,6592.00,0.00,0.00,67.00,1389394.35,0.00
6.39,0.00,0.00,731.00,6598.00,0.00,0.00,67.00,1379159.38,0.00
6.40,0.00,0.00,724.00,6605.00,0.00,0.00,67.00,1368757.17,0.00
6.40,0.00,0.00,717.00,6612.00,0.00,0.00,67.00,1358202.16,0.00
6.41,0.00,0.00,712.00,6617.00,0.00,0.00,67.00,1347808.03,0.00
6.42,0.00,0.00,708.00,6621.00,0.00,0.00,67.00,1337711.10,0.00
6.42,0.00,0.00,703.00,6626.00,0.00,0.00,67.00,1327735.47,0.00
6.43,0.00,0.00,692.00,6637.00,0.00,0.00,67.00,1316969.26,0.00
6.44,0.00,0.00,687.00,6642.00,0.00,0.00,67.00,1306382.18,0.00
6.44,0.00,0.00,682.00,6647.00,0.00,0.00,67.00,1295958.75,0.00
6.45,0.00,0.00,677.00,6652.00,0.00,0.00,67.00,1285684.82,0.00
6.46,0.00,0.00,665.00,6664.00,0.00,0.00,67.00,1274495.86,0.00
6.47,0.00,0.00,661.00,6668.00,0.00,0.00,67.00,1263672.79,0.00
6.47,0.00,0.00,656.00,6673.00,0.00,0.00,67.00,1253033.75,0.00
6.48,0.00,0.00,648.00,6681.00,0.00,0.00,67.00,1242112.16,0.00
6.49,0.00,0.00,642.00,6687.00,0.00,0.00,67.00,1231232.88,0.00
6.49,0.00,0.00,641.00,6688.00,0.00,0.00,67.00,1221143.42,0.00
6.50,0.00,0.00,635.00,6694.00,0.00,0.00,67.00,1211024.38,0.00
6.51,0.00,0.00,626.00,6703.00,0.00,0.00,67.00,1200427.62,0.00
6.51,0.00,0.00,620.00,6709.00,0.00,0.00,67.00,1189845.11,0.00
6.52,0.00,0.00,610.00,6719.00,0.00,0.00,67.00,1178674.69,0.00
6.53,0.00,0.00,605.00,6724.00,0.00,0.00,67.00,1167718.33,0.00
6.53,0.00,0.00,602.00,6727.00,0.00,0.00,67.00,1157257.99,0.00
6.54,0.00,0.00,597.00,6732.00,0.00,0.00,67.00,1146950.34,0.00
6.55,0.00,0.00,590.00,6739.00,0.00,0.00,67.00,1136481.73,0.00
6.56,0.00,0.00,587.00,6742.00,0.00,0.00,67.00,1126466.99,0.00
6.56,0.00,0.00,584.00,6745.00,0.00,0.00,67.00,1116866.90,0.00
6.57,0.00,0.00,579.00,6750.00,0.00,0.00,67.00,1107345.18,0.00
6.58,0.00,0.00,577.00,6752.00,0.00,0.00,67.00,1098345.74,0.00
6.58,0.00,0.00,575.00,6754.00,0.00,0.00,67.00,1089823.46,0.00
6.59,0.00,0.00,570.00,6759.00,0.00,0.00,67.00,1081286.42,0.00
6.60,0.00,0.00,569.00,6760.00,0.00,0.00,67.00,1073336.80,0.00
6.60,0.00,0.00,561.00,6768.00,0.00,0.00,67.00,1064872.24,0.00
6.61,0.00,0.00,555.00,6774.00,0.00,0.00,67.00,1056237.70,0.00
6.62,0.00,0.00,549.00,6780.00,0.00,0.00,67.00,1047447.85,0.00
6.62,0.00,0.00,546.00,6783.00,0.00,0.00,67.00,1038966.82,0.00
6.63,0.00,0.00,541.00,6788.00,0.00,0.00,67.00,1030467.46,0.00
6.64,0.00,0.00,535.00,6794.00,0.00,0.00,67.00,1021801.12,0.00
6.65,0.00,0.00,528.00,6801.00,0.00,0.00,67.00,1012832.00,0.00
6.65,0.00,0.00,522.00,6807.00,0.00,0.00,67.00,1003736.48,0.00
6.66,0.00,0.00,516.00,6813.00,0.00,0.00,67.00,994525.50,0.00
6.67,0.00,0.00,510.00,6819.00,0.00,0.00,67.00,985209.03,0.00
6.67,0.00,0.00,504.00,6825.00,0.00,0.00,67.00,975796.18,0.00
6.68,0.00,0.00,498.00,6831.00,0.00,0.00,67.00,966295.29,0.00
6.69,0.00,0.00,488.00,6841.00,0.00,0.00,67.00,956113.03,0.00
6.69,0.00,0.00,483.00,6846.00,0.00,0.00,67.00,946059.44,0.00
6.70,0.00,0.00,478.00,6851.00,0.00,0.00,67.00,936123.40,0.00
6.71,0.00,0.00,468.00,6861.00,0.00,0.00,67.00,925543.59,0.00
6.72,0.00,0.00,467.00,6862.00,0.00,0.00,67.00,915727.72,0.00
6.72,0.00,0.00,463.00,6866.00,0.00,0.00,67.00,906159.10,0.00
6.73,0.00,0.00,457.00,6872.00,0.00,0.00,67.00,896515.88,0.00
6.74,0.00,0.00,454.00,6875.00,0.00,0.00,67.00,887255.22,0.00
6.74,0.00,0.00,447.00,6882.00,0.00,0.00,67.00,877743.13,0.00
6.75,0.00,0.00,443.00,6886.00,0.00,0.00,67.00,868452.03,0.00
6.76,0.00,0.00,440.00,6889.00,0.00,0.00,67.00,859513.06,0.00
6.76,0.00,0.00,435.00,6894.00,0.00,0.00,67.00,850595.33,0.00
6.77,0.00,0.00,432.00,6897.00,0.00,0.00,67.00,841997.46,0.00
6.78,0.00,0.00,431.00,6898.00,0.00,0.00,67.00,833992.28,0.00
6.78,0.00,0.00,428.00,6901.00,0.00,0.00,67.00,826228.11,0.00
6.79,0.00,0.00,421.00,6908.00,0.00,0.00,67.00,818083.21,0.00
6.80,0.00,0.00,416.00,6913.00,0.00,0.00,67.00,809890.93,0.00
6.81,0.00,0.00,410.00,6919.00,0.00,0.00,67.00,801505.13,0.00
6.81,0.00,0.00,407.00,6922.00,0.00,0.00,67.00,793393.24,0.00
6.82,0.00,0.00,402.00,6927.00,0.00,0.00,67.00,785231.12,0.00
6.83,0.00,0.00,398.00,6931.00,0.00,0.00,67.00,777173.34,0.00
6.83,0.00,0.00,394.00,6935.00,0.00,0.00,67.00,769210.89,0.00
6.84,0.00,0.00,389.00,6940.00,0.00,0.00,67.00,761185.29,0.00
6.85,0.00,0.00,385.00,6944.00,0.00,0.00,67.00,753252.25,0.00
6.85,0.00,0.00,376.00,6953.00,0.00,0.00,67.00,744652.59,0.00
6.86,0.00,0.00,369.00,6960.00,0.00,0.00,67.00,735744.39,0.00
6.87,0.00,0.00,368.00,6961.00,0.00,0.00,67.00,727455.70,0.00
6.88,0.00,0.00,364.00,6965.00,0.00,0.00,67.00,719282.28,0.00
6.88,0.00,0.00,360.00,6969.00,0.00,0.00,67.00,711214.19,0.00
6.89,0.00,0.00,355.00,6974.00,0.00,0.00,67.00,703092.08,0.00
6.90,0.00,0.00,351.00,6978.00,0.00,0.00,67.00,695070.86,0.00
6.90,0.00,0.00,347.00,6982.00,0.00,0.00,67.00,687141.80,0.00
6.91,0.00,0.00,343.00,6986.00,0.00,0.00,67.00,679296.95,0.00
6.92,0.00,0.00,341.00,6988.00,0.00,0.00,67.00,671829.49,0.00
6.92,0.00,0.00,336.00,6993.00,0.00,0.00,67.00,664256.12,0.00
6.93,0.00,0.00,331.00,6998.00,0.00,0.00,67.00,656585.99,0.00
6.94,0.00,0.00,329.00,7000.00,0.00,0.00,67.00,649278.15,0.00
6.94,0.00,0.00,325.00,7004.00,0.00,0.00,67.00,642000.84,0.00
6.95,0.00,0.00,323.00,7006.00,0.00,0.00,67.00,635051.88,0.00
6.96,0.00,0.00,320.00,7009.00,0.00,0.00,67.00,628252.67,0.00
6.97,0.00,0.00,317.00,7012.00,0.00,0.00,67.00,621590.27,0.00
6.97,0.00,0.00,312.00,7017.00,0.00,0.00,67.00,614752.39,0.00
6.98,0.00,0.00,310.00,7019.00,0.00,0.00,67.00,608204.90,0.00
6.99,0.00,0.00,306.00,7023.00,0.00,0.00,67.00,601622.23,0.00
6.99,0.00,0.00,299.00,7030.00,0.00,0.00,67.00,594556.73,0.00
7.00,0.00,0.00,294.00,7035.00,0.00,0.00,67.00,587350.58,0.00
7.01,0.00,0.00,290.00,7039.00,0.00,0.00,67.00,580166.18,0.00
7.01,0.00,0.00,286.00,7043.00,0.00,0.00,67.00,573001.64,0.00
7.02,0.00,0.00,284.00,7045.00,0.00,0.00,67.00,566155.71,0.00
7.03,0.00,0.00,283.00,7046.00,0.00,0.00,67.00,559751.08,0.00
7.03,0.00,0.00,279.00,7050.00,0.00,0.00,67.00,553298.94,0.00
7.04,0.00,0.00,277.00,7052.00,0.00,0.00,67.00,547103.84,0.00
7.05,0.00,0.00,271.00,7058.00,0.00,0.00,67.00,540542.67,0.00
7.06,0.00,0.00,267.00,7062.00,0.00,0.00,67.00,533947.50,0.00
7.06,0.00,0.00,263.00,7066.00,0.00,0.00,67.00,527321.28,0.00
7.07,0.00,0.00,260.00,7069.00,0.00,0.00,67.00,520816.91,0.00
7.08,0.00,0.00,258.00,7071.00,0.00,0.00,67.00,514574.12,0.00
7.08,0.00,0.00,255.00,7074.00,0.00,0.00,67.00,508420.05,0.00
7.09,0.00,0.00,252.00,7077.00,0.00,0.00,67.00,502347.04,0.00
7.10,0.00,0.00,248.00,7081.00,0.00,0.00,67.00,496197.87,0.00
7.10,0.00,0.00,241.00,7088.00,0.00,0.00,67.00,489528.41,0.00
7.11,0.00,0.00,240.00,7089.00,0.00,0.00,67.00,483285.01,0.00
7.12,0.00,0.00,236.00,7093.00,0.00,0.00,67.00,476980.16,0.00
7.12,0.00,0.00,234.00,7095.00,0.00,0.00,67.00,470919.63,0.00
7.13,0.00,0.00,229.00,7100.00,0.00,0.00,67.00,464631.63,0.00
7.14,0.00,0.00,226.00,7103.00,0.00,0.00,67.00,458436.25,0.00
7.15,0.00,0.00,225.00,7104.00,0.00,0.00,67.00,452625.98,0.00
7.15,0.00,0.00,218.00,7111.00,0.00,0.00,67.00,446266.13,0.00
7.16,0.00,0.00,216.00,7113.00,0.00,0.00,67.00,440155.37,0.00
7.17,0.00,0.00,210.00,7119.00,0.00,0.00,67.00,433671.23,0.00
7.17,0.00,0.00,207.00,7122.00,0.00,0.00,67.00,427296.67,0.00
7.18,0.00,0.00,206.00,7123.00,0.00,0.00,67.00,421322.69,0.00
7.19,0.00,0.00,206.00,7123.00,0.00,0.00,67.00,415864.91,0.00
7.19,0.00,0.00,206.00,7123.00,0.00,0.00,67.00,410878.72,0.00
7.20,0.00,0.00,205.00,7124.00,0.00,0.00,67.00,406173.15,0.00
7.21,0.00,0.00,201.00,7128.00,0.00,0.00,67.00,401273.24,0.00
7.22,0.00,0.00,198.00,7131.00,0.00,0.00,67.00,396346.04,0.00
7.22,0.00,0.00,198.00,7131.00,0.00,0.00,67.00,391844.57,0.00
7.23,0.00,0.00,194.00,7135.00,0.00,0.00,67.00,387131.15,0.00
7.24,0.00,0.00,192.00,7137.00,0.00,0.00,67.00,382524.53,0.00
7.24,0.00,0.00,190.00,7139.00,0.00,0.00,67.00,378015.50,0.00
7.25,0.00,0.00,187.00,7142.00,0.00,0.00,67.00,373445.39,0.00
7.26,0.00,0.00,185.00,7144.00,0.00,0.00,67.00,368969.71,0.00
7.26,0.00,0.00,183.00,7146.00,0.00,0.00,67.00,364580.30,0.00
7.27,0.00,0.00,181.00,7148.00,0.00,0.00,67.00,360269.70,0.00
7.28,0.00,0.00,181.00,7148.00,0.00,0.00,67.00,356331.57,0.00
7.28,0.00,0.00,179.00,7150.00,0.00,0.00,67.00,352433.26,0.00
7.29,0.00,0.00,174.00,7155.00,0.00,0.00,67.00,348120.64,0.00
7.30,0.00,0.00,173.00,7156.00,0.00,0.00,67.00,344030.43,0.00
7.31,0.00,0.00,173.00,7156.00,0.00,0.00,67.00,340293.65,0.00
7.31,0.00,0.00,171.00,7158.00,0.00,0.00,67.00,336579.28,0.00
7.32,0.00,0.00,166.00,7163.00,0.00,0.00,67.00,332434.72,0.00
7.33,0.00,0.00,164.00,7165.00,0.00,0.00,67.00,328347.81,0.00
7.33,0.00,0.00,162.00,7167.00,0.00,0.00,67.00,324313.57,0.00
7.34,0.00,0.00,159.00,7170.00,0.00,0.00,67.00,320177.23,0.00
7.35,0.00,0.00,155.00,7174.00,0.00,0.00,67.00,315797.38,0.00
7.35,0.00,0.00,153.00,7176.00,0.00,0.00,67.00,311495.51,0.00
7.36,0.00,0.00,152.00,7177.00,0.00,0.00,67.00,307415.13,0.00
7.37,0.00,0.00,149.00,7180.00,0.00,0.00,67.00,303236.63,0.00
7.38,0.00,0.00,148.00,7181.00,0.00,0.00,67.00,299268.95,0.00
7.38,0.00,0.00,144.00,7185.00,0.00,0.00,67.00,295043.19,0.00
7.39,0.00,0.00,140.00,7189.00,0.00,0.00,67.00,290581.63,0.00
7.40,0.00,0.00,137.00,7192.00,0.00,0.00,67.00,286054.89,0.00
7.40,0.00,0.00,135.00,7194.00,0.00,0.00,67.00,281618.84,0.00
7.41,0.00,0.00,134.00,7195.00,0.00,0.00,67.00,277415.86,0.00
7.42,0.00,0.00,130.00,7199.00,0.00,0.00,67.00,272975.13,0.00
7.42,0.00,0.00,129.00,7200.00,0.00,0.00,67.00,268767.87,0.00
7.43,0.00,0.00,128.00,7201.00,0.00,0.00,67.00,264773.93,0.00
7.44,0.00,0.00,123.00,7206.00,0.00,0.00,67.00,260373.93,0.00
7.44,0.00,0.00,119.00,7210.00,0.00,0.00,67.00,255753.20,0.00
7.45,0.00,0.00,118.00,7211.00,0.00,0.00,67.00,251381.51,0.00
7.46,0.00,0.00,115.00,7214.00,0.00,0.00,67.00,246936.86,0.00
7.47,0.00,0.00,112.00,7217.00,0.00,0.00,67.00,242425.58,0.00
7.47,0.00,0.00,108.00,7221.00,0.00,0.00,67.00,237703.18,0.00
7.48,0.00,0.00,107.00,7222.00,0.00,0.00,67.00,233238.59,0.00
7.49,0.00,0.00,105.00,7224.00,0.00,0.00,67.00,228859.32,0.00
7.49,0.00,0.00,103.00,7226.00,0.00,0.00,67.00,224557.99,0.00
7.50,0.00,0.00,101.00,7228.00,0.00,0.00,67.00,220327.86,0.00
7.51,0.00,0.00,100.00,7229.00,0.00,0.00,67.00,216313.02,0.00
7.51,0.00,0.00,98.00,7231.00,0.00,0.00,67.00,212344.62,0.00
7.52,0.00,0.00,96.00,7233.00,0.00,0.00,67.00,208418.67,0.00
7.53,0.00,0.00,94.00,7235.00,0.00,0.00,67.00,204531.48,0.00
7.53,0.00,0.00,92.00,7237.00,0.00,0.00,67.00,200679.71,0.00
7.54,0.00,0.00,89.00,7240.00,0.00,0.00,67.00,196710.07,0.00
7.55,0.00,0.00,84.00,7245.00,0.00,0.00,67.00,192332.28,0.00
7.56,0.00,0.00,84.00,7245.00,0.00,0.00,67.00,188332.76,0.00
7.56,0.00,0.00,82.00,7247.00,0.00,0.00,67.00,184378.37,0.00
7.57,0.00,0.00,81.00,7248.00,0.00,0.00,67.00,180615.43,0.00
7.58,0.00,0.00,81.00,7248.00,0.00,0.00,67.00,177177.64,0.00
7.58,0.00,0.00,80.00,7249.00,0.00,0.00,67.00,173886.67,0.00
7.59,0.00,0.00,79.00,7250.00,0.00,0.00,67.00,170729.84,0.00
7.60,0.00,0.00,77.00,7252.00,0.00,0.00,67.00,167545.31,0.00
7.60,0.00,0.00,74.00,7255.00,0.00,0.00,67.00,164185.26,0.00
7.61,0.00,0.00,72.00,7257.00,0.00,0.00,67.00,160815.08,0.00
7.62,0.00,0.00,72.00,7257.00,0.00,0.00,67.00,157736.11,0.00
7.62,0.00,0.00,71.00,7258.00,0.00,0.00,67.00,154772.95,0.00
7.63,0.00,0.00,71.00,7258.00,0.00,0.00,67.00,152065.84,0.00
7.64,0.00,0.00,70.00,7259.00,0.00,0.00,67.00,149442.40,0.00
7.65,0.00,0.00,70.00,7259.00,0.00,0.00,67.00,147045.65,0.00
7.65,0.00,0.00,68.00,7261.00,0.00,0.00,67.00,144555.54,0.00
7.66,0.00,0.00,68.00,7261.00,0.00,0.00,67.00,142280.59,0.00
7.67,0.00,0.00,67.00,7262.00,0.00,0.00,67.00,140051.98,0.00
7.67,0.00,0.00,66.00,7263.00,0.00,0.00,67.00,137865.71,0.00
7.68,0.00,0.00,65.00,7264.00,0.00,0.00,67.00,135718.11,0.00
7.69,0.00,0.00,63.00,7266.00,0.00,0.00,67.00,133455.62,0.00
7.69,0.00,0.00,61.00,7268.00,0.00,0.00,67.00,131088.17,0.00
7.70,0.00,0.00,60.00,7269.00,0.00,0.00,67.00,128775.05,0.00
7.71,0.00,0.00,58.00,7271.00,0.00,0.00,67.00,126361.34,0.00
7.72,0.00,0.00,54.00,7275.00,0.00,0.00,67.00,123555.26,0.00
7.72,0.00,0.00,51.00,7278.00,0.00,0.00,67.00,120540.96,0.00
7.73,0.00,0.00,50.00,7279.00,0.00,0.00,67.00,117636.89,0.00
7.74,0.00,0.00,49.00,7280.00,0.00,0.00,67.00,114833.51,0.00
7.74,0.00,0.00,48.00,7281.00,0.00,0.00,67.00,112122.14,0.00
7.75,0.00,0.00,48.00,7281.00,0.00,0.00,67.00,109645.05,0.00
7.76,0.00,0.00,46.00,7283.00,0.00,0.00,67.00,107081.54,0.00
7.76,0.00,0.00,45.00,7284.00,0.00,0.00,67.00,104589.30,0.00
7.77,0.00,0.00,42.00,7287.00,0.00,0.00,67.00,101861.72,0.00
7.78,0.00,0.00,41.00,7288.00,0.00,0.00,67.00,99219.59,0.00
7.78,0.00,0.00,40.00,7289.00,0.00,0.00,67.00,96655.53,0.00
7.79,0.00,0.00,37.00,7292.00,0.00,0.00,67.00,93862.32,0.00
7.80,0.00,0.00,36.00,7293.00,0.00,0.00,67.00,91160.24,0.00
7.81,0.00,0.00,35.00,7294.00,0.00,0.00,67.00,88541.41,0.00
7.81,0.00,0.00,35.00,7294.00,0.00,0.00,67.00,86148.87,0.00
7.82,0.00,0.00,33.00,7296.00,0.00,0.00,67.00,83662.59,0.00
7.83,0.00,0.00,32.00,7297.00,0.00,0.00,67.00,81240.92,0.00
7.83,0.00,0.00,32.00,7297.00,0.00,0.00,67.00,79028.50,0.00
7.84,0.00,0.00,30.00,7299.00,0.00,0.00,67.00,76706.79,0.00
7.85,0.00,0.00,29.00,7300.00,0.00,0.00,67.00,74435.45,0.00
7.85,0.00,0.00,29.00,7300.00,0.00,0.00,67.00,72360.38,0.00
7.86,0.00,0.00,28.00,7301.00,0.00,0.00,67.00,70314.38,0.00
7.87,0.00,0.00,28.00,7301.00,0.00,0.00,67.00,68445.17,0.00
7.88,0.00,0.00,27.00,7302.00,0.00,0.00,67.00,66587.24,0.00
7.88,0.00,0.00,27.00,7302.00,0.00,0.00,67.00,64889.85,0.00
7.89,0.00,0.00,27.00,7302.00,0.00,0.00,67.00,63339.12,0.00
7.90,0.00,0.00,27.00,7302.00,0.00,0.00,67.00,61922.40,0.00
7.90,0.00,0.00,27.00,7302.00,0.00,0.00,67.00,60628.08,0.00
7.91,0.00,0.00,26.00,7303.00,0.00,0.00,67.00,59295.38,0.00
7.92,0.00,0.00,24.00,7305.00,0.00,0.00,67.00,57777.36,0.00
7.92,0.00,0.00,23.00,7306.00,0.00,0.00,67.00,56240.29,0.00
7.93,0.00,0.00,20.00,7309.00,0.00,0.00,67.00,54385.33,0.00
7.94,0.00,0.00,19.00,7310.00,0.00,0.00,67.00,52540.43,0.00
7.94,0.00,0.00,19.00,7310.00,0.00,0.00,67.00,50854.94,0.00
7.95,0.00,0.00,18.00,7311.00,0.00,0.00,67.00,49164.85,0.00
7.96,0.00,0.00,18.00,7311.00,0.00,0.00,67.00,47620.80,0.00
7.97,0.00,0.00,15.00,7314.00,0.00,0.00,67.00,45759.48,0.00
7.97,0.00,0.00,14.00,7315.00,0.00,0.00,67.00,43908.76,0.00
7.98,0.00,0.00,13.00,7316.00,0.00,0.00,67.00,42067.72,0.00
7.99,0.00,0.00,13.00,7316.00,0.00,0.00,67.00,40385.76,0.00
7.99,0.00,0.00,13.00,7316.00,0.00,0.00,67.00,38849.13,0.00
8.00,0.00,0.00,13.00,7316.00,0.00,0.00,67.00,37445.29,0.00
8.01,0.00,0.00,13.00,7316.00,0.00,0.00,67.00,36162.74,0.00
8.01,0.00,0.00,13.00,7316.00,0.00,0.00,67.00,34991.02,0.00
8.02,0.00,0.00,13.00,7316.00,0.00,0.00,67.00,33920.54,0.00
8.03,0.00,0.00,12.00,7317.00,0.00,0.00,67.00,32792.32,0.00
8.03,0.00,0.00,12.00,7317.00,0.00,0.00,67.00,31761.60,0.00
8.04,0.00,0.00,12.00,7317.00,0.00,0.00,67.00,30819.93,0.00
8.05,0.00,0.00,12.00,7317.00,0.00,0.00,67.00,29959.64,0.00
8.06,0.00,0.00,12.00,7317.00,0.00,0.00,67.00,29173.68,0.00
8.06,0.00,0.00,12.00,7317.00,0.00,0.00,67.00,28455.63,0.00
8.07,0.00,0.00,12.00,7317.00,0.00,0.00,67.00,27799.62,0.00
8.08,0.00,0.00,10.00,7319.00,0.00,0.00,67.00,26899.84,0.00
8.08,0.00,0.00,10.00,7319.00,0.00,0.00,67.00,26077.81,0.00
8.09,0.00,0.00,10.00,7319.00,0.00,0.00,67.00,25326.80,0.00
8.10,0.00,0.00,10.00,7319.00,0.00,0.00,67.00,24640.69,0.00
8.10,0.00,0.00,10.00,7319.00,0.00,0.00,67.00,24013.86,0.00
8.11,0.00,0.00,9.00,7320.00,0.00,0.00,67.00,23290.97,0.00
8.12,0.00,0.00,9.00,7320.00,0.00,0.00,67.00,22630.54,0.00
8.12,0.00,0.00,9.00,7320.00,0.00,0.00,67.00,22027.17,0.00
8.13,0.00,0.00,9.00,7320.00,0.00,0.00,67.00,21475.94,0.00
8.14,0.00,0.00,9.00,7320.00,0.00,0.00,67.00,20972.34,0.00
8.15,0.00,0.00,9.00,7320.00,0.00,0.00,67.00,20512.25,0.00
8.15,0.00,0.00,9.00,7320.00,0.00,0.00,67.00,20091.92,0.00
8.16,0.00,0.00,9.00,7320.00,0.00,0.00,67.00,19707.91,0.00
8.17,0.00,0.00,9.00,7320.00,0.00,0.00,67.00,19357.08,0.00
8.17,0.00,0.00,8.00,7321.00,0.00,0.00,67.00,18886.34,0.00
8.18,0.00,0.00,8.00,7321.00,0.00,0.00,67.00,18456.27,0.00
8.19,0.00,0.00,8.00,7321.00,0.00,0.00,67.00,18063.36,0.00
8.19,0.00,0.00,8.00,7321.00,0.00,0.00,67.00,17704.40,0.00
8.20,0.00,0.00,8.00,7321.00,0.00,0.00,67.00,17376.46,0.00
8.21,0.00,0.00,8.00,7321.00,0.00,0.00,67.00,17076.85,0.00
8.22,0.00,0.00,8.00,7321.00,0.00,0.00,67.00,16803.13,0.00
8.22,0.00,0.00,8.00,7321.00,0.00,0.00,67.00,16553.07,0.00
8.23,0.00,0.00,8.00,7321.00,0.00,0.00,67.00,16324.61,0.00
8.24,0.00,0.00,8.00,7321.00,0.00,0.00,67.00,16115.89,0.00
8.24,0.00,0.00,8.00,7321.00,0.00,0.00,67.00,15925.21,0.00
8.25,0.00,0.00,8.00,7321.00,0.00,0.00,67.00,15751.00,0.00
8.26,0.00,0.00,7.00,7322.00,0.00,0.00,67.00,15441.62,0.00
8.26,0.00,0.00,7.00,7322.00,0.00,0.00,67.00,15158.96,0.00
8.27,0.00,0.00,7.00,7322.00,0.00,0.00,67.00,14900.74,0.00
8.28,0.00,0.00,6.00,7323.00,0.00,0.00,67.00,14514.59,0.00
8.28,0.00,0.00,6.00,7323.00,0.00,0.00,67.00,14161.81,0.00
8.29,0.00,0.00,6.00,7323.00,0.00,0.00,67.00,13839.51,0.00
8.30,0.00,0.00,6.00,7323.00,0.00,0.00,67.00,13545.06,0.00
8.31,0.00,0.00,6.00,7323.00,0.00,0.00,67.00,13276.05,0.00
8.31,0.00,0.00,6.00,7323.00,0.00,0.00,67.00,13030.29,0.00
8.32,0.00,0.00,6.00,7323.00,0.00,0.00,67.00,12805.76,0.00
8.33,0.00,0.00,6.00,7323.00,0.00,0.00,67.00,12600.64,0.00
8.33,0.00,0.00,5.00,7324.00,0.00,0.00,67.00,12263.00,0.00
8.34,0.00,0.00,5.00,7324.00,0.00,0.00,67.00,11954.55,0.00
8.35,0.00,0.00,5.00,7324.00,0.00,0.00,67.00,11672.74,0.00
8.35,0.00,0.00,5.00,7324.00,0.00,0.00,67.00,11415.28,0.00
8.36,0.00,0.00,4.00,7325.00,0.00,0.00,67.00,11029.84,0.00
8.37,0.00,0.00,4.00,7325.00,0.00,0.00,67.00,10677.71,0.00
8.38,0.00,0.00,4.00,7325.00,0.00,0.00,67.00,10356.00,0.00
8.38,0.00,0.00,4.00,7325.00,0.00,0.00,67.00,10062.09,0.00
8.39,0.00,0.00,4.00,7325.00,0.00,0.00,67.00,9793.57,0.00
8.40,0.00,0.00,4.00,7325.00,0.00,0.00,67.00,9548.26,0.00
8.40,0.00,0.00,4.00,7325.00,0.00,0.00,67.00,9324.15,0.00
8.41,0.00,0.00,4.00,7325.00,0.00,0.00,67.00,9119.39,0.00
8.42,0.00,0.00,4.00,7325.00,0.00,0.00,67.00,8932.34,0.00
8.42,0.00,0.00,4.00,7325.00,0.00,0.00,67.00,8761.44,0.00
8.43,0.00,0.00,4.00,7325.00,0.00,0.00,67.00,8605.31,0.00
8.44,0.00,0.00,4.00,7325.00,0.00,0.00,67.00,8462.67,0.00
8.44,0.00,0.00,4.00,7325.00,0.00,0.00,67.00,8332.36,0.00
8.45,0.00,0.00,4.00,7325.00,0.00,0.00,67.00,8213.31,0.00
8.46,0.00,0.00,4.00,7325.00,0.00,0.00,67.00,8104.54,0.00
8.47,0.00,0.00,4.00,7325.00,0.00,0.00,67.00,8005.17,0.00
8.47,0.00,0.00,4.00,7325.00,0.00,0.00,67.00,7914.39,0.00
8.48,0.00,0.00,3.00,7326.00,0.00,0.00,67.00,7681.22,0.00
8.49,0.00,0.00,3.00,7326.00,0.00,0.00,67.00,7468.20,0.00
8.49,0.00,0.00,3.00,7326.00,0.00,0.00,67.00,7273.59,0.00
8.50,0.00,0.00,3.00,7326.00,0.00,0.00,67.00,7095.79,0.00
8.51,0.00,0.00,3.00,7326.00,0.00,0.00,67.00,6933.35,0.00
8.51,0.00,0.00,3.00,7326.00,0.00,0.00,67.00,6784.95,0.00
8.52,0.00,0.00,3.00,7326.00,0.00,0.00,67.00,6649.38,0.00
8.53,0.00,0.00,3.00,7326.00,0.00,0.00,67.00,6525.51,0.00
8.53,0.00,0.00,3.00,7326.00,0.00,0.00,67.00,6412.36,0.00
8.54,0.00,0.00,3.00,7326.00,0.00,0.00,67.00,6308.97,0.00
8.55,0.00,0.00,3.00,7326.00,0.00,0.00,67.00,6214.53,0.00
8.56,0.00,0.00,3.00,7326.00,0.00,0.00,67.00,6128.24,0.00
8.56,0.00,0.00,2.00,7327.00,0.00,0.00,67.00,5899.17,0.00
8.57,0.00,0.00,2.00,7327.00,0.00,0.00,67.00,5689.90,0.00
8.58,0.00,0.00,2.00,7327.00,0.00,0.00,67.00,5498.72,0.00
8.58,0.00,0.00,2.00,7327.00,0.00,0.00,67.00,5324.05,0.00
8.59,0.00,0.00,2.00,7327.00,0.00,0.00,67.00,5164.47,0.00
8.60,0.00,0.00,2.00,7327.00,0.00,0.00,67.00,5018.69,0.00
8.60,0.00,0.00,2.00,7327.00,0.00,0.00,67.00,4885.50,0.00
8.61,0.00,0.00,2.00,7327.00,0.00,0.00,67.00,4763.82,0.00
8.62,0.00,0.00,2.00,7327.00,0.00,0.00,67.00,4652.65,0.00
8.62,0.00,0.00,2.00,7327.00,0.00,0.00,67.00,4551.09,0.00
8.63,0.00,0.00,2.00,7327.00,0.00,0.00,67.00,4458.30,0.00
8.64,0.00,0.00,2.00,7327.00,0.00,0.00,67.00,4373.54,0.00
8.65,0.00,0.00,2.00,7327.00,0.00,0.00,67.00,4296.09,0.00
8.65,0.00,0.00,2.00,7327.00,0.00,0.00,67.00,4225.34,0.00
8.66,0.00,0.00,2.00,7327.00,0.00,0.00,67.00,4160.70,0.00
8.67,0.00,0.00,2.00,7327.00,0.00,0.00,67.00,4101.65,0.00
8.67,0.00,0.00,2.00,7327.00,0.00,0.00,67.00,4047.70,0.00
8.68,0.00,0.00,2.00,7327.00,0.00,0.00,67.00,3998.41,0.00
8.69,0.00,0.00,2.00,7327.00,0.00,0.00,67.00,3953.38,0.00
8.69,0.00,0.00,2.00,7327.00,0.00,0.00,67.00,3912.24,0.00
8.70,0.00,0.00,2.00,7327.00,0.00,0.00,67.00,3874.66,0.00
8.71,0.00,0.00,2.00,7327.00,0.00,0.00,67.00,3840.32,0.00
8.72,0.00,0.00,2.00,7327.00,0.00,0.00,67.00,3808.95,0.00
8.72,0.00,0.00,2.00,7327.00,0.00,0.00,67.00,3780.29,0.00
8.73,0.00,0.00,2.00,7327.00,0.00,0.00,67.00,3754.11,0.00
8.74,0.00,0.00,2.00,7327.00,0.00,0.00,67.00,3730.19,0.00
8.74,0.00,0.00,2.00,7327.00,0.00,0.00,67.00,3708.33,0.00
8.75,0.00,0.00,2.00,7327.00,0.00,0.00,67.00,3688.37,0.00
8.76,0.00,0.00,2.00,7327.00,0.00,0.00,67.00,3670.13,0.00
8.76,0.00,0.00,2.00,7327.00,0.00,0.00,67.00,3653.46,0.00
8.77,0.00,0.00,2.00,7327.00,0.00,0.00,67.00,3638.24,0.00
8.78,0.00,0.00,2.00,7327.00,0.00,0.00,67.00,3624.33,0.00
8.78,0.00,0.00,2.00,7327.00,0.00,0.00,67.00,3611.63,0.00
8.79,0.00,0.00,2.00,7327.00,0.00,0.00,67.00,3600.02,0.00
8.80,0.00,0.00,2.00,7327.00,0.00,0.00,67.00,3589.41,0.00
8.81,0.00,0.00,2.00,7327.00,0.00,0.00,67.00,3579.72,0.00
8.81,0.00,0.00,2.00,7327.00,0.00,0.00,67.00,3570.87,0.00
8.82,0.00,0.00,2.00,7327.00,0.00,0.00,67.00,3562.78,0.00
8.83,0.00,0.00,2.00,7327.00,0.00,0.00,67.00,3555.39,0.00
8.83,0.00,0.00,2.00,7327.00,0.00,0.00,67.00,3548.64,0.00
8.84,0.00,0.00,2.00,7327.00,0.00,0.00,67.00,3542.48,0.00
8.85,0.00,0.00,2.00,7327.00,0.00,0.00,67.00,3536.84,0.00
8.85,0.00,0.00,2.00,7327.00,0.00,0.00,67.00,3531.70,0.00
8.86,0.00,0.00,2.00,7327.00,0.00,0.00,67.00,3526.99,0.00
8.87,0.00,0.00,2.00,7327.00,0.00,0.00,67.00,3522.70,0.00
8.88,0.00,0.00,2.00,7327.00,0.00,0.00,67.00,3518.77,0.00
8.88,0.00,0.00,2.00,7327.00,0.00,0.00,67.00,3515.19,0.00
8.89,0.00,0.00,2.00,7327.00,0.00,0.00,67.00,3511.91,0.00
8.90,0.00,0.00,2.00,7327.00,0.00,0.00,67.00,3508.92,0.00
8.90,0.00,0.00,2.00,7327.00,0.00,0.00,67.00,3506.18,0.00
8.91,0.00,0.00,2.00,7327.00,0.00,0.00,67.00,3503.69,0.00
8.92,0.00,0.00,2.00,7327.00,0.00,0.00,67.00,3501.40,0.00
8.92,0.00,0.00,2.00,7327.00,0.00,0.00,67.00,3499.32,0.00
8.93,0.00,0.00,2.00,7327.00,0.00,0.00,67.00,3497.41,0.00
8.94,0.00,0.00,2.00,7327.00,0.00,0.00,67.00,3495.67,0.00
8.94,0.00,0.00,2.00,7327.00,0.00,0.00,67.00,3494.08,0.00
8.95,0.00,0.00,2.00,7327.00,0.00,0.00,67.00,3492.63,0.00
8.96,0.00,0.00,2.00,7327.00,0.00,0.00,67.00,3491.31,0.00
8.97,0.00,0.00,2.00,7327.00,0.00,0.00,67.00,3490.09,0.00
8.97,0.00,0.00,2.00,7327.00,0.00,0.00,67.00,3488.99,0.00
8.98,0.00,0.00,2.00,7327.00,0.00,0.00,67.00,3487.97,0.00
8.99,0.00,0.00,2.00,7327.00,0.00,0.00,67.00,3487.05,0.00
8.99,0.00,0.00,2.00,7327.00,0.00,0.00,67.00,3486.20,0.00
9.00,0.00,0.00,2.00,7327.00,0.00,0.00,67.00,3485.43,0.00
9.01,0.00,0.00,2.00,7327.00,0.00,0.00,67.00,3484.73,0.00
9.01,0.00,0.00,2.00,7327.00,0.00,0.00,67.00,3484.08,0.00
9.02,0.00,0.00,2.00,7327.00,0.00,0.00,67.00,3483.50,0.00
9.03,0.00,0.00,2.00,7327.00,0.00,0.00,67.00,3482.96,0.00
9.03,0.00,0.00,2.00,7327.00,0.00,0.00,67.00,3482.47,0.00
9.04,0.00,0.00,2.00,7327.00,0.00,0.00,67.00,3482.02,0.00
9.05,0.00,0.00,2.00,7327.00,0.00,0.00,67.00,3481.61,0.00
9.06,0.00,0.00,2.00,7327.00,0.00,0.00,67.00,3481.23,0.00
9.06,0.00,0.00,2.00,7327.00,0.00,0.00,67.00,3480.89,0.00
9.07,0.00,0.00,2.00,7327.00,0.00,0.00,67.00,3480.58,0.00
9.08,0.00,0.00,2.00,7327.00,0.00,0.00,67.00,3480.29,0.00
9.08,0.00,0.00,2.00,7327.00,0.00,0.00,67.00,3480.03,0.00
9.09,0.00,0.00,2.00,7327.00,0.00,0.00,67.00,3479.80,0.00
9.10,0.00,0.00,2.00,7327.00,0.00,0.00,67.00,3479.58,0.00
9.10,0.00,0.00,2.00,7327.00,0.00,0.00,67.00,3479.38,0.00
9.11,0.00,0.00,2.00,7327.00,0.00,0.00,67.00,3479.20,0.00
9.12,0.00,0.00,2.00,7327.00,0.00,0.00,67.00,3479.03,0.00
9.12,0.00,0.00,2.00,7327.00,0.00,0.00,67.00,3478.88,0.00
9.13,0.00,0.00,2.00,7327.00,0.00,0.00,67.00,3478.74,0.00
9.14,0.00,0.00,2.00,7327.00,0.00,0.00,67.00,3478.61,0.00
9.15,0.00,0.00,1.00,7328.00,0.00,0.00,67.00,3328.27,0.00
9.15,0.00,0.00,1.00,7328.00,0.00,0.00,67.00,3190.91,0.00
9.16,0.00,0.00,1.00,7328.00,0.00,0.00,67.00,3065.42,0.00
9.17,0.00,0.00,1.00,7328.00,0.00,0.00,67.00,2950.78,0.00
9.17,0.00,0.00,1.00,7328.00,0.00,0.00,67.00,2846.04,0.00
9.18,0.00,0.00,1.00,7328.00,0.00,0.00,67.00,2750.35,0.00
9.19,0.00,0.00,1.00,7328.00,0.00,0.00,67.00,2662.93,0.00
9.19,0.00,0.00,1.00,7328.00,0.00,0.00,67.00,2583.07,0.00
9.20,0.00,0.00,1.00,7328.00,0.00,0.00,67.00,2510.10,0.00
9.21,0.00,0.00,1.00,7328.00,0.00,0.00,67.00,2443.44,0.00
9.22,0.00,0.00,1.00,7328.00,0.00,0.00,67.00,2382.54,0.00
9.22,0.00,0.00,1.00,7328.00,0.00,0.00,67.00,2326.90,0.00
9.23,0.00,0.00,1.00,7328.00,0.00,0.00,67.00,2276.07,0.00
9.24,0.00,0.00,1.00,7328.00,0.00,0.00,67.00,2229.63,0.00
9.24,0.00,0.00,1.00,7328.00,0.00,0.00,67.00,2187.21,0.00
9.25,0.00,0.00,1.00,7328.00,0.00,0.00,67.00,2148.45,0.00
9.26,0.00,0.00,1.00,7328.00,0.00,0.00,67.00,2113.04,0.00
9.26,0.00,0.00,1.00,7328.00,0.00,0.00,67.00,2080.69,0.00
9.27,0.00,0.00,0.00,7329.00,0.00,0.00,67.00,1900.90,0.00
9.28,0.00,0.00,0.00,7329.00,0.00,0.00,67.00,1736.65,0.00
9.28,0.00,0.00,0.00,7329.00,0.00,0.00,67.00,1586.59,0.00
9.29,0.00,0.00,0.00,7329.00,0.00,0.00,67.00,1449.50,0.00
9.30,0.00,0.00,0.00,7329.00,0.00,0.00,67.00,1324.25,0.00
9.31,0.00,0.00,0.00,7329.00,0.00,0.00,67.00,1209.82,0.00
9.31,0.00,0.00,0.00,7329.00,0.00,0.00,67.00,1105.29,0.00
9.32,0.00,0.00,0.00,7329.00,0.00,0.00,67.00,1009.78,0.00
9.33,0.00,0.00,0.00,7329.00,0.00,0.00,67.00,922.53,0.00
9.33,0.00,0.00,0.00,7329.00,0.00,0.00,67.00,842.81,0.00
9.34,0.00,0.00,0.00,7329.00,0.00,0.00,67.00,769.99,0.00
9.35,0.00,0.00,0.00,7329.00,0.00,0.00,67.00,703.46,0.00
9.35,0.00,0.00,0.00,7329.00,0.00,0.00,67.00,642.67,0.00
9.36,0.00,0.00,0.00,7329.00,0.00,0.00,67.00,587.14,0.00
9.37,0.00,0.00,0.00,7329.00,0.00,0.00,67.00,536.41,0.00
9.38,0.00,0.00,0.00,7329.00,0.00,0.00,67.00,490.06,0.00
9.38,0.00,0.00,0.00,7329.00,0.00,0.00,67.00,447.71,0.00
9.39,0.00,0.00,0.00,7329.00,0.00,0.00,67.00,409.03,0.00
9.40,0.00,0.00,0.00,7329.00,0.00,0.00,67.00,373.68,0.00
9.40,0.00,0.00,0.00,7329.00,0.00,0.00,67.00,341.40,0.00
9.41,0.00,0.00,0.00,7329.00,0.00,0.00,67.00,311.90,0.00
9.42,0.00,0.00,0.00,7329.00,0.00,0.00,67.00,284.95,0.00
9.42,0.00,0.00,0.00,7329.00,0.00,0.00,67.00,260.32,0.00
9.43,0.00,0.00,0.00,7329.00,0.00,0.00,67.00,237.83,0.00
9.44,0.00,0.00,0.00,7329.00,0.00,0.00,67.00,217.28,0.00
9.44,0.00,0.00,0.00,7329.00,0.00,0.00,67.00,198.51,0.00
9.45,0.00,0.00,0.00,7329.00,0.00,0.00,67.00,181.35,0.00
9.46,0.00,0.00,0.00,7329.00,0.00,0.00,67.00,165.68,0.00
9.47,0.00,0.00,0.00,7329.00,0.00,0.00,67.00,151.37,0.00
9.47,0.00,0.00,0.00,7329.00,0.00,0.00,67.00,138.29,0.00
9.48,0.00,0.00,0.00,7329.00,0.00,0.00,67.00,126.34,0.00
9.49,0.00,0.00,0.00,7329.00,0.00,0.00,67.00,115.42,0.00
9.49,0.00,0.00,0.00,7329.00,0.00,0.00,67.00,105.45,0.00
9.50,0.00,0.00,0.00,7329.00,0.00,0.00,67.00,96.34,0.00
9.51,0.00,0.00,0.00,7329.00,0.00,0.00,67.00,88.01,0.00
9.51,0.00,0.00,0.00,7329.00,0.00,0.00,67.00,80.41,0.00
9.52,0.00,0.00,0.00,7329.00,0.00,0.00,67.00,73.46,0.00
9.53,0.00,0.00,0.00,7329.00,0.00,0.00,67.00,67.11,0.00
9.53,0.00,0.00,0.00,7329.00,0.00,0.00,67.00,61.31,0.00
9.54,0.00,0.00,0.00,7329.00,0.00,0.00,67.00,56.02,0.00
9.55,0.00,0.00,0.00,7329.00,0.00,0.00,67.00,51.18,0.00
9.56,0.00,0.00,0.00,7329.00,0.00,0.00,67.00,46.75,0.00
9.56,0.00,0.00,0.00,7329.00,0.00,0.00,67.00,42.71,0.00
9.57,0.00,0.00,0.00,7329.00,0.00,0.00,67.00,39.02,0.00
9.58,0.00,0.00,0.00,7329.00,0.00,0.00,67.00,35.65,0.00
9.58,0.00,0.00,0.00,7329.00,0.00,0.00,67.00,32.57,0.00
9.59,0.00,0.00,0.00,7329.00,0.00,0.00,67.00,29.76,0.00
9.60,0.00,0.00,0.00,7329.00,0.00,0.00,67.00,27.18,0.00
9.60,0.00,0.00,0.00,7329.00,0.00,0.00,67.00,24.84,0.00
9.61,0.00,0.00,0.00,7329.00,0.00,0.00,67.00,22.69,0.00
9.62,0.00,0.00,0.00,7329.00,0.00,0.00,67.00,20.73,0.00
9.62,0.00,0.00,0.00,7329.00,0.00,0.00,67.00,18.94,0.00
9.63,0.00,0.00,0.00,7329.00,0.00,0.00,67.00,17.30,0.00
9.64,0.00,0.00,0.00,7329.00,0.00,0.00,67.00,15.81,0.00
9.65,0.00,0.00,0.00,7329.00,0.00,0.00,67.00,14.44,0.00
9.65,0.00,0.00,0.00,7329.00,0.00,0.00,67.00,13.19,0.00
9.66,0.00,0.00,0.00,7329.00,0.00,0.00,67.00,12.05,0.00
9.67,0.00,0.00,0.00,7329.00,0.00,0.00,67.00,11.01,0.00
9.67,0.00,0.00,0.00,7329.00,0.00,0.00,67.00,10.06,0.00
9.68,0.00,0.00,0.00,7329.00,0.00,0.00,67.00,9.19,0.00
9.69,0.00,0.00,0.00,7329.00,0.00,0.00,67.00,8.40,0.00
9.69,0.00,0.00,0.00,7329.00,0.00,0.00,67.00,7.67,0.00
9.70,0.00,0.00,0.00,7329.00,0.00,0.00,67.00,7.01,0.00
9.71,0.00,0.00,0.00,7329.00,0.00,0.00,67.00,6.40,0.00
9.72,0.00,0.00,0.00,7329.00,0.00,0.00,67.00,5.85,0.00
9.72,0.00,0.00,0.00,7329.00,0.00,0.00,67.00,5.34,0.00
9.73,0.00,0.00,0.00,7329.00,0.00,0.00,67.00,4.88,0.00
9.74,0.00,0.00,0.00,7329.00,0.00,0.00,67.00,4.46,0.00
9.74,0.00,0.00,0.00,7329.00,0.00,0.00,67.00,4.08,0.00
9.75,0.00,0.00,0.00,7329.00,0.00,0.00,67.00,3.72,0.00
9.76,0.00,0.00,0.00,7329.00,0.00,0.00,67.00,3.40,0.00
9.76,0.00,0.00,0.00,7329.00,0.00,0.00,67.00,3.11,0.00
9.77,0.00,0.00,0.00,7329.00,0.00,0.00,67.00,2.84,0.00
9.78,0.00,0.00,0.00,7329.00,0.00,0.00,67.00,2.59,0.00
9.78,0.00,0.00,0.00,7329.00,0.00,0.00,67.00,2.37,0.00
9.79,0.00,0.00,0.00,7329.00,0.00,0.00,67.00,2.16,0.00
9.80,0.00,0.00,0.00,7329.00,0.00,0.00,67.00,1.98,0.00
9.81,0.00,0.00,0.00,7329.00,0.00,0.00,67.00,1.81,0.00
9.81,0.00,0.00,0.00,7329.00,0.00,0.00,67.00,1.65,0.00
9.82,0.00,0.00,0.00,7329.00,0.00,0.00,67.00,1.51,0.00
9.83,0.00,0.00,0.00,7329.00,0.00,0.00,67.00,1.38,0.00
9.83,0.00,0.00,0.00,7329.00,0.00,0.00,67.00,1.26,0.00
9.84,0.00,0.00,0.00,7329.00,0.00,0.00,67.00,1.15,0.00
9.85,0.00,0.00,0.00,7329.00,0.00,0.00,67.00,1.05,0.00
9.85,0.00,0.00,0.00,7329.00,0.00,0.00,67.00,0.96,0.00
9.86,0.00,0.00,0.00,7329.00,0.00,0.00,67.00,0.88,0.00
9.87,0.00,0.00,0.00,7329.00,0.00,0.00,67.00,0.80,0.00
9.88,0.00,0.00,0.00,7329.00,0.00,0.00,67.00,0.73,0.00
9.88,0.00,0.00,0.00,7329.00,0.00,0.00,67.00,0.67,0.00
9.89,0.00,0.00,0.00,7329.00,0.00,0.00,67.00,0.61,0.00
9.90,0.00,0.00,0.00,7329.00,0.00,0.00,67.00,0.56,0.00
9.90,0.00,0.00,0.00,7329.00,0.00,0.00,67.00,0.51,0.00
9.91,0.00,0.00,0.00,7329.00,0.00,0.00,67.00,0.47,0.00
9.92,0.00,0.00,0.00,7329.00,0.00,0.00,67.00,0.43,0.00
9.92,0.00,0.00,0.00,7329.00,0.00,0.00,67.00,0.39,0.00
9.93,0.00,0.00,0.00,7329.00,0.00,0.00,67.00,0.36,0.00
9.94,0.00,0.00,0.00,7329.00,0.00,0.00,67.00,0.32,0.00
9.94,0.00,0.00,0.00,7329.00,0.00,0.00,67.00,0.30,0.00
9.95,0.00,0.00,0.00,7329.00,0.00,0.00,67.00,0.27,0.00
9.96,0.00,0.00,0.00,7329.00,0.00,0.00,67.00,0.25,0.00
9.97,0.00,0.00,0.00,7329.00,0.00,0.00,67.00,0.23,0.00
9.97,0.00,0.00,0.00,7329.00,0.00,0.00,67.00,0.21,0.00
9.98,0.00,0.00,0.00,7329.00,0.00,0.00,67.00,0.19,0.00
9.99,0.00,0.00,0.00,7329.00,0.00,0.00,67.00,0.17,0.00
9.99,0.00,0.00,0.00,7329.00,0.00,0.00,67.00,0.16,0.00
