Time,U,AI1,AI2,AD,BI2,BI2,BD,VA,VB
0.00,7393.00,2.00,0.00,0.00,1.00,0.00,0.00,75.00,75.00
0.01,7392.00,2.00,0.00,0.00,2.00,0.00,0.00,68.23,68.47
0.01,7387.00,3.00,1.00,0.00,5.00,0.00,0.00,62.22,62.51
0.02,7385.00,3.00,1.00,0.00,7.00,0.00,0.00,56.75,57.06
0.03,7383.00,4.00,1.00,0.00,7.00,1.00,0.00,51.78,67.12
0.03,7383.00,4.00,1.00,0.00,7.00,1.00,0.00,47.26,76.30
0.04,7382.00,3.00,2.00,0.00,8.00,1.00,0.00,43.29,84.68
0.05,7380.00,4.00,1.00,1.00,9.00,1.00,0.00,39.53,92.33
0.06,7378.00,5.00,1.00,1.00,9.00,2.00,0.00,36.11,114.33
0.06,7378.00,5.00,1.00,1.00,9.00,2.00,0.00,33.00,134.42
0.07,7375.00,3.00,3.00,1.00,12.00,2.00,0.00,30.47,152.77
0.08,7374.00,3.00,3.00,1.00,12.00,3.00,0.00,28.17,184.53
0.08,7373.00,4.00,3.00,1.00,11.00,4.00,0.00,26.08,228.56
0.09,7369.00,4.00,4.00,1.00,14.00,4.00,0.00,24.33,268.75
0.10,7364.00,4.00,4.00,1.00,19.00,4.00,0.00,22.73,305.44
0.10,7360.00,6.00,4.00,1.00,20.00,5.00,0.00,21.28,353.96
0.11,7359.00,6.00,4.00,1.00,21.00,5.00,0.00,19.96,398.25
0.12,7352.00,6.00,4.00,1.00,28.00,5.00,0.00,18.76,438.69
0.12,7351.00,6.00,3.00,2.00,29.00,5.00,0.00,17.52,475.61
0.13,7350.00,6.00,3.00,2.00,29.00,6.00,0.00,16.39,524.33
0.14,7348.00,5.00,4.00,2.00,31.00,6.00,0.00,15.51,568.81
0.15,7346.00,5.00,4.00,2.00,33.00,6.00,0.00,14.71,609.42
0.15,7344.00,5.00,4.00,2.00,32.00,9.00,0.00,13.98,691.56
0.16,7343.00,5.00,4.00,2.00,32.00,10.00,0.00,13.32,781.58
0.17,7342.00,5.00,4.00,2.00,33.00,10.00,0.00,12.72,863.75
0.17,7339.00,4.00,5.00,2.00,36.00,10.00,0.00,12.32,938.77
0.18,7336.00,4.00,5.00,2.00,38.00,11.00,0.00,11.96,1022.28
0.19,7330.00,4.00,4.00,3.00,42.00,13.00,0.00,11.48,1128.57
0.19,7323.00,4.00,4.00,3.00,48.00,14.00,0.00,11.05,1240.62
0.20,7317.00,3.00,5.00,3.00,51.00,17.00,0.00,10.80,1387.98
0.21,7310.00,3.00,5.00,3.00,57.00,17.00,1.00,10.58,1522.52
0.22,7306.00,3.00,5.00,3.00,58.00,20.00,1.00,10.37,1690.40
0.22,7299.00,3.00,5.00,3.00,63.00,20.00,3.00,10.19,1843.67
0.23,7295.00,3.00,5.00,3.00,64.00,21.00,5.00,10.02,1998.62
0.24,7291.00,3.00,5.00,3.00,66.00,22.00,6.00,9.87,2155.10
0.24,7284.00,3.00,5.00,3.00,66.00,29.00,6.00,9.73,2403.11
0.25,7278.00,3.00,5.00,3.00,70.00,31.00,6.00,9.60,2659.57
0.26,7270.00,2.00,6.00,3.00,77.00,32.00,6.00,9.63,2908.73
0.26,7262.00,4.00,6.00,3.00,82.00,31.00,8.00,9.67,3121.17
0.27,7257.00,3.00,7.00,3.00,86.00,31.00,9.00,9.84,3315.10
0.28,7249.00,3.00,7.00,3.00,91.00,34.00,9.00,10.01,3537.22
0.28,7242.00,3.00,7.00,3.00,94.00,38.00,9.00,10.16,3800.10
0.29,7231.00,3.00,7.00,3.00,102.00,39.00,11.00,10.29,4055.10
0.30,7217.00,3.00,7.00,3.00,112.00,43.00,11.00,10.41,4347.99
0.31,7203.00,3.00,7.00,3.00,120.00,47.00,13.00,10.52,4675.47
0.31,7186.00,3.00,6.00,4.00,133.00,48.00,16.00,10.48,4989.46
0.32,7180.00,3.00,6.00,4.00,135.00,52.00,16.00,10.43,5336.20
0.33,7175.00,3.00,6.00,4.00,138.00,54.00,16.00,10.39,5682.80
0.33,7162.00,3.00,6.00,4.00,144.00,60.00,17.00,10.35,6089.35
0.34,7148.00,3.00,6.00,4.00,152.00,63.00,20.00,10.32,6505.57
0.35,7137.00,3.00,6.00,4.00,157.00,68.00,21.00,10.29,6960.66
0.35,7127.00,3.00,6.00,4.00,164.00,68.00,24.00,10.26,7376.13
0.36,7113.00,3.00,5.00,5.00,176.00,68.00,26.00,10.09,7755.42
0.37,7102.00,3.00,5.00,5.00,182.00,71.00,28.00,9.93,8146.75
0.38,7089.00,2.00,6.00,5.00,190.00,73.00,31.00,9.93,8534.05
0.38,7081.00,2.00,6.00,5.00,192.00,77.00,33.00,9.94,8947.72
0.39,7066.00,2.00,6.00,5.00,202.00,80.00,35.00,9.94,9370.44
0.40,7050.00,2.00,5.00,6.00,213.00,85.00,35.00,9.80,9831.46
0.40,7034.00,2.00,5.00,6.00,222.00,90.00,37.00,9.66,10327.46
0.41,7009.00,2.00,4.00,7.00,240.00,96.00,38.00,9.39,10870.41
0.42,6998.00,2.00,4.00,7.00,243.00,99.00,43.00,9.14,11411.15
0.42,6982.00,2.00,4.00,7.00,250.00,103.00,48.00,8.92,11964.89
0.43,6969.00,2.00,4.00,7.00,256.00,109.00,49.00,8.72,12560.56
0.44,6953.00,2.00,4.00,7.00,262.00,118.00,50.00,8.53,13239.56
0.44,6935.00,2.00,4.00,7.00,278.00,118.00,52.00,8.36,13859.44
0.45,6912.00,2.00,4.00,7.00,291.00,125.00,55.00,8.21,14530.51
0.46,6893.00,2.00,4.00,7.00,302.00,130.00,58.00,8.07,15218.26
0.47,6871.00,2.00,4.00,7.00,312.00,140.00,60.00,7.94,15996.35
0.47,6856.00,2.00,4.00,7.00,321.00,145.00,61.00,7.82,16781.80
0.48,6835.00,2.00,3.00,8.00,333.00,150.00,65.00,7.57,17573.98
0.49,6808.00,3.00,3.00,8.00,350.00,158.00,66.00,7.34,18417.36
0.49,6791.00,4.00,3.00,8.00,358.00,164.00,68.00,7.12,19277.44
0.50,6769.00,4.00,3.00,8.00,374.00,166.00,72.00,6.93,20092.68
0.51,6745.00,4.00,3.00,8.00,387.00,175.00,74.00,6.76,20972.14
0.51,6717.00,4.00,3.00,8.00,406.00,184.00,74.00,6.60,21910.22
0.52,6701.00,4.00,3.00,8.00,414.00,189.00,77.00,6.45,22841.74
0.53,6671.00,4.00,3.00,8.00,427.00,204.00,79.00,6.32,23917.49
0.53,6648.00,4.00,3.00,8.00,435.00,218.00,80.00,6.20,25109.89
0.54,6622.00,4.00,3.00,8.00,447.00,226.00,86.00,6.09,26318.65
0.55,6594.00,4.00,2.00,9.00,457.00,241.00,89.00,5.84,27647.50
0.56,6568.00,4.00,2.00,9.00,474.00,245.00,94.00,5.62,28920.73
0.56,6542.00,4.00,2.00,9.00,488.00,251.00,100.00,5.41,30173.23
0.57,6510.00,3.00,3.00,9.00,508.00,260.00,103.00,5.37,31451.88
0.58,6474.00,2.00,3.00,10.00,523.00,279.00,105.00,5.34,32904.63
0.58,6441.00,2.00,3.00,10.00,539.00,293.00,108.00,5.31,34441.20
0.59,6408.00,1.00,4.00,10.00,564.00,298.00,111.00,5.43,35919.09
0.60,6376.00,1.00,3.00,11.00,579.00,311.00,115.00,5.39,37463.59
0.60,6354.00,1.00,3.00,11.00,581.00,325.00,121.00,5.35,39083.93
0.61,6323.00,1.00,3.00,11.00,590.00,345.00,123.00,5.32,40863.63
0.62,6286.00,2.00,3.00,11.00,612.00,358.00,124.00,5.29,42683.67
0.62,6246.00,2.00,3.00,11.00,634.00,373.00,127.00,5.26,44570.57
0.63,6217.00,2.00,3.00,11.00,646.00,387.00,130.00,5.24,46503.50
0.64,6185.00,2.00,3.00,11.00,657.00,405.00,133.00,5.22,48538.52
0.65,6151.00,2.00,3.00,11.00,668.00,424.00,137.00,5.20,50681.79
0.65,6112.00,2.00,3.00,11.00,687.00,437.00,144.00,5.18,52833.73
0.66,6083.00,2.00,3.00,11.00,696.00,452.00,149.00,5.16,55023.63
0.67,6045.00,2.00,2.00,12.00,721.00,458.00,156.00,5.00,57112.98
0.67,6010.00,2.00,2.00,12.00,733.00,478.00,159.00,4.85,59320.86
0.68,5976.00,2.00,2.00,12.00,748.00,491.00,165.00,4.71,61531.80
0.69,5939.00,2.00,2.00,12.00,761.00,510.00,170.00,4.58,63835.65
0.69,5906.00,2.00,2.00,12.00,779.00,519.00,176.00,4.47,66074.09
0.70,5878.00,2.00,2.00,12.00,774.00,546.00,182.00,4.37,68523.25
0.71,5845.00,2.00,2.00,12.00,789.00,559.00,187.00,4.27,70954.45
0.72,5791.00,2.00,2.00,12.00,821.00,576.00,192.00,4.19,73429.34
0.72,5748.00,2.00,2.00,12.00,839.00,597.00,196.00,4.11,76004.21
0.73,5712.00,2.00,2.00,12.00,854.00,613.00,201.00,4.04,78595.24
0.74,5666.00,2.00,2.00,12.00,867.00,641.00,206.00,3.98,81381.31
0.74,5619.00,2.00,2.00,12.00,886.00,659.00,216.00,3.92,84195.19
0.75,5563.00,2.00,1.00,13.00,912.00,684.00,221.00,3.71,87139.62
0.76,5513.00,2.00,1.00,13.00,928.00,715.00,224.00,3.53,90293.39
0.76,5478.00,2.00,1.00,13.00,934.00,735.00,233.00,3.36,93473.00
0.77,5424.00,2.00,1.00,13.00,954.00,762.00,240.00,3.21,96781.36
0.78,5386.00,2.00,1.00,13.00,963.00,785.00,246.00,3.07,100147.18
0.78,5335.00,2.00,1.00,13.00,990.00,807.00,248.00,2.94,103550.43
0.79,5281.00,2.00,1.00,13.00,1024.00,818.00,257.00,2.83,106822.58
0.80,5242.00,2.00,1.00,13.00,1045.00,829.00,264.00,2.72,109975.07
0.81,5196.00,2.00,1.00,13.00,1076.00,834.00,274.00,2.63,112928.17
0.81,5147.00,2.00,1.00,13.00,1101.00,850.00,282.00,2.54,115864.49
0.82,5085.00,2.00,0.00,14.00,1138.00,871.00,286.00,2.31,118860.61
0.83,5039.00,2.00,0.00,14.00,1157.00,889.00,295.00,2.10,121866.26
0.83,4990.00,2.00,0.00,14.00,1182.00,905.00,303.00,1.91,124850.56
0.84,4943.00,2.00,0.00,14.00,1190.00,940.00,307.00,1.74,128100.81
0.85,4894.00,2.00,0.00,14.00,1208.00,963.00,315.00,1.58,131413.57
0.85,4856.00,2.00,0.00,14.00,1206.00,996.00,322.00,1.44,134933.63
0.86,4805.00,2.00,0.00,14.00,1215.00,1029.00,331.00,1.31,138642.95
0.87,4752.00,1.00,1.00,14.00,1230.00,1060.00,338.00,1.34,142494.98
0.88,4701.00,1.00,1.00,14.00,1246.00,1094.00,339.00,1.37,146522.39
0.88,4640.00,1.00,1.00,14.00,1276.00,1121.00,343.00,1.40,150604.73
0.89,4581.00,1.00,1.00,14.00,1305.00,1146.00,348.00,1.42,154707.17
0.90,4528.00,1.00,1.00,14.00,1322.00,1178.00,352.00,1.44,158933.12
0.90,4469.00,1.00,1.00,14.00,1339.00,1214.00,358.00,1.46,163331.93
0.91,4413.00,1.00,1.00,14.00,1363.00,1240.00,364.00,1.48,167738.32
0.92,4361.00,1.00,1.00,14.00,1381.00,1268.00,370.00,1.50,172181.65
0.92,4311.00,1.00,1.00,14.00,1385.00,1307.00,377.00,1.51,176823.99
0.93,4264.00,1.00,1.00,14.00,1389.00,1344.00,383.00,1.53,181617.94
0.94,4217.00,1.00,1.00,14.00,1394.00,1377.00,392.00,1.54,186490.22
0.94,4168.00,1.00,1.00,14.00,1407.00,1403.00,402.00,1.55,191328.83
0.95,4109.00,1.00,1.00,14.00,1423.00,1439.00,409.00,1.56,196286.96
0.96,4062.00,1.00,1.00,14.00,1424.00,1475.00,419.00,1.57,201354.18
0.97,3999.00,1.00,1.00,14.00,1437.00,1519.00,425.00,1.58,206641.19
0.97,3934.00,1.00,1.00,14.00,1466.00,1543.00,437.00,1.59,211828.38
0.98,3880.00,1.00,1.00,14.00,1470.00,1583.00,447.00,1.59,217164.81
0.99,3826.00,1.00,1.00,14.00,1477.00,1625.00,452.00,1.60,222667.55
0.99,3778.00,1.00,1.00,14.00,1490.00,1655.00,457.00,1.61,228141.81
1.00,3715.00,1.00,1.00,14.00,1516.00,1689.00,460.00,1.61,233650.19
1.01,3674.00,0.00,2.00,14.00,1503.00,1732.00,471.00,1.77,239324.92
1.01,3636.00,0.00,2.00,14.00,1504.00,1760.00,480.00,1.91,244926.16
1.02,3593.00,0.00,2.00,14.00,1508.00,1788.00,491.00,2.04,250460.31
1.03,3541.00,0.00,2.00,14.00,1512.00,1828.00,499.00,2.15,256113.49
1.03,3486.00,1.00,2.00,14.00,1531.00,1860.00,502.00,2.26,261755.16
1.04,3434.00,1.00,2.00,14.00,1539.00,1898.00,508.00,2.35,267476.46
1.05,3389.00,1.00,2.00,14.00,1551.00,1927.00,512.00,2.44,273135.23
1.06,3338.00,1.00,2.00,14.00,1555.00,1968.00,518.00,2.52,278917.21
1.06,3286.00,1.00,2.00,14.00,1567.00,2001.00,525.00,2.60,284691.49
1.07,3247.00,1.00,2.00,14.00,1565.00,2041.00,526.00,2.66,290563.88
1.08,3210.00,1.00,2.00,14.00,1557.00,2081.00,531.00,2.72,296525.86
1.08,3155.00,1.00,2.00,14.00,1574.00,2111.00,539.00,2.78,302419.38
1.09,3115.00,1.00,2.00,14.00,1557.00,2159.00,548.00,2.83,308520.83
1.10,3070.00,1.00,2.00,14.00,1555.00,2198.00,556.00,2.87,314676.90
1.10,3020.00,1.00,2.00,14.00,1559.00,2235.00,565.00,2.91,320852.77
1.11,2968.00,1.00,2.00,14.00,1559.00,2280.00,572.00,2.95,327166.91
1.12,2919.00,1.00,2.00,14.00,1571.00,2306.00,583.00,2.98,333321.84
1.12,2878.00,1.00,2.00,14.00,1569.00,2341.00,591.00,3.02,339466.64
1.13,2833.00,1.00,2.00,14.00,1571.00,2377.00,598.00,3.04,345617.20
1.14,2779.00,1.00,2.00,14.00,1584.00,2412.00,604.00,3.07,351758.01
1.15,2731.00,1.00,2.00,14.00,1579.00,2458.00,611.00,3.09,358055.16
1.15,2689.00,1.00,2.00,14.00,1575.00,2496.00,619.00,3.11,364374.86
1.16,2647.00,1.00,2.00,14.00,1563.00,2543.00,626.00,3.13,370850.35
1.17,2608.00,1.00,2.00,14.00,1562.00,2574.00,635.00,3.15,377227.70
1.17,2570.00,1.00,2.00,14.00,1544.00,2623.00,642.00,3.17,383785.87
1.18,2524.00,1.00,2.00,14.00,1537.00,2668.00,650.00,3.18,390449.02
1.19,2484.00,1.00,2.00,14.00,1529.00,2708.00,658.00,3.19,397132.90
1.19,2448.00,1.00,2.00,14.00,1515.00,2752.00,664.00,3.21,403895.78
1.20,2407.00,1.00,2.00,14.00,1503.00,2799.00,670.00,3.22,410775.87
1.21,2364.00,1.00,2.00,14.00,1499.00,2836.00,680.00,3.23,417612.72
1.22,2313.00,1.00,2.00,14.00,1506.00,2868.00,692.00,3.24,424334.99
1.22,2278.00,1.00,2.00,14.00,1503.00,2896.00,702.00,3.25,430892.56
1.23,2238.00,1.00,2.00,14.00,1515.00,2917.00,709.00,3.25,437194.60
1.24,2203.00,1.00,2.00,14.00,1507.00,2953.00,716.00,3.26,443488.72
1.24,2159.00,1.00,2.00,14.00,1514.00,2985.00,721.00,3.27,449715.51
1.25,2116.00,1.00,2.00,14.00,1522.00,3014.00,727.00,3.27,455835.77
1.26,2075.00,1.00,2.00,14.00,1531.00,3035.00,738.00,3.28,461738.59
1.26,2033.00,1.00,2.00,14.00,1529.00,3064.00,753.00,3.28,467563.08
1.27,1992.00,1.00,2.00,14.00,1538.00,3092.00,757.00,3.29,473301.05
1.28,1949.00,1.00,2.00,14.00,1537.00,3126.00,767.00,3.29,479050.16
1.28,1905.00,1.00,2.00,14.00,1536.00,3162.00,776.00,3.29,484839.50
1.29,1856.00,1.00,2.00,14.00,1534.00,3204.00,785.00,3.30,490755.69
1.30,1813.00,1.00,2.00,14.00,1535.00,3241.00,790.00,3.30,496712.59
1.31,1770.00,1.00,2.00,14.00,1538.00,3271.00,800.00,3.30,502601.47
1.31,1738.00,1.00,1.00,15.00,1528.00,3306.00,807.00,3.15,508503.38
1.32,1712.00,1.00,1.00,15.00,1508.00,3348.00,811.00,3.02,514522.35
1.33,1677.00,1.00,1.00,15.00,1502.00,3384.00,816.00,2.90,520558.04
1.33,1651.00,1.00,1.00,15.00,1489.00,3417.00,822.00,2.79,526563.93
1.34,1617.00,1.00,1.00,15.00,1472.00,3458.00,832.00,2.68,532662.81
1.35,1587.00,1.00,1.00,15.00,1449.00,3505.00,838.00,2.59,538936.70
1.35,1545.00,1.00,1.00,15.00,1458.00,3533.00,843.00,2.51,545084.93
1.36,1514.00,1.00,1.00,15.00,1451.00,3562.00,852.00,2.43,551133.47
1.37,1485.00,1.00,1.00,15.00,1421.00,3614.00,859.00,2.36,557436.53
1.38,1442.00,1.00,1.00,15.00,1425.00,3642.00,870.00,2.30,563611.39
1.38,1395.00,1.00,1.00,15.00,1439.00,3671.00,874.00,2.24,569684.24
1.39,1367.00,1.00,1.00,15.00,1435.00,3698.00,879.00,2.19,575633.92
1.40,1332.00,1.00,1.00,15.00,1433.00,3728.00,886.00,2.14,581516.21
1.40,1294.00,1.00,0.00,16.00,1435.00,3756.00,894.00,1.95,587306.95
1.41,1262.00,1.00,0.00,16.00,1429.00,3791.00,897.00,1.77,593119.26
1.42,1230.00,1.00,0.00,16.00,1419.00,3829.00,901.00,1.61,598996.34
1.42,1193.00,1.00,0.00,16.00,1414.00,3862.00,910.00,1.47,604857.43
1.43,1161.00,1.00,0.00,16.00,1411.00,3885.00,922.00,1.34,610553.68
1.44,1130.00,1.00,0.00,16.00,1401.00,3918.00,930.00,1.21,616249.70
1.44,1101.00,1.00,0.00,16.00,1387.00,3958.00,933.00,1.10,622050.65
1.45,1068.00,1.00,0.00,16.00,1388.00,3984.00,939.00,1.01,627737.08
1.46,1038.00,1.00,0.00,16.00,1378.00,4021.00,942.00,0.91,633484.22
1.47,1012.00,1.00,0.00,16.00,1368.00,4052.00,947.00,0.83,639196.63
1.47,975.00,1.00,0.00,16.00,1361.00,4086.00,957.00,0.76,644922.42
1.48,956.00,1.00,0.00,16.00,1344.00,4114.00,965.00,0.69,650570.27
1.49,926.00,1.00,0.00,16.00,1334.00,4146.00,973.00,0.63,656207.07
1.49,907.00,1.00,0.00,16.00,1325.00,4165.00,982.00,0.57,661638.48
1.50,883.00,1.00,0.00,16.00,1323.00,4181.00,992.00,0.52,666837.32
1.51,856.00,1.00,0.00,16.00,1317.00,4203.00,1003.00,0.47,671913.97
1.51,837.00,1.00,0.00,16.00,1296.00,4233.00,1013.00,0.43,676999.26
1.52,817.00,1.00,0.00,16.00,1283.00,4260.00,1019.00,0.39,682047.36
1.53,799.00,1.00,0.00,16.00,1274.00,4280.00,1026.00,0.35,686956.36
1.53,783.00,1.00,0.00,16.00,1253.00,4313.00,1030.00,0.32,691933.67
1.54,764.00,1.00,0.00,16.00,1231.00,4346.00,1038.00,0.29,696973.34
1.55,754.00,1.00,0.00,16.00,1203.00,4374.00,1048.00,0.27,701994.82
1.56,736.00,1.00,0.00,16.00,1188.00,4397.00,1058.00,0.24,706924.58
1.56,718.00,1.00,0.00,16.00,1173.00,4424.00,1064.00,0.22,711830.70
1.57,699.00,1.00,0.00,16.00,1154.00,4454.00,1072.00,0.20,716760.31
1.58,680.00,1.00,0.00,16.00,1137.00,4480.00,1082.00,0.18,721651.27
1.58,664.00,1.00,0.00,16.00,1126.00,4500.00,1089.00,0.17,726416.80
1.59,643.00,1.00,0.00,16.00,1107.00,4536.00,1093.00,0.15,731308.21
1.60,628.00,1.00,0.00,16.00,1090.00,4563.00,1098.00,0.14,736179.32
1.60,605.00,1.00,0.00,16.00,1083.00,4590.00,1101.00,0.13,741031.89
1.61,592.00,1.00,0.00,16.00,1069.00,4610.00,1108.00,0.11,745762.38
1.62,575.00,1.00,0.00,16.00,1063.00,4628.00,1113.00,0.10,750351.38
1.62,560.00,1.00,0.00,16.00,1049.00,4649.00,1121.00,0.09,754856.27
1.63,543.00,1.00,0.00,16.00,1039.00,4661.00,1136.00,0.09,759149.17
1.64,532.00,1.00,0.00,16.00,1008.00,4698.00,1141.00,0.08,763624.12
1.65,519.00,1.00,0.00,16.00,992.00,4718.00,1150.00,0.07,768009.87
1.65,502.00,1.00,0.00,16.00,982.00,4737.00,1158.00,0.06,772299.16
1.66,483.00,1.00,0.00,16.00,975.00,4755.00,1166.00,0.06,776485.38
1.67,467.00,1.00,0.00,16.00,968.00,4773.00,1171.00,0.05,780577.49
1.67,451.00,1.00,0.00,16.00,954.00,4793.00,1181.00,0.05,784613.74
1.68,438.00,1.00,0.00,16.00,942.00,4812.00,1187.00,0.04,788583.97
1.69,415.00,1.00,0.00,16.00,936.00,4836.00,1192.00,0.04,792569.04
1.69,403.00,1.00,0.00,16.00,918.00,4857.00,1201.00,0.04,796522.60
1.70,393.00,1.00,0.00,16.00,897.00,4881.00,1208.00,0.03,800492.45
1.71,382.00,1.00,0.00,16.00,884.00,4893.00,1220.00,0.03,804296.90
1.72,368.00,1.00,0.00,16.00,869.00,4920.00,1222.00,0.03,808175.69
1.72,355.00,1.00,0.00,16.00,861.00,4935.00,1228.00,0.03,811942.09
1.73,340.00,1.00,0.00,16.00,847.00,4956.00,1236.00,0.02,815696.00
1.74,333.00,1.00,0.00,16.00,828.00,4968.00,1250.00,0.02,819303.32
1.74,326.00,1.00,0.00,16.00,812.00,4983.00,1258.00,0.02,822821.87
1.75,313.00,1.00,0.00,16.00,805.00,4999.00,1262.00,0.02,826274.42
1.76,306.00,1.00,0.00,16.00,789.00,5017.00,1267.00,0.02,829696.74
1.76,293.00,1.00,0.00,16.00,773.00,5040.00,1273.00,0.01,833166.60
1.77,284.00,1.00,0.00,16.00,756.00,5060.00,1279.00,0.01,836634.77
1.78,278.00,1.00,0.00,16.00,739.00,5074.00,1288.00,0.01,840011.27
1.78,267.00,1.00,0.00,16.00,731.00,5085.00,1296.00,0.01,843259.02
1.79,255.00,1.00,0.00,16.00,733.00,5084.00,1307.00,0.01,846208.94
1.80,244.00,1.00,0.00,16.00,722.00,5098.00,1315.00,0.01,849112.32
1.81,234.00,1.00,0.00,16.00,711.00,5107.00,1327.00,0.01,851898.09
1.81,218.00,1.00,0.00,16.00,697.00,5127.00,1337.00,0.01,854741.76
1.82,211.00,1.00,0.00,16.00,673.00,5152.00,1343.00,0.01,857713.38
1.83,203.00,1.00,0.00,16.00,655.00,5174.00,1347.00,0.01,860756.75
1.83,194.00,1.00,0.00,16.00,639.00,5196.00,1350.00,0.01,863865.64
1.84,181.00,1.00,0.00,16.00,633.00,5205.00,1360.00,0.01,866839.01
1.85,171.00,1.00,0.00,16.00,624.00,5215.00,1369.00,0.00,869703.71
1.85,163.00,1.00,0.00,16.00,611.00,5228.00,1377.00,0.00,872514.27
1.86,154.00,1.00,0.00,16.00,600.00,5236.00,1389.00,0.00,875200.28
1.87,143.00,1.00,0.00,16.00,592.00,5252.00,1392.00,0.00,877892.77
1.88,132.00,1.00,0.00,16.00,593.00,5255.00,1399.00,0.00,880395.87
1.88,126.00,1.00,0.00,16.00,581.00,5266.00,1406.00,0.00,882846.28
1.89,122.00,0.00,1.00,16.00,565.00,5279.00,1413.00,0.15,885278.61
1.90,115.00,0.00,1.00,16.00,553.00,5289.00,1422.00,0.29,887649.37
1.90,108.00,0.00,1.00,16.00,550.00,5287.00,1434.00,0.41,889783.65
1.91,104.00,0.00,1.00,16.00,544.00,5285.00,1446.00,0.53,891702.05
1.92,100.00,0.00,1.00,16.00,532.00,5293.00,1454.00,0.63,893573.57
1.92,96.00,0.00,1.00,16.00,525.00,5296.00,1462.00,0.72,895327.21
1.93,88.00,0.00,1.00,16.00,523.00,5298.00,1470.00,0.81,896958.19
1.94,84.00,0.00,1.00,16.00,514.00,5304.00,1477.00,0.88,898537.29
1.94,80.00,0.00,1.00,16.00,508.00,5306.00,1485.00,0.96,900008.93
1.95,75.00,0.00,1.00,16.00,502.00,5308.00,1494.00,1.02,901382.48
1.96,70.00,0.00,1.00,16.00,483.00,5329.00,1497.00,1.08,902951.91
1.97,68.00,0.00,1.00,16.00,470.00,5337.00,1504.00,1.13,904504.86
1.97,63.00,0.00,1.00,16.00,461.00,5341.00,1514.00,1.18,905982.68
1.98,58.00,0.00,1.00,16.00,452.00,5340.00,1529.00,1.22,907316.80
1.99,55.00,0.00,1.00,16.00,441.00,5348.00,1535.00,1.26,908654.93
1.99,51.00,0.00,1.00,16.00,435.00,5352.00,1541.00,1.30,909936.63
2.00,48.00,0.00,1.00,16.00,419.00,5367.00,1545.00,1.33,911332.08
2.01,45.00,0.00,1.00,16.00,407.00,5374.00,1553.00,1.36,912711.18
2.01,42.00,0.00,1.00,16.00,399.00,5378.00,1560.00,1.39,914030.28
2.02,38.00,0.00,1.00,16.00,390.00,5382.00,1569.00,1.41,915294.61
2.03,34.00,0.00,1.00,16.00,385.00,5383.00,1577.00,1.44,916463.88
2.03,33.00,0.00,1.00,16.00,372.00,5394.00,1580.00,1.46,917696.58
2.04,32.00,0.00,1.00,16.00,358.00,5402.00,1587.00,1.48,918942.13
2.05,29.00,0.00,1.00,16.00,348.00,5411.00,1591.00,1.49,920214.43
2.06,28.00,0.00,1.00,16.00,338.00,5409.00,1604.00,1.51,921345.89
2.06,27.00,0.00,1.00,16.00,328.00,5411.00,1613.00,1.52,922408.88
2.07,25.00,0.00,0.00,17.00,321.00,5407.00,1626.00,1.38,923319.22
2.08,22.00,0.00,0.00,17.00,316.00,5402.00,1639.00,1.26,924075.17
2.08,19.00,0.00,0.00,17.00,306.00,5410.00,1644.00,1.15,924885.48
2.09,17.00,0.00,0.00,17.00,299.00,5415.00,1648.00,1.04,925700.35
2.10,14.00,0.00,0.00,17.00,296.00,5414.00,1655.00,0.95,926429.24
2.10,12.00,0.00,0.00,17.00,287.00,5412.00,1668.00,0.86,927064.62
2.11,9.00,0.00,0.00,17.00,277.00,5415.00,1678.00,0.78,927689.73
2.12,7.00,0.00,0.00,17.00,276.00,5406.00,1690.00,0.71,928125.21
2.12,6.00,0.00,0.00,17.00,269.00,5406.00,1698.00,0.65,928522.77
2.13,3.00,0.00,0.00,17.00,265.00,5405.00,1706.00,0.59,928870.68
2.14,3.00,0.00,0.00,17.00,261.00,5401.00,1714.00,0.54,929128.21
2.15,3.00,0.00,0.00,17.00,255.00,5397.00,1724.00,0.49,929303.22
2.15,3.00,0.00,0.00,17.00,246.00,5400.00,1730.00,0.44,929508.07
2.16,2.00,0.00,0.00,17.00,239.00,5404.00,1734.00,0.40,929755.16
2.17,2.00,0.00,0.00,17.00,233.00,5403.00,1741.00,0.37,929965.72
2.17,2.00,0.00,0.00,17.00,225.00,5404.00,1748.00,0.33,930172.97
2.18,1.00,0.00,0.00,17.00,220.00,5404.00,1754.00,0.30,930362.17
2.19,1.00,0.00,0.00,17.00,214.00,5402.00,1762.00,0.28,930504.85
2.19,0.00,0.00,0.00,17.00,205.00,5402.00,1772.00,0.25,930635.10
2.20,0.00,0.00,0.00,17.00,198.00,5405.00,1776.00,0.23,930799.09
2.21,0.00,0.00,0.00,17.00,189.00,5408.00,1782.00,0.21,930993.86
2.22,0.00,0.00,0.00,17.00,184.00,5402.00,1793.00,0.19,931081.53
2.22,0.00,0.00,0.00,17.00,178.00,5402.00,1799.00,0.17,931161.57
2.23,0.00,0.00,0.00,17.00,165.00,5405.00,1809.00,0.16,931279.71
2.24,0.00,0.00,0.00,17.00,161.00,5402.00,1816.00,0.14,931342.50
2.24,0.00,0.00,0.00,17.00,160.00,5393.00,1826.00,0.13,931264.60
2.25,0.00,0.00,0.00,17.00,156.00,5386.00,1837.00,0.12,931088.33
2.26,0.00,0.00,0.00,17.00,152.00,5381.00,1846.00,0.11,930852.30
2.26,0.00,0.00,0.00,17.00,149.00,5379.00,1851.00,0.10,930606.76
2.27,0.00,0.00,0.00,17.00,148.00,5376.00,1855.00,0.09,930337.54
2.28,0.00,0.00,0.00,17.00,145.00,5368.00,1866.00,0.08,929971.58
2.28,0.00,0.00,0.00,17.00,143.00,5350.00,1886.00,0.07,929367.07
2.29,0.00,0.00,0.00,17.00,140.00,5349.00,1890.00,0.07,928800.17
2.30,0.00,0.00,0.00,17.00,135.00,5339.00,1905.00,0.06,928132.41
2.31,0.00,0.00,0.00,17.00,130.00,5336.00,1913.00,0.06,927477.72
2.31,0.00,0.00,0.00,17.00,129.00,5324.00,1926.00,0.05,926699.76
2.32,0.00,0.00,0.00,17.00,126.00,5311.00,1942.00,0.05,925794.24
2.33,0.00,0.00,0.00,17.00,123.00,5310.00,1946.00,0.04,924952.55
2.33,0.00,0.00,0.00,17.00,122.00,5300.00,1957.00,0.04,924033.92
2.34,0.00,0.00,0.00,17.00,117.00,5301.00,1961.00,0.03,923210.30
2.35,0.00,0.00,0.00,17.00,115.00,5290.00,1974.00,0.03,922293.14
2.35,0.00,0.00,0.00,17.00,112.00,5288.00,1979.00,0.03,921425.80
2.36,0.00,0.00,0.00,17.00,106.00,5285.00,1988.00,0.03,920588.92
2.37,0.00,0.00,0.00,17.00,105.00,5279.00,1995.00,0.02,919734.77
2.38,0.00,0.00,0.00,17.00,99.00,5274.00,2006.00,0.02,918879.88
2.38,0.00,0.00,0.00,17.00,97.00,5269.00,2013.00,0.02,918024.31
2.39,0.00,0.00,0.00,17.00,92.00,5271.00,2016.00,0.02,917273.29
2.40,0.00,0.00,0.00,17.00,90.00,5263.00,2026.00,0.02,916467.49
2.40,0.00,0.00,0.00,17.00,88.00,5257.00,2034.00,0.01,915641.70
2.41,0.00,0.00,0.00,17.00,84.00,5251.00,2044.00,0.01,914797.69
2.42,0.00,0.00,0.00,17.00,83.00,5242.00,2054.00,0.01,913891.96
2.42,0.00,0.00,0.00,17.00,79.00,5241.00,2059.00,0.01,913050.08
2.43,0.00,0.00,0.00,17.00,76.00,5234.00,2069.00,0.01,912176.34
2.44,0.00,0.00,0.00,17.00,75.00,5227.00,2077.00,0.01,911273.52
2.44,0.00,0.00,0.00,17.00,72.00,5217.00,2090.00,0.01,910299.08
2.45,0.00,0.00,0.00,17.00,68.00,5210.00,2101.00,0.01,909304.33
2.46,0.00,0.00,0.00,17.00,68.00,5205.00,2106.00,0.01,908321.09
2.47,0.00,0.00,0.00,17.00,64.00,5200.00,2115.00,0.01,907348.35
2.47,0.00,0.00,0.00,17.00,63.00,5193.00,2123.00,0.01,906355.14
2.48,0.00,0.00,0.00,17.00,59.00,5192.00,2128.00,0.01,905433.40
2.49,0.00,0.00,0.00,17.00,58.00,5185.00,2136.00,0.00,904486.76
2.49,0.00,0.00,0.00,17.00,57.00,5180.00,2142.00,0.00,903547.43
2.50,0.00,0.00,0.00,17.00,55.00,5177.00,2147.00,0.00,902644.83
2.51,0.00,0.00,0.00,17.00,55.00,5170.00,2154.00,0.00,901715.66
2.51,0.00,0.00,0.00,17.00,55.00,5164.00,2160.00,0.00,900777.25
2.52,0.00,0.00,0.00,17.00,54.00,5158.00,2167.00,0.00,899830.42
2.53,0.00,0.00,0.00,17.00,53.00,5152.00,2174.00,0.00,898875.91
2.53,0.00,0.00,0.00,17.00,52.00,5144.00,2183.00,0.00,897884.32
2.54,0.00,0.00,0.00,17.00,50.00,5135.00,2194.00,0.00,896843.86
2.55,0.00,0.00,0.00,17.00,49.00,5131.00,2199.00,0.00,895833.91
2.56,0.00,0.00,0.00,17.00,49.00,5121.00,2209.00,0.00,894761.68
2.56,0.00,0.00,0.00,17.00,47.00,5118.00,2214.00,0.00,893737.73
2.57,0.00,0.00,0.00,17.00,46.00,5109.00,2224.00,0.00,892667.75
2.58,0.00,0.00,0.00,17.00,44.00,5099.00,2236.00,0.00,891540.70
2.58,0.00,0.00,0.00,17.00,44.00,5087.00,2248.00,0.00,890331.51
2.59,0.00,0.00,0.00,17.00,42.00,5085.00,2252.00,0.00,889197.57
2.60,0.00,0.00,0.00,17.00,41.00,5083.00,2255.00,0.00,888132.32
2.60,0.00,0.00,0.00,17.00,40.00,5076.00,2263.00,0.00,887054.66
2.61,0.00,0.00,0.00,17.00,40.00,5068.00,2271.00,0.00,885950.66
2.62,0.00,0.00,0.00,17.00,40.00,5060.00,2279.00,0.00,884822.61
2.62,0.00,0.00,0.00,17.00,39.00,5052.00,2288.00,0.00,883672.59
2.63,0.00,0.00,0.00,17.00,38.00,5043.00,2298.00,0.00,882487.51
2.64,0.00,0.00,0.00,17.00,38.00,5036.00,2305.00,0.00,881300.46
2.65,0.00,0.00,0.00,17.00,36.00,5030.00,2313.00,0.00,880126.63
2.65,0.00,0.00,0.00,17.00,34.00,5025.00,2320.00,0.00,878979.90
2.66,0.00,0.00,0.00,17.00,34.00,5016.00,2329.00,0.00,877797.82
2.67,0.00,0.00,0.00,17.00,34.00,5010.00,2335.00,0.00,876628.52
2.67,0.00,0.00,0.00,17.00,33.00,5000.00,2346.00,0.00,875410.81
2.68,0.00,0.00,0.00,17.00,33.00,4995.00,2351.00,0.00,874224.03
2.69,0.00,0.00,0.00,17.00,33.00,4990.00,2356.00,0.00,873065.46
2.69,0.00,0.00,0.00,17.00,32.00,4984.00,2363.00,0.00,871917.64
2.70,0.00,0.00,0.00,17.00,31.00,4975.00,2373.00,0.00,870734.56
2.71,0.00,0.00,0.00,17.00,31.00,4969.00,2379.00,0.00,869564.36
2.72,0.00,0.00,0.00,17.00,30.00,4964.00,2385.00,0.00,868420.94
2.72,0.00,0.00,0.00,17.00,30.00,4957.00,2392.00,0.00,867271.92
2.73,0.00,0.00,0.00,17.00,29.00,4946.00,2404.00,0.00,866057.70
2.74,0.00,0.00,0.00,17.00,27.00,4945.00,2407.00,0.00,864934.19
2.74,0.00,0.00,0.00,17.00,27.00,4937.00,2415.00,0.00,863788.32
2.75,0.00,0.00,0.00,17.00,25.00,4935.00,2419.00,0.00,862712.18
2.76,0.00,0.00,0.00,17.00,23.00,4927.00,2429.00,0.00,861609.57
2.76,0.00,0.00,0.00,17.00,21.00,4925.00,2433.00,0.00,860572.92
2.77,0.00,0.00,0.00,17.00,21.00,4911.00,2447.00,0.00,859416.21
2.78,0.00,0.00,0.00,17.00,20.00,4905.00,2454.00,0.00,858270.08
2.78,0.00,0.00,0.00,17.00,19.00,4897.00,2463.00,0.00,857103.57
2.79,0.00,0.00,0.00,17.00,18.00,4893.00,2468.00,0.00,855978.55
2.80,0.00,0.00,0.00,17.00,18.00,4885.00,2476.00,0.00,854831.30
2.81,0.00,0.00,0.00,17.00,18.00,4881.00,2480.00,0.00,853723.85
2.81,0.00,0.00,0.00,17.00,18.00,4878.00,2483.00,0.00,852667.77
2.82,0.00,0.00,0.00,17.00,14.00,4875.00,2490.00,0.00,851658.58
2.83,0.00,0.00,0.00,17.00,14.00,4866.00,2499.00,0.00,850602.06
2.83,0.00,0.00,0.00,17.00,14.00,4853.00,2512.00,0.00,849442.23
2.84,0.00,0.00,0.00,17.00,14.00,4840.00,2525.00,0.00,848188.10
2.85,0.00,0.00,0.00,17.00,13.00,4831.00,2535.00,0.00,846907.96
2.85,0.00,0.00,0.00,17.00,13.00,4825.00,2541.00,0.00,845649.15
2.86,0.00,0.00,0.00,17.00,13.00,4816.00,2550.00,0.00,844364.75
2.87,0.00,0.00,0.00,17.00,13.00,4810.00,2556.00,0.00,843102.05
2.88,0.00,0.00,0.00,17.00,13.00,4800.00,2566.00,0.00,841799.07
2.88,0.00,0.00,0.00,17.00,13.00,4793.00,2573.00,0.00,840504.38
2.89,0.00,0.00,0.00,17.00,11.00,4782.00,2586.00,0.00,839157.18
2.90,0.00,0.00,0.00,17.00,11.00,4778.00,2590.00,0.00,837867.19
2.90,0.00,0.00,0.00,17.00,11.00,4769.00,2599.00,0.00,836554.33
2.91,0.00,0.00,0.00,17.00,9.00,4759.00,2611.00,0.00,835205.55
2.92,0.00,0.00,0.00,17.00,8.00,4751.00,2620.00,0.00,833854.03
2.92,0.00,0.00,0.00,17.00,8.00,4744.00,2627.00,0.00,832515.03
2.93,0.00,0.00,0.00,17.00,7.00,4738.00,2634.00,0.00,831202.49
2.94,0.00,0.00,0.00,17.00,7.00,4729.00,2643.00,0.00,829869.03
2.94,0.00,0.00,0.00,17.00,7.00,4719.00,2653.00,0.00,828501.46
2.95,0.00,0.00,0.00,17.00,6.00,4714.00,2659.00,0.00,827177.85
2.96,0.00,0.00,0.00,17.00,6.00,4703.00,2670.00,0.00,825804.24
2.97,0.00,0.00,0.00,17.00,6.00,4698.00,2675.00,0.00,824475.12
2.97,0.00,0.00,0.00,17.00,6.00,4686.00,2687.00,0.00,823081.47
2.98,0.00,0.00,0.00,17.00,6.00,4678.00,2695.00,0.00,821688.98
2.99,0.00,0.00,0.00,17.00,6.00,4669.00,2704.00,0.00,820282.53
2.99,0.00,0.00,0.00,17.00,6.00,4664.00,2709.00,0.00,818923.44
3.00,0.00,0.00,0.00,17.00,6.00,4657.00,2716.00,0.00,817577.52
3.01,0.00,0.00,0.00,17.00,5.00,4650.00,2724.00,0.00,816243.65
3.01,0.00,0.00,0.00,17.00,4.00,4643.00,2732.00,0.00,814920.76
3.02,0.00,0.00,0.00,17.00,4.00,4637.00,2738.00,0.00,813622.92
3.03,0.00,0.00,0.00,17.00,4.00,4624.00,2751.00,0.00,812242.80
3.03,0.00,0.00,0.00,17.00,4.00,4617.00,2758.00,0.00,810877.68
3.04,0.00,0.00,0.00,17.00,4.00,4610.00,2765.00,0.00,809526.27
3.05,0.00,0.00,0.00,17.00,4.00,4600.00,2775.00,0.00,808142.31
3.06,0.00,0.00,0.00,17.00,4.00,4597.00,2778.00,0.00,806833.79
3.06,0.00,0.00,0.00,17.00,4.00,4591.00,2784.00,0.00,805549.07
3.07,0.00,0.00,0.00,17.00,4.00,4580.00,2795.00,0.00,804210.97
3.08,0.00,0.00,0.00,17.00,3.00,4569.00,2807.00,0.00,802824.12
3.08,0.00,0.00,0.00,17.00,3.00,4561.00,2815.00,0.00,801437.86
3.09,0.00,0.00,0.00,17.00,3.00,4554.00,2822.00,0.00,800067.14
3.10,0.00,0.00,0.00,17.00,3.00,4546.00,2830.00,0.00,798695.59
3.10,0.00,0.00,0.00,17.00,3.00,4538.00,2838.00,0.00,797323.29
3.11,0.00,0.00,0.00,17.00,3.00,4531.00,2845.00,0.00,795965.32
3.12,0.00,0.00,0.00,17.00,3.00,4519.00,2857.00,0.00,794545.32
3.12,0.00,0.00,0.00,17.00,3.00,4516.00,2860.00,0.00,793203.89
3.13,0.00,0.00,0.00,17.00,3.00,4503.00,2873.00,0.00,791783.97
3.14,0.00,0.00,0.00,17.00,3.00,4494.00,2882.00,0.00,790352.49
3.15,0.00,0.00,0.00,17.00,3.00,4487.00,2889.00,0.00,788940.49
3.15,0.00,0.00,0.00,17.00,3.00,4478.00,2898.00,0.00,787516.24
3.16,0.00,0.00,0.00,17.00,3.00,4472.00,2904.00,0.00,786125.86
3.17,0.00,0.00,0.00,17.00,3.00,4465.00,2911.00,0.00,784751.39
3.17,0.00,0.00,0.00,17.00,3.00,4458.00,2918.00,0.00,783391.44
3.18,0.00,0.00,0.00,17.00,3.00,4452.00,2924.00,0.00,782059.77
3.19,0.00,0.00,0.00,17.00,3.00,4445.00,2931.00,0.00,780738.90
3.19,0.00,0.00,0.00,17.00,3.00,4437.00,2939.00,0.00,779412.86
3.20,0.00,0.00,0.00,17.00,2.00,4432.00,2945.00,0.00,778127.17
3.21,0.00,0.00,0.00,17.00,2.00,4423.00,2954.00,0.00,776818.22
3.22,0.00,0.00,0.00,17.00,2.00,4412.00,2965.00,0.00,775458.00
3.22,0.00,0.00,0.00,17.00,2.00,4404.00,2973.00,0.00,774096.03
3.23,0.00,0.00,0.00,17.00,2.00,4398.00,2979.00,0.00,772762.52
3.24,0.00,0.00,0.00,17.00,2.00,4393.00,2984.00,0.00,771470.01
3.24,0.00,0.00,0.00,17.00,2.00,4386.00,2991.00,0.00,770184.89
3.25,0.00,0.00,0.00,17.00,2.00,4378.00,2999.00,0.00,768891.48
3.26,0.00,0.00,0.00,17.00,2.00,4371.00,3006.00,0.00,767605.54
3.26,0.00,0.00,0.00,17.00,2.00,4363.00,3014.00,0.00,766311.39
3.27,0.00,0.00,0.00,17.00,2.00,4356.00,3021.00,0.00,765024.77
3.28,0.00,0.00,0.00,17.00,2.00,4349.00,3028.00,0.00,763745.01
3.28,0.00,0.00,0.00,17.00,2.00,4346.00,3031.00,0.00,762531.63
3.29,0.00,0.00,0.00,17.00,2.00,4334.00,3043.00,0.00,761243.62
3.30,0.00,0.00,0.00,17.00,2.00,4323.00,3054.00,0.00,759902.51
3.31,0.00,0.00,0.00,17.00,2.00,4313.00,3064.00,0.00,758527.95
3.31,0.00,0.00,0.00,17.00,2.00,4301.00,3076.00,0.00,757092.81
3.32,0.00,0.00,0.00,17.00,1.00,4293.00,3085.00,0.00,755662.44
3.33,0.00,0.00,0.00,17.00,1.00,4287.00,3091.00,0.00,754266.49
3.33,0.00,0.00,0.00,17.00,1.00,4279.00,3099.00,0.00,752871.90
3.34,0.00,0.00,0.00,17.00,1.00,4269.00,3109.00,0.00,751448.53
3.35,0.00,0.00,0.00,17.00,1.00,4262.00,3116.00,0.00,750043.93
3.35,0.00,0.00,0.00,17.00,1.00,4254.00,3124.00,0.00,748641.45
3.36,0.00,0.00,0.00,17.00,1.00,4250.00,3128.00,0.00,747301.00
3.37,0.00,0.00,0.00,17.00,1.00,4242.00,3136.00,0.00,745957.09
3.38,0.00,0.00,0.00,17.00,1.00,4232.00,3146.00,0.00,744579.97
3.38,0.00,0.00,0.00,17.00,1.00,4224.00,3154.00,0.00,743202.58
3.39,0.00,0.00,0.00,17.00,1.00,4217.00,3161.00,0.00,741839.96
3.40,0.00,0.00,0.00,17.00,1.00,4203.00,3175.00,0.00,740385.67
3.40,0.00,0.00,0.00,17.00,1.00,4196.00,3182.00,0.00,738952.86
3.41,0.00,0.00,0.00,17.00,1.00,4187.00,3191.00,0.00,737509.59
3.42,0.00,0.00,0.00,17.00,1.00,4183.00,3195.00,0.00,736131.91
3.42,0.00,0.00,0.00,17.00,1.00,4177.00,3201.00,0.00,734784.06
3.43,0.00,0.00,0.00,17.00,1.00,4173.00,3205.00,0.00,733493.48
3.44,0.00,0.00,0.00,17.00,1.00,4166.00,3212.00,0.00,732210.11
3.44,0.00,0.00,0.00,17.00,1.00,4153.00,3225.00,0.00,730843.19
3.45,0.00,0.00,0.00,17.00,1.00,4143.00,3235.00,0.00,729445.07
3.46,0.00,0.00,0.00,17.00,1.00,4133.00,3245.00,0.00,728018.46
3.47,0.00,0.00,0.00,17.00,1.00,4122.00,3256.00,0.00,726550.82
3.47,0.00,0.00,0.00,17.00,1.00,4115.00,3263.00,0.00,725105.82
3.48,0.00,0.00,0.00,17.00,1.00,4110.00,3268.00,0.00,723711.52
3.49,0.00,0.00,0.00,17.00,1.00,4100.00,3278.00,0.00,722288.40
3.49,0.00,0.00,0.00,17.00,1.00,4088.00,3290.00,0.00,720808.93
3.50,0.00,0.00,0.00,17.00,1.00,4080.00,3298.00,0.00,719338.09
3.51,0.00,0.00,0.00,17.00,1.00,4078.00,3300.00,0.00,717965.29
3.51,0.00,0.00,0.00,17.00,1.00,4074.00,3304.00,0.00,716651.93
3.52,0.00,0.00,0.00,17.00,1.00,4066.00,3312.00,0.00,715332.74
3.53,0.00,0.00,0.00,17.00,1.00,4062.00,3316.00,0.00,714068.34
3.53,0.00,0.00,0.00,17.00,1.00,4055.00,3323.00,0.00,712808.87
3.54,0.00,0.00,0.00,17.00,1.00,4051.00,3327.00,0.00,711598.98
3.55,0.00,0.00,0.00,17.00,1.00,4043.00,3335.00,0.00,710374.25
3.56,0.00,0.00,0.00,17.00,1.00,4035.00,3343.00,0.00,709135.99
3.56,0.00,0.00,0.00,17.00,1.00,4029.00,3349.00,0.00,707915.41
3.57,0.00,0.00,0.00,17.00,1.00,4022.00,3356.00,0.00,706695.95
3.58,0.00,0.00,0.00,17.00,1.00,4016.00,3362.00,0.00,705492.54
3.58,0.00,0.00,0.00,17.00,1.00,4001.00,3377.00,0.00,704168.57
3.59,0.00,0.00,0.00,17.00,1.00,3997.00,3381.00,0.00,702899.79
3.60,0.00,0.00,0.00,17.00,1.00,3989.00,3389.00,0.00,701621.31
3.60,0.00,0.00,0.00,17.00,1.00,3984.00,3394.00,0.00,700379.04
3.61,0.00,0.00,0.00,17.00,1.00,3979.00,3399.00,0.00,699169.82
3.62,0.00,0.00,0.00,17.00,1.00,3975.00,3403.00,0.00,698005.81
3.62,0.00,0.00,0.00,17.00,1.00,3971.00,3407.00,0.00,696883.06
3.63,0.00,0.00,0.00,17.00,1.00,3963.00,3415.00,0.00,695737.89
3.64,0.00,0.00,0.00,17.00,1.00,3955.00,3423.00,0.00,694572.25
3.65,0.00,0.00,0.00,17.00,1.00,3949.00,3429.00,0.00,693417.97
3.65,0.00,0.00,0.00,17.00,1.00,3942.00,3436.00,0.00,692259.04
3.66,0.00,0.00,0.00,17.00,1.00,3939.00,3439.00,0.00,691155.96
3.67,0.00,0.00,0.00,17.00,1.00,3933.00,3445.00,0.00,690058.79
3.67,0.00,0.00,0.00,17.00,1.00,3924.00,3454.00,0.00,688921.94
3.68,0.00,0.00,0.00,17.00,1.00,3921.00,3457.00,0.00,687839.03
3.69,0.00,0.00,0.00,17.00,1.00,3909.00,3469.00,0.00,686670.12
3.69,0.00,0.00,0.00,17.00,1.00,3907.00,3471.00,0.00,685572.96
3.70,0.00,0.00,0.00,17.00,1.00,3901.00,3477.00,0.00,684481.20
3.71,0.00,0.00,0.00,17.00,1.00,3897.00,3481.00,0.00,683424.41
3.72,0.00,0.00,0.00,17.00,1.00,3893.00,3485.00,0.00,682399.54
3.72,0.00,0.00,0.00,17.00,1.00,3885.00,3493.00,0.00,681343.74
3.73,0.00,0.00,0.00,17.00,1.00,3876.00,3502.00,0.00,680244.66
3.74,0.00,0.00,0.00,17.00,1.00,3871.00,3507.00,0.00,679166.16
3.74,0.00,0.00,0.00,17.00,1.00,3866.00,3512.00,0.00,678106.47
3.75,0.00,0.00,0.00,17.00,1.00,3849.00,3529.00,0.00,676883.65
3.76,0.00,0.00,0.00,17.00,1.00,3842.00,3536.00,0.00,675662.15
3.76,0.00,0.00,0.00,17.00,1.00,3838.00,3540.00,0.00,674486.92
3.77,0.00,0.00,0.00,17.00,1.00,3829.00,3549.00,0.00,673278.82
3.78,0.00,0.00,0.00,17.00,1.00,3822.00,3556.00,0.00,672070.75
3.78,0.00,0.00,0.00,17.00,1.00,3817.00,3561.00,0.00,670892.77
3.79,0.00,0.00,0.00,17.00,1.00,3809.00,3569.00,0.00,669697.16
3.80,0.00,0.00,0.00,17.00,1.00,3801.00,3577.00,0.00,668485.49
3.81,0.00,0.00,0.00,17.00,1.00,3793.00,3585.00,0.00,667259.14
3.81,0.00,0.00,0.00,17.00,0.00,3791.00,3588.00,0.00,666109.52
3.82,0.00,0.00,0.00,17.00,0.00,3783.00,3596.00,0.00,664939.83
3.83,0.00,0.00,0.00,17.00,0.00,3776.00,3603.00,0.00,663766.82
3.83,0.00,0.00,0.00,17.00,0.00,3767.00,3612.00,0.00,662560.75
3.84,0.00,0.00,0.00,17.00,0.00,3761.00,3618.00,0.00,661369.56
3.85,0.00,0.00,0.00,17.00,0.00,3749.00,3630.00,0.00,660101.81
3.85,0.00,0.00,0.00,17.00,0.00,3740.00,3639.00,0.00,658809.25
3.86,0.00,0.00,0.00,17.00,0.00,3736.00,3643.00,0.00,657569.15
3.87,0.00,0.00,0.00,17.00,0.00,3725.00,3654.00,0.00,656271.77
3.88,0.00,0.00,0.00,17.00,0.00,3716.00,3663.00,0.00,654952.16
3.88,0.00,0.00,0.00,17.00,0.00,3711.00,3668.00,0.00,653672.34
3.89,0.00,0.00,0.00,17.00,0.00,3710.00,3669.00,0.00,652488.94
3.90,0.00,0.00,0.00,17.00,0.00,3700.00,3679.00,0.00,651258.35
3.90,0.00,0.00,0.00,17.00,0.00,3691.00,3688.00,0.00,649999.71
3.91,0.00,0.00,0.00,17.00,0.00,3685.00,3694.00,0.00,648760.52
3.92,0.00,0.00,0.00,17.00,0.00,3684.00,3695.00,0.00,647614.22
3.92,0.00,0.00,0.00,17.00,0.00,3676.00,3703.00,0.00,646447.55
3.93,0.00,0.00,0.00,17.00,0.00,3667.00,3712.00,0.00,645247.26
3.94,0.00,0.00,0.00,17.00,0.00,3659.00,3720.00,0.00,644031.30
3.94,0.00,0.00,0.00,17.00,0.00,3649.00,3730.00,0.00,642770.99
3.95,0.00,0.00,0.00,17.00,0.00,3641.00,3738.00,0.00,641500.24
3.96,0.00,0.00,0.00,17.00,0.00,3635.00,3744.00,0.00,640250.00
3.97,0.00,0.00,0.00,17.00,0.00,3630.00,3749.00,0.00,639033.51
3.97,0.00,0.00,0.00,17.00,0.00,3621.00,3758.00,0.00,637787.74
3.98,0.00,0.00,0.00,17.00,0.00,3611.00,3768.00,0.00,636500.22
3.99,0.00,0.00,0.00,17.00,0.00,3606.00,3773.00,0.00,635249.69
3.99,0.00,0.00,0.00,17.00,0.00,3604.00,3775.00,0.00,634078.01
4.00,0.00,0.00,0.00,17.00,0.00,3599.00,3780.00,0.00,632933.23
4.01,0.00,0.00,0.00,17.00,0.00,3593.00,3786.00,0.00,631798.00
4.01,0.00,0.00,0.00,17.00,0.00,3586.00,3793.00,0.00,630656.46
4.02,0.00,0.00,0.00,17.00,0.00,3583.00,3796.00,0.00,629569.25
4.03,0.00,0.00,0.00,17.00,0.00,3578.00,3801.00,0.00,628501.60
4.03,0.00,0.00,0.00,17.00,0.00,3570.00,3809.00,0.00,627406.73
4.04,0.00,0.00,0.00,17.00,0.00,3564.00,3815.00,0.00,626317.06
4.05,0.00,0.00,0.00,17.00,0.00,3557.00,3822.00,0.00,625217.11
4.06,0.00,0.00,0.00,17.00,0.00,3549.00,3830.00,0.00,624092.75
4.06,0.00,0.00,0.00,17.00,0.00,3537.00,3842.00,0.00,622886.02
4.07,0.00,0.00,0.00,17.00,0.00,3527.00,3852.00,0.00,621634.13
4.08,0.00,0.00,0.00,17.00,0.00,3522.00,3857.00,0.00,620416.14
4.08,0.00,0.00,0.00,17.00,0.00,3514.00,3865.00,0.00,619184.03
4.09,0.00,0.00,0.00,17.00,0.00,3503.00,3876.00,0.00,617893.94
4.10,0.00,0.00,0.00,17.00,0.00,3497.00,3882.00,0.00,616626.05
4.10,0.00,0.00,0.00,17.00,0.00,3487.00,3892.00,0.00,615318.34
4.11,0.00,0.00,0.00,17.00,0.00,3478.00,3901.00,0.00,613989.28
4.12,0.00,0.00,0.00,17.00,0.00,3473.00,3906.00,0.00,612700.84
4.12,0.00,0.00,0.00,17.00,0.00,3467.00,3912.00,0.00,611434.46
4.13,0.00,0.00,0.00,17.00,0.00,3458.00,3921.00,0.00,610143.13
4.14,0.00,0.00,0.00,17.00,0.00,3455.00,3924.00,0.00,608919.19
4.15,0.00,0.00,0.00,17.00,0.00,3442.00,3937.00,0.00,607606.51
4.15,0.00,0.00,0.00,17.00,0.00,3435.00,3944.00,0.00,606302.98
4.16,0.00,0.00,0.00,17.00,0.00,3430.00,3949.00,0.00,605037.84
4.17,0.00,0.00,0.00,17.00,0.00,3425.00,3954.00,0.00,603807.75
4.17,0.00,0.00,0.00,17.00,0.00,3419.00,3960.00,0.00,602594.62
4.18,0.00,0.00,0.00,17.00,0.00,3409.00,3970.00,0.00,601336.91
4.19,0.00,0.00,0.00,17.00,0.00,3401.00,3978.00,0.00,600068.52
4.19,0.00,0.00,0.00,17.00,0.00,3393.00,3986.00,0.00,598790.40
4.20,0.00,0.00,0.00,17.00,0.00,3386.00,3993.00,0.00,597518.40
4.21,0.00,0.00,0.00,17.00,0.00,3378.00,4001.00,0.00,596236.98
4.22,0.00,0.00,0.00,17.00,0.00,3370.00,4009.00,0.00,594946.96
4.22,0.00,0.00,0.00,17.00,0.00,3365.00,4014.00,0.00,593694.16
4.23,0.00,0.00,0.00,17.00,0.00,3358.00,4021.00,0.00,592445.28
4.24,0.00,0.00,0.00,17.00,0.00,3352.00,4027.00,0.00,591215.00
4.24,0.00,0.00,0.00,17.00,0.00,3344.00,4035.00,0.00,589971.67
4.25,0.00,0.00,0.00,17.00,0.00,3331.00,4048.00,0.00,588641.31
4.26,0.00,0.00,0.00,17.00,0.00,3323.00,4056.00,0.00,587306.60
4.26,0.00,0.00,0.00,17.00,0.00,3314.00,4065.00,0.00,585952.91
4.27,0.00,0.00,0.00,17.00,0.00,3302.00,4077.00,0.00,584536.81
4.28,0.00,0.00,0.00,17.00,0.00,3292.00,4087.00,0.00,583093.79
4.28,0.00,0.00,0.00,17.00,0.00,3284.00,4095.00,0.00,581656.23
4.29,0.00,0.00,0.00,17.00,0.00,3278.00,4101.00,0.00,580253.72
4.30,0.00,0.00,0.00,17.00,0.00,3275.00,4104.00,0.00,578928.26
4.31,0.00,0.00,0.00,17.00,0.00,3264.00,4115.00,0.00,577552.96
4.31,0.00,0.00,0.00,17.00,0.00,3256.00,4123.00,0.00,576177.23
4.32,0.00,0.00,0.00,17.00,0.00,3243.00,4136.00,0.00,574726.00
4.33,0.00,0.00,0.00,17.00,0.00,3240.00,4139.00,0.00,573356.06
4.33,0.00,0.00,0.00,17.00,0.00,3225.00,4154.00,0.00,571880.07
4.34,0.00,0.00,0.00,17.00,0.00,3211.00,4168.00,0.00,570322.27
4.35,0.00,0.00,0.00,17.00,0.00,3204.00,4175.00,0.00,568794.96
4.35,0.00,0.00,0.00,17.00,0.00,3197.00,4182.00,0.00,567295.48
4.36,0.00,0.00,0.00,17.00,0.00,3190.00,4189.00,0.00,565821.41
4.37,0.00,0.00,0.00,17.00,0.00,3182.00,4197.00,0.00,564355.51
4.38,0.00,0.00,0.00,17.00,0.00,3175.00,4204.00,0.00,562912.09
4.38,0.00,0.00,0.00,17.00,0.00,3170.00,4209.00,0.00,561519.24
4.39,0.00,0.00,0.00,17.00,0.00,3165.00,4214.00,0.00,560172.56
4.40,0.00,0.00,0.00,17.00,0.00,3161.00,4218.00,0.00,558883.05
4.40,0.00,0.00,0.00,17.00,0.00,3157.00,4222.00,0.00,557645.74
4.41,0.00,0.00,0.00,17.00,0.00,3152.00,4227.00,0.00,556441.05
4.42,0.00,0.00,0.00,17.00,0.00,3143.00,4236.00,0.00,555206.05
4.42,0.00,0.00,0.00,17.00,0.00,3142.00,4237.00,0.00,554063.57
4.43,0.00,0.00,0.00,17.00,0.00,3135.00,4244.00,0.00,552915.41
4.44,0.00,0.00,0.00,17.00,0.00,3126.00,4253.00,0.00,551732.01
4.44,0.00,0.00,0.00,17.00,0.00,3123.00,4256.00,0.00,550606.60
4.45,0.00,0.00,0.00,17.00,0.00,3117.00,4262.00,0.00,549489.04
4.46,0.00,0.00,0.00,17.00,0.00,3111.00,4268.00,0.00,548378.65
4.47,0.00,0.00,0.00,17.00,0.00,3100.00,4279.00,0.00,547199.70
4.47,0.00,0.00,0.00,17.00,0.00,3093.00,4286.00,0.00,546018.25
4.48,0.00,0.00,0.00,17.00,0.00,3086.00,4293.00,0.00,544834.50
4.49,0.00,0.00,0.00,17.00,0.00,3078.00,4301.00,0.00,543633.66
4.49,0.00,0.00,0.00,17.00,0.00,3067.00,4312.00,0.00,542372.12
4.50,0.00,0.00,0.00,17.00,0.00,3060.00,4319.00,0.00,541115.27
4.51,0.00,0.00,0.00,17.00,0.00,3059.00,4320.00,0.00,539952.83
4.51,0.00,0.00,0.00,17.00,0.00,3045.00,4334.00,0.00,538681.30
4.52,0.00,0.00,0.00,17.00,0.00,3039.00,4340.00,0.00,537430.34
4.53,0.00,0.00,0.00,17.00,0.00,3031.00,4348.00,0.00,536168.13
4.53,0.00,0.00,0.00,17.00,0.00,3023.00,4356.00,0.00,534895.64
4.54,0.00,0.00,0.00,17.00,0.00,3018.00,4361.00,0.00,533658.84
4.55,0.00,0.00,0.00,17.00,0.00,3010.00,4369.00,0.00,532409.55
4.56,0.00,0.00,0.00,17.00,0.00,3006.00,4373.00,0.00,531208.95
4.56,0.00,0.00,0.00,17.00,0.00,2996.00,4383.00,0.00,529962.67
4.57,0.00,0.00,0.00,17.00,0.00,2991.00,4388.00,0.00,528749.78
4.58,0.00,0.00,0.00,17.00,0.00,2985.00,4394.00,0.00,527552.38
4.58,0.00,0.00,0.00,17.00,0.00,2979.00,4400.00,0.00,526369.10
4.59,0.00,0.00,0.00,17.00,0.00,2975.00,4404.00,0.00,525228.76
4.60,0.00,0.00,0.00,17.00,0.00,2970.00,4409.00,0.00,524112.60
4.60,0.00,0.00,0.00,17.00,0.00,2961.00,4418.00,0.00,522958.43
4.61,0.00,0.00,0.00,17.00,0.00,2956.00,4423.00,0.00,521829.64
4.62,0.00,0.00,0.00,17.00,0.00,2947.00,4432.00,0.00,520663.93
4.62,0.00,0.00,0.00,17.00,0.00,2941.00,4438.00,0.00,519509.59
4.63,0.00,0.00,0.00,17.00,0.00,2936.00,4443.00,0.00,518380.65
4.64,0.00,0.00,0.00,17.00,0.00,2927.00,4452.00,0.00,517214.81
4.65,0.00,0.00,0.00,17.00,0.00,2920.00,4459.00,0.00,516045.32
4.65,0.00,0.00,0.00,17.00,0.00,2915.00,4464.00,0.00,514902.55
4.66,0.00,0.00,0.00,17.00,0.00,2910.00,4469.00,0.00,513784.17
4.67,0.00,0.00,0.00,17.00,0.00,2904.00,4475.00,0.00,512673.03
4.67,0.00,0.00,0.00,17.00,0.00,2891.00,4488.00,0.00,511463.35
4.68,0.00,0.00,0.00,17.00,0.00,2884.00,4495.00,0.00,510253.85
4.69,0.00,0.00,0.00,17.00,0.00,2878.00,4501.00,0.00,509059.52
4.69,0.00,0.00,0.00,17.00,0.00,2869.00,4510.00,0.00,507833.98
4.70,0.00,0.00,0.00,17.00,0.00,2863.00,4516.00,0.00,506625.02
4.71,0.00,0.00,0.00,17.00,0.00,2855.00,4524.00,0.00,505401.14
4.72,0.00,0.00,0.00,17.00,0.00,2849.00,4530.00,0.00,504193.70
4.72,0.00,0.00,0.00,17.00,0.00,2842.00,4537.00,0.00,502986.23
4.73,0.00,0.00,0.00,17.00,0.00,2835.00,4544.00,0.00,501778.74
4.74,0.00,0.00,0.00,17.00,0.00,2829.00,4550.00,0.00,500586.26
4.74,0.00,0.00,0.00,17.00,0.00,2824.00,4555.00,0.00,499422.50
4.75,0.00,0.00,0.00,17.00,0.00,2815.00,4564.00,0.00,498224.86
4.76,0.00,0.00,0.00,17.00,0.00,2813.00,4566.00,0.00,497101.47
4.76,0.00,0.00,0.00,17.00,0.00,2806.00,4573.00,0.00,495970.73
4.77,0.00,0.00,0.00,17.00,0.00,2799.00,4580.00,0.00,494833.29
4.78,0.00,0.00,0.00,17.00,0.00,2792.00,4587.00,0.00,493689.74
4.78,0.00,0.00,0.00,17.00,0.00,2787.00,4592.00,0.00,492570.64
4.79,0.00,0.00,0.00,17.00,0.00,2782.00,4597.00,0.00,491473.88
4.80,0.00,0.00,0.00,17.00,0.00,2773.00,4606.00,0.00,490337.41
4.81,0.00,0.00,0.00,17.00,0.00,2763.00,4616.00,0.00,489149.67
4.81,0.00,0.00,0.00,17.00,0.00,2757.00,4622.00,0.00,487975.21
4.82,0.00,0.00,0.00,17.00,0.00,2749.00,4630.00,0.00,486782.83
4.83,0.00,0.00,0.00,17.00,0.00,2744.00,4635.00,0.00,485619.17
4.83,0.00,0.00,0.00,17.00,0.00,2733.00,4646.00,0.00,484391.58
4.84,0.00,0.00,0.00,17.00,0.00,2728.00,4651.00,0.00,483195.76
4.85,0.00,0.00,0.00,17.00,0.00,2725.00,4654.00,0.00,482059.01
4.85,0.00,0.00,0.00,17.00,0.00,2716.00,4663.00,0.00,480886.03
4.86,0.00,0.00,0.00,17.00,0.00,2708.00,4671.00,0.00,479695.00
4.87,0.00,0.00,0.00,17.00,0.00,2702.00,4677.00,0.00,478517.55
4.88,0.00,0.00,0.00,17.00,0.00,2693.00,4686.00,0.00,477307.41
4.88,0.00,0.00,0.00,17.00,0.00,2688.00,4691.00,0.00,476127.54
4.89,0.00,0.00,0.00,17.00,0.00,2680.00,4699.00,0.00,474930.21
4.90,0.00,0.00,0.00,17.00,0.00,2676.00,4703.00,0.00,473777.06
4.90,0.00,0.00,0.00,17.00,0.00,2669.00,4710.00,0.00,472619.15
4.91,0.00,0.00,0.00,17.00,0.00,2665.00,4714.00,0.00,471501.98
4.92,0.00,0.00,0.00,17.00,0.00,2658.00,4721.00,0.00,470376.92
4.92,0.00,0.00,0.00,17.00,0.00,2652.00,4727.00,0.00,469259.69
4.93,0.00,0.00,0.00,17.00,0.00,2642.00,4737.00,0.00,468089.51
4.94,0.00,0.00,0.00,17.00,0.00,2632.00,4747.00,0.00,466871.00
4.94,0.00,0.00,0.00,17.00,0.00,2629.00,4750.00,0.00,465713.52
4.95,0.00,0.00,0.00,17.00,0.00,2625.00,4754.00,0.00,464596.74
4.96,0.00,0.00,0.00,17.00,0.00,2615.00,4764.00,0.00,463426.97
4.97,0.00,0.00,0.00,17.00,0.00,2607.00,4772.00,0.00,462238.87
4.97,0.00,0.00,0.00,17.00,0.00,2595.00,4784.00,0.00,460973.95
4.98,0.00,0.00,0.00,17.00,0.00,2586.00,4793.00,0.00,459683.97
4.99,0.00,0.00,0.00,17.00,0.00,2578.00,4801.00,0.00,458386.13
4.99,0.00,0.00,0.00,17.00,0.00,2570.00,4809.00,0.00,457081.11
5.00,0.00,0.00,0.00,17.00,0.00,2558.00,4821.00,0.00,455709.46
5.01,0.00,0.00,0.00,17.00,0.00,2548.00,4831.00,0.00,454307.01
5.01,0.00,0.00,0.00,17.00,0.00,2539.00,4840.00,0.00,452891.47
5.02,0.00,0.00,0.00,17.00,0.00,2536.00,4843.00,0.00,451554.12
5.03,0.00,0.00,0.00,17.00,0.00,2528.00,4851.00,0.00,450213.04
5.03,0.00,0.00,0.00,17.00,0.00,2520.00,4859.00,0.00,448868.55
5.04,0.00,0.00,0.00,17.00,0.00,2511.00,4868.00,0.00,447505.92
5.05,0.00,0.00,0.00,17.00,0.00,2506.00,4873.00,0.00,446186.83
5.06,0.00,0.00,0.00,17.00,0.00,2496.00,4883.00,0.00,444832.37
5.06,0.00,0.00,0.00,17.00,0.00,2489.00,4890.00,0.00,443490.69
5.07,0.00,0.00,0.00,17.00,0.00,2482.00,4897.00,0.00,442160.68
5.08,0.00,0.00,0.00,17.00,0.00,2472.00,4907.00,0.00,440796.24
5.08,0.00,0.00,0.00,17.00,0.00,2464.00,4915.00,0.00,439430.44
5.09,0.00,0.00,0.00,17.00,0.00,2450.00,4929.00,0.00,437973.23
5.10,0.00,0.00,0.00,17.00,0.00,2444.00,4935.00,0.00,436552.78
5.10,0.00,0.00,0.00,17.00,0.00,2432.00,4947.00,0.00,435075.73
5.11,0.00,0.00,0.00,17.00,0.00,2424.00,4955.00,0.00,433607.12
5.12,0.00,0.00,0.00,17.00,0.00,2417.00,4962.00,0.00,432161.22
5.12,0.00,0.00,0.00,17.00,0.00,2410.00,4969.00,0.00,430736.07
5.13,0.00,0.00,0.00,17.00,0.00,2398.00,4981.00,0.00,429254.73
5.14,0.00,0.00,0.00,17.00,0.00,2395.00,4984.00,0.00,427857.32
5.15,0.00,0.00,0.00,17.00,0.00,2391.00,4988.00,0.00,426521.49
5.15,0.00,0.00,0.00,17.00,0.00,2386.00,4993.00,0.00,425226.87
5.16,0.00,0.00,0.00,17.00,0.00,2385.00,4994.00,0.00,424029.95
5.17,0.00,0.00,0.00,17.00,0.00,2374.00,5005.00,0.00,422772.00
5.17,0.00,0.00,0.00,17.00,0.00,2366.00,5013.00,0.00,421503.41
5.18,0.00,0.00,0.00,17.00,0.00,2363.00,5016.00,0.00,420300.21
5.19,0.00,0.00,0.00,17.00,0.00,2357.00,5022.00,0.00,419111.64
5.19,0.00,0.00,0.00,17.00,0.00,2351.00,5028.00,0.00,417936.43
5.20,0.00,0.00,0.00,17.00,0.00,2343.00,5036.00,0.00,416743.36
5.21,0.00,0.00,0.00,17.00,0.00,2336.00,5043.00,0.00,415549.02
5.22,0.00,0.00,0.00,17.00,0.00,2327.00,5052.00,0.00,414323.47
5.22,0.00,0.00,0.00,17.00,0.00,2319.00,5060.00,0.00,413084.45
5.23,0.00,0.00,0.00,17.00,0.00,2313.00,5066.00,0.00,411863.19
5.24,0.00,0.00,0.00,17.00,0.00,2301.00,5078.00,0.00,410567.99
5.24,0.00,0.00,0.00,17.00,0.00,2294.00,5085.00,0.00,409280.40
5.25,0.00,0.00,0.00,17.00,0.00,2292.00,5087.00,0.00,408074.89
5.26,0.00,0.00,0.00,17.00,0.00,2288.00,5091.00,0.00,406914.26
5.26,0.00,0.00,0.00,17.00,0.00,2280.00,5099.00,0.00,405734.50
5.27,0.00,0.00,0.00,17.00,0.00,2270.00,5109.00,0.00,404507.24
5.28,0.00,0.00,0.00,17.00,0.00,2263.00,5116.00,0.00,403281.69
5.28,0.00,0.00,0.00,17.00,0.00,2253.00,5126.00,0.00,402012.62
5.29,0.00,0.00,0.00,17.00,0.00,2247.00,5132.00,0.00,400763.92
5.30,0.00,0.00,0.00,17.00,0.00,2238.00,5141.00,0.00,399488.74
5.31,0.00,0.00,0.00,17.00,0.00,2229.00,5150.00,0.00,398189.39
5.31,0.00,0.00,0.00,17.00,0.00,2224.00,5155.00,0.00,396928.07
5.32,0.00,0.00,0.00,17.00,0.00,2220.00,5159.00,0.00,395716.48
5.33,0.00,0.00,0.00,17.00,0.00,2207.00,5172.00,0.00,394415.10
5.33,0.00,0.00,0.00,17.00,0.00,2201.00,5178.00,0.00,393136.89
5.34,0.00,0.00,0.00,17.00,0.00,2195.00,5184.00,0.00,391879.85
5.35,0.00,0.00,0.00,17.00,0.00,2190.00,5189.00,0.00,390657.15
5.35,0.00,0.00,0.00,17.00,0.00,2181.00,5198.00,0.00,389405.71
5.36,0.00,0.00,0.00,17.00,0.00,2177.00,5202.00,0.00,388203.15
5.37,0.00,0.00,0.00,17.00,0.00,2172.00,5207.00,0.00,387030.19
5.38,0.00,0.00,0.00,17.00,0.00,2163.00,5216.00,0.00,385824.15
5.38,0.00,0.00,0.00,17.00,0.00,2158.00,5221.00,0.00,384648.02
5.39,0.00,0.00,0.00,17.00,0.00,2150.00,5229.00,0.00,383454.11
5.40,0.00,0.00,0.00,17.00,0.00,2143.00,5236.00,0.00,382259.01
5.40,0.00,0.00,0.00,17.00,0.00,2138.00,5241.00,0.00,381092.85
5.41,0.00,0.00,0.00,17.00,0.00,2127.00,5252.00,0.00,379862.98
5.42,0.00,0.00,0.00,17.00,0.00,2122.00,5257.00,0.00,378665.09
5.42,0.00,0.00,0.00,17.00,0.00,2113.00,5266.00,0.00,377436.30
5.43,0.00,0.00,0.00,17.00,0.00,2111.00,5268.00,0.00,376284.46
5.44,0.00,0.00,0.00,17.00,0.00,2105.00,5274.00,0.00,375142.78
5.44,0.00,0.00,0.00,17.00,0.00,2098.00,5281.00,0.00,373995.35
5.45,0.00,0.00,0.00,17.00,0.00,2089.00,5290.00,0.00,372812.63
5.46,0.00,0.00,0.00,17.00,0.00,2085.00,5294.00,0.00,371672.80
5.47,0.00,0.00,0.00,17.00,0.00,2080.00,5299.00,0.00,370557.11
5.47,0.00,0.00,0.00,17.00,0.00,2073.00,5306.00,0.00,369433.40
5.48,0.00,0.00,0.00,17.00,0.00,2065.00,5314.00,0.00,368287.36
5.49,0.00,0.00,0.00,17.00,0.00,2062.00,5317.00,0.00,367196.04
5.49,0.00,0.00,0.00,17.00,0.00,2054.00,5325.00,0.00,366079.56
5.50,0.00,0.00,0.00,17.00,0.00,2051.00,5328.00,0.00,365015.24
5.51,0.00,0.00,0.00,17.00,0.00,2045.00,5334.00,0.00,363953.45
5.51,0.00,0.00,0.00,17.00,0.00,2040.00,5339.00,0.00,362909.00
5.52,0.00,0.00,0.00,17.00,0.00,2030.00,5349.00,0.00,361805.27
5.53,0.00,0.00,0.00,17.00,0.00,2022.00,5357.00,0.00,360677.46
5.53,0.00,0.00,0.00,17.00,0.00,2016.00,5363.00,0.00,359557.72
5.54,0.00,0.00,0.00,17.00,0.00,2012.00,5367.00,0.00,358475.38
5.55,0.00,0.00,0.00,17.00,0.00,2004.00,5375.00,0.00,357367.11
5.56,0.00,0.00,0.00,17.00,0.00,1992.00,5387.00,0.00,356175.07
5.56,0.00,0.00,0.00,17.00,0.00,1986.00,5393.00,0.00,354996.68
5.57,0.00,0.00,0.00,17.00,0.00,1978.00,5401.00,0.00,353800.72
5.58,0.00,0.00,0.00,17.00,0.00,1968.00,5411.00,0.00,352558.67
5.58,0.00,0.00,0.00,17.00,0.00,1958.00,5421.00,0.00,351274.53
5.59,0.00,0.00,0.00,17.00,0.00,1950.00,5429.00,0.00,349982.03
5.60,0.00,0.00,0.00,17.00,0.00,1946.00,5433.00,0.00,348741.99
5.60,0.00,0.00,0.00,17.00,0.00,1942.00,5437.00,0.00,347549.83
5.61,0.00,0.00,0.00,17.00,0.00,1933.00,5446.00,0.00,346326.27
5.62,0.00,0.00,0.00,17.00,0.00,1925.00,5454.00,0.00,345089.06
5.62,0.00,0.00,0.00,17.00,0.00,1919.00,5460.00,0.00,343869.45
5.63,0.00,0.00,0.00,17.00,0.00,1913.00,5466.00,0.00,342665.90
5.64,0.00,0.00,0.00,17.00,0.00,1909.00,5470.00,0.00,341507.06
5.65,0.00,0.00,0.00,17.00,0.00,1901.00,5478.00,0.00,340328.94
5.65,0.00,0.00,0.00,17.00,0.00,1894.00,5485.00,0.00,339148.25
5.66,0.00,0.00,0.00,17.00,0.00,1885.00,5494.00,0.00,337935.15
5.67,0.00,0.00,0.00,17.00,0.00,1875.00,5504.00,0.00,336677.46
5.67,0.00,0.00,0.00,17.00,0.00,1866.00,5513.00,0.00,335394.07
5.68,0.00,0.00,0.00,17.00,0.00,1861.00,5518.00,0.00,334147.32
5.69,0.00,0.00,0.00,17.00,0.00,1857.00,5522.00,0.00,332949.04
5.69,0.00,0.00,0.00,17.00,0.00,1845.00,5534.00,0.00,331674.82
5.70,0.00,0.00,0.00,17.00,0.00,1840.00,5539.00,0.00,330436.45
5.71,0.00,0.00,0.00,17.00,0.00,1836.00,5543.00,0.00,329245.81
5.72,0.00,0.00,0.00,17.00,0.00,1831.00,5548.00,0.00,328083.73
5.72,0.00,0.00,0.00,17.00,0.00,1826.00,5553.00,0.00,326947.73
5.73,0.00,0.00,0.00,17.00,0.00,1821.00,5558.00,0.00,325835.53
5.74,0.00,0.00,0.00,17.00,0.00,1811.00,5568.00,0.00,324669.94
5.74,0.00,0.00,0.00,17.00,0.00,1801.00,5578.00,0.00,323455.62
5.75,0.00,0.00,0.00,17.00,0.00,1796.00,5583.00,0.00,322271.92
5.76,0.00,0.00,0.00,17.00,0.00,1791.00,5588.00,0.00,321116.17
5.76,0.00,0.00,0.00,17.00,0.00,1780.00,5599.00,0.00,319895.81
5.77,0.00,0.00,0.00,17.00,0.00,1770.00,5609.00,0.00,318631.49
5.78,0.00,0.00,0.00,17.00,0.00,1762.00,5617.00,0.00,317357.07
5.78,0.00,0.00,0.00,17.00,0.00,1752.00,5627.00,0.00,316043.38
5.79,0.00,0.00,0.00,17.00,0.00,1745.00,5634.00,0.00,314738.93
5.80,0.00,0.00,0.00,17.00,0.00,1740.00,5639.00,0.00,313472.95
5.81,0.00,0.00,0.00,17.00,0.00,1734.00,5645.00,0.00,312227.07
5.81,0.00,0.00,0.00,17.00,0.00,1721.00,5658.00,0.00,310894.37
5.82,0.00,0.00,0.00,17.00,0.00,1715.00,5664.00,0.00,309587.58
5.83,0.00,0.00,0.00,17.00,0.00,1710.00,5669.00,0.00,308319.47
5.83,0.00,0.00,0.00,17.00,0.00,1699.00,5680.00,0.00,306996.52
5.84,0.00,0.00,0.00,17.00,0.00,1689.00,5690.00,0.00,305638.54
5.85,0.00,0.00,0.00,17.00,0.00,1679.00,5700.00,0.00,304248.57
5.85,0.00,0.00,0.00,17.00,0.00,1670.00,5709.00,0.00,302844.43
5.86,0.00,0.00,0.00,17.00,0.00,1660.00,5719.00,0.00,301412.33
5.87,0.00,0.00,0.00,17.00,0.00,1657.00,5722.00,0.00,300059.86
5.88,0.00,0.00,0.00,17.00,0.00,1649.00,5730.00,0.00,298704.97
5.88,0.00,0.00,0.00,17.00,0.00,1638.00,5741.00,0.00,297302.80
5.89,0.00,0.00,0.00,17.00,0.00,1633.00,5746.00,0.00,295947.61
5.90,0.00,0.00,0.00,17.00,0.00,1626.00,5753.00,0.00,294605.27
5.90,0.00,0.00,0.00,17.00,0.00,1617.00,5762.00,0.00,293244.61
5.91,0.00,0.00,0.00,17.00,0.00,1613.00,5766.00,0.00,291942.33
5.92,0.00,0.00,0.00,17.00,0.00,1601.00,5778.00,0.00,290573.17
5.92,0.00,0.00,0.00,17.00,0.00,1594.00,5785.00,0.00,289218.07
5.93,0.00,0.00,0.00,17.00,0.00,1586.00,5793.00,0.00,287860.79
5.94,0.00,0.00,0.00,17.00,0.00,1578.00,5801.00,0.00,286501.50
5.94,0.00,0.00,0.00,17.00,0.00,1572.00,5807.00,0.00,285170.44
5.95,0.00,0.00,0.00,17.00,0.00,1566.00,5813.00,0.00,283865.14
5.96,0.00,0.00,0.00,17.00,0.00,1561.00,5818.00,0.00,282598.39
5.97,0.00,0.00,0.00,17.00,0.00,1555.00,5824.00,0.00,281351.80
5.97,0.00,0.00,0.00,17.00,0.00,1549.00,5830.00,0.00,280123.62
5.98,0.00,0.00,0.00,17.00,0.00,1545.00,5834.00,0.00,278942.30
5.99,0.00,0.00,0.00,17.00,0.00,1539.00,5840.00,0.00,277773.70
5.99,0.00,0.00,0.00,17.00,0.00,1536.00,5843.00,0.00,276661.78
6.00,0.00,0.00,0.00,17.00,0.00,1532.00,5847.00,0.00,275586.60
6.01,0.00,0.00,0.00,17.00,0.00,1529.00,5850.00,0.00,274559.97
6.01,0.00,0.00,0.00,17.00,0.00,1529.00,5850.00,0.00,273622.73
6.02,0.00,0.00,0.00,17.00,0.00,1522.00,5857.00,0.00,272661.95
6.03,0.00,0.00,0.00,17.00,0.00,1515.00,5864.00,0.00,271679.66
6.03,0.00,0.00,0.00,17.00,0.00,1506.00,5873.00,0.00,270647.70
6.04,0.00,0.00,0.00,17.00,0.00,1498.00,5881.00,0.00,269585.41
6.05,0.00,0.00,0.00,17.00,0.00,1492.00,5887.00,0.00,268525.49
6.06,0.00,0.00,0.00,17.00,0.00,1481.00,5898.00,0.00,267392.60
6.06,0.00,0.00,0.00,17.00,0.00,1477.00,5902.00,0.00,266298.27
6.07,0.00,0.00,0.00,17.00,0.00,1469.00,5910.00,0.00,265179.04
6.08,0.00,0.00,0.00,17.00,0.00,1464.00,5915.00,0.00,264082.16
6.08,0.00,0.00,0.00,17.00,0.00,1464.00,5915.00,0.00,263080.78
6.09,0.00,0.00,0.00,17.00,0.00,1456.00,5923.00,0.00,262046.42
6.10,0.00,0.00,0.00,17.00,0.00,1452.00,5927.00,0.00,261042.04
6.10,0.00,0.00,0.00,17.00,0.00,1445.00,5934.00,0.00,260019.95
6.11,0.00,0.00,0.00,17.00,0.00,1437.00,5942.00,0.00,258966.67
6.12,0.00,0.00,0.00,17.00,0.00,1432.00,5947.00,0.00,257929.99
6.12,0.00,0.00,0.00,17.00,0.00,1430.00,5949.00,0.00,256953.54
6.13,0.00,0.00,0.00,17.00,0.00,1424.00,5955.00,0.00,255971.98
6.14,0.00,0.00,0.00,17.00,0.00,1418.00,5961.00,0.00,254985.74
6.15,0.00,0.00,0.00,17.00,0.00,1411.00,5968.00,0.00,253980.23
6.15,0.00,0.00,0.00,17.00,0.00,1402.00,5977.00,0.00,252927.06
6.16,0.00,0.00,0.00,17.00,0.00,1400.00,5979.00,0.00,251935.54
6.17,0.00,0.00,0.00,17.00,0.00,1397.00,5982.00,0.00,250985.30
6.17,0.00,0.00,0.00,17.00,0.00,1391.00,5988.00,0.00,250027.66
6.18,0.00,0.00,0.00,17.00,0.00,1388.00,5991.00,0.00,249108.34
6.19,0.00,0.00,0.00,17.00,0.00,1376.00,6003.00,0.00,248088.80
6.19,0.00,0.00,0.00,17.00,0.00,1369.00,6010.00,0.00,247052.87
6.20,0.00,0.00,0.00,17.00,0.00,1360.00,6019.00,0.00,245971.93
6.21,0.00,0.00,0.00,17.00,0.00,1354.00,6025.00,0.00,244894.98
6.22,0.00,0.00,0.00,17.00,0.00,1346.00,6033.00,0.00,243791.62
6.22,0.00,0.00,0.00,17.00,0.00,1341.00,6038.00,0.00,242709.23
6.23,0.00,0.00,0.00,17.00,0.00,1330.00,6049.00,0.00,241555.82
6.24,0.00,0.00,0.00,17.00,0.00,1323.00,6056.00,0.00,240397.70
6.24,0.00,0.00,0.00,17.00,0.00,1319.00,6060.00,0.00,239280.32
6.25,0.00,0.00,0.00,17.00,0.00,1311.00,6068.00,0.00,238140.05
6.26,0.00,0.00,0.00,17.00,0.00,1305.00,6074.00,0.00,237008.94
6.26,0.00,0.00,0.00,17.00,0.00,1301.00,6078.00,0.00,235916.23
6.27,0.00,0.00,0.00,17.00,0.00,1292.00,6087.00,0.00,234783.46
6.28,0.00,0.00,0.00,17.00,0.00,1282.00,6097.00,0.00,233599.09
6.28,0.00,0.00,0.00,17.00,0.00,1273.00,6106.00,0.00,232382.64
6.29,0.00,0.00,0.00,17.00,0.00,1263.00,6116.00,0.00,231121.89
6.30,0.00,0.00,0.00,17.00,0.00,1257.00,6122.00,0.00,229880.78
6.31,0.00,0.00,0.00,17.00,0.00,1248.00,6131.00,0.00,228612.53
6.31,0.00,0.00,0.00,17.00,0.00,1243.00,6136.00,0.00,227379.61
6.32,0.00,0.00,0.00,17.00,0.00,1240.00,6139.00,0.00,226208.97
6.33,0.00,0.00,0.00,17.00,0.00,1233.00,6146.00,0.00,225035.10
6.33,0.00,0.00,0.00,17.00,0.00,1228.00,6151.00,0.00,223888.33
6.34,0.00,0.00,0.00,17.00,0.00,1220.00,6159.00,0.00,222721.24
6.35,0.00,0.00,0.00,17.00,0.00,1213.00,6166.00,0.00,221550.60
6.35,0.00,0.00,0.00,17.00,0.00,1208.00,6171.00,0.00,220406.79
6.36,0.00,0.00,0.00,17.00,0.00,1203.00,6176.00,0.00,219287.46
6.37,0.00,0.00,0.00,17.00,0.00,1193.00,6186.00,0.00,218115.37
6.38,0.00,0.00,0.00,17.00,0.00,1184.00,6195.00,0.00,216910.12
6.38,0.00,0.00,0.00,17.00,0.00,1175.00,6204.00,0.00,215674.62
6.39,0.00,0.00,0.00,17.00,0.00,1166.00,6213.00,0.00,214411.49
6.40,0.00,0.00,0.00,17.00,0.00,1163.00,6216.00,0.00,213213.28
6.40,0.00,0.00,0.00,17.00,0.00,1158.00,6221.00,0.00,212044.30
6.41,0.00,0.00,0.00,17.00,0.00,1150.00,6229.00,0.00,210856.91
6.42,0.00,0.00,0.00,17.00,0.00,1145.00,6234.00,0.00,209697.81
6.42,0.00,0.00,0.00,17.00,0.00,1143.00,6236.00,0.00,208609.58
6.43,0.00,0.00,0.00,17.00,0.00,1141.00,6238.00,0.00,207586.07
6.44,0.00,0.00,0.00,17.00,0.00,1136.00,6243.00,0.00,206576.57
6.44,0.00,0.00,0.00,17.00,0.00,1129.00,6250.00,0.00,205549.81
6.45,0.00,0.00,0.00,17.00,0.00,1122.00,6257.00,0.00,204507.29
6.46,0.00,0.00,0.00,17.00,0.00,1118.00,6261.00,0.00,203495.46
6.47,0.00,0.00,0.00,17.00,0.00,1109.00,6270.00,0.00,202436.53
6.47,0.00,0.00,0.00,17.00,0.00,1105.00,6274.00,0.00,201409.71
6.48,0.00,0.00,0.00,17.00,0.00,1099.00,6280.00,0.00,200382.17
6.49,0.00,0.00,0.00,17.00,0.00,1090.00,6289.00,0.00,199308.89
6.49,0.00,0.00,0.00,17.00,0.00,1084.00,6295.00,0.00,198238.93
6.50,0.00,0.00,0.00,17.00,0.00,1077.00,6302.00,0.00,197156.97
6.51,0.00,0.00,0.00,17.00,0.00,1070.00,6309.00,0.00,196064.07
6.51,0.00,0.00,0.00,17.00,0.00,1062.00,6317.00,0.00,194946.15
6.52,0.00,0.00,0.00,17.00,0.00,1055.00,6324.00,0.00,193820.41
6.53,0.00,0.00,0.00,17.00,0.00,1049.00,6330.00,0.00,192702.55
6.53,0.00,0.00,0.00,17.00,0.00,1039.00,6340.00,0.00,191531.80
6.54,0.00,0.00,0.00,17.00,0.00,1034.00,6345.00,0.00,190387.88
6.55,0.00,0.00,0.00,17.00,0.00,1022.00,6357.00,0.00,189163.30
6.56,0.00,0.00,0.00,17.00,0.00,1017.00,6362.00,0.00,187970.22
6.56,0.00,0.00,0.00,17.00,0.00,1013.00,6366.00,0.00,186820.95
6.57,0.00,0.00,0.00,17.00,0.00,1007.00,6372.00,0.00,185681.61
6.58,0.00,0.00,0.00,17.00,0.00,1001.00,6378.00,0.00,184551.34
6.58,0.00,0.00,0.00,17.00,0.00,998.00,6381.00,0.00,183474.42
6.59,0.00,0.00,0.00,17.00,0.00,997.00,6382.00,0.00,182476.25
6.60,0.00,0.00,0.00,17.00,0.00,991.00,6388.00,0.00,181474.85
6.60,0.00,0.00,0.00,17.00,0.00,983.00,6396.00,0.00,180440.48
6.61,0.00,0.00,0.00,17.00,0.00,974.00,6405.00,0.00,179360.96
6.62,0.00,0.00,0.00,17.00,0.00,968.00,6411.00,0.00,178285.30
6.62,0.00,0.00,0.00,17.00,0.00,963.00,6416.00,0.00,177228.19
6.63,0.00,0.00,0.00,17.00,0.00,959.00,6420.00,0.00,176203.04
6.64,0.00,0.00,0.00,17.00,0.00,953.00,6426.00,0.00,175177.02
6.65,0.00,0.00,0.00,17.00,0.00,948.00,6431.00,0.00,174165.22
6.65,0.00,0.00,0.00,17.00,0.00,941.00,6438.00,0.00,173136.36
6.66,0.00,0.00,0.00,17.00,0.00,934.00,6445.00,0.00,172091.93
6.67,0.00,0.00,0.00,17.00,0.00,926.00,6453.00,0.00,171018.26
6.67,0.00,0.00,0.00,17.00,0.00,920.00,6459.00,0.00,169947.95
6.68,0.00,0.00,0.00,17.00,0.00,915.00,6464.00,0.00,168895.71
6.69,0.00,0.00,0.00,17.00,0.00,910.00,6469.00,0.00,167859.99
6.69,0.00,0.00,0.00,17.00,0.00,905.00,6474.00,0.00,166839.33
6.70,0.00,0.00,0.00,17.00,0.00,894.00,6485.00,0.00,165742.30
6.71,0.00,0.00,0.00,17.00,0.00,890.00,6489.00,0.00,164680.70
6.72,0.00,0.00,0.00,17.00,0.00,886.00,6493.00,0.00,163651.44
6.72,0.00,0.00,0.00,17.00,0.00,884.00,6495.00,0.00,162681.77
6.73,0.00,0.00,0.00,17.00,0.00,874.00,6505.00,0.00,161646.29
6.74,0.00,0.00,0.00,17.00,0.00,868.00,6511.00,0.00,160610.85
6.74,0.00,0.00,0.00,17.00,0.00,862.00,6517.00,0.00,159575.43
6.75,0.00,0.00,0.00,17.00,0.00,858.00,6521.00,0.00,158570.07
6.76,0.00,0.00,0.00,17.00,0.00,850.00,6529.00,0.00,157532.07
6.76,0.00,0.00,0.00,17.00,0.00,843.00,6536.00,0.00,156479.30
6.77,0.00,0.00,0.00,17.00,0.00,838.00,6541.00,0.00,155443.08
6.78,0.00,0.00,0.00,17.00,0.00,835.00,6544.00,0.00,154452.02
6.78,0.00,0.00,0.00,17.00,0.00,826.00,6553.00,0.00,153412.05
6.79,0.00,0.00,0.00,17.00,0.00,821.00,6558.00,0.00,152387.53
6.80,0.00,0.00,0.00,17.00,0.00,814.00,6565.00,0.00,151347.05
6.81,0.00,0.00,0.00,17.00,0.00,812.00,6567.00,0.00,150367.12
6.81,0.00,0.00,0.00,17.00,0.00,809.00,6570.00,0.00,149427.46
6.82,0.00,0.00,0.00,17.00,0.00,804.00,6575.00,0.00,148494.50
6.83,0.00,0.00,0.00,17.00,0.00,801.00,6578.00,0.00,147597.71
6.83,0.00,0.00,0.00,17.00,0.00,796.00,6583.00,0.00,146703.90
6.84,0.00,0.00,0.00,17.00,0.00,792.00,6587.00,0.00,145827.82
6.85,0.00,0.00,0.00,17.00,0.00,790.00,6589.00,0.00,144997.98
6.85,0.00,0.00,0.00,17.00,0.00,786.00,6593.00,0.00,144180.30
6.86,0.00,0.00,0.00,17.00,0.00,773.00,6606.00,0.00,143238.53
6.87,0.00,0.00,0.00,17.00,0.00,765.00,6614.00,0.00,142258.58
6.88,0.00,0.00,0.00,17.00,0.00,761.00,6618.00,0.00,141303.86
6.88,0.00,0.00,0.00,17.00,0.00,758.00,6621.00,0.00,140387.21
6.89,0.00,0.00,0.00,17.00,0.00,756.00,6623.00,0.00,139520.33
6.90,0.00,0.00,0.00,17.00,0.00,754.00,6625.00,0.00,138698.89
6.90,0.00,0.00,0.00,17.00,0.00,750.00,6629.00,0.00,137888.89
6.91,0.00,0.00,0.00,17.00,0.00,745.00,6634.00,0.00,137074.30
6.92,0.00,0.00,0.00,17.00,0.00,736.00,6643.00,0.00,136195.43
6.92,0.00,0.00,0.00,17.00,0.00,730.00,6649.00,0.00,135302.95
6.93,0.00,0.00,0.00,17.00,0.00,723.00,6656.00,0.00,134383.03
6.94,0.00,0.00,0.00,17.00,0.00,716.00,6663.00,0.00,133438.04
6.94,0.00,0.00,0.00,17.00,0.00,711.00,6668.00,0.00,132500.23
6.95,0.00,0.00,0.00,17.00,0.00,706.00,6673.00,0.00,131568.96
6.96,0.00,0.00,0.00,17.00,0.00,696.00,6683.00,0.00,130568.55
6.97,0.00,0.00,0.00,17.00,0.00,690.00,6689.00,0.00,129565.12
6.97,0.00,0.00,0.00,17.00,0.00,686.00,6693.00,0.00,128588.96
6.98,0.00,0.00,0.00,17.00,0.00,681.00,6698.00,0.00,127622.69
6.99,0.00,0.00,0.00,17.00,0.00,676.00,6703.00,0.00,126665.45
6.99,0.00,0.00,0.00,17.00,0.00,671.00,6708.00,0.00,125716.44
7.00,0.00,0.00,0.00,17.00,0.00,668.00,6711.00,0.00,124805.00
7.01,0.00,0.00,0.00,17.00,0.00,662.00,6717.00,0.00,123882.78
7.01,0.00,0.00,0.00,17.00,0.00,659.00,6720.00,0.00,122995.80
7.02,0.00,0.00,0.00,17.00,0.00,653.00,6726.00,0.00,122095.91
7.03,0.00,0.00,0.00,17.00,0.00,648.00,6731.00,0.00,121199.27
7.03,0.00,0.00,0.00,17.00,0.00,643.00,6736.00,0.00,120305.59
7.04,0.00,0.00,0.00,17.00,0.00,637.00,6742.00,0.00,119399.58
7.05,0.00,0.00,0.00,17.00,0.00,627.00,6752.00,0.00,118422.24
7.06,0.00,0.00,0.00,17.00,0.00,623.00,6756.00,0.00,117469.91
7.06,0.00,0.00,0.00,17.00,0.00,618.00,6761.00,0.00,116525.39
7.07,0.00,0.00,0.00,17.00,0.00,611.00,6768.00,0.00,115557.95
7.08,0.00,0.00,0.00,17.00,0.00,610.00,6769.00,0.00,114659.73
7.08,0.00,0.00,0.00,17.00,0.00,601.00,6778.00,0.00,113704.51
7.09,0.00,0.00,0.00,17.00,0.00,594.00,6785.00,0.00,112727.31
7.10,0.00,0.00,0.00,17.00,0.00,588.00,6791.00,0.00,111745.06
7.10,0.00,0.00,0.00,17.00,0.00,583.00,6796.00,0.00,110773.22
7.11,0.00,0.00,0.00,17.00,0.00,576.00,6803.00,0.00,109780.85
7.12,0.00,0.00,0.00,17.00,0.00,572.00,6807.00,0.00,108814.80
7.12,0.00,0.00,0.00,17.00,0.00,565.00,6814.00,0.00,107827.70
7.13,0.00,0.00,0.00,17.00,0.00,557.00,6822.00,0.00,106806.37
7.14,0.00,0.00,0.00,17.00,0.00,553.00,6826.00,0.00,105813.88
7.15,0.00,0.00,0.00,17.00,0.00,548.00,6831.00,0.00,104832.70
7.15,0.00,0.00,0.00,17.00,0.00,540.00,6839.00,0.00,103816.77
7.16,0.00,0.00,0.00,17.00,0.00,536.00,6843.00,0.00,102829.22
7.17,0.00,0.00,0.00,17.00,0.00,530.00,6849.00,0.00,101837.51
7.17,0.00,0.00,0.00,17.00,0.00,523.00,6856.00,0.00,100827.00
7.18,0.00,0.00,0.00,17.00,0.00,518.00,6861.00,0.00,99829.36
7.19,0.00,0.00,0.00,17.00,0.00,512.00,6867.00,0.00,98828.46
7.19,0.00,0.00,0.00,17.00,0.00,506.00,6873.00,0.00,97824.57
7.20,0.00,0.00,0.00,17.00,0.00,502.00,6877.00,0.00,96848.00
7.21,0.00,0.00,0.00,17.00,0.00,498.00,6881.00,0.00,95896.38
7.22,0.00,0.00,0.00,17.00,0.00,491.00,6888.00,0.00,94922.45
7.22,0.00,0.00,0.00,17.00,0.00,489.00,6890.00,0.00,94003.29
7.23,0.00,0.00,0.00,17.00,0.00,484.00,6895.00,0.00,93089.05
7.24,0.00,0.00,0.00,17.00,0.00,480.00,6899.00,0.00,92194.32
7.24,0.00,0.00,0.00,17.00,0.00,477.00,6902.00,0.00,91332.44
7.25,0.00,0.00,0.00,17.00,0.00,473.00,6906.00,0.00,90485.51
7.26,0.00,0.00,0.00,17.00,0.00,468.00,6911.00,0.00,89637.21
7.26,0.00,0.00,0.00,17.00,0.00,460.00,6919.00,0.00,88742.60
7.27,0.00,0.00,0.00,17.00,0.00,454.00,6925.00,0.00,87835.74
7.28,0.00,0.00,0.00,17.00,0.00,447.00,6932.00,0.00,86902.69
7.28,0.00,0.00,0.00,17.00,0.00,441.00,6938.00,0.00,85960.75
7.29,0.00,0.00,0.00,17.00,0.00,435.00,6944.00,0.00,85010.68
7.30,0.00,0.00,0.00,17.00,0.00,428.00,6951.00,0.00,84038.19
7.31,0.00,0.00,0.00,17.00,0.00,421.00,6958.00,0.00,83045.21
7.31,0.00,0.00,0.00,17.00,0.00,417.00,6962.00,0.00,82078.61
7.32,0.00,0.00,0.00,17.00,0.00,413.00,6966.00,0.00,81136.08
7.33,0.00,0.00,0.00,17.00,0.00,411.00,6968.00,0.00,80245.57
7.33,0.00,0.00,0.00,17.00,0.00,405.00,6974.00,0.00,79342.47
7.34,0.00,0.00,0.00,17.00,0.00,401.00,6978.00,0.00,78457.92
7.35,0.00,0.00,0.00,17.00,0.00,394.00,6985.00,0.00,77545.22
7.35,0.00,0.00,0.00,17.00,0.00,392.00,6987.00,0.00,76681.96
7.36,0.00,0.00,0.00,17.00,0.00,389.00,6990.00,0.00,75848.79
7.37,0.00,0.00,0.00,17.00,0.00,383.00,6996.00,0.00,74998.04
7.38,0.00,0.00,0.00,17.00,0.00,380.00,6999.00,0.00,74176.29
7.38,0.00,0.00,0.00,17.00,0.00,377.00,7002.00,0.00,73381.03
7.39,0.00,0.00,0.00,17.00,0.00,371.00,7008.00,0.00,72564.88
7.40,0.00,0.00,0.00,17.00,0.00,364.00,7015.00,0.00,71714.64
7.40,0.00,0.00,0.00,17.00,0.00,360.00,7019.00,0.00,70878.34
7.41,0.00,0.00,0.00,17.00,0.00,354.00,7025.00,0.00,70024.72
7.42,0.00,0.00,0.00,17.00,0.00,349.00,7030.00,0.00,69170.31
7.42,0.00,0.00,0.00,17.00,0.00,346.00,7033.00,0.00,68345.24
7.43,0.00,0.00,0.00,17.00,0.00,341.00,7038.00,0.00,67516.89
7.44,0.00,0.00,0.00,17.00,0.00,337.00,7042.00,0.00,66700.58
7.44,0.00,0.00,0.00,17.00,0.00,327.00,7052.00,0.00,65805.12
7.45,0.00,0.00,0.00,17.00,0.00,325.00,7054.00,0.00,64957.59
7.46,0.00,0.00,0.00,17.00,0.00,323.00,7056.00,0.00,64153.81
7.47,0.00,0.00,0.00,17.00,0.00,318.00,7061.00,0.00,63344.90
7.47,0.00,0.00,0.00,17.00,0.00,315.00,7064.00,0.00,62561.36
7.48,0.00,0.00,0.00,17.00,0.00,308.00,7071.00,0.00,61740.89
7.49,0.00,0.00,0.00,17.00,0.00,306.00,7073.00,0.00,60961.81
7.49,0.00,0.00,0.00,17.00,0.00,301.00,7078.00,0.00,60175.46
7.50,0.00,0.00,0.00,17.00,0.00,297.00,7082.00,0.00,59397.49
7.51,0.00,0.00,0.00,17.00,0.00,291.00,7088.00,0.00,58597.12
7.51,0.00,0.00,0.00,17.00,0.00,287.00,7092.00,0.00,57806.35
7.52,0.00,0.00,0.00,17.00,0.00,283.00,7096.00,0.00,57024.35
7.53,0.00,0.00,0.00,17.00,0.00,278.00,7101.00,0.00,56235.32
7.53,0.00,0.00,0.00,17.00,0.00,275.00,7104.00,0.00,55469.93
7.54,0.00,0.00,0.00,17.00,0.00,271.00,7108.00,0.00,54711.10
7.55,0.00,0.00,0.00,17.00,0.00,267.00,7112.00,0.00,53958.25
7.56,0.00,0.00,0.00,17.00,0.00,262.00,7117.00,0.00,53195.83
7.56,0.00,0.00,0.00,17.00,0.00,260.00,7119.00,0.00,52469.76
7.57,0.00,0.00,0.00,17.00,0.00,256.00,7123.00,0.00,51746.83
7.58,0.00,0.00,0.00,17.00,0.00,254.00,7125.00,0.00,51056.79
7.58,0.00,0.00,0.00,17.00,0.00,248.00,7131.00,0.00,50336.70
7.59,0.00,0.00,0.00,17.00,0.00,244.00,7135.00,0.00,49619.22
7.60,0.00,0.00,0.00,17.00,0.00,242.00,7137.00,0.00,48934.17
7.60,0.00,0.00,0.00,17.00,0.00,239.00,7140.00,0.00,48263.71
7.61,0.00,0.00,0.00,17.00,0.00,236.00,7143.00,0.00,47606.55
7.62,0.00,0.00,0.00,17.00,0.00,232.00,7147.00,0.00,46946.53
7.62,0.00,0.00,0.00,17.00,0.00,229.00,7150.00,0.00,46298.91
7.63,0.00,0.00,0.00,17.00,0.00,226.00,7153.00,0.00,45662.61
7.64,0.00,0.00,0.00,17.00,0.00,223.00,7156.00,0.00,45036.64
7.65,0.00,0.00,0.00,17.00,0.00,218.00,7161.00,0.00,44390.07
7.65,0.00,0.00,0.00,17.00,0.00,213.00,7166.00,0.00,43724.69
7.66,0.00,0.00,0.00,17.00,0.00,211.00,7168.00,0.00,43087.19
7.67,0.00,0.00,0.00,17.00,0.00,207.00,7172.00,0.00,42445.12
7.67,0.00,0.00,0.00,17.00,0.00,204.00,7175.00,0.00,41813.88
7.68,0.00,0.00,0.00,17.00,0.00,200.00,7179.00,0.00,41177.52
7.69,0.00,0.00,0.00,17.00,0.00,195.00,7184.00,0.00,40521.45
7.69,0.00,0.00,0.00,17.00,0.00,190.00,7189.00,0.00,39847.40
7.70,0.00,0.00,0.00,17.00,0.00,189.00,7190.00,0.00,39217.02
7.71,0.00,0.00,0.00,17.00,0.00,186.00,7193.00,0.00,38596.46
7.72,0.00,0.00,0.00,17.00,0.00,184.00,7195.00,0.00,37999.88
7.72,0.00,0.00,0.00,17.00,0.00,181.00,7198.00,0.00,37410.19
7.73,0.00,0.00,0.00,17.00,0.00,179.00,7200.00,0.00,36841.80
7.74,0.00,0.00,0.00,17.00,0.00,174.00,7205.00,0.00,36247.78
7.74,0.00,0.00,0.00,17.00,0.00,173.00,7206.00,0.00,35690.47
7.75,0.00,0.00,0.00,17.00,0.00,170.00,7209.00,0.00,35136.62
7.76,0.00,0.00,0.00,17.00,0.00,164.00,7215.00,0.00,34540.85
7.76,0.00,0.00,0.00,17.00,0.00,161.00,7218.00,0.00,33951.90
7.77,0.00,0.00,0.00,17.00,0.00,157.00,7222.00,0.00,33354.13
7.78,0.00,0.00,0.00,17.00,0.00,153.00,7226.00,0.00,32748.32
7.78,0.00,0.00,0.00,17.00,0.00,152.00,7227.00,0.00,32180.24
7.79,0.00,0.00,0.00,17.00,0.00,152.00,7227.00,0.00,31661.63
7.80,0.00,0.00,0.00,17.00,0.00,151.00,7228.00,0.00,31173.15
7.81,0.00,0.00,0.00,17.00,0.00,148.00,7231.00,0.00,30682.14
7.81,0.00,0.00,0.00,17.00,0.00,148.00,7231.00,0.00,30233.88
7.82,0.00,0.00,0.00,17.00,0.00,143.00,7236.00,0.00,29749.54
7.83,0.00,0.00,0.00,17.00,0.00,140.00,7239.00,0.00,29262.31
7.83,0.00,0.00,0.00,17.00,0.00,138.00,7241.00,0.00,28787.45
7.84,0.00,0.00,0.00,17.00,0.00,136.00,7243.00,0.00,28323.90
7.85,0.00,0.00,0.00,17.00,0.00,135.00,7244.00,0.00,27885.69
7.85,0.00,0.00,0.00,17.00,0.00,131.00,7248.00,0.00,27425.54
7.86,0.00,0.00,0.00,17.00,0.00,129.00,7250.00,0.00,26975.42
7.87,0.00,0.00,0.00,17.00,0.00,128.00,7251.00,0.00,26549.47
7.88,0.00,0.00,0.00,17.00,0.00,126.00,7253.00,0.00,26130.56
7.88,0.00,0.00,0.00,17.00,0.00,126.00,7253.00,0.00,25748.13
7.89,0.00,0.00,0.00,17.00,0.00,125.00,7254.00,0.00,25383.97
7.90,0.00,0.00,0.00,17.00,0.00,123.00,7256.00,0.00,25021.48
7.90,0.00,0.00,0.00,17.00,0.00,119.00,7260.00,0.00,24630.46
7.91,0.00,0.00,0.00,17.00,0.00,115.00,7264.00,0.00,24213.40
7.92,0.00,0.00,0.00,17.00,0.00,114.00,7265.00,0.00,23817.63
7.92,0.00,0.00,0.00,17.00,0.00,113.00,7266.00,0.00,23441.30
7.93,0.00,0.00,0.00,17.00,0.00,111.00,7268.00,0.00,23067.69
7.94,0.00,0.00,0.00,17.00,0.00,106.00,7273.00,0.00,22651.50
7.94,0.00,0.00,0.00,17.00,0.00,105.00,7274.00,0.00,22256.52
7.95,0.00,0.00,0.00,17.00,0.00,105.00,7274.00,0.00,21895.94
7.96,0.00,0.00,0.00,17.00,0.00,105.00,7274.00,0.00,21566.76
7.97,0.00,0.00,0.00,17.00,0.00,104.00,7275.00,0.00,21251.21
7.97,0.00,0.00,0.00,17.00,0.00,103.00,7276.00,0.00,20948.12
7.98,0.00,0.00,0.00,17.00,0.00,98.00,7281.00,0.00,20596.31
7.99,0.00,0.00,0.00,17.00,0.00,96.00,7283.00,0.00,20245.09
7.99,0.00,0.00,0.00,17.00,0.00,95.00,7284.00,0.00,19909.42
8.00,0.00,0.00,0.00,17.00,0.00,92.00,7287.00,0.00,19557.91
8.01,0.00,0.00,0.00,17.00,0.00,90.00,7289.00,0.00,19206.97
8.01,0.00,0.00,0.00,17.00,0.00,89.00,7290.00,0.00,18871.56
8.02,0.00,0.00,0.00,17.00,0.00,88.00,7291.00,0.00,18550.34
8.03,0.00,0.00,0.00,17.00,0.00,88.00,7291.00,0.00,18257.08
8.03,0.00,0.00,0.00,17.00,0.00,87.00,7292.00,0.00,17974.34
8.04,0.00,0.00,0.00,17.00,0.00,86.00,7293.00,0.00,17701.19
8.05,0.00,0.00,0.00,17.00,0.00,85.00,7294.00,0.00,17436.81
8.06,0.00,0.00,0.00,17.00,0.00,83.00,7296.00,0.00,17165.40
8.06,0.00,0.00,0.00,17.00,0.00,82.00,7297.00,0.00,16902.60
8.07,0.00,0.00,0.00,17.00,0.00,81.00,7298.00,0.00,16647.66
8.08,0.00,0.00,0.00,17.00,0.00,80.00,7299.00,0.00,16399.90
8.08,0.00,0.00,0.00,17.00,0.00,77.00,7302.00,0.00,16128.64
8.09,0.00,0.00,0.00,17.00,0.00,76.00,7303.00,0.00,15865.98
8.10,0.00,0.00,0.00,17.00,0.00,74.00,7305.00,0.00,15596.15
8.10,0.00,0.00,0.00,17.00,0.00,71.00,7308.00,0.00,15304.74
8.11,0.00,0.00,0.00,17.00,0.00,71.00,7308.00,0.00,15038.70
8.12,0.00,0.00,0.00,17.00,0.00,68.00,7311.00,0.00,14750.76
8.12,0.00,0.00,0.00,17.00,0.00,68.00,7311.00,0.00,14487.90
8.13,0.00,0.00,0.00,17.00,0.00,67.00,7312.00,0.00,14232.90
8.14,0.00,0.00,0.00,17.00,0.00,67.00,7312.00,0.00,14000.10
8.15,0.00,0.00,0.00,17.00,0.00,64.00,7315.00,0.00,13742.51
8.15,0.00,0.00,0.00,17.00,0.00,63.00,7316.00,0.00,13492.32
8.16,0.00,0.00,0.00,17.00,0.00,62.00,7317.00,0.00,13248.90
8.17,0.00,0.00,0.00,17.00,0.00,59.00,7320.00,0.00,12981.60
8.17,0.00,0.00,0.00,17.00,0.00,58.00,7321.00,0.00,12722.56
8.18,0.00,0.00,0.00,17.00,0.00,56.00,7323.00,0.00,12456.02
8.19,0.00,0.00,0.00,17.00,0.00,56.00,7323.00,0.00,12212.70
8.19,0.00,0.00,0.00,17.00,0.00,54.00,7325.00,0.00,11960.51
8.20,0.00,0.00,0.00,17.00,0.00,54.00,7325.00,0.00,11730.29
8.21,0.00,0.00,0.00,17.00,0.00,52.00,7327.00,0.00,11490.06
8.22,0.00,0.00,0.00,17.00,0.00,50.00,7329.00,0.00,11240.71
8.22,0.00,0.00,0.00,17.00,0.00,48.00,7331.00,0.00,10983.02
8.23,0.00,0.00,0.00,17.00,0.00,46.00,7333.00,0.00,10717.73
8.24,0.00,0.00,0.00,17.00,0.00,46.00,7333.00,0.00,10475.53
8.24,0.00,0.00,0.00,17.00,0.00,45.00,7334.00,0.00,10239.41
8.25,0.00,0.00,0.00,17.00,0.00,44.00,7335.00,0.00,10008.82
8.26,0.00,0.00,0.00,17.00,0.00,43.00,7336.00,0.00,9783.28
8.26,0.00,0.00,0.00,17.00,0.00,42.00,7337.00,0.00,9562.37
8.27,0.00,0.00,0.00,17.00,0.00,42.00,7337.00,0.00,9360.68
8.28,0.00,0.00,0.00,17.00,0.00,42.00,7337.00,0.00,9176.56
8.28,0.00,0.00,0.00,17.00,0.00,41.00,7338.00,0.00,8993.45
8.29,0.00,0.00,0.00,17.00,0.00,41.00,7338.00,0.00,8826.29
8.30,0.00,0.00,0.00,17.00,0.00,41.00,7338.00,0.00,8673.68
8.31,0.00,0.00,0.00,17.00,0.00,41.00,7338.00,0.00,8534.36
8.31,0.00,0.00,0.00,17.00,0.00,41.00,7338.00,0.00,8407.17
8.32,0.00,0.00,0.00,17.00,0.00,41.00,7338.00,0.00,8291.05
8.33,0.00,0.00,0.00,17.00,0.00,41.00,7338.00,0.00,8185.05
8.33,0.00,0.00,0.00,17.00,0.00,39.00,7340.00,0.00,8058.23
8.34,0.00,0.00,0.00,17.00,0.00,39.00,7340.00,0.00,7942.45
8.35,0.00,0.00,0.00,17.00,0.00,39.00,7340.00,0.00,7836.76
8.35,0.00,0.00,0.00,17.00,0.00,39.00,7340.00,0.00,7740.26
8.36,0.00,0.00,0.00,17.00,0.00,38.00,7341.00,0.00,7637.15
8.37,0.00,0.00,0.00,17.00,0.00,37.00,7342.00,0.00,7527.99
8.38,0.00,0.00,0.00,17.00,0.00,34.00,7345.00,0.00,7383.27
8.38,0.00,0.00,0.00,17.00,0.00,33.00,7346.00,0.00,7236.13
8.39,0.00,0.00,0.00,17.00,0.00,32.00,7347.00,0.00,7086.78
8.40,0.00,0.00,0.00,17.00,0.00,31.00,7348.00,0.00,6935.40
8.40,0.00,0.00,0.00,17.00,0.00,31.00,7348.00,0.00,6797.21
8.41,0.00,0.00,0.00,17.00,0.00,31.00,7348.00,0.00,6671.06
8.42,0.00,0.00,0.00,17.00,0.00,31.00,7348.00,0.00,6555.88
8.42,0.00,0.00,0.00,17.00,0.00,30.00,7349.00,0.00,6435.72
8.43,0.00,0.00,0.00,17.00,0.00,29.00,7350.00,0.00,6310.99
8.44,0.00,0.00,0.00,17.00,0.00,28.00,7351.00,0.00,6182.10
8.44,0.00,0.00,0.00,17.00,0.00,27.00,7352.00,0.00,6049.41
8.45,0.00,0.00,0.00,17.00,0.00,27.00,7352.00,0.00,5928.28
8.46,0.00,0.00,0.00,17.00,0.00,27.00,7352.00,0.00,5817.69
8.47,0.00,0.00,0.00,17.00,0.00,27.00,7352.00,0.00,5716.74
8.47,0.00,0.00,0.00,17.00,0.00,27.00,7352.00,0.00,5624.57
8.48,0.00,0.00,0.00,17.00,0.00,27.00,7352.00,0.00,5540.43
8.49,0.00,0.00,0.00,17.00,0.00,27.00,7352.00,0.00,5463.61
8.49,0.00,0.00,0.00,17.00,0.00,27.00,7352.00,0.00,5393.49
8.50,0.00,0.00,0.00,17.00,0.00,25.00,7354.00,0.00,5299.42
8.51,0.00,0.00,0.00,17.00,0.00,25.00,7354.00,0.00,5213.55
8.51,0.00,0.00,0.00,17.00,0.00,23.00,7356.00,0.00,5105.11
8.52,0.00,0.00,0.00,17.00,0.00,23.00,7356.00,0.00,5006.10
8.53,0.00,0.00,0.00,17.00,0.00,23.00,7356.00,0.00,4915.72
8.53,0.00,0.00,0.00,17.00,0.00,23.00,7356.00,0.00,4833.21
8.54,0.00,0.00,0.00,17.00,0.00,23.00,7356.00,0.00,4757.89
8.55,0.00,0.00,0.00,17.00,0.00,23.00,7356.00,0.00,4689.12
8.56,0.00,0.00,0.00,17.00,0.00,21.00,7358.00,0.00,4596.30
8.56,0.00,0.00,0.00,17.00,0.00,21.00,7358.00,0.00,4511.56
8.57,0.00,0.00,0.00,17.00,0.00,21.00,7358.00,0.00,4434.19
8.58,0.00,0.00,0.00,17.00,0.00,21.00,7358.00,0.00,4363.57
8.58,0.00,0.00,0.00,17.00,0.00,21.00,7358.00,0.00,4299.09
8.59,0.00,0.00,0.00,17.00,0.00,21.00,7358.00,0.00,4240.23
8.60,0.00,0.00,0.00,17.00,0.00,19.00,7360.00,0.00,4156.45
8.60,0.00,0.00,0.00,17.00,0.00,17.00,7362.00,0.00,4049.91
8.61,0.00,0.00,0.00,17.00,0.00,17.00,7362.00,0.00,3952.65
8.62,0.00,0.00,0.00,17.00,0.00,16.00,7363.00,0.00,3848.84
8.62,0.00,0.00,0.00,17.00,0.00,16.00,7363.00,0.00,3754.07
8.63,0.00,0.00,0.00,17.00,0.00,16.00,7363.00,0.00,3667.55
8.64,0.00,0.00,0.00,17.00,0.00,16.00,7363.00,0.00,3588.57
8.65,0.00,0.00,0.00,17.00,0.00,15.00,7364.00,0.00,3501.43
8.65,0.00,0.00,0.00,17.00,0.00,15.00,7364.00,0.00,3421.89
8.66,0.00,0.00,0.00,17.00,0.00,14.00,7365.00,0.00,3334.25
8.67,0.00,0.00,0.00,17.00,0.00,14.00,7365.00,0.00,3254.24
8.67,0.00,0.00,0.00,17.00,0.00,14.00,7365.00,0.00,3181.20
8.68,0.00,0.00,0.00,17.00,0.00,14.00,7365.00,0.00,3114.51
8.69,0.00,0.00,0.00,17.00,0.00,14.00,7365.00,0.00,3053.64
8.69,0.00,0.00,0.00,17.00,0.00,14.00,7365.00,0.00,2998.06
8.70,0.00,0.00,0.00,17.00,0.00,14.00,7365.00,0.00,2947.33
8.71,0.00,0.00,0.00,17.00,0.00,14.00,7365.00,0.00,2901.01
8.72,0.00,0.00,0.00,17.00,0.00,14.00,7365.00,0.00,2858.73
8.72,0.00,0.00,0.00,17.00,0.00,13.00,7366.00,0.00,2805.10
8.73,0.00,0.00,0.00,17.00,0.00,12.00,7367.00,0.00,2741.12
8.74,0.00,0.00,0.00,17.00,0.00,12.00,7367.00,0.00,2682.71
8.74,0.00,0.00,0.00,17.00,0.00,12.00,7367.00,0.00,2629.39
8.75,0.00,0.00,0.00,17.00,0.00,12.00,7367.00,0.00,2580.71
8.76,0.00,0.00,0.00,17.00,0.00,12.00,7367.00,0.00,2536.27
8.76,0.00,0.00,0.00,17.00,0.00,11.00,7368.00,0.00,2480.68
8.77,0.00,0.00,0.00,17.00,0.00,10.00,7369.00,0.00,2414.90
8.78,0.00,0.00,0.00,17.00,0.00,10.00,7369.00,0.00,2354.85
8.78,0.00,0.00,0.00,17.00,0.00,9.00,7370.00,0.00,2285.01
8.79,0.00,0.00,0.00,17.00,0.00,9.00,7370.00,0.00,2221.25
8.80,0.00,0.00,0.00,17.00,0.00,9.00,7370.00,0.00,2163.04
8.81,0.00,0.00,0.00,17.00,0.00,9.00,7370.00,0.00,2109.90
8.81,0.00,0.00,0.00,17.00,0.00,9.00,7370.00,0.00,2061.38
8.82,0.00,0.00,0.00,17.00,0.00,9.00,7370.00,0.00,2017.09
8.83,0.00,0.00,0.00,17.00,0.00,9.00,7370.00,0.00,1976.66
8.83,0.00,0.00,0.00,17.00,0.00,9.00,7370.00,0.00,1939.75
8.84,0.00,0.00,0.00,17.00,0.00,9.00,7370.00,0.00,1906.05
8.85,0.00,0.00,0.00,17.00,0.00,9.00,7370.00,0.00,1875.29
8.85,0.00,0.00,0.00,17.00,0.00,9.00,7370.00,0.00,1847.20
8.86,0.00,0.00,0.00,17.00,0.00,9.00,7370.00,0.00,1821.57
8.87,0.00,0.00,0.00,17.00,0.00,7.00,7372.00,0.00,1768.11
8.88,0.00,0.00,0.00,17.00,0.00,7.00,7372.00,0.00,1719.31
8.88,0.00,0.00,0.00,17.00,0.00,7.00,7372.00,0.00,1674.76
8.89,0.00,0.00,0.00,17.00,0.00,7.00,7372.00,0.00,1634.09
8.90,0.00,0.00,0.00,17.00,0.00,6.00,7373.00,0.00,1581.94
8.90,0.00,0.00,0.00,17.00,0.00,6.00,7373.00,0.00,1534.33
8.91,0.00,0.00,0.00,17.00,0.00,6.00,7373.00,0.00,1490.87
8.92,0.00,0.00,0.00,17.00,0.00,6.00,7373.00,0.00,1451.19
8.92,0.00,0.00,0.00,17.00,0.00,6.00,7373.00,0.00,1414.96
8.93,0.00,0.00,0.00,17.00,0.00,6.00,7373.00,0.00,1381.89
8.94,0.00,0.00,0.00,17.00,0.00,5.00,7374.00,0.00,1336.68
8.94,0.00,0.00,0.00,17.00,0.00,5.00,7374.00,0.00,1295.40
8.95,0.00,0.00,0.00,17.00,0.00,5.00,7374.00,0.00,1257.72
8.96,0.00,0.00,0.00,17.00,0.00,5.00,7374.00,0.00,1223.32
8.97,0.00,0.00,0.00,17.00,0.00,5.00,7374.00,0.00,1191.91
8.97,0.00,0.00,0.00,17.00,0.00,5.00,7374.00,0.00,1163.24
8.98,0.00,0.00,0.00,17.00,0.00,5.00,7374.00,0.00,1137.06
8.99,0.00,0.00,0.00,17.00,0.00,5.00,7374.00,0.00,1113.17
8.99,0.00,0.00,0.00,17.00,0.00,5.00,7374.00,0.00,1091.35
9.00,0.00,0.00,0.00,17.00,0.00,5.00,7374.00,0.00,1071.44
9.01,0.00,0.00,0.00,17.00,0.00,5.00,7374.00,0.00,1053.26
9.01,0.00,0.00,0.00,17.00,0.00,5.00,7374.00,0.00,1036.66
9.02,0.00,0.00,0.00,17.00,0.00,4.00,7375.00,0.00,1006.48
9.03,0.00,0.00,0.00,17.00,0.00,4.00,7375.00,0.00,978.94
9.03,0.00,0.00,0.00,17.00,0.00,4.00,7375.00,0.00,953.79
9.04,0.00,0.00,0.00,17.00,0.00,4.00,7375.00,0.00,930.83
9.05,0.00,0.00,0.00,17.00,0.00,4.00,7375.00,0.00,909.87
9.06,0.00,0.00,0.00,17.00,0.00,3.00,7376.00,0.00,875.71
9.06,0.00,0.00,0.00,17.00,0.00,3.00,7376.00,0.00,844.53
9.07,0.00,0.00,0.00,17.00,0.00,3.00,7376.00,0.00,816.06
9.08,0.00,0.00,0.00,17.00,0.00,3.00,7376.00,0.00,790.07
9.08,0.00,0.00,0.00,17.00,0.00,3.00,7376.00,0.00,766.34
9.09,0.00,0.00,0.00,17.00,0.00,3.00,7376.00,0.00,744.68
9.10,0.00,0.00,0.00,17.00,0.00,3.00,7376.00,0.00,724.91
9.10,0.00,0.00,0.00,17.00,0.00,3.00,7376.00,0.00,706.85
9.11,0.00,0.00,0.00,17.00,0.00,3.00,7376.00,0.00,690.37
9.12,0.00,0.00,0.00,17.00,0.00,3.00,7376.00,0.00,675.33
9.12,0.00,0.00,0.00,17.00,0.00,3.00,7376.00,0.00,661.59
9.13,0.00,0.00,0.00,17.00,0.00,3.00,7376.00,0.00,649.05
9.14,0.00,0.00,0.00,17.00,0.00,3.00,7376.00,0.00,637.60
9.15,0.00,0.00,0.00,17.00,0.00,3.00,7376.00,0.00,627.15
9.15,0.00,0.00,0.00,17.00,0.00,3.00,7376.00,0.00,617.61
9.16,0.00,0.00,0.00,17.00,0.00,3.00,7376.00,0.00,608.90
9.17,0.00,0.00,0.00,17.00,0.00,3.00,7376.00,0.00,600.95
9.17,0.00,0.00,0.00,17.00,0.00,3.00,7376.00,0.00,593.69
9.18,0.00,0.00,0.00,17.00,0.00,2.00,7377.00,0.00,572.04
9.19,0.00,0.00,0.00,17.00,0.00,2.00,7377.00,0.00,552.28
9.19,0.00,0.00,0.00,17.00,0.00,2.00,7377.00,0.00,534.23
9.20,0.00,0.00,0.00,17.00,0.00,2.00,7377.00,0.00,517.76
9.21,0.00,0.00,0.00,17.00,0.00,2.00,7377.00,0.00,502.72
9.22,0.00,0.00,0.00,17.00,0.00,2.00,7377.00,0.00,488.99
9.22,0.00,0.00,0.00,17.00,0.00,2.00,7377.00,0.00,476.46
9.23,0.00,0.00,0.00,17.00,0.00,2.00,7377.00,0.00,465.02
9.24,0.00,0.00,0.00,17.00,0.00,2.00,7377.00,0.00,454.57
9.24,0.00,0.00,0.00,17.00,0.00,2.00,7377.00,0.00,445.04
9.25,0.00,0.00,0.00,17.00,0.00,2.00,7377.00,0.00,436.33
9.26,0.00,0.00,0.00,17.00,0.00,2.00,7377.00,0.00,428.38
9.26,0.00,0.00,0.00,17.00,0.00,2.00,7377.00,0.00,421.13
9.27,0.00,0.00,0.00,17.00,0.00,2.00,7377.00,0.00,414.50
9.28,0.00,0.00,0.00,17.00,0.00,2.00,7377.00,0.00,408.46
9.28,0.00,0.00,0.00,17.00,0.00,2.00,7377.00,0.00,402.94
9.29,0.00,0.00,0.00,17.00,0.00,2.00,7377.00,0.00,397.90
9.30,0.00,0.00,0.00,17.00,0.00,2.00,7377.00,0.00,393.30
9.31,0.00,0.00,0.00,17.00,0.00,2.00,7377.00,0.00,389.09
9.31,0.00,0.00,0.00,17.00,0.00,2.00,7377.00,0.00,385.26
9.32,0.00,0.00,0.00,17.00,0.00,2.00,7377.00,0.00,381.76
9.33,0.00,0.00,0.00,17.00,0.00,1.00,7378.00,0.00,363.54
9.33,0.00,0.00,0.00,17.00,0.00,1.00,7378.00,0.00,346.91
9.34,0.00,0.00,0.00,17.00,0.00,1.00,7378.00,0.00,331.72
9.35,0.00,0.00,0.00,17.00,0.00,1.00,7378.00,0.00,317.86
9.35,0.00,0.00,0.00,17.00,0.00,1.00,7378.00,0.00,305.21
9.36,0.00,0.00,0.00,17.00,0.00,1.00,7378.00,0.00,293.65
9.37,0.00,0.00,0.00,17.00,0.00,1.00,7378.00,0.00,283.11
9.38,0.00,0.00,0.00,17.00,0.00,1.00,7378.00,0.00,273.48
9.38,0.00,0.00,0.00,17.00,0.00,1.00,7378.00,0.00,264.69
9.39,0.00,0.00,0.00,17.00,0.00,1.00,7378.00,0.00,256.66
9.40,0.00,0.00,0.00,17.00,0.00,1.00,7378.00,0.00,249.34
9.40,0.00,0.00,0.00,17.00,0.00,1.00,7378.00,0.00,242.65
9.41,0.00,0.00,0.00,17.00,0.00,1.00,7378.00,0.00,236.54
9.42,0.00,0.00,0.00,17.00,0.00,1.00,7378.00,0.00,230.97
9.42,0.00,0.00,0.00,17.00,0.00,1.00,7378.00,0.00,225.88
9.43,0.00,0.00,0.00,17.00,0.00,1.00,7378.00,0.00,221.23
9.44,0.00,0.00,0.00,17.00,0.00,1.00,7378.00,0.00,216.99
9.44,0.00,0.00,0.00,17.00,0.00,1.00,7378.00,0.00,213.12
9.45,0.00,0.00,0.00,17.00,0.00,1.00,7378.00,0.00,209.59
9.46,0.00,0.00,0.00,17.00,0.00,1.00,7378.00,0.00,206.36
9.47,0.00,0.00,0.00,17.00,0.00,1.00,7378.00,0.00,203.41
9.47,0.00,0.00,0.00,17.00,0.00,1.00,7378.00,0.00,200.72
9.48,0.00,0.00,0.00,17.00,0.00,1.00,7378.00,0.00,198.27
9.49,0.00,0.00,0.00,17.00,0.00,1.00,7378.00,0.00,196.03
9.49,0.00,0.00,0.00,17.00,0.00,1.00,7378.00,0.00,193.98
9.50,0.00,0.00,0.00,17.00,0.00,1.00,7378.00,0.00,192.11
9.51,0.00,0.00,0.00,17.00,0.00,1.00,7378.00,0.00,190.41
9.51,0.00,0.00,0.00,17.00,0.00,1.00,7378.00,0.00,188.85
9.52,0.00,0.00,0.00,17.00,0.00,1.00,7378.00,0.00,187.43
9.53,0.00,0.00,0.00,17.00,0.00,1.00,7378.00,0.00,186.13
9.53,0.00,0.00,0.00,17.00,0.00,1.00,7378.00,0.00,184.95
9.54,0.00,0.00,0.00,17.00,0.00,1.00,7378.00,0.00,183.87
9.55,0.00,0.00,0.00,17.00,0.00,1.00,7378.00,0.00,182.88
9.56,0.00,0.00,0.00,17.00,0.00,1.00,7378.00,0.00,181.98
9.56,0.00,0.00,0.00,17.00,0.00,1.00,7378.00,0.00,181.16
9.57,0.00,0.00,0.00,17.00,0.00,1.00,7378.00,0.00,180.40
9.58,0.00,0.00,0.00,17.00,0.00,1.00,7378.00,0.00,179.72
9.58,0.00,0.00,0.00,17.00,0.00,1.00,7378.00,0.00,179.09
9.59,0.00,0.00,0.00,17.00,0.00,1.00,7378.00,0.00,178.52
9.60,0.00,0.00,0.00,17.00,0.00,1.00,7378.00,0.00,178.00
9.60,0.00,0.00,0.00,17.00,0.00,1.00,7378.00,0.00,177.52
9.61,0.00,0.00,0.00,17.00,0.00,1.00,7378.00,0.00,177.09
9.62,0.00,0.00,0.00,17.00,0.00,1.00,7378.00,0.00,176.69
9.62,0.00,0.00,0.00,17.00,0.00,0.00,7379.00,0.00,161.31
9.63,0.00,0.00,0.00,17.00,0.00,0.00,7379.00,0.00,147.26
9.64,0.00,0.00,0.00,17.00,0.00,0.00,7379.00,0.00,134.44
9.65,0.00,0.00,0.00,17.00,0.00,0.00,7379.00,0.00,122.73
9.65,0.00,0.00,0.00,17.00,0.00,0.00,7379.00,0.00,112.04
9.66,0.00,0.00,0.00,17.00,0.00,0.00,7379.00,0.00,102.29
9.67,0.00,0.00,0.00,17.00,0.00,0.00,7379.00,0.00,93.38
9.67,0.00,0.00,0.00,17.00,0.00,0.00,7379.00,0.00,85.25
9.68,0.00,0.00,0.00,17.00,0.00,0.00,7379.00,0.00,77.83
9.69,0.00,0.00,0.00,17.00,0.00,0.00,7379.00,0.00,71.05
9.69,0.00,0.00,0.00,17.00,0.00,0.00,7379.00,0.00,64.86
9.70,0.00,0.00,0.00,17.00,0.00,0.00,7379.00,0.00,59.21
9.71,0.00,0.00,0.00,17.00,0.00,0.00,7379.00,0.00,54.06
9.72,0.00,0.00,0.00,17.00,0.00,0.00,7379.00,0.00,49.35
9.72,0.00,0.00,0.00,17.00,0.00,0.00,7379.00,0.00,45.05
9.73,0.00,0.00,0.00,17.00,0.00,0.00,7379.00,0.00,41.13
9.74,0.00,0.00,0.00,17.00,0.00,0.00,7379.00,0.00,37.55
9.74,0.00,0.00,0.00,17.00,0.00,0.00,7379.00,0.00,34.28
9.75,0.00,0.00,0.00,17.00,0.00,0.00,7379.00,0.00,31.29
9.76,0.00,0.00,0.00,17.00,0.00,0.00,7379.00,0.00,28.57
9.76,0.00,0.00,0.00,17.00,0.00,0.00,7379.00,0.00,26.08
9.77,0.00,0.00,0.00,17.00,0.00,0.00,7379.00,0.00,23.81
9.78,0.00,0.00,0.00,17.00,0.00,0.00,7379.00,0.00,21.74
9.78,0.00,0.00,0.00,17.00,0.00,0.00,7379.00,0.00,19.84
9.79,0.00,0.00,0.00,17.00,0.00,0.00,7379.00,0.00,18.12
9.80,0.00,0.00,0.00,17.00,0.00,0.00,7379.00,0.00,16.54
9.81,0.00,0.00,0.00,17.00,0.00,0.00,7379.00,0.00,15.10
9.81,0.00,0.00,0.00,17.00,0.00,0.00,7379.00,0.00,13.78
9.82,0.00,0.00,0.00,17.00,0.00,0.00,7379.00,0.00,12.58
9.83,0.00,0.00,0.00,17.00,0.00,0.00,7379.00,0.00,11.49
9.83,0.00,0.00,0.00,17.00,0.00,0.00,7379.00,0.00,10.49
9.84,0.00,0.00,0.00,17.00,0.00,0.00,7379.00,0.00,9.57
9.85,0.00,0.00,0.00,17.00,0.00,0.00,7379.00,0.00,8.74
9.85,0.00,0.00,0.00,17.00,0.00,0.00,7379.00,0.00,7.98
9.86,0.00,0.00,0.00,17.00,0.00,0.00,7379.00,0.00,7.28
9.87,0.00,0.00,0.00,17.00,0.00,0.00,7379.00,0.00,6.65
9.88,0.00,0.00,0.00,17.00,0.00,0.00,7379.00,0.00,6.07
9.88,0.00,0.00,0.00,17.00,0.00,0.00,7379.00,0.00,5.54
9.89,0.00,0.00,0.00,17.00,0.00,0.00,7379.00,0.00,5.06
9.90,0.00,0.00,0.00,17.00,0.00,0.00,7379.00,0.00,4.62
9.90,0.00,0.00,0.00,17.00,0.00,0.00,7379.00,0.00,4.22
9.91,0.00,0.00,0.00,17.00,0.00,0.00,7379.00,0.00,3.85
9.92,0.00,0.00,0.00,17.00,0.00,0.00,7379.00,0.00,3.51
9.92,0.00,0.00,0.00,17.00,0.00,0.00,7379.00,0.00,3.21
9.93,0.00,0.00,0.00,17.00,0.00,0.00,7379.00,0.00,2.93
9.94,0.00,0.00,0.00,17.00,0.00,0.00,7379.00,0.00,2.67
9.94,0.00,0.00,0.00,17.00,0.00,0.00,7379.00,0.00,2.44
9.95,0.00,0.00,0.00,17.00,0.00,0.00,7379.00,0.00,2.23
9.96,0.00,0.00,0.00,17.00,0.00,0.00,7379.00,0.00,2.03
9.97,0.00,0.00,0.00,17.00,0.00,0.00,7379.00,0.00,1.86
9.97,0.00,0.00,0.00,17.00,0.00,0.00,7379.00,0.00,1.70
9.98,0.00,0.00,0.00,17.00,0.00,0.00,7379.00,0.00,1.55
9.99,0.00,0.00,0.00,17.00,0.00,0.00,7379.00,0.00,1.41
9.99,0.00,0.00,0.00,17.00,0.00,0.00,7379.00,0.00,1.29
