Time,U,AI1,AI2,AD,BI2,BI2,BD,VA,VB
0.00,7395.00,0.00,0.00,0.00,1.00,0.00,0.00,75.00,75.00
0.01,7393.00,1.00,0.00,0.00,2.00,0.00,0.00,68.52,68.47
0.01,7390.00,2.00,0.00,0.00,4.00,0.00,0.00,62.60,62.51
0.02,7389.00,2.00,0.00,0.00,5.00,0.00,0.00,57.19,57.06
0.03,7389.00,2.00,0.00,0.00,5.00,0.00,0.00,52.25,52.10
0.03,7389.00,2.00,0.00,0.00,5.00,0.00,0.00,47.73,47.56
0.04,7387.00,3.00,0.00,0.00,6.00,0.00,0.00,43.61,43.42
0.05,7387.00,3.00,0.00,0.00,6.00,0.00,0.00,39.84,39.64
0.06,7384.00,5.00,0.00,0.00,6.00,1.00,0.00,36.40,51.21
0.06,7384.00,5.00,0.00,0.00,6.00,1.00,0.00,33.25,61.77
0.07,7384.00,5.00,0.00,0.00,6.00,1.00,0.00,30.38,71.42
0.08,7384.00,5.00,0.00,0.00,6.00,1.00,0.00,27.75,80.22
0.08,7383.00,6.00,0.00,0.00,6.00,1.00,0.00,25.36,88.26
0.09,7382.00,6.00,0.00,0.00,7.00,1.00,0.00,23.17,95.60
0.10,7380.00,7.00,0.00,0.00,8.00,1.00,0.00,21.16,102.30
0.10,7380.00,6.00,1.00,0.00,8.00,1.00,0.00,34.36,108.41
0.11,7377.00,8.00,1.00,0.00,8.00,2.00,0.00,46.41,129.02
0.12,7377.00,8.00,1.00,0.00,8.00,2.00,0.00,57.43,147.83
0.12,7373.00,8.00,2.00,0.00,11.00,2.00,0.00,82.51,165.00
0.13,7370.00,9.00,1.00,1.00,12.00,3.00,0.00,90.40,195.71
0.14,7367.00,10.00,1.00,1.00,14.00,3.00,0.00,97.61,223.73
0.15,7364.00,11.00,3.00,1.00,14.00,3.00,0.00,134.25,249.32
0.15,7364.00,11.00,3.00,1.00,13.00,3.00,1.00,167.72,272.68
0.16,7364.00,11.00,3.00,1.00,13.00,3.00,1.00,198.30,294.01
0.17,7360.00,14.00,3.00,1.00,12.00,5.00,1.00,226.23,343.52
0.17,7357.00,17.00,1.00,3.00,11.00,6.00,1.00,221.71,403.75
0.18,7351.00,19.00,3.00,3.00,12.00,6.00,2.00,247.62,458.73
0.19,7342.00,24.00,4.00,3.00,15.00,6.00,2.00,286.32,508.92
0.19,7338.00,25.00,5.00,3.00,16.00,7.00,2.00,336.69,569.77
0.20,7334.00,27.00,4.00,4.00,18.00,7.00,2.00,367.69,625.32
0.21,7330.00,28.00,5.00,4.00,19.00,8.00,2.00,411.04,691.05
0.22,7323.00,33.00,5.00,4.00,20.00,9.00,2.00,450.63,766.09
0.22,7310.00,37.00,6.00,4.00,27.00,10.00,2.00,501.84,849.61
0.23,7299.00,40.00,8.00,4.00,31.00,12.00,2.00,578.66,955.91
0.24,7288.00,45.00,7.00,5.00,36.00,12.00,3.00,633.82,1052.95
0.24,7273.00,51.00,8.00,5.00,42.00,14.00,3.00,699.24,1171.59
0.25,7261.00,53.00,10.00,5.00,47.00,16.00,4.00,789.05,1309.94
0.26,7247.00,57.00,12.00,5.00,54.00,17.00,4.00,901.15,1451.27
0.26,7231.00,68.00,13.00,5.00,56.00,19.00,4.00,1018.58,1610.34
0.27,7213.00,76.00,15.00,5.00,61.00,22.00,4.00,1155.92,1800.62
0.28,7199.00,81.00,17.00,5.00,67.00,23.00,4.00,1311.43,1989.36
0.28,7178.00,94.00,20.00,5.00,71.00,23.00,5.00,1498.58,2161.67
0.29,7153.00,107.00,22.00,5.00,81.00,23.00,5.00,1699.60,2318.97
0.30,7127.00,122.00,25.00,7.00,85.00,25.00,5.00,1928.32,2492.62
0.31,7099.00,137.00,29.00,7.00,88.00,31.00,5.00,2197.37,2741.29
0.31,7067.00,150.00,34.00,8.00,98.00,32.00,7.00,2518.28,2983.33
0.32,7027.00,174.00,40.00,8.00,105.00,35.00,7.00,2901.61,3249.37
0.33,6995.00,190.00,47.00,8.00,111.00,38.00,7.00,3356.98,3537.30
0.33,6953.00,218.00,50.00,9.00,115.00,41.00,10.00,3818.07,3845.24
0.34,6903.00,254.00,53.00,10.00,120.00,46.00,10.00,4284.38,4201.47
0.35,6860.00,282.00,55.00,12.00,126.00,51.00,10.00,4740.45,4601.80
0.35,6806.00,310.00,64.00,13.00,138.00,53.00,12.00,5292.32,4997.32
0.36,6747.00,347.00,73.00,14.00,147.00,56.00,12.00,5931.71,5403.47
0.37,6704.00,366.00,81.00,17.00,156.00,57.00,15.00,6636.04,5789.28
0.38,6655.00,384.00,96.00,21.00,166.00,59.00,15.00,7504.86,6171.53
0.38,6608.00,407.00,110.00,22.00,173.00,61.00,15.00,8508.93,6550.55
0.39,6546.00,447.00,116.00,26.00,180.00,65.00,16.00,9516.38,6956.66
0.40,6487.00,478.00,134.00,26.00,184.00,69.00,18.00,10707.19,7387.50
0.40,6420.00,525.00,140.00,30.00,189.00,73.00,19.00,11885.25,7840.91
0.41,6340.00,569.00,153.00,33.00,206.00,75.00,20.00,13156.81,8284.89
0.42,6252.00,633.00,163.00,37.00,205.00,83.00,23.00,14468.74,8810.40
0.42,6175.00,678.00,180.00,41.00,208.00,89.00,25.00,15922.69,9380.28
0.43,6067.00,753.00,195.00,44.00,214.00,97.00,26.00,17476.37,10020.73
0.44,5973.00,799.00,219.00,49.00,226.00,103.00,27.00,19256.34,10695.54
0.44,5873.00,864.00,234.00,53.00,238.00,105.00,29.00,21107.86,11341.65
0.45,5763.00,925.00,266.00,55.00,248.00,109.00,30.00,23280.14,11991.58
0.46,5667.00,984.00,294.00,56.00,246.00,118.00,31.00,25685.36,12720.13
0.47,5572.00,1030.00,326.00,61.00,253.00,119.00,35.00,28363.50,13400.27
0.47,5461.00,1097.00,344.00,69.00,266.00,122.00,37.00,31080.64,14066.25
0.48,5325.00,1180.00,373.00,75.00,278.00,127.00,38.00,33998.67,14749.35
0.49,5196.00,1259.00,401.00,80.00,287.00,133.00,40.00,37085.20,15463.11
0.49,5055.00,1346.00,435.00,86.00,291.00,143.00,40.00,40415.83,16264.95
0.50,4923.00,1414.00,470.00,93.00,306.00,146.00,44.00,43984.47,17042.04
0.51,4779.00,1518.00,497.00,96.00,310.00,149.00,47.00,47650.38,17796.53
0.51,4638.00,1588.00,545.00,96.00,322.00,159.00,48.00,51720.64,18635.56
0.52,4493.00,1660.00,595.00,101.00,329.00,170.00,48.00,56190.35,19566.78
0.53,4349.00,1747.00,637.00,104.00,331.00,178.00,50.00,60904.82,20537.10
0.53,4181.00,1839.00,679.00,117.00,342.00,185.00,53.00,65842.90,21528.09
0.54,4019.00,1932.00,722.00,125.00,347.00,195.00,56.00,71000.28,22583.02
0.55,3884.00,1992.00,775.00,129.00,358.00,197.00,61.00,76508.25,23576.14
0.56,3706.00,2085.00,836.00,137.00,361.00,205.00,66.00,82456.71,24602.96
0.56,3582.00,2133.00,892.00,145.00,366.00,207.00,71.00,88732.47,25570.42
0.57,3439.00,2195.00,955.00,150.00,368.00,214.00,75.00,95412.41,26558.80
0.58,3304.00,2250.00,1014.00,154.00,376.00,218.00,80.00,102401.52,27521.21
0.58,3138.00,2321.00,1082.00,158.00,386.00,229.00,82.00,109808.29,28565.07
0.59,3004.00,2376.00,1150.00,161.00,377.00,242.00,86.00,117596.64,29713.33
0.60,2850.00,2451.00,1204.00,170.00,377.00,255.00,89.00,125523.26,30956.91
0.60,2723.00,2492.00,1270.00,178.00,378.00,262.00,93.00,133756.49,32197.36
0.61,2596.00,2526.00,1338.00,186.00,381.00,269.00,100.00,142299.88,33434.97
0.62,2480.00,2570.00,1398.00,192.00,373.00,281.00,102.00,151006.45,34745.08
0.62,2350.00,2604.00,1479.00,195.00,380.00,279.00,109.00,160177.57,35911.07
0.63,2228.00,2642.00,1547.00,199.00,384.00,285.00,111.00,169577.82,37065.67
0.64,2110.00,2665.00,1628.00,204.00,381.00,294.00,114.00,179382.69,38254.94
0.65,1998.00,2680.00,1705.00,212.00,389.00,297.00,115.00,189497.12,39385.72
0.65,1894.00,2697.00,1772.00,222.00,389.00,302.00,120.00,199744.15,40493.15
0.66,1768.00,2740.00,1832.00,232.00,386.00,317.00,121.00,210007.14,41729.50
0.67,1647.00,2773.00,1904.00,237.00,389.00,318.00,128.00,220464.99,42873.21
0.67,1523.00,2812.00,1978.00,239.00,383.00,327.00,134.00,231130.93,44052.55
0.68,1404.00,2824.00,2066.00,250.00,373.00,342.00,137.00,242197.28,45354.54
0.69,1290.00,2853.00,2139.00,255.00,369.00,349.00,141.00,253404.10,46648.31
0.69,1191.00,2874.00,2205.00,259.00,368.00,355.00,144.00,264634.10,47919.57
0.70,1095.00,2874.00,2284.00,268.00,365.00,360.00,150.00,276080.57,49155.25
0.71,987.00,2885.00,2370.00,274.00,363.00,362.00,155.00,287829.97,50313.38
0.72,909.00,2875.00,2442.00,284.00,363.00,363.00,160.00,299645.79,51385.69
0.72,825.00,2879.00,2512.00,288.00,359.00,370.00,163.00,311492.26,52469.78
0.73,748.00,2873.00,2581.00,295.00,358.00,375.00,166.00,323351.71,53534.59
0.74,682.00,2856.00,2654.00,301.00,352.00,382.00,169.00,335283.10,54611.85
0.74,607.00,2814.00,2754.00,309.00,350.00,388.00,174.00,347685.84,55685.44
0.75,547.00,2797.00,2814.00,317.00,350.00,392.00,179.00,359918.27,56725.64
0.76,492.00,2784.00,2873.00,324.00,346.00,392.00,185.00,371980.10,57675.26
0.76,442.00,2757.00,2936.00,337.00,338.00,398.00,188.00,383946.16,58632.33
0.77,389.00,2711.00,3021.00,347.00,336.00,400.00,192.00,396155.22,59536.11
0.78,353.00,2666.00,3094.00,352.00,319.00,417.00,195.00,408406.02,60616.59
0.78,323.00,2619.00,3155.00,362.00,314.00,424.00,199.00,420514.66,61708.14
0.79,287.00,2583.00,3219.00,367.00,312.00,420.00,208.00,432538.51,62644.55
0.80,257.00,2544.00,3272.00,377.00,311.00,423.00,212.00,444319.64,63544.50
0.81,231.00,2511.00,3320.00,387.00,301.00,426.00,220.00,455803.90,64411.15
0.81,197.00,2473.00,3378.00,396.00,291.00,435.00,226.00,467167.17,65337.54
0.82,170.00,2435.00,3434.00,403.00,282.00,442.00,230.00,478389.87,66288.43
0.83,155.00,2390.00,3484.00,410.00,278.00,445.00,234.00,489394.00,67201.59
0.83,136.00,2335.00,3547.00,420.00,272.00,445.00,241.00,500393.74,68035.23
0.84,122.00,2285.00,3603.00,427.00,269.00,446.00,244.00,511284.32,68811.31
0.85,105.00,2233.00,3662.00,435.00,261.00,454.00,246.00,522120.24,69639.99
0.85,82.00,2199.00,3711.00,440.00,251.00,462.00,251.00,532755.99,70516.70
0.86,62.00,2154.00,3764.00,450.00,247.00,465.00,254.00,543268.96,71362.14
0.87,46.00,2120.00,3804.00,459.00,242.00,464.00,261.00,553474.45,72118.94
0.88,34.00,2085.00,3840.00,469.00,237.00,465.00,266.00,563338.94,72824.86
0.88,21.00,2053.00,3877.00,475.00,229.00,470.00,271.00,572906.92,73544.43
0.89,12.00,2007.00,3923.00,483.00,227.00,467.00,277.00,582339.23,74156.27
0.90,9.00,1957.00,3966.00,493.00,224.00,468.00,279.00,591602.50,74729.86
0.90,6.00,1907.00,4009.00,502.00,222.00,467.00,283.00,600711.35,75238.48
0.91,3.00,1855.00,4059.00,507.00,214.00,470.00,288.00,609784.29,75747.88
0.92,2.00,1796.00,4111.00,515.00,211.00,465.00,296.00,618854.46,76137.81
0.92,1.00,1751.00,4151.00,520.00,207.00,463.00,303.00,627741.82,76463.74
0.93,0.00,1700.00,4200.00,523.00,199.00,468.00,306.00,636597.38,76836.40
0.94,0.00,1651.00,4242.00,530.00,196.00,462.00,315.00,645318.73,77086.48
0.94,0.00,1602.00,4286.00,535.00,191.00,461.00,321.00,653947.51,77299.75
0.95,0.00,1554.00,4331.00,538.00,184.00,461.00,328.00,662506.73,77494.46
0.96,0.00,1526.00,4351.00,546.00,180.00,461.00,332.00,670626.84,77672.21
0.97,0.00,1490.00,4375.00,558.00,174.00,462.00,337.00,678405.86,77849.51
0.97,0.00,1450.00,4405.00,568.00,164.00,466.00,343.00,685963.41,78071.46
0.98,0.00,1409.00,4442.00,572.00,157.00,470.00,346.00,693423.79,78334.17
0.99,0.00,1368.00,4475.00,580.00,151.00,468.00,354.00,700735.30,78543.97
0.99,0.00,1327.00,4511.00,585.00,149.00,463.00,361.00,707955.88,78660.38
1.00,0.00,1286.00,4545.00,592.00,143.00,464.00,366.00,715063.32,78781.67
1.01,0.00,1251.00,4575.00,597.00,136.00,469.00,368.00,722007.33,78967.52
1.01,0.00,1218.00,4599.00,606.00,134.00,465.00,374.00,728711.87,79077.10
1.02,0.00,1177.00,4634.00,612.00,131.00,466.00,376.00,735362.91,79192.15
1.03,0.00,1145.00,4662.00,616.00,129.00,460.00,384.00,741859.89,79207.05
1.03,0.00,1104.00,4696.00,623.00,121.00,460.00,392.00,748306.27,79220.65
1.04,0.00,1080.00,4709.00,634.00,118.00,460.00,395.00,754390.93,79233.07
1.05,0.00,1044.00,4738.00,641.00,116.00,460.00,397.00,760385.51,79244.41
1.06,0.00,1016.00,4757.00,650.00,114.00,458.00,401.00,766147.55,79224.71
1.06,0.00,991.00,4773.00,659.00,112.00,454.00,407.00,771652.08,79146.64
1.07,0.00,960.00,4794.00,669.00,106.00,456.00,411.00,776996.45,79105.41
1.08,0.00,931.00,4816.00,676.00,102.00,456.00,415.00,782209.55,79067.77
1.08,0.00,910.00,4831.00,682.00,98.00,454.00,421.00,787197.53,79003.36
1.09,0.00,885.00,4849.00,689.00,92.00,457.00,424.00,792024.94,78989.63
1.10,0.00,861.00,4871.00,691.00,89.00,457.00,427.00,796765.73,78977.09
1.10,0.00,837.00,4888.00,698.00,89.00,455.00,429.00,801352.28,78935.60
1.11,0.00,816.00,4898.00,709.00,85.00,453.00,435.00,805692.74,78867.68
1.12,0.00,788.00,4919.00,716.00,84.00,449.00,440.00,809973.64,78745.58
1.12,0.00,773.00,4925.00,725.00,82.00,444.00,447.00,813974.78,78558.99
1.13,0.00,752.00,4940.00,731.00,79.00,444.00,450.00,817855.54,78388.65
1.14,0.00,732.00,4953.00,738.00,74.00,446.00,453.00,821596.27,78263.19
1.15,0.00,717.00,4963.00,743.00,71.00,442.00,460.00,825164.00,78088.57
1.15,0.00,695.00,4978.00,750.00,71.00,436.00,466.00,828648.81,77839.01
1.16,0.00,678.00,4987.00,758.00,68.00,434.00,471.00,831967.70,77581.13
1.17,0.00,662.00,4996.00,765.00,67.00,430.00,476.00,835135.03,77285.62
1.17,0.00,643.00,5004.00,776.00,66.00,428.00,479.00,838148.86,76985.79
1.18,0.00,629.00,5014.00,780.00,65.00,425.00,483.00,841052.51,76667.00
1.19,0.00,615.00,5021.00,787.00,64.00,420.00,489.00,843810.43,76300.85
1.19,0.00,592.00,5036.00,795.00,62.00,412.00,499.00,846555.38,75846.41
1.20,0.00,572.00,5044.00,807.00,59.00,409.00,505.00,849183.33,75386.46
1.21,0.00,563.00,5048.00,812.00,58.00,410.00,505.00,851644.31,74981.59
1.22,0.00,547.00,5053.00,823.00,56.00,407.00,510.00,853967.75,74566.90
1.22,0.00,531.00,5059.00,833.00,55.00,404.00,514.00,856180.57,74143.25
1.23,0.00,514.00,5067.00,842.00,53.00,398.00,522.00,858322.37,73666.36
1.24,0.00,500.00,5075.00,848.00,51.00,394.00,528.00,860399.28,73170.89
1.24,0.00,488.00,5082.00,853.00,49.00,388.00,536.00,862401.90,72628.43
1.25,0.00,474.00,5089.00,860.00,49.00,384.00,540.00,864336.64,72073.12
1.26,0.00,457.00,5097.00,869.00,47.00,380.00,546.00,866224.39,71506.06
1.26,0.00,442.00,5104.00,877.00,45.00,379.00,549.00,868054.18,70973.36
1.27,0.00,431.00,5107.00,885.00,42.00,377.00,554.00,869770.94,70457.00
1.28,0.00,422.00,5109.00,892.00,41.00,375.00,557.00,871369.40,69955.56
1.28,0.00,405.00,5122.00,896.00,40.00,369.00,564.00,873025.04,69407.64
1.29,0.00,389.00,5133.00,901.00,39.00,365.00,569.00,874702.88,68847.34
1.30,0.00,379.00,5136.00,908.00,38.00,363.00,572.00,876280.81,68305.78
1.31,0.00,367.00,5143.00,913.00,38.00,361.00,574.00,877827.56,67781.33
1.31,0.00,360.00,5142.00,921.00,37.00,356.00,580.00,879225.64,67227.43
1.32,0.00,346.00,5147.00,930.00,36.00,351.00,586.00,880578.02,66646.65
1.33,0.00,336.00,5154.00,933.00,36.00,345.00,592.00,881918.71,66026.30
1.33,0.00,328.00,5155.00,940.00,34.00,344.00,595.00,883158.59,65444.95
1.34,0.00,314.00,5157.00,952.00,33.00,344.00,596.00,884321.37,64914.22
1.35,0.00,301.00,5164.00,958.00,33.00,342.00,598.00,885488.84,64399.65
1.35,0.00,297.00,5157.00,969.00,33.00,336.00,604.00,886450.27,63839.76
1.36,0.00,290.00,5157.00,976.00,33.00,333.00,607.00,887328.63,63283.54
1.37,0.00,284.00,5158.00,981.00,33.00,329.00,611.00,888146.11,62715.67
1.38,0.00,278.00,5160.00,985.00,32.00,328.00,613.00,888923.00,62182.22
1.38,0.00,270.00,5158.00,995.00,32.00,321.00,620.00,889602.72,61590.07
1.39,0.00,263.00,5157.00,1003.00,30.00,318.00,625.00,890208.68,61004.40
1.40,0.00,259.00,5154.00,1010.00,30.00,316.00,627.00,890717.22,60439.69
1.40,0.00,250.00,5156.00,1017.00,29.00,316.00,628.00,891211.85,59924.15
1.41,0.00,245.00,5157.00,1021.00,28.00,312.00,633.00,891678.78,59393.40
1.42,0.00,235.00,5164.00,1024.00,26.00,309.00,638.00,892210.51,58863.81
1.42,0.00,230.00,5161.00,1032.00,26.00,307.00,640.00,892651.23,58350.28
1.43,0.00,226.00,5159.00,1038.00,26.00,304.00,643.00,893023.83,57836.40
1.44,0.00,223.00,5154.00,1046.00,26.00,300.00,647.00,893289.11,57307.17
1.44,0.00,212.00,5157.00,1054.00,25.00,297.00,651.00,893576.54,56778.96
1.45,0.00,206.00,5148.00,1069.00,24.00,296.00,653.00,893703.93,56281.72
1.46,0.00,203.00,5141.00,1079.00,23.00,290.00,660.00,893715.15,55737.63
1.47,0.00,196.00,5141.00,1086.00,22.00,288.00,663.00,893725.39,55210.88
1.47,0.00,193.00,5140.00,1090.00,21.00,288.00,664.00,893719.73,54730.00
1.48,0.00,187.00,5137.00,1099.00,19.00,287.00,667.00,893669.49,54275.96
1.49,0.00,185.00,5132.00,1106.00,19.00,282.00,672.00,893548.48,53786.35
1.49,0.00,183.00,5125.00,1115.00,19.00,278.00,676.00,893332.76,53279.27
1.50,0.00,177.00,5123.00,1123.00,18.00,277.00,678.00,893105.63,52801.33
1.51,0.00,170.00,5126.00,1127.00,17.00,273.00,683.00,892943.20,52304.91
1.51,0.00,168.00,5122.00,1133.00,17.00,268.00,688.00,892734.71,51776.61
1.52,0.00,161.00,5115.00,1147.00,17.00,263.00,693.00,892439.07,51219.19
1.53,0.00,158.00,5109.00,1156.00,17.00,263.00,693.00,892078.84,50710.31
1.53,0.00,155.00,5107.00,1161.00,16.00,259.00,698.00,891719.69,50185.64
1.54,0.00,152.00,5104.00,1167.00,15.00,255.00,703.00,891346.51,49646.57
1.55,0.00,150.00,5089.00,1184.00,15.00,250.00,708.00,890780.22,49079.33
1.56,0.00,149.00,5083.00,1191.00,15.00,248.00,710.00,890172.72,48531.43
1.56,0.00,147.00,5080.00,1196.00,15.00,244.00,714.00,889572.65,47971.15
1.57,0.00,144.00,5078.00,1201.00,14.00,239.00,720.00,888994.39,47384.54
1.58,0.00,143.00,5070.00,1210.00,13.00,238.00,722.00,888345.90,46833.98
1.58,0.00,139.00,5066.00,1218.00,13.00,235.00,725.00,887693.36,46286.30
1.59,0.00,133.00,5065.00,1225.00,11.00,234.00,728.00,887082.17,45771.28
1.60,0.00,127.00,5062.00,1234.00,11.00,230.00,732.00,886478.73,45241.02
1.60,0.00,122.00,5059.00,1242.00,11.00,228.00,734.00,885882.36,44726.88
1.61,0.00,118.00,5055.00,1250.00,11.00,222.00,740.00,885277.43,44167.38
1.62,0.00,112.00,5052.00,1259.00,10.00,219.00,744.00,884679.70,43611.52
1.62,0.00,109.00,5047.00,1267.00,10.00,216.00,747.00,884058.50,43059.00
1.63,0.00,108.00,5037.00,1278.00,10.00,211.00,752.00,883340.75,42479.47
1.64,0.00,102.00,5033.00,1288.00,10.00,208.00,755.00,882624.93,41905.34
1.65,0.00,98.00,5034.00,1291.00,10.00,207.00,756.00,881985.98,41366.17
1.65,0.00,94.00,5030.00,1299.00,10.00,206.00,757.00,881342.14,40858.93
1.66,0.00,92.00,5030.00,1301.00,10.00,206.00,757.00,880753.94,40395.86
1.67,0.00,90.00,5024.00,1309.00,10.00,205.00,758.00,880126.43,39958.09
1.67,0.00,89.00,5016.00,1318.00,9.00,200.00,764.00,879432.95,39483.32
1.68,0.00,86.00,5011.00,1326.00,8.00,196.00,769.00,878724.28,38989.81
1.69,0.00,83.00,5008.00,1332.00,8.00,193.00,772.00,878031.77,38494.19
1.69,0.00,83.00,5001.00,1339.00,8.00,189.00,776.00,877293.94,37981.64
1.70,0.00,83.00,4993.00,1347.00,8.00,183.00,782.00,876499.68,37423.58
1.71,0.00,80.00,4987.00,1356.00,8.00,177.00,788.00,875683.91,36823.98
1.72,0.00,79.00,4978.00,1366.00,8.00,176.00,789.00,874803.42,36261.56
1.72,0.00,77.00,4972.00,1374.00,8.00,173.00,792.00,873908.87,35703.05
1.73,0.00,77.00,4967.00,1379.00,7.00,171.00,795.00,873016.50,35163.12
1.74,0.00,75.00,4958.00,1390.00,7.00,169.00,797.00,872066.03,34640.16
1.74,0.00,74.00,4946.00,1403.00,7.00,165.00,801.00,871017.41,34102.65
1.75,0.00,73.00,4937.00,1413.00,7.00,161.00,805.00,869924.19,33551.85
1.76,0.00,69.00,4935.00,1419.00,7.00,160.00,806.00,868895.39,33033.99
1.76,0.00,68.00,4932.00,1423.00,7.00,156.00,810.00,867910.41,32501.13
1.77,0.00,67.00,4930.00,1426.00,7.00,154.00,812.00,866980.50,31984.62
1.78,0.00,63.00,4923.00,1437.00,7.00,146.00,820.00,866025.78,31392.90
1.78,0.00,62.00,4913.00,1448.00,7.00,142.00,824.00,865003.31,30792.61
1.79,0.00,60.00,4906.00,1457.00,6.00,140.00,827.00,863964.04,30214.55
1.80,0.00,57.00,4903.00,1463.00,6.00,137.00,830.00,862969.50,29641.76
1.81,0.00,51.00,4906.00,1466.00,6.00,134.00,833.00,862105.96,29073.77
1.81,0.00,50.00,4899.00,1474.00,6.00,131.00,836.00,861211.87,28510.17
1.82,0.00,48.00,4893.00,1482.00,6.00,128.00,839.00,860304.91,27950.58
1.83,0.00,47.00,4890.00,1486.00,5.00,129.00,839.00,859431.24,27454.73
1.83,0.00,47.00,4881.00,1495.00,5.00,123.00,845.00,858497.86,26911.93
1.84,0.00,46.00,4873.00,1504.00,5.00,123.00,845.00,857524.94,26416.39
1.85,0.00,45.00,4867.00,1511.00,4.00,120.00,849.00,856545.95,25918.93
1.85,0.00,45.00,4862.00,1516.00,4.00,118.00,851.00,855576.44,25434.74
1.86,0.00,44.00,4855.00,1524.00,4.00,117.00,852.00,854585.54,24977.69
1.87,0.00,44.00,4850.00,1529.00,4.00,116.00,853.00,853605.14,24545.41
1.88,0.00,42.00,4849.00,1532.00,4.00,113.00,856.00,852694.43,24105.71
1.88,0.00,42.00,4837.00,1544.00,4.00,112.00,857.00,851682.14,23689.27
1.89,0.00,42.00,4832.00,1549.00,4.00,110.00,859.00,850682.20,23279.05
1.90,0.00,41.00,4825.00,1557.00,4.00,107.00,862.00,849663.50,22859.47
1.90,0.00,40.00,4819.00,1564.00,4.00,105.00,864.00,848642.69,22446.39
1.91,0.00,40.00,4811.00,1572.00,4.00,103.00,866.00,847589.90,22039.23
1.92,0.00,39.00,4808.00,1576.00,4.00,102.00,867.00,846583.01,21652.50
1.92,0.00,38.00,4800.00,1585.00,4.00,101.00,868.00,845542.93,21284.42
1.93,0.00,37.00,4792.00,1594.00,4.00,98.00,871.00,844472.54,20903.32
1.94,0.00,37.00,4782.00,1604.00,4.00,97.00,872.00,843344.41,20540.39
1.94,0.00,36.00,4779.00,1608.00,4.00,95.00,874.00,842268.69,20179.01
1.95,0.00,36.00,4765.00,1622.00,3.00,93.00,877.00,841075.60,19819.05
1.96,0.00,33.00,4761.00,1629.00,3.00,89.00,881.00,839925.50,19430.34
1.97,0.00,32.00,4753.00,1638.00,3.00,86.00,884.00,838754.60,19030.42
1.97,0.00,30.00,4748.00,1645.00,3.00,84.00,886.00,837609.75,18635.26
1.98,0.00,28.00,4745.00,1650.00,3.00,82.00,888.00,836518.76,18244.48
1.99,0.00,28.00,4735.00,1660.00,3.00,79.00,891.00,835371.81,17842.65
1.99,0.00,27.00,4733.00,1663.00,2.00,78.00,893.00,834293.91,17460.78
2.00,0.00,27.00,4725.00,1671.00,2.00,76.00,895.00,833188.97,17082.12
2.01,0.00,27.00,4715.00,1681.00,1.00,76.00,896.00,832029.27,16736.44
2.01,0.00,26.00,4709.00,1688.00,1.00,73.00,899.00,830879.64,16375.78
2.02,0.00,25.00,4701.00,1697.00,1.00,72.00,900.00,829709.16,16031.51
2.03,0.00,24.00,4690.00,1709.00,1.00,72.00,900.00,828474.57,15717.21
2.03,0.00,23.00,4681.00,1719.00,1.00,69.00,903.00,827211.44,15385.22
2.04,0.00,22.00,4676.00,1725.00,1.00,69.00,903.00,825982.34,15082.13
2.05,0.00,22.00,4673.00,1728.00,1.00,69.00,903.00,824814.38,14805.43
2.06,0.00,21.00,4660.00,1742.00,1.00,68.00,904.00,823552.04,14537.81
2.06,0.00,19.00,4655.00,1749.00,1.00,65.00,907.00,822323.66,14248.42
2.07,0.00,17.00,4650.00,1756.00,1.00,62.00,910.00,821126.30,13939.15
2.08,0.00,17.00,4643.00,1763.00,1.00,61.00,911.00,819927.24,13641.80
2.08,0.00,17.00,4635.00,1771.00,1.00,60.00,912.00,818711.61,13355.31
2.09,0.00,17.00,4628.00,1778.00,1.00,60.00,912.00,817495.85,13093.77
2.10,0.00,17.00,4617.00,1789.00,1.00,58.00,914.00,816219.89,12824.96
2.10,0.00,17.00,4611.00,1795.00,1.00,56.00,916.00,814964.04,12549.51
2.11,0.00,17.00,4603.00,1803.00,1.00,56.00,916.00,813696.52,12298.04
2.12,0.00,16.00,4596.00,1811.00,1.00,55.00,917.00,812433.37,12053.45
2.12,0.00,16.00,4587.00,1820.00,1.00,55.00,917.00,811144.15,11830.15
2.13,0.00,16.00,4575.00,1832.00,0.00,53.00,920.00,809786.05,11596.26
2.14,0.00,16.00,4570.00,1837.00,0.00,51.00,922.00,808470.19,11352.68
2.15,0.00,15.00,4567.00,1841.00,0.00,48.00,925.00,807222.95,11085.24
2.15,0.00,14.00,4560.00,1849.00,0.00,47.00,926.00,805978.33,10826.07
2.16,0.00,14.00,4550.00,1859.00,0.00,47.00,926.00,804691.01,10589.47
2.17,0.00,14.00,4540.00,1869.00,0.00,47.00,926.00,803364.70,10373.46
2.17,0.00,14.00,4537.00,1872.00,0.00,45.00,928.00,802107.93,10146.22
2.18,0.00,14.00,4528.00,1881.00,0.00,45.00,928.00,800824.54,9938.77
2.19,0.00,12.00,4522.00,1889.00,0.00,45.00,928.00,799561.91,9749.38
2.19,0.00,12.00,4513.00,1898.00,0.00,43.00,930.00,798273.17,9546.44
2.20,0.00,12.00,4504.00,1907.00,0.00,42.00,931.00,796960.57,9346.15
2.21,0.00,11.00,4500.00,1912.00,0.00,39.00,934.00,795701.31,9118.22
2.22,0.00,11.00,4490.00,1922.00,0.00,39.00,934.00,794400.62,8910.15
2.22,0.00,11.00,4483.00,1929.00,0.00,38.00,935.00,793107.16,8705.16
2.23,0.00,11.00,4475.00,1937.00,0.00,38.00,935.00,791805.28,8518.03
2.24,0.00,11.00,4467.00,1945.00,0.00,38.00,935.00,790495.71,8347.19
2.24,0.00,11.00,4459.00,1953.00,0.00,38.00,935.00,789179.10,8191.23
2.25,0.00,11.00,4448.00,1964.00,0.00,37.00,936.00,787811.01,8033.83
2.26,0.00,11.00,4446.00,1966.00,0.00,36.00,937.00,786531.08,7875.11
2.26,0.00,10.00,4434.00,1979.00,0.00,35.00,938.00,785181.48,7715.18
2.27,0.00,10.00,4423.00,1990.00,0.00,34.00,939.00,783783.23,7554.16
2.28,0.00,8.00,4415.00,2000.00,0.00,33.00,940.00,782385.62,7392.14
2.28,0.00,8.00,4406.00,2009.00,0.00,32.00,941.00,780973.56,7229.20
2.29,0.00,8.00,4397.00,2018.00,0.00,32.00,941.00,779548.31,7080.45
2.30,0.00,8.00,4388.00,2027.00,0.00,32.00,941.00,778111.00,6944.65
2.31,0.00,8.00,4385.00,2030.00,0.00,31.00,942.00,776752.82,6805.66
2.31,0.00,8.00,4372.00,2043.00,0.00,31.00,942.00,775316.69,6678.76
2.32,0.00,8.00,4362.00,2053.00,0.00,31.00,942.00,773854.43,6562.92
2.33,0.00,7.00,4353.00,2063.00,0.00,29.00,944.00,772383.30,6427.12
2.33,0.00,7.00,4343.00,2073.00,0.00,28.00,945.00,770889.06,6288.12
2.34,0.00,7.00,4337.00,2079.00,0.00,28.00,945.00,769433.80,6161.22
2.35,0.00,7.00,4333.00,2083.00,0.00,27.00,946.00,768044.19,6030.35
2.35,0.00,7.00,4326.00,2090.00,0.00,27.00,946.00,766669.49,5910.88
2.36,0.00,7.00,4322.00,2094.00,0.00,26.00,947.00,765353.48,5786.78
2.37,0.00,7.00,4317.00,2099.00,0.00,25.00,948.00,764076.07,5658.47
2.38,0.00,6.00,4312.00,2105.00,0.00,24.00,949.00,762833.92,5526.31
2.38,0.00,6.00,4303.00,2114.00,0.00,24.00,949.00,761563.90,5405.65
2.39,0.00,5.00,4297.00,2121.00,0.00,24.00,949.00,760313.47,5295.51
2.40,0.00,5.00,4292.00,2126.00,0.00,24.00,949.00,759095.98,5194.95
2.40,0.00,5.00,4287.00,2131.00,0.00,24.00,949.00,757908.57,5103.15
2.41,0.00,5.00,4280.00,2138.00,0.00,22.00,951.00,756718.60,4989.29
2.42,0.00,5.00,4274.00,2144.00,0.00,21.00,952.00,755541.31,4870.33
2.42,0.00,5.00,4267.00,2151.00,0.00,20.00,953.00,754360.59,4746.71
2.43,0.00,5.00,4261.00,2157.00,0.00,20.00,953.00,753191.75,4633.84
2.44,0.00,5.00,4257.00,2161.00,0.00,20.00,953.00,752063.81,4530.81
2.44,0.00,5.00,4252.00,2166.00,0.00,19.00,954.00,750958.23,4421.72
2.45,0.00,4.00,4245.00,2174.00,0.00,18.00,955.00,749843.01,4307.11
2.46,0.00,4.00,4236.00,2183.00,0.00,18.00,955.00,748688.94,4202.48
2.47,0.00,4.00,4227.00,2192.00,0.00,16.00,957.00,747499.39,4076.92
2.47,0.00,4.00,4217.00,2202.00,0.00,15.00,958.00,746262.40,3947.26
2.48,0.00,4.00,4206.00,2213.00,0.00,15.00,958.00,744967.03,3828.90
2.49,0.00,3.00,4201.00,2219.00,0.00,13.00,960.00,743708.48,3690.79
2.49,0.00,2.00,4195.00,2226.00,0.00,13.00,960.00,742468.54,3564.71
2.50,0.00,2.00,4187.00,2234.00,0.00,12.00,961.00,741215.55,3434.59
2.51,0.00,2.00,4180.00,2241.00,0.00,12.00,961.00,739965.67,3315.80
2.51,0.00,2.00,4170.00,2251.00,0.00,12.00,961.00,738673.55,3207.35
2.52,0.00,2.00,4158.00,2263.00,0.00,10.00,963.00,737312.81,3078.30
2.53,0.00,2.00,4155.00,2266.00,0.00,10.00,963.00,736024.58,2960.48
2.53,0.00,1.00,4147.00,2275.00,0.00,10.00,963.00,734727.47,2852.93
2.54,0.00,1.00,4141.00,2281.00,0.00,10.00,963.00,733452.31,2754.74
2.55,0.00,1.00,4135.00,2287.00,0.00,10.00,963.00,732197.19,2665.10
2.56,0.00,1.00,4127.00,2295.00,0.00,10.00,963.00,730930.33,2583.26
2.56,0.00,1.00,4116.00,2306.00,0.00,9.00,964.00,729607.69,2493.53
2.57,0.00,1.00,4113.00,2309.00,0.00,9.00,964.00,728354.26,2411.61
2.58,0.00,1.00,4106.00,2316.00,0.00,9.00,964.00,727103.98,2336.82
2.58,0.00,1.00,4097.00,2325.00,0.00,9.00,964.00,725826.53,2268.55
2.59,0.00,1.00,4089.00,2333.00,0.00,9.00,964.00,724539.26,2206.22
2.60,0.00,1.00,4082.00,2340.00,0.00,9.00,964.00,723258.07,2149.32
2.60,0.00,1.00,4071.00,2351.00,0.00,9.00,964.00,721922.33,2097.38
2.61,0.00,1.00,4055.00,2367.00,0.00,8.00,965.00,720461.63,2034.93
2.62,0.00,1.00,4048.00,2374.00,0.00,8.00,965.00,719021.99,1977.92
2.62,0.00,1.00,4039.00,2383.00,0.00,8.00,965.00,717571.54,1925.88
2.63,0.00,1.00,4033.00,2389.00,0.00,7.00,966.00,716156.27,1863.34
2.64,0.00,1.00,4021.00,2401.00,0.00,7.00,966.00,714683.02,1806.25
2.65,0.00,1.00,4015.00,2407.00,0.00,7.00,966.00,713246.93,1754.13
2.65,0.00,1.00,4010.00,2412.00,0.00,6.00,967.00,711859.82,1691.53
2.66,0.00,1.00,4003.00,2419.00,0.00,6.00,967.00,710487.39,1634.37
2.67,0.00,1.00,3999.00,2423.00,0.00,6.00,967.00,709173.47,1582.20
2.67,0.00,1.00,3995.00,2427.00,0.00,6.00,967.00,707912.98,1534.57
2.68,0.00,1.00,3988.00,2434.00,0.00,6.00,967.00,706656.25,1491.08
2.69,0.00,1.00,3981.00,2441.00,0.00,6.00,967.00,705402.95,1451.38
2.69,0.00,1.00,3975.00,2447.00,0.00,5.00,968.00,704167.80,1400.12
2.70,0.00,1.00,3966.00,2456.00,0.00,5.00,968.00,702904.17,1353.32
2.71,0.00,1.00,3958.00,2464.00,0.00,5.00,968.00,701629.54,1310.59
2.72,0.00,1.00,3955.00,2467.00,0.00,5.00,968.00,700419.98,1271.58
2.72,0.00,1.00,3943.00,2479.00,0.00,4.00,969.00,699134.66,1220.95
2.73,0.00,1.00,3934.00,2488.00,0.00,4.00,969.00,697825.19,1174.73
2.74,0.00,1.00,3928.00,2494.00,0.00,3.00,970.00,696538.74,1117.51
2.74,0.00,1.00,3918.00,2504.00,0.00,3.00,970.00,695213.20,1065.27
2.75,0.00,1.00,3912.00,2510.00,0.00,3.00,970.00,693912.07,1017.58
2.76,0.00,1.00,3906.00,2516.00,0.00,3.00,970.00,692633.23,974.04
2.76,0.00,1.00,3900.00,2522.00,0.00,3.00,970.00,691374.74,934.30
2.77,0.00,1.00,3891.00,2531.00,0.00,3.00,970.00,690089.79,898.01
2.78,0.00,1.00,3884.00,2538.00,0.00,3.00,970.00,688810.71,864.88
2.78,0.00,1.00,3880.00,2542.00,0.00,3.00,970.00,687582.06,834.64
2.79,0.00,1.00,3872.00,2550.00,0.00,3.00,970.00,686339.39,807.03
2.80,0.00,1.00,3862.00,2560.00,0.00,3.00,970.00,685053.86,781.83
2.81,0.00,1.00,3848.00,2574.00,0.00,3.00,970.00,683669.09,758.82
2.81,0.00,1.00,3843.00,2579.00,0.00,3.00,970.00,682328.86,737.82
2.82,0.00,1.00,3838.00,2584.00,0.00,3.00,970.00,681029.32,718.64
2.83,0.00,1.00,3828.00,2594.00,0.00,3.00,970.00,679691.83,701.13
2.83,0.00,1.00,3821.00,2601.00,0.00,2.00,971.00,678364.76,670.13
2.84,0.00,1.00,3811.00,2611.00,0.00,2.00,971.00,677002.12,641.82
2.85,0.00,1.00,3802.00,2620.00,0.00,2.00,971.00,675622.01,615.98
2.85,0.00,1.00,3794.00,2628.00,0.00,2.00,971.00,674240.97,592.39
2.86,0.00,1.00,3789.00,2633.00,0.00,2.00,971.00,672904.15,570.85
2.87,0.00,1.00,3775.00,2647.00,0.00,2.00,971.00,671472.52,551.19
2.88,0.00,1.00,3769.00,2653.00,0.00,2.00,971.00,670074.45,533.24
2.88,0.00,1.00,3759.00,2663.00,0.00,2.00,971.00,668646.95,516.86
2.89,0.00,1.00,3751.00,2671.00,0.00,2.00,971.00,667222.62,501.90
2.90,0.00,1.00,3745.00,2677.00,0.00,2.00,971.00,665831.22,488.24
2.90,0.00,1.00,3740.00,2682.00,0.00,2.00,971.00,664484.93,475.77
2.91,0.00,1.00,3731.00,2691.00,0.00,2.00,971.00,663119.76,464.39
2.92,0.00,1.00,3718.00,2704.00,0.00,2.00,971.00,661677.25,454.00
2.92,0.00,1.00,3712.00,2710.00,0.00,2.00,971.00,660269.25,444.51
2.93,0.00,1.00,3705.00,2717.00,0.00,2.00,971.00,658877.74,435.85
2.94,0.00,1.00,3693.00,2729.00,0.00,2.00,971.00,657426.20,427.95
2.94,0.00,1.00,3683.00,2739.00,0.00,2.00,971.00,655949.85,420.73
2.95,0.00,1.00,3678.00,2744.00,0.00,2.00,971.00,654525.95,414.14
2.96,0.00,1.00,3671.00,2751.00,0.00,2.00,971.00,653119.93,408.12
2.97,0.00,1.00,3668.00,2754.00,0.00,2.00,971.00,651790.32,402.63
2.97,0.00,1.00,3661.00,2761.00,0.00,2.00,971.00,650470.45,397.62
2.98,0.00,0.00,3656.00,2767.00,0.00,2.00,971.00,649189.50,393.04
2.99,0.00,0.00,3650.00,2773.00,0.00,2.00,971.00,647929.10,388.86
2.99,0.00,0.00,3647.00,2776.00,0.00,2.00,971.00,646732.53,385.05
3.00,0.00,0.00,3641.00,2782.00,0.00,2.00,971.00,645549.22,381.57
3.01,0.00,0.00,3635.00,2788.00,0.00,2.00,971.00,644378.02,378.39
3.01,0.00,0.00,3630.00,2793.00,0.00,2.00,971.00,643232.91,375.49
3.02,0.00,0.00,3626.00,2797.00,0.00,2.00,971.00,642126.64,372.84
3.03,0.00,0.00,3619.00,2804.00,0.00,2.00,971.00,641010.81,370.42
3.03,0.00,0.00,3613.00,2810.00,0.00,2.00,971.00,639901.25,368.21
3.04,0.00,0.00,3607.00,2816.00,0.00,2.00,971.00,638797.43,366.19
3.05,0.00,0.00,3602.00,2821.00,0.00,2.00,971.00,637713.87,364.35
3.06,0.00,0.00,3585.00,2838.00,0.00,2.00,971.00,636468.54,362.67
3.06,0.00,0.00,3577.00,2846.00,0.00,2.00,971.00,635210.64,361.14
3.07,0.00,0.00,3574.00,2849.00,0.00,2.00,971.00,634016.36,359.74
3.08,0.00,0.00,3569.00,2854.00,0.00,2.00,971.00,632850.15,358.46
3.08,0.00,0.00,3558.00,2865.00,0.00,2.00,971.00,631619.47,357.29
3.09,0.00,0.00,3552.00,2871.00,0.00,2.00,971.00,630404.98,356.23
3.10,0.00,0.00,3544.00,2879.00,0.00,2.00,971.00,629175.25,355.26
3.10,0.00,0.00,3535.00,2888.00,0.00,2.00,971.00,627916.57,354.37
3.11,0.00,0.00,3526.00,2897.00,0.00,2.00,971.00,626631.44,353.56
3.12,0.00,0.00,3516.00,2907.00,0.00,2.00,971.00,625307.12,352.82
3.12,0.00,0.00,3512.00,2911.00,0.00,2.00,971.00,624037.14,352.14
3.13,0.00,0.00,3506.00,2917.00,0.00,2.00,971.00,622786.76,351.52
3.14,0.00,0.00,3496.00,2927.00,0.00,2.00,971.00,621494.19,350.96
3.15,0.00,0.00,3485.00,2938.00,0.00,2.00,971.00,620148.05,350.45
3.15,0.00,0.00,3473.00,2950.00,0.00,2.00,971.00,618737.96,349.98
3.16,0.00,0.00,3461.00,2962.00,0.00,2.00,971.00,617269.42,349.55
3.17,0.00,0.00,3455.00,2968.00,0.00,2.00,971.00,615837.65,349.16
3.17,0.00,0.00,3450.00,2973.00,0.00,2.00,971.00,614454.47,348.80
3.18,0.00,0.00,3447.00,2976.00,0.00,1.00,972.00,613145.74,333.45
3.19,0.00,0.00,3441.00,2982.00,0.00,1.00,972.00,611859.95,319.44
3.19,0.00,0.00,3437.00,2986.00,0.00,1.00,972.00,610625.17,306.65
3.20,0.00,0.00,3428.00,2995.00,0.00,1.00,972.00,609361.88,294.97
3.21,0.00,0.00,3421.00,3002.00,0.00,1.00,972.00,608102.59,284.31
3.22,0.00,0.00,3416.00,3007.00,0.00,1.00,972.00,606876.99,274.57
3.22,0.00,0.00,3406.00,3017.00,0.00,1.00,972.00,605607.06,265.69
3.23,0.00,0.00,3398.00,3025.00,0.00,1.00,972.00,604326.68,257.58
3.24,0.00,0.00,3393.00,3030.00,0.00,1.00,972.00,603081.81,250.17
3.24,0.00,0.00,3386.00,3037.00,0.00,1.00,972.00,601839.35,243.41
3.25,0.00,0.00,3375.00,3048.00,0.00,1.00,972.00,600539.00,237.24
3.26,0.00,0.00,3367.00,3056.00,0.00,1.00,972.00,599230.82,231.60
3.26,0.00,0.00,3359.00,3064.00,0.00,1.00,972.00,597915.49,226.46
3.27,0.00,0.00,3355.00,3068.00,0.00,1.00,972.00,596653.72,221.76
3.28,0.00,0.00,3348.00,3075.00,0.00,1.00,972.00,595395.82,217.48
3.28,0.00,0.00,3340.00,3083.00,0.00,1.00,972.00,594126.42,213.56
3.29,0.00,0.00,3330.00,3093.00,0.00,1.00,972.00,592816.48,209.99
3.30,0.00,0.00,3324.00,3099.00,0.00,1.00,972.00,591529.59,206.73
3.31,0.00,0.00,3321.00,3102.00,0.00,1.00,972.00,590308.83,203.75
3.31,0.00,0.00,3310.00,3113.00,0.00,1.00,972.00,589028.29,201.03
3.32,0.00,0.00,3300.00,3123.00,0.00,1.00,972.00,587708.17,198.55
3.33,0.00,0.00,3298.00,3125.00,0.00,1.00,972.00,586472.08,196.28
3.33,0.00,0.00,3291.00,3132.00,0.00,1.00,972.00,585237.63,194.21
3.34,0.00,0.00,3281.00,3142.00,0.00,1.00,972.00,583959.61,192.33
3.35,0.00,0.00,3273.00,3150.00,0.00,1.00,972.00,582671.84,190.60
3.35,0.00,0.00,3267.00,3156.00,0.00,1.00,972.00,581405.20,189.03
3.36,0.00,0.00,3258.00,3165.00,0.00,1.00,972.00,580112.80,187.59
3.37,0.00,0.00,3251.00,3172.00,0.00,1.00,972.00,578826.91,186.28
3.38,0.00,0.00,3244.00,3179.00,0.00,1.00,972.00,577546.98,185.08
3.38,0.00,0.00,3238.00,3185.00,0.00,1.00,972.00,576287.49,183.99
3.39,0.00,0.00,3232.00,3191.00,0.00,1.00,972.00,575046.70,182.99
3.40,0.00,0.00,3223.00,3200.00,0.00,1.00,972.00,573777.92,182.08
3.40,0.00,0.00,3219.00,3204.00,0.00,1.00,972.00,572558.67,181.25
3.41,0.00,0.00,3215.00,3208.00,0.00,1.00,972.00,571384.68,180.49
3.42,0.00,0.00,3205.00,3218.00,0.00,1.00,972.00,570161.91,179.80
3.42,0.00,0.00,3197.00,3226.00,0.00,1.00,972.00,568924.60,179.16
3.43,0.00,0.00,3185.00,3238.00,0.00,1.00,972.00,567613.93,178.59
3.44,0.00,0.00,3179.00,3244.00,0.00,1.00,972.00,566326.38,178.06
3.44,0.00,0.00,3170.00,3253.00,0.00,1.00,972.00,565014.87,177.58
3.45,0.00,0.00,3163.00,3260.00,0.00,1.00,972.00,563711.52,177.14
3.46,0.00,0.00,3158.00,3265.00,0.00,1.00,972.00,562445.67,176.74
3.47,0.00,0.00,3150.00,3273.00,0.00,1.00,972.00,561169.02,176.37
3.47,0.00,0.00,3141.00,3282.00,0.00,1.00,972.00,559867.48,176.04
3.48,0.00,0.00,3134.00,3289.00,0.00,1.00,972.00,558573.23,175.73
3.49,0.00,0.00,3123.00,3300.00,0.00,1.00,972.00,557225.56,175.45
3.49,0.00,0.00,3116.00,3307.00,0.00,1.00,972.00,555889.18,175.20
3.50,0.00,0.00,3112.00,3311.00,0.00,1.00,972.00,554608.18,174.96
3.51,0.00,0.00,3108.00,3315.00,0.00,1.00,972.00,553377.78,174.75
3.51,0.00,0.00,3102.00,3321.00,0.00,1.00,972.00,552163.55,174.56
3.52,0.00,0.00,3094.00,3329.00,0.00,1.00,972.00,550934.06,174.38
3.53,0.00,0.00,3088.00,3335.00,0.00,1.00,972.00,549720.66,174.22
3.53,0.00,0.00,3077.00,3346.00,0.00,1.00,972.00,548446.86,174.07
3.54,0.00,0.00,3070.00,3353.00,0.00,1.00,972.00,547177.96,173.94
3.55,0.00,0.00,3064.00,3359.00,0.00,1.00,972.00,545928.57,173.82
3.56,0.00,0.00,3048.00,3375.00,0.00,1.00,972.00,544546.76,173.70
3.56,0.00,0.00,3044.00,3379.00,0.00,1.00,972.00,543224.26,173.60
3.57,0.00,0.00,3034.00,3389.00,0.00,1.00,972.00,541865.80,173.51
3.58,0.00,0.00,3027.00,3396.00,0.00,1.00,972.00,540519.56,173.42
3.58,0.00,0.00,3022.00,3401.00,0.00,1.00,972.00,539214.52,173.35
3.59,0.00,0.00,3018.00,3405.00,0.00,1.00,972.00,537962.17,173.27
3.60,0.00,0.00,3010.00,3413.00,0.00,1.00,972.00,536697.84,173.21
3.60,0.00,0.00,3005.00,3418.00,0.00,1.00,972.00,535467.64,173.15
3.61,0.00,0.00,3000.00,3423.00,0.00,1.00,972.00,534268.62,173.10
3.62,0.00,0.00,2992.00,3431.00,0.00,1.00,972.00,533053.02,173.05
3.62,0.00,0.00,2980.00,3443.00,0.00,1.00,972.00,531762.19,173.00
3.63,0.00,0.00,2972.00,3451.00,0.00,1.00,972.00,530462.70,172.96
3.64,0.00,0.00,2967.00,3456.00,0.00,1.00,972.00,529200.39,172.92
3.65,0.00,0.00,2963.00,3460.00,0.00,1.00,972.00,527987.05,172.89
3.65,0.00,0.00,2959.00,3464.00,0.00,1.00,972.00,526818.47,172.86
3.66,0.00,0.00,2948.00,3475.00,0.00,1.00,972.00,525585.60,172.83
3.67,0.00,0.00,2941.00,3482.00,0.00,0.00,973.00,524354.10,157.78
3.67,0.00,0.00,2930.00,3493.00,0.00,0.00,973.00,523063.76,144.04
3.68,0.00,0.00,2921.00,3502.00,0.00,0.00,973.00,521749.71,131.50
3.69,0.00,0.00,2911.00,3512.00,0.00,0.00,973.00,520398.96,120.05
3.69,0.00,0.00,2904.00,3519.00,0.00,0.00,973.00,519059.77,109.59
3.70,0.00,0.00,2894.00,3529.00,0.00,0.00,973.00,517686.07,100.05
3.71,0.00,0.00,2889.00,3534.00,0.00,0.00,973.00,516355.95,91.34
3.72,0.00,0.00,2883.00,3540.00,0.00,0.00,973.00,515050.62,83.39
3.72,0.00,0.00,2878.00,3545.00,0.00,0.00,973.00,513782.96,76.12
3.73,0.00,0.00,2875.00,3548.00,0.00,0.00,973.00,512579.78,69.50
3.74,0.00,0.00,2866.00,3557.00,0.00,0.00,973.00,511345.34,63.44
3.74,0.00,0.00,2862.00,3561.00,0.00,0.00,973.00,510157.48,57.92
3.75,0.00,0.00,2859.00,3564.00,0.00,0.00,973.00,509027.19,52.88
3.76,0.00,0.00,2847.00,3576.00,0.00,0.00,973.00,507814.29,48.27
3.76,0.00,0.00,2839.00,3584.00,0.00,0.00,973.00,506586.01,44.07
3.77,0.00,0.00,2835.00,3588.00,0.00,0.00,973.00,505403.77,40.23
3.78,0.00,0.00,2831.00,3592.00,0.00,0.00,973.00,504263.58,36.73
3.78,0.00,0.00,2823.00,3600.00,0.00,0.00,973.00,503101.74,33.53
3.79,0.00,0.00,2816.00,3607.00,0.00,0.00,973.00,501935.13,30.61
3.80,0.00,0.00,2811.00,3612.00,0.00,0.00,973.00,500794.20,27.95
3.81,0.00,0.00,2803.00,3620.00,0.00,0.00,973.00,499631.67,25.51
3.81,0.00,0.00,2796.00,3627.00,0.00,0.00,973.00,498464.43,23.29
3.82,0.00,0.00,2788.00,3635.00,0.00,0.00,973.00,497277.87,21.26
3.83,0.00,0.00,2784.00,3639.00,0.00,0.00,973.00,496133.74,19.41
3.83,0.00,0.00,2781.00,3642.00,0.00,0.00,973.00,495043.40,17.72
3.84,0.00,0.00,2770.00,3653.00,0.00,0.00,973.00,493882.02,16.18
3.85,0.00,0.00,2763.00,3660.00,0.00,0.00,973.00,492715.83,14.77
3.85,0.00,0.00,2754.00,3669.00,0.00,0.00,973.00,491515.21,13.48
3.86,0.00,0.00,2749.00,3674.00,0.00,0.00,973.00,490343.20,12.31
3.87,0.00,0.00,2739.00,3684.00,0.00,0.00,973.00,489122.24,11.24
3.88,0.00,0.00,2727.00,3696.00,0.00,0.00,973.00,487826.50,10.26
3.88,0.00,0.00,2713.00,3710.00,0.00,0.00,973.00,486432.40,9.37
3.89,0.00,0.00,2704.00,3719.00,0.00,0.00,973.00,485023.55,8.55
3.90,0.00,0.00,2696.00,3727.00,0.00,0.00,973.00,483616.25,7.81
3.90,0.00,0.00,2692.00,3731.00,0.00,0.00,973.00,482270.46,7.13
3.91,0.00,0.00,2683.00,3740.00,0.00,0.00,973.00,480905.75,6.51
3.92,0.00,0.00,2670.00,3753.00,0.00,0.00,973.00,479463.65,5.94
3.92,0.00,0.00,2662.00,3761.00,0.00,0.00,973.00,478025.98,5.42
3.93,0.00,0.00,2653.00,3770.00,0.00,0.00,973.00,476577.33,4.95
3.94,0.00,0.00,2647.00,3776.00,0.00,0.00,973.00,475163.72,4.52
3.94,0.00,0.00,2638.00,3785.00,0.00,0.00,973.00,473737.04,4.13
3.95,0.00,0.00,2632.00,3791.00,0.00,0.00,973.00,472343.50,3.77
3.96,0.00,0.00,2625.00,3798.00,0.00,0.00,973.00,470965.21,3.44
3.97,0.00,0.00,2616.00,3807.00,0.00,0.00,973.00,469570.80,3.14
3.97,0.00,0.00,2614.00,3809.00,0.00,0.00,973.00,468266.84,2.87
3.98,0.00,0.00,2611.00,3812.00,0.00,0.00,973.00,467030.48,2.62
3.99,0.00,0.00,2598.00,3825.00,0.00,0.00,973.00,465705.65,2.39
3.99,0.00,0.00,2592.00,3831.00,0.00,0.00,973.00,464405.16,2.18
4.00,0.00,0.00,2584.00,3839.00,0.00,0.00,973.00,463096.85,1.99
4.01,0.00,0.00,2578.00,3845.00,0.00,0.00,973.00,461811.45,1.82
4.01,0.00,0.00,2571.00,3852.00,0.00,0.00,973.00,460531.96,1.66
4.02,0.00,0.00,2564.00,3859.00,0.00,0.00,973.00,459257.86,1.51
4.03,0.00,0.00,2556.00,3867.00,0.00,0.00,973.00,457973.67,1.38
4.03,0.00,0.00,2551.00,3872.00,0.00,0.00,973.00,456725.33,1.26
4.04,0.00,0.00,2544.00,3879.00,0.00,0.00,973.00,455479.69,1.15
4.05,0.00,0.00,2534.00,3889.00,0.00,0.00,973.00,454191.46,1.05
4.06,0.00,0.00,2527.00,3896.00,0.00,0.00,973.00,452909.37,0.96
4.06,0.00,0.00,2516.00,3907.00,0.00,0.00,973.00,451572.81,0.88
4.07,0.00,0.00,2506.00,3917.00,0.00,0.00,973.00,450201.52,0.80
4.08,0.00,0.00,2497.00,3926.00,0.00,0.00,973.00,448813.50,0.73
4.08,0.00,0.00,2491.00,3932.00,0.00,0.00,973.00,447455.28,0.67
4.09,0.00,0.00,2482.00,3941.00,0.00,0.00,973.00,446079.21,0.61
4.10,0.00,0.00,2472.00,3951.00,0.00,0.00,973.00,444671.81,0.56
4.10,0.00,0.00,2464.00,3959.00,0.00,0.00,973.00,443265.84,0.51
4.11,0.00,0.00,2457.00,3966.00,0.00,0.00,973.00,441876.19,0.46
4.12,0.00,0.00,2448.00,3975.00,0.00,0.00,973.00,440471.41,0.42
4.12,0.00,0.00,2440.00,3983.00,0.00,0.00,973.00,439067.82,0.39
4.13,0.00,0.00,2435.00,3988.00,0.00,0.00,973.00,437710.40,0.35
4.14,0.00,0.00,2430.00,3993.00,0.00,0.00,973.00,436395.16,0.32
4.15,0.00,0.00,2427.00,3996.00,0.00,0.00,973.00,435148.50,0.29
4.15,0.00,0.00,2424.00,3999.00,0.00,0.00,973.00,433964.48,0.27
4.16,0.00,0.00,2415.00,4008.00,0.00,0.00,973.00,432747.57,0.24
4.17,0.00,0.00,2402.00,4021.00,0.00,0.00,973.00,431440.50,0.22
4.17,0.00,0.00,2396.00,4027.00,0.00,0.00,973.00,430156.24,0.20
4.18,0.00,0.00,2390.00,4033.00,0.00,0.00,973.00,428892.81,0.19
4.19,0.00,0.00,2380.00,4043.00,0.00,0.00,973.00,427588.32,0.17
4.19,0.00,0.00,2372.00,4051.00,0.00,0.00,973.00,426276.36,0.16
4.20,0.00,0.00,2360.00,4063.00,0.00,0.00,973.00,424897.48,0.14
4.21,0.00,0.00,2356.00,4067.00,0.00,0.00,973.00,423577.66,0.13
4.22,0.00,0.00,2351.00,4072.00,0.00,0.00,973.00,422296.76,0.12
4.22,0.00,0.00,2347.00,4076.00,0.00,0.00,973.00,421066.45,0.11
4.23,0.00,0.00,2342.00,4081.00,0.00,0.00,973.00,419867.34,0.10
4.24,0.00,0.00,2331.00,4092.00,0.00,0.00,973.00,418606.58,0.09
4.24,0.00,0.00,2323.00,4100.00,0.00,0.00,973.00,417334.57,0.08
4.25,0.00,0.00,2316.00,4107.00,0.00,0.00,973.00,416067.32,0.07
4.26,0.00,0.00,2309.00,4114.00,0.00,0.00,973.00,414804.40,0.07
4.26,0.00,0.00,2300.00,4123.00,0.00,0.00,973.00,413515.40,0.06
4.27,0.00,0.00,2292.00,4131.00,0.00,0.00,973.00,412217.59,0.06
4.28,0.00,0.00,2285.00,4138.00,0.00,0.00,973.00,410926.76,0.05
4.28,0.00,0.00,2273.00,4150.00,0.00,0.00,973.00,409567.20,0.05
4.29,0.00,0.00,2268.00,4155.00,0.00,0.00,973.00,408249.99,0.04
4.30,0.00,0.00,2258.00,4165.00,0.00,0.00,973.00,406896.37,0.04
4.31,0.00,0.00,2250.00,4173.00,0.00,0.00,973.00,405539.52,0.04
4.31,0.00,0.00,2244.00,4179.00,0.00,0.00,973.00,404209.78,0.03
4.32,0.00,0.00,2235.00,4188.00,0.00,0.00,973.00,402859.73,0.03
4.33,0.00,0.00,2232.00,4191.00,0.00,0.00,973.00,401581.27,0.03
4.33,0.00,0.00,2224.00,4199.00,0.00,0.00,973.00,400293.09,0.03
4.34,0.00,0.00,2219.00,4204.00,0.00,0.00,973.00,399041.10,0.02
4.35,0.00,0.00,2207.00,4216.00,0.00,0.00,973.00,397717.01,0.02
4.35,0.00,0.00,2198.00,4225.00,0.00,0.00,973.00,396372.13,0.02
4.36,0.00,0.00,2189.00,4234.00,0.00,0.00,973.00,395008.25,0.02
4.37,0.00,0.00,2182.00,4241.00,0.00,0.00,973.00,393657.05,0.02
4.38,0.00,0.00,2175.00,4248.00,0.00,0.00,973.00,392317.45,0.01
4.38,0.00,0.00,2167.00,4256.00,0.00,0.00,973.00,390973.41,0.01
4.39,0.00,0.00,2162.00,4261.00,0.00,0.00,973.00,389670.40,0.01
4.40,0.00,0.00,2149.00,4274.00,0.00,0.00,973.00,388284.67,0.01
4.40,0.00,0.00,2141.00,4282.00,0.00,0.00,973.00,386898.49,0.01
4.41,0.00,0.00,2130.00,4293.00,0.00,0.00,973.00,385466.84,0.01
4.42,0.00,0.00,2119.00,4304.00,0.00,0.00,973.00,383993.63,0.01
4.42,0.00,0.00,2114.00,4309.00,0.00,0.00,973.00,382572.61,0.01
4.43,0.00,0.00,2108.00,4315.00,0.00,0.00,973.00,381184.24,0.01
4.44,0.00,0.00,2105.00,4318.00,0.00,0.00,973.00,379870.76,0.01
4.44,0.00,0.00,2100.00,4323.00,0.00,0.00,973.00,378595.66,0.01
4.45,0.00,0.00,2091.00,4332.00,0.00,0.00,973.00,377295.53,0.01
4.46,0.00,0.00,2086.00,4337.00,0.00,0.00,973.00,376032.63,0.00
4.47,0.00,0.00,2082.00,4341.00,0.00,0.00,973.00,374818.75,0.00
4.47,0.00,0.00,2073.00,4350.00,0.00,0.00,973.00,373574.56,0.00
4.48,0.00,0.00,2066.00,4357.00,0.00,0.00,973.00,372332.71,0.00
4.49,0.00,0.00,2062.00,4361.00,0.00,0.00,973.00,371138.08,0.00
4.49,0.00,0.00,2055.00,4368.00,0.00,0.00,973.00,369941.50,0.00
4.50,0.00,0.00,2048.00,4375.00,0.00,0.00,973.00,368743.16,0.00
4.51,0.00,0.00,2037.00,4386.00,0.00,0.00,973.00,367483.11,0.00
4.51,0.00,0.00,2033.00,4390.00,0.00,0.00,973.00,366271.85,0.00
4.52,0.00,0.00,2027.00,4396.00,0.00,0.00,973.00,365075.11,0.00
4.53,0.00,0.00,2019.00,4404.00,0.00,0.00,973.00,363861.59,0.00
4.53,0.00,0.00,2010.00,4413.00,0.00,0.00,973.00,362617.72,0.00
4.54,0.00,0.00,2004.00,4419.00,0.00,0.00,973.00,361391.19,0.00
4.55,0.00,0.00,1994.00,4429.00,0.00,0.00,973.00,360120.41,0.00
4.56,0.00,0.00,1989.00,4434.00,0.00,0.00,973.00,358884.32,0.00
4.56,0.00,0.00,1983.00,4440.00,0.00,0.00,973.00,357664.90,0.00
4.57,0.00,0.00,1975.00,4448.00,0.00,0.00,973.00,356430.66,0.00
4.58,0.00,0.00,1968.00,4455.00,0.00,0.00,973.00,355197.91,0.00
4.58,0.00,0.00,1961.00,4462.00,0.00,0.00,973.00,353966.51,0.00
4.59,0.00,0.00,1956.00,4467.00,0.00,0.00,973.00,352766.40,0.00
4.60,0.00,0.00,1948.00,4475.00,0.00,0.00,973.00,351549.80,0.00
4.60,0.00,0.00,1938.00,4485.00,0.00,0.00,973.00,350288.10,0.00
4.61,0.00,0.00,1930.00,4493.00,0.00,0.00,973.00,349015.23,0.00
4.62,0.00,0.00,1925.00,4498.00,0.00,0.00,973.00,347777.23,0.00
4.62,0.00,0.00,1918.00,4505.00,0.00,0.00,973.00,346541.04,0.00
4.63,0.00,0.00,1914.00,4509.00,0.00,0.00,973.00,345351.57,0.00
4.64,0.00,0.00,1904.00,4519.00,0.00,0.00,973.00,344114.66,0.00
4.65,0.00,0.00,1895.00,4528.00,0.00,0.00,973.00,342849.41,0.00
4.65,0.00,0.00,1888.00,4535.00,0.00,0.00,973.00,341588.32,0.00
4.66,0.00,0.00,1883.00,4540.00,0.00,0.00,973.00,340361.09,0.00
4.67,0.00,0.00,1877.00,4546.00,0.00,0.00,973.00,339149.77,0.00
4.67,0.00,0.00,1870.00,4553.00,0.00,0.00,973.00,337937.94,0.00
4.68,0.00,0.00,1862.00,4561.00,0.00,0.00,973.00,336710.65,0.00
4.69,0.00,0.00,1852.00,4571.00,0.00,0.00,973.00,335439.17,0.00
4.69,0.00,0.00,1845.00,4578.00,0.00,0.00,973.00,334172.39,0.00
4.70,0.00,0.00,1842.00,4581.00,0.00,0.00,973.00,332970.00,0.00
4.71,0.00,0.00,1829.00,4594.00,0.00,0.00,973.00,331676.21,0.00
4.72,0.00,0.00,1820.00,4603.00,0.00,0.00,973.00,330359.00,0.00
4.72,0.00,0.00,1817.00,4606.00,0.00,0.00,973.00,329110.54,0.00
4.73,0.00,0.00,1816.00,4607.00,0.00,0.00,973.00,327954.93,0.00
4.74,0.00,0.00,1811.00,4612.00,0.00,0.00,973.00,326824.06,0.00
4.74,0.00,0.00,1805.00,4618.00,0.00,0.00,973.00,325700.77,0.00
4.75,0.00,0.00,1795.00,4628.00,0.00,0.00,973.00,324524.31,0.00
4.76,0.00,0.00,1790.00,4633.00,0.00,0.00,973.00,323374.38,0.00
4.76,0.00,0.00,1777.00,4646.00,0.00,0.00,973.00,322128.52,0.00
4.77,0.00,0.00,1774.00,4649.00,0.00,0.00,973.00,320945.24,0.00
4.78,0.00,0.00,1769.00,4654.00,0.00,0.00,973.00,319789.09,0.00
4.78,0.00,0.00,1759.00,4664.00,0.00,0.00,973.00,318582.61,0.00
4.79,0.00,0.00,1758.00,4665.00,0.00,0.00,973.00,317465.35,0.00
4.80,0.00,0.00,1748.00,4675.00,0.00,0.00,973.00,316294.40,0.00
4.81,0.00,0.00,1743.00,4680.00,0.00,0.00,973.00,315149.52,0.00
4.81,0.00,0.00,1736.00,4687.00,0.00,0.00,973.00,313998.40,0.00
4.82,0.00,0.00,1728.00,4695.00,0.00,0.00,973.00,312826.55,0.00
4.83,0.00,0.00,1717.00,4706.00,0.00,0.00,973.00,311590.72,0.00
4.83,0.00,0.00,1714.00,4709.00,0.00,0.00,973.00,310416.59,0.00
4.84,0.00,0.00,1704.00,4719.00,0.00,0.00,973.00,309193.69,0.00
4.85,0.00,0.00,1699.00,4724.00,0.00,0.00,973.00,308001.34,0.00
4.85,0.00,0.00,1695.00,4728.00,0.00,0.00,973.00,306851.93,0.00
4.86,0.00,0.00,1691.00,4732.00,0.00,0.00,973.00,305741.74,0.00
4.87,0.00,0.00,1685.00,4738.00,0.00,0.00,973.00,304637.34,0.00
4.88,0.00,0.00,1678.00,4745.00,0.00,0.00,973.00,303523.21,0.00
4.88,0.00,0.00,1670.00,4753.00,0.00,0.00,973.00,302385.16,0.00
4.89,0.00,0.00,1667.00,4756.00,0.00,0.00,973.00,301300.38,0.00
4.90,0.00,0.00,1661.00,4762.00,0.00,0.00,973.00,300219.19,0.00
4.90,0.00,0.00,1650.00,4773.00,0.00,0.00,973.00,299066.18,0.00
4.91,0.00,0.00,1645.00,4778.00,0.00,0.00,973.00,297937.67,0.00
4.92,0.00,0.00,1642.00,4781.00,0.00,0.00,973.00,296861.61,0.00
4.92,0.00,0.00,1637.00,4786.00,0.00,0.00,973.00,295803.41,0.00
4.93,0.00,0.00,1634.00,4789.00,0.00,0.00,973.00,294791.58,0.00
4.94,0.00,0.00,1632.00,4791.00,0.00,0.00,973.00,293837.13,0.00
4.94,0.00,0.00,1623.00,4800.00,0.00,0.00,973.00,292829.94,0.00
4.95,0.00,0.00,1612.00,4811.00,0.00,0.00,973.00,291744.53,0.00
4.96,0.00,0.00,1605.00,4818.00,0.00,0.00,973.00,290647.75,0.00
4.97,0.00,0.00,1603.00,4820.00,0.00,0.00,973.00,289615.69,0.00
4.97,0.00,0.00,1598.00,4825.00,0.00,0.00,973.00,288597.69,0.00
4.98,0.00,0.00,1582.00,4841.00,0.00,0.00,973.00,287427.28,0.00
4.99,0.00,0.00,1578.00,4845.00,0.00,0.00,973.00,286297.91,0.00
4.99,0.00,0.00,1572.00,4851.00,0.00,0.00,973.00,285175.99,0.00
5.00,0.00,0.00,1569.00,4854.00,0.00,0.00,973.00,284105.95,0.00
5.01,0.00,0.00,1564.00,4859.00,0.00,0.00,973.00,283053.25,0.00
5.01,0.00,0.00,1558.00,4865.00,0.00,0.00,973.00,282001.37,0.00
5.02,0.00,0.00,1553.00,4870.00,0.00,0.00,973.00,280965.26,0.00
5.03,0.00,0.00,1541.00,4882.00,0.00,0.00,973.00,279838.40,0.00
5.03,0.00,0.00,1533.00,4890.00,0.00,0.00,973.00,278688.73,0.00
5.04,0.00,0.00,1523.00,4900.00,0.00,0.00,973.00,277488.17,0.00
5.05,0.00,0.00,1514.00,4909.00,0.00,0.00,973.00,276256.14,0.00
5.06,0.00,0.00,1509.00,4914.00,0.00,0.00,973.00,275055.44,0.00
5.06,0.00,0.00,1503.00,4920.00,0.00,0.00,973.00,273868.36,0.00
5.07,0.00,0.00,1499.00,4924.00,0.00,0.00,973.00,272723.76,0.00
5.08,0.00,0.00,1493.00,4930.00,0.00,0.00,973.00,271587.92,0.00
5.08,0.00,0.00,1489.00,4934.00,0.00,0.00,973.00,270490.13,0.00
5.09,0.00,0.00,1482.00,4941.00,0.00,0.00,973.00,269382.04,0.00
5.10,0.00,0.00,1474.00,4949.00,0.00,0.00,973.00,268249.51,0.00
5.10,0.00,0.00,1467.00,4956.00,0.00,0.00,973.00,267109.68,0.00
5.11,0.00,0.00,1463.00,4960.00,0.00,0.00,973.00,266008.25,0.00
5.12,0.00,0.00,1453.00,4970.00,0.00,0.00,973.00,264851.75,0.00
5.12,0.00,0.00,1449.00,4974.00,0.00,0.00,973.00,263735.10,0.00
5.13,0.00,0.00,1441.00,4982.00,0.00,0.00,973.00,262594.74,0.00
5.14,0.00,0.00,1434.00,4989.00,0.00,0.00,973.00,261447.76,0.00
5.15,0.00,0.00,1427.00,4996.00,0.00,0.00,973.00,260294.73,0.00
5.15,0.00,0.00,1419.00,5004.00,0.00,0.00,973.00,259121.14,0.00
5.16,0.00,0.00,1416.00,5007.00,0.00,0.00,973.00,258003.89,0.00
5.17,0.00,0.00,1406.00,5017.00,0.00,0.00,973.00,256832.94,0.00
5.17,0.00,0.00,1402.00,5021.00,0.00,0.00,973.00,255703.08,0.00
5.18,0.00,0.00,1399.00,5024.00,0.00,0.00,973.00,254625.79,0.00
5.19,0.00,0.00,1392.00,5031.00,0.00,0.00,973.00,253536.41,0.00
5.19,0.00,0.00,1386.00,5037.00,0.00,0.00,973.00,252451.03,0.00
5.20,0.00,0.00,1376.00,5047.00,0.00,0.00,973.00,251309.20,0.00
5.21,0.00,0.00,1367.00,5056.00,0.00,0.00,973.00,250130.82,0.00
5.22,0.00,0.00,1356.00,5067.00,0.00,0.00,973.00,248889.01,0.00
5.22,0.00,0.00,1347.00,5076.00,0.00,0.00,973.00,247619.30,0.00
5.23,0.00,0.00,1337.00,5086.00,0.00,0.00,973.00,246309.07,0.00
5.24,0.00,0.00,1333.00,5090.00,0.00,0.00,973.00,245051.95,0.00
5.24,0.00,0.00,1323.00,5100.00,0.00,0.00,973.00,243753.23,0.00
5.25,0.00,0.00,1315.00,5108.00,0.00,0.00,973.00,242446.55,0.00
5.26,0.00,0.00,1306.00,5117.00,0.00,0.00,973.00,241117.56,0.00
5.26,0.00,0.00,1301.00,5122.00,0.00,0.00,973.00,239828.29,0.00
5.27,0.00,0.00,1296.00,5127.00,0.00,0.00,973.00,238575.31,0.00
5.28,0.00,0.00,1289.00,5134.00,0.00,0.00,973.00,237325.44,0.00
5.28,0.00,0.00,1279.00,5144.00,0.00,0.00,973.00,236033.33,0.00
5.29,0.00,0.00,1273.00,5150.00,0.00,0.00,973.00,234762.73,0.00
5.30,0.00,0.00,1266.00,5157.00,0.00,0.00,973.00,233496.76,0.00
5.31,0.00,0.00,1258.00,5165.00,0.00,0.00,973.00,232219.99,0.00
5.31,0.00,0.00,1253.00,5170.00,0.00,0.00,973.00,230978.43,0.00
5.32,0.00,0.00,1246.00,5177.00,0.00,0.00,973.00,229738.99,0.00
5.33,0.00,0.00,1240.00,5183.00,0.00,0.00,973.00,228516.50,0.00
5.33,0.00,0.00,1238.00,5185.00,0.00,0.00,973.00,227369.60,0.00
5.34,0.00,0.00,1233.00,5190.00,0.00,0.00,973.00,226246.69,0.00
5.35,0.00,0.00,1229.00,5194.00,0.00,0.00,973.00,225160.71,0.00
5.35,0.00,0.00,1218.00,5205.00,0.00,0.00,973.00,224003.31,0.00
5.36,0.00,0.00,1212.00,5211.00,0.00,0.00,973.00,222855.79,0.00
5.37,0.00,0.00,1203.00,5220.00,0.00,0.00,973.00,221672.21,0.00
5.38,0.00,0.00,1193.00,5230.00,0.00,0.00,973.00,220440.67,0.00
5.38,0.00,0.00,1185.00,5238.00,0.00,0.00,973.00,219195.35,0.00
5.39,0.00,0.00,1183.00,5240.00,0.00,0.00,973.00,218027.60,0.00
5.40,0.00,0.00,1180.00,5243.00,0.00,0.00,973.00,216915.68,0.00
5.40,0.00,0.00,1171.00,5252.00,0.00,0.00,973.00,215764.63,0.00
5.41,0.00,0.00,1163.00,5260.00,0.00,0.00,973.00,214592.85,0.00
5.42,0.00,0.00,1157.00,5266.00,0.00,0.00,973.00,213432.19,0.00
5.42,0.00,0.00,1150.00,5273.00,0.00,0.00,973.00,212266.65,0.00
5.43,0.00,0.00,1145.00,5278.00,0.00,0.00,973.00,211126.71,0.00
5.44,0.00,0.00,1142.00,5281.00,0.00,0.00,973.00,210040.20,0.00
5.44,0.00,0.00,1137.00,5286.00,0.00,0.00,973.00,208972.45,0.00
5.45,0.00,0.00,1134.00,5289.00,0.00,0.00,973.00,207951.90,0.00
5.46,0.00,0.00,1126.00,5297.00,0.00,0.00,973.00,206899.35,0.00
5.47,0.00,0.00,1120.00,5303.00,0.00,0.00,973.00,205847.60,0.00
5.47,0.00,0.00,1113.00,5310.00,0.00,0.00,973.00,204781.58,0.00
5.48,0.00,0.00,1105.00,5318.00,0.00,0.00,973.00,203687.48,0.00
5.49,0.00,0.00,1096.00,5327.00,0.00,0.00,973.00,202552.71,0.00
5.49,0.00,0.00,1091.00,5332.00,0.00,0.00,973.00,201440.87,0.00
5.50,0.00,0.00,1088.00,5335.00,0.00,0.00,973.00,200380.04,0.00
5.51,0.00,0.00,1081.00,5342.00,0.00,0.00,973.00,199305.71,0.00
5.51,0.00,0.00,1073.00,5350.00,0.00,0.00,973.00,198204.03,0.00
5.52,0.00,0.00,1070.00,5353.00,0.00,0.00,973.00,197152.47,0.00
5.53,0.00,0.00,1065.00,5358.00,0.00,0.00,973.00,196116.65,0.00
5.53,0.00,0.00,1057.00,5366.00,0.00,0.00,973.00,195050.16,0.00
5.54,0.00,0.00,1054.00,5369.00,0.00,0.00,973.00,194030.75,0.00
5.55,0.00,0.00,1049.00,5374.00,0.00,0.00,973.00,193024.30,0.00
5.56,0.00,0.00,1043.00,5380.00,0.00,0.00,973.00,192014.68,0.00
5.56,0.00,0.00,1037.00,5386.00,0.00,0.00,973.00,191002.17,0.00
5.57,0.00,0.00,1035.00,5388.00,0.00,0.00,973.00,190047.09,0.00
5.58,0.00,0.00,1025.00,5398.00,0.00,0.00,973.00,189024.31,0.00
5.58,0.00,0.00,1021.00,5402.00,0.00,0.00,973.00,188029.81,0.00
5.59,0.00,0.00,1017.00,5406.00,0.00,0.00,973.00,187061.16,0.00
5.60,0.00,0.00,1011.00,5412.00,0.00,0.00,973.00,186086.06,0.00
5.60,0.00,0.00,1005.00,5418.00,0.00,0.00,973.00,185105.08,0.00
5.61,0.00,0.00,1001.00,5422.00,0.00,0.00,973.00,184148.77,0.00
5.62,0.00,0.00,997.00,5426.00,0.00,0.00,973.00,183215.00,0.00
5.62,0.00,0.00,992.00,5431.00,0.00,0.00,973.00,182286.80,0.00
5.63,0.00,0.00,987.00,5436.00,0.00,0.00,973.00,181363.69,0.00
5.64,0.00,0.00,981.00,5442.00,0.00,0.00,973.00,180430.20,0.00
5.65,0.00,0.00,971.00,5452.00,0.00,0.00,973.00,179427.14,0.00
5.65,0.00,0.00,965.00,5458.00,0.00,0.00,973.00,178420.62,0.00
5.66,0.00,0.00,957.00,5466.00,0.00,0.00,973.00,177380.88,0.00
5.67,0.00,0.00,949.00,5474.00,0.00,0.00,973.00,176310.79,0.00
5.67,0.00,0.00,934.00,5489.00,0.00,0.00,973.00,175107.83,0.00
5.68,0.00,0.00,926.00,5497.00,0.00,0.00,973.00,173888.62,0.00
5.69,0.00,0.00,921.00,5502.00,0.00,0.00,973.00,172699.65,0.00
5.69,0.00,0.00,916.00,5507.00,0.00,0.00,973.00,171538.29,0.00
5.70,0.00,0.00,908.00,5515.00,0.00,0.00,973.00,170357.10,0.00
5.71,0.00,0.00,904.00,5519.00,0.00,0.00,973.00,169217.89,0.00
5.72,0.00,0.00,894.00,5529.00,0.00,0.00,973.00,168026.87,0.00
5.72,0.00,0.00,887.00,5536.00,0.00,0.00,973.00,166833.61,0.00
5.73,0.00,0.00,879.00,5544.00,0.00,0.00,973.00,165623.27,0.00
5.74,0.00,0.00,870.00,5553.00,0.00,0.00,973.00,164382.31,0.00
5.74,0.00,0.00,868.00,5555.00,0.00,0.00,973.00,163218.52,0.00
5.75,0.00,0.00,862.00,5561.00,0.00,0.00,973.00,162065.16,0.00
5.76,0.00,0.00,855.00,5568.00,0.00,0.00,973.00,160906.30,0.00
5.76,0.00,0.00,848.00,5575.00,0.00,0.00,973.00,159742.41,0.00
5.77,0.00,0.00,839.00,5584.00,0.00,0.00,973.00,158543.87,0.00
5.78,0.00,0.00,832.00,5591.00,0.00,0.00,973.00,157343.74,0.00
5.78,0.00,0.00,828.00,5595.00,0.00,0.00,973.00,156187.22,0.00
5.79,0.00,0.00,823.00,5600.00,0.00,0.00,973.00,155055.51,0.00
5.80,0.00,0.00,820.00,5603.00,0.00,0.00,973.00,153976.52,0.00
5.81,0.00,0.00,808.00,5615.00,0.00,0.00,973.00,152810.49,0.00
5.81,0.00,0.00,806.00,5617.00,0.00,0.00,973.00,151715.16,0.00
5.82,0.00,0.00,801.00,5622.00,0.00,0.00,973.00,150639.37,0.00
5.83,0.00,0.00,797.00,5626.00,0.00,0.00,973.00,149596.43,0.00
5.83,0.00,0.00,790.00,5633.00,0.00,0.00,973.00,148538.46,0.00
5.84,0.00,0.00,785.00,5638.00,0.00,0.00,973.00,147496.78,0.00
5.85,0.00,0.00,779.00,5644.00,0.00,0.00,973.00,146454.98,0.00
5.85,0.00,0.00,776.00,5647.00,0.00,0.00,973.00,145458.12,0.00
5.86,0.00,0.00,773.00,5650.00,0.00,0.00,973.00,144502.33,0.00
5.87,0.00,0.00,768.00,5655.00,0.00,0.00,973.00,143554.01,0.00
5.88,0.00,0.00,764.00,5659.00,0.00,0.00,973.00,142627.55,0.00
5.88,0.00,0.00,760.00,5663.00,0.00,0.00,973.00,141721.04,0.00
5.89,0.00,0.00,752.00,5671.00,0.00,0.00,973.00,140772.68,0.00
5.90,0.00,0.00,745.00,5678.00,0.00,0.00,973.00,139801.10,0.00
5.90,0.00,0.00,738.00,5685.00,0.00,0.00,973.00,138808.31,0.00
5.91,0.00,0.00,729.00,5694.00,0.00,0.00,973.00,137766.09,0.00
5.92,0.00,0.00,722.00,5701.00,0.00,0.00,973.00,136708.77,0.00
5.92,0.00,0.00,712.00,5711.00,0.00,0.00,973.00,135592.58,0.00
5.93,0.00,0.00,707.00,5716.00,0.00,0.00,973.00,134497.72,0.00
5.94,0.00,0.00,699.00,5724.00,0.00,0.00,973.00,133377.28,0.00
5.94,0.00,0.00,693.00,5730.00,0.00,0.00,973.00,132263.52,0.00
5.95,0.00,0.00,685.00,5738.00,0.00,0.00,973.00,131125.80,0.00
5.96,0.00,0.00,679.00,5744.00,0.00,0.00,973.00,129996.26,0.00
5.97,0.00,0.00,674.00,5749.00,0.00,0.00,973.00,128889.20,0.00
5.97,0.00,0.00,669.00,5754.00,0.00,0.00,973.00,127802.68,0.00
5.98,0.00,0.00,666.00,5757.00,0.00,0.00,973.00,126764.98,0.00
5.99,0.00,0.00,659.00,5764.00,0.00,0.00,973.00,125711.78,0.00
5.99,0.00,0.00,647.00,5776.00,0.00,0.00,973.00,124569.31,0.00
6.00,0.00,0.00,643.00,5780.00,0.00,0.00,973.00,123465.46,0.00
6.01,0.00,0.00,641.00,5782.00,0.00,0.00,973.00,122426.95,0.00
6.01,0.00,0.00,630.00,5793.00,0.00,0.00,973.00,121312.92,0.00
6.02,0.00,0.00,622.00,5801.00,0.00,0.00,973.00,120174.96,0.00
6.03,0.00,0.00,617.00,5806.00,0.00,0.00,973.00,119060.22,0.00
6.03,0.00,0.00,611.00,5812.00,0.00,0.00,973.00,117951.66,0.00
6.04,0.00,0.00,604.00,5819.00,0.00,0.00,973.00,116833.72,0.00
6.05,0.00,0.00,598.00,5825.00,0.00,0.00,973.00,115722.25,0.00
6.06,0.00,0.00,591.00,5832.00,0.00,0.00,973.00,114601.65,0.00
6.06,0.00,0.00,586.00,5837.00,0.00,0.00,973.00,113502.77,0.00
6.07,0.00,0.00,582.00,5841.00,0.00,0.00,973.00,112438.74,0.00
6.08,0.00,0.00,578.00,5845.00,0.00,0.00,973.00,111406.56,0.00
6.08,0.00,0.00,570.00,5853.00,0.00,0.00,973.00,110343.39,0.00
6.09,0.00,0.00,567.00,5856.00,0.00,0.00,973.00,109327.01,0.00
6.10,0.00,0.00,558.00,5865.00,0.00,0.00,973.00,108263.24,0.00
6.10,0.00,0.00,554.00,5869.00,0.00,0.00,973.00,107231.30,0.00
6.11,0.00,0.00,548.00,5875.00,0.00,0.00,973.00,106198.39,0.00
6.12,0.00,0.00,540.00,5883.00,0.00,0.00,973.00,105134.55,0.00
6.12,0.00,0.00,533.00,5890.00,0.00,0.00,973.00,104057.47,0.00
6.13,0.00,0.00,530.00,5893.00,0.00,0.00,973.00,103028.38,0.00
6.14,0.00,0.00,522.00,5901.00,0.00,0.00,973.00,101968.03,0.00
6.15,0.00,0.00,515.00,5908.00,0.00,0.00,973.00,100894.15,0.00
6.15,0.00,0.00,511.00,5912.00,0.00,0.00,973.00,99852.96,0.00
6.16,0.00,0.00,508.00,5915.00,0.00,0.00,973.00,98856.66,0.00
6.17,0.00,0.00,503.00,5920.00,0.00,0.00,973.00,97871.34,0.00
6.17,0.00,0.00,494.00,5929.00,0.00,0.00,973.00,96835.95,0.00
6.18,0.00,0.00,490.00,5933.00,0.00,0.00,973.00,95829.94,0.00
6.19,0.00,0.00,487.00,5936.00,0.00,0.00,973.00,94865.78,0.00
6.19,0.00,0.00,479.00,5944.00,0.00,0.00,973.00,93864.75,0.00
6.20,0.00,0.00,475.00,5948.00,0.00,0.00,973.00,92890.12,0.00
6.21,0.00,0.00,472.00,5951.00,0.00,0.00,973.00,91954.63,0.00
6.22,0.00,0.00,467.00,5956.00,0.00,0.00,973.00,91024.87,0.00
6.22,0.00,0.00,463.00,5960.00,0.00,0.00,973.00,90115.35,0.00
6.23,0.00,0.00,462.00,5961.00,0.00,0.00,973.00,89269.39,0.00
6.24,0.00,0.00,457.00,5966.00,0.00,0.00,973.00,88421.42,0.00
6.24,0.00,0.00,453.00,5970.00,0.00,0.00,973.00,87586.63,0.00
6.25,0.00,0.00,450.00,5973.00,0.00,0.00,973.00,86778.90,0.00
6.26,0.00,0.00,445.00,5978.00,0.00,0.00,973.00,85965.84,0.00
6.26,0.00,0.00,443.00,5980.00,0.00,0.00,973.00,85193.00,0.00
6.27,0.00,0.00,441.00,5982.00,0.00,0.00,973.00,84456.89,0.00
6.28,0.00,0.00,438.00,5985.00,0.00,0.00,973.00,83739.31,0.00
6.28,0.00,0.00,435.00,5988.00,0.00,0.00,973.00,83038.67,0.00
6.29,0.00,0.00,433.00,5990.00,0.00,0.00,973.00,82368.53,0.00
6.30,0.00,0.00,427.00,5996.00,0.00,0.00,973.00,81666.15,0.00
6.31,0.00,0.00,425.00,5998.00,0.00,0.00,973.00,80994.41,0.00
6.31,0.00,0.00,416.00,6007.00,0.00,0.00,973.00,80245.51,0.00
6.32,0.00,0.00,412.00,6011.00,0.00,0.00,973.00,79501.23,0.00
6.33,0.00,0.00,408.00,6015.00,0.00,0.00,973.00,78761.16,0.00
6.33,0.00,0.00,407.00,6016.00,0.00,0.00,973.00,78070.02,0.00
6.34,0.00,0.00,407.00,6016.00,0.00,0.00,973.00,77438.61,0.00
6.35,0.00,0.00,401.00,6022.00,0.00,0.00,973.00,76771.61,0.00
6.35,0.00,0.00,395.00,6028.00,0.00,0.00,973.00,76072.10,0.00
6.36,0.00,0.00,389.00,6034.00,0.00,0.00,973.00,75342.90,0.00
6.37,0.00,0.00,383.00,6040.00,0.00,0.00,973.00,74586.57,0.00
6.38,0.00,0.00,382.00,6041.00,0.00,0.00,973.00,73880.57,0.00
6.38,0.00,0.00,376.00,6047.00,0.00,0.00,973.00,73145.43,0.00
6.39,0.00,0.00,369.00,6054.00,0.00,0.00,973.00,72368.66,0.00
6.40,0.00,0.00,366.00,6057.00,0.00,0.00,973.00,71613.93,0.00
6.40,0.00,0.00,362.00,6061.00,0.00,0.00,973.00,70864.32,0.00
6.41,0.00,0.00,356.00,6067.00,0.00,0.00,973.00,70089.35,0.00
6.42,0.00,0.00,350.00,6073.00,0.00,0.00,973.00,69291.20,0.00
6.42,0.00,0.00,347.00,6076.00,0.00,0.00,973.00,68516.95,0.00
6.43,0.00,0.00,338.00,6085.00,0.00,0.00,973.00,67674.39,0.00
6.44,0.00,0.00,337.00,6086.00,0.00,0.00,973.00,66889.61,0.00
6.44,0.00,0.00,332.00,6091.00,0.00,0.00,973.00,66097.53,0.00
6.45,0.00,0.00,328.00,6095.00,0.00,0.00,973.00,65313.79,0.00
6.46,0.00,0.00,325.00,6098.00,0.00,0.00,973.00,64552.71,0.00
6.47,0.00,0.00,323.00,6100.00,0.00,0.00,973.00,63827.35,0.00
6.47,0.00,0.00,318.00,6105.00,0.00,0.00,973.00,63089.54,0.00
6.48,0.00,0.00,314.00,6109.00,0.00,0.00,973.00,62355.40,0.00
6.49,0.00,0.00,311.00,6112.00,0.00,0.00,973.00,61639.62,0.00
6.49,0.00,0.00,306.00,6117.00,0.00,0.00,973.00,60910.57,0.00
6.50,0.00,0.00,300.00,6123.00,0.00,0.00,973.00,60154.38,0.00
6.51,0.00,0.00,298.00,6125.00,0.00,0.00,973.00,59433.49,0.00
6.51,0.00,0.00,296.00,6127.00,0.00,0.00,973.00,58744.84,0.00
6.52,0.00,0.00,290.00,6133.00,0.00,0.00,973.00,58025.55,0.00
6.53,0.00,0.00,288.00,6135.00,0.00,0.00,973.00,57338.37,0.00
6.53,0.00,0.00,282.00,6141.00,0.00,0.00,973.00,56620.43,0.00
6.54,0.00,0.00,281.00,6142.00,0.00,0.00,973.00,55949.50,0.00
6.55,0.00,0.00,279.00,6144.00,0.00,0.00,973.00,55306.50,0.00
6.56,0.00,0.00,276.00,6147.00,0.00,0.00,973.00,54673.99,0.00
6.56,0.00,0.00,271.00,6152.00,0.00,0.00,973.00,54021.01,0.00
6.57,0.00,0.00,266.00,6157.00,0.00,0.00,973.00,53349.35,0.00
6.58,0.00,0.00,263.00,6160.00,0.00,0.00,973.00,52690.65,0.00
6.58,0.00,0.00,260.00,6163.00,0.00,0.00,973.00,52043.80,0.00
6.59,0.00,0.00,255.00,6168.00,0.00,0.00,973.00,51377.72,0.00
6.60,0.00,0.00,249.00,6174.00,0.00,0.00,973.00,50679.06,0.00
6.60,0.00,0.00,245.00,6178.00,0.00,0.00,973.00,49980.68,0.00
6.61,0.00,0.00,243.00,6180.00,0.00,0.00,973.00,49312.59,0.00
6.62,0.00,0.00,240.00,6183.00,0.00,0.00,973.00,48657.17,0.00
6.62,0.00,0.00,240.00,6183.00,0.00,0.00,973.00,48058.38,0.00
6.63,0.00,0.00,233.00,6190.00,0.00,0.00,973.00,47406.16,0.00
6.64,0.00,0.00,225.00,6198.00,0.00,0.00,973.00,46690.12,0.00
6.65,0.00,0.00,221.00,6202.00,0.00,0.00,973.00,45975.86,0.00
6.65,0.00,0.00,215.00,6208.00,0.00,0.00,973.00,45233.17,0.00
6.66,0.00,0.00,210.00,6213.00,0.00,0.00,973.00,44479.55,0.00
6.67,0.00,0.00,208.00,6215.00,0.00,0.00,973.00,43760.99,0.00
6.67,0.00,0.00,203.00,6220.00,0.00,0.00,973.00,43029.41,0.00
6.68,0.00,0.00,199.00,6224.00,0.00,0.00,973.00,42300.95,0.00
6.69,0.00,0.00,196.00,6227.00,0.00,0.00,973.00,41590.36,0.00
6.69,0.00,0.00,192.00,6231.00,0.00,0.00,973.00,40881.09,0.00
6.70,0.00,0.00,187.00,6236.00,0.00,0.00,973.00,40157.98,0.00
6.71,0.00,0.00,183.00,6240.00,0.00,0.00,973.00,39437.26,0.00
6.72,0.00,0.00,182.00,6241.00,0.00,0.00,973.00,38763.80,0.00
6.72,0.00,0.00,180.00,6243.00,0.00,0.00,973.00,38118.48,0.00
6.73,0.00,0.00,180.00,6243.00,0.00,0.00,973.00,37528.92,0.00
6.74,0.00,0.00,176.00,6247.00,0.00,0.00,973.00,36930.21,0.00
6.74,0.00,0.00,172.00,6251.00,0.00,0.00,973.00,36323.15,0.00
6.75,0.00,0.00,171.00,6252.00,0.00,0.00,973.00,35753.51,0.00
6.76,0.00,0.00,169.00,6254.00,0.00,0.00,973.00,35203.05,0.00
6.76,0.00,0.00,165.00,6258.00,0.00,0.00,973.00,34640.06,0.00
6.77,0.00,0.00,161.00,6262.00,0.00,0.00,973.00,34065.62,0.00
6.78,0.00,0.00,155.00,6268.00,0.00,0.00,973.00,33450.68,0.00
6.78,0.00,0.00,153.00,6270.00,0.00,0.00,973.00,32858.83,0.00
6.79,0.00,0.00,149.00,6274.00,0.00,0.00,973.00,32258.03,0.00
6.80,0.00,0.00,144.00,6279.00,0.00,0.00,973.00,31634.03,0.00
6.81,0.00,0.00,143.00,6280.00,0.00,0.00,973.00,31048.92,0.00
6.81,0.00,0.00,141.00,6282.00,0.00,0.00,973.00,30484.32,0.00
6.82,0.00,0.00,139.00,6284.00,0.00,0.00,973.00,29938.46,0.00
6.83,0.00,0.00,136.00,6287.00,0.00,0.00,973.00,29394.70,0.00
6.83,0.00,0.00,134.00,6289.00,0.00,0.00,973.00,28867.88,0.00
6.84,0.00,0.00,132.00,6291.00,0.00,0.00,973.00,28356.53,0.00
6.85,0.00,0.00,130.00,6293.00,0.00,0.00,973.00,27859.32,0.00
6.85,0.00,0.00,126.00,6297.00,0.00,0.00,973.00,27344.98,0.00
6.86,0.00,0.00,125.00,6298.00,0.00,0.00,973.00,26860.06,0.00
6.87,0.00,0.00,124.00,6299.00,0.00,0.00,973.00,26402.02,0.00
6.88,0.00,0.00,122.00,6301.00,0.00,0.00,973.00,25953.51,0.00
6.88,0.00,0.00,120.00,6303.00,0.00,0.00,973.00,25513.71,0.00
6.89,0.00,0.00,116.00,6307.00,0.00,0.00,973.00,25051.82,0.00
6.90,0.00,0.00,115.00,6308.00,0.00,0.00,973.00,24614.81,0.00
6.90,0.00,0.00,114.00,6309.00,0.00,0.00,973.00,24200.54,0.00
6.91,0.00,0.00,114.00,6309.00,0.00,0.00,973.00,23822.07,0.00
6.92,0.00,0.00,110.00,6313.00,0.00,0.00,973.00,23416.21,0.00
6.92,0.00,0.00,109.00,6314.00,0.00,0.00,973.00,23030.40,0.00
6.93,0.00,0.00,108.00,6315.00,0.00,0.00,973.00,22662.90,0.00
6.94,0.00,0.00,107.00,6316.00,0.00,0.00,973.00,22312.13,0.00
6.94,0.00,0.00,102.00,6321.00,0.00,0.00,973.00,21916.55,0.00
6.95,0.00,0.00,100.00,6323.00,0.00,0.00,973.00,21525.11,0.00
6.96,0.00,0.00,97.00,6326.00,0.00,0.00,973.00,21122.42,0.00
6.97,0.00,0.00,93.00,6330.00,0.00,0.00,973.00,20694.44,0.00
6.97,0.00,0.00,92.00,6331.00,0.00,0.00,973.00,20288.41,0.00
6.98,0.00,0.00,88.00,6335.00,0.00,0.00,973.00,19857.38,0.00
6.99,0.00,0.00,88.00,6335.00,0.00,0.00,973.00,19463.59,0.00
6.99,0.00,0.00,87.00,6336.00,0.00,0.00,973.00,19088.80,0.00
7.00,0.00,0.00,85.00,6338.00,0.00,0.00,973.00,18716.35,0.00
7.01,0.00,0.00,84.00,6339.00,0.00,0.00,973.00,18361.06,0.00
7.01,0.00,0.00,81.00,6342.00,0.00,0.00,973.00,17991.40,0.00
7.02,0.00,0.00,77.00,6346.00,0.00,0.00,973.00,17593.59,0.00
7.03,0.00,0.00,76.00,6347.00,0.00,0.00,973.00,17215.13,0.00
7.03,0.00,0.00,75.00,6348.00,0.00,0.00,973.00,16854.35,0.00
7.04,0.00,0.00,75.00,6348.00,0.00,0.00,973.00,16524.74,0.00
7.05,0.00,0.00,73.00,6350.00,0.00,0.00,973.00,16193.57,0.00
7.06,0.00,0.00,72.00,6351.00,0.00,0.00,973.00,15875.99,0.00
7.06,0.00,0.00,70.00,6353.00,0.00,0.00,973.00,15555.80,0.00
7.07,0.00,0.00,70.00,6353.00,0.00,0.00,973.00,15263.29,0.00
7.08,0.00,0.00,68.00,6355.00,0.00,0.00,973.00,14966.00,0.00
7.08,0.00,0.00,66.00,6357.00,0.00,0.00,973.00,14664.35,0.00
7.09,0.00,0.00,65.00,6358.00,0.00,0.00,973.00,14373.74,0.00
7.10,0.00,0.00,65.00,6358.00,0.00,0.00,973.00,14108.25,0.00
7.10,0.00,0.00,62.00,6361.00,0.00,0.00,973.00,13820.62,0.00
7.11,0.00,0.00,61.00,6362.00,0.00,0.00,973.00,13542.83,0.00
7.12,0.00,0.00,61.00,6362.00,0.00,0.00,973.00,13289.04,0.00
7.12,0.00,0.00,61.00,6362.00,0.00,0.00,973.00,13057.18,0.00
7.13,0.00,0.00,60.00,6363.00,0.00,0.00,973.00,12830.33,0.00
7.14,0.00,0.00,59.00,6364.00,0.00,0.00,973.00,12608.06,0.00
7.15,0.00,0.00,58.00,6365.00,0.00,0.00,973.00,12389.97,0.00
7.15,0.00,0.00,57.00,6366.00,0.00,0.00,973.00,12175.70,0.00
7.16,0.00,0.00,56.00,6367.00,0.00,0.00,973.00,11964.92,0.00
7.17,0.00,0.00,55.00,6368.00,0.00,0.00,973.00,11757.34,0.00
7.17,0.00,0.00,54.00,6369.00,0.00,0.00,973.00,11552.66,0.00
7.18,0.00,0.00,54.00,6369.00,0.00,0.00,973.00,11365.68,0.00
7.19,0.00,0.00,52.00,6371.00,0.00,0.00,973.00,11164.80,0.00
7.19,0.00,0.00,50.00,6373.00,0.00,0.00,973.00,10951.23,0.00
7.20,0.00,0.00,47.00,6376.00,0.00,0.00,973.00,10711.05,0.00
7.21,0.00,0.00,45.00,6378.00,0.00,0.00,973.00,10461.58,0.00
7.22,0.00,0.00,44.00,6379.00,0.00,0.00,973.00,10218.64,0.00
7.22,0.00,0.00,43.00,6380.00,0.00,0.00,973.00,9981.67,0.00
7.23,0.00,0.00,43.00,6380.00,0.00,0.00,973.00,9765.17,0.00
7.24,0.00,0.00,42.00,6381.00,0.00,0.00,973.00,9552.36,0.00
7.24,0.00,0.00,41.00,6382.00,0.00,0.00,973.00,9342.91,0.00
7.25,0.00,0.00,40.00,6383.00,0.00,0.00,973.00,9136.54,0.00
7.26,0.00,0.00,39.00,6384.00,0.00,0.00,973.00,8932.98,0.00
7.26,0.00,0.00,39.00,6384.00,0.00,0.00,973.00,8747.00,0.00
7.27,0.00,0.00,37.00,6386.00,0.00,0.00,973.00,8547.05,0.00
7.28,0.00,0.00,37.00,6386.00,0.00,0.00,973.00,8364.38,0.00
7.28,0.00,0.00,36.00,6387.00,0.00,0.00,973.00,8182.47,0.00
7.29,0.00,0.00,34.00,6389.00,0.00,0.00,973.00,7986.23,0.00
7.30,0.00,0.00,32.00,6391.00,0.00,0.00,973.00,7776.90,0.00
7.31,0.00,0.00,31.00,6392.00,0.00,0.00,973.00,7570.63,0.00
7.31,0.00,0.00,31.00,6392.00,0.00,0.00,973.00,7382.19,0.00
7.32,0.00,0.00,31.00,6392.00,0.00,0.00,973.00,7210.03,0.00
7.33,0.00,0.00,30.00,6393.00,0.00,0.00,973.00,7037.72,0.00
7.33,0.00,0.00,28.00,6395.00,0.00,0.00,973.00,6850.26,0.00
7.34,0.00,0.00,28.00,6395.00,0.00,0.00,973.00,6678.99,0.00
7.35,0.00,0.00,28.00,6395.00,0.00,0.00,973.00,6522.53,0.00
7.35,0.00,0.00,28.00,6395.00,0.00,0.00,973.00,6379.58,0.00
7.36,0.00,0.00,28.00,6395.00,0.00,0.00,973.00,6248.98,0.00
7.37,0.00,0.00,27.00,6396.00,0.00,0.00,973.00,6114.65,0.00
7.38,0.00,0.00,26.00,6397.00,0.00,0.00,973.00,5976.90,0.00
7.38,0.00,0.00,26.00,6397.00,0.00,0.00,973.00,5851.05,0.00
7.39,0.00,0.00,26.00,6397.00,0.00,0.00,973.00,5736.08,0.00
7.40,0.00,0.00,24.00,6399.00,0.00,0.00,973.00,5600.99,0.00
7.40,0.00,0.00,24.00,6399.00,0.00,0.00,973.00,5477.58,0.00
7.41,0.00,0.00,24.00,6399.00,0.00,0.00,973.00,5364.83,0.00
7.42,0.00,0.00,24.00,6399.00,0.00,0.00,973.00,5261.83,0.00
7.42,0.00,0.00,23.00,6400.00,0.00,0.00,973.00,5152.70,0.00
7.43,0.00,0.00,23.00,6400.00,0.00,0.00,973.00,5053.00,0.00
7.44,0.00,0.00,23.00,6400.00,0.00,0.00,973.00,4961.91,0.00
7.44,0.00,0.00,23.00,6400.00,0.00,0.00,973.00,4878.70,0.00
7.45,0.00,0.00,23.00,6400.00,0.00,0.00,973.00,4802.67,0.00
7.46,0.00,0.00,23.00,6400.00,0.00,0.00,973.00,4733.22,0.00
7.47,0.00,0.00,23.00,6400.00,0.00,0.00,973.00,4669.77,0.00
7.47,0.00,0.00,22.00,6401.00,0.00,0.00,973.00,4596.77,0.00
7.48,0.00,0.00,21.00,6402.00,0.00,0.00,973.00,4515.06,0.00
7.49,0.00,0.00,19.00,6404.00,0.00,0.00,973.00,4410.37,0.00
7.49,0.00,0.00,19.00,6404.00,0.00,0.00,973.00,4314.72,0.00
7.50,0.00,0.00,19.00,6404.00,0.00,0.00,973.00,4227.33,0.00
7.51,0.00,0.00,19.00,6404.00,0.00,0.00,973.00,4147.50,0.00
7.51,0.00,0.00,18.00,6405.00,0.00,0.00,973.00,4059.54,0.00
7.52,0.00,0.00,18.00,6405.00,0.00,0.00,973.00,3979.18,0.00
7.53,0.00,0.00,17.00,6406.00,0.00,0.00,973.00,3890.74,0.00
7.53,0.00,0.00,17.00,6406.00,0.00,0.00,973.00,3809.95,0.00
7.54,0.00,0.00,17.00,6406.00,0.00,0.00,973.00,3736.13,0.00
7.55,0.00,0.00,16.00,6407.00,0.00,0.00,973.00,3653.67,0.00
7.56,0.00,0.00,15.00,6408.00,0.00,0.00,973.00,3563.32,0.00
7.56,0.00,0.00,15.00,6408.00,0.00,0.00,973.00,3480.77,0.00
7.57,0.00,0.00,14.00,6409.00,0.00,0.00,973.00,3390.33,0.00
7.58,0.00,0.00,14.00,6409.00,0.00,0.00,973.00,3307.70,0.00
7.58,0.00,0.00,14.00,6409.00,0.00,0.00,973.00,3232.21,0.00
7.59,0.00,0.00,14.00,6409.00,0.00,0.00,973.00,3163.25,0.00
7.60,0.00,0.00,14.00,6409.00,0.00,0.00,973.00,3100.25,0.00
7.60,0.00,0.00,14.00,6409.00,0.00,0.00,973.00,3042.68,0.00
7.61,0.00,0.00,13.00,6410.00,0.00,0.00,973.00,2975.07,0.00
7.62,0.00,0.00,13.00,6410.00,0.00,0.00,973.00,2913.31,0.00
7.62,0.00,0.00,13.00,6410.00,0.00,0.00,973.00,2856.88,0.00
7.63,0.00,0.00,13.00,6410.00,0.00,0.00,973.00,2805.32,0.00
7.64,0.00,0.00,12.00,6411.00,0.00,0.00,973.00,2743.20,0.00
7.65,0.00,0.00,12.00,6411.00,0.00,0.00,973.00,2686.44,0.00
7.65,0.00,0.00,10.00,6413.00,0.00,0.00,973.00,2604.55,0.00
7.66,0.00,0.00,10.00,6413.00,0.00,0.00,973.00,2529.72,0.00
7.67,0.00,0.00,8.00,6415.00,0.00,0.00,973.00,2431.32,0.00
7.67,0.00,0.00,8.00,6415.00,0.00,0.00,973.00,2341.42,0.00
7.68,0.00,0.00,8.00,6415.00,0.00,0.00,973.00,2259.29,0.00
7.69,0.00,0.00,8.00,6415.00,0.00,0.00,973.00,2184.26,0.00
7.69,0.00,0.00,8.00,6415.00,0.00,0.00,973.00,2115.71,0.00
7.70,0.00,0.00,8.00,6415.00,0.00,0.00,973.00,2053.08,0.00
7.71,0.00,0.00,8.00,6415.00,0.00,0.00,973.00,1995.86,0.00
7.72,0.00,0.00,7.00,6416.00,0.00,0.00,973.00,1928.57,0.00
7.72,0.00,0.00,7.00,6416.00,0.00,0.00,973.00,1867.09,0.00
7.73,0.00,0.00,7.00,6416.00,0.00,0.00,973.00,1810.92,0.00
7.74,0.00,0.00,7.00,6416.00,0.00,0.00,973.00,1759.60,0.00
7.74,0.00,0.00,7.00,6416.00,0.00,0.00,973.00,1712.72,0.00
7.75,0.00,0.00,7.00,6416.00,0.00,0.00,973.00,1669.89,0.00
7.76,0.00,0.00,6.00,6417.00,0.00,0.00,973.00,1615.74,0.00
7.76,0.00,0.00,6.00,6417.00,0.00,0.00,973.00,1566.27,0.00
7.77,0.00,0.00,6.00,6417.00,0.00,0.00,973.00,1521.07,0.00
7.78,0.00,0.00,6.00,6417.00,0.00,0.00,973.00,1479.77,0.00
7.78,0.00,0.00,6.00,6417.00,0.00,0.00,973.00,1442.05,0.00
7.79,0.00,0.00,5.00,6418.00,0.00,0.00,973.00,1392.56,0.00
7.80,0.00,0.00,5.00,6418.00,0.00,0.00,973.00,1347.35,0.00
7.81,0.00,0.00,5.00,6418.00,0.00,0.00,973.00,1306.04,0.00
7.81,0.00,0.00,5.00,6418.00,0.00,0.00,973.00,1268.31,0.00
7.82,0.00,0.00,5.00,6418.00,0.00,0.00,973.00,1233.83,0.00
7.83,0.00,0.00,5.00,6418.00,0.00,0.00,973.00,1202.34,0.00
7.83,0.00,0.00,5.00,6418.00,0.00,0.00,973.00,1173.56,0.00
7.84,0.00,0.00,5.00,6418.00,0.00,0.00,973.00,1147.27,0.00
7.85,0.00,0.00,5.00,6418.00,0.00,0.00,973.00,1123.25,0.00
7.85,0.00,0.00,5.00,6418.00,0.00,0.00,973.00,1101.31,0.00
7.86,0.00,0.00,5.00,6418.00,0.00,0.00,973.00,1081.27,0.00
7.87,0.00,0.00,5.00,6418.00,0.00,0.00,973.00,1062.95,0.00
7.88,0.00,0.00,5.00,6418.00,0.00,0.00,973.00,1046.22,0.00
7.88,0.00,0.00,5.00,6418.00,0.00,0.00,973.00,1030.94,0.00
7.89,0.00,0.00,5.00,6418.00,0.00,0.00,973.00,1016.97,0.00
7.90,0.00,0.00,4.00,6419.00,0.00,0.00,973.00,989.19,0.00
7.90,0.00,0.00,4.00,6419.00,0.00,0.00,973.00,963.81,0.00
7.91,0.00,0.00,4.00,6419.00,0.00,0.00,973.00,940.62,0.00
7.92,0.00,0.00,4.00,6419.00,0.00,0.00,973.00,919.44,0.00
7.92,0.00,0.00,3.00,6420.00,0.00,0.00,973.00,885.06,0.00
7.93,0.00,0.00,3.00,6420.00,0.00,0.00,973.00,853.65,0.00
7.94,0.00,0.00,3.00,6420.00,0.00,0.00,973.00,824.96,0.00
7.94,0.00,0.00,3.00,6420.00,0.00,0.00,973.00,798.75,0.00
7.95,0.00,0.00,3.00,6420.00,0.00,0.00,973.00,774.80,0.00
7.96,0.00,0.00,3.00,6420.00,0.00,0.00,973.00,752.92,0.00
7.97,0.00,0.00,2.00,6421.00,0.00,0.00,973.00,717.91,0.00
7.97,0.00,0.00,2.00,6421.00,0.00,0.00,973.00,685.92,0.00
7.98,0.00,0.00,2.00,6421.00,0.00,0.00,973.00,656.70,0.00
7.99,0.00,0.00,1.00,6422.00,0.00,0.00,973.00,614.98,0.00
7.99,0.00,0.00,1.00,6422.00,0.00,0.00,973.00,576.86,0.00
8.00,0.00,0.00,1.00,6422.00,0.00,0.00,973.00,542.04,0.00
8.01,0.00,0.00,1.00,6422.00,0.00,0.00,973.00,510.23,0.00
8.01,0.00,0.00,1.00,6422.00,0.00,0.00,973.00,481.16,0.00
8.02,0.00,0.00,1.00,6422.00,0.00,0.00,973.00,454.61,0.00
8.03,0.00,0.00,1.00,6422.00,0.00,0.00,973.00,430.35,0.00
8.03,0.00,0.00,1.00,6422.00,0.00,0.00,973.00,408.19,0.00
8.04,0.00,0.00,1.00,6422.00,0.00,0.00,973.00,387.94,0.00
8.05,0.00,0.00,1.00,6422.00,0.00,0.00,973.00,369.44,0.00
8.06,0.00,0.00,1.00,6422.00,0.00,0.00,973.00,352.54,0.00
8.06,0.00,0.00,1.00,6422.00,0.00,0.00,973.00,337.10,0.00
8.07,0.00,0.00,1.00,6422.00,0.00,0.00,973.00,323.00,0.00
8.08,0.00,0.00,1.00,6422.00,0.00,0.00,973.00,310.11,0.00
8.08,0.00,0.00,1.00,6422.00,0.00,0.00,973.00,298.34,0.00
8.09,0.00,0.00,1.00,6422.00,0.00,0.00,973.00,287.58,0.00
8.10,0.00,0.00,1.00,6422.00,0.00,0.00,973.00,277.76,0.00
8.10,0.00,0.00,1.00,6422.00,0.00,0.00,973.00,268.78,0.00
8.11,0.00,0.00,1.00,6422.00,0.00,0.00,973.00,260.58,0.00
8.12,0.00,0.00,1.00,6422.00,0.00,0.00,973.00,253.09,0.00
8.12,0.00,0.00,1.00,6422.00,0.00,0.00,973.00,246.24,0.00
8.13,0.00,0.00,1.00,6422.00,0.00,0.00,973.00,239.99,0.00
8.14,0.00,0.00,1.00,6422.00,0.00,0.00,973.00,234.27,0.00
8.15,0.00,0.00,1.00,6422.00,0.00,0.00,973.00,229.05,0.00
8.15,0.00,0.00,1.00,6422.00,0.00,0.00,973.00,224.28,0.00
8.16,0.00,0.00,1.00,6422.00,0.00,0.00,973.00,219.93,0.00
8.17,0.00,0.00,1.00,6422.00,0.00,0.00,973.00,215.95,0.00
8.17,0.00,0.00,1.00,6422.00,0.00,0.00,973.00,212.31,0.00
8.18,0.00,0.00,1.00,6422.00,0.00,0.00,973.00,208.99,0.00
8.19,0.00,0.00,1.00,6422.00,0.00,0.00,973.00,205.95,0.00
8.19,0.00,0.00,1.00,6422.00,0.00,0.00,973.00,203.18,0.00
8.20,0.00,0.00,1.00,6422.00,0.00,0.00,973.00,200.65,0.00
8.21,0.00,0.00,1.00,6422.00,0.00,0.00,973.00,198.33,0.00
8.22,0.00,0.00,1.00,6422.00,0.00,0.00,973.00,196.22,0.00
8.22,0.00,0.00,1.00,6422.00,0.00,0.00,973.00,194.29,0.00
8.23,0.00,0.00,1.00,6422.00,0.00,0.00,973.00,192.52,0.00
8.24,0.00,0.00,1.00,6422.00,0.00,0.00,973.00,190.91,0.00
8.24,0.00,0.00,1.00,6422.00,0.00,0.00,973.00,189.44,0.00
8.25,0.00,0.00,1.00,6422.00,0.00,0.00,973.00,188.09,0.00
8.26,0.00,0.00,1.00,6422.00,0.00,0.00,973.00,186.86,0.00
8.26,0.00,0.00,1.00,6422.00,0.00,0.00,973.00,185.74,0.00
8.27,0.00,0.00,1.00,6422.00,0.00,0.00,973.00,184.71,0.00
8.28,0.00,0.00,1.00,6422.00,0.00,0.00,973.00,183.78,0.00
8.28,0.00,0.00,1.00,6422.00,0.00,0.00,973.00,182.92,0.00
8.29,0.00,0.00,1.00,6422.00,0.00,0.00,973.00,182.14,0.00
8.30,0.00,0.00,1.00,6422.00,0.00,0.00,973.00,181.42,0.00
8.31,0.00,0.00,0.00,6423.00,0.00,0.00,973.00,165.75,0.00
8.31,0.00,0.00,0.00,6423.00,0.00,0.00,973.00,151.42,0.00
8.32,0.00,0.00,0.00,6423.00,0.00,0.00,973.00,138.34,0.00
8.33,0.00,0.00,0.00,6423.00,0.00,0.00,973.00,126.39,0.00
8.33,0.00,0.00,0.00,6423.00,0.00,0.00,973.00,115.47,0.00
8.34,0.00,0.00,0.00,6423.00,0.00,0.00,973.00,105.49,0.00
8.35,0.00,0.00,0.00,6423.00,0.00,0.00,973.00,96.37,0.00
8.35,0.00,0.00,0.00,6423.00,0.00,0.00,973.00,88.05,0.00
8.36,0.00,0.00,0.00,6423.00,0.00,0.00,973.00,80.44,0.00
8.37,0.00,0.00,0.00,6423.00,0.00,0.00,973.00,73.49,0.00
8.38,0.00,0.00,0.00,6423.00,0.00,0.00,973.00,67.14,0.00
8.38,0.00,0.00,0.00,6423.00,0.00,0.00,973.00,61.34,0.00
8.39,0.00,0.00,0.00,6423.00,0.00,0.00,973.00,56.04,0.00
8.40,0.00,0.00,0.00,6423.00,0.00,0.00,973.00,51.19,0.00
8.40,0.00,0.00,0.00,6423.00,0.00,0.00,973.00,46.77,0.00
8.41,0.00,0.00,0.00,6423.00,0.00,0.00,973.00,42.73,0.00
8.42,0.00,0.00,0.00,6423.00,0.00,0.00,973.00,39.04,0.00
8.42,0.00,0.00,0.00,6423.00,0.00,0.00,973.00,35.66,0.00
8.43,0.00,0.00,0.00,6423.00,0.00,0.00,973.00,32.58,0.00
8.44,0.00,0.00,0.00,6423.00,0.00,0.00,973.00,29.77,0.00
8.44,0.00,0.00,0.00,6423.00,0.00,0.00,973.00,27.20,0.00
8.45,0.00,0.00,0.00,6423.00,0.00,0.00,973.00,24.85,0.00
8.46,0.00,0.00,0.00,6423.00,0.00,0.00,973.00,22.70,0.00
8.47,0.00,0.00,0.00,6423.00,0.00,0.00,973.00,20.74,0.00
8.47,0.00,0.00,0.00,6423.00,0.00,0.00,973.00,18.95,0.00
8.48,0.00,0.00,0.00,6423.00,0.00,0.00,973.00,17.31,0.00
8.49,0.00,0.00,0.00,6423.00,0.00,0.00,973.00,15.81,0.00
8.49,0.00,0.00,0.00,6423.00,0.00,0.00,973.00,14.45,0.00
8.50,0.00,0.00,0.00,6423.00,0.00,0.00,973.00,13.20,0.00
8.51,0.00,0.00,0.00,6423.00,0.00,0.00,973.00,12.06,0.00
8.51,0.00,0.00,0.00,6423.00,0.00,0.00,973.00,11.02,0.00
8.52,0.00,0.00,0.00,6423.00,0.00,0.00,973.00,10.06,0.00
8.53,0.00,0.00,0.00,6423.00,0.00,0.00,973.00,9.19,0.00
8.53,0.00,0.00,0.00,6423.00,0.00,0.00,973.00,8.40,0.00
8.54,0.00,0.00,0.00,6423.00,0.00,0.00,973.00,7.67,0.00
8.55,0.00,0.00,0.00,6423.00,0.00,0.00,973.00,7.01,0.00
8.56,0.00,0.00,0.00,6423.00,0.00,0.00,973.00,6.41,0.00
8.56,0.00,0.00,0.00,6423.00,0.00,0.00,973.00,5.85,0.00
8.57,0.00,0.00,0.00,6423.00,0.00,0.00,973.00,5.35,0.00
8.58,0.00,0.00,0.00,6423.00,0.00,0.00,973.00,4.88,0.00
8.58,0.00,0.00,0.00,6423.00,0.00,0.00,973.00,4.46,0.00
8.59,0.00,0.00,0.00,6423.00,0.00,0.00,973.00,4.08,0.00
8.60,0.00,0.00,0.00,6423.00,0.00,0.00,973.00,3.72,0.00
8.60,0.00,0.00,0.00,6423.00,0.00,0.00,973.00,3.40,0.00
8.61,0.00,0.00,0.00,6423.00,0.00,0.00,973.00,3.11,0.00
8.62,0.00,0.00,0.00,6423.00,0.00,0.00,973.00,2.84,0.00
8.62,0.00,0.00,0.00,6423.00,0.00,0.00,973.00,2.59,0.00
8.63,0.00,0.00,0.00,6423.00,0.00,0.00,973.00,2.37,0.00
8.64,0.00,0.00,0.00,6423.00,0.00,0.00,973.00,2.17,0.00
8.65,0.00,0.00,0.00,6423.00,0.00,0.00,973.00,1.98,0.00
8.65,0.00,0.00,0.00,6423.00,0.00,0.00,973.00,1.81,0.00
8.66,0.00,0.00,0.00,6423.00,0.00,0.00,973.00,1.65,0.00
8.67,0.00,0.00,0.00,6423.00,0.00,0.00,973.00,1.51,0.00
8.67,0.00,0.00,0.00,6423.00,0.00,0.00,973.00,1.38,0.00
8.68,0.00,0.00,0.00,6423.00,0.00,0.00,973.00,1.26,0.00
8.69,0.00,0.00,0.00,6423.00,0.00,0.00,973.00,1.15,0.00
8.69,0.00,0.00,0.00,6423.00,0.00,0.00,973.00,1.05,0.00
8.70,0.00,0.00,0.00,6423.00,0.00,0.00,973.00,0.96,0.00
8.71,0.00,0.00,0.00,6423.00,0.00,0.00,973.00,0.88,0.00
8.72,0.00,0.00,0.00,6423.00,0.00,0.00,973.00,0.80,0.00
8.72,0.00,0.00,0.00,6423.00,0.00,0.00,973.00,0.73,0.00
8.73,0.00,0.00,0.00,6423.00,0.00,0.00,973.00,0.67,0.00
8.74,0.00,0.00,0.00,6423.00,0.00,0.00,973.00,0.61,0.00
8.74,0.00,0.00,0.00,6423.00,0.00,0.00,973.00,0.56,0.00
8.75,0.00,0.00,0.00,6423.00,0.00,0.00,973.00,0.51,0.00
8.76,0.00,0.00,0.00,6423.00,0.00,0.00,973.00,0.47,0.00
8.76,0.00,0.00,0.00,6423.00,0.00,0.00,973.00,0.43,0.00
8.77,0.00,0.00,0.00,6423.00,0.00,0.00,973.00,0.39,0.00
8.78,0.00,0.00,0.00,6423.00,0.00,0.00,973.00,0.36,0.00
8.78,0.00,0.00,0.00,6423.00,0.00,0.00,973.00,0.32,0.00
8.79,0.00,0.00,0.00,6423.00,0.00,0.00,973.00,0.30,0.00
8.80,0.00,0.00,0.00,6423.00,0.00,0.00,973.00,0.27,0.00
8.81,0.00,0.00,0.00,6423.00,0.00,0.00,973.00,0.25,0.00
8.81,0.00,0.00,0.00,6423.00,0.00,0.00,973.00,0.23,0.00
8.82,0.00,0.00,0.00,6423.00,0.00,0.00,973.00,0.21,0.00
8.83,0.00,0.00,0.00,6423.00,0.00,0.00,973.00,0.19,0.00
8.83,0.00,0.00,0.00,6423.00,0.00,0.00,973.00,0.17,0.00
8.84,0.00,0.00,0.00,6423.00,0.00,0.00,973.00,0.16,0.00
8.85,0.00,0.00,0.00,6423.00,0.00,0.00,973.00,0.14,0.00
8.85,0.00,0.00,0.00,6423.00,0.00,0.00,973.00,0.13,0.00
8.86,0.00,0.00,0.00,6423.00,0.00,0.00,973.00,0.12,0.00
8.87,0.00,0.00,0.00,6423.00,0.00,0.00,973.00,0.11,0.00
8.88,0.00,0.00,0.00,6423.00,0.00,0.00,973.00,0.10,0.00
8.88,0.00,0.00,0.00,6423.00,0.00,0.00,973.00,0.09,0.00
8.89,0.00,0.00,0.00,6423.00,0.00,0.00,973.00,0.08,0.00
8.90,0.00,0.00,0.00,6423.00,0.00,0.00,973.00,0.08,0.00
8.90,0.00,0.00,0.00,6423.00,0.00,0.00,973.00,0.07,0.00
8.91,0.00,0.00,0.00,6423.00,0.00,0.00,973.00,0.06,0.00
8.92,0.00,0.00,0.00,6423.00,0.00,0.00,973.00,0.06,0.00
8.92,0.00,0.00,0.00,6423.00,0.00,0.00,973.00,0.05,0.00
8.93,0.00,0.00,0.00,6423.00,0.00,0.00,973.00,0.05,0.00
8.94,0.00,0.00,0.00,6423.00,0.00,0.00,973.00,0.04,0.00
8.94,0.00,0.00,0.00,6423.00,0.00,0.00,973.00,0.04,0.00
8.95,0.00,0.00,0.00,6423.00,0.00,0.00,973.00,0.04,0.00
8.96,0.00,0.00,0.00,6423.00,0.00,0.00,973.00,0.03,0.00
8.97,0.00,0.00,0.00,6423.00,0.00,0.00,973.00,0.03,0.00
8.97,0.00,0.00,0.00,6423.00,0.00,0.00,973.00,0.03,0.00
8.98,0.00,0.00,0.00,6423.00,0.00,0.00,973.00,0.03,0.00
8.99,0.00,0.00,0.00,6423.00,0.00,0.00,973.00,0.02,0.00
8.99,0.00,0.00,0.00,6423.00,0.00,0.00,973.00,0.02,0.00
9.00,0.00,0.00,0.00,6423.00,0.00,0.00,973.00,0.02,0.00
9.01,0.00,0.00,0.00,6423.00,0.00,0.00,973.00,0.02,0.00
9.01,0.00,0.00,0.00,6423.00,0.00,0.00,973.00,0.02,0.00
9.02,0.00,0.00,0.00,6423.00,0.00,0.00,973.00,0.02,0.00
9.03,0.00,0.00,0.00,6423.00,0.00,0.00,973.00,0.01,0.00
9.03,0.00,0.00,0.00,6423.00,0.00,0.00,973.00,0.01,0.00
9.04,0.00,0.00,0.00,6423.00,0.00,0.00,973.00,0.01,0.00
9.05,0.00,0.00,0.00,6423.00,0.00,0.00,973.00,0.01,0.00
9.06,0.00,0.00,0.00,6423.00,0.00,0.00,973.00,0.01,0.00
9.06,0.00,0.00,0.00,6423.00,0.00,0.00,973.00,0.01,0.00
9.07,0.00,0.00,0.00,6423.00,0.00,0.00,973.00,0.01,0.00
9.08,0.00,0.00,0.00,6423.00,0.00,0.00,973.00,0.01,0.00
9.08,0.00,0.00,0.00,6423.00,0.00,0.00,973.00,0.01,0.00
9.09,0.00,0.00,0.00,6423.00,0.00,0.00,973.00,0.01,0.00
9.10,0.00,0.00,0.00,6423.00,0.00,0.00,973.00,0.01,0.00
9.10,0.00,0.00,0.00,6423.00,0.00,0.00,973.00,0.01,0.00
9.11,0.00,0.00,0.00,6423.00,0.00,0.00,973.00,0.00,0.00
9.12,0.00,0.00,0.00,6423.00,0.00,0.00,973.00,0.00,0.00
9.12,0.00,0.00,0.00,6423.00,0.00,0.00,973.00,0.00,0.00
9.13,0.00,0.00,0.00,6423.00,0.00,0.00,973.00,0.00,0.00
9.14,0.00,0.00,0.00,6423.00,0.00,0.00,973.00,0.00,0.00
9.15,0.00,0.00,0.00,6423.00,0.00,0.00,973.00,0.00,0.00
9.15,0.00,0.00,0.00,6423.00,0.00,0.00,973.00,0.00,0.00
9.16,0.00,0.00,0.00,6423.00,0.00,0.00,973.00,0.00,0.00
9.17,0.00,0.00,0.00,6423.00,0.00,0.00,973.00,0.00,0.00
9.17,0.00,0.00,0.00,6423.00,0.00,0.00,973.00,0.00,0.00
9.18,0.00,0.00,0.00,6423.00,0.00,0.00,973.00,0.00,0.00
9.19,0.00,0.00,0.00,6423.00,0.00,0.00,973.00,0.00,0.00
9.19,0.00,0.00,0.00,6423.00,0.00,0.00,973.00,0.00,0.00
9.20,0.00,0.00,0.00,6423.00,0.00,0.00,973.00,0.00,0.00
9.21,0.00,0.00,0.00,6423.00,0.00,0.00,973.00,0.00,0.00
9.22,0.00,0.00,0.00,6423.00,0.00,0.00,973.00,0.00,0.00
9.22,0.00,0.00,0.00,6423.00,0.00,0.00,973.00,0.00,0.00
9.23,0.00,0.00,0.00,6423.00,0.00,0.00,973.00,0.00,0.00
9.24,0.00,0.00,0.00,6423.00,0.00,0.00,973.00,0.00,0.00
9.24,0.00,0.00,0.00,6423.00,0.00,0.00,973.00,0.00,0.00
9.25,0.00,0.00,0.00,6423.00,0.00,0.00,973.00,0.00,0.00
9.26,0.00,0.00,0.00,6423.00,0.00,0.00,973.00,0.00,0.00
9.26,0.00,0.00,0.00,6423.00,0.00,0.00,973.00,0.00,0.00
9.27,0.00,0.00,0.00,6423.00,0.00,0.00,973.00,0.00,0.00
9.28,0.00,0.00,0.00,6423.00,0.00,0.00,973.00,0.00,0.00
9.28,0.00,0.00,0.00,6423.00,0.00,0.00,973.00,0.00,0.00
9.29,0.00,0.00,0.00,6423.00,0.00,0.00,973.00,0.00,0.00
9.30,0.00,0.00,0.00,6423.00,0.00,0.00,973.00,0.00,0.00
9.31,0.00,0.00,0.00,6423.00,0.00,0.00,973.00,0.00,0.00
9.31,0.00,0.00,0.00,6423.00,0.00,0.00,973.00,0.00,0.00
9.32,0.00,0.00,0.00,6423.00,0.00,0.00,973.00,0.00,0.00
9.33,0.00,0.00,0.00,6423.00,0.00,0.00,973.00,0.00,0.00
9.33,0.00,0.00,0.00,6423.00,0.00,0.00,973.00,0.00,0.00
9.34,0.00,0.00,0.00,6423.00,0.00,0.00,973.00,0.00,0.00
9.35,0.00,0.00,0.00,6423.00,0.00,0.00,973.00,0.00,0.00
9.35,0.00,0.00,0.00,6423.00,0.00,0.00,973.00,0.00,0.00
9.36,0.00,0.00,0.00,6423.00,0.00,0.00,973.00,0.00,0.00
9.37,0.00,0.00,0.00,6423.00,0.00,0.00,973.00,0.00,0.00
9.38,0.00,0.00,0.00,6423.00,0.00,0.00,973.00,0.00,0.00
9.38,0.00,0.00,0.00,6423.00,0.00,0.00,973.00,0.00,0.00
9.39,0.00,0.00,0.00,6423.00,0.00,0.00,973.00,0.00,0.00
9.40,0.00,0.00,0.00,6423.00,0.00,0.00,973.00,0.00,0.00
9.40,0.00,0.00,0.00,6423.00,0.00,0.00,973.00,0.00,0.00
9.41,0.00,0.00,0.00,6423.00,0.00,0.00,973.00,0.00,0.00
9.42,0.00,0.00,0.00,6423.00,0.00,0.00,973.00,0.00,0.00
9.42,0.00,0.00,0.00,6423.00,0.00,0.00,973.00,0.00,0.00
9.43,0.00,0.00,0.00,6423.00,0.00,0.00,973.00,0.00,0.00
9.44,0.00,0.00,0.00,6423.00,0.00,0.00,973.00,0.00,0.00
9.44,0.00,0.00,0.00,6423.00,0.00,0.00,973.00,0.00,0.00
9.45,0.00,0.00,0.00,6423.00,0.00,0.00,973.00,0.00,0.00
9.46,0.00,0.00,0.00,6423.00,0.00,0.00,973.00,0.00,0.00
9.47,0.00,0.00,0.00,6423.00,0.00,0.00,973.00,0.00,0.00
9.47,0.00,0.00,0.00,6423.00,0.00,0.00,973.00,0.00,0.00
9.48,0.00,0.00,0.00,6423.00,0.00,0.00,973.00,0.00,0.00
9.49,0.00,0.00,0.00,6423.00,0.00,0.00,973.00,0.00,0.00
9.49,0.00,0.00,0.00,6423.00,0.00,0.00,973.00,0.00,0.00
9.50,0.00,0.00,0.00,6423.00,0.00,0.00,973.00,0.00,0.00
9.51,0.00,0.00,0.00,6423.00,0.00,0.00,973.00,0.00,0.00
9.51,0.00,0.00,0.00,6423.00,0.00,0.00,973.00,0.00,0.00
9.52,0.00,0.00,0.00,6423.00,0.00,0.00,973.00,0.00,0.00
9.53,0.00,0.00,0.00,6423.00,0.00,0.00,973.00,0.00,0.00
9.53,0.00,0.00,0.00,6423.00,0.00,0.00,973.00,0.00,0.00
9.54,0.00,0.00,0.00,6423.00,0.00,0.00,973.00,0.00,0.00
9.55,0.00,0.00,0.00,6423.00,0.00,0.00,973.00,0.00,0.00
9.56,0.00,0.00,0.00,6423.00,0.00,0.00,973.00,0.00,0.00
9.56,0.00,0.00,0.00,6423.00,0.00,0.00,973.00,0.00,0.00
9.57,0.00,0.00,0.00,6423.00,0.00,0.00,973.00,0.00,0.00
9.58,0.00,0.00,0.00,6423.00,0.00,0.00,973.00,0.00,0.00
9.58,0.00,0.00,0.00,6423.00,0.00,0.00,973.00,0.00,0.00
9.59,0.00,0.00,0.00,6423.00,0.00,0.00,973.00,0.00,0.00
9.60,0.00,0.00,0.00,6423.00,0.00,0.00,973.00,0.00,0.00
9.60,0.00,0.00,0.00,6423.00,0.00,0.00,973.00,0.00,0.00
9.61,0.00,0.00,0.00,6423.00,0.00,0.00,973.00,0.00,0.00
9.62,0.00,0.00,0.00,6423.00,0.00,0.00,973.00,0.00,0.00
9.62,0.00,0.00,0.00,6423.00,0.00,0.00,973.00,0.00,0.00
9.63,0.00,0.00,0.00,6423.00,0.00,0.00,973.00,0.00,0.00
9.64,0.00,0.00,0.00,6423.00,0.00,0.00,973.00,0.00,0.00
9.65,0.00,0.00,0.00,6423.00,0.00,0.00,973.00,0.00,0.00
9.65,0.00,0.00,0.00,6423.00,0.00,0.00,973.00,0.00,0.00
9.66,0.00,0.00,0.00,6423.00,0.00,0.00,973.00,0.00,0.00
9.67,0.00,0.00,0.00,6423.00,0.00,0.00,973.00,0.00,0.00
9.67,0.00,0.00,0.00,6423.00,0.00,0.00,973.00,0.00,0.00
9.68,0.00,0.00,0.00,6423.00,0.00,0.00,973.00,0.00,0.00
9.69,0.00,0.00,0.00,6423.00,0.00,0.00,973.00,0.00,0.00
9.69,0.00,0.00,0.00,6423.00,0.00,0.00,973.00,0.00,0.00
9.70,0.00,0.00,0.00,6423.00,0.00,0.00,973.00,0.00,0.00
9.71,0.00,0.00,0.00,6423.00,0.00,0.00,973.00,0.00,0.00
9.72,0.00,0.00,0.00,6423.00,0.00,0.00,973.00,0.00,0.00
9.72,0.00,0.00,0.00,6423.00,0.00,0.00,973.00,0.00,0.00
9.73,0.00,0.00,0.00,6423.00,0.00,0.00,973.00,0.00,0.00
9.74,0.00,0.00,0.00,6423.00,0.00,0.00,973.00,0.00,0.00
9.74,0.00,0.00,0.00,6423.00,0.00,0.00,973.00,0.00,0.00
9.75,0.00,0.00,0.00,6423.00,0.00,0.00,973.00,0.00,0.00
9.76,0.00,0.00,0.00,6423.00,0.00,0.00,973.00,0.00,0.00
9.76,0.00,0.00,0.00,6423.00,0.00,0.00,973.00,0.00,0.00
9.77,0.00,0.00,0.00,6423.00,0.00,0.00,973.00,0.00,0.00
9.78,0.00,0.00,0.00,6423.00,0.00,0.00,973.00,0.00,0.00
9.78,0.00,0.00,0.00,6423.00,0.00,0.00,973.00,0.00,0.00
9.79,0.00,0.00,0.00,6423.00,0.00,0.00,973.00,0.00,0.00
9.80,0.00,0.00,0.00,6423.00,0.00,0.00,973.00,0.00,0.00
9.81,0.00,0.00,0.00,6423.00,0.00,0.00,973.00,0.00,0.00
9.81,0.00,0.00,0.00,6423.00,0.00,0.00,973.00,0.00,0.00
9.82,0.00,0.00,0.00,6423.00,0.00,0.00,973.00,0.00,0.00
9.83,0.00,0.00,0.00,6423.00,0.00,0.00,973.00,0.00,0.00
9.83,0.00,0.00,0.00,6423.00,0.00,0.00,973.00,0.00,0.00
9.84,0.00,0.00,0.00,6423.00,0.00,0.00,973.00,0.00,0.00
9.85,0.00,0.00,0.00,6423.00,0.00,0.00,973.00,0.00,0.00
9.85,0.00,0.00,0.00,6423.00,0.00,0.00,973.00,0.00,0.00
9.86,0.00,0.00,0.00,6423.00,0.00,0.00,973.00,0.00,0.00
9.87,0.00,0.00,0.00,6423.00,0.00,0.00,973.00,0.00,0.00
9.88,0.00,0.00,0.00,6423.00,0.00,0.00,973.00,0.00,0.00
9.88,0.00,0.00,0.00,6423.00,0.00,0.00,973.00,0.00,0.00
9.89,0.00,0.00,0.00,6423.00,0.00,0.00,973.00,0.00,0.00
9.90,0.00,0.00,0.00,6423.00,0.00,0.00,973.00,0.00,0.00
9.90,0.00,0.00,0.00,6423.00,0.00,0.00,973.00,0.00,0.00
9.91,0.00,0.00,0.00,6423.00,0.00,0.00,973.00,0.00,0.00
9.92,0.00,0.00,0.00,6423.00,0.00,0.00,973.00,0.00,0.00
9.92,0.00,0.00,0.00,6423.00,0.00,0.00,973.00,0.00,0.00
9.93,0.00,0.00,0.00,6423.00,0.00,0.00,973.00,0.00,0.00
9.94,0.00,0.00,0.00,6423.00,0.00,0.00,973.00,0.00,0.00
9.94,0.00,0.00,0.00,6423.00,0.00,0.00,973.00,0.00,0.00
9.95,0.00,0.00,0.00,6423.00,0.00,0.00,973.00,0.00,0.00
9.96,0.00,0.00,0.00,6423.00,0.00,0.00,973.00,0.00,0.00
9.97,0.00,0.00,0.00,6423.00,0.00,0.00,973.00,0.00,0.00
9.97,0.00,0.00,0.00,6423.00,0.00,0.00,973.00,0.00,0.00
9.98,0.00,0.00,0.00,6423.00,0.00,0.00,973.00,0.00,0.00
9.99,0.00,0.00,0.00,6423.00,0.00,0.00,973.00,0.00,0.00
9.99,0.00,0.00,0.00,6423.00,0.00,0.00,973.00,0.00,0.00
