Time,U,AI1,AI2,AD,BI2,BI2,BD,VA,VB
0.00,7395.00,0.00,0.00,0.00,1.00,0.00,0.00,75.00,75.00
0.01,7393.00,1.00,0.00,0.00,2.00,0.00,0.00,68.52,68.47
0.01,7388.00,2.00,0.00,0.00,6.00,0.00,0.00,62.61,62.51
0.02,7388.00,2.00,0.00,0.00,5.00,1.00,0.00,57.20,72.09
0.03,7388.00,2.00,0.00,0.00,5.00,1.00,0.00,52.26,80.83
0.03,7388.00,2.00,0.00,0.00,5.00,1.00,0.00,47.75,88.82
0.04,7385.00,3.00,0.00,0.00,7.00,1.00,0.00,43.63,96.11
0.05,7383.00,4.00,0.00,0.00,8.00,1.00,0.00,39.86,102.76
0.06,7382.00,5.00,0.00,0.00,8.00,1.00,0.00,36.42,108.84
0.06,7382.00,5.00,0.00,0.00,8.00,1.00,0.00,33.28,114.38
0.07,7378.00,6.00,0.00,0.00,11.00,1.00,0.00,30.40,119.45
0.08,7375.00,6.00,0.00,0.00,14.00,1.00,0.00,27.78,124.07
0.08,7373.00,6.00,1.00,0.00,15.00,1.00,0.00,25.53,128.29
0.09,7371.00,6.00,1.00,0.00,17.00,1.00,0.00,23.48,132.14
0.10,7370.00,6.00,1.00,0.00,18.00,1.00,0.00,21.60,135.66
0.10,7367.00,8.00,2.00,0.00,18.00,1.00,0.00,20.04,138.87
0.11,7367.00,7.00,3.00,0.00,17.00,2.00,0.00,18.76,156.82
0.12,7367.00,6.00,4.00,0.00,17.00,2.00,0.00,17.74,173.21
0.12,7367.00,6.00,4.00,0.00,16.00,3.00,0.00,16.81,203.20
0.13,7366.00,6.00,3.00,1.00,16.00,4.00,0.00,15.81,245.60
0.14,7362.00,6.00,3.00,1.00,20.00,4.00,0.00,14.89,284.31
0.15,7361.00,6.00,3.00,1.00,21.00,4.00,0.00,14.06,319.64
0.15,7357.00,7.00,3.00,1.00,23.00,4.00,1.00,13.30,351.90
0.16,7355.00,7.00,3.00,1.00,25.00,4.00,1.00,12.60,381.35
0.17,7353.00,7.00,3.00,1.00,25.00,6.00,1.00,11.96,438.28
0.17,7349.00,7.00,3.00,1.00,28.00,7.00,1.00,11.38,505.28
0.18,7343.00,7.00,3.00,1.00,33.00,8.00,1.00,10.85,581.47
0.19,7341.00,7.00,3.00,1.00,34.00,9.00,1.00,10.36,666.04
0.19,7339.00,7.00,3.00,1.00,36.00,9.00,1.00,9.92,743.26
0.20,7331.00,7.00,3.00,1.00,41.00,12.00,1.00,9.51,858.81
0.21,7324.00,7.00,3.00,1.00,47.00,13.00,1.00,9.14,979.33
0.22,7321.00,7.00,3.00,1.00,49.00,14.00,1.00,8.80,1104.38
0.22,7314.00,8.00,4.00,1.00,53.00,15.00,1.00,8.64,1233.56
0.23,7309.00,8.00,4.00,1.00,57.00,16.00,1.00,8.50,1366.52
0.24,7299.00,8.00,4.00,1.00,66.00,17.00,1.00,8.37,1502.92
0.24,7296.00,7.00,5.00,1.00,69.00,16.00,2.00,8.39,1612.42
0.25,7285.00,7.00,5.00,1.00,79.00,17.00,2.00,8.42,1727.41
0.26,7281.00,7.00,5.00,1.00,80.00,20.00,2.00,8.45,1877.46
0.26,7273.00,7.00,5.00,1.00,83.00,24.00,3.00,8.47,2074.53
0.27,7261.00,7.00,5.00,1.00,95.00,23.00,4.00,8.49,2239.42
0.28,7258.00,7.00,5.00,1.00,95.00,25.00,5.00,8.51,2420.00
0.28,7253.00,7.00,5.00,1.00,100.00,24.00,6.00,8.52,2569.83
0.29,7245.00,6.00,6.00,1.00,105.00,27.00,6.00,8.69,2751.69
0.30,7239.00,6.00,6.00,1.00,110.00,28.00,6.00,8.84,2932.73
0.31,7233.00,6.00,6.00,1.00,109.00,35.00,6.00,8.98,3203.17
0.31,7221.00,6.00,6.00,1.00,119.00,35.00,8.00,9.10,3450.06
0.32,7212.00,6.00,5.00,2.00,126.00,36.00,9.00,9.07,3690.47
0.33,7201.00,6.00,5.00,2.00,135.00,35.00,12.00,9.04,3894.93
0.33,7192.00,6.00,4.00,3.00,137.00,41.00,13.00,8.86,4171.72
0.34,7179.00,6.00,4.00,3.00,145.00,44.00,15.00,8.69,4469.48
0.35,7170.00,6.00,4.00,3.00,150.00,47.00,16.00,8.54,4786.39
0.35,7152.00,5.00,5.00,3.00,160.00,54.00,17.00,8.56,5180.86
0.36,7141.00,5.00,5.00,3.00,166.00,59.00,17.00,8.57,5616.09
0.37,7120.00,5.00,5.00,3.00,179.00,67.00,17.00,8.58,6133.61
0.38,7108.00,5.00,5.00,3.00,185.00,71.00,19.00,8.59,6666.17
0.38,7092.00,5.00,5.00,3.00,196.00,75.00,20.00,8.60,7212.44
0.39,7075.00,3.00,6.00,4.00,203.00,84.00,21.00,8.76,7846.35
0.40,7065.00,3.00,6.00,4.00,207.00,87.00,24.00,8.91,8470.13
0.40,7045.00,3.00,7.00,4.00,219.00,94.00,24.00,9.19,9144.76
0.41,7026.00,3.00,7.00,4.00,232.00,99.00,25.00,9.45,9835.76
0.42,7009.00,3.00,7.00,4.00,238.00,107.00,28.00,9.68,10586.78
0.42,6987.00,3.00,7.00,4.00,255.00,111.00,29.00,9.90,11332.49
0.43,6961.00,3.00,7.00,4.00,278.00,113.00,30.00,10.10,12043.32
0.44,6942.00,3.00,7.00,4.00,288.00,121.00,31.00,10.28,12812.43
0.44,6919.00,3.00,7.00,4.00,299.00,132.00,32.00,10.44,13679.83
0.45,6898.00,3.00,6.00,5.00,316.00,131.00,37.00,10.44,14456.67
0.46,6877.00,4.00,5.00,6.00,320.00,144.00,40.00,10.29,15361.17
0.47,6855.00,4.00,5.00,6.00,332.00,154.00,40.00,10.15,16337.15
0.47,6831.00,4.00,5.00,6.00,344.00,163.00,43.00,10.03,17363.34
0.48,6803.00,4.00,5.00,6.00,359.00,171.00,48.00,9.91,18420.37
0.49,6772.00,2.00,7.00,6.00,377.00,182.00,50.00,10.11,19550.60
0.49,6745.00,2.00,6.00,7.00,395.00,187.00,54.00,10.14,20657.54
0.50,6708.00,2.00,6.00,7.00,419.00,197.00,57.00,10.16,21818.32
0.51,6680.00,2.00,6.00,7.00,436.00,202.00,63.00,10.19,22953.14
0.51,6648.00,1.00,7.00,7.00,459.00,210.00,64.00,10.36,24109.33
0.52,6612.00,1.00,7.00,7.00,481.00,217.00,71.00,10.52,25270.00
0.53,6588.00,1.00,7.00,7.00,492.00,226.00,75.00,10.66,26464.82
0.53,6551.00,1.00,7.00,7.00,516.00,237.00,77.00,10.79,27720.85
0.54,6514.00,1.00,7.00,7.00,537.00,250.00,80.00,10.91,29062.81
0.55,6480.00,1.00,7.00,7.00,558.00,259.00,84.00,11.02,30423.13
0.56,6428.00,1.00,6.00,8.00,594.00,270.00,89.00,10.97,31830.24
0.56,6393.00,1.00,6.00,8.00,611.00,286.00,91.00,10.93,33355.21
0.57,6361.00,1.00,6.00,8.00,613.00,311.00,96.00,10.88,35122.96
0.58,6326.00,1.00,6.00,8.00,630.00,326.00,99.00,10.85,36962.13
0.58,6285.00,1.00,6.00,8.00,654.00,341.00,101.00,10.81,38866.51
0.59,6250.00,1.00,6.00,8.00,668.00,359.00,104.00,10.78,40875.47
0.60,6212.00,1.00,6.00,8.00,685.00,380.00,104.00,10.75,43024.98
0.60,6162.00,1.00,5.00,9.00,706.00,405.00,108.00,10.57,45362.91
0.61,6124.00,0.00,6.00,9.00,734.00,410.00,113.00,10.56,47572.37
0.62,6083.00,0.00,6.00,9.00,751.00,429.00,118.00,10.55,49874.88
0.62,6028.00,0.00,6.00,9.00,787.00,445.00,121.00,10.54,52217.26
0.63,5979.00,0.00,5.00,10.00,816.00,461.00,125.00,10.38,54596.05
0.64,5933.00,0.00,5.00,10.00,834.00,487.00,127.00,10.24,57158.31
0.65,5891.00,0.00,4.00,11.00,850.00,499.00,141.00,9.95,59677.73
0.65,5838.00,0.00,4.00,11.00,881.00,513.00,149.00,9.70,62188.10
0.66,5808.00,0.00,4.00,11.00,886.00,535.00,152.00,9.46,64810.38
0.67,5759.00,1.00,4.00,11.00,911.00,551.00,159.00,9.24,67444.69
0.67,5710.00,1.00,4.00,11.00,941.00,565.00,164.00,9.05,70059.94
0.68,5653.00,1.00,4.00,11.00,973.00,586.00,168.00,8.87,72762.95
0.69,5613.00,1.00,4.00,11.00,992.00,603.00,172.00,8.70,75485.99
0.69,5559.00,1.00,3.00,12.00,1019.00,626.00,176.00,8.40,78317.45
0.70,5520.00,1.00,2.00,13.00,1022.00,659.00,179.00,7.98,81398.12
0.71,5472.00,1.00,2.00,13.00,1043.00,679.00,186.00,7.59,84511.00
0.72,5421.00,1.00,2.00,13.00,1057.00,710.00,192.00,7.23,87818.53
0.72,5367.00,1.00,2.00,13.00,1086.00,733.00,194.00,6.91,91183.60
0.73,5315.00,1.00,2.00,13.00,1112.00,755.00,198.00,6.61,94586.15
0.74,5256.00,1.00,2.00,13.00,1138.00,782.00,204.00,6.34,98098.05
0.74,5197.00,1.00,1.00,14.00,1169.00,801.00,213.00,5.95,101589.59
0.75,5128.00,1.00,1.00,14.00,1205.00,833.00,214.00,5.58,105257.84
0.76,5066.00,1.00,1.00,14.00,1228.00,869.00,217.00,5.25,109147.50
0.76,5020.00,1.00,1.00,14.00,1247.00,891.00,222.00,4.95,113028.98
0.77,4949.00,1.00,1.00,14.00,1291.00,909.00,231.00,4.67,116842.89
0.78,4907.00,1.00,1.00,14.00,1283.00,954.00,236.00,4.42,121000.74
0.78,4851.00,1.00,1.00,14.00,1306.00,978.00,245.00,4.19,125157.09
0.79,4780.00,1.00,1.00,14.00,1336.00,1014.00,250.00,3.98,129492.36
0.80,4719.00,0.00,2.00,14.00,1369.00,1035.00,257.00,3.93,133765.62
0.81,4663.00,0.00,2.00,14.00,1381.00,1072.00,264.00,3.89,138222.63
0.81,4590.00,0.00,2.00,14.00,1408.00,1112.00,270.00,3.86,142892.47
0.82,4530.00,0.00,2.00,14.00,1418.00,1155.00,277.00,3.83,147801.67
0.83,4458.00,0.00,2.00,14.00,1459.00,1182.00,281.00,3.80,152689.03
0.83,4399.00,0.00,2.00,14.00,1482.00,1211.00,288.00,3.77,157586.48
0.84,4344.00,0.00,2.00,14.00,1490.00,1251.00,295.00,3.74,162658.41
0.85,4279.00,0.00,2.00,14.00,1518.00,1280.00,303.00,3.72,167724.36
0.85,4226.00,0.00,2.00,14.00,1541.00,1301.00,312.00,3.70,172664.68
0.86,4147.00,0.00,2.00,14.00,1572.00,1338.00,323.00,3.68,177730.67
0.87,4074.00,0.00,2.00,14.00,1596.00,1380.00,330.00,3.66,182986.50
0.88,4005.00,0.00,2.00,14.00,1626.00,1412.00,337.00,3.65,188265.42
0.88,3941.00,0.00,2.00,14.00,1641.00,1452.00,346.00,3.63,193685.59
0.89,3871.00,0.00,2.00,14.00,1660.00,1496.00,353.00,3.62,199294.82
0.90,3810.00,0.00,2.00,14.00,1677.00,1531.00,362.00,3.61,204941.43
0.90,3741.00,0.00,2.00,14.00,1685.00,1587.00,367.00,3.60,210937.64
0.91,3671.00,0.00,2.00,14.00,1697.00,1642.00,370.00,3.59,217238.01
0.92,3609.00,0.00,2.00,14.00,1706.00,1687.00,378.00,3.58,223665.80
0.92,3538.00,0.00,2.00,14.00,1724.00,1734.00,384.00,3.57,230239.97
0.93,3466.00,0.00,2.00,14.00,1755.00,1770.00,389.00,3.56,236782.52
0.94,3424.00,1.00,2.00,14.00,1746.00,1813.00,396.00,3.55,243401.37
0.94,3357.00,1.00,2.00,14.00,1751.00,1871.00,400.00,3.55,250315.22
0.95,3295.00,0.00,3.00,14.00,1767.00,1911.00,406.00,3.69,257227.96
0.96,3209.00,1.00,3.00,14.00,1801.00,1954.00,414.00,3.82,264184.76
0.97,3150.00,1.00,3.00,14.00,1808.00,2000.00,420.00,3.94,271226.85
0.97,3091.00,1.00,3.00,14.00,1813.00,2048.00,426.00,4.06,278376.86
0.98,3035.00,0.00,4.00,14.00,1822.00,2084.00,437.00,4.31,285445.10
0.99,2982.00,0.00,4.00,14.00,1831.00,2124.00,441.00,4.54,292498.80
0.99,2931.00,0.00,4.00,14.00,1839.00,2153.00,455.00,4.74,299373.95
1.00,2870.00,0.00,4.00,14.00,1862.00,2185.00,461.00,4.94,306131.19
1.01,2806.00,0.00,4.00,14.00,1874.00,2230.00,468.00,5.11,312976.07
1.01,2748.00,0.00,3.00,15.00,1875.00,2283.00,472.00,5.12,320021.16
1.02,2685.00,0.00,3.00,15.00,1890.00,2327.00,476.00,5.13,327113.80
1.03,2620.00,0.00,3.00,15.00,1904.00,2370.00,484.00,5.14,334234.84
1.03,2560.00,0.00,3.00,15.00,1917.00,2412.00,489.00,5.14,341366.78
1.04,2500.00,0.00,3.00,15.00,1916.00,2464.00,498.00,5.15,348658.90
1.05,2431.00,0.00,3.00,15.00,1936.00,2510.00,501.00,5.16,356007.11
1.06,2382.00,0.00,3.00,15.00,1932.00,2554.00,510.00,5.16,363376.49
1.06,2327.00,0.00,3.00,15.00,1925.00,2604.00,522.00,5.17,370855.33
1.07,2280.00,0.00,3.00,15.00,1907.00,2664.00,527.00,5.17,378584.33
1.08,2229.00,0.00,3.00,15.00,1895.00,2721.00,533.00,5.18,386496.63
1.08,2174.00,0.00,3.00,15.00,1902.00,2764.00,538.00,5.18,394365.96
1.09,2127.00,0.00,3.00,15.00,1893.00,2815.00,543.00,5.18,402316.24
1.10,2081.00,0.00,2.00,16.00,1890.00,2856.00,551.00,5.04,410190.19
1.10,2038.00,0.00,2.00,16.00,1886.00,2893.00,561.00,4.90,417934.36
1.11,1995.00,0.00,2.00,16.00,1873.00,2945.00,565.00,4.78,425785.40
1.12,1944.00,0.00,2.00,16.00,1866.00,2998.00,570.00,4.67,433749.03
1.12,1891.00,0.00,2.00,16.00,1857.00,3054.00,576.00,4.56,441860.51
1.13,1830.00,0.00,2.00,16.00,1864.00,3100.00,584.00,4.47,449956.74
1.14,1784.00,0.00,2.00,16.00,1868.00,3134.00,592.00,4.39,457858.77
1.15,1737.00,0.00,2.00,16.00,1866.00,3175.00,600.00,4.31,465688.67
1.15,1693.00,0.00,2.00,16.00,1848.00,3233.00,604.00,4.24,473708.12
1.16,1644.00,0.00,2.00,16.00,1847.00,3272.00,615.00,4.17,481615.16
1.17,1604.00,0.00,2.00,16.00,1819.00,3334.00,621.00,4.11,489765.13
1.17,1583.00,0.00,2.00,16.00,1794.00,3373.00,628.00,4.06,497791.33
1.18,1542.00,0.00,2.00,16.00,1784.00,3417.00,635.00,4.01,505779.66
1.19,1505.00,0.00,2.00,16.00,1777.00,3450.00,646.00,3.96,513568.16
1.19,1467.00,0.00,2.00,16.00,1764.00,3496.00,651.00,3.92,521369.53
1.20,1427.00,0.00,2.00,16.00,1760.00,3526.00,665.00,3.88,528942.28
1.21,1396.00,0.00,2.00,16.00,1740.00,3568.00,674.00,3.85,536486.60
1.22,1364.00,0.00,2.00,16.00,1719.00,3609.00,686.00,3.82,543989.94
1.22,1320.00,0.00,2.00,16.00,1710.00,3655.00,693.00,3.79,551530.98
1.23,1286.00,0.00,2.00,16.00,1703.00,3690.00,699.00,3.76,558941.18
1.24,1258.00,0.00,2.00,16.00,1670.00,3745.00,705.00,3.74,566532.41
1.24,1226.00,0.00,2.00,16.00,1664.00,3775.00,713.00,3.71,573913.31
1.25,1185.00,0.00,2.00,16.00,1663.00,3809.00,721.00,3.69,581162.31
1.26,1151.00,0.00,2.00,16.00,1647.00,3848.00,732.00,3.68,588365.99
1.26,1118.00,0.00,2.00,16.00,1634.00,3887.00,739.00,3.66,595528.30
1.27,1086.00,0.00,2.00,16.00,1609.00,3936.00,747.00,3.64,602803.08
1.28,1060.00,0.00,2.00,16.00,1589.00,3975.00,754.00,3.63,610030.31
1.28,1020.00,0.00,2.00,16.00,1575.00,4026.00,757.00,3.62,617394.40
1.29,991.00,0.00,2.00,16.00,1552.00,4073.00,762.00,3.60,624823.33
1.30,961.00,0.00,2.00,16.00,1535.00,4107.00,775.00,3.59,632116.18
1.31,924.00,0.00,2.00,16.00,1525.00,4145.00,784.00,3.58,639344.87
1.31,882.00,0.00,1.00,17.00,1532.00,4166.00,798.00,3.42,646259.59
1.32,852.00,0.00,1.00,17.00,1517.00,4203.00,806.00,3.28,653128.07
1.33,829.00,0.00,1.00,17.00,1504.00,4230.00,815.00,3.15,659804.09
1.33,805.00,0.00,1.00,17.00,1491.00,4259.00,823.00,3.02,666334.46
1.34,780.00,0.00,1.00,17.00,1472.00,4296.00,830.00,2.91,672852.05
1.35,753.00,0.00,1.00,17.00,1467.00,4319.00,839.00,2.81,679147.64
1.35,731.00,0.00,1.00,17.00,1455.00,4349.00,843.00,2.72,685345.74
1.36,705.00,0.00,1.00,17.00,1437.00,4384.00,852.00,2.64,691529.93
1.37,675.00,0.00,1.00,17.00,1428.00,4412.00,863.00,2.56,697596.28
1.38,649.00,0.00,1.00,17.00,1414.00,4445.00,870.00,2.49,703630.16
1.38,630.00,0.00,1.00,17.00,1397.00,4475.00,876.00,2.42,709589.33
1.39,609.00,0.00,1.00,17.00,1381.00,4506.00,882.00,2.36,715495.31
1.40,586.00,0.00,1.00,17.00,1361.00,4544.00,887.00,2.31,721457.90
1.40,572.00,0.00,1.00,17.00,1341.00,4572.00,893.00,2.26,727321.94
1.41,545.00,0.00,1.00,17.00,1316.00,4615.00,902.00,2.22,733321.36
1.42,528.00,0.00,1.00,17.00,1296.00,4646.00,908.00,2.17,739264.09
1.42,504.00,0.00,1.00,17.00,1283.00,4678.00,913.00,2.14,745170.08
1.43,482.00,0.00,1.00,17.00,1278.00,4689.00,929.00,2.10,750727.07
1.44,457.00,0.00,1.00,17.00,1263.00,4723.00,935.00,2.07,756310.96
1.44,442.00,0.00,1.00,17.00,1245.00,4749.00,942.00,2.04,761799.22
1.45,420.00,0.00,1.00,17.00,1236.00,4773.00,949.00,2.02,767170.15
1.46,392.00,0.00,1.00,17.00,1229.00,4798.00,959.00,1.99,772448.98
1.47,381.00,0.00,1.00,17.00,1203.00,4824.00,970.00,1.97,777658.74
1.47,365.00,0.00,1.00,17.00,1186.00,4849.00,978.00,1.95,782790.44
1.48,351.00,0.00,1.00,17.00,1176.00,4860.00,991.00,1.93,787640.55
1.49,332.00,0.00,1.00,17.00,1168.00,4885.00,993.00,1.92,792443.90
1.49,321.00,0.00,1.00,17.00,1149.00,4908.00,1000.00,1.90,797174.54
1.50,300.00,0.00,1.00,17.00,1137.00,4934.00,1007.00,1.89,801883.84
1.51,283.00,0.00,1.00,17.00,1120.00,4955.00,1020.00,1.87,806498.57
1.51,267.00,0.00,1.00,17.00,1107.00,4975.00,1029.00,1.86,811011.92
1.52,251.00,0.00,1.00,17.00,1078.00,5012.00,1037.00,1.85,815688.13
1.53,242.00,0.00,1.00,17.00,1050.00,5039.00,1047.00,1.84,820362.78
1.53,228.00,0.00,1.00,17.00,1038.00,5059.00,1053.00,1.83,824930.83
1.54,217.00,0.00,1.00,17.00,1025.00,5072.00,1064.00,1.83,829296.43
1.55,209.00,0.00,1.00,17.00,1007.00,5090.00,1072.00,1.82,833552.29
1.56,196.00,0.00,1.00,17.00,991.00,5112.00,1079.00,1.81,837768.09
1.56,184.00,0.00,1.00,17.00,973.00,5134.00,1087.00,1.81,841947.29
1.57,174.00,0.00,1.00,17.00,955.00,5153.00,1096.00,1.80,846048.03
1.58,167.00,0.00,1.00,17.00,936.00,5171.00,1104.00,1.79,850062.11
1.58,161.00,0.00,1.00,17.00,910.00,5197.00,1110.00,1.79,854117.26
1.59,153.00,0.00,1.00,17.00,888.00,5216.00,1121.00,1.79,858104.74
1.60,146.00,0.00,1.00,17.00,866.00,5237.00,1129.00,1.78,862060.50
1.60,136.00,0.00,1.00,17.00,860.00,5239.00,1143.00,1.78,865701.85
1.61,128.00,0.00,1.00,17.00,843.00,5258.00,1149.00,1.77,869311.56
1.62,120.00,0.00,1.00,17.00,829.00,5271.00,1158.00,1.77,872802.26
1.62,108.00,0.00,1.00,17.00,814.00,5293.00,1163.00,1.77,876319.51
1.63,101.00,0.00,1.00,17.00,798.00,5307.00,1172.00,1.77,879740.81
1.64,93.00,0.00,1.00,17.00,792.00,5316.00,1177.00,1.76,882999.41
1.65,86.00,0.00,1.00,17.00,777.00,5331.00,1184.00,1.76,886199.61
1.65,80.00,0.00,1.00,17.00,768.00,5339.00,1191.00,1.76,889241.33
1.66,76.00,0.00,1.00,17.00,751.00,5355.00,1196.00,1.76,892258.56
1.67,63.00,0.00,1.00,17.00,752.00,5364.00,1199.00,1.76,895148.28
1.67,58.00,0.00,1.00,17.00,736.00,5375.00,1209.00,1.76,897951.62
1.68,54.00,0.00,1.00,17.00,714.00,5395.00,1215.00,1.75,900811.32
1.69,51.00,0.00,1.00,17.00,694.00,5413.00,1220.00,1.75,903692.42
1.69,44.00,0.00,1.00,17.00,684.00,5424.00,1226.00,1.75,906487.91
1.70,40.00,0.00,1.00,17.00,671.00,5432.00,1235.00,1.75,909160.16
1.71,37.00,0.00,1.00,17.00,662.00,5438.00,1241.00,1.75,911689.86
1.72,35.00,0.00,1.00,17.00,646.00,5447.00,1250.00,1.75,914134.49
1.72,33.00,0.00,1.00,17.00,630.00,5456.00,1259.00,1.75,916501.46
1.73,30.00,0.00,1.00,17.00,619.00,5464.00,1265.00,1.75,918782.51
1.74,23.00,0.00,1.00,17.00,608.00,5469.00,1278.00,1.75,920940.05
1.74,18.00,0.00,1.00,17.00,594.00,5479.00,1287.00,1.75,923059.95
1.75,12.00,0.00,1.00,17.00,582.00,5489.00,1295.00,1.75,925145.49
1.76,10.00,0.00,1.00,17.00,569.00,5498.00,1301.00,1.75,927184.64
1.76,6.00,0.00,1.00,17.00,555.00,5504.00,1313.00,1.74,929136.36
1.77,3.00,0.00,1.00,17.00,534.00,5517.00,1324.00,1.74,931113.44
1.78,2.00,0.00,1.00,17.00,519.00,5524.00,1333.00,1.74,933023.52
1.78,2.00,0.00,1.00,17.00,510.00,5523.00,1343.00,1.74,934752.26
1.79,0.00,0.00,1.00,17.00,501.00,5525.00,1352.00,1.74,936360.52
1.80,0.00,0.00,1.00,17.00,491.00,5531.00,1356.00,1.74,937918.87
1.81,0.00,0.00,1.00,17.00,479.00,5536.00,1363.00,1.74,939416.64
1.81,0.00,0.00,1.00,17.00,470.00,5537.00,1371.00,1.74,940799.01
1.82,0.00,0.00,1.00,17.00,458.00,5540.00,1380.00,1.74,942106.08
1.83,0.00,0.00,1.00,17.00,439.00,5549.00,1390.00,1.74,943434.55
1.83,0.00,0.00,1.00,17.00,431.00,5550.00,1397.00,1.74,944662.36
1.84,0.00,0.00,1.00,17.00,418.00,5553.00,1407.00,1.74,945828.33
1.85,0.00,0.00,1.00,17.00,400.00,5560.00,1418.00,1.74,946997.93
1.85,0.00,0.00,1.00,17.00,390.00,5567.00,1421.00,1.74,948170.85
1.86,0.00,0.00,1.00,17.00,377.00,5572.00,1429.00,1.74,949316.75
1.87,0.00,0.00,1.00,17.00,369.00,5573.00,1436.00,1.74,950377.89
1.88,0.00,0.00,1.00,17.00,364.00,5573.00,1441.00,1.74,951346.64
1.88,0.00,0.00,1.00,17.00,352.00,5578.00,1448.00,1.74,952306.14
1.89,0.00,0.00,1.00,17.00,345.00,5577.00,1456.00,1.74,953167.08
1.90,0.00,0.00,1.00,17.00,338.00,5576.00,1464.00,1.74,953938.02
1.90,0.00,0.00,1.00,17.00,331.00,5578.00,1469.00,1.74,954671.88
1.91,0.00,0.00,1.00,17.00,327.00,5568.00,1483.00,1.74,955191.60
1.92,0.00,0.00,1.00,17.00,313.00,5577.00,1488.00,1.74,955801.28
1.92,0.00,0.00,1.00,17.00,309.00,5577.00,1492.00,1.74,956357.87
1.93,0.00,0.00,1.00,17.00,297.00,5585.00,1496.00,1.74,956986.18
1.94,0.00,0.00,1.00,17.00,290.00,5581.00,1507.00,1.74,957499.68
1.94,0.00,0.00,1.00,17.00,283.00,5583.00,1512.00,1.74,957998.52
1.95,0.00,0.00,1.00,17.00,275.00,5580.00,1523.00,1.74,958408.86
1.96,0.00,0.00,1.00,17.00,265.00,5581.00,1532.00,1.74,958798.48
1.97,0.00,0.00,1.00,17.00,257.00,5580.00,1541.00,1.74,959139.15
1.97,0.00,0.00,1.00,17.00,247.00,5584.00,1547.00,1.74,959510.26
1.98,0.00,0.00,1.00,17.00,242.00,5584.00,1552.00,1.74,959849.05
1.99,0.00,0.00,1.00,17.00,235.00,5584.00,1559.00,1.74,960158.33
1.99,0.00,0.00,1.00,17.00,229.00,5584.00,1565.00,1.74,960440.69
2.00,0.00,0.00,1.00,17.00,227.00,5581.00,1570.00,1.74,960653.39
2.01,0.00,0.00,1.00,17.00,217.00,5584.00,1577.00,1.74,960892.64
2.01,0.00,0.00,1.00,17.00,210.00,5590.00,1578.00,1.74,961201.20
2.02,0.00,0.00,1.00,17.00,207.00,5586.00,1585.00,1.74,961422.79
2.03,0.00,0.00,1.00,17.00,205.00,5578.00,1595.00,1.74,961504.90
2.03,0.00,0.00,1.00,17.00,196.00,5581.00,1601.00,1.74,961624.94
2.04,0.00,0.00,1.00,17.00,190.00,5578.00,1610.00,1.74,961689.45
2.05,0.00,0.00,1.00,17.00,182.00,5571.00,1625.00,1.74,961643.18
2.06,0.00,0.00,1.00,17.00,179.00,5562.00,1637.00,1.74,961465.73
2.06,0.00,0.00,1.00,17.00,173.00,5557.00,1648.00,1.74,961228.62
2.07,0.00,0.00,1.00,17.00,165.00,5555.00,1658.00,1.74,960982.11
2.08,0.00,0.00,1.00,17.00,160.00,5553.00,1665.00,1.74,960727.02
2.08,0.00,0.00,1.00,17.00,155.00,5553.00,1670.00,1.74,960494.14
2.09,0.00,0.00,1.00,17.00,152.00,5550.00,1676.00,1.74,960236.47
2.10,0.00,0.00,1.00,17.00,148.00,5549.00,1681.00,1.74,959986.21
2.10,0.00,0.00,1.00,17.00,147.00,5541.00,1690.00,1.74,959637.56
2.11,0.00,0.00,1.00,17.00,141.00,5542.00,1695.00,1.74,959334.29
2.12,0.00,0.00,1.00,17.00,135.00,5539.00,1704.00,1.74,959012.36
2.12,0.00,0.00,1.00,17.00,128.00,5542.00,1708.00,1.74,958763.53
2.13,0.00,0.00,1.00,17.00,126.00,5529.00,1723.00,1.74,958341.07
2.14,0.00,0.00,1.00,17.00,123.00,5521.00,1734.00,1.74,957835.21
2.15,0.00,0.00,1.00,17.00,122.00,5515.00,1741.00,1.74,957283.26
2.15,0.00,0.00,1.00,17.00,118.00,5512.00,1748.00,1.74,956734.30
2.16,0.00,0.00,1.00,17.00,114.00,5509.00,1755.00,1.74,956188.07
2.17,0.00,0.00,1.00,17.00,112.00,5502.00,1764.00,1.74,955584.24
2.17,0.00,0.00,1.00,17.00,108.00,5500.00,1770.00,1.74,955002.95
2.18,0.00,0.00,1.00,17.00,104.00,5498.00,1776.00,1.74,954442.23
2.19,0.00,0.00,1.00,17.00,101.00,5495.00,1782.00,1.74,953885.26
2.19,0.00,0.00,1.00,17.00,99.00,5492.00,1787.00,1.74,953331.72
2.20,0.00,0.00,1.00,17.00,93.00,5489.00,1796.00,1.74,952781.32
2.21,0.00,0.00,1.00,17.00,90.00,5487.00,1801.00,1.74,952248.79
2.22,0.00,0.00,1.00,17.00,90.00,5481.00,1807.00,1.74,951672.49
2.22,0.00,0.00,1.00,17.00,88.00,5480.00,1810.00,1.74,951131.36
2.23,0.00,0.00,1.00,17.00,87.00,5471.00,1820.00,1.74,950502.13
2.24,0.00,0.00,1.00,17.00,81.00,5468.00,1829.00,1.74,949882.63
2.24,0.00,0.00,1.00,17.00,78.00,5458.00,1842.00,1.74,949166.84
2.25,0.00,0.00,1.00,17.00,76.00,5455.00,1847.00,1.74,948468.31
2.26,0.00,0.00,1.00,17.00,75.00,5443.00,1860.00,1.74,947650.32
2.26,0.00,0.00,1.00,17.00,75.00,5431.00,1872.00,1.74,946723.29
2.27,0.00,0.00,1.00,17.00,72.00,5427.00,1879.00,1.74,945816.88
2.28,0.00,0.00,1.00,17.00,68.00,5421.00,1889.00,1.74,944899.26
2.28,0.00,0.00,1.00,17.00,66.00,5417.00,1895.00,1.74,944001.45
2.29,0.00,0.00,1.00,17.00,66.00,5409.00,1903.00,1.74,943061.64
2.30,0.00,0.00,1.00,17.00,64.00,5406.00,1908.00,1.74,942158.59
2.31,0.00,0.00,1.00,17.00,62.00,5400.00,1916.00,1.74,941244.03
2.31,0.00,0.00,1.00,17.00,60.00,5394.00,1924.00,1.74,940318.98
2.32,0.00,0.00,1.00,17.00,57.00,5393.00,1928.00,1.74,939459.45
2.33,0.00,0.00,1.00,17.00,57.00,5385.00,1936.00,1.74,938554.58
2.33,0.00,0.00,1.00,17.00,55.00,5378.00,1945.00,1.74,937623.34
2.34,0.00,0.00,1.00,17.00,55.00,5371.00,1952.00,1.74,936668.02
2.35,0.00,0.00,1.00,17.00,53.00,5363.00,1962.00,1.74,935675.71
2.35,0.00,0.00,1.00,17.00,53.00,5357.00,1968.00,1.74,934679.66
2.36,0.00,0.00,1.00,17.00,51.00,5352.00,1975.00,1.74,933695.23
2.37,0.00,0.00,1.00,17.00,51.00,5346.00,1981.00,1.74,932706.39
2.38,0.00,0.00,1.00,17.00,51.00,5340.00,1987.00,1.74,931713.50
2.38,0.00,0.00,1.00,17.00,51.00,5331.00,1996.00,1.74,930671.87
2.39,0.00,0.00,1.00,17.00,48.00,5328.00,2002.00,1.74,929675.87
2.40,0.00,0.00,1.00,17.00,47.00,5316.00,2015.00,1.74,928586.32
2.40,0.00,0.00,1.00,17.00,46.00,5311.00,2021.00,1.74,927516.52
2.41,0.00,0.00,1.00,17.00,44.00,5311.00,2023.00,1.74,926539.88
2.42,0.00,0.00,1.00,17.00,44.00,5299.00,2035.00,1.74,925468.01
2.42,0.00,0.00,1.00,17.00,43.00,5294.00,2041.00,1.74,924414.35
2.43,0.00,0.00,0.00,18.00,42.00,5288.00,2048.00,1.59,923362.30
2.44,0.00,0.00,0.00,18.00,41.00,5272.00,2065.00,1.45,922161.49
2.44,0.00,0.00,0.00,18.00,41.00,5266.00,2071.00,1.33,920975.11
2.45,0.00,0.00,0.00,18.00,40.00,5261.00,2077.00,1.21,919816.91
2.46,0.00,0.00,0.00,18.00,38.00,5253.00,2087.00,1.11,918639.38
2.47,0.00,0.00,0.00,18.00,36.00,5249.00,2093.00,1.01,917504.29
2.47,0.00,0.00,0.00,18.00,35.00,5243.00,2100.00,0.92,916377.90
2.48,0.00,0.00,0.00,18.00,34.00,5237.00,2107.00,0.85,915259.46
2.49,0.00,0.00,0.00,18.00,33.00,5232.00,2113.00,0.77,914163.29
2.49,0.00,0.00,0.00,18.00,33.00,5227.00,2118.00,0.71,913087.45
2.50,0.00,0.00,0.00,18.00,32.00,5223.00,2123.00,0.64,912045.20
2.51,0.00,0.00,0.00,18.00,32.00,5213.00,2133.00,0.59,910943.48
2.51,0.00,0.00,0.00,18.00,32.00,5209.00,2137.00,0.54,909877.59
2.52,0.00,0.00,0.00,18.00,30.00,5207.00,2141.00,0.49,908874.47
2.53,0.00,0.00,0.00,18.00,30.00,5200.00,2148.00,0.45,907853.54
2.53,0.00,0.00,0.00,18.00,29.00,5192.00,2157.00,0.41,906801.32
2.54,0.00,0.00,0.00,18.00,27.00,5190.00,2161.00,0.37,905810.68
2.55,0.00,0.00,0.00,18.00,23.00,5192.00,2163.00,0.34,904936.35
2.56,0.00,0.00,0.00,18.00,21.00,5186.00,2171.00,0.31,904048.01
2.56,0.00,0.00,0.00,18.00,20.00,5178.00,2180.00,0.29,903116.84
2.57,0.00,0.00,0.00,18.00,19.00,5169.00,2190.00,0.26,902131.54
2.58,0.00,0.00,0.00,18.00,18.00,5161.00,2199.00,0.24,901111.85
2.58,0.00,0.00,0.00,18.00,18.00,5157.00,2203.00,0.22,900120.86
2.59,0.00,0.00,0.00,18.00,17.00,5148.00,2213.00,0.20,899080.96
2.60,0.00,0.00,0.00,18.00,17.00,5137.00,2224.00,0.18,897966.35
2.60,0.00,0.00,0.00,18.00,17.00,5131.00,2230.00,0.17,896858.66
2.61,0.00,0.00,0.00,18.00,17.00,5126.00,2235.00,0.15,895772.30
2.62,0.00,0.00,0.00,18.00,17.00,5119.00,2242.00,0.14,894675.38
2.62,0.00,0.00,0.00,18.00,17.00,5109.00,2252.00,0.13,893523.75
2.63,0.00,0.00,0.00,18.00,17.00,5102.00,2259.00,0.12,892367.23
2.64,0.00,0.00,0.00,18.00,17.00,5095.00,2266.00,0.11,891206.25
2.65,0.00,0.00,0.00,18.00,16.00,5093.00,2269.00,0.10,890116.32
2.65,0.00,0.00,0.00,18.00,16.00,5084.00,2278.00,0.09,888986.09
2.66,0.00,0.00,0.00,18.00,16.00,5072.00,2290.00,0.08,887774.00
2.67,0.00,0.00,0.00,18.00,16.00,5059.00,2303.00,0.07,886472.15
2.67,0.00,0.00,0.00,18.00,16.00,5045.00,2317.00,0.07,885073.34
2.68,0.00,0.00,0.00,18.00,14.00,5038.00,2326.00,0.06,883691.17
2.69,0.00,0.00,0.00,18.00,14.00,5032.00,2332.00,0.06,882339.22
2.69,0.00,0.00,0.00,18.00,14.00,5024.00,2340.00,0.05,880984.80
2.70,0.00,0.00,0.00,18.00,14.00,5014.00,2350.00,0.05,879598.09
2.71,0.00,0.00,0.00,18.00,14.00,5010.00,2354.00,0.04,878272.03
2.72,0.00,0.00,0.00,18.00,14.00,4998.00,2366.00,0.04,876881.16
2.72,0.00,0.00,0.00,18.00,14.00,4993.00,2371.00,0.04,875536.30
2.73,0.00,0.00,0.00,18.00,14.00,4987.00,2377.00,0.03,874218.39
2.74,0.00,0.00,0.00,18.00,14.00,4981.00,2383.00,0.03,872925.11
2.74,0.00,0.00,0.00,18.00,13.00,4973.00,2392.00,0.03,871624.26
2.75,0.00,0.00,0.00,18.00,13.00,4968.00,2397.00,0.02,870361.56
2.76,0.00,0.00,0.00,18.00,13.00,4958.00,2407.00,0.02,869058.58
2.76,0.00,0.00,0.00,18.00,13.00,4955.00,2410.00,0.02,867823.99
2.77,0.00,0.00,0.00,18.00,13.00,4948.00,2417.00,0.02,866591.74
2.78,0.00,0.00,0.00,18.00,12.00,4939.00,2427.00,0.02,865331.59
2.78,0.00,0.00,0.00,18.00,12.00,4934.00,2432.00,0.02,864106.04
2.79,0.00,0.00,0.00,18.00,11.00,4924.00,2443.00,0.01,862836.99
2.80,0.00,0.00,0.00,18.00,11.00,4919.00,2448.00,0.01,861603.31
2.81,0.00,0.00,0.00,18.00,11.00,4915.00,2452.00,0.01,860416.98
2.81,0.00,0.00,0.00,18.00,11.00,4910.00,2457.00,0.01,859258.82
2.82,0.00,0.00,0.00,18.00,9.00,4908.00,2461.00,0.01,858171.47
2.83,0.00,0.00,0.00,18.00,8.00,4901.00,2469.00,0.01,857073.64
2.83,0.00,0.00,0.00,18.00,8.00,4892.00,2478.00,0.01,855936.19
2.84,0.00,0.00,0.00,18.00,8.00,4883.00,2487.00,0.01,854762.58
2.85,0.00,0.00,0.00,18.00,8.00,4877.00,2493.00,0.01,853601.03
2.85,0.00,0.00,0.00,18.00,8.00,4872.00,2498.00,0.01,852465.50
2.86,0.00,0.00,0.00,18.00,8.00,4866.00,2504.00,0.01,851338.71
2.87,0.00,0.00,0.00,18.00,8.00,4851.00,2519.00,0.01,850084.70
2.88,0.00,0.00,0.00,18.00,8.00,4840.00,2530.00,0.00,848774.62
2.88,0.00,0.00,0.00,18.00,7.00,4830.00,2541.00,0.00,847428.38
2.89,0.00,0.00,0.00,18.00,7.00,4826.00,2545.00,0.00,846139.28
2.90,0.00,0.00,0.00,18.00,7.00,4819.00,2552.00,0.00,844857.27
2.90,0.00,0.00,0.00,18.00,6.00,4817.00,2555.00,0.00,843656.84
2.91,0.00,0.00,0.00,18.00,6.00,4810.00,2562.00,0.00,842455.78
2.92,0.00,0.00,0.00,18.00,5.00,4803.00,2570.00,0.00,841254.14
2.92,0.00,0.00,0.00,18.00,5.00,4793.00,2580.00,0.00,840006.91
2.93,0.00,0.00,0.00,18.00,5.00,4785.00,2588.00,0.00,838748.09
2.94,0.00,0.00,0.00,18.00,5.00,4773.00,2600.00,0.00,837418.61
2.94,0.00,0.00,0.00,18.00,5.00,4765.00,2608.00,0.00,836084.71
2.95,0.00,0.00,0.00,18.00,5.00,4757.00,2616.00,0.00,834746.77
2.96,0.00,0.00,0.00,18.00,5.00,4746.00,2627.00,0.00,833360.08
2.97,0.00,0.00,0.00,18.00,5.00,4741.00,2632.00,0.00,832019.03
2.97,0.00,0.00,0.00,18.00,5.00,4730.00,2643.00,0.00,830629.49
2.98,0.00,0.00,0.00,18.00,5.00,4723.00,2650.00,0.00,829255.79
2.99,0.00,0.00,0.00,18.00,5.00,4716.00,2657.00,0.00,827896.54
2.99,0.00,0.00,0.00,18.00,5.00,4709.00,2664.00,0.00,826550.49
3.00,0.00,0.00,0.00,18.00,5.00,4704.00,2669.00,0.00,825246.53
3.01,0.00,0.00,0.00,18.00,5.00,4695.00,2678.00,0.00,823920.91
3.01,0.00,0.00,0.00,18.00,5.00,4691.00,2682.00,0.00,822650.62
3.02,0.00,0.00,0.00,18.00,5.00,4682.00,2691.00,0.00,821355.74
3.03,0.00,0.00,0.00,18.00,5.00,4674.00,2699.00,0.00,820053.42
3.03,0.00,0.00,0.00,18.00,5.00,4665.00,2708.00,0.00,818729.30
3.04,0.00,0.00,0.00,18.00,5.00,4658.00,2715.00,0.00,817415.32
3.05,0.00,0.00,0.00,18.00,5.00,4650.00,2723.00,0.00,816095.56
3.06,0.00,0.00,0.00,18.00,5.00,4642.00,2731.00,0.00,814770.54
3.06,0.00,0.00,0.00,18.00,5.00,4638.00,2735.00,0.00,813500.81
3.07,0.00,0.00,0.00,18.00,5.00,4632.00,2741.00,0.00,812251.50
3.08,0.00,0.00,0.00,18.00,5.00,4627.00,2746.00,0.00,811035.86
3.08,0.00,0.00,0.00,18.00,5.00,4621.00,2752.00,0.00,809835.93
3.09,0.00,0.00,0.00,18.00,5.00,4610.00,2763.00,0.00,808575.24
3.10,0.00,0.00,0.00,18.00,5.00,4604.00,2769.00,0.00,807334.18
3.10,0.00,0.00,0.00,18.00,5.00,4599.00,2774.00,0.00,806126.07
3.11,0.00,0.00,0.00,18.00,4.00,4590.00,2784.00,0.00,804887.96
3.12,0.00,0.00,0.00,18.00,4.00,4586.00,2788.00,0.00,803697.55
3.12,0.00,0.00,0.00,18.00,4.00,4580.00,2794.00,0.00,802520.67
3.13,0.00,0.00,0.00,18.00,4.00,4571.00,2803.00,0.00,801311.06
3.14,0.00,0.00,0.00,18.00,4.00,4561.00,2813.00,0.00,800056.54
3.15,0.00,0.00,0.00,18.00,3.00,4550.00,2825.00,0.00,798746.01
3.15,0.00,0.00,0.00,18.00,3.00,4543.00,2832.00,0.00,797444.43
3.16,0.00,0.00,0.00,18.00,3.00,4536.00,2839.00,0.00,796151.02
3.17,0.00,0.00,0.00,18.00,3.00,4531.00,2844.00,0.00,794895.13
3.17,0.00,0.00,0.00,18.00,3.00,4523.00,2852.00,0.00,793628.41
3.18,0.00,0.00,0.00,18.00,3.00,4517.00,2858.00,0.00,792381.85
3.19,0.00,0.00,0.00,18.00,3.00,4511.00,2864.00,0.00,791153.69
3.19,0.00,0.00,0.00,18.00,3.00,4502.00,2873.00,0.00,789897.28
3.20,0.00,0.00,0.00,18.00,3.00,4498.00,2877.00,0.00,788690.17
3.21,0.00,0.00,0.00,18.00,3.00,4494.00,2881.00,0.00,787528.08
3.22,0.00,0.00,0.00,18.00,2.00,4488.00,2888.00,0.00,786377.04
3.22,0.00,0.00,0.00,18.00,2.00,4482.00,2894.00,0.00,785236.09
3.23,0.00,0.00,0.00,18.00,2.00,4473.00,2903.00,0.00,784059.29
3.24,0.00,0.00,0.00,18.00,2.00,4468.00,2908.00,0.00,782909.83
3.24,0.00,0.00,0.00,18.00,2.00,4458.00,2918.00,0.00,781710.24
3.25,0.00,0.00,0.00,18.00,2.00,4449.00,2927.00,0.00,780479.90
3.26,0.00,0.00,0.00,18.00,2.00,4444.00,2932.00,0.00,779281.57
3.26,0.00,0.00,0.00,18.00,2.00,4438.00,2938.00,0.00,778097.45
3.27,0.00,0.00,0.00,18.00,2.00,4433.00,2943.00,0.00,776941.32
3.28,0.00,0.00,0.00,18.00,2.00,4422.00,2954.00,0.00,775720.61
3.28,0.00,0.00,0.00,18.00,2.00,4417.00,2959.00,0.00,774531.08
3.29,0.00,0.00,0.00,18.00,2.00,4408.00,2968.00,0.00,773309.92
3.30,0.00,0.00,0.00,18.00,2.00,4402.00,2974.00,0.00,772104.95
3.31,0.00,0.00,0.00,18.00,2.00,4395.00,2981.00,0.00,770899.75
3.31,0.00,0.00,0.00,18.00,2.00,4391.00,2985.00,0.00,769739.39
3.32,0.00,0.00,0.00,18.00,2.00,4383.00,2993.00,0.00,768559.90
3.33,0.00,0.00,0.00,18.00,2.00,4376.00,3000.00,0.00,767377.94
3.33,0.00,0.00,0.00,18.00,2.00,4370.00,3006.00,0.00,766208.77
3.34,0.00,0.00,0.00,18.00,2.00,4361.00,3015.00,0.00,765006.20
3.35,0.00,0.00,0.00,18.00,2.00,4355.00,3021.00,0.00,763818.20
3.35,0.00,0.00,0.00,18.00,2.00,4347.00,3029.00,0.00,762613.46
3.36,0.00,0.00,0.00,18.00,2.00,4339.00,3037.00,0.00,761393.44
3.37,0.00,0.00,0.00,18.00,2.00,4330.00,3046.00,0.00,760144.45
3.38,0.00,0.00,0.00,18.00,2.00,4324.00,3052.00,0.00,758914.08
3.38,0.00,0.00,0.00,18.00,1.00,4320.00,3057.00,0.00,757730.75
3.39,0.00,0.00,0.00,18.00,1.00,4311.00,3066.00,0.00,756515.25
3.40,0.00,0.00,0.00,18.00,1.00,4297.00,3080.00,0.00,755195.27
3.40,0.00,0.00,0.00,18.00,1.00,4290.00,3087.00,0.00,753885.07
3.41,0.00,0.00,0.00,18.00,1.00,4279.00,3098.00,0.00,752523.70
3.42,0.00,0.00,0.00,18.00,1.00,4270.00,3107.00,0.00,751145.66
3.42,0.00,0.00,0.00,18.00,1.00,4258.00,3119.00,0.00,749707.34
3.43,0.00,0.00,0.00,18.00,1.00,4250.00,3127.00,0.00,748274.08
3.44,0.00,0.00,0.00,18.00,1.00,4240.00,3137.00,0.00,746815.38
3.44,0.00,0.00,0.00,18.00,1.00,4232.00,3145.00,0.00,745363.53
3.45,0.00,0.00,0.00,18.00,1.00,4224.00,3153.00,0.00,743917.91
3.46,0.00,0.00,0.00,18.00,1.00,4219.00,3158.00,0.00,742523.05
3.47,0.00,0.00,0.00,18.00,1.00,4209.00,3168.00,0.00,741099.42
3.47,0.00,0.00,0.00,18.00,1.00,4203.00,3174.00,0.00,739709.61
3.48,0.00,0.00,0.00,18.00,1.00,4193.00,3184.00,0.00,738290.59
3.49,0.00,0.00,0.00,18.00,1.00,4188.00,3189.00,0.00,736920.02
3.49,0.00,0.00,0.00,18.00,1.00,4182.00,3195.00,0.00,735578.66
3.50,0.00,0.00,0.00,18.00,1.00,4178.00,3199.00,0.00,734294.00
3.51,0.00,0.00,0.00,18.00,1.00,4168.00,3209.00,0.00,732970.97
3.51,0.00,0.00,0.00,18.00,1.00,4160.00,3217.00,0.00,731642.97
3.52,0.00,0.00,0.00,18.00,1.00,4151.00,3226.00,0.00,730295.39
3.53,0.00,0.00,0.00,18.00,1.00,4140.00,3237.00,0.00,728899.90
3.53,0.00,0.00,0.00,18.00,1.00,4133.00,3244.00,0.00,727520.76
3.54,0.00,0.00,0.00,18.00,1.00,4131.00,3246.00,0.00,726231.67
3.55,0.00,0.00,0.00,18.00,1.00,4126.00,3251.00,0.00,724979.70
3.56,0.00,0.00,0.00,18.00,1.00,4120.00,3257.00,0.00,723746.62
3.56,0.00,0.00,0.00,18.00,1.00,4112.00,3265.00,0.00,722500.72
3.57,0.00,0.00,0.00,18.00,1.00,4103.00,3274.00,0.00,721228.11
3.58,0.00,0.00,0.00,18.00,1.00,4098.00,3279.00,0.00,719991.19
3.58,0.00,0.00,0.00,18.00,1.00,4094.00,3283.00,0.00,718801.88
3.59,0.00,0.00,0.00,18.00,1.00,4089.00,3288.00,0.00,717641.02
3.60,0.00,0.00,0.00,18.00,1.00,4082.00,3295.00,0.00,716476.08
3.60,0.00,0.00,0.00,18.00,1.00,4075.00,3302.00,0.00,715307.42
3.61,0.00,0.00,0.00,18.00,1.00,4064.00,3313.00,0.00,714075.26
3.62,0.00,0.00,0.00,18.00,0.00,4054.00,3324.00,0.00,712800.17
3.62,0.00,0.00,0.00,18.00,0.00,4045.00,3333.00,0.00,711500.90
3.63,0.00,0.00,0.00,18.00,0.00,4034.00,3344.00,0.00,710149.50
3.64,0.00,0.00,0.00,18.00,0.00,4028.00,3350.00,0.00,708825.65
3.65,0.00,0.00,0.00,18.00,0.00,4022.00,3356.00,0.00,707526.93
3.65,0.00,0.00,0.00,18.00,0.00,4016.00,3362.00,0.00,706251.16
3.66,0.00,0.00,0.00,18.00,0.00,4013.00,3365.00,0.00,705041.41
3.67,0.00,0.00,0.00,18.00,0.00,4008.00,3370.00,0.00,703861.88
3.67,0.00,0.00,0.00,18.00,0.00,4002.00,3376.00,0.00,702694.92
3.68,0.00,0.00,0.00,18.00,0.00,3995.00,3383.00,0.00,701524.42
3.69,0.00,0.00,0.00,18.00,0.00,3979.00,3399.00,0.00,700215.47
3.69,0.00,0.00,0.00,18.00,0.00,3970.00,3408.00,0.00,698885.29
3.70,0.00,0.00,0.00,18.00,0.00,3962.00,3416.00,0.00,697550.75
3.71,0.00,0.00,0.00,18.00,0.00,3953.00,3425.00,0.00,696197.20
3.72,0.00,0.00,0.00,18.00,0.00,3945.00,3433.00,0.00,694841.34
3.72,0.00,0.00,0.00,18.00,0.00,3936.00,3442.00,0.00,693468.33
3.73,0.00,0.00,0.00,18.00,0.00,3934.00,3444.00,0.00,692184.83
3.74,0.00,0.00,0.00,18.00,0.00,3925.00,3453.00,0.00,690877.88
3.74,0.00,0.00,0.00,18.00,0.00,3920.00,3458.00,0.00,689609.62
3.75,0.00,0.00,0.00,18.00,0.00,3912.00,3466.00,0.00,688331.62
3.76,0.00,0.00,0.00,18.00,0.00,3905.00,3473.00,0.00,687059.73
3.76,0.00,0.00,0.00,18.00,0.00,3897.00,3481.00,0.00,685778.41
3.77,0.00,0.00,0.00,18.00,0.00,3887.00,3491.00,0.00,684458.43
3.78,0.00,0.00,0.00,18.00,0.00,3882.00,3496.00,0.00,683178.28
3.78,0.00,0.00,0.00,18.00,0.00,3874.00,3504.00,0.00,681889.41
3.79,0.00,0.00,0.00,18.00,0.00,3865.00,3513.00,0.00,680577.56
3.80,0.00,0.00,0.00,18.00,0.00,3853.00,3525.00,0.00,679199.66
3.81,0.00,0.00,0.00,18.00,0.00,3842.00,3536.00,0.00,677776.49
3.81,0.00,0.00,0.00,18.00,0.00,3837.00,3541.00,0.00,676402.13
3.82,0.00,0.00,0.00,18.00,0.00,3834.00,3544.00,0.00,675102.38
3.83,0.00,0.00,0.00,18.00,0.00,3829.00,3549.00,0.00,673840.68
3.83,0.00,0.00,0.00,18.00,0.00,3821.00,3557.00,0.00,672568.67
3.84,0.00,0.00,0.00,18.00,0.00,3811.00,3567.00,0.00,671257.18
3.85,0.00,0.00,0.00,18.00,0.00,3803.00,3575.00,0.00,669939.71
3.85,0.00,0.00,0.00,18.00,0.00,3797.00,3581.00,0.00,668646.82
3.86,0.00,0.00,0.00,18.00,0.00,3792.00,3586.00,0.00,667391.40
3.87,0.00,0.00,0.00,18.00,0.00,3782.00,3596.00,0.00,666095.06
3.88,0.00,0.00,0.00,18.00,0.00,3774.00,3604.00,0.00,664791.41
3.88,0.00,0.00,0.00,18.00,0.00,3768.00,3610.00,0.00,663511.15
3.89,0.00,0.00,0.00,18.00,0.00,3765.00,3613.00,0.00,662297.29
3.90,0.00,0.00,0.00,18.00,0.00,3755.00,3623.00,0.00,661038.90
3.90,0.00,0.00,0.00,18.00,0.00,3746.00,3632.00,0.00,659754.88
3.91,0.00,0.00,0.00,18.00,0.00,3738.00,3640.00,0.00,658462.48
3.92,0.00,0.00,0.00,18.00,0.00,3733.00,3645.00,0.00,657207.50
3.92,0.00,0.00,0.00,18.00,0.00,3724.00,3654.00,0.00,655926.60
3.93,0.00,0.00,0.00,18.00,0.00,3712.00,3666.00,0.00,654576.95
3.94,0.00,0.00,0.00,18.00,0.00,3701.00,3677.00,0.00,653179.57
3.94,0.00,0.00,0.00,18.00,0.00,3694.00,3684.00,0.00,651798.70
3.95,0.00,0.00,0.00,18.00,0.00,3689.00,3689.00,0.00,650462.96
3.96,0.00,0.00,0.00,18.00,0.00,3681.00,3697.00,0.00,649123.35
3.97,0.00,0.00,0.00,18.00,0.00,3674.00,3704.00,0.00,647795.22
3.97,0.00,0.00,0.00,18.00,0.00,3665.00,3713.00,0.00,646447.54
3.98,0.00,0.00,0.00,18.00,0.00,3660.00,3718.00,0.00,645142.08
3.99,0.00,0.00,0.00,18.00,0.00,3650.00,3728.00,0.00,643800.08
3.99,0.00,0.00,0.00,18.00,0.00,3641.00,3737.00,0.00,642439.71
4.00,0.00,0.00,0.00,18.00,0.00,3632.00,3746.00,0.00,641062.60
4.01,0.00,0.00,0.00,18.00,0.00,3627.00,3751.00,0.00,639730.29
4.01,0.00,0.00,0.00,18.00,0.00,3622.00,3756.00,0.00,638438.87
4.02,0.00,0.00,0.00,18.00,0.00,3610.00,3768.00,0.00,637079.62
4.03,0.00,0.00,0.00,18.00,0.00,3601.00,3777.00,0.00,635703.53
4.03,0.00,0.00,0.00,18.00,0.00,3589.00,3789.00,0.00,634266.98
4.04,0.00,0.00,0.00,18.00,0.00,3581.00,3797.00,0.00,632835.33
4.05,0.00,0.00,0.00,18.00,0.00,3571.00,3807.00,0.00,631378.12
4.06,0.00,0.00,0.00,18.00,0.00,3562.00,3816.00,0.00,629912.59
4.06,0.00,0.00,0.00,18.00,0.00,3553.00,3825.00,0.00,628439.46
4.07,0.00,0.00,0.00,18.00,0.00,3546.00,3832.00,0.00,626989.44
4.08,0.00,0.00,0.00,18.00,0.00,3537.00,3841.00,0.00,625530.48
4.08,0.00,0.00,0.00,18.00,0.00,3528.00,3850.00,0.00,624063.35
4.09,0.00,0.00,0.00,18.00,0.00,3523.00,3855.00,0.00,622648.86
4.10,0.00,0.00,0.00,18.00,0.00,3519.00,3859.00,0.00,621297.44
4.10,0.00,0.00,0.00,18.00,0.00,3515.00,3863.00,0.00,620003.61
4.11,0.00,0.00,0.00,18.00,0.00,3506.00,3872.00,0.00,618687.23
4.12,0.00,0.00,0.00,18.00,0.00,3505.00,3873.00,0.00,617470.45
4.12,0.00,0.00,0.00,18.00,0.00,3501.00,3877.00,0.00,616299.53
4.13,0.00,0.00,0.00,18.00,0.00,3492.00,3886.00,0.00,615095.36
4.14,0.00,0.00,0.00,18.00,0.00,3484.00,3894.00,0.00,613875.86
4.15,0.00,0.00,0.00,18.00,0.00,3477.00,3901.00,0.00,612657.39
4.15,0.00,0.00,0.00,18.00,0.00,3470.00,3908.00,0.00,611439.86
4.16,0.00,0.00,0.00,18.00,0.00,3466.00,3912.00,0.00,610268.25
4.17,0.00,0.00,0.00,18.00,0.00,3458.00,3920.00,0.00,609078.48
4.17,0.00,0.00,0.00,18.00,0.00,3449.00,3929.00,0.00,607857.10
4.18,0.00,0.00,0.00,18.00,0.00,3441.00,3937.00,0.00,606621.88
4.19,0.00,0.00,0.00,18.00,0.00,3432.00,3946.00,0.00,605359.02
4.19,0.00,0.00,0.00,18.00,0.00,3428.00,3950.00,0.00,604146.03
4.20,0.00,0.00,0.00,18.00,0.00,3420.00,3958.00,0.00,602918.47
4.21,0.00,0.00,0.00,18.00,0.00,3416.00,3962.00,0.00,601737.72
4.22,0.00,0.00,0.00,18.00,0.00,3413.00,3965.00,0.00,600614.71
4.22,0.00,0.00,0.00,18.00,0.00,3406.00,3972.00,0.00,599484.33
4.23,0.00,0.00,0.00,18.00,0.00,3399.00,3979.00,0.00,598347.21
4.24,0.00,0.00,0.00,18.00,0.00,3394.00,3984.00,0.00,597233.99
4.24,0.00,0.00,0.00,18.00,0.00,3386.00,3992.00,0.00,596097.52
4.25,0.00,0.00,0.00,18.00,0.00,3381.00,3997.00,0.00,594984.90
4.26,0.00,0.00,0.00,18.00,0.00,3374.00,4004.00,0.00,593864.00
4.26,0.00,0.00,0.00,18.00,0.00,3364.00,4014.00,0.00,592690.47
4.27,0.00,0.00,0.00,18.00,0.00,3359.00,4019.00,0.00,591544.01
4.28,0.00,0.00,0.00,18.00,0.00,3355.00,4023.00,0.00,590437.29
4.28,0.00,0.00,0.00,18.00,0.00,3349.00,4029.00,0.00,589336.79
4.29,0.00,0.00,0.00,18.00,0.00,3339.00,4039.00,0.00,588181.90
4.30,0.00,0.00,0.00,18.00,0.00,3332.00,4046.00,0.00,587022.40
4.31,0.00,0.00,0.00,18.00,0.00,3328.00,4050.00,0.00,585903.78
4.31,0.00,0.00,0.00,18.00,0.00,3324.00,4054.00,0.00,584822.47
4.32,0.00,0.00,0.00,18.00,0.00,3312.00,4066.00,0.00,583655.04
4.33,0.00,0.00,0.00,18.00,0.00,3301.00,4077.00,0.00,582424.00
4.33,0.00,0.00,0.00,18.00,0.00,3293.00,4085.00,0.00,581179.98
4.34,0.00,0.00,0.00,18.00,0.00,3286.00,4092.00,0.00,579939.12
4.35,0.00,0.00,0.00,18.00,0.00,3279.00,4099.00,0.00,578701.15
4.35,0.00,0.00,0.00,18.00,0.00,3274.00,4104.00,0.00,577495.86
4.36,0.00,0.00,0.00,18.00,0.00,3271.00,4107.00,0.00,576350.45
4.37,0.00,0.00,0.00,18.00,0.00,3264.00,4114.00,0.00,575199.62
4.38,0.00,0.00,0.00,18.00,0.00,3261.00,4117.00,0.00,574103.93
4.38,0.00,0.00,0.00,18.00,0.00,3250.00,4128.00,0.00,572938.39
4.39,0.00,0.00,0.00,18.00,0.00,3244.00,4134.00,0.00,571784.20
4.40,0.00,0.00,0.00,18.00,0.00,3239.00,4139.00,0.00,570655.40
4.40,0.00,0.00,0.00,18.00,0.00,3231.00,4147.00,0.00,569504.71
4.41,0.00,0.00,0.00,18.00,0.00,3227.00,4151.00,0.00,568394.12
4.42,0.00,0.00,0.00,18.00,0.00,3222.00,4156.00,0.00,567305.12
4.42,0.00,0.00,0.00,18.00,0.00,3216.00,4162.00,0.00,566220.81
4.43,0.00,0.00,0.00,18.00,0.00,3207.00,4171.00,0.00,565095.71
4.44,0.00,0.00,0.00,18.00,0.00,3199.00,4179.00,0.00,563948.39
4.44,0.00,0.00,0.00,18.00,0.00,3188.00,4190.00,0.00,562735.73
4.45,0.00,0.00,0.00,18.00,0.00,3181.00,4197.00,0.00,561523.49
4.46,0.00,0.00,0.00,18.00,0.00,3172.00,4206.00,0.00,560281.60
4.47,0.00,0.00,0.00,18.00,0.00,3160.00,4218.00,0.00,558967.58
4.47,0.00,0.00,0.00,18.00,0.00,3154.00,4224.00,0.00,557677.83
4.48,0.00,0.00,0.00,18.00,0.00,3148.00,4230.00,0.00,556410.26
4.49,0.00,0.00,0.00,18.00,0.00,3136.00,4242.00,0.00,555072.78
4.49,0.00,0.00,0.00,18.00,0.00,3135.00,4243.00,0.00,553836.74
4.50,0.00,0.00,0.00,18.00,0.00,3128.00,4250.00,0.00,552603.16
4.51,0.00,0.00,0.00,18.00,0.00,3122.00,4256.00,0.00,551386.87
4.51,0.00,0.00,0.00,18.00,0.00,3114.00,4264.00,0.00,550156.30
4.52,0.00,0.00,0.00,18.00,0.00,3105.00,4273.00,0.00,548897.67
4.53,0.00,0.00,0.00,18.00,0.00,3100.00,4278.00,0.00,547673.53
4.53,0.00,0.00,0.00,18.00,0.00,3090.00,4288.00,0.00,546405.74
4.54,0.00,0.00,0.00,18.00,0.00,3084.00,4294.00,0.00,545158.21
4.55,0.00,0.00,0.00,18.00,0.00,3083.00,4295.00,0.00,544004.29
4.56,0.00,0.00,0.00,18.00,0.00,3077.00,4301.00,0.00,542860.71
4.56,0.00,0.00,0.00,18.00,0.00,3072.00,4306.00,0.00,541741.59
4.57,0.00,0.00,0.00,18.00,0.00,3064.00,4314.00,0.00,540599.74
4.58,0.00,0.00,0.00,18.00,0.00,3055.00,4323.00,0.00,539422.10
4.58,0.00,0.00,0.00,18.00,0.00,3046.00,4332.00,0.00,538211.80
4.59,0.00,0.00,0.00,18.00,0.00,3040.00,4338.00,0.00,537016.75
4.60,0.00,0.00,0.00,18.00,0.00,3035.00,4343.00,0.00,535850.65
4.60,0.00,0.00,0.00,18.00,0.00,3027.00,4351.00,0.00,534665.90
4.61,0.00,0.00,0.00,18.00,0.00,3022.00,4356.00,0.00,533509.20
4.62,0.00,0.00,0.00,18.00,0.00,3017.00,4361.00,0.00,532378.10
4.62,0.00,0.00,0.00,18.00,0.00,3011.00,4367.00,0.00,531255.35
4.63,0.00,0.00,0.00,18.00,0.00,3005.00,4373.00,0.00,530140.24
4.64,0.00,0.00,0.00,18.00,0.00,2997.00,4381.00,0.00,529002.03
4.65,0.00,0.00,0.00,18.00,0.00,2985.00,4393.00,0.00,527782.66
4.65,0.00,0.00,0.00,18.00,0.00,2977.00,4401.00,0.00,526549.28
4.66,0.00,0.00,0.00,18.00,0.00,2972.00,4406.00,0.00,525348.19
4.67,0.00,0.00,0.00,18.00,0.00,2962.00,4416.00,0.00,524101.44
4.67,0.00,0.00,0.00,18.00,0.00,2953.00,4425.00,0.00,522828.06
4.68,0.00,0.00,0.00,18.00,0.00,2944.00,4434.00,0.00,521530.34
4.69,0.00,0.00,0.00,18.00,0.00,2940.00,4438.00,0.00,520285.54
4.69,0.00,0.00,0.00,18.00,0.00,2930.00,4448.00,0.00,518998.89
4.70,0.00,0.00,0.00,18.00,0.00,2923.00,4455.00,0.00,517719.12
4.71,0.00,0.00,0.00,18.00,0.00,2917.00,4461.00,0.00,516460.65
4.72,0.00,0.00,0.00,18.00,0.00,2906.00,4472.00,0.00,515146.50
4.72,0.00,0.00,0.00,18.00,0.00,2897.00,4481.00,0.00,513811.58
4.73,0.00,0.00,0.00,18.00,0.00,2891.00,4487.00,0.00,512502.76
4.74,0.00,0.00,0.00,18.00,0.00,2881.00,4497.00,0.00,511157.67
4.74,0.00,0.00,0.00,18.00,0.00,2875.00,4503.00,0.00,509839.58
4.75,0.00,0.00,0.00,18.00,0.00,2873.00,4505.00,0.00,508606.21
4.76,0.00,0.00,0.00,18.00,0.00,2860.00,4518.00,0.00,507284.93
4.76,0.00,0.00,0.00,18.00,0.00,2855.00,4523.00,0.00,506003.59
4.77,0.00,0.00,0.00,18.00,0.00,2849.00,4529.00,0.00,504743.69
4.78,0.00,0.00,0.00,18.00,0.00,2846.00,4532.00,0.00,503548.42
4.78,0.00,0.00,0.00,18.00,0.00,2840.00,4538.00,0.00,502367.10
4.79,0.00,0.00,0.00,18.00,0.00,2835.00,4543.00,0.00,501213.52
4.80,0.00,0.00,0.00,18.00,0.00,2828.00,4550.00,0.00,500055.24
4.81,0.00,0.00,0.00,18.00,0.00,2819.00,4559.00,0.00,498862.60
4.81,0.00,0.00,0.00,18.00,0.00,2810.00,4568.00,0.00,497638.60
4.82,0.00,0.00,0.00,18.00,0.00,2802.00,4576.00,0.00,496401.00
4.83,0.00,0.00,0.00,18.00,0.00,2795.00,4583.00,0.00,495166.01
4.83,0.00,0.00,0.00,18.00,0.00,2788.00,4590.00,0.00,493933.39
4.84,0.00,0.00,0.00,18.00,0.00,2781.00,4597.00,0.00,492702.94
4.85,0.00,0.00,0.00,18.00,0.00,2776.00,4602.00,0.00,491504.51
4.85,0.00,0.00,0.00,18.00,0.00,2772.00,4606.00,0.00,490350.35
4.86,0.00,0.00,0.00,18.00,0.00,2762.00,4616.00,0.00,489146.46
4.87,0.00,0.00,0.00,18.00,0.00,2760.00,4618.00,0.00,488017.35
4.88,0.00,0.00,0.00,18.00,0.00,2752.00,4626.00,0.00,486866.37
4.88,0.00,0.00,0.00,18.00,0.00,2744.00,4634.00,0.00,485695.44
4.89,0.00,0.00,0.00,18.00,0.00,2738.00,4640.00,0.00,484536.32
4.90,0.00,0.00,0.00,18.00,0.00,2725.00,4653.00,0.00,483282.83
4.90,0.00,0.00,0.00,18.00,0.00,2715.00,4663.00,0.00,481988.26
4.91,0.00,0.00,0.00,18.00,0.00,2713.00,4665.00,0.00,480776.38
4.92,0.00,0.00,0.00,18.00,0.00,2709.00,4669.00,0.00,479609.92
4.92,0.00,0.00,0.00,18.00,0.00,2704.00,4674.00,0.00,478469.92
4.93,0.00,0.00,0.00,18.00,0.00,2699.00,4679.00,0.00,477354.07
4.94,0.00,0.00,0.00,18.00,0.00,2693.00,4685.00,0.00,476245.25
4.94,0.00,0.00,0.00,18.00,0.00,2687.00,4691.00,0.00,475142.84
4.95,0.00,0.00,0.00,18.00,0.00,2683.00,4695.00,0.00,474076.33
4.96,0.00,0.00,0.00,18.00,0.00,2677.00,4701.00,0.00,473012.55
4.97,0.00,0.00,0.00,18.00,0.00,2671.00,4707.00,0.00,471951.26
4.97,0.00,0.00,0.00,18.00,0.00,2660.00,4718.00,0.00,470817.13
4.98,0.00,0.00,0.00,18.00,0.00,2653.00,4725.00,0.00,469676.59
4.99,0.00,0.00,0.00,18.00,0.00,2644.00,4734.00,0.00,468500.16
4.99,0.00,0.00,0.00,18.00,0.00,2638.00,4740.00,0.00,467336.02
5.00,0.00,0.00,0.00,18.00,0.00,2631.00,4747.00,0.00,466168.10
5.01,0.00,0.00,0.00,18.00,0.00,2624.00,4754.00,0.00,464996.71
5.01,0.00,0.00,0.00,18.00,0.00,2622.00,4756.00,0.00,463897.27
5.02,0.00,0.00,0.00,18.00,0.00,2615.00,4763.00,0.00,462788.41
5.03,0.00,0.00,0.00,18.00,0.00,2605.00,4773.00,0.00,461625.87
5.03,0.00,0.00,0.00,18.00,0.00,2599.00,4779.00,0.00,460474.42
5.04,0.00,0.00,0.00,18.00,0.00,2594.00,4784.00,0.00,459348.12
5.05,0.00,0.00,0.00,18.00,0.00,2587.00,4791.00,0.00,458214.74
5.06,0.00,0.00,0.00,18.00,0.00,2579.00,4799.00,0.00,457059.85
5.06,0.00,0.00,0.00,18.00,0.00,2574.00,4804.00,0.00,455930.42
5.07,0.00,0.00,0.00,18.00,0.00,2568.00,4810.00,0.00,454809.19
5.08,0.00,0.00,0.00,18.00,0.00,2561.00,4817.00,0.00,453680.43
5.08,0.00,0.00,0.00,18.00,0.00,2561.00,4817.00,0.00,452649.96
5.09,0.00,0.00,0.00,18.00,0.00,2551.00,4827.00,0.00,451558.99
5.10,0.00,0.00,0.00,18.00,0.00,2540.00,4838.00,0.00,450397.76
5.10,0.00,0.00,0.00,18.00,0.00,2534.00,4844.00,0.00,449247.51
5.11,0.00,0.00,0.00,18.00,0.00,2525.00,4853.00,0.00,448062.21
5.12,0.00,0.00,0.00,18.00,0.00,2521.00,4857.00,0.00,446920.03
5.12,0.00,0.00,0.00,18.00,0.00,2514.00,4864.00,0.00,445772.14
5.13,0.00,0.00,0.00,18.00,0.00,2505.00,4873.00,0.00,444589.00
5.14,0.00,0.00,0.00,18.00,0.00,2497.00,4881.00,0.00,443388.70
5.15,0.00,0.00,0.00,18.00,0.00,2495.00,4883.00,0.00,442262.86
5.15,0.00,0.00,0.00,18.00,0.00,2489.00,4889.00,0.00,441144.93
5.16,0.00,0.00,0.00,18.00,0.00,2487.00,4891.00,0.00,440094.29
5.17,0.00,0.00,0.00,18.00,0.00,2477.00,4901.00,0.00,438984.90
5.17,0.00,0.00,0.00,18.00,0.00,2471.00,4907.00,0.00,437881.98
5.18,0.00,0.00,0.00,18.00,0.00,2467.00,4911.00,0.00,436815.00
5.19,0.00,0.00,0.00,18.00,0.00,2459.00,4919.00,0.00,435720.75
5.19,0.00,0.00,0.00,18.00,0.00,2450.00,4928.00,0.00,434586.57
5.20,0.00,0.00,0.00,18.00,0.00,2439.00,4939.00,0.00,433385.90
5.21,0.00,0.00,0.00,18.00,0.00,2424.00,4954.00,0.00,432064.43
5.22,0.00,0.00,0.00,18.00,0.00,2415.00,4963.00,0.00,430722.82
5.22,0.00,0.00,0.00,18.00,0.00,2408.00,4970.00,0.00,429392.87
5.23,0.00,0.00,0.00,18.00,0.00,2399.00,4979.00,0.00,428043.52
5.24,0.00,0.00,0.00,18.00,0.00,2391.00,4987.00,0.00,426691.48
5.24,0.00,0.00,0.00,18.00,0.00,2386.00,4992.00,0.00,425382.05
5.25,0.00,0.00,0.00,18.00,0.00,2374.00,5004.00,0.00,424006.37
5.26,0.00,0.00,0.00,18.00,0.00,2367.00,5011.00,0.00,422645.31
5.26,0.00,0.00,0.00,18.00,0.00,2364.00,5014.00,0.00,421357.70
5.27,0.00,0.00,0.00,18.00,0.00,2360.00,5018.00,0.00,420122.12
5.28,0.00,0.00,0.00,18.00,0.00,2358.00,5020.00,0.00,418964.08
5.28,0.00,0.00,0.00,18.00,0.00,2349.00,5029.00,0.00,417771.67
5.29,0.00,0.00,0.00,18.00,0.00,2340.00,5038.00,0.00,416547.88
5.30,0.00,0.00,0.00,18.00,0.00,2333.00,5045.00,0.00,415325.50
5.31,0.00,0.00,0.00,18.00,0.00,2326.00,5052.00,0.00,414104.39
5.31,0.00,0.00,0.00,18.00,0.00,2322.00,5056.00,0.00,412929.52
5.32,0.00,0.00,0.00,18.00,0.00,2313.00,5065.00,0.00,411721.74
5.33,0.00,0.00,0.00,18.00,0.00,2309.00,5069.00,0.00,410559.04
5.33,0.00,0.00,0.00,18.00,0.00,2301.00,5077.00,0.00,409377.40
5.34,0.00,0.00,0.00,18.00,0.00,2293.00,5085.00,0.00,408178.46
5.35,0.00,0.00,0.00,18.00,0.00,2288.00,5090.00,0.00,407008.81
5.35,0.00,0.00,0.00,18.00,0.00,2278.00,5100.00,0.00,405790.78
5.36,0.00,0.00,0.00,18.00,0.00,2273.00,5105.00,0.00,404603.69
5.37,0.00,0.00,0.00,18.00,0.00,2264.00,5114.00,0.00,403384.76
5.38,0.00,0.00,0.00,18.00,0.00,2258.00,5120.00,0.00,402181.83
5.38,0.00,0.00,0.00,18.00,0.00,2256.00,5122.00,0.00,401053.60
5.39,0.00,0.00,0.00,18.00,0.00,2250.00,5128.00,0.00,399933.48
5.40,0.00,0.00,0.00,18.00,0.00,2241.00,5137.00,0.00,398775.68
5.40,0.00,0.00,0.00,18.00,0.00,2234.00,5144.00,0.00,397613.54
5.41,0.00,0.00,0.00,18.00,0.00,2229.00,5149.00,0.00,396477.47
5.42,0.00,0.00,0.00,18.00,0.00,2221.00,5157.00,0.00,395320.15
5.42,0.00,0.00,0.00,18.00,0.00,2217.00,5161.00,0.00,394203.50
5.43,0.00,0.00,0.00,18.00,0.00,2209.00,5169.00,0.00,393063.91
5.44,0.00,0.00,0.00,18.00,0.00,2201.00,5177.00,0.00,391903.36
5.44,0.00,0.00,0.00,18.00,0.00,2192.00,5186.00,0.00,390708.66
5.45,0.00,0.00,0.00,18.00,0.00,2186.00,5192.00,0.00,389527.85
5.46,0.00,0.00,0.00,18.00,0.00,2181.00,5197.00,0.00,388374.75
5.47,0.00,0.00,0.00,18.00,0.00,2177.00,5201.00,0.00,387261.96
5.47,0.00,0.00,0.00,18.00,0.00,2172.00,5206.00,0.00,386170.95
5.48,0.00,0.00,0.00,18.00,0.00,2168.00,5210.00,0.00,385114.85
5.49,0.00,0.00,0.00,18.00,0.00,2164.00,5214.00,0.00,384090.62
5.49,0.00,0.00,0.00,18.00,0.00,2159.00,5219.00,0.00,383080.46
5.50,0.00,0.00,0.00,18.00,0.00,2153.00,5225.00,0.00,382068.12
5.51,0.00,0.00,0.00,18.00,0.00,2143.00,5235.00,0.00,380993.70
5.51,0.00,0.00,0.00,18.00,0.00,2139.00,5239.00,0.00,379952.74
5.52,0.00,0.00,0.00,18.00,0.00,2131.00,5247.00,0.00,378882.25
5.53,0.00,0.00,0.00,18.00,0.00,2123.00,5255.00,0.00,377784.78
5.53,0.00,0.00,0.00,18.00,0.00,2115.00,5263.00,0.00,376662.69
5.54,0.00,0.00,0.00,18.00,0.00,2108.00,5270.00,0.00,375533.14
5.55,0.00,0.00,0.00,18.00,0.00,2100.00,5278.00,0.00,374381.77
5.56,0.00,0.00,0.00,18.00,0.00,2094.00,5284.00,0.00,373240.51
5.56,0.00,0.00,0.00,18.00,0.00,2088.00,5290.00,0.00,372108.49
5.57,0.00,0.00,0.00,18.00,0.00,2078.00,5300.00,0.00,370924.82
5.58,0.00,0.00,0.00,18.00,0.00,2069.00,5309.00,0.00,369709.00
5.58,0.00,0.00,0.00,18.00,0.00,2065.00,5313.00,0.00,368538.96
5.59,0.00,0.00,0.00,18.00,0.00,2058.00,5320.00,0.00,367365.64
5.60,0.00,0.00,0.00,18.00,0.00,2050.00,5328.00,0.00,366174.30
5.60,0.00,0.00,0.00,18.00,0.00,2045.00,5333.00,0.00,365011.59
5.61,0.00,0.00,0.00,18.00,0.00,2041.00,5337.00,0.00,363890.02
5.62,0.00,0.00,0.00,18.00,0.00,2035.00,5343.00,0.00,362775.98
5.62,0.00,0.00,0.00,18.00,0.00,2030.00,5348.00,0.00,361683.83
5.63,0.00,0.00,0.00,18.00,0.00,2024.00,5354.00,0.00,360596.65
5.64,0.00,0.00,0.00,18.00,0.00,2017.00,5361.00,0.00,359498.96
5.65,0.00,0.00,0.00,18.00,0.00,2007.00,5371.00,0.00,358346.63
5.65,0.00,0.00,0.00,18.00,0.00,2002.00,5376.00,0.00,357219.52
5.66,0.00,0.00,0.00,18.00,0.00,1994.00,5384.00,0.00,356070.38
5.67,0.00,0.00,0.00,18.00,0.00,1987.00,5391.00,0.00,354916.13
5.67,0.00,0.00,0.00,18.00,0.00,1981.00,5397.00,0.00,353772.25
5.68,0.00,0.00,0.00,18.00,0.00,1974.00,5404.00,0.00,352622.82
5.69,0.00,0.00,0.00,18.00,0.00,1969.00,5409.00,0.00,351498.35
5.69,0.00,0.00,0.00,18.00,0.00,1962.00,5416.00,0.00,350366.64
5.70,0.00,0.00,0.00,18.00,0.00,1958.00,5420.00,0.00,349273.38
5.71,0.00,0.00,0.00,18.00,0.00,1952.00,5426.00,0.00,348185.18
5.72,0.00,0.00,0.00,18.00,0.00,1942.00,5436.00,0.00,347041.51
5.72,0.00,0.00,0.00,18.00,0.00,1932.00,5446.00,0.00,345847.19
5.73,0.00,0.00,0.00,18.00,0.00,1928.00,5450.00,0.00,344696.77
5.74,0.00,0.00,0.00,18.00,0.00,1923.00,5455.00,0.00,343571.41
5.74,0.00,0.00,0.00,18.00,0.00,1918.00,5460.00,0.00,342468.93
5.75,0.00,0.00,0.00,18.00,0.00,1913.00,5465.00,0.00,341387.33
5.76,0.00,0.00,0.00,18.00,0.00,1902.00,5476.00,0.00,340234.66
5.76,0.00,0.00,0.00,18.00,0.00,1896.00,5482.00,0.00,339092.22
5.77,0.00,0.00,0.00,18.00,0.00,1886.00,5492.00,0.00,337899.03
5.78,0.00,0.00,0.00,18.00,0.00,1879.00,5499.00,0.00,336704.57
5.78,0.00,0.00,0.00,18.00,0.00,1877.00,5501.00,0.00,335584.08
5.79,0.00,0.00,0.00,18.00,0.00,1870.00,5508.00,0.00,334455.99
5.80,0.00,0.00,0.00,18.00,0.00,1863.00,5515.00,0.00,333320.97
5.81,0.00,0.00,0.00,18.00,0.00,1858.00,5520.00,0.00,332209.67
5.81,0.00,0.00,0.00,18.00,0.00,1846.00,5532.00,0.00,331014.86
5.82,0.00,0.00,0.00,18.00,0.00,1838.00,5540.00,0.00,329803.90
5.83,0.00,0.00,0.00,18.00,0.00,1831.00,5547.00,0.00,328593.23
5.83,0.00,0.00,0.00,18.00,0.00,1824.00,5554.00,0.00,327382.81
5.84,0.00,0.00,0.00,18.00,0.00,1815.00,5563.00,0.00,326142.59
5.85,0.00,0.00,0.00,18.00,0.00,1805.00,5573.00,0.00,324860.13
5.85,0.00,0.00,0.00,18.00,0.00,1802.00,5576.00,0.00,323644.27
5.86,0.00,0.00,0.00,18.00,0.00,1795.00,5583.00,0.00,322429.12
5.87,0.00,0.00,0.00,18.00,0.00,1790.00,5588.00,0.00,321244.66
5.88,0.00,0.00,0.00,18.00,0.00,1788.00,5590.00,0.00,320133.30
5.88,0.00,0.00,0.00,18.00,0.00,1781.00,5597.00,0.00,319013.54
5.89,0.00,0.00,0.00,18.00,0.00,1777.00,5601.00,0.00,317931.20
5.90,0.00,0.00,0.00,18.00,0.00,1765.00,5613.00,0.00,316762.83
5.90,0.00,0.00,0.00,18.00,0.00,1753.00,5625.00,0.00,315515.92
5.91,0.00,0.00,0.00,18.00,0.00,1747.00,5631.00,0.00,314287.44
5.92,0.00,0.00,0.00,18.00,0.00,1741.00,5637.00,0.00,313075.80
5.92,0.00,0.00,0.00,18.00,0.00,1734.00,5644.00,0.00,311864.50
5.93,0.00,0.00,0.00,18.00,0.00,1727.00,5651.00,0.00,310653.51
5.94,0.00,0.00,0.00,18.00,0.00,1716.00,5662.00,0.00,309382.72
5.94,0.00,0.00,0.00,18.00,0.00,1711.00,5667.00,0.00,308147.46
5.95,0.00,0.00,0.00,18.00,0.00,1705.00,5673.00,0.00,306929.63
5.96,0.00,0.00,0.00,18.00,0.00,1699.00,5679.00,0.00,305727.71
5.97,0.00,0.00,0.00,18.00,0.00,1697.00,5681.00,0.00,304600.39
5.97,0.00,0.00,0.00,18.00,0.00,1687.00,5691.00,0.00,303421.01
5.98,0.00,0.00,0.00,18.00,0.00,1683.00,5695.00,0.00,302284.23
5.99,0.00,0.00,0.00,18.00,0.00,1674.00,5704.00,0.00,301111.23
5.99,0.00,0.00,0.00,18.00,0.00,1668.00,5710.00,0.00,299950.23
6.00,0.00,0.00,0.00,18.00,0.00,1660.00,5718.00,0.00,298770.14
6.01,0.00,0.00,0.00,18.00,0.00,1653.00,5725.00,0.00,297587.65
6.01,0.00,0.00,0.00,18.00,0.00,1647.00,5731.00,0.00,296417.98
6.02,0.00,0.00,0.00,18.00,0.00,1641.00,5737.00,0.00,295260.03
6.03,0.00,0.00,0.00,18.00,0.00,1638.00,5740.00,0.00,294157.84
6.03,0.00,0.00,0.00,18.00,0.00,1631.00,5747.00,0.00,293046.45
6.04,0.00,0.00,0.00,18.00,0.00,1627.00,5751.00,0.00,291971.76
6.05,0.00,0.00,0.00,18.00,0.00,1622.00,5756.00,0.00,290915.52
6.06,0.00,0.00,0.00,18.00,0.00,1618.00,5760.00,0.00,289891.17
6.06,0.00,0.00,0.00,18.00,0.00,1612.00,5766.00,0.00,288865.87
6.07,0.00,0.00,0.00,18.00,0.00,1597.00,5781.00,0.00,287704.51
6.08,0.00,0.00,0.00,18.00,0.00,1591.00,5787.00,0.00,286554.13
6.08,0.00,0.00,0.00,18.00,0.00,1585.00,5793.00,0.00,285413.79
6.09,0.00,0.00,0.00,18.00,0.00,1580.00,5798.00,0.00,284297.62
6.10,0.00,0.00,0.00,18.00,0.00,1566.00,5812.00,0.00,283068.33
6.10,0.00,0.00,0.00,18.00,0.00,1560.00,5818.00,0.00,281855.93
6.11,0.00,0.00,0.00,18.00,0.00,1554.00,5824.00,0.00,280658.97
6.12,0.00,0.00,0.00,18.00,0.00,1548.00,5830.00,0.00,279476.10
6.12,0.00,0.00,0.00,18.00,0.00,1540.00,5838.00,0.00,278276.04
6.13,0.00,0.00,0.00,18.00,0.00,1534.00,5844.00,0.00,277090.34
6.14,0.00,0.00,0.00,18.00,0.00,1529.00,5849.00,0.00,275932.77
6.15,0.00,0.00,0.00,18.00,0.00,1521.00,5857.00,0.00,274755.81
6.15,0.00,0.00,0.00,18.00,0.00,1512.00,5866.00,0.00,273546.13
6.16,0.00,0.00,0.00,18.00,0.00,1505.00,5873.00,0.00,272336.62
6.17,0.00,0.00,0.00,18.00,0.00,1497.00,5881.00,0.00,271112.25
6.17,0.00,0.00,0.00,18.00,0.00,1489.00,5889.00,0.00,269874.30
6.18,0.00,0.00,0.00,18.00,0.00,1487.00,5891.00,0.00,268714.10
6.19,0.00,0.00,0.00,18.00,0.00,1482.00,5896.00,0.00,267579.82
6.19,0.00,0.00,0.00,18.00,0.00,1472.00,5906.00,0.00,266394.07
6.20,0.00,0.00,0.00,18.00,0.00,1468.00,5910.00,0.00,265251.47
6.21,0.00,0.00,0.00,18.00,0.00,1466.00,5912.00,0.00,264178.33
6.22,0.00,0.00,0.00,18.00,0.00,1461.00,5917.00,0.00,263123.51
6.22,0.00,0.00,0.00,18.00,0.00,1455.00,5923.00,0.00,262070.41
6.23,0.00,0.00,0.00,18.00,0.00,1451.00,5927.00,0.00,261048.91
6.24,0.00,0.00,0.00,18.00,0.00,1449.00,5929.00,0.00,260086.31
6.24,0.00,0.00,0.00,18.00,0.00,1442.00,5936.00,0.00,259102.38
6.25,0.00,0.00,0.00,18.00,0.00,1438.00,5940.00,0.00,258144.02
6.26,0.00,0.00,0.00,18.00,0.00,1433.00,5945.00,0.00,257194.00
6.26,0.00,0.00,0.00,18.00,0.00,1427.00,5951.00,0.00,256236.57
6.27,0.00,0.00,0.00,18.00,0.00,1419.00,5959.00,0.00,255242.32
6.28,0.00,0.00,0.00,18.00,0.00,1414.00,5964.00,0.00,254259.53
6.28,0.00,0.00,0.00,18.00,0.00,1412.00,5966.00,0.00,253332.27
6.29,0.00,0.00,0.00,18.00,0.00,1400.00,5978.00,0.00,252305.47
6.30,0.00,0.00,0.00,18.00,0.00,1389.00,5989.00,0.00,251202.83
6.31,0.00,0.00,0.00,18.00,0.00,1383.00,5995.00,0.00,250106.07
6.31,0.00,0.00,0.00,18.00,0.00,1375.00,6003.00,0.00,248984.62
6.32,0.00,0.00,0.00,18.00,0.00,1369.00,6009.00,0.00,247870.68
6.33,0.00,0.00,0.00,18.00,0.00,1364.00,6014.00,0.00,246778.63
6.33,0.00,0.00,0.00,18.00,0.00,1358.00,6020.00,0.00,245691.53
6.34,0.00,0.00,0.00,18.00,0.00,1349.00,6029.00,0.00,244563.88
6.35,0.00,0.00,0.00,18.00,0.00,1341.00,6037.00,0.00,243414.24
6.35,0.00,0.00,0.00,18.00,0.00,1333.00,6045.00,0.00,242244.52
6.36,0.00,0.00,0.00,18.00,0.00,1327.00,6051.00,0.00,241086.51
6.37,0.00,0.00,0.00,18.00,0.00,1324.00,6054.00,0.00,239984.27
6.38,0.00,0.00,0.00,18.00,0.00,1317.00,6061.00,0.00,238872.85
6.38,0.00,0.00,0.00,18.00,0.00,1312.00,6066.00,0.00,237783.09
6.39,0.00,0.00,0.00,18.00,0.00,1307.00,6071.00,0.00,236713.10
6.40,0.00,0.00,0.00,18.00,0.00,1302.00,6076.00,0.00,235661.17
6.40,0.00,0.00,0.00,18.00,0.00,1292.00,6086.00,0.00,234550.61
6.41,0.00,0.00,0.00,18.00,0.00,1283.00,6095.00,0.00,233401.54
6.42,0.00,0.00,0.00,18.00,0.00,1279.00,6099.00,0.00,232292.44
6.42,0.00,0.00,0.00,18.00,0.00,1271.00,6107.00,0.00,231159.72
6.43,0.00,0.00,0.00,18.00,0.00,1267.00,6111.00,0.00,230065.55
6.44,0.00,0.00,0.00,18.00,0.00,1259.00,6119.00,0.00,228946.47
6.44,0.00,0.00,0.00,18.00,0.00,1251.00,6127.00,0.00,227804.65
6.45,0.00,0.00,0.00,18.00,0.00,1247.00,6131.00,0.00,226702.16
6.46,0.00,0.00,0.00,18.00,0.00,1239.00,6139.00,0.00,225575.49
6.47,0.00,0.00,0.00,18.00,0.00,1233.00,6145.00,0.00,224456.78
6.47,0.00,0.00,0.00,18.00,0.00,1227.00,6151.00,0.00,223345.35
6.48,0.00,0.00,0.00,18.00,0.00,1223.00,6155.00,0.00,222270.60
6.49,0.00,0.00,0.00,18.00,0.00,1213.00,6165.00,0.00,221139.21
6.49,0.00,0.00,0.00,18.00,0.00,1199.00,6179.00,0.00,219896.01
6.50,0.00,0.00,0.00,18.00,0.00,1192.00,6186.00,0.00,218655.90
6.51,0.00,0.00,0.00,18.00,0.00,1187.00,6191.00,0.00,217448.66
6.51,0.00,0.00,0.00,18.00,0.00,1182.00,6196.00,0.00,216271.43
6.52,0.00,0.00,0.00,18.00,0.00,1172.00,6206.00,0.00,215046.47
6.53,0.00,0.00,0.00,18.00,0.00,1167.00,6211.00,0.00,213853.06
6.53,0.00,0.00,0.00,18.00,0.00,1157.00,6221.00,0.00,212613.34
6.54,0.00,0.00,0.00,18.00,0.00,1154.00,6224.00,0.00,211436.50
6.55,0.00,0.00,0.00,18.00,0.00,1148.00,6230.00,0.00,210272.00
6.56,0.00,0.00,0.00,18.00,0.00,1142.00,6236.00,0.00,209118.75
6.56,0.00,0.00,0.00,18.00,0.00,1133.00,6245.00,0.00,207930.72
6.57,0.00,0.00,0.00,18.00,0.00,1128.00,6250.00,0.00,206771.02
6.58,0.00,0.00,0.00,18.00,0.00,1122.00,6256.00,0.00,205622.17
6.58,0.00,0.00,0.00,18.00,0.00,1112.00,6266.00,0.00,204423.12
6.59,0.00,0.00,0.00,18.00,0.00,1107.00,6271.00,0.00,203253.36
6.60,0.00,0.00,0.00,18.00,0.00,1103.00,6275.00,0.00,202125.37
6.60,0.00,0.00,0.00,18.00,0.00,1092.00,6286.00,0.00,200930.35
6.61,0.00,0.00,0.00,18.00,0.00,1087.00,6291.00,0.00,199764.27
6.62,0.00,0.00,0.00,18.00,0.00,1083.00,6295.00,0.00,198639.63
6.62,0.00,0.00,0.00,18.00,0.00,1078.00,6300.00,0.00,197537.81
6.63,0.00,0.00,0.00,18.00,0.00,1072.00,6306.00,0.00,196441.79
6.64,0.00,0.00,0.00,18.00,0.00,1064.00,6314.00,0.00,195321.02
6.65,0.00,0.00,0.00,18.00,0.00,1057.00,6321.00,0.00,194192.68
6.65,0.00,0.00,0.00,18.00,0.00,1051.00,6327.00,0.00,193072.46
6.66,0.00,0.00,0.00,18.00,0.00,1046.00,6332.00,0.00,191974.66
6.67,0.00,0.00,0.00,18.00,0.00,1042.00,6336.00,0.00,190912.37
6.67,0.00,0.00,0.00,18.00,0.00,1037.00,6341.00,0.00,189867.45
6.68,0.00,0.00,0.00,18.00,0.00,1030.00,6348.00,0.00,188808.37
6.69,0.00,0.00,0.00,18.00,0.00,1024.00,6354.00,0.00,187751.36
6.69,0.00,0.00,0.00,18.00,0.00,1018.00,6360.00,0.00,186696.26
6.70,0.00,0.00,0.00,18.00,0.00,1015.00,6363.00,0.00,185687.96
6.71,0.00,0.00,0.00,18.00,0.00,1012.00,6366.00,0.00,184722.39
6.72,0.00,0.00,0.00,18.00,0.00,1006.00,6372.00,0.00,183750.76
6.72,0.00,0.00,0.00,18.00,0.00,999.00,6379.00,0.00,182758.58
6.73,0.00,0.00,0.00,18.00,0.00,994.00,6384.00,0.00,181777.67
6.74,0.00,0.00,0.00,18.00,0.00,987.00,6391.00,0.00,180777.02
6.74,0.00,0.00,0.00,18.00,0.00,978.00,6400.00,0.00,179728.29
6.75,0.00,0.00,0.00,18.00,0.00,968.00,6410.00,0.00,178620.64
6.76,0.00,0.00,0.00,18.00,0.00,961.00,6417.00,0.00,177504.29
6.76,0.00,0.00,0.00,18.00,0.00,950.00,6428.00,0.00,176319.89
6.77,0.00,0.00,0.00,18.00,0.00,942.00,6436.00,0.00,175118.43
6.78,0.00,0.00,0.00,18.00,0.00,935.00,6443.00,0.00,173916.44
6.78,0.00,0.00,0.00,18.00,0.00,929.00,6449.00,0.00,172728.97
6.79,0.00,0.00,0.00,18.00,0.00,922.00,6456.00,0.00,171539.73
6.80,0.00,0.00,0.00,18.00,0.00,917.00,6461.00,0.00,170378.94
6.81,0.00,0.00,0.00,18.00,0.00,910.00,6468.00,0.00,169214.06
6.81,0.00,0.00,0.00,18.00,0.00,903.00,6475.00,0.00,168045.45
6.82,0.00,0.00,0.00,18.00,0.00,892.00,6486.00,0.00,166813.35
6.83,0.00,0.00,0.00,18.00,0.00,889.00,6489.00,0.00,165643.46
6.83,0.00,0.00,0.00,18.00,0.00,881.00,6497.00,0.00,164455.26
6.84,0.00,0.00,0.00,18.00,0.00,876.00,6502.00,0.00,163295.40
6.85,0.00,0.00,0.00,18.00,0.00,875.00,6503.00,0.00,162221.52
6.85,0.00,0.00,0.00,18.00,0.00,866.00,6512.00,0.00,161105.94
6.86,0.00,0.00,0.00,18.00,0.00,858.00,6520.00,0.00,159967.31
6.87,0.00,0.00,0.00,18.00,0.00,853.00,6525.00,0.00,158852.72
6.88,0.00,0.00,0.00,18.00,0.00,850.00,6528.00,0.00,157790.11
6.88,0.00,0.00,0.00,18.00,0.00,847.00,6531.00,0.00,156774.96
6.89,0.00,0.00,0.00,18.00,0.00,839.00,6539.00,0.00,155728.02
6.90,0.00,0.00,0.00,18.00,0.00,835.00,6543.00,0.00,154712.15
6.90,0.00,0.00,0.00,18.00,0.00,831.00,6547.00,0.00,153724.65
6.91,0.00,0.00,0.00,18.00,0.00,824.00,6554.00,0.00,152717.97
6.92,0.00,0.00,0.00,18.00,0.00,817.00,6561.00,0.00,151693.79
6.92,0.00,0.00,0.00,18.00,0.00,810.00,6568.00,0.00,150653.62
6.93,0.00,0.00,0.00,18.00,0.00,807.00,6571.00,0.00,149658.97
6.94,0.00,0.00,0.00,18.00,0.00,801.00,6577.00,0.00,148660.78
6.94,0.00,0.00,0.00,18.00,0.00,796.00,6582.00,0.00,147674.40
6.95,0.00,0.00,0.00,18.00,0.00,792.00,6586.00,0.00,146713.81
6.96,0.00,0.00,0.00,18.00,0.00,786.00,6592.00,0.00,145746.73
6.97,0.00,0.00,0.00,18.00,0.00,782.00,6596.00,0.00,144803.77
6.97,0.00,0.00,0.00,18.00,0.00,778.00,6600.00,0.00,143882.82
6.98,0.00,0.00,0.00,18.00,0.00,774.00,6604.00,0.00,142981.97
6.99,0.00,0.00,0.00,18.00,0.00,766.00,6612.00,0.00,142039.38
6.99,0.00,0.00,0.00,18.00,0.00,756.00,6622.00,0.00,141028.64
7.00,0.00,0.00,0.00,18.00,0.00,750.00,6628.00,0.00,140015.77
7.01,0.00,0.00,0.00,18.00,0.00,742.00,6636.00,0.00,138970.91
7.01,0.00,0.00,0.00,18.00,0.00,733.00,6645.00,0.00,137881.82
7.02,0.00,0.00,0.00,18.00,0.00,725.00,6653.00,0.00,136767.39
7.03,0.00,0.00,0.00,18.00,0.00,720.00,6658.00,0.00,135674.87
7.03,0.00,0.00,0.00,18.00,0.00,709.00,6669.00,0.00,134512.24
7.04,0.00,0.00,0.00,18.00,0.00,704.00,6674.00,0.00,133375.73
7.05,0.00,0.00,0.00,18.00,0.00,696.00,6682.00,0.00,132217.99
7.06,0.00,0.00,0.00,18.00,0.00,692.00,6686.00,0.00,131100.98
7.06,0.00,0.00,0.00,18.00,0.00,690.00,6688.00,0.00,130051.18
7.07,0.00,0.00,0.00,18.00,0.00,686.00,6692.00,0.00,129032.70
7.08,0.00,0.00,0.00,18.00,0.00,682.00,6696.00,0.00,128042.82
7.08,0.00,0.00,0.00,18.00,0.00,674.00,6704.00,0.00,127018.94
7.09,0.00,0.00,0.00,18.00,0.00,669.00,6709.00,0.00,126009.11
7.10,0.00,0.00,0.00,18.00,0.00,665.00,6713.00,0.00,125027.11
7.10,0.00,0.00,0.00,18.00,0.00,661.00,6717.00,0.00,124070.53
7.11,0.00,0.00,0.00,18.00,0.00,656.00,6722.00,0.00,123122.13
7.12,0.00,0.00,0.00,18.00,0.00,651.00,6727.00,0.00,122181.20
7.12,0.00,0.00,0.00,18.00,0.00,645.00,6733.00,0.00,121232.06
7.13,0.00,0.00,0.00,18.00,0.00,641.00,6737.00,0.00,120305.48
7.14,0.00,0.00,0.00,18.00,0.00,634.00,6744.00,0.00,119354.41
7.15,0.00,0.00,0.00,18.00,0.00,625.00,6753.00,0.00,118350.96
7.15,0.00,0.00,0.00,18.00,0.00,621.00,6757.00,0.00,117374.78
7.16,0.00,0.00,0.00,18.00,0.00,617.00,6761.00,0.00,116423.52
7.17,0.00,0.00,0.00,18.00,0.00,610.00,6768.00,0.00,115449.93
7.17,0.00,0.00,0.00,18.00,0.00,604.00,6774.00,0.00,114470.97
7.18,0.00,0.00,0.00,18.00,0.00,600.00,6778.00,0.00,113517.17
7.19,0.00,0.00,0.00,18.00,0.00,599.00,6779.00,0.00,112631.40
7.19,0.00,0.00,0.00,18.00,0.00,592.00,6786.00,0.00,111717.59
7.20,0.00,0.00,0.00,18.00,0.00,590.00,6788.00,0.00,110853.31
7.21,0.00,0.00,0.00,18.00,0.00,588.00,6790.00,0.00,110034.24
7.22,0.00,0.00,0.00,18.00,0.00,583.00,6795.00,0.00,109211.38
7.22,0.00,0.00,0.00,18.00,0.00,576.00,6802.00,0.00,108355.00
7.23,0.00,0.00,0.00,18.00,0.00,574.00,6804.00,0.00,107543.15
7.24,0.00,0.00,0.00,18.00,0.00,569.00,6809.00,0.00,106726.88
7.24,0.00,0.00,0.00,18.00,0.00,565.00,6813.00,0.00,105921.59
7.25,0.00,0.00,0.00,18.00,0.00,558.00,6820.00,0.00,105081.26
7.26,0.00,0.00,0.00,18.00,0.00,555.00,6823.00,0.00,104269.04
7.26,0.00,0.00,0.00,18.00,0.00,551.00,6827.00,0.00,103467.45
7.27,0.00,0.00,0.00,18.00,0.00,545.00,6833.00,0.00,102645.51
7.28,0.00,0.00,0.00,18.00,0.00,542.00,6836.00,0.00,101850.08
7.28,0.00,0.00,0.00,18.00,0.00,534.00,6844.00,0.00,101003.73
7.29,0.00,0.00,0.00,18.00,0.00,532.00,6846.00,0.00,100201.03
7.30,0.00,0.00,0.00,18.00,0.00,529.00,6849.00,0.00,99423.15
7.31,0.00,0.00,0.00,18.00,0.00,524.00,6854.00,0.00,98637.90
7.31,0.00,0.00,0.00,18.00,0.00,520.00,6858.00,0.00,97860.92
7.32,0.00,0.00,0.00,18.00,0.00,516.00,6862.00,0.00,97091.52
7.33,0.00,0.00,0.00,18.00,0.00,512.00,6866.00,0.00,96329.01
7.33,0.00,0.00,0.00,18.00,0.00,510.00,6868.00,0.00,95602.86
7.34,0.00,0.00,0.00,18.00,0.00,500.00,6878.00,0.00,94789.70
7.35,0.00,0.00,0.00,18.00,0.00,492.00,6886.00,0.00,93927.17
7.35,0.00,0.00,0.00,18.00,0.00,487.00,6891.00,0.00,93064.62
7.36,0.00,0.00,0.00,18.00,0.00,483.00,6895.00,0.00,92217.10
7.37,0.00,0.00,0.00,18.00,0.00,475.00,6903.00,0.00,91323.18
7.38,0.00,0.00,0.00,18.00,0.00,470.00,6908.00,0.00,90431.99
7.38,0.00,0.00,0.00,18.00,0.00,460.00,6918.00,0.00,89468.17
7.39,0.00,0.00,0.00,18.00,0.00,453.00,6925.00,0.00,88483.11
7.40,0.00,0.00,0.00,18.00,0.00,448.00,6930.00,0.00,87508.71
7.40,0.00,0.00,0.00,18.00,0.00,444.00,6934.00,0.00,86559.07
7.41,0.00,0.00,0.00,18.00,0.00,439.00,6939.00,0.00,85617.00
7.42,0.00,0.00,0.00,18.00,0.00,434.00,6944.00,0.00,84681.84
7.42,0.00,0.00,0.00,18.00,0.00,428.00,6950.00,0.00,83737.98
7.43,0.00,0.00,0.00,18.00,0.00,428.00,6950.00,0.00,82876.31
7.44,0.00,0.00,0.00,18.00,0.00,423.00,6955.00,0.00,82014.55
7.44,0.00,0.00,0.00,18.00,0.00,417.00,6961.00,0.00,81137.69
7.45,0.00,0.00,0.00,18.00,0.00,413.00,6965.00,0.00,80277.09
7.46,0.00,0.00,0.00,18.00,0.00,409.00,6969.00,0.00,79431.34
7.47,0.00,0.00,0.00,18.00,0.00,403.00,6975.00,0.00,78569.09
7.47,0.00,0.00,0.00,18.00,0.00,397.00,6981.00,0.00,77691.79
7.48,0.00,0.00,0.00,18.00,0.00,394.00,6984.00,0.00,76845.81
7.49,0.00,0.00,0.00,18.00,0.00,390.00,6988.00,0.00,76013.40
7.49,0.00,0.00,0.00,18.00,0.00,387.00,6991.00,0.00,75208.40
7.50,0.00,0.00,0.00,18.00,0.00,384.00,6994.00,0.00,74428.43
7.51,0.00,0.00,0.00,18.00,0.00,379.00,6999.00,0.00,73641.26
7.51,0.00,0.00,0.00,18.00,0.00,378.00,7000.00,0.00,72907.61
7.52,0.00,0.00,0.00,18.00,0.00,370.00,7008.00,0.00,72117.66
7.53,0.00,0.00,0.00,18.00,0.00,362.00,7016.00,0.00,71276.32
7.53,0.00,0.00,0.00,18.00,0.00,360.00,7018.00,0.00,70478.18
7.54,0.00,0.00,0.00,18.00,0.00,354.00,7024.00,0.00,69659.41
7.55,0.00,0.00,0.00,18.00,0.00,352.00,7026.00,0.00,68881.88
7.56,0.00,0.00,0.00,18.00,0.00,347.00,7031.00,0.00,68096.94
7.56,0.00,0.00,0.00,18.00,0.00,341.00,7037.00,0.00,67290.22
7.57,0.00,0.00,0.00,18.00,0.00,339.00,7039.00,0.00,66523.69
7.58,0.00,0.00,0.00,18.00,0.00,335.00,7043.00,0.00,65763.82
7.58,0.00,0.00,0.00,18.00,0.00,333.00,7045.00,0.00,65040.07
7.59,0.00,0.00,0.00,18.00,0.00,324.00,7054.00,0.00,64244.13
7.60,0.00,0.00,0.00,18.00,0.00,321.00,7057.00,0.00,63472.43
7.60,0.00,0.00,0.00,18.00,0.00,318.00,7060.00,0.00,62722.85
7.61,0.00,0.00,0.00,18.00,0.00,313.00,7065.00,0.00,61963.43
7.62,0.00,0.00,0.00,18.00,0.00,311.00,7067.00,0.00,61240.10
7.62,0.00,0.00,0.00,18.00,0.00,303.00,7075.00,0.00,60459.56
7.63,0.00,0.00,0.00,18.00,0.00,301.00,7077.00,0.00,59716.94
7.64,0.00,0.00,0.00,18.00,0.00,298.00,7080.00,0.00,58993.92
7.65,0.00,0.00,0.00,18.00,0.00,297.00,7081.00,0.00,58318.83
7.65,0.00,0.00,0.00,18.00,0.00,293.00,7085.00,0.00,57642.43
7.66,0.00,0.00,0.00,18.00,0.00,289.00,7089.00,0.00,56964.84
7.67,0.00,0.00,0.00,18.00,0.00,283.00,7095.00,0.00,56256.11
7.67,0.00,0.00,0.00,18.00,0.00,278.00,7100.00,0.00,55533.98
7.68,0.00,0.00,0.00,18.00,0.00,277.00,7101.00,0.00,54859.71
7.69,0.00,0.00,0.00,18.00,0.00,274.00,7104.00,0.00,54199.08
7.69,0.00,0.00,0.00,18.00,0.00,274.00,7104.00,0.00,53595.97
7.70,0.00,0.00,0.00,18.00,0.00,267.00,7111.00,0.00,52940.22
7.71,0.00,0.00,0.00,18.00,0.00,266.00,7112.00,0.00,52326.55
7.72,0.00,0.00,0.00,18.00,0.00,259.00,7119.00,0.00,51661.15
7.72,0.00,0.00,0.00,18.00,0.00,251.00,7127.00,0.00,50933.51
7.73,0.00,0.00,0.00,18.00,0.00,249.00,7129.00,0.00,50239.18
7.74,0.00,0.00,0.00,18.00,0.00,248.00,7130.00,0.00,49590.28
7.74,0.00,0.00,0.00,18.00,0.00,247.00,7131.00,0.00,48982.87
7.75,0.00,0.00,0.00,18.00,0.00,244.00,7134.00,0.00,48383.28
7.76,0.00,0.00,0.00,18.00,0.00,238.00,7140.00,0.00,47745.76
7.76,0.00,0.00,0.00,18.00,0.00,231.00,7147.00,0.00,47058.59
7.77,0.00,0.00,0.00,18.00,0.00,231.00,7147.00,0.00,46431.25
7.78,0.00,0.00,0.00,18.00,0.00,231.00,7147.00,0.00,45858.55
7.78,0.00,0.00,0.00,18.00,0.00,228.00,7150.00,0.00,45290.64
7.79,0.00,0.00,0.00,18.00,0.00,222.00,7156.00,0.00,44682.04
7.80,0.00,0.00,0.00,18.00,0.00,220.00,7158.00,0.00,44096.40
7.81,0.00,0.00,0.00,18.00,0.00,217.00,7161.00,0.00,43516.67
7.81,0.00,0.00,0.00,18.00,0.00,216.00,7162.00,0.00,42972.41
7.82,0.00,0.00,0.00,18.00,0.00,215.00,7163.00,0.00,42460.51
7.83,0.00,0.00,0.00,18.00,0.00,209.00,7169.00,0.00,41903.05
7.83,0.00,0.00,0.00,18.00,0.00,203.00,7175.00,0.00,41304.00
7.84,0.00,0.00,0.00,18.00,0.00,199.00,7179.00,0.00,40697.01
7.85,0.00,0.00,0.00,18.00,0.00,198.00,7180.00,0.00,40127.85
7.85,0.00,0.00,0.00,18.00,0.00,194.00,7184.00,0.00,39548.17
7.86,0.00,0.00,0.00,18.00,0.00,191.00,7187.00,0.00,38973.89
7.87,0.00,0.00,0.00,18.00,0.00,187.00,7191.00,0.00,38389.52
7.88,0.00,0.00,0.00,18.00,0.00,183.00,7195.00,0.00,37795.94
7.88,0.00,0.00,0.00,18.00,0.00,179.00,7199.00,0.00,37193.96
7.89,0.00,0.00,0.00,18.00,0.00,178.00,7200.00,0.00,36629.37
7.90,0.00,0.00,0.00,18.00,0.00,174.00,7204.00,0.00,36053.86
7.90,0.00,0.00,0.00,18.00,0.00,171.00,7207.00,0.00,35483.38
7.91,0.00,0.00,0.00,18.00,0.00,170.00,7208.00,0.00,34947.56
7.92,0.00,0.00,0.00,18.00,0.00,167.00,7211.00,0.00,34413.33
7.92,0.00,0.00,0.00,18.00,0.00,163.00,7215.00,0.00,33865.52
7.93,0.00,0.00,0.00,18.00,0.00,161.00,7217.00,0.00,33335.37
7.94,0.00,0.00,0.00,18.00,0.00,160.00,7218.00,0.00,32836.36
7.94,0.00,0.00,0.00,18.00,0.00,158.00,7220.00,0.00,32350.75
7.95,0.00,0.00,0.00,18.00,0.00,154.00,7224.00,0.00,31847.34
7.96,0.00,0.00,0.00,18.00,0.00,152.00,7226.00,0.00,31357.71
7.97,0.00,0.00,0.00,18.00,0.00,149.00,7229.00,0.00,30865.65
7.97,0.00,0.00,0.00,18.00,0.00,147.00,7231.00,0.00,30386.39
7.98,0.00,0.00,0.00,18.00,0.00,142.00,7236.00,0.00,29873.75
7.99,0.00,0.00,0.00,18.00,0.00,141.00,7237.00,0.00,29390.72
7.99,0.00,0.00,0.00,18.00,0.00,140.00,7238.00,0.00,28934.73
8.00,0.00,0.00,0.00,18.00,0.00,138.00,7240.00,0.00,28488.40
8.01,0.00,0.00,0.00,18.00,0.00,137.00,7241.00,0.00,28065.91
8.01,0.00,0.00,0.00,18.00,0.00,135.00,7243.00,0.00,27650.17
8.02,0.00,0.00,0.00,18.00,0.00,134.00,7244.00,0.00,27255.60
8.03,0.00,0.00,0.00,18.00,0.00,132.00,7246.00,0.00,26865.34
8.03,0.00,0.00,0.00,18.00,0.00,130.00,7248.00,0.00,26479.02
8.04,0.00,0.00,0.00,18.00,0.00,126.00,7252.00,0.00,26066.25
8.05,0.00,0.00,0.00,18.00,0.00,123.00,7255.00,0.00,25644.34
8.06,0.00,0.00,0.00,18.00,0.00,119.00,7259.00,0.00,25199.09
8.06,0.00,0.00,0.00,18.00,0.00,116.00,7262.00,0.00,24747.53
8.07,0.00,0.00,0.00,18.00,0.00,111.00,7267.00,0.00,24260.18
8.08,0.00,0.00,0.00,18.00,0.00,108.00,7270.00,0.00,23770.20
8.08,0.00,0.00,0.00,18.00,0.00,108.00,7270.00,0.00,23322.88
8.09,0.00,0.00,0.00,18.00,0.00,106.00,7272.00,0.00,22884.47
8.10,0.00,0.00,0.00,18.00,0.00,106.00,7272.00,0.00,22484.23
8.10,0.00,0.00,0.00,18.00,0.00,105.00,7273.00,0.00,22103.82
8.11,0.00,0.00,0.00,18.00,0.00,103.00,7275.00,0.00,21726.49
8.12,0.00,0.00,0.00,18.00,0.00,100.00,7278.00,0.00,21336.95
8.12,0.00,0.00,0.00,18.00,0.00,96.00,7282.00,0.00,20921.23
8.13,0.00,0.00,0.00,18.00,0.00,89.00,7289.00,0.00,20436.55
8.14,0.00,0.00,0.00,18.00,0.00,89.00,7289.00,0.00,19994.07
8.15,0.00,0.00,0.00,18.00,0.00,89.00,7289.00,0.00,19590.13
8.15,0.00,0.00,0.00,18.00,0.00,88.00,7290.00,0.00,19206.33
8.16,0.00,0.00,0.00,18.00,0.00,88.00,7290.00,0.00,18855.96
8.17,0.00,0.00,0.00,18.00,0.00,82.00,7296.00,0.00,18445.95
8.17,0.00,0.00,0.00,18.00,0.00,79.00,7299.00,0.00,18026.58
8.18,0.00,0.00,0.00,18.00,0.00,77.00,7301.00,0.00,17613.67
8.19,0.00,0.00,0.00,18.00,0.00,76.00,7302.00,0.00,17221.70
8.19,0.00,0.00,0.00,18.00,0.00,70.00,7308.00,0.00,16773.72
8.20,0.00,0.00,0.00,18.00,0.00,68.00,7310.00,0.00,16334.71
8.21,0.00,0.00,0.00,18.00,0.00,67.00,7311.00,0.00,15918.89
8.22,0.00,0.00,0.00,18.00,0.00,66.00,7312.00,0.00,15524.27
8.22,0.00,0.00,0.00,18.00,0.00,65.00,7313.00,0.00,15148.98
8.23,0.00,0.00,0.00,18.00,0.00,61.00,7317.00,0.00,14746.27
8.24,0.00,0.00,0.00,18.00,0.00,59.00,7319.00,0.00,14348.59
8.24,0.00,0.00,0.00,18.00,0.00,58.00,7320.00,0.00,13970.51
8.25,0.00,0.00,0.00,18.00,0.00,53.00,7325.00,0.00,13550.24
8.26,0.00,0.00,0.00,18.00,0.00,52.00,7326.00,0.00,13151.54
8.26,0.00,0.00,0.00,18.00,0.00,51.00,7327.00,0.00,12772.54
8.27,0.00,0.00,0.00,18.00,0.00,50.00,7328.00,0.00,12411.51
8.28,0.00,0.00,0.00,18.00,0.00,50.00,7328.00,0.00,12081.92
8.28,0.00,0.00,0.00,18.00,0.00,50.00,7328.00,0.00,11781.03
8.29,0.00,0.00,0.00,18.00,0.00,46.00,7332.00,0.00,11446.25
8.30,0.00,0.00,0.00,18.00,0.00,46.00,7332.00,0.00,11140.62
8.31,0.00,0.00,0.00,18.00,0.00,44.00,7334.00,0.00,10831.56
8.31,0.00,0.00,0.00,18.00,0.00,44.00,7334.00,0.00,10549.41
8.32,0.00,0.00,0.00,18.00,0.00,44.00,7334.00,0.00,10291.82
8.33,0.00,0.00,0.00,18.00,0.00,44.00,7334.00,0.00,10056.67
8.33,0.00,0.00,0.00,18.00,0.00,44.00,7334.00,0.00,9841.99
8.34,0.00,0.00,0.00,18.00,0.00,43.00,7335.00,0.00,9630.98
8.35,0.00,0.00,0.00,18.00,0.00,42.00,7336.00,0.00,9423.33
8.35,0.00,0.00,0.00,18.00,0.00,40.00,7338.00,0.00,9203.71
8.36,0.00,0.00,0.00,18.00,0.00,40.00,7338.00,0.00,9003.21
8.37,0.00,0.00,0.00,18.00,0.00,39.00,7339.00,0.00,8805.15
8.38,0.00,0.00,0.00,18.00,0.00,39.00,7339.00,0.00,8624.33
8.38,0.00,0.00,0.00,18.00,0.00,38.00,7340.00,0.00,8444.24
8.39,0.00,0.00,0.00,18.00,0.00,38.00,7340.00,0.00,8279.83
8.40,0.00,0.00,0.00,18.00,0.00,38.00,7340.00,0.00,8129.73
8.40,0.00,0.00,0.00,18.00,0.00,38.00,7340.00,0.00,7992.70
8.41,0.00,0.00,0.00,18.00,0.00,37.00,7341.00,0.00,7852.59
8.42,0.00,0.00,0.00,18.00,0.00,34.00,7344.00,0.00,7679.60
8.42,0.00,0.00,0.00,18.00,0.00,34.00,7344.00,0.00,7521.68
8.43,0.00,0.00,0.00,18.00,0.00,32.00,7346.00,0.00,7347.46
8.44,0.00,0.00,0.00,18.00,0.00,29.00,7349.00,0.00,7143.34
8.44,0.00,0.00,0.00,18.00,0.00,29.00,7349.00,0.00,6957.00
8.45,0.00,0.00,0.00,18.00,0.00,29.00,7349.00,0.00,6786.88
8.46,0.00,0.00,0.00,18.00,0.00,29.00,7349.00,0.00,6631.58
8.47,0.00,0.00,0.00,18.00,0.00,28.00,7350.00,0.00,6474.77
8.47,0.00,0.00,0.00,18.00,0.00,27.00,7351.00,0.00,6316.60
8.48,0.00,0.00,0.00,18.00,0.00,26.00,7352.00,0.00,6157.18
8.49,0.00,0.00,0.00,18.00,0.00,26.00,7352.00,0.00,6011.64
8.49,0.00,0.00,0.00,18.00,0.00,26.00,7352.00,0.00,5878.77
8.50,0.00,0.00,0.00,18.00,0.00,25.00,7353.00,0.00,5742.45
8.51,0.00,0.00,0.00,18.00,0.00,22.00,7356.00,0.00,5572.93
8.51,0.00,0.00,0.00,18.00,0.00,21.00,7357.00,0.00,5403.14
8.52,0.00,0.00,0.00,18.00,0.00,19.00,7359.00,0.00,5218.10
8.53,0.00,0.00,0.00,18.00,0.00,19.00,7359.00,0.00,5049.17
8.53,0.00,0.00,0.00,18.00,0.00,19.00,7359.00,0.00,4894.94
8.54,0.00,0.00,0.00,18.00,0.00,19.00,7359.00,0.00,4754.15
8.55,0.00,0.00,0.00,18.00,0.00,18.00,7360.00,0.00,4610.59
8.56,0.00,0.00,0.00,18.00,0.00,17.00,7361.00,0.00,4464.51
8.56,0.00,0.00,0.00,18.00,0.00,17.00,7361.00,0.00,4331.16
8.57,0.00,0.00,0.00,18.00,0.00,16.00,7362.00,0.00,4194.39
8.58,0.00,0.00,0.00,18.00,0.00,16.00,7362.00,0.00,4069.53
8.58,0.00,0.00,0.00,18.00,0.00,16.00,7362.00,0.00,3955.54
8.59,0.00,0.00,0.00,18.00,0.00,16.00,7362.00,0.00,3851.47
8.60,0.00,0.00,0.00,18.00,0.00,16.00,7362.00,0.00,3756.47
8.60,0.00,0.00,0.00,18.00,0.00,16.00,7362.00,0.00,3669.74
8.61,0.00,0.00,0.00,18.00,0.00,16.00,7362.00,0.00,3590.57
8.62,0.00,0.00,0.00,18.00,0.00,15.00,7363.00,0.00,3503.26
8.62,0.00,0.00,0.00,18.00,0.00,15.00,7363.00,0.00,3423.56
8.63,0.00,0.00,0.00,18.00,0.00,15.00,7363.00,0.00,3350.80
8.64,0.00,0.00,0.00,18.00,0.00,15.00,7363.00,0.00,3284.37
8.65,0.00,0.00,0.00,18.00,0.00,15.00,7363.00,0.00,3223.73
8.65,0.00,0.00,0.00,18.00,0.00,15.00,7363.00,0.00,3168.36
8.66,0.00,0.00,0.00,18.00,0.00,15.00,7363.00,0.00,3117.82
8.67,0.00,0.00,0.00,18.00,0.00,15.00,7363.00,0.00,3071.68
8.67,0.00,0.00,0.00,18.00,0.00,15.00,7363.00,0.00,3029.56
8.68,0.00,0.00,0.00,18.00,0.00,15.00,7363.00,0.00,2991.10
8.69,0.00,0.00,0.00,18.00,0.00,15.00,7363.00,0.00,2956.00
8.69,0.00,0.00,0.00,18.00,0.00,15.00,7363.00,0.00,2923.95
8.70,0.00,0.00,0.00,18.00,0.00,15.00,7363.00,0.00,2894.69
8.71,0.00,0.00,0.00,18.00,0.00,15.00,7363.00,0.00,2867.98
8.72,0.00,0.00,0.00,18.00,0.00,15.00,7363.00,0.00,2843.59
8.72,0.00,0.00,0.00,18.00,0.00,15.00,7363.00,0.00,2821.33
8.73,0.00,0.00,0.00,18.00,0.00,14.00,7364.00,0.00,2785.98
8.74,0.00,0.00,0.00,18.00,0.00,14.00,7364.00,0.00,2753.71
8.74,0.00,0.00,0.00,18.00,0.00,14.00,7364.00,0.00,2724.26
8.75,0.00,0.00,0.00,18.00,0.00,14.00,7364.00,0.00,2697.36
8.76,0.00,0.00,0.00,18.00,0.00,14.00,7364.00,0.00,2672.81
