Time,U,AI1,AI2,AD,BI2,BI2,BD,VA,VB
0.00,7395.00,0.00,0.00,0.00,1.00,0.00,0.00,75.00,75.00
0.01,7394.00,1.00,0.00,0.00,1.00,0.00,0.00,68.52,68.47
0.01,7392.00,1.00,0.00,0.00,3.00,0.00,0.00,62.60,62.51
0.02,7389.00,3.00,0.00,0.00,4.00,0.00,0.00,57.19,57.06
0.03,7389.00,3.00,0.00,0.00,3.00,1.00,0.00,52.25,67.12
0.03,7389.00,3.00,0.00,0.00,3.00,1.00,0.00,47.73,76.30
0.04,7389.00,3.00,0.00,0.00,3.00,1.00,0.00,43.61,84.68
0.05,7388.00,4.00,0.00,0.00,3.00,1.00,0.00,39.84,92.33
0.06,7386.00,5.00,0.00,0.00,3.00,2.00,0.00,36.40,114.33
0.06,7384.00,5.00,0.00,0.00,5.00,2.00,0.00,33.25,134.42
0.07,7382.00,5.00,0.00,0.00,7.00,2.00,0.00,30.38,152.77
0.08,7378.00,5.00,0.00,0.00,11.00,2.00,0.00,27.75,169.51
0.08,7376.00,5.00,0.00,0.00,13.00,2.00,0.00,25.36,184.80
0.09,7374.00,5.00,0.00,0.00,15.00,2.00,0.00,23.17,198.75
0.10,7374.00,5.00,0.00,0.00,15.00,2.00,0.00,21.16,211.49
0.10,7374.00,5.00,0.00,0.00,15.00,2.00,0.00,19.34,223.12
0.11,7373.00,5.00,0.00,0.00,14.00,4.00,0.00,17.66,263.78
0.12,7373.00,5.00,0.00,0.00,14.00,4.00,0.00,16.14,300.91
0.12,7373.00,4.00,1.00,0.00,14.00,4.00,0.00,1517.06,334.80
0.13,7354.00,22.00,1.00,0.00,14.00,5.00,0.00,2888.29,380.76
0.14,7340.00,35.00,1.00,0.00,15.00,5.00,0.00,4141.03,422.72
0.15,7321.00,51.00,1.00,0.00,17.00,6.00,0.00,5285.53,476.05
0.15,7303.00,69.00,1.00,0.00,17.00,5.00,1.00,6331.13,509.71
0.16,7284.00,82.00,3.00,1.00,20.00,5.00,1.00,10291.02,540.45
0.17,7237.00,125.00,3.00,1.00,23.00,6.00,1.00,13908.74,583.53
0.17,7202.00,153.00,8.00,1.00,23.00,8.00,1.00,24725.43,652.90
0.18,7144.00,199.00,15.00,1.00,27.00,9.00,1.00,45123.67,731.26
0.19,7066.00,265.00,23.00,1.00,30.00,10.00,1.00,75777.86,817.81
0.19,6972.00,349.00,29.00,1.00,34.00,10.00,1.00,112797.18,896.83
0.20,6871.00,440.00,37.00,1.00,35.00,11.00,1.00,158636.26,983.99
0.21,6791.00,502.00,52.00,1.00,37.00,12.00,1.00,223049.21,1078.59
0.22,6688.00,579.00,75.00,2.00,37.00,14.00,1.00,316449.61,1194.99
0.22,6530.00,711.00,94.00,3.00,42.00,15.00,1.00,430323.47,1316.29
0.23,6364.00,850.00,114.00,3.00,48.00,16.00,1.00,564404.05,1442.04
0.24,6209.00,975.00,137.00,5.00,52.00,16.00,2.00,721452.27,1556.84
0.24,6059.00,1094.00,162.00,8.00,54.00,17.00,2.00,902488.18,1676.67
0.25,5840.00,1274.00,193.00,10.00,57.00,20.00,2.00,1114452.97,1831.14
0.26,5627.00,1436.00,235.00,12.00,61.00,23.00,2.00,1371199.58,2017.22
0.26,5364.00,1643.00,283.00,13.00,66.00,24.00,3.00,1677872.40,2202.12
0.27,5138.00,1805.00,338.00,18.00,67.00,26.00,4.00,2040673.65,2400.97
0.28,4886.00,1995.00,390.00,23.00,71.00,27.00,4.00,2450246.46,2597.53
0.28,4611.00,2213.00,440.00,27.00,71.00,30.00,4.00,2899544.80,2822.04
0.29,4347.00,2405.00,504.00,31.00,73.00,31.00,5.00,3406168.45,3042.03
0.30,4046.00,2639.00,561.00,36.00,78.00,31.00,5.00,3954647.89,3242.86
0.31,3828.00,2755.00,655.00,41.00,76.00,35.00,6.00,4596952.08,3486.29
0.31,3579.00,2917.00,728.00,49.00,81.00,35.00,7.00,5293425.26,3708.53
0.32,3270.00,3131.00,812.00,56.00,85.00,34.00,8.00,6055912.28,3896.39
0.33,3004.00,3283.00,916.00,62.00,88.00,32.00,11.00,6908755.30,4037.85
0.33,2691.00,3500.00,1002.00,70.00,87.00,35.00,11.00,7817105.30,4212.06
0.34,2411.00,3667.00,1109.00,73.00,87.00,38.00,11.00,8807714.61,4416.17
0.35,2162.00,3801.00,1212.00,83.00,87.00,39.00,12.00,9867466.11,4617.53
0.35,1835.00,4027.00,1306.00,87.00,88.00,38.00,15.00,10976864.66,4786.33
0.36,1548.00,4196.00,1407.00,98.00,92.00,38.00,17.00,12142136.51,4940.43
0.37,1313.00,4304.00,1518.00,108.00,98.00,38.00,17.00,13373476.95,5081.12
0.38,1121.00,4372.00,1632.00,113.00,101.00,39.00,18.00,14669684.02,5224.58
0.38,889.00,4465.00,1765.00,117.00,101.00,40.00,19.00,16053696.82,5370.57
0.39,717.00,4511.00,1879.00,122.00,105.00,42.00,20.00,17489384.32,5533.89
0.40,558.00,4547.00,1993.00,129.00,103.00,46.00,20.00,18972281.46,5743.09
0.40,429.00,4531.00,2121.00,140.00,107.00,47.00,21.00,20519341.27,5949.09
0.41,303.00,4513.00,2257.00,147.00,102.00,53.00,21.00,22137038.17,6227.29
0.42,220.00,4470.00,2370.00,156.00,101.00,58.00,21.00,23784715.35,6556.38
0.42,142.00,4409.00,2502.00,160.00,99.00,62.00,22.00,25488326.29,6916.91
0.43,87.00,4338.00,2619.00,168.00,98.00,61.00,25.00,27220503.03,7231.03
0.44,54.00,4246.00,2735.00,175.00,98.00,62.00,26.00,28977275.11,7532.81
0.44,34.00,4158.00,2832.00,186.00,97.00,59.00,30.00,30727973.41,7763.25
0.45,16.00,4068.00,2934.00,192.00,94.00,60.00,32.00,32480634.21,7988.64
0.46,1.00,3974.00,3029.00,205.00,91.00,63.00,33.00,34224571.79,8239.48
0.47,1.00,3862.00,3129.00,217.00,87.00,67.00,33.00,35968051.44,8528.57
0.47,0.00,3752.00,3233.00,224.00,83.00,68.00,36.00,37717122.02,8807.51
0.48,0.00,3664.00,3311.00,234.00,78.00,70.00,39.00,39432240.13,9092.20
0.49,0.00,3573.00,3393.00,243.00,75.00,70.00,42.00,41122348.88,9352.11
0.49,0.00,3470.00,3491.00,248.00,73.00,69.00,45.00,42813646.47,9574.36
0.50,0.00,3361.00,3590.00,258.00,70.00,72.00,45.00,44507532.27,9822.33
0.51,0.00,3266.00,3681.00,262.00,69.00,72.00,46.00,46191763.95,10048.71
0.51,0.00,3173.00,3765.00,271.00,64.00,73.00,50.00,47856659.94,10270.39
0.52,0.00,3087.00,3840.00,282.00,61.00,73.00,53.00,49490369.83,10472.78
0.53,0.00,2979.00,3941.00,289.00,59.00,74.00,54.00,51134648.63,10672.56
0.53,0.00,2886.00,4029.00,294.00,57.00,76.00,54.00,52769053.05,10884.99
0.54,0.00,2804.00,4102.00,303.00,57.00,76.00,54.00,54371901.51,11078.93
0.55,0.00,2722.00,4177.00,310.00,57.00,75.00,55.00,55948925.35,11240.95
0.56,0.00,2649.00,4237.00,323.00,56.00,75.00,56.00,57479821.22,11388.87
0.56,0.00,2567.00,4315.00,327.00,56.00,73.00,58.00,58995616.74,11493.86
0.57,0.00,2491.00,4381.00,337.00,55.00,73.00,59.00,60479588.85,11589.71
0.58,0.00,2415.00,4445.00,349.00,55.00,71.00,61.00,61931482.68,11647.17
0.58,0.00,2356.00,4501.00,352.00,54.00,71.00,62.00,63342051.46,11699.62
0.59,0.00,2284.00,4562.00,363.00,54.00,69.00,64.00,64722377.60,11717.46
0.60,0.00,2229.00,4612.00,368.00,51.00,72.00,64.00,66058548.75,11778.81
0.60,0.00,2166.00,4672.00,371.00,50.00,71.00,66.00,67369403.54,11819.80
0.61,0.00,2113.00,4718.00,378.00,48.00,72.00,67.00,68636096.82,11872.25
0.62,0.00,2062.00,4763.00,384.00,48.00,71.00,68.00,69860942.51,11905.10
0.62,0.00,2004.00,4811.00,394.00,44.00,74.00,69.00,71052063.24,11980.16
0.63,0.00,1949.00,4862.00,398.00,42.00,71.00,74.00,72216880.15,12003.62
0.64,0.00,1891.00,4911.00,407.00,42.00,69.00,76.00,73354661.44,11994.99
0.65,0.00,1841.00,4954.00,414.00,42.00,66.00,79.00,74458729.40,11942.04
0.65,0.00,1791.00,4996.00,422.00,39.00,69.00,79.00,75530494.57,11938.77
0.66,0.00,1734.00,5048.00,427.00,38.00,68.00,81.00,76587771.45,11920.76
0.67,0.00,1687.00,5088.00,434.00,37.00,68.00,82.00,77613784.39,11904.32
0.67,0.00,1640.00,5123.00,446.00,36.00,68.00,83.00,78603722.81,11889.31
0.68,0.00,1603.00,5156.00,450.00,34.00,69.00,84.00,79557699.53,11890.63
0.69,0.00,1553.00,5196.00,460.00,34.00,66.00,87.00,80489338.00,11846.77
0.69,0.00,1510.00,5235.00,464.00,34.00,65.00,88.00,81399066.09,11791.70
0.70,0.00,1467.00,5272.00,470.00,33.00,64.00,90.00,82285772.50,11726.41
0.71,0.00,1434.00,5297.00,478.00,32.00,65.00,90.00,83133418.38,11681.82
0.72,0.00,1396.00,5329.00,484.00,31.00,62.00,94.00,83955895.50,11596.05
0.72,0.00,1356.00,5362.00,491.00,30.00,62.00,95.00,84756880.52,11517.75
0.73,0.00,1304.00,5408.00,497.00,29.00,63.00,95.00,85557761.04,11461.28
0.74,0.00,1274.00,5433.00,502.00,29.00,62.00,96.00,86326997.20,11394.71
0.74,0.00,1229.00,5469.00,511.00,28.00,61.00,98.00,87083848.65,11318.92
0.75,0.00,1199.00,5490.00,520.00,28.00,61.00,98.00,87806851.28,11249.72
0.76,0.00,1164.00,5521.00,524.00,27.00,61.00,99.00,88513952.80,11186.55
0.76,0.00,1131.00,5551.00,527.00,27.00,59.00,101.00,89205024.85,11098.84
0.77,0.00,1105.00,5568.00,536.00,27.00,57.00,103.00,89861922.60,10988.71
0.78,0.00,1079.00,5586.00,544.00,23.00,61.00,103.00,90489100.86,10948.27
0.78,0.00,1045.00,5617.00,547.00,22.00,62.00,103.00,91108657.71,10926.37
0.79,0.00,1016.00,5639.00,554.00,21.00,63.00,103.00,91707731.17,10921.40
0.80,0.00,992.00,5656.00,561.00,20.00,62.00,105.00,92280579.64,10901.84
0.81,0.00,965.00,5675.00,569.00,19.00,62.00,106.00,92832473.65,10883.99
0.81,0.00,942.00,5690.00,577.00,19.00,62.00,106.00,93359214.71,10867.69
0.82,0.00,916.00,5706.00,587.00,18.00,61.00,108.00,93864478.26,10837.78
0.83,0.00,891.00,5723.00,595.00,18.00,59.00,110.00,94351622.59,10780.44
0.83,0.00,868.00,5734.00,607.00,17.00,58.00,112.00,94813199.68,10713.06
0.84,0.00,849.00,5749.00,611.00,17.00,57.00,113.00,95257427.61,10636.53
0.85,0.00,833.00,5760.00,616.00,17.00,55.00,115.00,95679796.14,10536.61
0.85,0.00,806.00,5782.00,621.00,17.00,54.00,116.00,96098719.97,10430.37
0.86,0.00,777.00,5804.00,628.00,17.00,53.00,117.00,96514496.63,10318.36
0.87,0.00,757.00,5815.00,637.00,16.00,54.00,117.00,96910872.45,10231.13
0.88,0.00,742.00,5824.00,643.00,16.00,52.00,119.00,97286519.19,10121.45
0.88,0.00,723.00,5834.00,652.00,15.00,52.00,120.00,97644730.42,10021.31
0.89,0.00,704.00,5849.00,656.00,15.00,52.00,120.00,97994524.11,9929.90
0.90,0.00,676.00,5870.00,663.00,15.00,52.00,120.00,98345641.75,9846.45
0.90,0.00,657.00,5883.00,669.00,15.00,51.00,121.00,98685950.08,9755.24
0.91,0.00,643.00,5893.00,673.00,15.00,51.00,121.00,99011876.38,9671.97
0.92,0.00,629.00,5901.00,679.00,15.00,51.00,121.00,99321658.82,9595.95
0.92,0.00,615.00,5909.00,685.00,13.00,53.00,121.00,99616692.18,9556.60
0.93,0.00,599.00,5917.00,693.00,13.00,51.00,123.00,99898250.90,9490.63
0.94,0.00,586.00,5915.00,708.00,13.00,51.00,123.00,100152476.42,9430.40
0.94,0.00,576.00,5916.00,717.00,12.00,52.00,123.00,100386237.10,9390.44
0.95,0.00,563.00,5919.00,727.00,12.00,51.00,124.00,100604306.02,9338.94
0.96,0.00,548.00,5926.00,735.00,12.00,49.00,126.00,100814048.20,9261.87
0.97,0.00,534.00,5929.00,746.00,12.00,48.00,127.00,101010174.43,9176.50
0.97,0.00,524.00,5931.00,754.00,12.00,48.00,127.00,101192358.22,9098.55
0.98,0.00,509.00,5940.00,760.00,12.00,45.00,130.00,101372320.85,8982.33
0.99,0.00,498.00,5943.00,768.00,11.00,46.00,130.00,101541240.16,8891.25
0.99,0.00,487.00,5947.00,775.00,11.00,46.00,130.00,101701572.85,8808.10
1.00,0.00,471.00,5957.00,781.00,11.00,45.00,131.00,101863074.62,8717.16
1.01,0.00,450.00,5968.00,791.00,11.00,45.00,131.00,102027146.99,8634.15
1.01,0.00,442.00,5968.00,799.00,11.00,45.00,131.00,102177042.44,8558.36
1.02,0.00,435.00,5966.00,808.00,11.00,45.00,131.00,102310981.27,8489.17
1.03,0.00,419.00,5974.00,816.00,11.00,42.00,134.00,102445364.79,8380.94
1.03,0.00,407.00,5978.00,824.00,11.00,42.00,134.00,102574146.36,8282.13
1.04,0.00,396.00,5982.00,831.00,11.00,39.00,137.00,102697809.21,8146.86
1.05,0.00,388.00,5985.00,836.00,10.00,38.00,139.00,102815293.36,8008.34
1.06,0.00,371.00,5995.00,843.00,10.00,38.00,139.00,102937649.51,7881.89
1.06,0.00,360.00,6001.00,848.00,10.00,37.00,140.00,103058446.94,7751.42
1.07,0.00,349.00,6009.00,851.00,10.00,36.00,141.00,103180824.95,7617.29
1.08,0.00,336.00,6016.00,857.00,9.00,35.00,143.00,103303144.96,7479.81
1.08,0.00,329.00,6015.00,865.00,9.00,35.00,143.00,103413393.36,7354.31
1.09,0.00,320.00,6015.00,874.00,9.00,35.00,143.00,103514115.31,7239.74
1.10,0.00,308.00,6021.00,880.00,8.00,36.00,143.00,103615148.13,7150.16
1.10,0.00,298.00,6026.00,885.00,8.00,36.00,143.00,103714962.51,7068.39
1.11,0.00,290.00,6026.00,893.00,8.00,36.00,143.00,103806151.93,6993.73
1.12,0.00,277.00,6028.00,904.00,8.00,35.00,144.00,103892466.44,6910.55
1.12,0.00,270.00,6026.00,913.00,8.00,34.00,145.00,103968318.60,6819.60
1.13,0.00,262.00,6029.00,918.00,8.00,34.00,145.00,104042122.93,6736.56
1.14,0.00,249.00,6032.00,928.00,7.00,34.00,146.00,104114057.52,6660.75
1.15,0.00,242.00,6030.00,937.00,7.00,34.00,146.00,104176771.22,6591.55
1.15,0.00,232.00,6033.00,944.00,6.00,32.00,149.00,104238573.21,6498.32
1.16,0.00,225.00,6027.00,957.00,5.00,33.00,149.00,104286021.20,6428.24
1.17,0.00,220.00,6024.00,965.00,5.00,32.00,150.00,104324862.71,6349.23
1.17,0.00,215.00,6023.00,971.00,5.00,31.00,151.00,104358845.16,6262.08
1.18,0.00,212.00,6019.00,978.00,5.00,30.00,152.00,104383882.35,6167.50
1.19,0.00,204.00,6020.00,985.00,4.00,31.00,152.00,104408258.28,6096.17
1.19,0.00,200.00,6016.00,993.00,4.00,31.00,152.00,104424518.67,6031.06
1.20,0.00,195.00,6015.00,999.00,4.00,30.00,153.00,104437871.68,5956.59
1.21,0.00,192.00,6008.00,1009.00,4.00,28.00,155.00,104439554.72,5858.56
1.22,0.00,185.00,6009.00,1015.00,4.00,26.00,157.00,104442595.04,5739.02
1.22,0.00,179.00,6006.00,1024.00,4.00,26.00,157.00,104440865.45,5629.89
1.23,0.00,173.00,6003.00,1033.00,4.00,26.00,157.00,104434778.49,5530.27
1.24,0.00,165.00,6000.00,1044.00,4.00,26.00,157.00,104424710.32,5439.31
1.24,0.00,157.00,5996.00,1056.00,4.00,26.00,157.00,104409503.06,5356.28
1.25,0.00,153.00,5990.00,1066.00,3.00,27.00,157.00,104386595.70,5295.50
1.26,0.00,150.00,5986.00,1073.00,2.00,28.00,157.00,104359658.72,5255.04
1.26,0.00,147.00,5981.00,1081.00,2.00,27.00,158.00,104327537.55,5203.07
1.27,0.00,142.00,5982.00,1085.00,2.00,27.00,158.00,104299694.20,5155.64
1.28,0.00,139.00,5971.00,1099.00,2.00,26.00,159.00,104257731.14,5097.30
1.28,0.00,133.00,5970.00,1106.00,2.00,26.00,159.00,104217891.81,5044.05
1.29,0.00,133.00,5963.00,1113.00,2.00,26.00,159.00,104170979.17,4995.44
1.30,0.00,128.00,5959.00,1122.00,2.00,26.00,159.00,104122110.23,4951.06
1.31,0.00,124.00,5959.00,1126.00,2.00,26.00,159.00,104077464.25,4910.54
1.31,0.00,122.00,5951.00,1136.00,2.00,25.00,160.00,104024656.98,4858.53
1.32,0.00,117.00,5950.00,1142.00,2.00,25.00,160.00,103974910.74,4811.04
1.33,0.00,115.00,5946.00,1148.00,2.00,24.00,161.00,103923453.85,4752.67
1.33,0.00,114.00,5941.00,1154.00,2.00,23.00,162.00,103868931.51,4684.36
1.34,0.00,110.00,5938.00,1161.00,2.00,23.00,162.00,103814613.27,4622.00
1.35,0.00,109.00,5929.00,1171.00,2.00,21.00,164.00,103751467.92,4535.02
1.35,0.00,108.00,5926.00,1175.00,2.00,21.00,164.00,103689271.56,4455.61
1.36,0.00,104.00,5924.00,1181.00,2.00,21.00,164.00,103629445.08,4383.12
1.37,0.00,101.00,5922.00,1186.00,2.00,21.00,164.00,103571783.45,4316.94
1.38,0.00,95.00,5919.00,1195.00,2.00,21.00,164.00,103514597.11,4256.52
1.38,0.00,92.00,5914.00,1203.00,2.00,20.00,165.00,103454840.85,4186.35
1.39,0.00,88.00,5908.00,1213.00,2.00,20.00,165.00,103391233.84,4122.28
1.40,0.00,83.00,5906.00,1220.00,2.00,19.00,166.00,103330118.37,4048.77
1.40,0.00,78.00,5904.00,1227.00,2.00,19.00,166.00,103271279.40,3981.65
1.41,0.00,75.00,5898.00,1236.00,2.00,19.00,166.00,103208510.16,3920.39
1.42,0.00,72.00,5895.00,1242.00,2.00,18.00,167.00,103146658.03,3849.43
1.42,0.00,72.00,5886.00,1251.00,2.00,17.00,168.00,103076629.59,3769.63
1.43,0.00,72.00,5874.00,1263.00,2.00,16.00,169.00,102994624.19,3681.76
1.44,0.00,68.00,5873.00,1268.00,2.00,16.00,169.00,102918202.28,3601.53
1.44,0.00,66.00,5867.00,1276.00,2.00,16.00,169.00,102839370.36,3528.30
1.45,0.00,64.00,5864.00,1281.00,2.00,15.00,170.00,102762842.91,3446.41
1.46,0.00,60.00,5861.00,1288.00,2.00,15.00,170.00,102688421.14,3371.66
1.47,0.00,58.00,5854.00,1297.00,2.00,15.00,170.00,102609913.76,3303.42
1.47,0.00,55.00,5847.00,1307.00,2.00,15.00,170.00,102527673.55,3241.11
1.48,0.00,54.00,5838.00,1317.00,2.00,15.00,170.00,102439018.97,3184.24
1.49,0.00,53.00,5833.00,1323.00,2.00,15.00,170.00,102350513.17,3132.31
1.49,0.00,52.00,5830.00,1327.00,2.00,13.00,172.00,102265147.81,3054.87
1.50,0.00,48.00,5817.00,1344.00,2.00,13.00,172.00,102167628.62,2984.16
1.51,0.00,48.00,5804.00,1357.00,2.00,13.00,172.00,102059005.81,2919.61
1.51,0.00,48.00,5796.00,1365.00,2.00,12.00,173.00,101947750.11,2845.66
1.52,0.00,47.00,5788.00,1374.00,2.00,12.00,173.00,101834089.72,2778.15
1.53,0.00,45.00,5784.00,1380.00,2.00,10.00,175.00,101724241.14,2686.47
1.53,0.00,45.00,5777.00,1387.00,2.00,10.00,175.00,101613367.94,2602.77
1.54,0.00,43.00,5775.00,1391.00,2.00,9.00,176.00,101509070.48,2511.34
1.55,0.00,41.00,5773.00,1395.00,2.00,8.00,177.00,101410780.29,2412.85
1.56,0.00,40.00,5764.00,1405.00,2.00,8.00,177.00,101307462.34,2322.93
1.56,0.00,38.00,5756.00,1415.00,2.00,8.00,177.00,101201053.49,2240.85
1.57,0.00,36.00,5752.00,1421.00,2.00,8.00,177.00,101097829.55,2165.91
1.58,0.00,35.00,5746.00,1428.00,2.00,8.00,177.00,100994511.28,2097.49
1.58,0.00,34.00,5739.00,1436.00,2.00,8.00,177.00,100889604.19,2035.04
1.59,0.00,34.00,5733.00,1442.00,2.00,7.00,178.00,100784747.93,1963.00
1.60,0.00,33.00,5725.00,1451.00,2.00,7.00,178.00,100676933.76,1897.23
1.60,0.00,31.00,5721.00,1457.00,2.00,7.00,178.00,100572426.15,1837.19
1.61,0.00,31.00,5715.00,1463.00,2.00,7.00,178.00,100467935.07,1782.37
1.62,0.00,31.00,5706.00,1472.00,2.00,6.00,179.00,100358951.93,1717.31
1.62,0.00,30.00,5694.00,1485.00,2.00,6.00,179.00,100241358.02,1657.91
1.63,0.00,29.00,5683.00,1497.00,2.00,6.00,179.00,100117399.59,1603.69
1.64,0.00,28.00,5673.00,1508.00,2.00,5.00,180.00,99989129.07,1539.16
1.65,0.00,27.00,5668.00,1514.00,2.00,5.00,180.00,99864430.54,1480.25
1.65,0.00,26.00,5660.00,1523.00,2.00,5.00,180.00,99738488.05,1426.47
1.66,0.00,26.00,5655.00,1528.00,2.00,5.00,180.00,99615916.54,1377.38
1.67,0.00,24.00,5649.00,1536.00,2.00,5.00,180.00,99494922.34,1332.56
1.67,0.00,23.00,5643.00,1543.00,2.00,5.00,180.00,99375369.06,1291.64
1.68,0.00,22.00,5641.00,1546.00,2.00,5.00,180.00,99263141.35,1254.28
1.69,0.00,22.00,5635.00,1552.00,2.00,5.00,180.00,99151597.30,1220.18
1.69,0.00,21.00,5630.00,1558.00,2.00,5.00,180.00,99042179.81,1189.05
1.70,0.00,21.00,5620.00,1568.00,1.00,6.00,180.00,98927193.64,1175.65
1.71,0.00,20.00,5614.00,1575.00,1.00,6.00,180.00,98813129.26,1163.42
1.72,0.00,20.00,5607.00,1582.00,1.00,6.00,180.00,98698404.46,1152.25
1.72,0.00,20.00,5601.00,1588.00,1.00,6.00,180.00,98584578.95,1142.06
1.73,0.00,19.00,5592.00,1598.00,1.00,6.00,180.00,98467068.26,1132.75
1.74,0.00,19.00,5585.00,1605.00,1.00,6.00,180.00,98349195.05,1124.25
1.74,0.00,18.00,5574.00,1617.00,1.00,5.00,181.00,98224981.53,1101.47
1.75,0.00,18.00,5567.00,1624.00,1.00,5.00,181.00,98100984.73,1080.68
1.76,0.00,18.00,5562.00,1629.00,1.00,5.00,181.00,97980190.73,1061.69
1.76,0.00,18.00,5558.00,1633.00,1.00,5.00,181.00,97863824.94,1044.36
1.77,0.00,18.00,5553.00,1638.00,1.00,5.00,181.00,97750002.32,1028.54
1.78,0.00,18.00,5545.00,1646.00,1.00,5.00,181.00,97633996.48,1014.09
1.78,0.00,18.00,5536.00,1655.00,1.00,5.00,181.00,97514493.78,1000.90
1.79,0.00,18.00,5531.00,1660.00,1.00,5.00,181.00,97397805.25,988.86
1.80,0.00,17.00,5522.00,1670.00,1.00,5.00,181.00,97277678.80,977.87
1.81,0.00,17.00,5505.00,1687.00,1.00,5.00,181.00,97142392.83,967.84
1.81,0.00,16.00,5497.00,1696.00,1.00,5.00,181.00,97006778.00,958.68
1.82,0.00,16.00,5488.00,1705.00,1.00,5.00,181.00,96869360.42,950.32
1.83,0.00,16.00,5481.00,1712.00,1.00,5.00,181.00,96733300.64,942.68
1.83,0.00,16.00,5476.00,1717.00,1.00,5.00,181.00,96601485.73,935.71
1.84,0.00,15.00,5470.00,1724.00,1.00,5.00,181.00,96472046.72,929.35
1.85,0.00,14.00,5460.00,1735.00,1.00,5.00,181.00,96338769.17,923.54
1.85,0.00,14.00,5457.00,1738.00,1.00,5.00,181.00,96212500.91,918.24
1.86,0.00,14.00,5452.00,1743.00,1.00,5.00,181.00,96089631.78,913.40
1.87,0.00,13.00,5443.00,1753.00,1.00,5.00,181.00,95963858.75,908.98
1.88,0.00,13.00,5437.00,1759.00,1.00,5.00,181.00,95839939.22,904.94
1.88,0.00,13.00,5435.00,1761.00,1.00,5.00,181.00,95723722.63,901.26
1.89,0.00,13.00,5430.00,1766.00,1.00,5.00,181.00,95610036.75,897.90
1.90,0.00,13.00,5424.00,1772.00,1.00,5.00,181.00,95497159.84,894.83
1.90,0.00,13.00,5421.00,1775.00,1.00,5.00,181.00,95389529.87,892.03
1.91,0.00,13.00,5412.00,1784.00,1.00,5.00,181.00,95277678.94,889.47
1.92,0.00,13.00,5408.00,1788.00,1.00,5.00,181.00,95169483.40,887.13
1.92,0.00,13.00,5400.00,1796.00,0.00,6.00,181.00,95058618.38,900.02
1.93,0.00,12.00,5395.00,1802.00,0.00,6.00,181.00,94949821.46,911.79
1.94,0.00,12.00,5392.00,1805.00,0.00,6.00,181.00,94845918.24,922.53
1.94,0.00,12.00,5381.00,1816.00,0.00,6.00,181.00,94734467.59,932.34
1.95,0.00,12.00,5373.00,1824.00,0.00,6.00,181.00,94620628.54,941.30
1.96,0.00,12.00,5363.00,1834.00,0.00,6.00,181.00,94501602.91,949.47
1.97,0.00,10.00,5356.00,1843.00,0.00,6.00,181.00,94382345.84,956.93
1.97,0.00,10.00,5347.00,1852.00,0.00,6.00,181.00,94259872.67,963.75
1.98,0.00,10.00,5336.00,1863.00,0.00,6.00,181.00,94131456.60,969.97
1.99,0.00,9.00,5328.00,1872.00,0.00,6.00,181.00,94002118.22,975.64
1.99,0.00,9.00,5323.00,1877.00,0.00,6.00,181.00,93876444.15,980.83
2.00,0.00,9.00,5310.00,1890.00,0.00,6.00,181.00,93742098.96,985.56
2.01,0.00,9.00,5298.00,1902.00,0.00,6.00,181.00,93601334.75,989.88
2.01,0.00,8.00,5294.00,1907.00,0.00,6.00,181.00,93466724.34,993.82
2.02,0.00,8.00,5290.00,1911.00,0.00,6.00,181.00,93337735.58,997.42
2.03,0.00,7.00,5282.00,1920.00,0.00,6.00,181.00,93207874.22,1000.71
2.03,0.00,6.00,5275.00,1928.00,0.00,6.00,181.00,93078717.77,1003.71
2.04,0.00,6.00,5264.00,1939.00,0.00,6.00,181.00,92944195.93,1006.45
2.05,0.00,5.00,5263.00,1941.00,0.00,6.00,181.00,92819795.50,1008.95
2.06,0.00,5.00,5259.00,1945.00,0.00,5.00,182.00,92700134.79,996.21
2.06,0.00,5.00,5251.00,1953.00,0.00,5.00,182.00,92578795.28,984.58
2.07,0.00,5.00,5239.00,1965.00,0.00,5.00,182.00,92449912.71,973.96
2.08,0.00,5.00,5235.00,1969.00,0.00,5.00,182.00,92326157.19,964.27
2.08,0.00,5.00,5225.00,1979.00,0.00,5.00,182.00,92198071.89,955.42
2.09,0.00,5.00,5214.00,1990.00,0.00,5.00,182.00,92064528.82,947.34
2.10,0.00,5.00,5209.00,1995.00,0.00,5.00,182.00,91935013.04,939.97
2.10,0.00,5.00,5193.00,2011.00,0.00,5.00,182.00,91792651.36,933.23
2.11,0.00,5.00,5185.00,2019.00,0.00,5.00,182.00,91650572.53,927.09
2.12,0.00,5.00,5170.00,2034.00,0.00,5.00,182.00,91498235.45,921.48
2.12,0.00,5.00,5166.00,2038.00,0.00,5.00,182.00,91353052.60,916.35
2.13,0.00,5.00,5159.00,2045.00,0.00,5.00,182.00,91209898.21,911.68
2.14,0.00,5.00,5149.00,2055.00,0.00,5.00,182.00,91064090.20,907.41
2.15,0.00,5.00,5143.00,2061.00,0.00,4.00,183.00,90921867.37,888.49
2.15,0.00,5.00,5135.00,2069.00,0.00,4.00,183.00,90779915.11,871.21
2.16,0.00,5.00,5130.00,2074.00,0.00,4.00,183.00,90642717.09,855.44
2.17,0.00,5.00,5121.00,2083.00,0.00,4.00,183.00,90503853.15,841.05
2.17,0.00,5.00,5116.00,2088.00,0.00,4.00,183.00,90369476.74,827.90
2.18,0.00,5.00,5104.00,2100.00,0.00,4.00,183.00,90228683.48,815.91
2.19,0.00,5.00,5096.00,2108.00,0.00,4.00,183.00,90088037.39,804.95
2.19,0.00,5.00,5087.00,2117.00,0.00,4.00,183.00,89946023.45,794.95
2.20,0.00,5.00,5078.00,2126.00,0.00,4.00,183.00,89802759.62,785.82
2.21,0.00,5.00,5072.00,2132.00,0.00,4.00,183.00,89662860.89,777.49
2.22,0.00,5.00,5061.00,2143.00,0.00,4.00,183.00,89518524.98,769.88
2.22,0.00,5.00,5056.00,2148.00,0.00,4.00,183.00,89379149.10,762.94
2.23,0.00,5.00,5046.00,2158.00,0.00,4.00,183.00,89236793.73,756.60
2.24,0.00,5.00,5035.00,2169.00,0.00,4.00,183.00,89090213.29,750.81
2.24,0.00,5.00,5024.00,2180.00,0.00,4.00,183.00,88939772.87,745.52
2.25,0.00,5.00,5013.00,2191.00,0.00,4.00,183.00,88785806.16,740.70
2.26,0.00,4.00,5009.00,2196.00,0.00,4.00,183.00,88639134.05,736.29
2.26,0.00,4.00,4993.00,2212.00,0.00,4.00,183.00,88481098.62,732.27
2.27,0.00,4.00,4989.00,2216.00,0.00,4.00,183.00,88330709.36,728.60
2.28,0.00,4.00,4977.00,2228.00,0.00,4.00,183.00,88175287.16,725.25
2.28,0.00,4.00,4971.00,2234.00,0.00,4.00,183.00,88024280.79,722.19
2.29,0.00,4.00,4959.00,2246.00,0.00,4.00,183.00,87868294.57,719.40
2.30,0.00,4.00,4951.00,2254.00,0.00,4.00,183.00,87713768.18,716.85
2.31,0.00,4.00,4945.00,2260.00,0.00,3.00,184.00,87563580.33,699.50
2.31,0.00,4.00,4935.00,2270.00,0.00,3.00,184.00,87411346.72,683.66
2.32,0.00,4.00,4928.00,2277.00,0.00,3.00,184.00,87261750.81,669.20
2.33,0.00,3.00,4921.00,2285.00,0.00,3.00,184.00,87114565.04,655.99
2.33,0.00,3.00,4914.00,2292.00,0.00,3.00,184.00,86969580.91,643.94
2.34,0.00,3.00,4911.00,2295.00,0.00,3.00,184.00,86832617.80,632.94
2.35,0.00,3.00,4907.00,2299.00,0.00,3.00,184.00,86701479.86,622.90
2.35,0.00,3.00,4901.00,2305.00,0.00,3.00,184.00,86572659.48,613.73
2.36,0.00,2.00,4895.00,2312.00,0.00,3.00,184.00,86445956.03,605.35
2.37,0.00,2.00,4892.00,2315.00,0.00,3.00,184.00,86325694.08,597.71
2.38,0.00,2.00,4884.00,2323.00,0.00,3.00,184.00,86203804.82,590.73
2.38,0.00,2.00,4876.00,2331.00,0.00,3.00,184.00,86080429.49,584.37
2.39,0.00,2.00,4872.00,2335.00,0.00,3.00,184.00,85961705.23,578.55
2.40,0.00,2.00,4864.00,2343.00,0.00,3.00,184.00,85841221.20,573.24
2.40,0.00,2.00,4858.00,2349.00,0.00,3.00,184.00,85722133.95,568.40
2.41,0.00,2.00,4852.00,2355.00,0.00,3.00,184.00,85604322.83,563.97
2.42,0.00,2.00,4842.00,2365.00,0.00,3.00,184.00,85481668.39,559.93
2.42,0.00,2.00,4830.00,2377.00,0.00,3.00,184.00,85351584.53,556.25
2.43,0.00,2.00,4821.00,2386.00,0.00,3.00,184.00,85219220.23,552.88
2.44,0.00,2.00,4809.00,2398.00,0.00,3.00,184.00,85080265.26,549.81
2.44,0.00,2.00,4803.00,2404.00,0.00,3.00,184.00,84944302.98,547.00
2.45,0.00,2.00,4798.00,2409.00,0.00,3.00,184.00,84812577.75,544.44
2.46,0.00,2.00,4793.00,2414.00,0.00,3.00,184.00,84684722.66,542.10
2.47,0.00,2.00,4790.00,2417.00,0.00,3.00,184.00,84563408.47,539.97
2.47,0.00,2.00,4785.00,2422.00,0.00,2.00,185.00,84445064.92,522.99
2.48,0.00,2.00,4775.00,2432.00,0.00,2.00,185.00,84321924.41,507.50
2.49,0.00,2.00,4771.00,2436.00,0.00,2.00,185.00,84203414.71,493.36
2.49,0.00,2.00,4764.00,2443.00,0.00,2.00,185.00,84084629.14,480.44
2.50,0.00,2.00,4755.00,2452.00,0.00,2.00,185.00,83962586.32,468.65
2.51,0.00,2.00,4748.00,2459.00,0.00,2.00,185.00,83840572.89,457.89
2.51,0.00,2.00,4737.00,2470.00,0.00,2.00,185.00,83712577.00,448.07
2.52,0.00,2.00,4732.00,2475.00,0.00,2.00,185.00,83588129.26,439.10
2.53,0.00,2.00,4724.00,2483.00,0.00,2.00,185.00,83462416.41,430.91
2.53,0.00,2.00,4715.00,2492.00,0.00,2.00,185.00,83334045.20,423.43
2.54,0.00,2.00,4700.00,2507.00,0.00,2.00,185.00,83194231.33,416.61
2.55,0.00,2.00,4694.00,2513.00,0.00,2.00,185.00,83057484.63,410.38
2.56,0.00,2.00,4688.00,2519.00,0.00,2.00,185.00,82923539.66,404.69
2.56,0.00,2.00,4682.00,2525.00,0.00,2.00,185.00,82792155.05,399.50
2.57,0.00,2.00,4678.00,2529.00,0.00,2.00,185.00,82666113.85,394.76
2.58,0.00,2.00,4670.00,2537.00,0.00,2.00,185.00,82538944.88,390.43
2.58,0.00,2.00,4665.00,2542.00,0.00,2.00,185.00,82415252.90,386.48
2.59,0.00,2.00,4656.00,2551.00,0.00,2.00,185.00,82288727.80,382.87
2.60,0.00,2.00,4651.00,2556.00,0.00,2.00,185.00,82165623.91,379.58
2.60,0.00,2.00,4639.00,2568.00,0.00,1.00,186.00,82035129.59,361.55
2.61,0.00,2.00,4620.00,2587.00,0.00,1.00,186.00,81887366.93,345.09
2.62,0.00,2.00,4611.00,2596.00,0.00,0.00,187.00,81738851.15,315.04
2.62,0.00,2.00,4606.00,2601.00,0.00,0.00,187.00,81595656.58,287.61
2.63,0.00,1.00,4600.00,2608.00,0.00,0.00,187.00,81455821.11,262.57
2.64,0.00,1.00,4587.00,2621.00,0.00,0.00,187.00,81308538.63,239.70
2.65,0.00,1.00,4576.00,2632.00,0.00,0.00,187.00,81157456.91,218.83
2.65,0.00,1.00,4564.00,2644.00,0.00,0.00,187.00,81001402.47,199.77
2.66,0.00,1.00,4557.00,2651.00,0.00,0.00,187.00,80848315.43,182.38
2.67,0.00,1.00,4552.00,2656.00,0.00,0.00,187.00,80700944.87,166.50
2.67,0.00,1.00,4543.00,2665.00,0.00,0.00,187.00,80552787.56,152.00
2.68,0.00,1.00,4536.00,2672.00,0.00,0.00,187.00,80406916.01,138.76
2.69,0.00,1.00,4529.00,2679.00,0.00,0.00,187.00,80263132.53,126.68
2.69,0.00,1.00,4522.00,2686.00,0.00,0.00,187.00,80121256.87,115.65
2.70,0.00,1.00,4512.00,2696.00,0.00,0.00,187.00,79976617.28,105.58
2.71,0.00,1.00,4506.00,2702.00,0.00,0.00,187.00,79835461.75,96.39
2.72,0.00,1.00,4498.00,2710.00,0.00,0.00,187.00,79694484.55,87.99
2.72,0.00,1.00,4487.00,2721.00,0.00,0.00,187.00,79549163.41,80.33
2.73,0.00,1.00,4480.00,2728.00,0.00,0.00,187.00,79405883.00,73.34
2.74,0.00,1.00,4471.00,2737.00,0.00,0.00,187.00,79261462.13,66.95
2.74,0.00,1.00,4466.00,2742.00,0.00,0.00,187.00,79122008.84,61.12
2.75,0.00,1.00,4458.00,2750.00,0.00,0.00,187.00,78982587.19,55.80
2.76,0.00,1.00,4450.00,2758.00,0.00,0.00,187.00,78843193.62,50.94
2.76,0.00,1.00,4445.00,2763.00,0.00,0.00,187.00,78708333.11,46.50
2.77,0.00,1.00,4436.00,2772.00,0.00,0.00,187.00,78571605.29,42.45
2.78,0.00,1.00,4429.00,2779.00,0.00,0.00,187.00,78436175.02,38.76
2.78,0.00,1.00,4418.00,2790.00,0.00,0.00,187.00,78295921.52,35.38
2.79,0.00,1.00,4411.00,2797.00,0.00,0.00,187.00,78157271.05,32.30
2.80,0.00,1.00,4403.00,2805.00,0.00,0.00,187.00,78018582.23,29.49
2.81,0.00,1.00,4399.00,2809.00,0.00,0.00,187.00,77885867.97,26.92
2.81,0.00,1.00,4392.00,2816.00,0.00,0.00,187.00,77754105.19,24.58
2.82,0.00,1.00,4387.00,2821.00,0.00,0.00,187.00,77626216.17,22.44
2.83,0.00,1.00,4381.00,2827.00,0.00,0.00,187.00,77500363.94,20.48
2.83,0.00,1.00,4372.00,2836.00,0.00,0.00,187.00,77371865.24,18.70
2.84,0.00,0.00,4369.00,2840.00,0.00,0.00,187.00,77249962.89,17.07
2.85,0.00,0.00,4358.00,2851.00,0.00,0.00,187.00,77122068.54,15.59
2.85,0.00,0.00,4346.00,2863.00,0.00,0.00,187.00,76987197.17,14.23
2.86,0.00,0.00,4335.00,2874.00,0.00,0.00,187.00,76847454.53,12.99
2.87,0.00,0.00,4330.00,2879.00,0.00,0.00,187.00,76712274.82,11.86
2.88,0.00,0.00,4325.00,2884.00,0.00,0.00,187.00,76581264.25,10.83
2.88,0.00,0.00,4322.00,2887.00,0.00,0.00,187.00,76457067.09,9.88
2.89,0.00,0.00,4318.00,2891.00,0.00,0.00,187.00,76337592.43,9.02
2.90,0.00,0.00,4309.00,2900.00,0.00,0.00,187.00,76214920.31,8.24
2.90,0.00,0.00,4300.00,2909.00,0.00,0.00,187.00,76089327.34,7.52
2.91,0.00,0.00,4296.00,2913.00,0.00,0.00,187.00,75968577.07,6.86
2.92,0.00,0.00,4288.00,2921.00,0.00,0.00,187.00,75846241.90,6.27
2.92,0.00,0.00,4281.00,2928.00,0.00,0.00,187.00,75723961.52,5.72
2.93,0.00,0.00,4273.00,2936.00,0.00,0.00,187.00,75600228.38,5.22
2.94,0.00,0.00,4266.00,2943.00,0.00,0.00,187.00,75476670.83,4.77
2.94,0.00,0.00,4259.00,2950.00,0.00,0.00,187.00,75353273.11,4.35
2.95,0.00,0.00,4258.00,2951.00,0.00,0.00,187.00,75239035.67,3.97
2.96,0.00,0.00,4247.00,2962.00,0.00,0.00,187.00,75118143.66,3.63
2.97,0.00,0.00,4242.00,2967.00,0.00,0.00,187.00,75000186.32,3.31
2.97,0.00,0.00,4231.00,2978.00,0.00,0.00,187.00,74875895.79,3.02
2.98,0.00,0.00,4222.00,2987.00,0.00,0.00,187.00,74748823.98,2.76
2.99,0.00,0.00,4215.00,2994.00,0.00,0.00,187.00,74622216.04,2.52
2.99,0.00,0.00,4209.00,3000.00,0.00,0.00,187.00,74497534.15,2.30
3.00,0.00,0.00,4200.00,3009.00,0.00,0.00,187.00,74370104.71,2.10
3.01,0.00,0.00,4193.00,3016.00,0.00,0.00,187.00,74243170.10,1.92
3.01,0.00,0.00,4186.00,3023.00,0.00,0.00,187.00,74116687.45,1.75
3.02,0.00,0.00,4176.00,3033.00,0.00,0.00,187.00,73986110.60,1.60
3.03,0.00,0.00,4172.00,3037.00,0.00,0.00,187.00,73860807.55,1.46
3.03,0.00,0.00,4166.00,3043.00,0.00,0.00,187.00,73737317.58,1.33
3.04,0.00,0.00,4157.00,3052.00,0.00,0.00,187.00,73610977.16,1.22
3.05,0.00,0.00,4147.00,3062.00,0.00,0.00,187.00,73480530.50,1.11
3.06,0.00,0.00,4139.00,3070.00,0.00,0.00,187.00,73349336.91,1.01
3.06,0.00,0.00,4130.00,3079.00,0.00,0.00,187.00,73215958.45,0.93
3.07,0.00,0.00,4116.00,3093.00,0.00,0.00,187.00,73073072.75,0.84
3.08,0.00,0.00,4110.00,3099.00,0.00,0.00,187.00,72933519.48,0.77
3.08,0.00,0.00,4099.00,3110.00,0.00,0.00,187.00,72789499.43,0.70
3.09,0.00,0.00,4088.00,3121.00,0.00,0.00,187.00,72641398.11,0.64
3.10,0.00,0.00,4080.00,3129.00,0.00,0.00,187.00,72494075.54,0.59
3.10,0.00,0.00,4073.00,3136.00,0.00,0.00,187.00,72348966.24,0.54
3.11,0.00,0.00,4069.00,3140.00,0.00,0.00,187.00,72210386.50,0.49
3.12,0.00,0.00,4066.00,3143.00,0.00,0.00,187.00,72079274.13,0.45
3.12,0.00,0.00,4061.00,3148.00,0.00,0.00,187.00,71951979.19,0.41
3.13,0.00,0.00,4055.00,3154.00,0.00,0.00,187.00,71826669.72,0.37
3.14,0.00,0.00,4047.00,3162.00,0.00,0.00,187.00,71700169.36,0.34
3.15,0.00,0.00,4039.00,3170.00,0.00,0.00,187.00,71572581.47,0.31
3.15,0.00,0.00,4028.00,3181.00,0.00,0.00,187.00,71439492.41,0.28
3.16,0.00,0.00,4020.00,3189.00,0.00,0.00,187.00,71305884.88,0.26
3.17,0.00,0.00,4009.00,3200.00,0.00,0.00,187.00,71167296.43,0.24
3.17,0.00,0.00,4001.00,3208.00,0.00,0.00,187.00,71028664.62,0.22
3.18,0.00,0.00,3990.00,3219.00,0.00,0.00,187.00,70885486.08,0.20
3.19,0.00,0.00,3984.00,3225.00,0.00,0.00,187.00,70745665.52,0.18
3.19,0.00,0.00,3980.00,3229.00,0.00,0.00,187.00,70611916.89,0.16
3.20,0.00,0.00,3970.00,3239.00,0.00,0.00,187.00,70474702.45,0.15
3.21,0.00,0.00,3963.00,3246.00,0.00,0.00,187.00,70338828.17,0.14
3.22,0.00,0.00,3955.00,3254.00,0.00,0.00,187.00,70202675.67,0.12
3.22,0.00,0.00,3950.00,3259.00,0.00,0.00,187.00,70070776.43,0.11
3.23,0.00,0.00,3941.00,3268.00,0.00,0.00,187.00,69936753.42,0.10
3.24,0.00,0.00,3932.00,3277.00,0.00,0.00,187.00,69800789.92,0.09
3.24,0.00,0.00,3926.00,3283.00,0.00,0.00,187.00,69667561.10,0.09
3.25,0.00,0.00,3919.00,3290.00,0.00,0.00,187.00,69535327.86,0.08
3.26,0.00,0.00,3915.00,3294.00,0.00,0.00,187.00,69408511.63,0.07
3.26,0.00,0.00,3911.00,3298.00,0.00,0.00,187.00,69286643.88,0.07
3.27,0.00,0.00,3905.00,3304.00,0.00,0.00,187.00,69166292.69,0.06
3.28,0.00,0.00,3895.00,3314.00,0.00,0.00,187.00,69041317.43,0.05
3.28,0.00,0.00,3887.00,3322.00,0.00,0.00,187.00,68915122.57,0.05
3.29,0.00,0.00,3877.00,3332.00,0.00,0.00,187.00,68784808.56,0.05
3.30,0.00,0.00,3873.00,3336.00,0.00,0.00,187.00,68659745.51,0.04
3.31,0.00,0.00,3862.00,3347.00,0.00,0.00,187.00,68528963.43,0.04
3.31,0.00,0.00,3855.00,3354.00,0.00,0.00,187.00,68398965.64,0.03
3.32,0.00,0.00,3846.00,3363.00,0.00,0.00,187.00,68266679.86,0.03
3.33,0.00,0.00,3839.00,3370.00,0.00,0.00,187.00,68135308.65,0.03
3.33,0.00,0.00,3832.00,3377.00,0.00,0.00,187.00,68004772.62,0.03
3.34,0.00,0.00,3825.00,3384.00,0.00,0.00,187.00,67874999.58,0.02
3.35,0.00,0.00,3820.00,3389.00,0.00,0.00,187.00,67748928.47,0.02
3.35,0.00,0.00,3812.00,3397.00,0.00,0.00,187.00,67621732.22,0.02
3.36,0.00,0.00,3802.00,3407.00,0.00,0.00,187.00,67490503.54,0.02
3.37,0.00,0.00,3795.00,3414.00,0.00,0.00,187.00,67360097.90,0.02
3.38,0.00,0.00,3787.00,3422.00,0.00,0.00,187.00,67228941.72,0.02
3.38,0.00,0.00,3781.00,3428.00,0.00,0.00,187.00,67100104.54,0.01
3.39,0.00,0.00,3774.00,3435.00,0.00,0.00,187.00,66971883.54,0.01
3.40,0.00,0.00,3768.00,3441.00,0.00,0.00,187.00,66845728.16,0.01
3.40,0.00,0.00,3757.00,3452.00,0.00,0.00,187.00,66713947.87,0.01
3.41,0.00,0.00,3752.00,3457.00,0.00,0.00,187.00,66586042.78,0.01
3.42,0.00,0.00,3743.00,3466.00,0.00,0.00,187.00,66455669.12,0.01
3.42,0.00,0.00,3735.00,3474.00,0.00,0.00,187.00,66324542.04,0.01
3.43,0.00,0.00,3729.00,3480.00,0.00,0.00,187.00,66195731.30,0.01
3.44,0.00,0.00,3725.00,3484.00,0.00,0.00,187.00,66072041.74,0.01
3.44,0.00,0.00,3721.00,3488.00,0.00,0.00,187.00,65953030.71,0.01
3.45,0.00,0.00,3712.00,3497.00,0.00,0.00,187.00,65830782.36,0.01
3.46,0.00,0.00,3710.00,3499.00,0.00,0.00,187.00,65716092.15,0.01
3.47,0.00,0.00,3701.00,3508.00,0.00,0.00,187.00,65597791.61,0.00
3.47,0.00,0.00,3695.00,3514.00,0.00,0.00,187.00,65480699.15,0.00
3.48,0.00,0.00,3685.00,3524.00,0.00,0.00,187.00,65358701.18,0.00
3.49,0.00,0.00,3680.00,3529.00,0.00,0.00,187.00,65239733.26,0.00
3.49,0.00,0.00,3676.00,3533.00,0.00,0.00,187.00,65125035.69,0.00
3.50,0.00,0.00,3665.00,3544.00,0.00,0.00,187.00,65003723.33,0.00
3.51,0.00,0.00,3658.00,3551.00,0.00,0.00,187.00,64882377.10,0.00
3.51,0.00,0.00,3648.00,3561.00,0.00,0.00,187.00,64756493.08,0.00
3.52,0.00,0.00,3640.00,3569.00,0.00,0.00,187.00,64629467.86,0.00
3.53,0.00,0.00,3634.00,3575.00,0.00,0.00,187.00,64504404.67,0.00
3.53,0.00,0.00,3627.00,3582.00,0.00,0.00,187.00,64379631.69,0.00
3.54,0.00,0.00,3615.00,3594.00,0.00,0.00,187.00,64247612.25,0.00
3.55,0.00,0.00,3606.00,3603.00,0.00,0.00,187.00,64113479.39,0.00
3.56,0.00,0.00,3595.00,3614.00,0.00,0.00,187.00,63974411.35,0.00
3.56,0.00,0.00,3592.00,3617.00,0.00,0.00,187.00,63842852.81,0.00
3.57,0.00,0.00,3583.00,3626.00,0.00,0.00,187.00,63709141.21,0.00
3.58,0.00,0.00,3576.00,3633.00,0.00,0.00,187.00,63576466.93,0.00
3.58,0.00,0.00,3567.00,3642.00,0.00,0.00,187.00,63441735.91,0.00
3.59,0.00,0.00,3560.00,3649.00,0.00,0.00,187.00,63308130.57,0.00
3.60,0.00,0.00,3547.00,3662.00,0.00,0.00,187.00,63166539.53,0.00
3.60,0.00,0.00,3539.00,3670.00,0.00,0.00,187.00,63025164.55,0.00
3.61,0.00,0.00,3532.00,3677.00,0.00,0.00,187.00,62885489.37,0.00
3.62,0.00,0.00,3527.00,3682.00,0.00,0.00,187.00,62750371.43,0.00
3.62,0.00,0.00,3525.00,3684.00,0.00,0.00,187.00,62623924.13,0.00
3.63,0.00,0.00,3519.00,3690.00,0.00,0.00,187.00,62499389.12,0.00
3.64,0.00,0.00,3514.00,3695.00,0.00,0.00,187.00,62378103.00,0.00
3.65,0.00,0.00,3507.00,3702.00,0.00,0.00,187.00,62256780.74,0.00
3.65,0.00,0.00,3505.00,3704.00,0.00,0.00,187.00,62142937.20,0.00
3.66,0.00,0.00,3501.00,3708.00,0.00,0.00,187.00,62032921.15,0.00
3.67,0.00,0.00,3497.00,3712.00,0.00,0.00,187.00,61926402.25,0.00
3.67,0.00,0.00,3491.00,3718.00,0.00,0.00,187.00,61820073.22,0.00
3.68,0.00,0.00,3484.00,3725.00,0.00,0.00,187.00,61712415.87,0.00
3.69,0.00,0.00,3478.00,3731.00,0.00,0.00,187.00,61605046.92,0.00
3.69,0.00,0.00,3474.00,3735.00,0.00,0.00,187.00,61500946.23,0.00
3.70,0.00,0.00,3467.00,3742.00,0.00,0.00,187.00,61395324.54,0.00
3.71,0.00,0.00,3460.00,3749.00,0.00,0.00,187.00,61288312.99,0.00
3.72,0.00,0.00,3453.00,3756.00,0.00,0.00,187.00,61180032.03,0.00
3.72,0.00,0.00,3447.00,3762.00,0.00,0.00,187.00,61072093.39,0.00
3.73,0.00,0.00,3436.00,3773.00,0.00,0.00,187.00,60956956.02,0.00
3.74,0.00,0.00,3429.00,3780.00,0.00,0.00,187.00,60841251.31,0.00
3.74,0.00,0.00,3420.00,3789.00,0.00,0.00,187.00,60722023.43,0.00
3.75,0.00,0.00,3413.00,3796.00,0.00,0.00,187.00,60602581.39,0.00
3.76,0.00,0.00,3406.00,3803.00,0.00,0.00,187.00,60482943.95,0.00
3.76,0.00,0.00,3402.00,3807.00,0.00,0.00,187.00,60367634.82,0.00
3.77,0.00,0.00,3393.00,3816.00,0.00,0.00,187.00,60248768.56,0.00
3.78,0.00,0.00,3387.00,3822.00,0.00,0.00,187.00,60131159.22,0.00
3.78,0.00,0.00,3381.00,3828.00,0.00,0.00,187.00,60014698.36,0.00
3.79,0.00,0.00,3376.00,3833.00,0.00,0.00,187.00,59900789.06,0.00
3.80,0.00,0.00,3369.00,3840.00,0.00,0.00,187.00,59786206.24,0.00
3.81,0.00,0.00,3359.00,3850.00,0.00,0.00,187.00,59666500.90,0.00
3.81,0.00,0.00,3353.00,3856.00,0.00,0.00,187.00,59548125.34,0.00
3.82,0.00,0.00,3347.00,3862.00,0.00,0.00,187.00,59430964.29,0.00
3.83,0.00,0.00,3340.00,3869.00,0.00,0.00,187.00,59313410.78,0.00
3.83,0.00,0.00,3331.00,3878.00,0.00,0.00,187.00,59192493.78,0.00
3.84,0.00,0.00,3324.00,3885.00,0.00,0.00,187.00,59071508.67,0.00
3.85,0.00,0.00,3316.00,3893.00,0.00,0.00,187.00,58948959.18,0.00
3.85,0.00,0.00,3308.00,3901.00,0.00,0.00,187.00,58824980.46,0.00
3.86,0.00,0.00,3299.00,3910.00,0.00,0.00,187.00,58698193.28,0.00
3.87,0.00,0.00,3292.00,3917.00,0.00,0.00,187.00,58571845.50,0.00
3.88,0.00,0.00,3286.00,3923.00,0.00,0.00,187.00,58447401.21,0.00
3.88,0.00,0.00,3278.00,3931.00,0.00,0.00,187.00,58321691.29,0.00
3.89,0.00,0.00,3267.00,3942.00,0.00,0.00,187.00,58190318.20,0.00
3.90,0.00,0.00,3261.00,3948.00,0.00,0.00,187.00,58061283.07,0.00
3.90,0.00,0.00,3253.00,3956.00,0.00,0.00,187.00,57931378.83,0.00
3.91,0.00,0.00,3247.00,3962.00,0.00,0.00,187.00,57803685.44,0.00
3.92,0.00,0.00,3239.00,3970.00,0.00,0.00,187.00,57675007.36,0.00
3.92,0.00,0.00,3232.00,3977.00,0.00,0.00,187.00,57546931.66,0.00
3.93,0.00,0.00,3227.00,3982.00,0.00,0.00,187.00,57422411.16,0.00
3.94,0.00,0.00,3220.00,3989.00,0.00,0.00,187.00,57298133.85,0.00
3.94,0.00,0.00,3216.00,3993.00,0.00,0.00,187.00,57178585.78,0.00
3.95,0.00,0.00,3204.00,4005.00,0.00,0.00,187.00,57051339.93,0.00
3.96,0.00,0.00,3195.00,4014.00,0.00,0.00,187.00,56921568.37,0.00
3.97,0.00,0.00,3188.00,4021.00,0.00,0.00,187.00,56792493.73,0.00
3.97,0.00,0.00,3182.00,4027.00,0.00,0.00,187.00,56665558.11,0.00
3.98,0.00,0.00,3177.00,4032.00,0.00,0.00,187.00,56542079.25,0.00
3.99,0.00,0.00,3169.00,4040.00,0.00,0.00,187.00,56417251.34,0.00
3.99,0.00,0.00,3167.00,4042.00,0.00,0.00,187.00,56300204.99,0.00
4.00,0.00,0.00,3163.00,4046.00,0.00,0.00,187.00,56187262.95,0.00
4.01,0.00,0.00,3156.00,4053.00,0.00,0.00,187.00,56073563.88,0.00
4.01,0.00,0.00,3147.00,4062.00,0.00,0.00,187.00,55956168.33,0.00
4.02,0.00,0.00,3134.00,4075.00,0.00,0.00,187.00,55829386.61,0.00
4.03,0.00,0.00,3123.00,4086.00,0.00,0.00,187.00,55697034.30,0.00
4.03,0.00,0.00,3116.00,4093.00,0.00,0.00,187.00,55565602.01,0.00
4.04,0.00,0.00,3108.00,4101.00,0.00,0.00,187.00,55433508.02,0.00
4.05,0.00,0.00,3098.00,4111.00,0.00,0.00,187.00,55297804.64,0.00
4.06,0.00,0.00,3090.00,4119.00,0.00,0.00,187.00,55161808.70,0.00
4.06,0.00,0.00,3080.00,4129.00,0.00,0.00,187.00,55022540.53,0.00
4.07,0.00,0.00,3073.00,4136.00,0.00,0.00,187.00,54884790.17,0.00
4.08,0.00,0.00,3064.00,4145.00,0.00,0.00,187.00,54745421.43,0.00
4.08,0.00,0.00,3053.00,4156.00,0.00,0.00,187.00,54601569.86,0.00
4.09,0.00,0.00,3047.00,4162.00,0.00,0.00,187.00,54461134.28,0.00
4.10,0.00,0.00,3040.00,4169.00,0.00,0.00,187.00,54322317.24,0.00
4.10,0.00,0.00,3034.00,4175.00,0.00,0.00,187.00,54186480.88,0.00
4.11,0.00,0.00,3022.00,4187.00,0.00,0.00,187.00,54044354.22,0.00
4.12,0.00,0.00,3016.00,4193.00,0.00,0.00,187.00,53905494.51,0.00
4.12,0.00,0.00,3009.00,4200.00,0.00,0.00,187.00,53768117.24,0.00
4.13,0.00,0.00,3006.00,4203.00,0.00,0.00,187.00,53638103.45,0.00
4.14,0.00,0.00,2997.00,4212.00,0.00,0.00,187.00,53505802.87,0.00
4.15,0.00,0.00,2990.00,4219.00,0.00,0.00,187.00,53374417.88,0.00
4.15,0.00,0.00,2982.00,4227.00,0.00,0.00,187.00,53242367.11,0.00
4.16,0.00,0.00,2974.00,4235.00,0.00,0.00,187.00,53109707.98,0.00
4.17,0.00,0.00,2965.00,4244.00,0.00,0.00,187.00,52974990.69,0.00
4.17,0.00,0.00,2959.00,4250.00,0.00,0.00,187.00,52842900.12,0.00
4.18,0.00,0.00,2951.00,4258.00,0.00,0.00,187.00,52710204.49,0.00
4.19,0.00,0.00,2940.00,4269.00,0.00,0.00,187.00,52572449.50,0.00
4.19,0.00,0.00,2934.00,4275.00,0.00,0.00,187.00,52437583.61,0.00
4.20,0.00,0.00,2924.00,4285.00,0.00,0.00,187.00,52299348.18,0.00
4.21,0.00,0.00,2920.00,4289.00,0.00,0.00,187.00,52167048.03,0.00
4.22,0.00,0.00,2917.00,4292.00,0.00,0.00,187.00,52041672.72,0.00
4.22,0.00,0.00,2908.00,4301.00,0.00,0.00,187.00,51913609.72,0.00
4.23,0.00,0.00,2901.00,4308.00,0.00,0.00,187.00,51786096.23,0.00
4.24,0.00,0.00,2894.00,4315.00,0.00,0.00,187.00,51659084.82,0.00
4.24,0.00,0.00,2888.00,4321.00,0.00,0.00,187.00,51534034.22,0.00
4.25,0.00,0.00,2880.00,4329.00,0.00,0.00,187.00,51407770.30,0.00
4.26,0.00,0.00,2878.00,4331.00,0.00,0.00,187.00,51289411.93,0.00
4.26,0.00,0.00,2873.00,4336.00,0.00,0.00,187.00,51173769.04,0.00
4.27,0.00,0.00,2866.00,4343.00,0.00,0.00,187.00,51057602.26,0.00
4.28,0.00,0.00,2861.00,4348.00,0.00,0.00,187.00,50943961.74,0.00
4.28,0.00,0.00,2853.00,4356.00,0.00,0.00,187.00,50828122.13,0.00
4.29,0.00,0.00,2844.00,4365.00,0.00,0.00,187.00,50708771.07,0.00
4.30,0.00,0.00,2837.00,4372.00,0.00,0.00,187.00,50589216.59,0.00
4.31,0.00,0.00,2828.00,4381.00,0.00,0.00,187.00,50466471.68,0.00
4.31,0.00,0.00,2824.00,4385.00,0.00,0.00,187.00,50348323.60,0.00
4.32,0.00,0.00,2819.00,4390.00,0.00,0.00,187.00,50232872.90,0.00
4.33,0.00,0.00,2816.00,4393.00,0.00,0.00,187.00,50122891.08,0.00
4.33,0.00,0.00,2806.00,4403.00,0.00,0.00,187.00,50007389.30,0.00
4.34,0.00,0.00,2798.00,4411.00,0.00,0.00,187.00,49889849.22,0.00
4.35,0.00,0.00,2793.00,4416.00,0.00,0.00,187.00,49774954.00,0.00
4.35,0.00,0.00,2785.00,4424.00,0.00,0.00,187.00,49657968.05,0.00
4.36,0.00,0.00,2781.00,4428.00,0.00,0.00,187.00,49545081.28,0.00
4.37,0.00,0.00,2776.00,4433.00,0.00,0.00,187.00,49434437.17,0.00
4.38,0.00,0.00,2772.00,4437.00,0.00,0.00,187.00,49327344.33,0.00
4.38,0.00,0.00,2769.00,4440.00,0.00,0.00,187.00,49224998.09,0.00
4.39,0.00,0.00,2765.00,4444.00,0.00,0.00,187.00,49125486.26,0.00
4.40,0.00,0.00,2756.00,4453.00,0.00,0.00,187.00,49021052.08,0.00
4.40,0.00,0.00,2751.00,4458.00,0.00,0.00,187.00,48918130.23,0.00
4.41,0.00,0.00,2745.00,4464.00,0.00,0.00,187.00,48815087.56,0.00
4.42,0.00,0.00,2735.00,4474.00,0.00,0.00,187.00,48705925.75,0.00
4.42,0.00,0.00,2726.00,4483.00,0.00,0.00,187.00,48592675.31,0.00
4.43,0.00,0.00,2718.00,4491.00,0.00,0.00,187.00,48477192.23,0.00
4.44,0.00,0.00,2714.00,4495.00,0.00,0.00,187.00,48365678.39,0.00
4.44,0.00,0.00,2710.00,4499.00,0.00,0.00,187.00,48257790.87,0.00
4.45,0.00,0.00,2701.00,4508.00,0.00,0.00,187.00,48145704.96,0.00
4.46,0.00,0.00,2696.00,4513.00,0.00,0.00,187.00,48035792.46,0.00
4.47,0.00,0.00,2688.00,4521.00,0.00,0.00,187.00,47923358.73,0.00
4.47,0.00,0.00,2680.00,4529.00,0.00,0.00,187.00,47808621.46,0.00
4.48,0.00,0.00,2671.00,4538.00,0.00,0.00,187.00,47690277.68,0.00
4.49,0.00,0.00,2665.00,4544.00,0.00,0.00,187.00,47573145.83,0.00
4.49,0.00,0.00,2655.00,4554.00,0.00,0.00,187.00,47451111.69,0.00
4.50,0.00,0.00,2648.00,4561.00,0.00,0.00,187.00,47329106.15,0.00
4.51,0.00,0.00,2639.00,4570.00,0.00,0.00,187.00,47204121.95,0.00
4.51,0.00,0.00,2634.00,4575.00,0.00,0.00,187.00,47082425.78,0.00
4.52,0.00,0.00,2625.00,4584.00,0.00,0.00,187.00,46957724.30,0.00
4.53,0.00,0.00,2621.00,4588.00,0.00,0.00,187.00,46837788.62,0.00
4.53,0.00,0.00,2619.00,4590.00,0.00,0.00,187.00,46725211.74,0.00
4.54,0.00,0.00,2612.00,4597.00,0.00,0.00,187.00,46611846.24,0.00
4.55,0.00,0.00,2604.00,4605.00,0.00,0.00,187.00,46496257.69,0.00
4.56,0.00,0.00,2598.00,4611.00,0.00,0.00,187.00,46381643.03,0.00
4.56,0.00,0.00,2588.00,4621.00,0.00,0.00,187.00,46261908.94,0.00
4.57,0.00,0.00,2578.00,4631.00,0.00,0.00,187.00,46137497.47,0.00
4.58,0.00,0.00,2573.00,4636.00,0.00,0.00,187.00,46016324.60,0.00
4.58,0.00,0.00,2566.00,4643.00,0.00,0.00,187.00,45895105.68,0.00
4.59,0.00,0.00,2559.00,4650.00,0.00,0.00,187.00,45773844.86,0.00
4.60,0.00,0.00,2555.00,4654.00,0.00,0.00,187.00,45657052.53,0.00
4.60,0.00,0.00,2550.00,4659.00,0.00,0.00,187.00,45542840.29,0.00
4.61,0.00,0.00,2545.00,4664.00,0.00,0.00,187.00,45430985.56,0.00
4.62,0.00,0.00,2541.00,4668.00,0.00,0.00,187.00,45322786.46,0.00
4.62,0.00,0.00,2534.00,4675.00,0.00,0.00,187.00,45213420.53,0.00
4.63,0.00,0.00,2528.00,4681.00,0.00,0.00,187.00,45104490.55,0.00
4.64,0.00,0.00,2519.00,4690.00,0.00,0.00,187.00,44991452.31,0.00
4.65,0.00,0.00,2507.00,4702.00,0.00,0.00,187.00,44870153.63,0.00
4.65,0.00,0.00,2502.00,4707.00,0.00,0.00,187.00,44751824.38,0.00
4.66,0.00,0.00,2494.00,4715.00,0.00,0.00,187.00,44631701.35,0.00
4.67,0.00,0.00,2488.00,4721.00,0.00,0.00,187.00,44512943.84,0.00
4.67,0.00,0.00,2479.00,4730.00,0.00,0.00,187.00,44390927.05,0.00
4.68,0.00,0.00,2474.00,4735.00,0.00,0.00,187.00,44271941.93,0.00
4.69,0.00,0.00,2468.00,4741.00,0.00,0.00,187.00,44154224.07,0.00
4.69,0.00,0.00,2465.00,4744.00,0.00,0.00,187.00,44042170.91,0.00
4.70,0.00,0.00,2453.00,4756.00,0.00,0.00,187.00,43921772.18,0.00
4.71,0.00,0.00,2445.00,4764.00,0.00,0.00,187.00,43799758.37,0.00
4.72,0.00,0.00,2437.00,4772.00,0.00,0.00,187.00,43676268.97,0.00
4.72,0.00,0.00,2428.00,4781.00,0.00,0.00,187.00,43549929.13,0.00
4.73,0.00,0.00,2422.00,4787.00,0.00,0.00,187.00,43425492.28,0.00
4.74,0.00,0.00,2415.00,4794.00,0.00,0.00,187.00,43301291.39,0.00
4.74,0.00,0.00,2407.00,4802.00,0.00,0.00,187.00,43175803.93,0.00
4.75,0.00,0.00,2401.00,4808.00,0.00,0.00,187.00,43052145.52,0.00
4.76,0.00,0.00,2394.00,4815.00,0.00,0.00,187.00,42928656.08,0.00
4.76,0.00,0.00,2386.00,4823.00,0.00,0.00,187.00,42803818.54,0.00
4.77,0.00,0.00,2375.00,4834.00,0.00,0.00,187.00,42673242.26,0.00
4.78,0.00,0.00,2370.00,4839.00,0.00,0.00,187.00,42546437.31,0.00
4.78,0.00,0.00,2365.00,4844.00,0.00,0.00,187.00,42423077.58,0.00
4.79,0.00,0.00,2359.00,4850.00,0.00,0.00,187.00,42301363.25,0.00
4.80,0.00,0.00,2353.00,4856.00,0.00,0.00,187.00,42181152.06,0.00
4.81,0.00,0.00,2344.00,4865.00,0.00,0.00,187.00,42057807.28,0.00
4.81,0.00,0.00,2337.00,4872.00,0.00,0.00,187.00,41934604.28,0.00
4.82,0.00,0.00,2327.00,4882.00,0.00,0.00,187.00,41807023.68,0.00
4.83,0.00,0.00,2321.00,4888.00,0.00,0.00,187.00,41681453.22,0.00
4.83,0.00,0.00,2318.00,4891.00,0.00,0.00,187.00,41562225.90,0.00
4.84,0.00,0.00,2310.00,4899.00,0.00,0.00,187.00,41441282.26,0.00
4.85,0.00,0.00,2305.00,4904.00,0.00,0.00,187.00,41323277.60,0.00
4.85,0.00,0.00,2296.00,4913.00,0.00,0.00,187.00,41201948.48,0.00
4.86,0.00,0.00,2290.00,4919.00,0.00,0.00,187.00,41082089.37,0.00
4.87,0.00,0.00,2285.00,4924.00,0.00,0.00,187.00,40965075.44,0.00
4.88,0.00,0.00,2275.00,4934.00,0.00,0.00,187.00,40843149.12,0.00
4.88,0.00,0.00,2271.00,4938.00,0.00,0.00,187.00,40725748.86,0.00
4.89,0.00,0.00,2264.00,4945.00,0.00,0.00,187.00,40607976.85,0.00
4.90,0.00,0.00,2254.00,4955.00,0.00,0.00,187.00,40485357.98,0.00
4.90,0.00,0.00,2251.00,4958.00,0.00,0.00,187.00,40368827.23,0.00
4.91,0.00,0.00,2241.00,4968.00,0.00,0.00,187.00,40247342.67,0.00
4.92,0.00,0.00,2233.00,4976.00,0.00,0.00,187.00,40124336.60,0.00
4.92,0.00,0.00,2221.00,4988.00,0.00,0.00,187.00,39993931.52,0.00
4.93,0.00,0.00,2213.00,4996.00,0.00,0.00,187.00,39862775.86,0.00
4.94,0.00,0.00,2206.00,5003.00,0.00,0.00,187.00,39732436.87,0.00
4.94,0.00,0.00,2198.00,5011.00,0.00,0.00,187.00,39601341.58,0.00
4.95,0.00,0.00,2192.00,5017.00,0.00,0.00,187.00,39472560.11,0.00
4.96,0.00,0.00,2184.00,5025.00,0.00,0.00,187.00,39342887.70,0.00
4.97,0.00,0.00,2178.00,5031.00,0.00,0.00,187.00,39215406.14,0.00
4.97,0.00,0.00,2172.00,5037.00,0.00,0.00,187.00,39089926.02,0.00
4.98,0.00,0.00,2162.00,5047.00,0.00,0.00,187.00,38960265.21,0.00
4.99,0.00,0.00,2156.00,5053.00,0.00,0.00,187.00,38832794.35,0.00
4.99,0.00,0.00,2147.00,5062.00,0.00,0.00,187.00,38702817.00,0.00
5.00,0.00,0.00,2135.00,5074.00,0.00,0.00,187.00,38566042.87,0.00
5.01,0.00,0.00,2125.00,5084.00,0.00,0.00,187.00,38426063.93,0.00
5.01,0.00,0.00,2121.00,5088.00,0.00,0.00,187.00,38292170.95,0.00
5.02,0.00,0.00,2116.00,5093.00,0.00,0.00,187.00,38162335.86,0.00
5.03,0.00,0.00,2110.00,5099.00,0.00,0.00,187.00,38034705.48,0.00
5.03,0.00,0.00,2106.00,5103.00,0.00,0.00,187.00,37912094.09,0.00
5.04,0.00,0.00,2095.00,5114.00,0.00,0.00,187.00,37783551.83,0.00
5.05,0.00,0.00,2085.00,5124.00,0.00,0.00,187.00,37651093.32,0.00
5.06,0.00,0.00,2083.00,5126.00,0.00,0.00,187.00,37527075.73,0.00
5.06,0.00,0.00,2074.00,5135.00,0.00,0.00,187.00,37400253.34,0.00
5.07,0.00,0.00,2066.00,5143.00,0.00,0.00,187.00,37272370.78,0.00
5.08,0.00,0.00,2054.00,5155.00,0.00,0.00,187.00,37137510.47,0.00
5.08,0.00,0.00,2047.00,5162.00,0.00,0.00,187.00,37003786.95,0.00
5.09,0.00,0.00,2041.00,5168.00,0.00,0.00,187.00,36872604.31,0.00
5.10,0.00,0.00,2032.00,5177.00,0.00,0.00,187.00,36739235.93,0.00
5.10,0.00,0.00,2026.00,5183.00,0.00,0.00,187.00,36608377.75,0.00
5.11,0.00,0.00,2015.00,5194.00,0.00,0.00,187.00,36472301.35,0.00
5.12,0.00,0.00,2014.00,5195.00,0.00,0.00,187.00,36346480.58,0.00
5.12,0.00,0.00,2007.00,5202.00,0.00,0.00,187.00,36221015.47,0.00
5.13,0.00,0.00,2001.00,5208.00,0.00,0.00,187.00,36097377.61,0.00
5.14,0.00,0.00,1994.00,5215.00,0.00,0.00,187.00,35973906.82,0.00
5.15,0.00,0.00,1988.00,5221.00,0.00,0.00,187.00,35852090.88,0.00
5.15,0.00,0.00,1985.00,5224.00,0.00,0.00,187.00,35736293.86,0.00
5.16,0.00,0.00,1980.00,5229.00,0.00,0.00,187.00,35622991.06,0.00
5.17,0.00,0.00,1969.00,5240.00,0.00,0.00,187.00,35502952.99,0.00
5.17,0.00,0.00,1961.00,5248.00,0.00,0.00,187.00,35381268.51,0.00
5.18,0.00,0.00,1951.00,5258.00,0.00,0.00,187.00,35255075.48,0.00
5.19,0.00,0.00,1945.00,5264.00,0.00,0.00,187.00,35130772.47,0.00
5.19,0.00,0.00,1937.00,5272.00,0.00,0.00,187.00,35005191.76,0.00
5.20,0.00,0.00,1928.00,5281.00,0.00,0.00,187.00,34876941.30,0.00
5.21,0.00,0.00,1918.00,5291.00,0.00,0.00,187.00,34744749.44,0.00
5.22,0.00,0.00,1905.00,5304.00,0.00,0.00,187.00,34604449.88,0.00
5.22,0.00,0.00,1898.00,5311.00,0.00,0.00,187.00,34465757.05,0.00
5.23,0.00,0.00,1891.00,5318.00,0.00,0.00,187.00,34328532.15,0.00
5.24,0.00,0.00,1886.00,5323.00,0.00,0.00,187.00,34195652.96,0.00
5.24,0.00,0.00,1881.00,5328.00,0.00,0.00,187.00,34066743.99,0.00
5.25,0.00,0.00,1874.00,5335.00,0.00,0.00,187.00,33938457.48,0.00
5.26,0.00,0.00,1871.00,5338.00,0.00,0.00,187.00,33816748.97,0.00
5.26,0.00,0.00,1866.00,5343.00,0.00,0.00,187.00,33698045.44,0.00
5.27,0.00,0.00,1865.00,5344.00,0.00,0.00,187.00,33588096.41,0.00
5.28,0.00,0.00,1863.00,5346.00,0.00,0.00,187.00,33484643.26,0.00
5.28,0.00,0.00,1852.00,5357.00,0.00,0.00,187.00,33373603.69,0.00
5.29,0.00,0.00,1849.00,5360.00,0.00,0.00,187.00,33267651.78,0.00
5.30,0.00,0.00,1845.00,5364.00,0.00,0.00,187.00,33164845.81,0.00
5.31,0.00,0.00,1833.00,5376.00,0.00,0.00,187.00,33052895.23,0.00
5.31,0.00,0.00,1829.00,5380.00,0.00,0.00,187.00,32944608.76,0.00
5.32,0.00,0.00,1827.00,5382.00,0.00,0.00,187.00,32842674.41,0.00
5.33,0.00,0.00,1820.00,5389.00,0.00,0.00,187.00,32739031.78,0.00
5.33,0.00,0.00,1815.00,5394.00,0.00,0.00,187.00,32636833.08,0.00
5.34,0.00,0.00,1807.00,5402.00,0.00,0.00,187.00,32531446.56,0.00
5.35,0.00,0.00,1801.00,5408.00,0.00,0.00,187.00,32426152.40,0.00
5.35,0.00,0.00,1793.00,5416.00,0.00,0.00,187.00,32317937.94,0.00
5.36,0.00,0.00,1793.00,5416.00,0.00,0.00,187.00,32219074.03,0.00
5.37,0.00,0.00,1788.00,5421.00,0.00,0.00,187.00,32121241.12,0.00
5.38,0.00,0.00,1778.00,5431.00,0.00,0.00,187.00,32016838.52,0.00
5.38,0.00,0.00,1772.00,5437.00,0.00,0.00,187.00,31912443.27,0.00
5.39,0.00,0.00,1766.00,5443.00,0.00,0.00,187.00,31808054.67,0.00
5.40,0.00,0.00,1758.00,5451.00,0.00,0.00,187.00,31700667.52,0.00
5.40,0.00,0.00,1753.00,5456.00,0.00,0.00,187.00,31595047.84,0.00
5.41,0.00,0.00,1747.00,5462.00,0.00,0.00,187.00,31489540.63,0.00
5.42,0.00,0.00,1740.00,5469.00,0.00,0.00,187.00,31382633.85,0.00
5.42,0.00,0.00,1731.00,5478.00,0.00,0.00,187.00,31271443.77,0.00
5.43,0.00,0.00,1718.00,5491.00,0.00,0.00,187.00,31150331.21,0.00
5.44,0.00,0.00,1711.00,5498.00,0.00,0.00,187.00,31029167.60,0.00
5.44,0.00,0.00,1708.00,5501.00,0.00,0.00,187.00,30913966.44,0.00
5.45,0.00,0.00,1697.00,5512.00,0.00,0.00,187.00,30792193.98,0.00
5.46,0.00,0.00,1685.00,5524.00,0.00,0.00,187.00,30662915.89,0.00
5.47,0.00,0.00,1679.00,5530.00,0.00,0.00,187.00,30535794.53,0.00
5.47,0.00,0.00,1675.00,5534.00,0.00,0.00,187.00,30413648.14,0.00
5.48,0.00,0.00,1673.00,5536.00,0.00,0.00,187.00,30299051.52,0.00
5.49,0.00,0.00,1667.00,5542.00,0.00,0.00,187.00,30185343.04,0.00
5.49,0.00,0.00,1661.00,5548.00,0.00,0.00,187.00,30072445.90,0.00
5.50,0.00,0.00,1649.00,5560.00,0.00,0.00,187.00,29951276.10,0.00
5.51,0.00,0.00,1642.00,5567.00,0.00,0.00,187.00,29830060.16,0.00
5.51,0.00,0.00,1635.00,5574.00,0.00,0.00,187.00,29708802.02,0.00
5.52,0.00,0.00,1626.00,5583.00,0.00,0.00,187.00,29584500.60,0.00
5.53,0.00,0.00,1622.00,5587.00,0.00,0.00,187.00,29464930.51,0.00
5.53,0.00,0.00,1616.00,5593.00,0.00,0.00,187.00,29346678.33,0.00
5.54,0.00,0.00,1611.00,5598.00,0.00,0.00,187.00,29231132.43,0.00
5.55,0.00,0.00,1605.00,5604.00,0.00,0.00,187.00,29116556.77,0.00
5.56,0.00,0.00,1600.00,5609.00,0.00,0.00,187.00,29004369.68,0.00
5.56,0.00,0.00,1592.00,5617.00,0.00,0.00,187.00,28889857.89,0.00
5.57,0.00,0.00,1588.00,5621.00,0.00,0.00,187.00,28779231.53,0.00
5.58,0.00,0.00,1584.00,5625.00,0.00,0.00,187.00,28672154.90,0.00
5.58,0.00,0.00,1576.00,5633.00,0.00,0.00,187.00,28562311.98,0.00
5.59,0.00,0.00,1572.00,5637.00,0.00,0.00,187.00,28455951.05,0.00
5.60,0.00,0.00,1567.00,5642.00,0.00,0.00,187.00,28351268.84,0.00
5.60,0.00,0.00,1559.00,5650.00,0.00,0.00,187.00,28243613.52,0.00
5.61,0.00,0.00,1552.00,5657.00,0.00,0.00,187.00,28134744.15,0.00
5.62,0.00,0.00,1545.00,5664.00,0.00,0.00,187.00,28024765.80,0.00
5.62,0.00,0.00,1541.00,5668.00,0.00,0.00,187.00,27918281.06,0.00
5.63,0.00,0.00,1537.00,5672.00,0.00,0.00,187.00,27814988.21,0.00
5.64,0.00,0.00,1527.00,5682.00,0.00,0.00,187.00,27705597.52,0.00
5.65,0.00,0.00,1524.00,5685.00,0.00,0.00,187.00,27601152.02,0.00
5.65,0.00,0.00,1522.00,5687.00,0.00,0.00,187.00,27502726.77,0.00
5.66,0.00,0.00,1512.00,5697.00,0.00,0.00,187.00,27397783.05,0.00
5.67,0.00,0.00,1506.00,5703.00,0.00,0.00,187.00,27292893.38,0.00
5.67,0.00,0.00,1501.00,5708.00,0.00,0.00,187.00,27189555.44,0.00
5.68,0.00,0.00,1492.00,5717.00,0.00,0.00,187.00,27081625.83,0.00
5.69,0.00,0.00,1485.00,5724.00,0.00,0.00,187.00,26972505.92,0.00
5.69,0.00,0.00,1482.00,5727.00,0.00,0.00,187.00,26868307.91,0.00
5.70,0.00,0.00,1474.00,5735.00,0.00,0.00,187.00,26761094.82,0.00
5.71,0.00,0.00,1468.00,5741.00,0.00,0.00,187.00,26654131.97,0.00
5.72,0.00,0.00,1461.00,5748.00,0.00,0.00,187.00,26545895.17,0.00
5.72,0.00,0.00,1457.00,5752.00,0.00,0.00,187.00,26441001.64,0.00
5.73,0.00,0.00,1449.00,5760.00,0.00,0.00,187.00,26333153.18,0.00
5.74,0.00,0.00,1444.00,5765.00,0.00,0.00,187.00,26227112.13,0.00
5.74,0.00,0.00,1438.00,5771.00,0.00,0.00,187.00,26121219.92,0.00
5.75,0.00,0.00,1429.00,5780.00,0.00,0.00,187.00,26010956.76,0.00
5.76,0.00,0.00,1422.00,5787.00,0.00,0.00,187.00,25899705.03,0.00
5.76,0.00,0.00,1417.00,5792.00,0.00,0.00,187.00,25790554.58,0.00
5.77,0.00,0.00,1403.00,5806.00,0.00,0.00,187.00,25669803.22,0.00
5.78,0.00,0.00,1391.00,5818.00,0.00,0.00,187.00,25541457.90,0.00
5.78,0.00,0.00,1382.00,5827.00,0.00,0.00,187.00,25410681.75,0.00
5.79,0.00,0.00,1377.00,5832.00,0.00,0.00,187.00,25283694.09,0.00
5.80,0.00,0.00,1370.00,5839.00,0.00,0.00,187.00,25157162.95,0.00
5.81,0.00,0.00,1366.00,5843.00,0.00,0.00,187.00,25035555.76,0.00
5.81,0.00,0.00,1357.00,5852.00,0.00,0.00,187.00,24910935.45,0.00
5.82,0.00,0.00,1349.00,5860.00,0.00,0.00,187.00,24785064.82,0.00
5.83,0.00,0.00,1340.00,5869.00,0.00,0.00,187.00,24656549.59,0.00
5.83,0.00,0.00,1334.00,5875.00,0.00,0.00,187.00,24530125.13,0.00
5.84,0.00,0.00,1324.00,5885.00,0.00,0.00,187.00,24399601.51,0.00
5.85,0.00,0.00,1321.00,5888.00,0.00,0.00,187.00,24275849.16,0.00
5.85,0.00,0.00,1315.00,5894.00,0.00,0.00,187.00,24153776.10,0.00
5.86,0.00,0.00,1312.00,5897.00,0.00,0.00,187.00,24037744.07,0.00
5.87,0.00,0.00,1304.00,5905.00,0.00,0.00,187.00,23919719.65,0.00
5.88,0.00,0.00,1299.00,5910.00,0.00,0.00,187.00,23804381.83,0.00
5.88,0.00,0.00,1293.00,5916.00,0.00,0.00,187.00,23689996.18,0.00
5.89,0.00,0.00,1287.00,5922.00,0.00,0.00,187.00,23576480.47,0.00
5.90,0.00,0.00,1281.00,5928.00,0.00,0.00,187.00,23463759.46,0.00
5.90,0.00,0.00,1277.00,5932.00,0.00,0.00,187.00,23354769.11,0.00
5.91,0.00,0.00,1271.00,5938.00,0.00,0.00,187.00,23246182.52,0.00
5.92,0.00,0.00,1263.00,5946.00,0.00,0.00,187.00,23134960.08,0.00
5.92,0.00,0.00,1255.00,5954.00,0.00,0.00,187.00,23021329.60,0.00
5.93,0.00,0.00,1251.00,5958.00,0.00,0.00,187.00,22911508.36,0.00
5.94,0.00,0.00,1244.00,5965.00,0.00,0.00,187.00,22800660.35,0.00
5.94,0.00,0.00,1235.00,5974.00,0.00,0.00,187.00,22685869.60,0.00
5.95,0.00,0.00,1234.00,5975.00,0.00,0.00,187.00,22579495.30,0.00
5.96,0.00,0.00,1226.00,5983.00,0.00,0.00,187.00,22470294.02,0.00
5.97,0.00,0.00,1222.00,5987.00,0.00,0.00,187.00,22364519.29,0.00
5.97,0.00,0.00,1217.00,5992.00,0.00,0.00,187.00,22260372.72,0.00
5.98,0.00,0.00,1212.00,5997.00,0.00,0.00,187.00,22157713.62,0.00
5.99,0.00,0.00,1205.00,6004.00,0.00,0.00,187.00,22053408.89,0.00
5.99,0.00,0.00,1199.00,6010.00,0.00,0.00,187.00,21949102.98,0.00
6.00,0.00,0.00,1197.00,6012.00,0.00,0.00,187.00,21850805.27,0.00
6.01,0.00,0.00,1196.00,6013.00,0.00,0.00,187.00,21759498.88,0.00
6.01,0.00,0.00,1189.00,6020.00,0.00,0.00,187.00,21665565.83,0.00
6.02,0.00,0.00,1183.00,6026.00,0.00,0.00,187.00,21570735.47,0.00
6.03,0.00,0.00,1176.00,6033.00,0.00,0.00,187.00,21473582.95,0.00
6.03,0.00,0.00,1171.00,6038.00,0.00,0.00,187.00,21377313.56,0.00
6.04,0.00,0.00,1164.00,6045.00,0.00,0.00,187.00,21278846.38,0.00
6.05,0.00,0.00,1159.00,6050.00,0.00,0.00,187.00,21181375.91,0.00
6.06,0.00,0.00,1153.00,6056.00,0.00,0.00,187.00,21083313.82,0.00
6.06,0.00,0.00,1143.00,6066.00,0.00,0.00,187.00,20978701.80,0.00
6.07,0.00,0.00,1137.00,6072.00,0.00,0.00,187.00,20874115.19,0.00
6.08,0.00,0.00,1134.00,6075.00,0.00,0.00,187.00,20774058.76,0.00
6.08,0.00,0.00,1128.00,6081.00,0.00,0.00,187.00,20673633.97,0.00
6.09,0.00,0.00,1122.00,6087.00,0.00,0.00,187.00,20572872.80,0.00
6.10,0.00,0.00,1114.00,6095.00,0.00,0.00,187.00,20468799.69,0.00
6.10,0.00,0.00,1109.00,6100.00,0.00,0.00,187.00,20366207.61,0.00
6.11,0.00,0.00,1104.00,6105.00,0.00,0.00,187.00,20264968.74,0.00
6.12,0.00,0.00,1099.00,6110.00,0.00,0.00,187.00,20164966.11,0.00
6.12,0.00,0.00,1089.00,6120.00,0.00,0.00,187.00,20058581.30,0.00
6.13,0.00,0.00,1078.00,6131.00,0.00,0.00,187.00,19944863.55,0.00
6.14,0.00,0.00,1074.00,6135.00,0.00,0.00,187.00,19834962.55,0.00
6.15,0.00,0.00,1070.00,6139.00,0.00,0.00,187.00,19728548.53,0.00
6.15,0.00,0.00,1063.00,6146.00,0.00,0.00,187.00,19620813.30,0.00
6.16,0.00,0.00,1056.00,6153.00,0.00,0.00,187.00,19511871.04,0.00
6.17,0.00,0.00,1052.00,6157.00,0.00,0.00,187.00,19406332.96,0.00
6.17,0.00,0.00,1044.00,6165.00,0.00,0.00,187.00,19297895.60,0.00
6.18,0.00,0.00,1038.00,6171.00,0.00,0.00,187.00,19189814.25,0.00
6.19,0.00,0.00,1036.00,6173.00,0.00,0.00,187.00,19088067.21,0.00
6.19,0.00,0.00,1032.00,6177.00,0.00,0.00,187.00,18989102.70,0.00
6.20,0.00,0.00,1023.00,6186.00,0.00,0.00,187.00,18885168.59,0.00
6.21,0.00,0.00,1015.00,6194.00,0.00,0.00,187.00,18778196.69,0.00
6.22,0.00,0.00,1006.00,6203.00,0.00,0.00,187.00,18666947.13,0.00
6.22,0.00,0.00,1003.00,6206.00,0.00,0.00,187.00,18560803.44,0.00
6.23,0.00,0.00,1000.00,6209.00,0.00,0.00,187.00,18459324.44,0.00
6.24,0.00,0.00,997.00,6212.00,0.00,0.00,187.00,18362107.03,0.00
6.24,0.00,0.00,988.00,6221.00,0.00,0.00,187.00,18259769.08,0.00
6.25,0.00,0.00,983.00,6226.00,0.00,0.00,187.00,18158762.33,0.00
6.26,0.00,0.00,977.00,6232.00,0.00,0.00,187.00,18057469.45,0.00
6.26,0.00,0.00,971.00,6238.00,0.00,0.00,187.00,17955915.18,0.00
6.27,0.00,0.00,964.00,6245.00,0.00,0.00,187.00,17852619.72,0.00
6.28,0.00,0.00,960.00,6249.00,0.00,0.00,187.00,17752240.53,0.00
6.28,0.00,0.00,957.00,6252.00,0.00,0.00,187.00,17656027.92,0.00
6.29,0.00,0.00,955.00,6254.00,0.00,0.00,187.00,17565124.15,0.00
6.30,0.00,0.00,945.00,6264.00,0.00,0.00,187.00,17467052.04,0.00
6.31,0.00,0.00,941.00,6268.00,0.00,0.00,187.00,17371444.81,0.00
6.31,0.00,0.00,934.00,6275.00,0.00,0.00,187.00,17273582.61,0.00
6.32,0.00,0.00,928.00,6281.00,0.00,0.00,187.00,17175162.51,0.00
6.33,0.00,0.00,925.00,6284.00,0.00,0.00,187.00,17080739.75,0.00
6.33,0.00,0.00,918.00,6291.00,0.00,0.00,187.00,16983959.56,0.00
6.34,0.00,0.00,912.00,6297.00,0.00,0.00,187.00,16886528.11,0.00
6.35,0.00,0.00,908.00,6301.00,0.00,0.00,187.00,16791506.17,0.00
6.35,0.00,0.00,898.00,6311.00,0.00,0.00,187.00,16689671.71,0.00
6.36,0.00,0.00,892.00,6317.00,0.00,0.00,187.00,16587622.58,0.00
6.37,0.00,0.00,884.00,6325.00,0.00,0.00,187.00,16482372.77,0.00
6.38,0.00,0.00,879.00,6330.00,0.00,0.00,187.00,16378705.78,0.00
6.38,0.00,0.00,872.00,6337.00,0.00,0.00,187.00,16273480.22,0.00
6.39,0.00,0.00,867.00,6342.00,0.00,0.00,187.00,16169835.36,0.00
6.40,0.00,0.00,859.00,6350.00,0.00,0.00,187.00,16063127.70,0.00
6.40,0.00,0.00,855.00,6354.00,0.00,0.00,187.00,15959631.12,0.00
6.41,0.00,0.00,852.00,6357.00,0.00,0.00,187.00,15860570.50,0.00
6.42,0.00,0.00,850.00,6359.00,0.00,0.00,187.00,15767064.80,0.00
6.42,0.00,0.00,843.00,6366.00,0.00,0.00,187.00,15671122.48,0.00
6.43,0.00,0.00,840.00,6369.00,0.00,0.00,187.00,15578963.39,0.00
6.44,0.00,0.00,838.00,6371.00,0.00,0.00,187.00,15491762.87,0.00
6.44,0.00,0.00,835.00,6374.00,0.00,0.00,187.00,15407590.25,0.00
6.45,0.00,0.00,827.00,6382.00,0.00,0.00,187.00,15318672.24,0.00
6.46,0.00,0.00,824.00,6385.00,0.00,0.00,187.00,15232930.48,0.00
6.47,0.00,0.00,820.00,6389.00,0.00,0.00,187.00,15148588.17,0.00
6.47,0.00,0.00,814.00,6395.00,0.00,0.00,187.00,15062519.80,0.00
6.48,0.00,0.00,810.00,6399.00,0.00,0.00,187.00,14977879.15,0.00
6.49,0.00,0.00,807.00,6402.00,0.00,0.00,187.00,14896045.14,0.00
6.49,0.00,0.00,802.00,6407.00,0.00,0.00,187.00,14813770.67,0.00
6.50,0.00,0.00,798.00,6411.00,0.00,0.00,187.00,14732596.01,0.00
6.51,0.00,0.00,789.00,6420.00,0.00,0.00,187.00,14644914.67,0.00
6.51,0.00,0.00,782.00,6427.00,0.00,0.00,187.00,14554293.42,0.00
6.52,0.00,0.00,777.00,6432.00,0.00,0.00,187.00,14463990.96,0.00
6.53,0.00,0.00,770.00,6439.00,0.00,0.00,187.00,14370975.14,0.00
6.53,0.00,0.00,764.00,6445.00,0.00,0.00,187.00,14276982.70,0.00
6.54,0.00,0.00,760.00,6449.00,0.00,0.00,187.00,14185102.64,0.00
6.55,0.00,0.00,753.00,6456.00,0.00,0.00,187.00,14090645.52,0.00
6.56,0.00,0.00,749.00,6460.00,0.00,0.00,187.00,13998340.94,0.00
6.56,0.00,0.00,746.00,6463.00,0.00,0.00,187.00,13909505.23,0.00
6.57,0.00,0.00,742.00,6467.00,0.00,0.00,187.00,13822336.34,0.00
6.58,0.00,0.00,736.00,6473.00,0.00,0.00,187.00,13733685.61,0.00
6.58,0.00,0.00,730.00,6479.00,0.00,0.00,187.00,13643681.09,0.00
6.59,0.00,0.00,726.00,6483.00,0.00,0.00,187.00,13555444.37,0.00
6.60,0.00,0.00,723.00,6486.00,0.00,0.00,187.00,13470325.04,0.00
6.60,0.00,0.00,720.00,6489.00,0.00,0.00,187.00,13388053.72,0.00
6.61,0.00,0.00,718.00,6491.00,0.00,0.00,187.00,13309886.63,0.00
6.62,0.00,0.00,713.00,6496.00,0.00,0.00,187.00,13230962.20,0.00
6.62,0.00,0.00,704.00,6505.00,0.00,0.00,187.00,13145336.58,0.00
6.63,0.00,0.00,699.00,6510.00,0.00,0.00,187.00,13059598.08,0.00
6.64,0.00,0.00,695.00,6514.00,0.00,0.00,187.00,12975258.82,0.00
6.65,0.00,0.00,692.00,6517.00,0.00,0.00,187.00,12893700.12,0.00
6.65,0.00,0.00,682.00,6527.00,0.00,0.00,187.00,12804165.60,0.00
6.66,0.00,0.00,676.00,6533.00,0.00,0.00,187.00,12713353.65,0.00
6.67,0.00,0.00,669.00,6540.00,0.00,0.00,187.00,12619872.35,0.00
6.67,0.00,0.00,666.00,6543.00,0.00,0.00,187.00,12529961.60,0.00
6.68,0.00,0.00,658.00,6551.00,0.00,0.00,187.00,12435801.28,0.00
6.69,0.00,0.00,651.00,6558.00,0.00,0.00,187.00,12339260.91,0.00
6.69,0.00,0.00,644.00,6565.00,0.00,0.00,187.00,12240546.22,0.00
6.70,0.00,0.00,642.00,6567.00,0.00,0.00,187.00,12147356.54,0.00
6.71,0.00,0.00,637.00,6572.00,0.00,0.00,187.00,12054707.61,0.00
6.72,0.00,0.00,634.00,6575.00,0.00,0.00,187.00,11965557.31,0.00
6.72,0.00,0.00,631.00,6578.00,0.00,0.00,187.00,11879603.30,0.00
6.73,0.00,0.00,627.00,6582.00,0.00,0.00,187.00,11795067.12,0.00
6.74,0.00,0.00,616.00,6593.00,0.00,0.00,187.00,11701310.01,0.00
6.74,0.00,0.00,612.00,6597.00,0.00,0.00,187.00,11609644.96,0.00
6.75,0.00,0.00,605.00,6604.00,0.00,0.00,187.00,11515384.28,0.00
6.76,0.00,0.00,595.00,6614.00,0.00,0.00,187.00,11414245.30,0.00
6.76,0.00,0.00,591.00,6618.00,0.00,0.00,187.00,11315836.20,0.00
6.77,0.00,0.00,587.00,6622.00,0.00,0.00,187.00,11219921.17,0.00
6.78,0.00,0.00,584.00,6625.00,0.00,0.00,187.00,11127786.97,0.00
6.78,0.00,0.00,579.00,6630.00,0.00,0.00,187.00,11036102.31,0.00
6.79,0.00,0.00,575.00,6634.00,0.00,0.00,187.00,10946330.59,0.00
6.80,0.00,0.00,564.00,6645.00,0.00,0.00,187.00,10847790.41,0.00
6.81,0.00,0.00,559.00,6650.00,0.00,0.00,187.00,10750253.27,0.00
6.81,0.00,0.00,553.00,6656.00,0.00,0.00,187.00,10652130.17,0.00
6.82,0.00,0.00,546.00,6663.00,0.00,0.00,187.00,10551969.43,0.00
6.83,0.00,0.00,541.00,6668.00,0.00,0.00,187.00,10452951.78,0.00
6.83,0.00,0.00,534.00,6675.00,0.00,0.00,187.00,10351973.82,0.00
6.84,0.00,0.00,530.00,6679.00,0.00,0.00,187.00,10253711.85,0.00
6.85,0.00,0.00,526.00,6683.00,0.00,0.00,187.00,10157931.21,0.00
6.85,0.00,0.00,522.00,6687.00,0.00,0.00,187.00,10064417.47,0.00
6.86,0.00,0.00,518.00,6691.00,0.00,0.00,187.00,9972974.77,0.00
6.87,0.00,0.00,510.00,6699.00,0.00,0.00,187.00,9877414.87,0.00
6.88,0.00,0.00,505.00,6704.00,0.00,0.00,187.00,9782600.50,0.00
6.88,0.00,0.00,501.00,6708.00,0.00,0.00,187.00,9689969.55,0.00
6.89,0.00,0.00,494.00,6715.00,0.00,0.00,187.00,9594826.40,0.00
6.90,0.00,0.00,490.00,6719.00,0.00,0.00,187.00,9501895.08,0.00
6.90,0.00,0.00,486.00,6723.00,0.00,0.00,187.00,9410984.53,0.00
6.91,0.00,0.00,482.00,6727.00,0.00,0.00,187.00,9321920.02,0.00
6.92,0.00,0.00,474.00,6735.00,0.00,0.00,187.00,9228532.84,0.00
6.92,0.00,0.00,471.00,6738.00,0.00,0.00,187.00,9138708.09,0.00
6.93,0.00,0.00,469.00,6740.00,0.00,0.00,187.00,9053640.23,0.00
6.94,0.00,0.00,467.00,6742.00,0.00,0.00,187.00,8972918.27,0.00
6.94,0.00,0.00,462.00,6747.00,0.00,0.00,187.00,8891659.74,0.00
6.95,0.00,0.00,456.00,6753.00,0.00,0.00,187.00,8808408.64,0.00
6.96,0.00,0.00,450.00,6759.00,0.00,0.00,187.00,8723337.19,0.00
6.97,0.00,0.00,443.00,6766.00,0.00,0.00,187.00,8635100.36,0.00
6.97,0.00,0.00,438.00,6771.00,0.00,0.00,187.00,8546976.28,0.00
6.98,0.00,0.00,434.00,6775.00,0.00,0.00,187.00,8460457.52,0.00
6.99,0.00,0.00,429.00,6780.00,0.00,0.00,187.00,8373903.09,0.00
6.99,0.00,0.00,425.00,6784.00,0.00,0.00,187.00,8288818.33,0.00
7.00,0.00,0.00,421.00,6788.00,0.00,0.00,187.00,8205076.28,0.00
7.01,0.00,0.00,418.00,6791.00,0.00,0.00,187.00,8124063.24,0.00
7.01,0.00,0.00,417.00,6792.00,0.00,0.00,187.00,8048548.00,0.00
7.02,0.00,0.00,409.00,6800.00,0.00,0.00,187.00,7967539.35,0.00
7.03,0.00,0.00,401.00,6808.00,0.00,0.00,187.00,7881511.95,0.00
7.03,0.00,0.00,396.00,6813.00,0.00,0.00,187.00,7795406.40,0.00
7.04,0.00,0.00,388.00,6821.00,0.00,0.00,187.00,7704722.47,0.00
7.05,0.00,0.00,381.00,6828.00,0.00,0.00,187.00,7611358.15,0.00
7.06,0.00,0.00,379.00,6830.00,0.00,0.00,187.00,7523056.56,0.00
7.06,0.00,0.00,376.00,6833.00,0.00,0.00,187.00,7437877.96,0.00
7.07,0.00,0.00,373.00,6836.00,0.00,0.00,187.00,7355552.49,0.00
7.08,0.00,0.00,371.00,6838.00,0.00,0.00,187.00,7277335.92,0.00
7.08,0.00,0.00,368.00,6841.00,0.00,0.00,187.00,7201370.92,0.00
7.09,0.00,0.00,363.00,6846.00,0.00,0.00,187.00,7124458.30,0.00
7.10,0.00,0.00,362.00,6847.00,0.00,0.00,187.00,7052689.20,0.00
7.10,0.00,0.00,358.00,6851.00,0.00,0.00,187.00,6981112.22,0.00
7.11,0.00,0.00,354.00,6855.00,0.00,0.00,187.00,6909710.80,0.00
7.12,0.00,0.00,349.00,6860.00,0.00,0.00,187.00,6836967.38,0.00
7.12,0.00,0.00,345.00,6864.00,0.00,0.00,187.00,6764500.33,0.00
7.13,0.00,0.00,344.00,6865.00,0.00,0.00,187.00,6696792.63,0.00
7.14,0.00,0.00,341.00,6868.00,0.00,0.00,187.00,6630428.47,0.00
7.15,0.00,0.00,335.00,6874.00,0.00,0.00,187.00,6560784.78,0.00
7.15,0.00,0.00,335.00,6874.00,0.00,0.00,187.00,6497158.82,0.00
7.16,0.00,0.00,334.00,6875.00,0.00,0.00,187.00,6437528.30,0.00
7.17,0.00,0.00,330.00,6879.00,0.00,0.00,187.00,6377041.08,0.00
7.17,0.00,0.00,325.00,6884.00,0.00,0.00,187.00,6314268.81,0.00
7.18,0.00,0.00,320.00,6889.00,0.00,0.00,187.00,6249408.97,0.00
7.19,0.00,0.00,313.00,6896.00,0.00,0.00,187.00,6179637.32,0.00
7.19,0.00,0.00,306.00,6903.00,0.00,0.00,187.00,6105378.27,0.00
7.20,0.00,0.00,305.00,6904.00,0.00,0.00,187.00,6036033.45,0.00
7.21,0.00,0.00,300.00,6909.00,0.00,0.00,187.00,5965168.97,0.00
7.22,0.00,0.00,299.00,6910.00,0.00,0.00,187.00,5898925.40,0.00
7.22,0.00,0.00,298.00,6911.00,0.00,0.00,187.00,5836903.45,0.00
7.23,0.00,0.00,294.00,6915.00,0.00,0.00,187.00,5774231.41,0.00
7.24,0.00,0.00,289.00,6920.00,0.00,0.00,187.00,5709463.14,0.00
7.24,0.00,0.00,287.00,6922.00,0.00,0.00,187.00,5647286.69,0.00
7.25,0.00,0.00,281.00,6928.00,0.00,0.00,187.00,5581468.89,0.00
7.26,0.00,0.00,278.00,6931.00,0.00,0.00,187.00,5516831.29,0.00
7.26,0.00,0.00,276.00,6933.00,0.00,0.00,187.00,5454774.23,0.00
7.27,0.00,0.00,268.00,6941.00,0.00,0.00,187.00,5386060.86,0.00
7.28,0.00,0.00,267.00,6942.00,0.00,0.00,187.00,5321782.53,0.00
7.28,0.00,0.00,266.00,6943.00,0.00,0.00,187.00,5261556.02,0.00
7.29,0.00,0.00,264.00,6945.00,0.00,0.00,187.00,5203528.91,0.00
7.30,0.00,0.00,262.00,6947.00,0.00,0.00,187.00,5147511.15,0.00
7.31,0.00,0.00,260.00,6949.00,0.00,0.00,187.00,5093329.12,0.00
7.31,0.00,0.00,257.00,6952.00,0.00,0.00,187.00,5039321.89,0.00
7.32,0.00,0.00,250.00,6959.00,0.00,0.00,187.00,4979465.09,0.00
7.33,0.00,0.00,248.00,6961.00,0.00,0.00,187.00,4921775.74,0.00
7.33,0.00,0.00,244.00,6965.00,0.00,0.00,187.00,4863061.91,0.00
7.34,0.00,0.00,241.00,6968.00,0.00,0.00,187.00,4804914.46,0.00
7.35,0.00,0.00,237.00,6972.00,0.00,0.00,187.00,4745782.14,0.00
7.35,0.00,0.00,230.00,6979.00,0.00,0.00,187.00,4681243.10,0.00
7.36,0.00,0.00,227.00,6982.00,0.00,0.00,187.00,4617773.78,0.00
7.37,0.00,0.00,224.00,6985.00,0.00,0.00,187.00,4555281.73,0.00
7.38,0.00,0.00,222.00,6987.00,0.00,0.00,187.00,4495184.86,0.00
7.38,0.00,0.00,216.00,6993.00,0.00,0.00,187.00,4431266.90,0.00
7.39,0.00,0.00,215.00,6994.00,0.00,0.00,187.00,4371369.65,0.00
7.40,0.00,0.00,211.00,6998.00,0.00,0.00,187.00,4310638.70,0.00
7.40,0.00,0.00,208.00,7001.00,0.00,0.00,187.00,4250648.42,0.00
7.41,0.00,0.00,204.00,7005.00,0.00,0.00,187.00,4189832.48,0.00
7.42,0.00,0.00,199.00,7010.00,0.00,0.00,187.00,4126759.95,0.00
7.42,0.00,0.00,194.00,7015.00,0.00,0.00,187.00,4061625.78,0.00
7.43,0.00,0.00,190.00,7019.00,0.00,0.00,187.00,3996110.43,0.00
7.44,0.00,0.00,184.00,7025.00,0.00,0.00,187.00,3927242.21,0.00
7.44,0.00,0.00,182.00,7027.00,0.00,0.00,187.00,3861320.10,0.00
7.45,0.00,0.00,182.00,7027.00,0.00,0.00,187.00,3801094.15,0.00
7.46,0.00,0.00,174.00,7035.00,0.00,0.00,187.00,3734053.68,0.00
7.47,0.00,0.00,172.00,7037.00,0.00,0.00,187.00,3669801.37,0.00
7.47,0.00,0.00,171.00,7038.00,0.00,0.00,187.00,3609598.63,0.00
7.48,0.00,0.00,168.00,7041.00,0.00,0.00,187.00,3550090.92,0.00
7.49,0.00,0.00,163.00,7046.00,0.00,0.00,187.00,3488213.55,0.00
7.49,0.00,0.00,161.00,7048.00,0.00,0.00,187.00,3428678.23,0.00
7.50,0.00,0.00,159.00,7050.00,0.00,0.00,187.00,3371282.58,0.00
7.51,0.00,0.00,154.00,7055.00,0.00,0.00,187.00,3311334.77,0.00
7.51,0.00,0.00,153.00,7056.00,0.00,0.00,187.00,3255064.59,0.00
7.52,0.00,0.00,149.00,7060.00,0.00,0.00,187.00,3197647.31,0.00
7.53,0.00,0.00,146.00,7063.00,0.00,0.00,187.00,3140684.38,0.00
7.53,0.00,0.00,142.00,7067.00,0.00,0.00,187.00,3082634.22,0.00
7.54,0.00,0.00,141.00,7068.00,0.00,0.00,187.00,3028097.73,0.00
7.55,0.00,0.00,141.00,7068.00,0.00,0.00,187.00,2978273.59,0.00
7.56,0.00,0.00,140.00,7069.00,0.00,0.00,187.00,2931252.32,0.00
7.56,0.00,0.00,136.00,7073.00,0.00,0.00,187.00,2882284.78,0.00
7.57,0.00,0.00,135.00,7074.00,0.00,0.00,187.00,2836046.09,0.00
7.58,0.00,0.00,135.00,7074.00,0.00,0.00,187.00,2793802.78,0.00
7.58,0.00,0.00,130.00,7079.00,0.00,0.00,187.00,2747698.03,0.00
7.59,0.00,0.00,127.00,7082.00,0.00,0.00,187.00,2701070.13,0.00
7.60,0.00,0.00,127.00,7082.00,0.00,0.00,187.00,2658471.24,0.00
7.60,0.00,0.00,123.00,7086.00,0.00,0.00,187.00,2613543.96,0.00
7.61,0.00,0.00,123.00,7086.00,0.00,0.00,187.00,2572498.73,0.00
7.62,0.00,0.00,122.00,7087.00,0.00,0.00,187.00,2533497.80,0.00
7.62,0.00,0.00,120.00,7089.00,0.00,0.00,187.00,2494862.22,0.00
7.63,0.00,0.00,120.00,7089.00,0.00,0.00,187.00,2459565.04,0.00
7.64,0.00,0.00,120.00,7089.00,0.00,0.00,187.00,2427317.81,0.00
7.65,0.00,0.00,118.00,7091.00,0.00,0.00,187.00,2394852.34,0.00
7.65,0.00,0.00,118.00,7091.00,0.00,0.00,187.00,2365192.15,0.00
7.66,0.00,0.00,115.00,7094.00,0.00,0.00,187.00,2333587.86,0.00
7.67,0.00,0.00,115.00,7094.00,0.00,0.00,187.00,2304714.44,0.00
7.67,0.00,0.00,112.00,7097.00,0.00,0.00,187.00,2273828.95,0.00
7.68,0.00,0.00,110.00,7099.00,0.00,0.00,187.00,2242607.57,0.00
7.69,0.00,0.00,108.00,7101.00,0.00,0.00,187.00,2211079.33,0.00
7.69,0.00,0.00,103.00,7106.00,0.00,0.00,187.00,2174763.78,0.00
7.70,0.00,0.00,102.00,7107.00,0.00,0.00,187.00,2140083.86,0.00
7.71,0.00,0.00,100.00,7109.00,0.00,0.00,187.00,2105395.92,0.00
7.72,0.00,0.00,98.00,7111.00,0.00,0.00,187.00,2070700.66,0.00
7.72,0.00,0.00,94.00,7115.00,0.00,0.00,187.00,2032994.07,0.00
7.73,0.00,0.00,91.00,7118.00,0.00,0.00,187.00,1994038.66,0.00
7.74,0.00,0.00,91.00,7118.00,0.00,0.00,187.00,1958449.31,0.00
7.74,0.00,0.00,88.00,7121.00,0.00,0.00,187.00,1921428.19,0.00
7.75,0.00,0.00,87.00,7122.00,0.00,0.00,187.00,1886103.67,0.00
7.76,0.00,0.00,84.00,7125.00,0.00,0.00,187.00,1849324.51,0.00
7.76,0.00,0.00,84.00,7125.00,0.00,0.00,187.00,1815723.34,0.00
7.77,0.00,0.00,83.00,7126.00,0.00,0.00,187.00,1783523.26,0.00
7.78,0.00,0.00,82.00,7127.00,0.00,0.00,187.00,1752603.19,0.00
7.78,0.00,0.00,82.00,7127.00,0.00,0.00,187.00,1724354.84,0.00
7.79,0.00,0.00,80.00,7129.00,0.00,0.00,187.00,1695542.74,0.00
7.80,0.00,0.00,78.00,7131.00,0.00,0.00,187.00,1666215.59,0.00
7.81,0.00,0.00,77.00,7132.00,0.00,0.00,187.00,1637920.21,0.00
7.81,0.00,0.00,76.00,7133.00,0.00,0.00,187.00,1610567.45,0.00
7.82,0.00,0.00,72.00,7137.00,0.00,0.00,187.00,1579568.92,0.00
7.83,0.00,0.00,72.00,7137.00,0.00,0.00,187.00,1551248.90,0.00
7.83,0.00,0.00,71.00,7138.00,0.00,0.00,187.00,1523873.62,0.00
7.84,0.00,0.00,69.00,7140.00,0.00,0.00,187.00,1495859.15,0.00
7.85,0.00,0.00,66.00,7143.00,0.00,0.00,187.00,1465758.39,0.00
7.85,0.00,0.00,65.00,7144.00,0.00,0.00,187.00,1436756.26,0.00
7.86,0.00,0.00,63.00,7146.00,0.00,0.00,187.00,1407255.50,0.00
7.87,0.00,0.00,62.00,7147.00,0.00,0.00,187.00,1378801.51,0.00
7.88,0.00,0.00,62.00,7147.00,0.00,0.00,187.00,1352806.16,0.00
7.88,0.00,0.00,61.00,7148.00,0.00,0.00,187.00,1327554.69,0.00
7.89,0.00,0.00,61.00,7148.00,0.00,0.00,187.00,1304485.14,0.00
7.90,0.00,0.00,59.00,7150.00,0.00,0.00,187.00,1280404.34,0.00
7.90,0.00,0.00,58.00,7151.00,0.00,0.00,187.00,1256901.99,0.00
7.91,0.00,0.00,57.00,7152.00,0.00,0.00,187.00,1233928.11,0.00
7.92,0.00,0.00,57.00,7152.00,0.00,0.00,187.00,1212939.34,0.00
7.92,0.00,0.00,55.00,7154.00,0.00,0.00,187.00,1190759.53,0.00
7.93,0.00,0.00,55.00,7154.00,0.00,0.00,187.00,1170496.22,0.00
7.94,0.00,0.00,53.00,7156.00,0.00,0.00,187.00,1148979.19,0.00
7.94,0.00,0.00,52.00,7157.00,0.00,0.00,187.00,1127819.08,0.00
7.95,0.00,0.00,51.00,7158.00,0.00,0.00,187.00,1106985.04,0.00
7.96,0.00,0.00,51.00,7158.00,0.00,0.00,187.00,1087951.22,0.00
7.97,0.00,0.00,51.00,7158.00,0.00,0.00,187.00,1070562.07,0.00
7.97,0.00,0.00,50.00,7159.00,0.00,0.00,187.00,1053173.15,0.00
7.98,0.00,0.00,48.00,7161.00,0.00,0.00,187.00,1034282.14,0.00
7.99,0.00,0.00,48.00,7161.00,0.00,0.00,187.00,1017023.46,0.00
7.99,0.00,0.00,47.00,7162.00,0.00,0.00,187.00,999753.74,0.00
8.00,0.00,0.00,47.00,7162.00,0.00,0.00,187.00,983976.26,0.00
8.01,0.00,0.00,47.00,7162.00,0.00,0.00,187.00,969562.07,0.00
8.01,0.00,0.00,45.00,7164.00,0.00,0.00,187.00,953388.74,0.00
8.02,0.00,0.00,44.00,7165.00,0.00,0.00,187.00,937110.60,0.00
8.03,0.00,0.00,42.00,7167.00,0.00,0.00,187.00,919234.39,0.00
8.03,0.00,0.00,39.00,7170.00,0.00,0.00,187.00,898395.87,0.00
8.04,0.00,0.00,39.00,7170.00,0.00,0.00,187.00,879357.96,0.00
8.05,0.00,0.00,38.00,7171.00,0.00,0.00,187.00,860462.75,0.00
8.06,0.00,0.00,38.00,7171.00,0.00,0.00,187.00,843200.23,0.00
8.06,0.00,0.00,37.00,7172.00,0.00,0.00,187.00,825927.00,0.00
8.07,0.00,0.00,36.00,7173.00,0.00,0.00,187.00,808644.00,0.00
8.08,0.00,0.00,35.00,7174.00,0.00,0.00,187.00,791352.07,0.00
8.08,0.00,0.00,34.00,7175.00,0.00,0.00,187.00,774051.98,0.00
8.09,0.00,0.00,34.00,7175.00,0.00,0.00,187.00,758246.74,0.00
8.10,0.00,0.00,33.00,7176.00,0.00,0.00,187.00,742304.89,0.00
8.10,0.00,0.00,31.00,7178.00,0.00,0.00,187.00,724735.90,0.00
8.11,0.00,0.00,31.00,7178.00,0.00,0.00,187.00,708685.00,0.00
8.12,0.00,0.00,29.00,7180.00,0.00,0.00,187.00,691016.40,0.00
8.12,0.00,0.00,29.00,7180.00,0.00,0.00,187.00,674874.49,0.00
8.13,0.00,0.00,29.00,7180.00,0.00,0.00,187.00,660127.37,0.00
8.14,0.00,0.00,29.00,7180.00,0.00,0.00,187.00,646654.50,0.00
8.15,0.00,0.00,28.00,7181.00,0.00,0.00,187.00,632843.48,0.00
8.15,0.00,0.00,27.00,7182.00,0.00,0.00,187.00,618723.53,0.00
8.16,0.00,0.00,26.00,7183.00,0.00,0.00,187.00,604321.32,0.00
8.17,0.00,0.00,25.00,7184.00,0.00,0.00,187.00,589661.27,0.00
8.17,0.00,0.00,25.00,7184.00,0.00,0.00,187.00,576267.95,0.00
8.18,0.00,0.00,25.00,7184.00,0.00,0.00,187.00,564031.91,0.00
8.19,0.00,0.00,25.00,7184.00,0.00,0.00,187.00,552853.17,0.00
8.19,0.00,0.00,25.00,7184.00,0.00,0.00,187.00,542640.34,0.00
8.20,0.00,0.00,23.00,7186.00,0.00,0.00,187.00,530305.36,0.00
8.21,0.00,0.00,23.00,7186.00,0.00,0.00,187.00,519036.21,0.00
8.22,0.00,0.00,23.00,7186.00,0.00,0.00,187.00,508740.80,0.00
8.22,0.00,0.00,21.00,7188.00,0.00,0.00,187.00,496330.37,0.00
8.23,0.00,0.00,21.00,7188.00,0.00,0.00,187.00,484992.29,0.00
8.24,0.00,0.00,21.00,7188.00,0.00,0.00,187.00,474633.90,0.00
8.24,0.00,0.00,20.00,7189.00,0.00,0.00,187.00,463668.24,0.00
8.25,0.00,0.00,20.00,7189.00,0.00,0.00,187.00,453650.10,0.00
8.26,0.00,0.00,20.00,7189.00,0.00,0.00,187.00,444497.60,0.00
8.26,0.00,0.00,19.00,7190.00,0.00,0.00,187.00,434633.63,0.00
8.27,0.00,0.00,19.00,7190.00,0.00,0.00,187.00,425621.98,0.00
8.28,0.00,0.00,19.00,7190.00,0.00,0.00,187.00,417389.01,0.00
8.28,0.00,0.00,19.00,7190.00,0.00,0.00,187.00,409867.43,0.00
8.29,0.00,0.00,19.00,7190.00,0.00,0.00,187.00,402995.77,0.00
8.30,0.00,0.00,19.00,7190.00,0.00,0.00,187.00,396717.87,0.00
8.31,0.00,0.00,19.00,7190.00,0.00,0.00,187.00,390982.43,0.00
8.31,0.00,0.00,18.00,7191.00,0.00,0.00,187.00,384240.26,0.00
8.32,0.00,0.00,18.00,7191.00,0.00,0.00,187.00,378080.66,0.00
8.33,0.00,0.00,17.00,7192.00,0.00,0.00,187.00,370950.99,0.00
8.33,0.00,0.00,17.00,7192.00,0.00,0.00,187.00,364437.37,0.00
8.34,0.00,0.00,16.00,7193.00,0.00,0.00,187.00,356984.26,0.00
8.35,0.00,0.00,16.00,7193.00,0.00,0.00,187.00,350175.16,0.00
8.35,0.00,0.00,15.00,7194.00,0.00,0.00,187.00,342452.11,0.00
8.36,0.00,0.00,15.00,7194.00,0.00,0.00,187.00,335396.38,0.00
8.37,0.00,0.00,15.00,7194.00,0.00,0.00,187.00,328950.32,0.00
8.38,0.00,0.00,13.00,7196.00,0.00,0.00,187.00,320056.62,0.00
8.38,0.00,0.00,12.00,7197.00,0.00,0.00,187.00,310429.09,0.00
8.39,0.00,0.00,12.00,7197.00,0.00,0.00,187.00,301633.45,0.00
8.40,0.00,0.00,12.00,7197.00,0.00,0.00,187.00,293597.82,0.00
8.40,0.00,0.00,12.00,7197.00,0.00,0.00,187.00,286256.53,0.00
8.41,0.00,0.00,11.00,7198.00,0.00,0.00,187.00,278047.27,0.00
8.42,0.00,0.00,10.00,7199.00,0.00,0.00,187.00,269045.03,0.00
8.42,0.00,0.00,9.00,7200.00,0.00,0.00,187.00,259318.35,0.00
8.43,0.00,0.00,9.00,7200.00,0.00,0.00,187.00,250432.12,0.00
8.44,0.00,0.00,9.00,7200.00,0.00,0.00,187.00,242313.73,0.00
8.44,0.00,0.00,8.00,7201.00,0.00,0.00,187.00,233394.51,0.00
8.45,0.00,0.00,8.00,7201.00,0.00,0.00,187.00,225245.98,0.00
8.46,0.00,0.00,8.00,7201.00,0.00,0.00,187.00,217801.55,0.00
8.47,0.00,0.00,8.00,7201.00,0.00,0.00,187.00,211000.37,0.00
8.47,0.00,0.00,8.00,7201.00,0.00,0.00,187.00,204786.87,0.00
8.48,0.00,0.00,8.00,7201.00,0.00,0.00,187.00,199110.25,0.00
8.49,0.00,0.00,7.00,7202.00,0.00,0.00,187.00,192421.83,0.00
8.49,0.00,0.00,6.00,7203.00,0.00,0.00,187.00,184809.02,0.00
8.50,0.00,0.00,5.00,7204.00,0.00,0.00,187.00,176351.70,0.00
8.51,0.00,0.00,5.00,7204.00,0.00,0.00,187.00,168625.16,0.00
8.51,0.00,0.00,5.00,7204.00,0.00,0.00,187.00,161566.25,0.00
8.52,0.00,0.00,4.00,7205.00,0.00,0.00,187.00,153614.97,0.00
8.53,0.00,0.00,4.00,7205.00,0.00,0.00,187.00,146350.74,0.00
8.53,0.00,0.00,4.00,7205.00,0.00,0.00,187.00,139714.19,0.00
8.54,0.00,0.00,4.00,7205.00,0.00,0.00,187.00,133651.09,0.00
8.55,0.00,0.00,4.00,7205.00,0.00,0.00,187.00,128111.89,0.00
8.56,0.00,0.00,4.00,7205.00,0.00,0.00,187.00,123051.32,0.00
8.56,0.00,0.00,4.00,7205.00,0.00,0.00,187.00,118428.01,0.00
8.57,0.00,0.00,4.00,7205.00,0.00,0.00,187.00,114204.20,0.00
8.58,0.00,0.00,4.00,7205.00,0.00,0.00,187.00,110345.35,0.00
8.58,0.00,0.00,4.00,7205.00,0.00,0.00,187.00,106819.94,0.00
8.59,0.00,0.00,4.00,7205.00,0.00,0.00,187.00,103599.15,0.00
8.60,0.00,0.00,4.00,7205.00,0.00,0.00,187.00,100656.66,0.00
8.60,0.00,0.00,4.00,7205.00,0.00,0.00,187.00,97968.43,0.00
8.61,0.00,0.00,4.00,7205.00,0.00,0.00,187.00,95512.47,0.00
8.62,0.00,0.00,4.00,7205.00,0.00,0.00,187.00,93268.73,0.00
8.62,0.00,0.00,4.00,7205.00,0.00,0.00,187.00,91218.87,0.00
8.63,0.00,0.00,4.00,7205.00,0.00,0.00,187.00,89346.13,0.00
8.64,0.00,0.00,4.00,7205.00,0.00,0.00,187.00,87635.21,0.00
8.65,0.00,0.00,4.00,7205.00,0.00,0.00,187.00,86072.12,0.00
8.65,0.00,0.00,3.00,7206.00,0.00,0.00,187.00,83141.79,0.00
8.66,0.00,0.00,3.00,7206.00,0.00,0.00,187.00,80464.65,0.00
8.67,0.00,0.00,3.00,7206.00,0.00,0.00,187.00,78018.84,0.00
8.67,0.00,0.00,3.00,7206.00,0.00,0.00,187.00,75784.37,0.00
8.68,0.00,0.00,3.00,7206.00,0.00,0.00,187.00,73742.98,0.00
8.69,0.00,0.00,3.00,7206.00,0.00,0.00,187.00,71877.97,0.00
8.69,0.00,0.00,3.00,7206.00,0.00,0.00,187.00,70174.12,0.00
8.70,0.00,0.00,3.00,7206.00,0.00,0.00,187.00,68617.49,0.00
8.71,0.00,0.00,3.00,7206.00,0.00,0.00,187.00,67195.36,0.00
8.72,0.00,0.00,3.00,7206.00,0.00,0.00,187.00,65896.12,0.00
8.72,0.00,0.00,3.00,7206.00,0.00,0.00,187.00,64709.14,0.00
8.73,0.00,0.00,3.00,7206.00,0.00,0.00,187.00,63624.73,0.00
8.74,0.00,0.00,3.00,7206.00,0.00,0.00,187.00,62634.01,0.00
8.74,0.00,0.00,3.00,7206.00,0.00,0.00,187.00,61728.91,0.00
8.75,0.00,0.00,3.00,7206.00,0.00,0.00,187.00,60902.01,0.00
8.76,0.00,0.00,3.00,7206.00,0.00,0.00,187.00,60146.56,0.00
8.76,0.00,0.00,3.00,7206.00,0.00,0.00,187.00,59456.38,0.00
8.77,0.00,0.00,3.00,7206.00,0.00,0.00,187.00,58825.85,0.00
8.78,0.00,0.00,3.00,7206.00,0.00,0.00,187.00,58249.79,0.00
8.78,0.00,0.00,3.00,7206.00,0.00,0.00,187.00,57723.52,0.00
8.79,0.00,0.00,3.00,7206.00,0.00,0.00,187.00,57242.71,0.00
8.80,0.00,0.00,3.00,7206.00,0.00,0.00,187.00,56803.45,0.00
8.81,0.00,0.00,3.00,7206.00,0.00,0.00,187.00,56402.15,0.00
8.81,0.00,0.00,3.00,7206.00,0.00,0.00,187.00,56035.52,0.00
8.82,0.00,0.00,3.00,7206.00,0.00,0.00,187.00,55700.57,0.00
8.83,0.00,0.00,3.00,7206.00,0.00,0.00,187.00,55394.57,0.00
8.83,0.00,0.00,3.00,7206.00,0.00,0.00,187.00,55115.00,0.00
8.84,0.00,0.00,3.00,7206.00,0.00,0.00,187.00,54859.59,0.00
8.85,0.00,0.00,2.00,7207.00,0.00,0.00,187.00,53123.94,0.00
8.85,0.00,0.00,2.00,7207.00,0.00,0.00,187.00,51538.26,0.00
8.86,0.00,0.00,2.00,7207.00,0.00,0.00,187.00,50089.60,0.00
8.87,0.00,0.00,2.00,7207.00,0.00,0.00,187.00,48766.11,0.00
8.88,0.00,0.00,2.00,7207.00,0.00,0.00,187.00,47556.98,0.00
8.88,0.00,0.00,2.00,7207.00,0.00,0.00,187.00,46452.32,0.00
8.89,0.00,0.00,1.00,7208.00,0.00,0.00,187.00,43940.81,0.00
8.90,0.00,0.00,1.00,7208.00,0.00,0.00,187.00,41646.31,0.00
8.90,0.00,0.00,1.00,7208.00,0.00,0.00,187.00,39550.07,0.00
8.91,0.00,0.00,1.00,7208.00,0.00,0.00,187.00,37634.96,0.00
8.92,0.00,0.00,1.00,7208.00,0.00,0.00,187.00,35885.33,0.00
8.92,0.00,0.00,1.00,7208.00,0.00,0.00,187.00,34286.88,0.00
8.93,0.00,0.00,0.00,7209.00,0.00,0.00,187.00,31324.24,0.00
8.94,0.00,0.00,0.00,7209.00,0.00,0.00,187.00,28617.59,0.00
8.94,0.00,0.00,0.00,7209.00,0.00,0.00,187.00,26144.81,0.00
8.95,0.00,0.00,0.00,7209.00,0.00,0.00,187.00,23885.70,0.00
8.96,0.00,0.00,0.00,7209.00,0.00,0.00,187.00,21821.80,0.00
8.97,0.00,0.00,0.00,7209.00,0.00,0.00,187.00,19936.23,0.00
8.97,0.00,0.00,0.00,7209.00,0.00,0.00,187.00,18213.59,0.00
8.98,0.00,0.00,0.00,7209.00,0.00,0.00,187.00,16639.80,0.00
8.99,0.00,0.00,0.00,7209.00,0.00,0.00,187.00,15202.00,0.00
8.99,0.00,0.00,0.00,7209.00,0.00,0.00,187.00,13888.43,0.00
9.00,0.00,0.00,0.00,7209.00,0.00,0.00,187.00,12688.37,0.00
9.01,0.00,0.00,0.00,7209.00,0.00,0.00,187.00,11592.00,0.00
9.01,0.00,0.00,0.00,7209.00,0.00,0.00,187.00,10590.36,0.00
9.02,0.00,0.00,0.00,7209.00,0.00,0.00,187.00,9675.27,0.00
9.03,0.00,0.00,0.00,7209.00,0.00,0.00,187.00,8839.26,0.00
9.03,0.00,0.00,0.00,7209.00,0.00,0.00,187.00,8075.48,0.00
9.04,0.00,0.00,0.00,7209.00,0.00,0.00,187.00,7377.70,0.00
9.05,0.00,0.00,0.00,7209.00,0.00,0.00,187.00,6740.21,0.00
9.06,0.00,0.00,0.00,7209.00,0.00,0.00,187.00,6157.80,0.00
9.06,0.00,0.00,0.00,7209.00,0.00,0.00,187.00,5625.72,0.00
9.07,0.00,0.00,0.00,7209.00,0.00,0.00,187.00,5139.62,0.00
9.08,0.00,0.00,0.00,7209.00,0.00,0.00,187.00,4695.52,0.00
9.08,0.00,0.00,0.00,7209.00,0.00,0.00,187.00,4289.79,0.00
9.09,0.00,0.00,0.00,7209.00,0.00,0.00,187.00,3919.12,0.00
9.10,0.00,0.00,0.00,7209.00,0.00,0.00,187.00,3580.48,0.00
9.10,0.00,0.00,0.00,7209.00,0.00,0.00,187.00,3271.10,0.00
9.11,0.00,0.00,0.00,7209.00,0.00,0.00,187.00,2988.45,0.00
9.12,0.00,0.00,0.00,7209.00,0.00,0.00,187.00,2730.23,0.00
9.12,0.00,0.00,0.00,7209.00,0.00,0.00,187.00,2494.31,0.00
9.13,0.00,0.00,0.00,7209.00,0.00,0.00,187.00,2278.79,0.00
9.14,0.00,0.00,0.00,7209.00,0.00,0.00,187.00,2081.88,0.00
9.15,0.00,0.00,0.00,7209.00,0.00,0.00,187.00,1901.99,0.00
9.15,0.00,0.00,0.00,7209.00,0.00,0.00,187.00,1737.65,0.00
9.16,0.00,0.00,0.00,7209.00,0.00,0.00,187.00,1587.50,0.00
9.17,0.00,0.00,0.00,7209.00,0.00,0.00,187.00,1450.33,0.00
9.17,0.00,0.00,0.00,7209.00,0.00,0.00,187.00,1325.01,0.00
9.18,0.00,0.00,0.00,7209.00,0.00,0.00,187.00,1210.52,0.00
9.19,0.00,0.00,0.00,7209.00,0.00,0.00,187.00,1105.92,0.00
9.19,0.00,0.00,0.00,7209.00,0.00,0.00,187.00,1010.36,0.00
9.20,0.00,0.00,0.00,7209.00,0.00,0.00,187.00,923.06,0.00
9.21,0.00,0.00,0.00,7209.00,0.00,0.00,187.00,843.30,0.00
9.22,0.00,0.00,0.00,7209.00,0.00,0.00,187.00,770.43,0.00
9.22,0.00,0.00,0.00,7209.00,0.00,0.00,187.00,703.86,0.00
9.23,0.00,0.00,0.00,7209.00,0.00,0.00,187.00,643.04,0.00
9.24,0.00,0.00,0.00,7209.00,0.00,0.00,187.00,587.48,0.00
9.24,0.00,0.00,0.00,7209.00,0.00,0.00,187.00,536.72,0.00
9.25,0.00,0.00,0.00,7209.00,0.00,0.00,187.00,490.34,0.00
9.26,0.00,0.00,0.00,7209.00,0.00,0.00,187.00,447.97,0.00
9.26,0.00,0.00,0.00,7209.00,0.00,0.00,187.00,409.26,0.00
9.27,0.00,0.00,0.00,7209.00,0.00,0.00,187.00,373.90,0.00
9.28,0.00,0.00,0.00,7209.00,0.00,0.00,187.00,341.59,0.00
9.28,0.00,0.00,0.00,7209.00,0.00,0.00,187.00,312.08,0.00
9.29,0.00,0.00,0.00,7209.00,0.00,0.00,187.00,285.11,0.00
9.30,0.00,0.00,0.00,7209.00,0.00,0.00,187.00,260.47,0.00
9.31,0.00,0.00,0.00,7209.00,0.00,0.00,187.00,237.97,0.00
9.31,0.00,0.00,0.00,7209.00,0.00,0.00,187.00,217.40,0.00
9.32,0.00,0.00,0.00,7209.00,0.00,0.00,187.00,198.62,0.00
9.33,0.00,0.00,0.00,7209.00,0.00,0.00,187.00,181.46,0.00
9.33,0.00,0.00,0.00,7209.00,0.00,0.00,187.00,165.78,0.00
9.34,0.00,0.00,0.00,7209.00,0.00,0.00,187.00,151.45,0.00
9.35,0.00,0.00,0.00,7209.00,0.00,0.00,187.00,138.37,0.00
9.35,0.00,0.00,0.00,7209.00,0.00,0.00,187.00,126.41,0.00
9.36,0.00,0.00,0.00,7209.00,0.00,0.00,187.00,115.49,0.00
9.37,0.00,0.00,0.00,7209.00,0.00,0.00,187.00,105.51,0.00
9.38,0.00,0.00,0.00,7209.00,0.00,0.00,187.00,96.39,0.00
9.38,0.00,0.00,0.00,7209.00,0.00,0.00,187.00,88.06,0.00
9.39,0.00,0.00,0.00,7209.00,0.00,0.00,187.00,80.45,0.00
9.40,0.00,0.00,0.00,7209.00,0.00,0.00,187.00,73.50,0.00
9.40,0.00,0.00,0.00,7209.00,0.00,0.00,187.00,67.15,0.00
9.41,0.00,0.00,0.00,7209.00,0.00,0.00,187.00,61.35,0.00
9.42,0.00,0.00,0.00,7209.00,0.00,0.00,187.00,56.05,0.00
9.42,0.00,0.00,0.00,7209.00,0.00,0.00,187.00,51.20,0.00
9.43,0.00,0.00,0.00,7209.00,0.00,0.00,187.00,46.78,0.00
9.44,0.00,0.00,0.00,7209.00,0.00,0.00,187.00,42.74,0.00
9.44,0.00,0.00,0.00,7209.00,0.00,0.00,187.00,39.05,0.00
9.45,0.00,0.00,0.00,7209.00,0.00,0.00,187.00,35.67,0.00
9.46,0.00,0.00,0.00,7209.00,0.00,0.00,187.00,32.59,0.00
9.47,0.00,0.00,0.00,7209.00,0.00,0.00,187.00,29.77,0.00
9.47,0.00,0.00,0.00,7209.00,0.00,0.00,187.00,27.20,0.00
9.48,0.00,0.00,0.00,7209.00,0.00,0.00,187.00,24.85,0.00
9.49,0.00,0.00,0.00,7209.00,0.00,0.00,187.00,22.70,0.00
9.49,0.00,0.00,0.00,7209.00,0.00,0.00,187.00,20.74,0.00
9.50,0.00,0.00,0.00,7209.00,0.00,0.00,187.00,18.95,0.00
9.51,0.00,0.00,0.00,7209.00,0.00,0.00,187.00,17.31,0.00
9.51,0.00,0.00,0.00,7209.00,0.00,0.00,187.00,15.82,0.00
9.52,0.00,0.00,0.00,7209.00,0.00,0.00,187.00,14.45,0.00
9.53,0.00,0.00,0.00,7209.00,0.00,0.00,187.00,13.20,0.00
9.53,0.00,0.00,0.00,7209.00,0.00,0.00,187.00,12.06,0.00
9.54,0.00,0.00,0.00,7209.00,0.00,0.00,187.00,11.02,0.00
9.55,0.00,0.00,0.00,7209.00,0.00,0.00,187.00,10.07,0.00
9.56,0.00,0.00,0.00,7209.00,0.00,0.00,187.00,9.20,0.00
9.56,0.00,0.00,0.00,7209.00,0.00,0.00,187.00,8.40,0.00
9.57,0.00,0.00,0.00,7209.00,0.00,0.00,187.00,7.68,0.00
9.58,0.00,0.00,0.00,7209.00,0.00,0.00,187.00,7.01,0.00
9.58,0.00,0.00,0.00,7209.00,0.00,0.00,187.00,6.41,0.00
9.59,0.00,0.00,0.00,7209.00,0.00,0.00,187.00,5.85,0.00
9.60,0.00,0.00,0.00,7209.00,0.00,0.00,187.00,5.35,0.00
9.60,0.00,0.00,0.00,7209.00,0.00,0.00,187.00,4.89,0.00
9.61,0.00,0.00,0.00,7209.00,0.00,0.00,187.00,4.46,0.00
9.62,0.00,0.00,0.00,7209.00,0.00,0.00,187.00,4.08,0.00
9.62,0.00,0.00,0.00,7209.00,0.00,0.00,187.00,3.73,0.00
9.63,0.00,0.00,0.00,7209.00,0.00,0.00,187.00,3.40,0.00
9.64,0.00,0.00,0.00,7209.00,0.00,0.00,187.00,3.11,0.00
9.65,0.00,0.00,0.00,7209.00,0.00,0.00,187.00,2.84,0.00
9.65,0.00,0.00,0.00,7209.00,0.00,0.00,187.00,2.60,0.00
9.66,0.00,0.00,0.00,7209.00,0.00,0.00,187.00,2.37,0.00
9.67,0.00,0.00,0.00,7209.00,0.00,0.00,187.00,2.17,0.00
9.67,0.00,0.00,0.00,7209.00,0.00,0.00,187.00,1.98,0.00
9.68,0.00,0.00,0.00,7209.00,0.00,0.00,187.00,1.81,0.00
9.69,0.00,0.00,0.00,7209.00,0.00,0.00,187.00,1.65,0.00
9.69,0.00,0.00,0.00,7209.00,0.00,0.00,187.00,1.51,0.00
9.70,0.00,0.00,0.00,7209.00,0.00,0.00,187.00,1.38,0.00
9.71,0.00,0.00,0.00,7209.00,0.00,0.00,187.00,1.26,0.00
9.72,0.00,0.00,0.00,7209.00,0.00,0.00,187.00,1.15,0.00
9.72,0.00,0.00,0.00,7209.00,0.00,0.00,187.00,1.05,0.00
9.73,0.00,0.00,0.00,7209.00,0.00,0.00,187.00,0.96,0.00
9.74,0.00,0.00,0.00,7209.00,0.00,0.00,187.00,0.88,0.00
9.74,0.00,0.00,0.00,7209.00,0.00,0.00,187.00,0.80,0.00
9.75,0.00,0.00,0.00,7209.00,0.00,0.00,187.00,0.73,0.00
9.76,0.00,0.00,0.00,7209.00,0.00,0.00,187.00,0.67,0.00
9.76,0.00,0.00,0.00,7209.00,0.00,0.00,187.00,0.61,0.00
9.77,0.00,0.00,0.00,7209.00,0.00,0.00,187.00,0.56,0.00
9.78,0.00,0.00,0.00,7209.00,0.00,0.00,187.00,0.51,0.00
9.78,0.00,0.00,0.00,7209.00,0.00,0.00,187.00,0.47,0.00
9.79,0.00,0.00,0.00,7209.00,0.00,0.00,187.00,0.43,0.00
9.80,0.00,0.00,0.00,7209.00,0.00,0.00,187.00,0.39,0.00
9.81,0.00,0.00,0.00,7209.00,0.00,0.00,187.00,0.36,0.00
9.81,0.00,0.00,0.00,7209.00,0.00,0.00,187.00,0.32,0.00
9.82,0.00,0.00,0.00,7209.00,0.00,0.00,187.00,0.30,0.00
9.83,0.00,0.00,0.00,7209.00,0.00,0.00,187.00,0.27,0.00
9.83,0.00,0.00,0.00,7209.00,0.00,0.00,187.00,0.25,0.00
9.84,0.00,0.00,0.00,7209.00,0.00,0.00,187.00,0.23,0.00
9.85,0.00,0.00,0.00,7209.00,0.00,0.00,187.00,0.21,0.00
9.85,0.00,0.00,0.00,7209.00,0.00,0.00,187.00,0.19,0.00
9.86,0.00,0.00,0.00,7209.00,0.00,0.00,187.00,0.17,0.00
9.87,0.00,0.00,0.00,7209.00,0.00,0.00,187.00,0.16,0.00
9.88,0.00,0.00,0.00,7209.00,0.00,0.00,187.00,0.14,0.00
9.88,0.00,0.00,0.00,7209.00,0.00,0.00,187.00,0.13,0.00
9.89,0.00,0.00,0.00,7209.00,0.00,0.00,187.00,0.12,0.00
9.90,0.00,0.00,0.00,7209.00,0.00,0.00,187.00,0.11,0.00
9.90,0.00,0.00,0.00,7209.00,0.00,0.00,187.00,0.10,0.00
9.91,0.00,0.00,0.00,7209.00,0.00,0.00,187.00,0.09,0.00
9.92,0.00,0.00,0.00,7209.00,0.00,0.00,187.00,0.08,0.00
9.92,0.00,0.00,0.00,7209.00,0.00,0.00,187.00,0.08,0.00
9.93,0.00,0.00,0.00,7209.00,0.00,0.00,187.00,0.07,0.00
9.94,0.00,0.00,0.00,7209.00,0.00,0.00,187.00,0.06,0.00
9.94,0.00,0.00,0.00,7209.00,0.00,0.00,187.00,0.06,0.00
9.95,0.00,0.00,0.00,7209.00,0.00,0.00,187.00,0.05,0.00
9.96,0.00,0.00,0.00,7209.00,0.00,0.00,187.00,0.05,0.00
9.97,0.00,0.00,0.00,7209.00,0.00,0.00,187.00,0.04,0.00
9.97,0.00,0.00,0.00,7209.00,0.00,0.00,187.00,0.04,0.00
9.98,0.00,0.00,0.00,7209.00,0.00,0.00,187.00,0.04,0.00
9.99,0.00,0.00,0.00,7209.00,0.00,0.00,187.00,0.03,0.00
9.99,0.00,0.00,0.00,7209.00,0.00,0.00,187.00,0.03,0.00
