Time,U,AI1,AI2,AD,BI2,BI2,BD,VA,VB
0.00,7395.00,0.00,0.00,0.00,1.00,0.00,0.00,75.00,75.00
0.01,7392.00,2.00,0.00,0.00,2.00,0.00,0.00,68.23,68.47
0.01,7391.00,3.00,0.00,0.00,2.00,0.00,0.00,62.07,62.51
0.02,7390.00,4.00,0.00,0.00,2.00,0.00,0.00,56.47,57.06
0.03,7390.00,4.00,0.00,0.00,2.00,0.00,0.00,51.37,52.10
0.03,7389.00,4.00,0.00,0.00,3.00,0.00,0.00,46.73,47.56
0.04,7388.00,4.00,1.00,0.00,3.00,0.00,0.00,192.74,43.42
0.05,7384.00,5.00,1.00,0.00,6.00,0.00,0.00,325.57,39.64
0.06,7383.00,5.00,1.00,0.00,7.00,0.00,0.00,446.41,36.19
0.06,7382.00,5.00,1.00,0.00,8.00,0.00,0.00,556.34,33.03
0.07,7382.00,4.00,2.00,0.00,8.00,0.00,0.00,806.58,30.16
0.08,7381.00,4.00,2.00,0.00,9.00,0.00,0.00,1034.23,27.53
0.08,7381.00,4.00,2.00,0.00,9.00,0.00,0.00,1241.32,25.13
0.09,7380.00,4.00,2.00,0.00,10.00,0.00,0.00,1429.72,22.95
0.10,7379.00,5.00,2.00,0.00,9.00,1.00,0.00,1601.11,35.97
0.10,7378.00,6.00,2.00,0.00,9.00,1.00,0.00,1757.03,47.86
0.11,7376.00,4.00,4.00,0.00,10.00,2.00,0.00,2199.33,73.74
0.12,7375.00,5.00,4.00,0.00,10.00,2.00,0.00,2601.71,97.37
0.12,7375.00,5.00,4.00,0.00,10.00,2.00,0.00,2967.76,118.93
0.13,7373.00,7.00,4.00,0.00,9.00,3.00,0.00,3300.76,153.65
0.14,7373.00,7.00,3.00,1.00,9.00,3.00,0.00,3453.47,185.34
0.15,7371.00,7.00,5.00,1.00,9.00,3.00,0.00,3892.85,214.27
0.15,7365.00,10.00,5.00,1.00,12.00,3.00,0.00,4292.57,240.68
0.16,7361.00,13.00,6.00,1.00,12.00,3.00,0.00,4806.44,264.79
0.17,7354.00,14.00,7.00,1.00,15.00,5.00,0.00,5424.14,316.85
0.17,7352.00,14.00,7.00,1.00,17.00,5.00,0.00,5986.08,364.38
0.18,7344.00,15.00,7.00,1.00,24.00,5.00,0.00,6497.29,407.76
0.19,7342.00,16.00,7.00,2.00,23.00,5.00,1.00,6962.35,447.37
0.19,7341.00,16.00,7.00,2.00,22.00,7.00,1.00,7385.42,513.58
0.20,7333.00,18.00,7.00,2.00,27.00,8.00,1.00,7770.30,589.04
0.21,7327.00,20.00,9.00,3.00,28.00,8.00,1.00,8420.90,657.94
0.22,7325.00,18.00,12.00,3.00,29.00,8.00,1.00,9463.46,720.83
0.22,7318.00,17.00,14.00,3.00,33.00,9.00,2.00,10712.36,793.27
0.23,7310.00,20.00,14.00,5.00,35.00,10.00,2.00,11848.51,874.43
0.24,7300.00,19.00,15.00,5.00,45.00,10.00,2.00,13032.32,948.52
0.24,7291.00,19.00,15.00,5.00,53.00,11.00,2.00,14109.26,1031.18
0.25,7285.00,19.00,16.00,5.00,56.00,13.00,2.00,15239.21,1136.69
0.26,7276.00,23.00,15.00,6.00,58.00,16.00,2.00,16116.92,1278.08
0.26,7268.00,22.00,17.00,6.00,64.00,17.00,2.00,17215.85,1422.18
0.27,7261.00,23.00,17.00,6.00,69.00,18.00,2.00,18215.58,1568.76
0.28,7251.00,26.00,19.00,6.00,70.00,22.00,2.00,19425.51,1762.67
0.28,7241.00,29.00,19.00,6.00,74.00,25.00,2.00,20526.21,1984.76
0.29,7229.00,34.00,20.00,6.00,75.00,29.00,3.00,21677.78,2247.61
0.30,7221.00,33.00,21.00,7.00,79.00,30.00,5.00,22875.62,2502.59
0.31,7207.00,38.00,21.00,7.00,85.00,33.00,5.00,23965.31,2780.44
0.31,7199.00,36.00,22.00,8.00,92.00,34.00,5.00,25106.87,3049.11
0.32,7188.00,35.00,23.00,9.00,101.00,35.00,5.00,26295.60,3309.42
0.33,7180.00,36.00,25.00,10.00,105.00,34.00,6.00,27677.47,3532.03
0.33,7171.00,36.00,25.00,10.00,110.00,37.00,7.00,28934.59,3780.33
0.34,7163.00,38.00,26.00,10.00,113.00,37.00,9.00,30228.46,4007.01
0.35,7150.00,42.00,26.00,10.00,116.00,43.00,9.00,31405.52,4304.09
0.35,7132.00,42.00,26.00,11.00,128.00,47.00,10.00,32476.31,4635.40
0.36,7116.00,43.00,26.00,12.00,137.00,51.00,11.00,33450.44,4997.94
0.37,7100.00,40.00,29.00,13.00,143.00,59.00,12.00,34787.31,5449.11
0.38,7085.00,42.00,31.00,13.00,150.00,59.00,16.00,36303.96,5860.99
0.38,7061.00,43.00,32.00,13.00,166.00,65.00,16.00,37833.92,6327.14
0.39,7042.00,45.00,34.00,13.00,175.00,69.00,18.00,39526.23,6812.79
0.40,7024.00,45.00,35.00,14.00,185.00,74.00,19.00,41215.98,7331.27
0.40,6996.00,50.00,35.00,16.00,197.00,82.00,20.00,42753.19,7924.79
0.41,6974.00,50.00,37.00,16.00,213.00,84.00,22.00,44452.09,8496.67
0.42,6959.00,53.00,36.00,18.00,220.00,85.00,25.00,45847.38,9033.78
0.42,6938.00,52.00,41.00,18.00,231.00,91.00,25.00,47867.87,9614.26
0.43,6922.00,50.00,42.00,19.00,238.00,99.00,26.00,49856.18,10264.38
0.44,6896.00,53.00,44.00,20.00,254.00,100.00,29.00,51965.45,10872.91
0.44,6867.00,51.00,46.00,21.00,274.00,107.00,30.00,54184.77,11533.62
0.45,6837.00,53.00,48.00,21.00,292.00,114.00,31.00,56504.19,12241.95
0.46,6818.00,54.00,49.00,23.00,302.00,116.00,34.00,58764.45,12918.65
0.47,6785.00,55.00,48.00,26.00,325.00,122.00,35.00,60670.43,13626.57
0.47,6762.00,57.00,49.00,27.00,335.00,130.00,36.00,62554.58,14393.03
0.48,6728.00,58.00,46.00,30.00,361.00,134.00,39.00,63817.93,15152.84
0.49,6696.00,62.00,47.00,33.00,369.00,146.00,43.00,65117.46,16026.77
0.49,6672.00,64.00,47.00,33.00,383.00,153.00,44.00,66299.67,16929.76
0.50,6642.00,68.00,46.00,36.00,396.00,160.00,48.00,67224.93,17859.28
0.51,6619.00,67.00,47.00,37.00,403.00,171.00,52.00,68216.88,18873.12
0.51,6589.00,73.00,47.00,37.00,415.00,176.00,59.00,69119.28,19873.80
0.52,6564.00,73.00,48.00,39.00,421.00,189.00,62.00,70090.45,20982.64
0.53,6536.00,72.00,49.00,41.00,438.00,193.00,67.00,71124.18,22055.02
0.53,6502.00,73.00,52.00,41.00,453.00,204.00,71.00,72515.27,23199.27
0.54,6476.00,74.00,54.00,42.00,462.00,212.00,76.00,74081.25,24364.08
0.55,6447.00,77.00,52.00,45.00,478.00,220.00,77.00,75205.39,25547.64
0.56,6417.00,75.00,56.00,45.00,496.00,225.00,82.00,76828.96,26703.25
0.56,6388.00,74.00,53.00,51.00,511.00,233.00,86.00,77855.28,27878.43
0.57,6362.00,73.00,53.00,53.00,521.00,246.00,88.00,78788.93,29146.58
0.58,6325.00,77.00,54.00,53.00,541.00,254.00,92.00,79788.54,30424.48
0.58,6283.00,80.00,56.00,54.00,566.00,259.00,98.00,80998.36,31666.23
0.59,6260.00,77.00,60.00,56.00,568.00,276.00,99.00,82699.89,33055.24
0.60,6234.00,77.00,59.00,59.00,573.00,292.00,102.00,84097.57,34563.68
0.60,6201.00,77.00,59.00,61.00,592.00,302.00,104.00,85369.08,36090.99
0.61,6176.00,77.00,57.00,64.00,594.00,318.00,110.00,86225.33,37725.69
0.62,6135.00,80.00,57.00,66.00,618.00,327.00,113.00,87004.29,39353.25
0.62,6094.00,83.00,54.00,70.00,635.00,346.00,114.00,87262.22,41124.53
0.63,6064.00,84.00,53.00,74.00,640.00,366.00,115.00,87346.64,43042.03
0.64,6023.00,81.00,58.00,75.00,660.00,379.00,120.00,88174.60,44987.87
0.65,5989.00,79.00,60.00,77.00,673.00,396.00,122.00,89228.27,47019.66
0.65,5950.00,78.00,60.00,81.00,688.00,415.00,124.00,90186.82,49159.97
0.66,5918.00,81.00,62.00,82.00,696.00,426.00,131.00,91359.30,51279.17
0.67,5876.00,81.00,61.00,85.00,712.00,447.00,134.00,92275.69,53529.32
0.67,5835.00,78.00,65.00,86.00,723.00,473.00,136.00,93710.29,55974.14
0.68,5791.00,82.00,68.00,87.00,737.00,488.00,143.00,95466.06,58431.42
0.69,5749.00,84.00,68.00,88.00,761.00,495.00,151.00,97063.33,60779.89
0.69,5700.00,87.00,71.00,89.00,785.00,509.00,155.00,98967.09,63134.19
0.70,5643.00,94.00,69.00,93.00,808.00,532.00,157.00,100398.52,65629.02
0.71,5603.00,96.00,71.00,94.00,823.00,547.00,162.00,102001.19,68131.96
0.72,5562.00,98.00,73.00,94.00,838.00,560.00,171.00,103759.64,70612.25
0.72,5513.00,97.00,72.00,97.00,858.00,583.00,176.00,105209.10,73222.10
0.73,5469.00,99.00,71.00,100.00,873.00,606.00,178.00,106377.48,75950.23
0.74,5431.00,104.00,73.00,100.00,873.00,633.00,182.00,107740.85,78846.42
0.74,5381.00,106.00,74.00,102.00,901.00,645.00,187.00,109131.36,81670.71
0.75,5325.00,107.00,73.00,104.00,920.00,678.00,189.00,110246.11,84744.83
0.76,5271.00,108.00,75.00,107.00,943.00,696.00,196.00,111560.69,87821.68
0.76,5212.00,108.00,76.00,110.00,973.00,712.00,205.00,112906.81,90870.98
0.77,5168.00,109.00,77.00,113.00,987.00,728.00,214.00,114281.65,93895.14
0.78,5123.00,109.00,80.00,114.00,995.00,753.00,222.00,115983.06,97031.53
0.78,5084.00,106.00,81.00,116.00,997.00,783.00,229.00,117681.11,100345.52
0.79,5044.00,105.00,85.00,118.00,1010.00,800.00,234.00,119826.78,103626.34
0.80,4997.00,109.00,85.00,119.00,1019.00,830.00,237.00,121778.75,107072.16
0.81,4949.00,111.00,85.00,121.00,1027.00,854.00,249.00,123554.49,110578.49
0.81,4889.00,108.00,89.00,124.00,1058.00,874.00,254.00,125770.86,114079.97
0.82,4836.00,111.00,89.00,128.00,1075.00,897.00,260.00,127787.13,117622.08
0.83,4777.00,116.00,87.00,130.00,1092.00,925.00,269.00,129320.92,121276.41
0.83,4728.00,114.00,91.00,132.00,1109.00,947.00,275.00,131317.16,124943.05
0.84,4668.00,120.00,93.00,132.00,1130.00,971.00,282.00,133433.65,128650.96
0.85,4617.00,120.00,96.00,133.00,1144.00,997.00,289.00,135809.77,132426.60
0.85,4564.00,120.00,100.00,134.00,1153.00,1027.00,298.00,138572.29,136324.17
0.86,4495.00,117.00,107.00,134.00,1178.00,1058.00,307.00,142137.05,140348.07
0.87,4429.00,121.00,106.00,136.00,1198.00,1091.00,315.00,145229.75,144517.35
0.88,4362.00,122.00,109.00,136.00,1231.00,1115.00,321.00,148493.95,148684.14
0.88,4286.00,121.00,115.00,138.00,1264.00,1143.00,329.00,152364.84,152908.75
0.89,4229.00,122.00,117.00,140.00,1276.00,1167.00,345.00,156186.75,157126.05
0.90,4166.00,119.00,117.00,145.00,1307.00,1188.00,354.00,159663.62,161291.61
0.90,4112.00,121.00,117.00,146.00,1324.00,1217.00,359.00,162826.61,165530.13
0.91,4052.00,123.00,117.00,148.00,1341.00,1254.00,361.00,165704.05,169955.42
0.92,3999.00,125.00,115.00,152.00,1352.00,1285.00,368.00,168021.26,174461.10
0.92,3957.00,126.00,116.00,154.00,1348.00,1322.00,373.00,170279.50,179130.29
0.93,3898.00,128.00,114.00,158.00,1366.00,1349.00,383.00,172033.42,183798.53
0.94,3837.00,131.00,112.00,161.00,1383.00,1386.00,386.00,173328.53,188616.14
0.94,3777.00,135.00,110.00,164.00,1400.00,1418.00,392.00,174206.26,193494.99
0.95,3718.00,133.00,116.00,164.00,1414.00,1454.00,397.00,175906.14,198489.84
0.96,3675.00,131.00,115.00,168.00,1433.00,1472.00,402.00,177302.32,203320.18
0.97,3619.00,132.00,114.00,172.00,1433.00,1518.00,408.00,178422.23,208420.97
0.97,3552.00,130.00,117.00,173.00,1463.00,1548.00,413.00,179891.73,213528.30
0.98,3508.00,129.00,115.00,177.00,1455.00,1596.00,416.00,180928.11,218912.01
0.99,3467.00,130.00,113.00,181.00,1456.00,1625.00,424.00,181570.46,224262.61
0.99,3401.00,130.00,113.00,184.00,1470.00,1668.00,430.00,182154.82,229793.28
1.00,3342.00,133.00,114.00,186.00,1478.00,1705.00,438.00,182836.65,235398.23
1.01,3284.00,132.00,121.00,186.00,1485.00,1746.00,442.00,184508.56,241131.06
1.01,3221.00,134.00,119.00,189.00,1494.00,1789.00,450.00,185729.06,247010.70
1.02,3168.00,135.00,121.00,191.00,1499.00,1821.00,461.00,187139.84,252859.10
1.03,3121.00,136.00,122.00,192.00,1494.00,1865.00,466.00,188573.49,258859.27
1.03,3066.00,135.00,125.00,194.00,1508.00,1894.00,474.00,190328.41,264772.63
1.04,3007.00,133.00,128.00,196.00,1526.00,1917.00,489.00,192375.59,270516.62
1.05,2949.00,135.00,126.00,200.00,1548.00,1943.00,495.00,193937.50,276151.04
1.06,2899.00,133.00,130.00,200.00,1562.00,1969.00,503.00,195959.32,281685.44
1.06,2831.00,137.00,131.00,202.00,1578.00,2007.00,510.00,197948.85,287308.80
1.07,2776.00,139.00,134.00,204.00,1574.00,2049.00,520.00,200209.46,293073.48
1.08,2738.00,139.00,137.00,204.00,1567.00,2086.00,525.00,202716.69,298892.04
1.08,2687.00,133.00,145.00,204.00,1566.00,2134.00,527.00,206199.42,304925.06
1.09,2632.00,130.00,151.00,206.00,1566.00,2174.00,537.00,210269.12,311033.68
1.10,2569.00,131.00,151.00,209.00,1578.00,2210.00,548.00,213971.42,317151.21
1.10,2526.00,132.00,152.00,212.00,1569.00,2248.00,557.00,217489.72,323306.93
1.11,2479.00,135.00,152.00,216.00,1564.00,2282.00,568.00,220690.39,329437.42
1.12,2432.00,137.00,154.00,219.00,1564.00,2318.00,572.00,223902.57,335574.92
1.12,2390.00,136.00,157.00,220.00,1554.00,2363.00,576.00,227275.46,341854.04
1.13,2334.00,140.00,157.00,221.00,1565.00,2396.00,583.00,230343.86,348082.15
1.14,2290.00,142.00,161.00,221.00,1555.00,2439.00,588.00,233736.16,354413.95
1.15,2241.00,145.00,161.00,224.00,1550.00,2482.00,593.00,236822.23,360840.39
1.15,2204.00,141.00,162.00,228.00,1542.00,2522.00,597.00,239779.91,367308.16
1.16,2160.00,143.00,162.00,231.00,1545.00,2549.00,606.00,242470.59,373618.37
1.17,2102.00,144.00,162.00,237.00,1550.00,2589.00,612.00,244918.36,379980.04
1.17,2047.00,144.00,161.00,242.00,1560.00,2622.00,620.00,246994.91,386283.52
1.18,2002.00,147.00,165.00,243.00,1556.00,2655.00,628.00,249484.93,392533.89
1.19,1959.00,148.00,167.00,247.00,1539.00,2703.00,633.00,252050.61,398961.10
1.19,1901.00,145.00,171.00,249.00,1537.00,2752.00,641.00,254985.60,405564.80
1.20,1857.00,144.00,171.00,251.00,1537.00,2788.00,648.00,257655.62,412134.30
1.21,1818.00,142.00,173.00,257.00,1534.00,2816.00,656.00,260385.06,418552.40
1.22,1764.00,142.00,173.00,259.00,1551.00,2845.00,662.00,262868.09,424847.31
1.22,1707.00,141.00,178.00,260.00,1567.00,2876.00,667.00,265878.12,431059.80
1.23,1674.00,136.00,182.00,262.00,1552.00,2912.00,678.00,269217.33,437272.17
1.24,1619.00,137.00,184.00,264.00,1558.00,2950.00,684.00,272555.55,443514.47
1.24,1581.00,132.00,183.00,271.00,1546.00,2990.00,693.00,275442.17,449814.13
1.25,1539.00,136.00,182.00,275.00,1540.00,3024.00,700.00,277917.96,456076.04
1.26,1488.00,136.00,184.00,279.00,1538.00,3068.00,703.00,280470.71,462453.70
1.26,1452.00,132.00,189.00,280.00,1524.00,3106.00,713.00,283544.16,468846.89
1.27,1405.00,133.00,189.00,284.00,1532.00,3131.00,722.00,286340.14,475058.97
1.28,1370.00,131.00,193.00,286.00,1529.00,3156.00,731.00,289484.63,481105.71
1.28,1327.00,132.00,194.00,287.00,1530.00,3183.00,743.00,292495.48,487031.54
1.29,1285.00,134.00,193.00,290.00,1526.00,3216.00,752.00,295084.28,492937.14
1.30,1248.00,131.00,194.00,293.00,1518.00,3253.00,759.00,297589.60,498884.36
1.31,1210.00,128.00,200.00,294.00,1510.00,3285.00,769.00,300770.13,504794.45
1.31,1184.00,128.00,202.00,295.00,1496.00,3315.00,776.00,303964.00,510640.62
1.32,1154.00,127.00,203.00,296.00,1476.00,3356.00,784.00,307019.76,516593.67
1.33,1122.00,130.00,202.00,300.00,1458.00,3389.00,795.00,309649.42,522524.12
1.33,1087.00,127.00,206.00,301.00,1432.00,3441.00,802.00,312642.61,528719.36
1.34,1057.00,127.00,204.00,304.00,1430.00,3464.00,810.00,315065.12,534720.69
1.35,1021.00,131.00,201.00,308.00,1420.00,3496.00,819.00,316818.23,540680.18
1.35,991.00,132.00,200.00,312.00,1403.00,3531.00,827.00,318262.85,546646.55
1.36,955.00,131.00,199.00,316.00,1392.00,3567.00,836.00,319426.82,552634.23
1.37,924.00,132.00,200.00,320.00,1372.00,3609.00,839.00,320635.93,558731.49
1.38,889.00,135.00,196.00,326.00,1359.00,3648.00,843.00,321134.97,564883.74
1.38,861.00,136.00,193.00,332.00,1334.00,3688.00,852.00,321138.26,571101.19
1.39,843.00,132.00,195.00,334.00,1314.00,3719.00,859.00,321441.72,577242.97
1.40,813.00,130.00,197.00,337.00,1309.00,3741.00,869.00,322018.24,583180.45
1.40,784.00,131.00,195.00,342.00,1296.00,3771.00,877.00,322242.25,589051.62
1.41,768.00,130.00,196.00,345.00,1276.00,3798.00,883.00,322596.28,594817.17
1.42,748.00,129.00,195.00,351.00,1251.00,3832.00,890.00,322768.10,600591.47
1.42,734.00,128.00,196.00,355.00,1224.00,3860.00,899.00,323074.65,606283.61
1.43,715.00,125.00,197.00,358.00,1209.00,3884.00,908.00,323503.76,611840.66
1.44,700.00,121.00,199.00,363.00,1182.00,3914.00,917.00,324194.59,617364.52
1.44,686.00,121.00,201.00,363.00,1147.00,3956.00,922.00,325123.51,623038.35
1.45,670.00,125.00,201.00,366.00,1127.00,3974.00,933.00,325968.58,628488.55
1.46,654.00,125.00,205.00,367.00,1092.00,4013.00,940.00,327338.28,634050.06
1.47,643.00,121.00,207.00,369.00,1078.00,4032.00,946.00,328884.78,639412.74
1.47,632.00,117.00,209.00,372.00,1058.00,4056.00,952.00,330592.14,644669.01
1.48,624.00,114.00,213.00,373.00,1036.00,4079.00,957.00,332746.29,649813.12
1.49,610.00,110.00,215.00,376.00,1010.00,4115.00,960.00,335006.42,655050.14
1.49,600.00,115.00,212.00,380.00,990.00,4133.00,966.00,336611.82,660101.55
1.50,586.00,112.00,215.00,382.00,979.00,4151.00,971.00,338522.99,664983.52
1.51,571.00,111.00,215.00,385.00,966.00,4170.00,978.00,340261.62,669725.83
1.51,554.00,109.00,214.00,389.00,954.00,4189.00,987.00,341693.05,674340.63
1.52,542.00,110.00,211.00,393.00,937.00,4209.00,994.00,342544.57,678854.06
1.53,539.00,108.00,209.00,398.00,908.00,4235.00,999.00,343018.75,683365.08
1.53,528.00,101.00,215.00,399.00,893.00,4251.00,1009.00,344351.51,687723.67
1.54,521.00,100.00,213.00,403.00,874.00,4266.00,1019.00,345263.49,691928.07
1.55,505.00,97.00,218.00,404.00,862.00,4283.00,1027.00,346844.29,696021.77
1.56,490.00,97.00,217.00,407.00,857.00,4292.00,1036.00,348132.16,699894.21
1.56,476.00,99.00,214.00,412.00,838.00,4314.00,1043.00,348853.06,703759.96
1.57,469.00,96.00,215.00,415.00,813.00,4340.00,1048.00,349659.11,707679.70
1.58,462.00,95.00,216.00,417.00,799.00,4354.00,1053.00,350542.62,711468.45
1.58,457.00,93.00,214.00,421.00,787.00,4366.00,1058.00,351045.92,715107.57
1.59,447.00,96.00,210.00,425.00,775.00,4379.00,1064.00,350902.84,718625.11
1.60,440.00,96.00,210.00,426.00,760.00,4394.00,1070.00,350772.69,722061.70
1.60,434.00,93.00,208.00,431.00,750.00,4398.00,1082.00,350353.82,725259.14
1.61,421.00,94.00,210.00,434.00,732.00,4417.00,1088.00,350273.23,728463.59
1.62,412.00,92.00,213.00,435.00,722.00,4428.00,1094.00,350650.61,731554.27
1.62,408.00,89.00,208.00,443.00,708.00,4434.00,1106.00,350242.76,734465.97
1.63,400.00,88.00,206.00,447.00,696.00,4445.00,1114.00,349571.27,737289.38
1.64,397.00,86.00,206.00,449.00,677.00,4460.00,1121.00,348960.40,740092.29
1.65,388.00,90.00,205.00,451.00,668.00,4466.00,1128.00,348254.45,742741.27
1.65,385.00,89.00,200.00,457.00,657.00,4474.00,1134.00,346861.07,745279.77
1.66,377.00,84.00,202.00,460.00,642.00,4489.00,1142.00,345893.95,747822.57
1.67,363.00,87.00,200.00,463.00,632.00,4504.00,1147.00,344713.67,750369.31
1.67,359.00,81.00,204.00,466.00,608.00,4525.00,1153.00,344240.87,753009.77
1.68,347.00,82.00,201.00,470.00,595.00,4541.00,1160.00,343360.06,755660.68
1.69,337.00,82.00,203.00,472.00,588.00,4543.00,1171.00,342859.23,758110.81
1.69,330.00,82.00,201.00,477.00,579.00,4546.00,1181.00,342103.16,760392.65
1.70,324.00,80.00,198.00,482.00,567.00,4554.00,1191.00,340964.64,762595.99
1.71,318.00,78.00,196.00,486.00,561.00,4557.00,1200.00,339628.45,764652.54
1.72,308.00,74.00,196.00,490.00,553.00,4571.00,1204.00,338412.88,766740.34
1.72,302.00,71.00,194.00,495.00,540.00,4583.00,1211.00,337006.59,768826.62
1.73,296.00,69.00,194.00,497.00,533.00,4584.00,1223.00,335727.25,770746.26
1.74,294.00,69.00,192.00,500.00,522.00,4586.00,1233.00,334262.95,772528.78
1.74,289.00,68.00,190.00,504.00,515.00,4590.00,1240.00,332630.38,774216.19
1.75,284.00,70.00,186.00,508.00,498.00,4601.00,1249.00,330544.27,775921.92
1.76,275.00,69.00,184.00,513.00,488.00,4613.00,1254.00,328346.03,777659.39
1.76,271.00,66.00,186.00,514.00,482.00,4615.00,1262.00,326646.70,779275.62
1.77,265.00,67.00,183.00,518.00,469.00,4626.00,1268.00,324650.09,780916.37
1.78,261.00,67.00,182.00,520.00,464.00,4623.00,1279.00,322683.50,782369.18
1.78,258.00,66.00,182.00,522.00,452.00,4632.00,1284.00,320894.44,783830.70
1.79,249.00,66.00,180.00,525.00,444.00,4640.00,1292.00,318966.44,785285.13
1.80,242.00,64.00,178.00,530.00,438.00,4643.00,1301.00,316912.03,786657.99
1.81,240.00,61.00,181.00,531.00,425.00,4646.00,1312.00,315493.78,787956.38
1.81,235.00,60.00,178.00,536.00,419.00,4646.00,1322.00,313752.87,789141.70
1.82,231.00,58.00,174.00,543.00,400.00,4659.00,1331.00,311568.21,790419.12
1.83,228.00,57.00,175.00,544.00,384.00,4667.00,1341.00,309731.00,791705.49
1.83,225.00,57.00,169.00,550.00,372.00,4675.00,1348.00,307158.26,793000.03
1.84,219.00,57.00,167.00,553.00,365.00,4678.00,1357.00,304517.32,794226.91
1.85,216.00,56.00,164.00,557.00,357.00,4679.00,1367.00,301664.11,795361.99
1.85,214.00,55.00,162.00,561.00,350.00,4674.00,1380.00,298768.01,796323.11
1.86,210.00,53.00,163.00,562.00,345.00,4678.00,1385.00,296283.60,797260.64
1.87,198.00,55.00,162.00,563.00,344.00,4684.00,1390.00,293873.25,798206.67
1.88,191.00,52.00,164.00,565.00,340.00,4683.00,1401.00,291980.96,799055.29
1.88,187.00,52.00,159.00,570.00,328.00,4690.00,1410.00,289508.34,799935.19
1.89,178.00,50.00,159.00,572.00,327.00,4693.00,1417.00,287258.95,800783.54
1.90,170.00,51.00,157.00,574.00,329.00,4693.00,1422.00,284912.16,801558.01
1.90,165.00,51.00,156.00,576.00,323.00,4697.00,1428.00,282627.01,802325.14
1.91,158.00,49.00,156.00,579.00,321.00,4698.00,1435.00,280548.15,803040.50
1.92,151.00,49.00,154.00,581.00,319.00,4702.00,1440.00,278356.51,803753.65
1.92,148.00,48.00,151.00,585.00,319.00,4701.00,1444.00,275912.02,804389.69
1.93,142.00,49.00,147.00,589.00,320.00,4698.00,1451.00,273087.30,804925.27
1.94,137.00,48.00,145.00,592.00,313.00,4701.00,1460.00,270217.12,805459.29
1.94,132.00,46.00,146.00,593.00,312.00,4699.00,1468.00,267756.29,805916.75
1.95,127.00,45.00,145.00,596.00,306.00,4707.00,1470.00,265367.39,806454.57
1.96,121.00,46.00,144.00,597.00,301.00,4709.00,1478.00,263043.91,806975.61
1.97,112.00,47.00,138.00,603.00,300.00,4707.00,1489.00,260028.81,807421.23
1.97,107.00,46.00,135.00,608.00,299.00,4707.00,1494.00,256835.21,807828.04
1.98,101.00,45.00,134.00,610.00,295.00,4710.00,1501.00,253779.69,808244.50
1.99,91.00,45.00,134.00,610.00,302.00,4701.00,1513.00,251000.02,808489.49
1.99,87.00,45.00,132.00,612.00,297.00,4699.00,1524.00,248170.83,808683.10
2.00,82.00,45.00,127.00,617.00,292.00,4700.00,1533.00,244845.89,808874.88
2.01,80.00,43.00,128.00,618.00,288.00,4696.00,1543.00,241971.35,808989.86
2.01,79.00,40.00,127.00,622.00,278.00,4695.00,1555.00,239206.09,809079.81
2.02,75.00,40.00,126.00,623.00,268.00,4706.00,1558.00,236540.24,809327.18
2.03,72.00,39.00,125.00,625.00,265.00,4703.00,1567.00,233964.83,809507.94
2.03,65.00,40.00,123.00,627.00,267.00,4697.00,1577.00,231321.45,809582.82
2.04,61.00,40.00,121.00,629.00,267.00,4698.00,1580.00,228616.25,809666.20
2.05,59.00,40.00,121.00,629.00,262.00,4699.00,1586.00,226155.27,809757.35
2.06,54.00,41.00,121.00,629.00,258.00,4697.00,1596.00,223916.46,809810.51
2.06,50.00,42.00,117.00,633.00,257.00,4694.00,1603.00,221278.84,809813.98
2.07,48.00,41.00,115.00,636.00,251.00,4696.00,1609.00,218578.88,809847.19
2.08,45.00,40.00,116.00,636.00,245.00,4692.00,1622.00,216272.89,809817.41
2.08,39.00,37.00,117.00,638.00,244.00,4692.00,1629.00,214325.32,809790.23
2.09,31.00,37.00,117.00,638.00,250.00,4688.00,1635.00,212553.57,809705.32
2.10,24.00,37.00,116.00,640.00,250.00,4691.00,1638.00,210791.53,809672.88
2.10,21.00,34.00,117.00,642.00,247.00,4690.00,1645.00,209338.80,809628.24
2.11,19.00,34.00,115.00,644.00,242.00,4693.00,1649.00,207716.76,809632.55
2.12,13.00,34.00,112.00,647.00,241.00,4692.00,1657.00,205790.46,809621.46
2.12,10.00,33.00,111.00,649.00,240.00,4688.00,1665.00,203887.83,809551.25
2.13,9.00,33.00,109.00,651.00,233.00,4686.00,1675.00,201856.50,809457.11
2.14,8.00,31.00,107.00,655.00,227.00,4686.00,1682.00,199708.09,809371.16
2.15,7.00,31.00,105.00,657.00,216.00,4690.00,1690.00,197453.17,809352.79
2.15,2.00,31.00,105.00,657.00,215.00,4690.00,1696.00,195401.82,809336.02
2.16,2.00,29.00,104.00,660.00,208.00,4682.00,1711.00,193385.44,809200.52
2.17,2.00,29.00,104.00,660.00,203.00,4681.00,1717.00,191551.08,809061.80
2.17,0.00,29.00,102.00,662.00,196.00,4682.00,1725.00,189581.87,808950.18
2.18,0.00,29.00,101.00,663.00,190.00,4672.00,1741.00,187640.20,808698.05
2.19,0.00,26.00,104.00,663.00,187.00,4668.00,1748.00,186324.51,808407.79
2.19,0.00,26.00,103.00,664.00,181.00,4665.00,1757.00,184977.38,808097.72
2.20,0.00,25.00,102.00,666.00,177.00,4662.00,1764.00,183601.62,807769.59
2.21,0.00,24.00,99.00,670.00,175.00,4653.00,1775.00,181899.37,807334.82
2.22,0.00,24.00,99.00,670.00,173.00,4652.00,1778.00,180350.80,806922.89
2.22,0.00,23.00,98.00,672.00,168.00,4650.00,1785.00,178791.80,806516.78
2.23,0.00,23.00,97.00,673.00,164.00,4645.00,1794.00,177223.31,806070.91
2.24,0.00,23.00,95.00,675.00,160.00,4644.00,1799.00,175495.95,805648.85
2.24,0.00,21.00,93.00,679.00,156.00,4636.00,1811.00,173624.08,805143.36
2.25,0.00,20.00,92.00,681.00,151.00,4632.00,1820.00,171770.96,804621.78
2.26,0.00,19.00,92.00,682.00,147.00,4631.00,1825.00,170085.14,804130.61
2.26,0.00,19.00,91.00,683.00,145.00,4624.00,1834.00,168401.28,803577.03
2.27,0.00,19.00,90.00,684.00,138.00,4621.00,1844.00,166719.21,803026.60
2.28,0.00,18.00,88.00,687.00,134.00,4620.00,1849.00,164888.52,802509.07
2.28,0.00,18.00,87.00,688.00,133.00,4615.00,1855.00,163072.87,801961.48
2.29,0.00,18.00,86.00,689.00,125.00,4615.00,1863.00,161270.91,801461.58
2.30,0.00,18.00,83.00,692.00,120.00,4615.00,1868.00,159180.93,801005.21
2.31,0.00,17.00,84.00,692.00,117.00,4612.00,1874.00,157429.85,800543.51
2.31,0.00,17.00,83.00,693.00,113.00,4613.00,1877.00,155686.63,800137.03
2.32,0.00,17.00,82.00,694.00,111.00,4613.00,1879.00,153950.56,799765.95
2.33,0.00,17.00,79.00,697.00,108.00,4609.00,1886.00,151920.52,799367.09
2.33,0.00,16.00,77.00,700.00,108.00,4600.00,1895.00,149773.28,798867.75
2.34,0.00,16.00,74.00,703.00,107.00,4597.00,1899.00,147369.20,798366.82
2.35,0.00,16.00,73.00,704.00,105.00,4595.00,1903.00,145031.92,797879.47
2.35,0.00,15.00,73.00,705.00,101.00,4593.00,1909.00,142905.64,797404.51
2.36,0.00,15.00,73.00,705.00,97.00,4580.00,1926.00,140971.32,796775.60
2.37,0.00,15.00,73.00,705.00,94.00,4574.00,1935.00,139211.63,796111.32
2.38,0.00,15.00,71.00,707.00,92.00,4568.00,1943.00,137310.33,795414.74
2.38,0.00,15.00,70.00,708.00,92.00,4556.00,1955.00,135430.45,794598.54
2.39,0.00,15.00,69.00,709.00,92.00,4551.00,1960.00,133570.05,793778.29
2.40,0.00,15.00,69.00,709.00,91.00,4549.00,1963.00,131877.60,792999.42
2.40,0.00,13.00,70.00,710.00,90.00,4537.00,1976.00,130488.18,792108.10
2.41,0.00,13.00,69.00,711.00,89.00,4535.00,1979.00,129073.95,791264.34
2.42,0.00,13.00,67.00,713.00,87.00,4531.00,1985.00,127486.94,790433.96
2.42,0.00,13.00,65.00,715.00,84.00,4524.00,1995.00,125742.74,789570.73
2.43,0.00,13.00,62.00,718.00,84.00,4517.00,2002.00,123705.30,788677.50
2.44,0.00,13.00,61.00,719.00,84.00,4510.00,2009.00,121701.57,787756.89
2.44,0.00,12.00,62.00,719.00,81.00,4505.00,2017.00,120028.96,786841.32
2.45,0.00,12.00,58.00,723.00,80.00,4498.00,2025.00,117906.43,785900.32
2.46,0.00,11.00,58.00,724.00,76.00,4498.00,2029.00,115975.51,785041.25
2.47,0.00,11.00,57.00,725.00,74.00,4485.00,2044.00,114068.69,784061.69
2.47,0.00,10.00,58.00,725.00,69.00,4486.00,2048.00,112484.23,783182.45
2.48,0.00,10.00,57.00,726.00,67.00,4480.00,2056.00,110892.59,782289.63
2.49,0.00,10.00,56.00,727.00,65.00,4475.00,2063.00,109294.41,781399.44
2.49,0.00,9.00,55.00,729.00,63.00,4473.00,2067.00,107690.27,780556.71
2.50,0.00,9.00,55.00,729.00,62.00,4468.00,2073.00,106230.95,779712.25
2.51,0.00,9.00,54.00,730.00,61.00,4462.00,2080.00,104753.15,778851.19
2.51,0.00,8.00,54.00,731.00,59.00,4452.00,2092.00,103408.76,777914.87
2.52,0.00,8.00,52.00,733.00,56.00,4447.00,2100.00,101885.27,776984.97
2.53,0.00,7.00,52.00,734.00,53.00,4443.00,2107.00,100499.32,776075.94
2.53,0.00,6.00,53.00,734.00,52.00,4437.00,2114.00,99388.73,775155.94
2.54,0.00,6.00,51.00,736.00,50.00,4432.00,2121.00,98077.93,774240.92
2.55,0.00,6.00,51.00,736.00,50.00,4424.00,2129.00,96885.47,773285.40
2.56,0.00,6.00,50.00,737.00,50.00,4418.00,2135.00,95650.43,772322.94
2.56,0.00,6.00,49.00,738.00,48.00,4416.00,2139.00,94376.65,771414.24
2.57,0.00,6.00,46.00,741.00,48.00,4410.00,2145.00,92767.18,770494.53
2.58,0.00,6.00,43.00,744.00,47.00,4402.00,2154.00,90852.31,769534.72
2.58,0.00,6.00,41.00,746.00,45.00,4396.00,2162.00,88809.85,768568.35
2.59,0.00,5.00,41.00,747.00,45.00,4389.00,2169.00,86951.78,767580.96
2.60,0.00,5.00,41.00,747.00,45.00,4381.00,2177.00,85261.45,766559.37
2.60,0.00,5.00,41.00,747.00,43.00,4375.00,2185.00,83723.72,765536.59
2.61,0.00,4.00,41.00,748.00,42.00,4367.00,2194.00,82324.81,764482.69
2.62,0.00,4.00,41.00,748.00,42.00,4363.00,2198.00,81052.19,763460.46
2.62,0.00,4.00,41.00,748.00,41.00,4358.00,2204.00,79894.46,762452.13
2.63,0.00,4.00,40.00,749.00,39.00,4348.00,2216.00,78691.02,761381.37
2.64,0.00,4.00,40.00,749.00,37.00,4339.00,2227.00,77596.22,760268.65
2.65,0.00,4.00,39.00,750.00,36.00,4336.00,2231.00,76450.02,759207.74
2.65,0.00,4.00,38.00,751.00,34.00,4331.00,2238.00,75257.08,758164.09
2.66,0.00,3.00,36.00,754.00,32.00,4331.00,2240.00,73871.36,757211.33
2.67,0.00,3.00,36.00,754.00,31.00,4324.00,2248.00,72610.75,756236.36
2.67,0.00,3.00,36.00,754.00,31.00,4321.00,2251.00,71463.94,755301.22
2.68,0.00,3.00,35.00,755.00,31.00,4316.00,2256.00,70270.43,754372.40
2.69,0.00,3.00,35.00,755.00,30.00,4306.00,2267.00,69184.66,753374.22
2.69,0.00,3.00,33.00,757.00,30.00,4305.00,2268.00,67896.46,752447.93
2.70,0.00,3.00,32.00,758.00,30.00,4297.00,2276.00,66574.32,751482.12
2.71,0.00,3.00,32.00,758.00,29.00,4293.00,2281.00,65371.54,750540.31
2.72,0.00,3.00,29.00,761.00,29.00,4287.00,2287.00,63826.65,749590.38
2.72,0.00,3.00,28.00,762.00,29.00,4281.00,2293.00,62271.00,748633.02
2.73,0.00,2.00,28.00,763.00,28.00,4273.00,2302.00,60855.79,747638.84
2.74,0.00,2.00,28.00,763.00,28.00,4264.00,2311.00,59568.34,746596.02
2.74,0.00,2.00,28.00,763.00,26.00,4261.00,2316.00,58397.11,745598.93
2.75,0.00,2.00,27.00,764.00,25.00,4256.00,2322.00,57181.40,744613.56
2.76,0.00,2.00,26.00,765.00,24.00,4248.00,2331.00,55925.20,743593.80
2.76,0.00,2.00,26.00,765.00,24.00,4241.00,2338.00,54782.41,742557.67
2.77,0.00,2.00,25.00,766.00,24.00,4232.00,2347.00,53592.56,741476.56
2.78,0.00,2.00,25.00,766.00,24.00,4223.00,2356.00,52510.13,740354.38
2.78,0.00,2.00,24.00,767.00,23.00,4217.00,2363.00,51375.18,739239.77
2.79,0.00,2.00,24.00,767.00,20.00,4214.00,2369.00,50342.69,738177.16
2.80,0.00,1.00,25.00,767.00,20.00,4206.00,2377.00,49553.65,737086.88
2.81,0.00,1.00,25.00,767.00,19.00,4196.00,2388.00,48835.84,735941.31
2.81,0.00,1.00,24.00,768.00,18.00,4186.00,2399.00,48032.60,734745.26
2.82,0.00,1.00,23.00,769.00,18.00,4179.00,2406.00,47151.64,733548.20
2.83,0.00,1.00,23.00,769.00,18.00,4172.00,2413.00,46350.22,732350.21
2.83,0.00,1.00,22.00,770.00,17.00,4167.00,2419.00,45470.91,731181.42
2.84,0.00,1.00,21.00,771.00,17.00,4158.00,2428.00,44520.75,729979.20
2.85,0.00,1.00,21.00,771.00,16.00,4143.00,2444.00,43656.38,728656.31
2.85,0.00,1.00,20.00,772.00,15.00,4138.00,2450.00,42719.80,727373.50
2.86,0.00,1.00,20.00,772.00,15.00,4131.00,2457.00,41867.78,726097.23
2.87,0.00,1.00,20.00,772.00,14.00,4127.00,2462.00,41092.67,724872.00
2.88,0.00,1.00,20.00,772.00,13.00,4121.00,2469.00,40387.55,723663.32
2.88,0.00,1.00,20.00,772.00,12.00,4113.00,2478.00,39746.07,722439.70
2.89,0.00,1.00,19.00,773.00,12.00,4109.00,2482.00,39012.28,721262.53
2.90,0.00,1.00,19.00,773.00,11.00,4103.00,2489.00,38344.73,720097.73
2.90,0.00,1.00,19.00,773.00,11.00,4095.00,2497.00,37737.45,718914.18
2.91,0.00,1.00,19.00,773.00,11.00,4083.00,2509.00,37184.99,717653.40
2.92,0.00,1.00,17.00,775.00,11.00,4078.00,2514.00,36381.95,716427.29
2.92,0.00,1.00,17.00,775.00,11.00,4068.00,2524.00,35651.40,715157.72
2.93,0.00,1.00,15.00,777.00,10.00,4055.00,2538.00,34686.34,713803.39
2.94,0.00,1.00,14.00,778.00,10.00,4049.00,2544.00,33658.17,712476.86
2.94,0.00,1.00,13.00,779.00,10.00,4035.00,2558.00,32572.59,711055.50
2.95,0.00,1.00,13.00,779.00,10.00,4032.00,2561.00,31585.02,709712.85
2.96,0.00,0.00,14.00,779.00,10.00,4027.00,2566.00,30836.83,708411.99
2.97,0.00,0.00,13.00,780.00,10.00,4015.00,2578.00,30005.96,707044.13
2.97,0.00,0.00,13.00,780.00,10.00,4008.00,2585.00,29250.09,705690.22
2.98,0.00,0.00,12.00,781.00,10.00,4002.00,2591.00,28412.23,704364.06
2.99,0.00,0.00,12.00,781.00,9.00,4002.00,2592.00,27650.02,703153.38
2.99,0.00,0.00,12.00,781.00,9.00,3997.00,2597.00,26956.61,701973.00
3.00,0.00,0.00,12.00,781.00,9.00,3985.00,2609.00,26325.80,700715.13
3.01,0.00,0.00,11.00,782.00,9.00,3975.00,2619.00,25601.71,699416.55
3.01,0.00,0.00,11.00,782.00,9.00,3958.00,2636.00,24942.99,697975.66
3.02,0.00,0.00,11.00,782.00,9.00,3951.00,2643.00,24343.74,696555.08
3.03,0.00,0.00,11.00,782.00,9.00,3941.00,2653.00,23798.58,695107.96
3.03,0.00,0.00,11.00,782.00,9.00,3938.00,2656.00,23302.64,693741.78
3.04,0.00,0.00,11.00,782.00,9.00,3928.00,2666.00,22851.48,692344.33
3.05,0.00,0.00,11.00,782.00,9.00,3919.00,2675.00,22441.04,690933.36
3.06,0.00,0.00,11.00,782.00,9.00,3912.00,2682.00,22067.66,689540.09
3.06,0.00,0.00,11.00,782.00,9.00,3912.00,2682.00,21727.98,688268.13
3.07,0.00,0.00,11.00,782.00,8.00,3904.00,2691.00,21418.97,686986.75
3.08,0.00,0.00,11.00,782.00,8.00,3897.00,2698.00,21137.86,685711.79
3.08,0.00,0.00,11.00,782.00,8.00,3883.00,2712.00,20882.13,684337.52
3.09,0.00,0.00,11.00,782.00,8.00,3879.00,2716.00,20649.48,683022.82
3.10,0.00,0.00,11.00,782.00,8.00,3870.00,2725.00,20437.83,681687.40
3.10,0.00,0.00,11.00,782.00,8.00,3864.00,2731.00,20245.30,680378.12
3.11,0.00,0.00,11.00,782.00,8.00,3858.00,2737.00,20070.14,679092.70
3.12,0.00,0.00,10.00,783.00,8.00,3849.00,2746.00,19760.57,677784.01
3.12,0.00,0.00,10.00,783.00,8.00,3841.00,2754.00,19478.94,676469.09
3.13,0.00,0.00,10.00,783.00,8.00,3831.00,2764.00,19222.74,675118.44
3.14,0.00,0.00,10.00,783.00,8.00,3819.00,2776.00,18989.66,673705.11
3.15,0.00,0.00,10.00,783.00,8.00,3813.00,2782.00,18777.63,672324.72
3.15,0.00,0.00,10.00,783.00,8.00,3804.00,2791.00,18584.74,670929.31
3.16,0.00,0.00,10.00,783.00,8.00,3794.00,2801.00,18409.27,669505.18
3.17,0.00,0.00,10.00,783.00,8.00,3787.00,2808.00,18249.63,668099.90
3.17,0.00,0.00,10.00,783.00,8.00,3782.00,2813.00,18104.41,666741.87
3.18,0.00,0.00,10.00,783.00,7.00,3774.00,2822.00,17972.30,665381.90
3.19,0.00,0.00,10.00,783.00,7.00,3767.00,2829.00,17852.11,664035.20
3.19,0.00,0.00,10.00,783.00,7.00,3762.00,2834.00,17742.77,662730.64
3.20,0.00,0.00,10.00,783.00,7.00,3757.00,2839.00,17643.31,661464.56
3.21,0.00,0.00,10.00,783.00,7.00,3750.00,2846.00,17552.82,660203.57
3.22,0.00,0.00,10.00,783.00,7.00,3740.00,2856.00,17470.51,658902.15
3.22,0.00,0.00,10.00,783.00,7.00,3733.00,2863.00,17395.62,657608.89
3.23,0.00,0.00,9.00,784.00,7.00,3721.00,2875.00,17177.26,656247.96
3.24,0.00,0.00,9.00,784.00,7.00,3713.00,2883.00,16978.62,654885.35
3.24,0.00,0.00,9.00,784.00,7.00,3705.00,2891.00,16797.91,653521.21
3.25,0.00,0.00,9.00,784.00,7.00,3691.00,2905.00,16633.51,652065.53
3.26,0.00,0.00,8.00,785.00,7.00,3687.00,2909.00,16333.73,650676.51
3.26,0.00,0.00,7.00,786.00,7.00,3682.00,2914.00,15910.77,649333.32
3.27,0.00,0.00,7.00,786.00,7.00,3675.00,2921.00,15526.00,648001.94
3.28,0.00,0.00,7.00,786.00,6.00,3668.00,2929.00,15175.97,646681.32
3.28,0.00,0.00,7.00,786.00,5.00,3662.00,2936.00,14857.54,645385.56
3.29,0.00,0.00,7.00,786.00,5.00,3659.00,2939.00,14567.85,644157.55
3.30,0.00,0.00,7.00,786.00,4.00,3658.00,2941.00,14304.32,643021.46
3.31,0.00,0.00,7.00,786.00,4.00,3652.00,2947.00,14064.57,641894.15
3.31,0.00,0.00,7.00,786.00,4.00,3643.00,2956.00,13846.47,640729.80
3.32,0.00,0.00,7.00,786.00,4.00,3638.00,2961.00,13648.06,639591.72
3.33,0.00,0.00,7.00,786.00,4.00,3634.00,2965.00,13467.57,638492.64
3.33,0.00,0.00,7.00,786.00,4.00,3626.00,2973.00,13303.36,637369.08
3.34,0.00,0.00,7.00,786.00,4.00,3620.00,2979.00,13153.98,636253.22
3.35,0.00,0.00,7.00,786.00,3.00,3612.00,2988.00,13018.09,635114.34
3.35,0.00,0.00,7.00,786.00,3.00,3602.00,2998.00,12894.47,633924.40
3.36,0.00,0.00,7.00,786.00,3.00,3599.00,3001.00,12782.00,632793.00
3.37,0.00,0.00,7.00,786.00,3.00,3593.00,3007.00,12679.69,631669.98
3.38,0.00,0.00,7.00,786.00,3.00,3585.00,3015.00,12586.62,630524.57
3.38,0.00,0.00,7.00,786.00,3.00,3581.00,3019.00,12501.94,629418.80
3.39,0.00,0.00,7.00,786.00,3.00,3573.00,3027.00,12424.91,628289.13
3.40,0.00,0.00,6.00,787.00,3.00,3561.00,3039.00,12204.61,627077.55
3.40,0.00,0.00,6.00,787.00,3.00,3556.00,3044.00,12004.19,625896.36
3.41,0.00,0.00,6.00,787.00,2.00,3552.00,3049.00,11821.87,624757.92
3.42,0.00,0.00,6.00,787.00,2.00,3548.00,3053.00,11656.00,623658.53
3.42,0.00,0.00,5.00,788.00,2.00,3539.00,3062.00,11354.88,622519.65
3.43,0.00,0.00,5.00,788.00,2.00,3536.00,3065.00,11080.94,621434.88
3.44,0.00,0.00,5.00,788.00,2.00,3526.00,3075.00,10831.74,620294.33
3.44,0.00,0.00,4.00,789.00,2.00,3519.00,3082.00,10454.80,619147.94
3.45,0.00,0.00,4.00,789.00,2.00,3512.00,3089.00,10111.89,617996.20
3.46,0.00,0.00,4.00,789.00,2.00,3503.00,3098.00,9799.93,616809.55
3.47,0.00,0.00,4.00,789.00,2.00,3499.00,3102.00,9516.14,615666.13
3.47,0.00,0.00,4.00,789.00,1.00,3495.00,3107.00,9257.97,614562.19
3.48,0.00,0.00,4.00,789.00,1.00,3484.00,3118.00,9023.11,613389.11
3.49,0.00,0.00,4.00,789.00,1.00,3475.00,3127.00,8809.45,612182.98
3.49,0.00,0.00,4.00,789.00,1.00,3471.00,3131.00,8615.07,611021.78
3.50,0.00,0.00,4.00,789.00,1.00,3460.00,3142.00,8438.25,609796.44
3.51,0.00,0.00,4.00,789.00,1.00,3456.00,3146.00,8277.39,608617.70
3.51,0.00,0.00,3.00,790.00,1.00,3448.00,3154.00,7980.82,607421.42
3.52,0.00,0.00,2.00,791.00,1.00,3440.00,3162.00,7560.79,606209.12
3.53,0.00,0.00,2.00,791.00,1.00,3430.00,3172.00,7178.68,604952.15
3.53,0.00,0.00,2.00,791.00,1.00,3417.00,3185.00,6831.07,603609.33
3.54,0.00,0.00,2.00,791.00,1.00,3411.00,3191.00,6514.84,602293.30
3.55,0.00,0.00,2.00,791.00,1.00,3402.00,3200.00,6227.15,600956.66
3.56,0.00,0.00,2.00,791.00,1.00,3397.00,3205.00,5965.44,599661.29
3.56,0.00,0.00,2.00,791.00,0.00,3389.00,3214.00,5727.36,598358.53
3.57,0.00,0.00,1.00,792.00,0.00,3384.00,3219.00,5360.54,597094.10
3.58,0.00,0.00,1.00,792.00,0.00,3378.00,3225.00,5026.83,595849.63
3.58,0.00,0.00,1.00,792.00,0.00,3370.00,3233.00,4723.25,594593.34
3.59,0.00,0.00,1.00,792.00,0.00,3361.00,3242.00,4447.08,593311.23
3.60,0.00,0.00,1.00,792.00,0.00,3354.00,3249.00,4195.84,592035.60
3.60,0.00,0.00,1.00,792.00,0.00,3346.00,3257.00,3967.28,590750.86
3.61,0.00,0.00,1.00,792.00,0.00,3340.00,3263.00,3759.35,589487.85
3.62,0.00,0.00,1.00,792.00,0.00,3334.00,3269.00,3570.20,588244.69
3.62,0.00,0.00,1.00,792.00,0.00,3329.00,3274.00,3398.12,587034.65
3.63,0.00,0.00,1.00,792.00,0.00,3320.00,3283.00,3241.58,585794.78
3.64,0.00,0.00,1.00,792.00,0.00,3312.00,3291.00,3099.16,584542.68
3.65,0.00,0.00,1.00,792.00,0.00,3307.00,3296.00,2969.61,583324.49
3.65,0.00,0.00,1.00,792.00,0.00,3296.00,3307.00,2851.75,582047.13
3.66,0.00,0.00,1.00,792.00,0.00,3289.00,3314.00,2744.53,580775.83
3.67,0.00,0.00,1.00,792.00,0.00,3280.00,3323.00,2646.99,579480.02
3.67,0.00,0.00,1.00,792.00,0.00,3271.00,3332.00,2558.26,578161.84
3.68,0.00,0.00,1.00,792.00,0.00,3265.00,3338.00,2477.54,576868.30
3.69,0.00,0.00,1.00,792.00,0.00,3260.00,3343.00,2404.10,575612.28
3.69,0.00,0.00,1.00,792.00,0.00,3255.00,3348.00,2337.30,574390.52
3.70,0.00,0.00,1.00,792.00,0.00,3250.00,3353.00,2276.52,573200.02
3.71,0.00,0.00,1.00,792.00,0.00,3244.00,3359.00,2221.23,572023.06
3.72,0.00,0.00,1.00,792.00,0.00,3235.00,3368.00,2170.94,570813.36
3.72,0.00,0.00,1.00,792.00,0.00,3230.00,3373.00,2125.18,569633.89
3.73,0.00,0.00,1.00,792.00,0.00,3222.00,3381.00,2083.56,568436.94
3.74,0.00,0.00,1.00,792.00,0.00,3213.00,3390.00,2045.69,567209.01
3.74,0.00,0.00,1.00,792.00,0.00,3206.00,3397.00,2011.24,565982.83
3.75,0.00,0.00,1.00,792.00,0.00,3196.00,3407.00,1979.90,564713.20
3.76,0.00,0.00,1.00,792.00,0.00,3186.00,3417.00,1951.39,563403.89
3.76,0.00,0.00,1.00,792.00,0.00,3180.00,3423.00,1925.45,562118.45
3.77,0.00,0.00,1.00,792.00,0.00,3169.00,3434.00,1901.86,560779.68
3.78,0.00,0.00,1.00,792.00,0.00,3165.00,3438.00,1880.40,559497.40
3.78,0.00,0.00,1.00,792.00,0.00,3157.00,3446.00,1860.87,558206.59
3.79,0.00,0.00,1.00,792.00,0.00,3148.00,3455.00,1843.11,556892.97
3.80,0.00,0.00,1.00,792.00,0.00,3140.00,3463.00,1826.95,555573.55
3.81,0.00,0.00,1.00,792.00,0.00,3137.00,3466.00,1812.24,554323.95
3.81,0.00,0.00,1.00,792.00,0.00,3127.00,3476.00,1798.87,553032.93
3.82,0.00,0.00,1.00,792.00,0.00,3119.00,3484.00,1786.70,551734.14
3.83,0.00,0.00,1.00,792.00,0.00,3111.00,3492.00,1775.63,550428.26
3.83,0.00,0.00,1.00,792.00,0.00,3107.00,3496.00,1765.57,549176.00
3.84,0.00,0.00,1.00,792.00,0.00,3104.00,3499.00,1756.41,547987.71
3.85,0.00,0.00,1.00,792.00,0.00,3097.00,3506.00,1748.07,546797.73
3.85,0.00,0.00,1.00,792.00,0.00,3090.00,3513.00,1740.49,545606.21
3.86,0.00,0.00,1.00,792.00,0.00,3080.00,3523.00,1733.60,544368.21
3.87,0.00,0.00,1.00,792.00,0.00,3072.00,3531.00,1727.32,543117.82
3.88,0.00,0.00,1.00,792.00,0.00,3064.00,3539.00,1721.61,541856.13
3.88,0.00,0.00,1.00,792.00,0.00,3055.00,3548.00,1716.42,540569.09
3.89,0.00,0.00,1.00,792.00,0.00,3041.00,3562.00,1711.70,539183.80
3.90,0.00,0.00,1.00,792.00,0.00,3034.00,3569.00,1707.40,537813.97
3.90,0.00,0.00,1.00,792.00,0.00,3024.00,3579.00,1703.49,536413.19
3.91,0.00,0.00,1.00,792.00,0.00,3018.00,3585.00,1699.94,535044.25
3.92,0.00,0.00,1.00,792.00,0.00,3012.00,3591.00,1696.70,533704.37
3.92,0.00,0.00,1.00,792.00,0.00,3006.00,3597.00,1693.76,532391.02
3.93,0.00,0.00,1.00,792.00,0.00,3005.00,3598.00,1691.08,531177.01
3.94,0.00,0.00,1.00,792.00,0.00,2993.00,3610.00,1688.64,529888.44
3.94,0.00,0.00,1.00,792.00,0.00,2987.00,3616.00,1686.43,528621.93
3.95,0.00,0.00,1.00,792.00,0.00,2980.00,3623.00,1684.41,527360.54
3.96,0.00,0.00,1.00,792.00,0.00,2969.00,3634.00,1682.58,526043.73
3.97,0.00,0.00,1.00,792.00,0.00,2964.00,3639.00,1680.91,524766.47
3.97,0.00,0.00,1.00,792.00,0.00,2959.00,3644.00,1679.39,523525.31
3.98,0.00,0.00,1.00,792.00,0.00,2957.00,3646.00,1678.01,522362.18
3.99,0.00,0.00,1.00,792.00,0.00,2951.00,3652.00,1676.76,521210.20
3.99,0.00,0.00,1.00,792.00,0.00,2947.00,3656.00,1675.61,520098.43
4.00,0.00,0.00,1.00,792.00,0.00,2941.00,3662.00,1674.58,518993.33
4.01,0.00,0.00,1.00,792.00,0.00,2925.00,3678.00,1673.63,517744.09
4.01,0.00,0.00,1.00,792.00,0.00,2916.00,3687.00,1672.77,516468.42
4.02,0.00,0.00,1.00,792.00,0.00,2911.00,3692.00,1671.99,515228.71
4.03,0.00,0.00,1.00,792.00,0.00,2901.00,3702.00,1671.27,513946.72
4.03,0.00,0.00,1.00,792.00,0.00,2893.00,3710.00,1670.63,512656.18
4.04,0.00,0.00,1.00,792.00,0.00,2888.00,3715.00,1670.04,511402.90
4.05,0.00,0.00,1.00,792.00,0.00,2878.00,3725.00,1669.50,510108.52
4.06,0.00,0.00,1.00,792.00,0.00,2869.00,3734.00,1669.01,508791.63
4.06,0.00,0.00,1.00,792.00,0.00,2858.00,3745.00,1668.57,507424.17
4.07,0.00,0.00,1.00,792.00,0.00,2851.00,3752.00,1668.17,506070.61
4.08,0.00,0.00,1.00,792.00,0.00,2838.00,3765.00,1667.80,504639.62
4.08,0.00,0.00,1.00,792.00,0.00,2833.00,3770.00,1667.47,503258.11
4.09,0.00,0.00,1.00,792.00,0.00,2828.00,3775.00,1667.16,501921.79
4.10,0.00,0.00,1.00,792.00,0.00,2819.00,3784.00,1666.89,500566.62
4.10,0.00,0.00,1.00,792.00,0.00,2810.00,3793.00,1666.63,499194.24
4.11,0.00,0.00,1.00,792.00,0.00,2805.00,3798.00,1666.41,497866.25
4.12,0.00,0.00,1.00,792.00,0.00,2799.00,3804.00,1666.20,496563.76
4.12,0.00,0.00,1.00,792.00,0.00,2795.00,3808.00,1666.01,495314.59
4.13,0.00,0.00,1.00,792.00,0.00,2788.00,3815.00,1665.84,494069.03
4.14,0.00,0.00,1.00,792.00,0.00,2779.00,3824.00,1665.68,492796.72
4.15,0.00,0.00,1.00,792.00,0.00,2774.00,3829.00,1665.54,491560.09
4.15,0.00,0.00,1.00,792.00,0.00,2763.00,3840.00,1665.41,490265.88
4.16,0.00,0.00,1.00,792.00,0.00,2754.00,3849.00,1665.29,488949.16
4.17,0.00,0.00,1.00,792.00,0.00,2740.00,3863.00,1665.18,487536.76
4.17,0.00,0.00,1.00,792.00,0.00,2731.00,3872.00,1665.08,486112.15
4.18,0.00,0.00,1.00,792.00,0.00,2724.00,3879.00,1665.00,484706.42
4.19,0.00,0.00,1.00,792.00,0.00,2720.00,3883.00,1664.92,483363.01
4.19,0.00,0.00,1.00,792.00,0.00,2714.00,3889.00,1664.84,482046.44
4.20,0.00,0.00,1.00,792.00,0.00,2706.00,3897.00,1664.77,480724.32
4.21,0.00,0.00,1.00,792.00,0.00,2697.00,3906.00,1664.71,479382.12
4.22,0.00,0.00,1.00,792.00,0.00,2689.00,3914.00,1664.66,478036.61
4.22,0.00,0.00,1.00,792.00,0.00,2680.00,3923.00,1664.61,476673.05
4.23,0.00,0.00,0.00,793.00,0.00,2668.00,3935.00,1514.33,475247.95
4.24,0.00,0.00,0.00,793.00,0.00,2662.00,3941.00,1377.62,473856.80
4.24,0.00,0.00,0.00,793.00,0.00,2653.00,3950.00,1253.25,472451.58
4.25,0.00,0.00,0.00,793.00,0.00,2649.00,3954.00,1140.11,471108.63
4.26,0.00,0.00,0.00,793.00,0.00,2637.00,3966.00,1037.18,469702.34
4.26,0.00,0.00,0.00,793.00,0.00,2628.00,3975.00,943.55,468283.29
4.27,0.00,0.00,0.00,793.00,0.00,2622.00,3981.00,858.37,466897.67
4.28,0.00,0.00,0.00,793.00,0.00,2617.00,3986.00,780.88,465557.59
4.28,0.00,0.00,0.00,793.00,0.00,2614.00,3989.00,710.38,464289.13
4.29,0.00,0.00,0.00,793.00,0.00,2606.00,3997.00,646.25,463010.94
4.30,0.00,0.00,0.00,793.00,0.00,2602.00,4001.00,587.91,461783.95
4.31,0.00,0.00,0.00,793.00,0.00,2598.00,4005.00,534.83,460603.72
4.31,0.00,0.00,0.00,793.00,0.00,2589.00,4014.00,486.55,459391.04
4.32,0.00,0.00,0.00,793.00,0.00,2584.00,4019.00,442.62,458208.85
4.33,0.00,0.00,0.00,793.00,0.00,2572.00,4031.00,402.67,456949.31
4.33,0.00,0.00,0.00,793.00,0.00,2566.00,4037.00,366.31,455709.32
4.34,0.00,0.00,0.00,793.00,0.00,2561.00,4042.00,333.24,454502.18
4.35,0.00,0.00,0.00,793.00,0.00,2553.00,4050.00,303.16,453279.97
4.35,0.00,0.00,0.00,793.00,0.00,2550.00,4053.00,275.79,452119.12
4.36,0.00,0.00,0.00,793.00,0.00,2542.00,4061.00,250.89,450939.16
4.37,0.00,0.00,0.00,793.00,0.00,2537.00,4066.00,228.24,449786.84
4.38,0.00,0.00,0.00,793.00,0.00,2526.00,4077.00,207.64,448569.59
4.38,0.00,0.00,0.00,793.00,0.00,2520.00,4083.00,188.89,447368.21
4.39,0.00,0.00,0.00,793.00,0.00,2511.00,4092.00,171.84,446136.23
4.40,0.00,0.00,0.00,793.00,0.00,2502.00,4101.00,156.33,444876.31
4.40,0.00,0.00,0.00,793.00,0.00,2496.00,4107.00,142.21,443635.97
4.41,0.00,0.00,0.00,793.00,0.00,2485.00,4118.00,129.37,442338.37
4.42,0.00,0.00,0.00,793.00,0.00,2477.00,4126.00,117.70,441033.58
4.42,0.00,0.00,0.00,793.00,0.00,2471.00,4132.00,107.07,439752.27
4.43,0.00,0.00,0.00,793.00,0.00,2464.00,4139.00,97.40,438477.36
4.44,0.00,0.00,0.00,793.00,0.00,2455.00,4148.00,88.61,437178.26
4.44,0.00,0.00,0.00,793.00,0.00,2447.00,4156.00,80.61,435872.10
4.45,0.00,0.00,0.00,793.00,0.00,2440.00,4163.00,73.33,434574.51
4.46,0.00,0.00,0.00,793.00,0.00,2431.00,4172.00,66.71,433254.70
4.47,0.00,0.00,0.00,793.00,0.00,2420.00,4183.00,60.69,431884.56
4.47,0.00,0.00,0.00,793.00,0.00,2418.00,4185.00,55.21,430603.69
4.48,0.00,0.00,0.00,793.00,0.00,2413.00,4190.00,50.23,429359.22
4.49,0.00,0.00,0.00,793.00,0.00,2406.00,4197.00,45.69,428117.97
4.49,0.00,0.00,0.00,793.00,0.00,2403.00,4200.00,41.57,426939.72
4.50,0.00,0.00,0.00,793.00,0.00,2396.00,4207.00,37.81,425758.91
4.51,0.00,0.00,0.00,793.00,0.00,2385.00,4218.00,34.40,424515.67
4.51,0.00,0.00,0.00,793.00,0.00,2380.00,4223.00,31.30,423305.56
4.52,0.00,0.00,0.00,793.00,0.00,2378.00,4225.00,28.47,422170.78
4.53,0.00,0.00,0.00,793.00,0.00,2370.00,4233.00,25.90,421014.63
4.53,0.00,0.00,0.00,793.00,0.00,2363.00,4240.00,23.56,419853.99
4.54,0.00,0.00,0.00,793.00,0.00,2356.00,4247.00,21.43,418689.26
4.55,0.00,0.00,0.00,793.00,0.00,2347.00,4256.00,19.50,417490.73
4.56,0.00,0.00,0.00,793.00,0.00,2337.00,4266.00,17.74,416246.34
4.56,0.00,0.00,0.00,793.00,0.00,2325.00,4278.00,16.14,414930.02
4.57,0.00,0.00,0.00,793.00,0.00,2319.00,4284.00,14.68,413638.19
4.58,0.00,0.00,0.00,793.00,0.00,2316.00,4287.00,13.36,412413.77
4.58,0.00,0.00,0.00,793.00,0.00,2311.00,4292.00,12.15,411220.86
4.59,0.00,0.00,0.00,793.00,0.00,2305.00,4298.00,11.05,410041.68
4.60,0.00,0.00,0.00,793.00,0.00,2298.00,4305.00,10.06,408860.02
4.60,0.00,0.00,0.00,793.00,0.00,2288.00,4315.00,9.15,407631.02
4.61,0.00,0.00,0.00,793.00,0.00,2285.00,4318.00,8.32,406463.97
4.62,0.00,0.00,0.00,793.00,0.00,2282.00,4321.00,7.57,405353.47
4.62,0.00,0.00,0.00,793.00,0.00,2275.00,4328.00,6.89,404234.51
4.63,0.00,0.00,0.00,793.00,0.00,2272.00,4331.00,6.27,403167.91
4.64,0.00,0.00,0.00,793.00,0.00,2263.00,4340.00,5.70,402058.98
4.65,0.00,0.00,0.00,793.00,0.00,2256.00,4347.00,5.18,400941.45
4.65,0.00,0.00,0.00,793.00,0.00,2252.00,4351.00,4.72,399861.13
4.66,0.00,0.00,0.00,793.00,0.00,2250.00,4353.00,4.29,398844.84
4.67,0.00,0.00,0.00,793.00,0.00,2244.00,4359.00,3.90,397826.91
4.67,0.00,0.00,0.00,793.00,0.00,2239.00,4364.00,3.55,396822.49
4.68,0.00,0.00,0.00,793.00,0.00,2231.00,4372.00,3.23,395785.36
4.69,0.00,0.00,0.00,793.00,0.00,2223.00,4380.00,2.94,394718.35
4.69,0.00,0.00,0.00,793.00,0.00,2215.00,4388.00,2.67,393624.06
4.70,0.00,0.00,0.00,793.00,0.00,2212.00,4391.00,2.43,392579.99
4.71,0.00,0.00,0.00,793.00,0.00,2203.00,4400.00,2.21,391491.63
4.72,0.00,0.00,0.00,793.00,0.00,2194.00,4409.00,2.01,390362.82
4.72,0.00,0.00,0.00,793.00,0.00,2186.00,4417.00,1.83,389212.13
4.73,0.00,0.00,0.00,793.00,0.00,2182.00,4421.00,1.67,388101.54
4.74,0.00,0.00,0.00,793.00,0.00,2173.00,4430.00,1.52,386952.45
4.74,0.00,0.00,0.00,793.00,0.00,2165.00,4438.00,1.38,385783.23
4.75,0.00,0.00,0.00,793.00,0.00,2162.00,4441.00,1.25,384670.75
4.76,0.00,0.00,0.00,793.00,0.00,2156.00,4447.00,1.14,383565.00
4.76,0.00,0.00,0.00,793.00,0.00,2146.00,4457.00,1.04,382405.31
4.77,0.00,0.00,0.00,793.00,0.00,2139.00,4464.00,0.94,381241.44
4.78,0.00,0.00,0.00,793.00,0.00,2131.00,4472.00,0.86,380058.72
4.78,0.00,0.00,0.00,793.00,0.00,2122.00,4481.00,0.78,378843.79
4.79,0.00,0.00,0.00,793.00,0.00,2113.00,4490.00,0.71,377599.44
4.80,0.00,0.00,0.00,793.00,0.00,2106.00,4497.00,0.65,376358.28
4.81,0.00,0.00,0.00,793.00,0.00,2098.00,4505.00,0.59,375105.01
4.81,0.00,0.00,0.00,793.00,0.00,2091.00,4512.00,0.54,373855.71
4.82,0.00,0.00,0.00,793.00,0.00,2082.00,4521.00,0.49,372579.98
4.83,0.00,0.00,0.00,793.00,0.00,2078.00,4525.00,0.44,371355.25
4.83,0.00,0.00,0.00,793.00,0.00,2069.00,4534.00,0.40,370101.95
4.84,0.00,0.00,0.00,793.00,0.00,2062.00,4541.00,0.37,368852.62
4.85,0.00,0.00,0.00,793.00,0.00,2058.00,4545.00,0.33,367651.99
4.85,0.00,0.00,0.00,793.00,0.00,2051.00,4552.00,0.30,366450.74
4.86,0.00,0.00,0.00,793.00,0.00,2047.00,4556.00,0.28,365294.00
4.87,0.00,0.00,0.00,793.00,0.00,2038.00,4565.00,0.25,364102.78
4.88,0.00,0.00,0.00,793.00,0.00,2034.00,4569.00,0.23,362955.19
4.88,0.00,0.00,0.00,793.00,0.00,2027.00,4576.00,0.21,361802.36
4.89,0.00,0.00,0.00,793.00,0.00,2020.00,4583.00,0.19,360644.76
4.90,0.00,0.00,0.00,793.00,0.00,2010.00,4593.00,0.17,359437.73
4.90,0.00,0.00,0.00,793.00,0.00,2003.00,4600.00,0.16,358230.63
4.91,0.00,0.00,0.00,793.00,0.00,1997.00,4606.00,0.14,357038.51
4.92,0.00,0.00,0.00,793.00,0.00,1992.00,4611.00,0.13,355875.08
4.92,0.00,0.00,0.00,793.00,0.00,1984.00,4619.00,0.12,354692.77
4.93,0.00,0.00,0.00,793.00,0.00,1978.00,4625.00,0.11,353523.27
4.94,0.00,0.00,0.00,793.00,0.00,1971.00,4632.00,0.10,352350.45
4.94,0.00,0.00,0.00,793.00,0.00,1964.00,4639.00,0.09,351174.58
4.95,0.00,0.00,0.00,793.00,0.00,1960.00,4643.00,0.08,350041.02
4.96,0.00,0.00,0.00,793.00,0.00,1951.00,4652.00,0.07,348870.95
4.97,0.00,0.00,0.00,793.00,0.00,1946.00,4657.00,0.07,347727.65
4.97,0.00,0.00,0.00,793.00,0.00,1937.00,4666.00,0.06,346548.70
4.98,0.00,0.00,0.00,793.00,0.00,1931.00,4672.00,0.06,345382.27
4.99,0.00,0.00,0.00,793.00,0.00,1927.00,4676.00,0.05,344257.31
4.99,0.00,0.00,0.00,793.00,0.00,1912.00,4691.00,0.05,343004.97
5.00,0.00,0.00,0.00,793.00,0.00,1905.00,4698.00,0.04,341756.51
5.01,0.00,0.00,0.00,793.00,0.00,1897.00,4706.00,0.04,340496.58
5.01,0.00,0.00,0.00,793.00,0.00,1893.00,4710.00,0.03,339286.26
5.02,0.00,0.00,0.00,793.00,0.00,1891.00,4712.00,0.03,338151.29
5.03,0.00,0.00,0.00,793.00,0.00,1882.00,4721.00,0.03,336979.94
5.03,0.00,0.00,0.00,793.00,0.00,1876.00,4727.00,0.03,335820.44
5.04,0.00,0.00,0.00,793.00,0.00,1865.00,4738.00,0.02,334596.66
5.05,0.00,0.00,0.00,793.00,0.00,1859.00,4744.00,0.02,333389.30
5.06,0.00,0.00,0.00,793.00,0.00,1849.00,4754.00,0.02,332136.84
5.06,0.00,0.00,0.00,793.00,0.00,1845.00,4758.00,0.02,330933.34
5.07,0.00,0.00,0.00,793.00,0.00,1838.00,4765.00,0.02,329729.48
5.08,0.00,0.00,0.00,793.00,0.00,1832.00,4771.00,0.01,328540.31
5.08,0.00,0.00,0.00,793.00,0.00,1826.00,4777.00,0.01,327364.55
5.09,0.00,0.00,0.00,793.00,0.00,1814.00,4789.00,0.01,326110.89
5.10,0.00,0.00,0.00,793.00,0.00,1808.00,4795.00,0.01,324876.26
5.10,0.00,0.00,0.00,793.00,0.00,1800.00,4803.00,0.01,323628.95
5.11,0.00,0.00,0.00,793.00,0.00,1797.00,4806.00,0.01,322445.18
5.12,0.00,0.00,0.00,793.00,0.00,1792.00,4811.00,0.01,321289.37
5.12,0.00,0.00,0.00,793.00,0.00,1786.00,4817.00,0.01,320144.07
5.13,0.00,0.00,0.00,793.00,0.00,1782.00,4821.00,0.01,319038.40
5.14,0.00,0.00,0.00,793.00,0.00,1781.00,4822.00,0.01,318013.99
5.15,0.00,0.00,0.00,793.00,0.00,1775.00,4828.00,0.01,316988.64
5.15,0.00,0.00,0.00,793.00,0.00,1769.00,4834.00,0.01,315962.43
5.16,0.00,0.00,0.00,793.00,0.00,1767.00,4836.00,0.00,314995.54
5.17,0.00,0.00,0.00,793.00,0.00,1761.00,4842.00,0.00,314022.70
5.17,0.00,0.00,0.00,793.00,0.00,1753.00,4850.00,0.00,313014.39
5.18,0.00,0.00,0.00,793.00,0.00,1747.00,4856.00,0.00,312003.74
5.19,0.00,0.00,0.00,793.00,0.00,1739.00,4864.00,0.00,310960.90
5.19,0.00,0.00,0.00,793.00,0.00,1735.00,4868.00,0.00,309948.78
5.20,0.00,0.00,0.00,793.00,0.00,1731.00,4872.00,0.00,308964.70
5.21,0.00,0.00,0.00,793.00,0.00,1724.00,4879.00,0.00,307961.15
5.22,0.00,0.00,0.00,793.00,0.00,1719.00,4884.00,0.00,306969.86
5.22,0.00,0.00,0.00,793.00,0.00,1709.00,4894.00,0.00,305914.67
5.23,0.00,0.00,0.00,793.00,0.00,1704.00,4899.00,0.00,304876.24
5.24,0.00,0.00,0.00,793.00,0.00,1697.00,4906.00,0.00,303823.06
5.24,0.00,0.00,0.00,793.00,0.00,1693.00,4910.00,0.00,302801.51
5.25,0.00,0.00,0.00,793.00,0.00,1678.00,4925.00,0.00,301643.56
5.26,0.00,0.00,0.00,793.00,0.00,1672.00,4931.00,0.00,300496.30
5.26,0.00,0.00,0.00,793.00,0.00,1667.00,4936.00,0.00,299373.82
5.27,0.00,0.00,0.00,793.00,0.00,1661.00,4942.00,0.00,298258.95
5.28,0.00,0.00,0.00,793.00,0.00,1656.00,4947.00,0.00,297166.04
5.28,0.00,0.00,0.00,793.00,0.00,1651.00,4952.00,0.00,296093.17
5.29,0.00,0.00,0.00,793.00,0.00,1646.00,4957.00,0.00,295038.62
5.30,0.00,0.00,0.00,793.00,0.00,1639.00,4964.00,0.00,293970.73
5.31,0.00,0.00,0.00,793.00,0.00,1635.00,4968.00,0.00,292935.73
5.31,0.00,0.00,0.00,793.00,0.00,1628.00,4975.00,0.00,291885.70
5.32,0.00,0.00,0.00,793.00,0.00,1623.00,4980.00,0.00,290851.98
5.33,0.00,0.00,0.00,793.00,0.00,1616.00,4987.00,0.00,289803.11
5.33,0.00,0.00,0.00,793.00,0.00,1609.00,4994.00,0.00,288740.42
5.34,0.00,0.00,0.00,793.00,0.00,1602.00,5001.00,0.00,287665.09
5.35,0.00,0.00,0.00,793.00,0.00,1599.00,5004.00,0.00,286638.33
5.35,0.00,0.00,0.00,793.00,0.00,1599.00,5004.00,0.00,285700.98
5.36,0.00,0.00,0.00,793.00,0.00,1585.00,5018.00,0.00,284634.92
5.37,0.00,0.00,0.00,793.00,0.00,1576.00,5027.00,0.00,283526.49
5.38,0.00,0.00,0.00,793.00,0.00,1565.00,5038.00,0.00,282349.32
5.38,0.00,0.00,0.00,793.00,0.00,1556.00,5047.00,0.00,281139.44
5.39,0.00,0.00,0.00,793.00,0.00,1547.00,5056.00,0.00,279899.71
5.40,0.00,0.00,0.00,793.00,0.00,1541.00,5062.00,0.00,278677.79
5.40,0.00,0.00,0.00,793.00,0.00,1537.00,5066.00,0.00,277502.17
5.41,0.00,0.00,0.00,793.00,0.00,1525.00,5078.00,0.00,276248.65
5.42,0.00,0.00,0.00,793.00,0.00,1518.00,5085.00,0.00,274999.12
5.42,0.00,0.00,0.00,793.00,0.00,1504.00,5099.00,0.00,273648.06
5.43,0.00,0.00,0.00,793.00,0.00,1498.00,5105.00,0.00,272324.52
5.44,0.00,0.00,0.00,793.00,0.00,1492.00,5111.00,0.00,271026.08
5.44,0.00,0.00,0.00,793.00,0.00,1488.00,5115.00,0.00,269780.61
5.45,0.00,0.00,0.00,793.00,0.00,1486.00,5117.00,0.00,268613.55
5.46,0.00,0.00,0.00,793.00,0.00,1481.00,5122.00,0.00,267473.00
5.47,0.00,0.00,0.00,793.00,0.00,1477.00,5126.00,0.00,266371.66
5.47,0.00,0.00,0.00,793.00,0.00,1468.00,5135.00,0.00,265231.02
5.48,0.00,0.00,0.00,793.00,0.00,1461.00,5142.00,0.00,264084.54
5.49,0.00,0.00,0.00,793.00,0.00,1453.00,5150.00,0.00,262917.71
5.49,0.00,0.00,0.00,793.00,0.00,1443.00,5160.00,0.00,261702.25
5.50,0.00,0.00,0.00,793.00,0.00,1438.00,5165.00,0.00,260517.51
5.51,0.00,0.00,0.00,793.00,0.00,1434.00,5169.00,0.00,259375.84
5.51,0.00,0.00,0.00,793.00,0.00,1432.00,5171.00,0.00,258303.53
5.52,0.00,0.00,0.00,793.00,0.00,1424.00,5179.00,0.00,257204.41
5.53,0.00,0.00,0.00,793.00,0.00,1419.00,5184.00,0.00,256125.89
5.53,0.00,0.00,0.00,793.00,0.00,1415.00,5188.00,0.00,255081.18
5.54,0.00,0.00,0.00,793.00,0.00,1407.00,5196.00,0.00,254007.26
5.55,0.00,0.00,0.00,793.00,0.00,1402.00,5201.00,0.00,252951.74
5.56,0.00,0.00,0.00,793.00,0.00,1394.00,5209.00,0.00,251867.94
5.56,0.00,0.00,0.00,793.00,0.00,1388.00,5215.00,0.00,250788.38
5.57,0.00,0.00,0.00,793.00,0.00,1381.00,5222.00,0.00,249697.65
5.58,0.00,0.00,0.00,793.00,0.00,1377.00,5226.00,0.00,248641.81
5.58,0.00,0.00,0.00,793.00,0.00,1367.00,5236.00,0.00,247527.68
5.59,0.00,0.00,0.00,793.00,0.00,1362.00,5241.00,0.00,246435.45
5.60,0.00,0.00,0.00,793.00,0.00,1354.00,5249.00,0.00,245318.14
5.60,0.00,0.00,0.00,793.00,0.00,1346.00,5257.00,0.00,244177.93
5.61,0.00,0.00,0.00,793.00,0.00,1338.00,5265.00,0.00,243016.83
5.62,0.00,0.00,0.00,793.00,0.00,1331.00,5272.00,0.00,241851.67
5.62,0.00,0.00,0.00,793.00,0.00,1326.00,5277.00,0.00,240712.85
5.63,0.00,0.00,0.00,793.00,0.00,1319.00,5284.00,0.00,239568.03
5.64,0.00,0.00,0.00,793.00,0.00,1308.00,5295.00,0.00,238357.64
5.65,0.00,0.00,0.00,793.00,0.00,1298.00,5305.00,0.00,237102.42
5.65,0.00,0.00,0.00,793.00,0.00,1290.00,5313.00,0.00,235836.31
5.66,0.00,0.00,0.00,793.00,0.00,1281.00,5322.00,0.00,234545.24
5.67,0.00,0.00,0.00,793.00,0.00,1271.00,5332.00,0.00,233216.37
5.67,0.00,0.00,0.00,793.00,0.00,1265.00,5338.00,0.00,231913.06
5.68,0.00,0.00,0.00,793.00,0.00,1257.00,5346.00,0.00,230603.06
5.69,0.00,0.00,0.00,793.00,0.00,1250.00,5353.00,0.00,229301.97
5.69,0.00,0.00,0.00,793.00,0.00,1247.00,5356.00,0.00,228069.10
5.70,0.00,0.00,0.00,793.00,0.00,1241.00,5362.00,0.00,226853.44
5.71,0.00,0.00,0.00,793.00,0.00,1236.00,5367.00,0.00,225668.53
5.72,0.00,0.00,0.00,793.00,0.00,1229.00,5374.00,0.00,224481.63
5.72,0.00,0.00,0.00,793.00,0.00,1222.00,5381.00,0.00,223292.91
5.73,0.00,0.00,0.00,793.00,0.00,1214.00,5389.00,0.00,222087.53
5.74,0.00,0.00,0.00,793.00,0.00,1208.00,5395.00,0.00,220896.96
5.74,0.00,0.00,0.00,793.00,0.00,1203.00,5400.00,0.00,219734.95
5.75,0.00,0.00,0.00,793.00,0.00,1193.00,5410.00,0.00,218523.89
5.76,0.00,0.00,0.00,793.00,0.00,1186.00,5417.00,0.00,217313.12
5.76,0.00,0.00,0.00,793.00,0.00,1177.00,5426.00,0.00,216072.57
5.77,0.00,0.00,0.00,793.00,0.00,1169.00,5434.00,0.00,214819.86
5.78,0.00,0.00,0.00,793.00,0.00,1161.00,5442.00,0.00,213556.05
5.78,0.00,0.00,0.00,793.00,0.00,1155.00,5448.00,0.00,212312.14
5.79,0.00,0.00,0.00,793.00,0.00,1145.00,5458.00,0.00,211026.32
5.80,0.00,0.00,0.00,793.00,0.00,1141.00,5462.00,0.00,209792.37
5.81,0.00,0.00,0.00,793.00,0.00,1139.00,5464.00,0.00,208635.82
5.81,0.00,0.00,0.00,793.00,0.00,1132.00,5471.00,0.00,207474.82
5.82,0.00,0.00,0.00,793.00,0.00,1125.00,5478.00,0.00,206309.75
5.83,0.00,0.00,0.00,793.00,0.00,1118.00,5485.00,0.00,205140.97
5.83,0.00,0.00,0.00,793.00,0.00,1105.00,5498.00,0.00,203878.66
5.84,0.00,0.00,0.00,793.00,0.00,1096.00,5507.00,0.00,202591.06
5.85,0.00,0.00,0.00,793.00,0.00,1082.00,5521.00,0.00,201205.25
5.85,0.00,0.00,0.00,793.00,0.00,1079.00,5524.00,0.00,199895.05
5.86,0.00,0.00,0.00,793.00,0.00,1066.00,5537.00,0.00,198503.63
5.87,0.00,0.00,0.00,793.00,0.00,1062.00,5541.00,0.00,197173.28
5.88,0.00,0.00,0.00,793.00,0.00,1057.00,5546.00,0.00,195883.66
5.88,0.00,0.00,0.00,793.00,0.00,1054.00,5549.00,0.00,194661.26
5.89,0.00,0.00,0.00,793.00,0.00,1046.00,5557.00,0.00,193425.12
5.90,0.00,0.00,0.00,793.00,0.00,1042.00,5561.00,0.00,192236.52
5.90,0.00,0.00,0.00,793.00,0.00,1038.00,5565.00,0.00,191091.33
5.91,0.00,0.00,0.00,793.00,0.00,1030.00,5573.00,0.00,189925.67
5.92,0.00,0.00,0.00,793.00,0.00,1023.00,5580.00,0.00,188756.35
5.92,0.00,0.00,0.00,793.00,0.00,1017.00,5586.00,0.00,187598.72
5.93,0.00,0.00,0.00,793.00,0.00,1015.00,5588.00,0.00,186511.84
5.94,0.00,0.00,0.00,793.00,0.00,1008.00,5595.00,0.00,185414.43
5.94,0.00,0.00,0.00,793.00,0.00,1001.00,5602.00,0.00,184307.43
5.95,0.00,0.00,0.00,793.00,0.00,998.00,5605.00,0.00,183251.75
5.96,0.00,0.00,0.00,793.00,0.00,992.00,5611.00,0.00,182197.85
5.97,0.00,0.00,0.00,793.00,0.00,987.00,5616.00,0.00,181160.61
5.97,0.00,0.00,0.00,793.00,0.00,981.00,5622.00,0.00,180123.55
5.98,0.00,0.00,0.00,793.00,0.00,975.00,5628.00,0.00,179086.65
5.99,0.00,0.00,0.00,793.00,0.00,967.00,5636.00,0.00,178019.86
5.99,0.00,0.00,0.00,793.00,0.00,962.00,5641.00,0.00,176970.84
6.00,0.00,0.00,0.00,793.00,0.00,955.00,5648.00,0.00,175908.00
6.01,0.00,0.00,0.00,793.00,0.00,950.00,5653.00,0.00,174862.60
6.01,0.00,0.00,0.00,793.00,0.00,941.00,5662.00,0.00,173773.02
6.02,0.00,0.00,0.00,793.00,0.00,940.00,5663.00,0.00,172763.29
6.03,0.00,0.00,0.00,793.00,0.00,933.00,5670.00,0.00,171736.32
6.03,0.00,0.00,0.00,793.00,0.00,924.00,5679.00,0.00,170663.57
6.04,0.00,0.00,0.00,793.00,0.00,917.00,5686.00,0.00,169579.07
6.05,0.00,0.00,0.00,793.00,0.00,909.00,5694.00,0.00,168468.82
6.06,0.00,0.00,0.00,793.00,0.00,901.00,5702.00,0.00,167335.06
6.06,0.00,0.00,0.00,793.00,0.00,891.00,5712.00,0.00,166149.79
6.07,0.00,0.00,0.00,793.00,0.00,883.00,5720.00,0.00,164947.54
6.08,0.00,0.00,0.00,793.00,0.00,876.00,5727.00,0.00,163744.82
6.08,0.00,0.00,0.00,793.00,0.00,873.00,5730.00,0.00,162601.76
6.09,0.00,0.00,0.00,793.00,0.00,869.00,5734.00,0.00,161498.14
6.10,0.00,0.00,0.00,793.00,0.00,863.00,5740.00,0.00,160400.48
6.10,0.00,0.00,0.00,793.00,0.00,859.00,5744.00,0.00,159338.30
6.11,0.00,0.00,0.00,793.00,0.00,855.00,5748.00,0.00,158308.53
6.12,0.00,0.00,0.00,793.00,0.00,850.00,5753.00,0.00,157293.30
6.12,0.00,0.00,0.00,793.00,0.00,844.00,5759.00,0.00,156276.34
6.13,0.00,0.00,0.00,793.00,0.00,839.00,5764.00,0.00,155272.82
6.14,0.00,0.00,0.00,793.00,0.00,835.00,5768.00,0.00,154296.59
6.15,0.00,0.00,0.00,793.00,0.00,832.00,5771.00,0.00,153360.29
6.15,0.00,0.00,0.00,793.00,0.00,826.00,5777.00,0.00,152415.39
6.16,0.00,0.00,0.00,793.00,0.00,819.00,5784.00,0.00,151447.60
6.17,0.00,0.00,0.00,793.00,0.00,816.00,5787.00,0.00,150519.01
6.17,0.00,0.00,0.00,793.00,0.00,806.00,5797.00,0.00,149521.05
6.18,0.00,0.00,0.00,793.00,0.00,803.00,5800.00,0.00,148564.92
6.19,0.00,0.00,0.00,793.00,0.00,798.00,5805.00,0.00,147616.93
6.19,0.00,0.00,0.00,793.00,0.00,791.00,5812.00,0.00,146646.33
6.20,0.00,0.00,0.00,793.00,0.00,786.00,5817.00,0.00,145685.12
6.21,0.00,0.00,0.00,793.00,0.00,779.00,5824.00,0.00,144702.45
6.22,0.00,0.00,0.00,793.00,0.00,776.00,5827.00,0.00,143760.28
6.22,0.00,0.00,0.00,793.00,0.00,774.00,5829.00,0.00,142870.10
6.23,0.00,0.00,0.00,793.00,0.00,768.00,5835.00,0.00,141967.30
6.24,0.00,0.00,0.00,793.00,0.00,762.00,5841.00,0.00,141052.97
6.24,0.00,0.00,0.00,793.00,0.00,759.00,5844.00,0.00,140173.19
6.25,0.00,0.00,0.00,793.00,0.00,756.00,5847.00,0.00,139324.95
6.26,0.00,0.00,0.00,793.00,0.00,754.00,5849.00,0.00,138520.52
6.26,0.00,0.00,0.00,793.00,0.00,745.00,5858.00,0.00,137650.93
6.27,0.00,0.00,0.00,793.00,0.00,740.00,5863.00,0.00,136781.95
6.28,0.00,0.00,0.00,793.00,0.00,735.00,5868.00,0.00,135913.51
6.28,0.00,0.00,0.00,793.00,0.00,731.00,5872.00,0.00,135060.61
6.29,0.00,0.00,0.00,793.00,0.00,729.00,5874.00,0.00,134251.92
6.30,0.00,0.00,0.00,793.00,0.00,723.00,5880.00,0.00,133423.52
6.31,0.00,0.00,0.00,793.00,0.00,715.00,5888.00,0.00,132547.06
6.31,0.00,0.00,0.00,793.00,0.00,714.00,5889.00,0.00,131731.90
6.32,0.00,0.00,0.00,793.00,0.00,711.00,5892.00,0.00,130942.65
6.33,0.00,0.00,0.00,793.00,0.00,703.00,5900.00,0.00,130101.94
6.33,0.00,0.00,0.00,793.00,0.00,696.00,5907.00,0.00,129229.27
6.34,0.00,0.00,0.00,793.00,0.00,694.00,5909.00,0.00,128402.55
6.35,0.00,0.00,0.00,793.00,0.00,687.00,5916.00,0.00,127542.65
6.35,0.00,0.00,0.00,793.00,0.00,681.00,5922.00,0.00,126667.49
6.36,0.00,0.00,0.00,793.00,0.00,677.00,5926.00,0.00,125808.44
6.37,0.00,0.00,0.00,793.00,0.00,671.00,5932.00,0.00,124934.06
6.38,0.00,0.00,0.00,793.00,0.00,668.00,5935.00,0.00,124090.74
6.38,0.00,0.00,0.00,793.00,0.00,665.00,5938.00,0.00,123275.79
6.39,0.00,0.00,0.00,793.00,0.00,652.00,5951.00,0.00,122336.50
6.40,0.00,0.00,0.00,793.00,0.00,647.00,5956.00,0.00,121403.89
6.40,0.00,0.00,0.00,793.00,0.00,642.00,5961.00,0.00,120477.36
6.41,0.00,0.00,0.00,793.00,0.00,633.00,5970.00,0.00,119496.31
6.42,0.00,0.00,0.00,793.00,0.00,628.00,5975.00,0.00,118525.57
6.42,0.00,0.00,0.00,793.00,0.00,621.00,5982.00,0.00,117534.19
6.43,0.00,0.00,0.00,793.00,0.00,618.00,5985.00,0.00,116584.07
6.44,0.00,0.00,0.00,793.00,0.00,615.00,5988.00,0.00,115671.61
6.44,0.00,0.00,0.00,793.00,0.00,610.00,5993.00,0.00,114763.49
6.45,0.00,0.00,0.00,793.00,0.00,601.00,6002.00,0.00,113799.24
6.46,0.00,0.00,0.00,793.00,0.00,594.00,6009.00,0.00,112813.79
6.47,0.00,0.00,0.00,793.00,0.00,591.00,6012.00,0.00,111869.08
6.47,0.00,0.00,0.00,793.00,0.00,580.00,6023.00,0.00,110841.38
6.48,0.00,0.00,0.00,793.00,0.00,575.00,6028.00,0.00,109828.05
6.49,0.00,0.00,0.00,793.00,0.00,568.00,6035.00,0.00,108797.79
6.49,0.00,0.00,0.00,793.00,0.00,560.00,6043.00,0.00,107737.06
6.50,0.00,0.00,0.00,793.00,0.00,557.00,6046.00,0.00,106723.62
6.51,0.00,0.00,0.00,793.00,0.00,549.00,6054.00,0.00,105678.25
6.51,0.00,0.00,0.00,793.00,0.00,547.00,6056.00,0.00,104693.86
6.52,0.00,0.00,0.00,793.00,0.00,539.00,6064.00,0.00,103674.99
6.53,0.00,0.00,0.00,793.00,0.00,535.00,6068.00,0.00,102684.76
6.53,0.00,0.00,0.00,793.00,0.00,529.00,6074.00,0.00,101690.61
6.54,0.00,0.00,0.00,793.00,0.00,526.00,6077.00,0.00,100737.96
6.55,0.00,0.00,0.00,793.00,0.00,520.00,6083.00,0.00,99778.12
6.56,0.00,0.00,0.00,793.00,0.00,515.00,6088.00,0.00,98826.75
6.56,0.00,0.00,0.00,793.00,0.00,513.00,6090.00,0.00,97928.17
6.57,0.00,0.00,0.00,793.00,0.00,506.00,6097.00,0.00,97002.67
6.58,0.00,0.00,0.00,793.00,0.00,499.00,6104.00,0.00,96052.60
6.58,0.00,0.00,0.00,793.00,0.00,495.00,6108.00,0.00,95125.17
6.59,0.00,0.00,0.00,793.00,0.00,484.00,6119.00,0.00,94113.24
6.60,0.00,0.00,0.00,793.00,0.00,477.00,6126.00,0.00,93084.26
6.60,0.00,0.00,0.00,793.00,0.00,468.00,6135.00,0.00,92009.68
6.61,0.00,0.00,0.00,793.00,0.00,463.00,6140.00,0.00,90953.55
6.62,0.00,0.00,0.00,793.00,0.00,461.00,6142.00,0.00,89959.33
6.62,0.00,0.00,0.00,793.00,0.00,458.00,6145.00,0.00,89006.62
6.63,0.00,0.00,0.00,793.00,0.00,453.00,6150.00,0.00,88061.75
6.64,0.00,0.00,0.00,793.00,0.00,445.00,6158.00,0.00,87078.97
6.65,0.00,0.00,0.00,793.00,0.00,441.00,6162.00,0.00,86121.68
6.65,0.00,0.00,0.00,793.00,0.00,437.00,6166.00,0.00,85187.65
6.66,0.00,0.00,0.00,793.00,0.00,434.00,6169.00,0.00,84289.88
6.67,0.00,0.00,0.00,793.00,0.00,428.00,6175.00,0.00,83380.15
6.67,0.00,0.00,0.00,793.00,0.00,426.00,6177.00,0.00,82519.59
6.68,0.00,0.00,0.00,793.00,0.00,423.00,6180.00,0.00,81688.89
6.69,0.00,0.00,0.00,793.00,0.00,415.00,6188.00,0.00,80810.35
6.69,0.00,0.00,0.00,793.00,0.00,413.00,6190.00,0.00,79978.25
6.70,0.00,0.00,0.00,793.00,0.00,413.00,6190.00,0.00,79218.61
6.71,0.00,0.00,0.00,793.00,0.00,410.00,6193.00,0.00,78480.05
6.72,0.00,0.00,0.00,793.00,0.00,405.00,6198.00,0.00,77730.69
6.72,0.00,0.00,0.00,793.00,0.00,399.00,6204.00,0.00,76956.43
6.73,0.00,0.00,0.00,793.00,0.00,391.00,6212.00,0.00,76129.41
6.74,0.00,0.00,0.00,793.00,0.00,385.00,6218.00,0.00,75284.27
6.74,0.00,0.00,0.00,793.00,0.00,381.00,6222.00,0.00,74452.62
6.75,0.00,0.00,0.00,793.00,0.00,377.00,6226.00,0.00,73633.30
6.76,0.00,0.00,0.00,793.00,0.00,372.00,6231.00,0.00,72810.21
6.76,0.00,0.00,0.00,793.00,0.00,369.00,6234.00,0.00,72013.72
6.77,0.00,0.00,0.00,793.00,0.00,362.00,6241.00,0.00,71181.42
6.78,0.00,0.00,0.00,793.00,0.00,356.00,6247.00,0.00,70331.46
6.78,0.00,0.00,0.00,793.00,0.00,355.00,6248.00,0.00,69540.48
6.79,0.00,0.00,0.00,793.00,0.00,349.00,6254.00,0.00,68728.24
6.80,0.00,0.00,0.00,793.00,0.00,346.00,6257.00,0.00,67941.66
6.81,0.00,0.00,0.00,793.00,0.00,342.00,6261.00,0.00,67163.48
6.81,0.00,0.00,0.00,793.00,0.00,338.00,6265.00,0.00,66392.96
6.82,0.00,0.00,0.00,793.00,0.00,333.00,6270.00,0.00,65614.43
6.83,0.00,0.00,0.00,793.00,0.00,325.00,6278.00,0.00,64783.50
6.83,0.00,0.00,0.00,793.00,0.00,320.00,6283.00,0.00,63949.81
6.84,0.00,0.00,0.00,793.00,0.00,313.00,6290.00,0.00,63083.55
6.85,0.00,0.00,0.00,793.00,0.00,307.00,6296.00,0.00,62202.59
6.85,0.00,0.00,0.00,793.00,0.00,303.00,6300.00,0.00,61338.24
6.86,0.00,0.00,0.00,793.00,0.00,300.00,6303.00,0.00,60504.08
6.87,0.00,0.00,0.00,793.00,0.00,297.00,6306.00,0.00,59697.50
6.88,0.00,0.00,0.00,793.00,0.00,291.00,6312.00,0.00,58871.00
6.88,0.00,0.00,0.00,793.00,0.00,285.00,6318.00,0.00,58026.34
6.89,0.00,0.00,0.00,793.00,0.00,279.00,6324.00,0.00,57165.09
6.90,0.00,0.00,0.00,793.00,0.00,276.00,6327.00,0.00,56333.76
6.90,0.00,0.00,0.00,793.00,0.00,276.00,6327.00,0.00,55574.82
6.91,0.00,0.00,0.00,793.00,0.00,274.00,6329.00,0.00,54851.92
6.92,0.00,0.00,0.00,793.00,0.00,266.00,6337.00,0.00,54071.79
6.92,0.00,0.00,0.00,793.00,0.00,258.00,6345.00,0.00,53239.40
6.93,0.00,0.00,0.00,793.00,0.00,251.00,6352.00,0.00,52374.32
6.94,0.00,0.00,0.00,793.00,0.00,249.00,6354.00,0.00,51554.53
6.94,0.00,0.00,0.00,793.00,0.00,248.00,6355.00,0.00,50791.10
6.95,0.00,0.00,0.00,793.00,0.00,244.00,6359.00,0.00,50034.06
6.96,0.00,0.00,0.00,793.00,0.00,239.00,6364.00,0.00,49267.82
6.97,0.00,0.00,0.00,793.00,0.00,236.00,6367.00,0.00,48523.23
6.97,0.00,0.00,0.00,793.00,0.00,229.00,6374.00,0.00,47738.31
6.98,0.00,0.00,0.00,793.00,0.00,226.00,6377.00,0.00,46976.68
6.99,0.00,0.00,0.00,793.00,0.00,225.00,6378.00,0.00,46266.34
6.99,0.00,0.00,0.00,793.00,0.00,224.00,6379.00,0.00,45602.83
7.00,0.00,0.00,0.00,793.00,0.00,223.00,6380.00,0.00,44982.07
7.01,0.00,0.00,0.00,793.00,0.00,219.00,6384.00,0.00,44355.27
7.01,0.00,0.00,0.00,793.00,0.00,215.00,6388.00,0.00,43722.97
7.02,0.00,0.00,0.00,793.00,0.00,213.00,6390.00,0.00,43115.67
7.03,0.00,0.00,0.00,793.00,0.00,212.00,6391.00,0.00,42546.23
7.03,0.00,0.00,0.00,793.00,0.00,210.00,6393.00,0.00,41996.33
7.04,0.00,0.00,0.00,793.00,0.00,206.00,6397.00,0.00,41434.22
7.05,0.00,0.00,0.00,793.00,0.00,200.00,6403.00,0.00,40830.92
7.06,0.00,0.00,0.00,793.00,0.00,199.00,6404.00,0.00,40265.12
7.06,0.00,0.00,0.00,793.00,0.00,194.00,6409.00,0.00,39673.48
7.07,0.00,0.00,0.00,793.00,0.00,190.00,6413.00,0.00,39073.27
7.08,0.00,0.00,0.00,793.00,0.00,187.00,6416.00,0.00,38480.24
7.08,0.00,0.00,0.00,793.00,0.00,184.00,6419.00,0.00,37893.79
7.09,0.00,0.00,0.00,793.00,0.00,182.00,6421.00,0.00,37328.36
7.10,0.00,0.00,0.00,793.00,0.00,178.00,6425.00,0.00,36752.07
7.10,0.00,0.00,0.00,793.00,0.00,178.00,6425.00,0.00,36225.96
7.11,0.00,0.00,0.00,793.00,0.00,174.00,6429.00,0.00,35685.57
7.12,0.00,0.00,0.00,793.00,0.00,174.00,6429.00,0.00,35192.24
7.12,0.00,0.00,0.00,793.00,0.00,173.00,6430.00,0.00,34726.84
7.13,0.00,0.00,0.00,793.00,0.00,168.00,6435.00,0.00,34226.85
7.14,0.00,0.00,0.00,793.00,0.00,164.00,6439.00,0.00,33710.30
7.15,0.00,0.00,0.00,793.00,0.00,160.00,6443.00,0.00,33178.64
7.15,0.00,0.00,0.00,793.00,0.00,157.00,6446.00,0.00,32648.21
7.16,0.00,0.00,0.00,793.00,0.00,152.00,6451.00,0.00,32088.85
7.17,0.00,0.00,0.00,793.00,0.00,145.00,6458.00,0.00,31473.03
7.17,0.00,0.00,0.00,793.00,0.00,143.00,6460.00,0.00,30880.79
7.18,0.00,0.00,0.00,793.00,0.00,141.00,6462.00,0.00,30310.07
7.19,0.00,0.00,0.00,793.00,0.00,138.00,6465.00,0.00,29743.98
7.19,0.00,0.00,0.00,793.00,0.00,135.00,6468.00,0.00,29182.12
7.20,0.00,0.00,0.00,793.00,0.00,134.00,6469.00,0.00,28654.15
7.21,0.00,0.00,0.00,793.00,0.00,131.00,6472.00,0.00,28127.09
7.22,0.00,0.00,0.00,793.00,0.00,126.00,6477.00,0.00,27570.81
7.22,0.00,0.00,0.00,793.00,0.00,124.00,6479.00,0.00,27032.92
7.23,0.00,0.00,0.00,793.00,0.00,122.00,6481.00,0.00,26511.82
7.24,0.00,0.00,0.00,793.00,0.00,118.00,6485.00,0.00,25976.01
7.24,0.00,0.00,0.00,793.00,0.00,114.00,6489.00,0.00,25426.75
7.25,0.00,0.00,0.00,793.00,0.00,114.00,6489.00,0.00,24925.33
7.26,0.00,0.00,0.00,793.00,0.00,113.00,6490.00,0.00,24452.54
7.26,0.00,0.00,0.00,793.00,0.00,113.00,6490.00,0.00,24020.93
7.27,0.00,0.00,0.00,793.00,0.00,109.00,6494.00,0.00,23566.80
7.28,0.00,0.00,0.00,793.00,0.00,107.00,6496.00,0.00,23122.17
7.28,0.00,0.00,0.00,793.00,0.00,105.00,6498.00,0.00,22686.21
7.29,0.00,0.00,0.00,793.00,0.00,103.00,6500.00,0.00,22258.17
7.30,0.00,0.00,0.00,793.00,0.00,101.00,6502.00,0.00,21837.35
7.31,0.00,0.00,0.00,793.00,0.00,100.00,6503.00,0.00,21438.15
7.31,0.00,0.00,0.00,793.00,0.00,96.00,6507.00,0.00,21013.62
7.32,0.00,0.00,0.00,793.00,0.00,92.00,6511.00,0.00,20565.97
7.33,0.00,0.00,0.00,793.00,0.00,92.00,6511.00,0.00,20157.29
7.33,0.00,0.00,0.00,793.00,0.00,89.00,6514.00,0.00,19739.13
7.34,0.00,0.00,0.00,793.00,0.00,88.00,6515.00,0.00,19342.36
7.35,0.00,0.00,0.00,793.00,0.00,87.00,6516.00,0.00,18965.12
7.35,0.00,0.00,0.00,793.00,0.00,84.00,6519.00,0.00,18575.65
7.36,0.00,0.00,0.00,793.00,0.00,83.00,6520.00,0.00,18205.08
7.37,0.00,0.00,0.00,793.00,0.00,82.00,6521.00,0.00,17851.75
7.38,0.00,0.00,0.00,793.00,0.00,81.00,6522.00,0.00,17514.16
7.38,0.00,0.00,0.00,793.00,0.00,80.00,6523.00,0.00,17190.95
7.39,0.00,0.00,0.00,793.00,0.00,78.00,6525.00,0.00,16865.83
7.40,0.00,0.00,0.00,793.00,0.00,78.00,6525.00,0.00,16569.03
7.40,0.00,0.00,0.00,793.00,0.00,78.00,6525.00,0.00,16298.06
7.41,0.00,0.00,0.00,793.00,0.00,78.00,6525.00,0.00,16050.70
7.42,0.00,0.00,0.00,793.00,0.00,75.00,6528.00,0.00,15779.80
7.42,0.00,0.00,0.00,793.00,0.00,74.00,6529.00,0.00,15517.47
7.43,0.00,0.00,0.00,793.00,0.00,72.00,6531.00,0.00,15247.93
7.44,0.00,0.00,0.00,793.00,0.00,71.00,6532.00,0.00,14986.85
7.44,0.00,0.00,0.00,793.00,0.00,70.00,6533.00,0.00,14733.47
7.45,0.00,0.00,0.00,793.00,0.00,68.00,6535.00,0.00,14472.11
7.46,0.00,0.00,0.00,793.00,0.00,67.00,6536.00,0.00,14218.49
7.47,0.00,0.00,0.00,793.00,0.00,67.00,6536.00,0.00,13986.95
7.47,0.00,0.00,0.00,793.00,0.00,67.00,6536.00,0.00,13775.57
7.48,0.00,0.00,0.00,793.00,0.00,65.00,6538.00,0.00,13552.55
7.49,0.00,0.00,0.00,793.00,0.00,65.00,6538.00,0.00,13348.95
7.49,0.00,0.00,0.00,793.00,0.00,64.00,6539.00,0.00,13148.06
7.50,0.00,0.00,0.00,793.00,0.00,64.00,6539.00,0.00,12964.66
7.51,0.00,0.00,0.00,793.00,0.00,61.00,6542.00,0.00,12752.15
7.51,0.00,0.00,0.00,793.00,0.00,59.00,6544.00,0.00,12528.11
7.52,0.00,0.00,0.00,793.00,0.00,58.00,6545.00,0.00,12308.55
7.53,0.00,0.00,0.00,793.00,0.00,55.00,6548.00,0.00,12063.05
7.53,0.00,0.00,0.00,793.00,0.00,54.00,6549.00,0.00,11823.89
7.54,0.00,0.00,0.00,793.00,0.00,52.00,6551.00,0.00,11575.52
7.55,0.00,0.00,0.00,793.00,0.00,52.00,6551.00,0.00,11348.77
7.56,0.00,0.00,0.00,793.00,0.00,50.00,6553.00,0.00,11111.72
7.56,0.00,0.00,0.00,793.00,0.00,48.00,6555.00,0.00,10865.27
7.57,0.00,0.00,0.00,793.00,0.00,48.00,6555.00,0.00,10640.27
7.58,0.00,0.00,0.00,793.00,0.00,46.00,6557.00,0.00,10404.82
7.58,0.00,0.00,0.00,793.00,0.00,45.00,6558.00,0.00,10174.85
7.59,0.00,0.00,0.00,793.00,0.00,45.00,6558.00,0.00,9964.91
7.60,0.00,0.00,0.00,793.00,0.00,42.00,6561.00,0.00,9728.17
7.60,0.00,0.00,0.00,793.00,0.00,41.00,6562.00,0.00,9497.03
7.61,0.00,0.00,0.00,793.00,0.00,41.00,6562.00,0.00,9286.01
7.62,0.00,0.00,0.00,793.00,0.00,40.00,6563.00,0.00,9078.35
7.62,0.00,0.00,0.00,793.00,0.00,40.00,6563.00,0.00,8888.77
7.63,0.00,0.00,0.00,793.00,0.00,40.00,6563.00,0.00,8715.69
7.64,0.00,0.00,0.00,793.00,0.00,40.00,6563.00,0.00,8557.69
7.65,0.00,0.00,0.00,793.00,0.00,39.00,6564.00,0.00,8398.42
7.65,0.00,0.00,0.00,793.00,0.00,38.00,6565.00,0.00,8238.00
7.66,0.00,0.00,0.00,793.00,0.00,38.00,6565.00,0.00,8091.55
7.67,0.00,0.00,0.00,793.00,0.00,38.00,6565.00,0.00,7957.85
7.67,0.00,0.00,0.00,793.00,0.00,37.00,6566.00,0.00,7820.76
7.68,0.00,0.00,0.00,793.00,0.00,36.00,6567.00,0.00,7680.60
7.69,0.00,0.00,0.00,793.00,0.00,36.00,6567.00,0.00,7552.63
7.69,0.00,0.00,0.00,793.00,0.00,33.00,6570.00,0.00,7390.74
7.70,0.00,0.00,0.00,793.00,0.00,32.00,6571.00,0.00,7227.93
7.71,0.00,0.00,0.00,793.00,0.00,31.00,6572.00,0.00,7064.26
7.72,0.00,0.00,0.00,793.00,0.00,30.00,6573.00,0.00,6899.83
7.72,0.00,0.00,0.00,793.00,0.00,29.00,6574.00,0.00,6734.69
7.73,0.00,0.00,0.00,793.00,0.00,27.00,6576.00,0.00,6553.88
7.74,0.00,0.00,0.00,793.00,0.00,27.00,6576.00,0.00,6388.82
7.74,0.00,0.00,0.00,793.00,0.00,26.00,6577.00,0.00,6223.11
7.75,0.00,0.00,0.00,793.00,0.00,26.00,6577.00,0.00,6071.83
7.76,0.00,0.00,0.00,793.00,0.00,26.00,6577.00,0.00,5933.72
7.76,0.00,0.00,0.00,793.00,0.00,26.00,6577.00,0.00,5807.63
7.77,0.00,0.00,0.00,793.00,0.00,25.00,6578.00,0.00,5677.51
7.78,0.00,0.00,0.00,793.00,0.00,24.00,6579.00,0.00,5543.69
7.78,0.00,0.00,0.00,793.00,0.00,24.00,6579.00,0.00,5421.52
7.79,0.00,0.00,0.00,793.00,0.00,22.00,6581.00,0.00,5279.94
7.80,0.00,0.00,0.00,793.00,0.00,22.00,6581.00,0.00,5150.70
7.81,0.00,0.00,0.00,793.00,0.00,21.00,6582.00,0.00,5017.68
7.81,0.00,0.00,0.00,793.00,0.00,19.00,6584.00,0.00,4866.20
7.82,0.00,0.00,0.00,793.00,0.00,19.00,6584.00,0.00,4727.91
7.83,0.00,0.00,0.00,793.00,0.00,19.00,6584.00,0.00,4601.66
7.83,0.00,0.00,0.00,793.00,0.00,19.00,6584.00,0.00,4486.41
7.84,0.00,0.00,0.00,793.00,0.00,19.00,6584.00,0.00,4381.19
7.85,0.00,0.00,0.00,793.00,0.00,19.00,6584.00,0.00,4285.13
7.85,0.00,0.00,0.00,793.00,0.00,19.00,6584.00,0.00,4197.44
7.86,0.00,0.00,0.00,793.00,0.00,19.00,6584.00,0.00,4117.38
7.87,0.00,0.00,0.00,793.00,0.00,17.00,6586.00,0.00,4014.25
7.88,0.00,0.00,0.00,793.00,0.00,16.00,6587.00,0.00,3905.07
7.88,0.00,0.00,0.00,793.00,0.00,16.00,6587.00,0.00,3805.40
7.89,0.00,0.00,0.00,793.00,0.00,15.00,6588.00,0.00,3699.39
7.90,0.00,0.00,0.00,793.00,0.00,15.00,6588.00,0.00,3602.61
7.90,0.00,0.00,0.00,793.00,0.00,14.00,6589.00,0.00,3499.23
7.91,0.00,0.00,0.00,793.00,0.00,14.00,6589.00,0.00,3404.86
7.92,0.00,0.00,0.00,793.00,0.00,14.00,6589.00,0.00,3318.70
7.92,0.00,0.00,0.00,793.00,0.00,14.00,6589.00,0.00,3240.04
7.93,0.00,0.00,0.00,793.00,0.00,14.00,6589.00,0.00,3168.24
7.94,0.00,0.00,0.00,793.00,0.00,14.00,6589.00,0.00,3102.68
7.94,0.00,0.00,0.00,793.00,0.00,14.00,6589.00,0.00,3042.84
7.95,0.00,0.00,0.00,793.00,0.00,14.00,6589.00,0.00,2988.20
7.96,0.00,0.00,0.00,793.00,0.00,14.00,6589.00,0.00,2938.33
7.97,0.00,0.00,0.00,793.00,0.00,13.00,6590.00,0.00,2877.77
7.97,0.00,0.00,0.00,793.00,0.00,13.00,6590.00,0.00,2822.49
7.98,0.00,0.00,0.00,793.00,0.00,13.00,6590.00,0.00,2772.01
7.99,0.00,0.00,0.00,793.00,0.00,11.00,6592.00,0.00,2695.89
7.99,0.00,0.00,0.00,793.00,0.00,10.00,6593.00,0.00,2611.38
8.00,0.00,0.00,0.00,793.00,0.00,10.00,6593.00,0.00,2534.22
8.01,0.00,0.00,0.00,793.00,0.00,9.00,6594.00,0.00,2448.76
8.01,0.00,0.00,0.00,793.00,0.00,9.00,6594.00,0.00,2370.74
8.02,0.00,0.00,0.00,793.00,0.00,9.00,6594.00,0.00,2299.51
8.03,0.00,0.00,0.00,793.00,0.00,9.00,6594.00,0.00,2234.49
8.03,0.00,0.00,0.00,793.00,0.00,9.00,6594.00,0.00,2175.13
8.04,0.00,0.00,0.00,793.00,0.00,9.00,6594.00,0.00,2120.93
8.05,0.00,0.00,0.00,793.00,0.00,9.00,6594.00,0.00,2071.46
8.06,0.00,0.00,0.00,793.00,0.00,9.00,6594.00,0.00,2026.29
8.06,0.00,0.00,0.00,793.00,0.00,9.00,6594.00,0.00,1985.06
8.07,0.00,0.00,0.00,793.00,0.00,8.00,6595.00,0.00,1932.39
8.08,0.00,0.00,0.00,793.00,0.00,8.00,6595.00,0.00,1884.31
8.08,0.00,0.00,0.00,793.00,0.00,8.00,6595.00,0.00,1840.42
8.09,0.00,0.00,0.00,793.00,0.00,8.00,6595.00,0.00,1800.35
8.10,0.00,0.00,0.00,793.00,0.00,7.00,6596.00,0.00,1748.74
8.10,0.00,0.00,0.00,793.00,0.00,7.00,6596.00,0.00,1701.63
8.11,0.00,0.00,0.00,793.00,0.00,7.00,6596.00,0.00,1658.62
8.12,0.00,0.00,0.00,793.00,0.00,7.00,6596.00,0.00,1619.36
8.12,0.00,0.00,0.00,793.00,0.00,7.00,6596.00,0.00,1583.51
8.13,0.00,0.00,0.00,793.00,0.00,7.00,6596.00,0.00,1550.79
8.14,0.00,0.00,0.00,793.00,0.00,6.00,6597.00,0.00,1505.89
8.15,0.00,0.00,0.00,793.00,0.00,5.00,6598.00,0.00,1449.88
8.15,0.00,0.00,0.00,793.00,0.00,5.00,6598.00,0.00,1398.74
8.16,0.00,0.00,0.00,793.00,0.00,5.00,6598.00,0.00,1352.06
8.17,0.00,0.00,0.00,793.00,0.00,5.00,6598.00,0.00,1309.45
8.17,0.00,0.00,0.00,793.00,0.00,5.00,6598.00,0.00,1270.54
8.18,0.00,0.00,0.00,793.00,0.00,5.00,6598.00,0.00,1235.02
8.19,0.00,0.00,0.00,793.00,0.00,5.00,6598.00,0.00,1202.60
8.19,0.00,0.00,0.00,793.00,0.00,5.00,6598.00,0.00,1173.00
8.20,0.00,0.00,0.00,793.00,0.00,5.00,6598.00,0.00,1145.97
8.21,0.00,0.00,0.00,793.00,0.00,5.00,6598.00,0.00,1121.30
8.22,0.00,0.00,0.00,793.00,0.00,5.00,6598.00,0.00,1098.78
8.22,0.00,0.00,0.00,793.00,0.00,5.00,6598.00,0.00,1078.22
8.23,0.00,0.00,0.00,793.00,0.00,5.00,6598.00,0.00,1059.44
8.24,0.00,0.00,0.00,793.00,0.00,5.00,6598.00,0.00,1042.31
8.24,0.00,0.00,0.00,793.00,0.00,4.00,6599.00,0.00,1011.64
8.25,0.00,0.00,0.00,793.00,0.00,4.00,6599.00,0.00,983.64
8.26,0.00,0.00,0.00,793.00,0.00,3.00,6600.00,0.00,943.06
8.26,0.00,0.00,0.00,793.00,0.00,3.00,6600.00,0.00,906.01
8.27,0.00,0.00,0.00,793.00,0.00,3.00,6600.00,0.00,872.19
8.28,0.00,0.00,0.00,793.00,0.00,2.00,6601.00,0.00,826.29
8.28,0.00,0.00,0.00,793.00,0.00,2.00,6601.00,0.00,784.39
8.29,0.00,0.00,0.00,793.00,0.00,2.00,6601.00,0.00,746.13
8.30,0.00,0.00,0.00,793.00,0.00,2.00,6601.00,0.00,711.21
8.31,0.00,0.00,0.00,793.00,0.00,2.00,6601.00,0.00,679.32
8.31,0.00,0.00,0.00,793.00,0.00,2.00,6601.00,0.00,650.22
8.32,0.00,0.00,0.00,793.00,0.00,2.00,6601.00,0.00,623.65
8.33,0.00,0.00,0.00,793.00,0.00,2.00,6601.00,0.00,599.39
8.33,0.00,0.00,0.00,793.00,0.00,2.00,6601.00,0.00,577.24
8.34,0.00,0.00,0.00,793.00,0.00,2.00,6601.00,0.00,557.02
8.35,0.00,0.00,0.00,793.00,0.00,2.00,6601.00,0.00,538.57
8.35,0.00,0.00,0.00,793.00,0.00,2.00,6601.00,0.00,521.72
8.36,0.00,0.00,0.00,793.00,0.00,2.00,6601.00,0.00,506.33
8.37,0.00,0.00,0.00,793.00,0.00,2.00,6601.00,0.00,492.29
8.38,0.00,0.00,0.00,793.00,0.00,2.00,6601.00,0.00,479.47
8.38,0.00,0.00,0.00,793.00,0.00,2.00,6601.00,0.00,467.77
8.39,0.00,0.00,0.00,793.00,0.00,2.00,6601.00,0.00,457.08
8.40,0.00,0.00,0.00,793.00,0.00,2.00,6601.00,0.00,447.33
8.40,0.00,0.00,0.00,793.00,0.00,2.00,6601.00,0.00,438.42
8.41,0.00,0.00,0.00,793.00,0.00,2.00,6601.00,0.00,430.29
8.42,0.00,0.00,0.00,793.00,0.00,2.00,6601.00,0.00,422.87
8.42,0.00,0.00,0.00,793.00,0.00,2.00,6601.00,0.00,416.09
8.43,0.00,0.00,0.00,793.00,0.00,2.00,6601.00,0.00,409.91
8.44,0.00,0.00,0.00,793.00,0.00,2.00,6601.00,0.00,404.26
8.44,0.00,0.00,0.00,793.00,0.00,2.00,6601.00,0.00,399.11
8.45,0.00,0.00,0.00,793.00,0.00,2.00,6601.00,0.00,394.40
8.46,0.00,0.00,0.00,793.00,0.00,2.00,6601.00,0.00,390.10
8.47,0.00,0.00,0.00,793.00,0.00,2.00,6601.00,0.00,386.18
8.47,0.00,0.00,0.00,793.00,0.00,2.00,6601.00,0.00,382.60
8.48,0.00,0.00,0.00,793.00,0.00,2.00,6601.00,0.00,379.33
8.49,0.00,0.00,0.00,793.00,0.00,2.00,6601.00,0.00,376.35
8.49,0.00,0.00,0.00,793.00,0.00,2.00,6601.00,0.00,373.62
8.50,0.00,0.00,0.00,793.00,0.00,2.00,6601.00,0.00,371.13
8.51,0.00,0.00,0.00,793.00,0.00,2.00,6601.00,0.00,368.86
8.51,0.00,0.00,0.00,793.00,0.00,1.00,6602.00,0.00,351.77
8.52,0.00,0.00,0.00,793.00,0.00,1.00,6602.00,0.00,336.16
8.53,0.00,0.00,0.00,793.00,0.00,1.00,6602.00,0.00,321.91
8.53,0.00,0.00,0.00,793.00,0.00,1.00,6602.00,0.00,308.90
8.54,0.00,0.00,0.00,793.00,0.00,1.00,6602.00,0.00,297.03
8.55,0.00,0.00,0.00,793.00,0.00,1.00,6602.00,0.00,286.19
8.56,0.00,0.00,0.00,793.00,0.00,1.00,6602.00,0.00,276.29
8.56,0.00,0.00,0.00,793.00,0.00,1.00,6602.00,0.00,267.26
8.57,0.00,0.00,0.00,793.00,0.00,1.00,6602.00,0.00,259.01
8.58,0.00,0.00,0.00,793.00,0.00,1.00,6602.00,0.00,251.48
8.58,0.00,0.00,0.00,793.00,0.00,1.00,6602.00,0.00,244.60
8.59,0.00,0.00,0.00,793.00,0.00,1.00,6602.00,0.00,238.33
8.60,0.00,0.00,0.00,793.00,0.00,1.00,6602.00,0.00,232.60
8.60,0.00,0.00,0.00,793.00,0.00,1.00,6602.00,0.00,227.37
8.61,0.00,0.00,0.00,793.00,0.00,1.00,6602.00,0.00,222.59
8.62,0.00,0.00,0.00,793.00,0.00,1.00,6602.00,0.00,218.23
8.62,0.00,0.00,0.00,793.00,0.00,1.00,6602.00,0.00,214.25
8.63,0.00,0.00,0.00,793.00,0.00,0.00,6603.00,0.00,195.60
8.64,0.00,0.00,0.00,793.00,0.00,0.00,6603.00,0.00,178.56
8.65,0.00,0.00,0.00,793.00,0.00,0.00,6603.00,0.00,163.02
8.65,0.00,0.00,0.00,793.00,0.00,0.00,6603.00,0.00,148.82
8.66,0.00,0.00,0.00,793.00,0.00,0.00,6603.00,0.00,135.86
8.67,0.00,0.00,0.00,793.00,0.00,0.00,6603.00,0.00,124.03
8.67,0.00,0.00,0.00,793.00,0.00,0.00,6603.00,0.00,113.23
8.68,0.00,0.00,0.00,793.00,0.00,0.00,6603.00,0.00,103.37
8.69,0.00,0.00,0.00,793.00,0.00,0.00,6603.00,0.00,94.37
8.69,0.00,0.00,0.00,793.00,0.00,0.00,6603.00,0.00,86.15
8.70,0.00,0.00,0.00,793.00,0.00,0.00,6603.00,0.00,78.65
8.71,0.00,0.00,0.00,793.00,0.00,0.00,6603.00,0.00,71.80
8.72,0.00,0.00,0.00,793.00,0.00,0.00,6603.00,0.00,65.55
8.72,0.00,0.00,0.00,793.00,0.00,0.00,6603.00,0.00,59.84
8.73,0.00,0.00,0.00,793.00,0.00,0.00,6603.00,0.00,54.63
8.74,0.00,0.00,0.00,793.00,0.00,0.00,6603.00,0.00,49.87
8.74,0.00,0.00,0.00,793.00,0.00,0.00,6603.00,0.00,45.53
8.75,0.00,0.00,0.00,793.00,0.00,0.00,6603.00,0.00,41.57
8.76,0.00,0.00,0.00,793.00,0.00,0.00,6603.00,0.00,37.95
8.76,0.00,0.00,0.00,793.00,0.00,0.00,6603.00,0.00,34.64
8.77,0.00,0.00,0.00,793.00,0.00,0.00,6603.00,0.00,31.63
8.78,0.00,0.00,0.00,793.00,0.00,0.00,6603.00,0.00,28.87
8.78,0.00,0.00,0.00,793.00,0.00,0.00,6603.00,0.00,26.36
8.79,0.00,0.00,0.00,793.00,0.00,0.00,6603.00,0.00,24.06
8.80,0.00,0.00,0.00,793.00,0.00,0.00,6603.00,0.00,21.97
8.81,0.00,0.00,0.00,793.00,0.00,0.00,6603.00,0.00,20.06
8.81,0.00,0.00,0.00,793.00,0.00,0.00,6603.00,0.00,18.31
8.82,0.00,0.00,0.00,793.00,0.00,0.00,6603.00,0.00,16.71
8.83,0.00,0.00,0.00,793.00,0.00,0.00,6603.00,0.00,15.26
8.83,0.00,0.00,0.00,793.00,0.00,0.00,6603.00,0.00,13.93
8.84,0.00,0.00,0.00,793.00,0.00,0.00,6603.00,0.00,12.72
8.85,0.00,0.00,0.00,793.00,0.00,0.00,6603.00,0.00,11.61
8.85,0.00,0.00,0.00,793.00,0.00,0.00,6603.00,0.00,10.60
8.86,0.00,0.00,0.00,793.00,0.00,0.00,6603.00,0.00,9.68
8.87,0.00,0.00,0.00,793.00,0.00,0.00,6603.00,0.00,8.83
8.88,0.00,0.00,0.00,793.00,0.00,0.00,6603.00,0.00,8.06
8.88,0.00,0.00,0.00,793.00,0.00,0.00,6603.00,0.00,7.36
8.89,0.00,0.00,0.00,793.00,0.00,0.00,6603.00,0.00,6.72
8.90,0.00,0.00,0.00,793.00,0.00,0.00,6603.00,0.00,6.14
8.90,0.00,0.00,0.00,793.00,0.00,0.00,6603.00,0.00,5.60
8.91,0.00,0.00,0.00,793.00,0.00,0.00,6603.00,0.00,5.11
8.92,0.00,0.00,0.00,793.00,0.00,0.00,6603.00,0.00,4.67
8.92,0.00,0.00,0.00,793.00,0.00,0.00,6603.00,0.00,4.26
8.93,0.00,0.00,0.00,793.00,0.00,0.00,6603.00,0.00,3.89
8.94,0.00,0.00,0.00,793.00,0.00,0.00,6603.00,0.00,3.55
8.94,0.00,0.00,0.00,793.00,0.00,0.00,6603.00,0.00,3.24
8.95,0.00,0.00,0.00,793.00,0.00,0.00,6603.00,0.00,2.96
8.96,0.00,0.00,0.00,793.00,0.00,0.00,6603.00,0.00,2.70
8.97,0.00,0.00,0.00,793.00,0.00,0.00,6603.00,0.00,2.47
8.97,0.00,0.00,0.00,793.00,0.00,0.00,6603.00,0.00,2.25
8.98,0.00,0.00,0.00,793.00,0.00,0.00,6603.00,0.00,2.06
8.99,0.00,0.00,0.00,793.00,0.00,0.00,6603.00,0.00,1.88
8.99,0.00,0.00,0.00,793.00,0.00,0.00,6603.00,0.00,1.71
9.00,0.00,0.00,0.00,793.00,0.00,0.00,6603.00,0.00,1.56
9.01,0.00,0.00,0.00,793.00,0.00,0.00,6603.00,0.00,1.43
9.01,0.00,0.00,0.00,793.00,0.00,0.00,6603.00,0.00,1.30
9.02,0.00,0.00,0.00,793.00,0.00,0.00,6603.00,0.00,1.19
9.03,0.00,0.00,0.00,793.00,0.00,0.00,6603.00,0.00,1.09
9.03,0.00,0.00,0.00,793.00,0.00,0.00,6603.00,0.00,0.99
9.04,0.00,0.00,0.00,793.00,0.00,0.00,6603.00,0.00,0.91
9.05,0.00,0.00,0.00,793.00,0.00,0.00,6603.00,0.00,0.83
9.06,0.00,0.00,0.00,793.00,0.00,0.00,6603.00,0.00,0.75
9.06,0.00,0.00,0.00,793.00,0.00,0.00,6603.00,0.00,0.69
9.07,0.00,0.00,0.00,793.00,0.00,0.00,6603.00,0.00,0.63
9.08,0.00,0.00,0.00,793.00,0.00,0.00,6603.00,0.00,0.57
9.08,0.00,0.00,0.00,793.00,0.00,0.00,6603.00,0.00,0.52
9.09,0.00,0.00,0.00,793.00,0.00,0.00,6603.00,0.00,0.48
9.10,0.00,0.00,0.00,793.00,0.00,0.00,6603.00,0.00,0.44
9.10,0.00,0.00,0.00,793.00,0.00,0.00,6603.00,0.00,0.40
9.11,0.00,0.00,0.00,793.00,0.00,0.00,6603.00,0.00,0.36
9.12,0.00,0.00,0.00,793.00,0.00,0.00,6603.00,0.00,0.33
9.12,0.00,0.00,0.00,793.00,0.00,0.00,6603.00,0.00,0.30
9.13,0.00,0.00,0.00,793.00,0.00,0.00,6603.00,0.00,0.28
9.14,0.00,0.00,0.00,793.00,0.00,0.00,6603.00,0.00,0.25
9.15,0.00,0.00,0.00,793.00,0.00,0.00,6603.00,0.00,0.23
9.15,0.00,0.00,0.00,793.00,0.00,0.00,6603.00,0.00,0.21
9.16,0.00,0.00,0.00,793.00,0.00,0.00,6603.00,0.00,0.19
9.17,0.00,0.00,0.00,793.00,0.00,0.00,6603.00,0.00,0.18
9.17,0.00,0.00,0.00,793.00,0.00,0.00,6603.00,0.00,0.16
9.18,0.00,0.00,0.00,793.00,0.00,0.00,6603.00,0.00,0.15
9.19,0.00,0.00,0.00,793.00,0.00,0.00,6603.00,0.00,0.13
9.19,0.00,0.00,0.00,793.00,0.00,0.00,6603.00,0.00,0.12
9.20,0.00,0.00,0.00,793.00,0.00,0.00,6603.00,0.00,0.11
9.21,0.00,0.00,0.00,793.00,0.00,0.00,6603.00,0.00,0.10
9.22,0.00,0.00,0.00,793.00,0.00,0.00,6603.00,0.00,0.09
9.22,0.00,0.00,0.00,793.00,0.00,0.00,6603.00,0.00,0.08
9.23,0.00,0.00,0.00,793.00,0.00,0.00,6603.00,0.00,0.08
9.24,0.00,0.00,0.00,793.00,0.00,0.00,6603.00,0.00,0.07
9.24,0.00,0.00,0.00,793.00,0.00,0.00,6603.00,0.00,0.06
9.25,0.00,0.00,0.00,793.00,0.00,0.00,6603.00,0.00,0.06
9.26,0.00,0.00,0.00,793.00,0.00,0.00,6603.00,0.00,0.05
9.26,0.00,0.00,0.00,793.00,0.00,0.00,6603.00,0.00,0.05
9.27,0.00,0.00,0.00,793.00,0.00,0.00,6603.00,0.00,0.04
9.28,0.00,0.00,0.00,793.00,0.00,0.00,6603.00,0.00,0.04
9.28,0.00,0.00,0.00,793.00,0.00,0.00,6603.00,0.00,0.04
9.29,0.00,0.00,0.00,793.00,0.00,0.00,6603.00,0.00,0.03
9.30,0.00,0.00,0.00,793.00,0.00,0.00,6603.00,0.00,0.03
9.31,0.00,0.00,0.00,793.00,0.00,0.00,6603.00,0.00,0.03
9.31,0.00,0.00,0.00,793.00,0.00,0.00,6603.00,0.00,0.03
9.32,0.00,0.00,0.00,793.00,0.00,0.00,6603.00,0.00,0.02
9.33,0.00,0.00,0.00,793.00,0.00,0.00,6603.00,0.00,0.02
9.33,0.00,0.00,0.00,793.00,0.00,0.00,6603.00,0.00,0.02
9.34,0.00,0.00,0.00,793.00,0.00,0.00,6603.00,0.00,0.02
9.35,0.00,0.00,0.00,793.00,0.00,0.00,6603.00,0.00,0.02
9.35,0.00,0.00,0.00,793.00,0.00,0.00,6603.00,0.00,0.02
9.36,0.00,0.00,0.00,793.00,0.00,0.00,6603.00,0.00,0.01
9.37,0.00,0.00,0.00,793.00,0.00,0.00,6603.00,0.00,0.01
9.38,0.00,0.00,0.00,793.00,0.00,0.00,6603.00,0.00,0.01
9.38,0.00,0.00,0.00,793.00,0.00,0.00,6603.00,0.00,0.01
9.39,0.00,0.00,0.00,793.00,0.00,0.00,6603.00,0.00,0.01
9.40,0.00,0.00,0.00,793.00,0.00,0.00,6603.00,0.00,0.01
9.40,0.00,0.00,0.00,793.00,0.00,0.00,6603.00,0.00,0.01
9.41,0.00,0.00,0.00,793.00,0.00,0.00,6603.00,0.00,0.01
9.42,0.00,0.00,0.00,793.00,0.00,0.00,6603.00,0.00,0.01
9.42,0.00,0.00,0.00,793.00,0.00,0.00,6603.00,0.00,0.01
9.43,0.00,0.00,0.00,793.00,0.00,0.00,6603.00,0.00,0.01
9.44,0.00,0.00,0.00,793.00,0.00,0.00,6603.00,0.00,0.01
9.44,0.00,0.00,0.00,793.00,0.00,0.00,6603.00,0.00,0.00
9.45,0.00,0.00,0.00,793.00,0.00,0.00,6603.00,0.00,0.00
9.46,0.00,0.00,0.00,793.00,0.00,0.00,6603.00,0.00,0.00
9.47,0.00,0.00,0.00,793.00,0.00,0.00,6603.00,0.00,0.00
9.47,0.00,0.00,0.00,793.00,0.00,0.00,6603.00,0.00,0.00
9.48,0.00,0.00,0.00,793.00,0.00,0.00,6603.00,0.00,0.00
9.49,0.00,0.00,0.00,793.00,0.00,0.00,6603.00,0.00,0.00
9.49,0.00,0.00,0.00,793.00,0.00,0.00,6603.00,0.00,0.00
9.50,0.00,0.00,0.00,793.00,0.00,0.00,6603.00,0.00,0.00
9.51,0.00,0.00,0.00,793.00,0.00,0.00,6603.00,0.00,0.00
9.51,0.00,0.00,0.00,793.00,0.00,0.00,6603.00,0.00,0.00
9.52,0.00,0.00,0.00,793.00,0.00,0.00,6603.00,0.00,0.00
9.53,0.00,0.00,0.00,793.00,0.00,0.00,6603.00,0.00,0.00
9.53,0.00,0.00,0.00,793.00,0.00,0.00,6603.00,0.00,0.00
9.54,0.00,0.00,0.00,793.00,0.00,0.00,6603.00,0.00,0.00
9.55,0.00,0.00,0.00,793.00,0.00,0.00,6603.00,0.00,0.00
9.56,0.00,0.00,0.00,793.00,0.00,0.00,6603.00,0.00,0.00
9.56,0.00,0.00,0.00,793.00,0.00,0.00,6603.00,0.00,0.00
9.57,0.00,0.00,0.00,793.00,0.00,0.00,6603.00,0.00,0.00
9.58,0.00,0.00,0.00,793.00,0.00,0.00,6603.00,0.00,0.00
9.58,0.00,0.00,0.00,793.00,0.00,0.00,6603.00,0.00,0.00
9.59,0.00,0.00,0.00,793.00,0.00,0.00,6603.00,0.00,0.00
9.60,0.00,0.00,0.00,793.00,0.00,0.00,6603.00,0.00,0.00
9.60,0.00,0.00,0.00,793.00,0.00,0.00,6603.00,0.00,0.00
9.61,0.00,0.00,0.00,793.00,0.00,0.00,6603.00,0.00,0.00
9.62,0.00,0.00,0.00,793.00,0.00,0.00,6603.00,0.00,0.00
9.62,0.00,0.00,0.00,793.00,0.00,0.00,6603.00,0.00,0.00
9.63,0.00,0.00,0.00,793.00,0.00,0.00,6603.00,0.00,0.00
9.64,0.00,0.00,0.00,793.00,0.00,0.00,6603.00,0.00,0.00
9.65,0.00,0.00,0.00,793.00,0.00,0.00,6603.00,0.00,0.00
9.65,0.00,0.00,0.00,793.00,0.00,0.00,6603.00,0.00,0.00
9.66,0.00,0.00,0.00,793.00,0.00,0.00,6603.00,0.00,0.00
9.67,0.00,0.00,0.00,793.00,0.00,0.00,6603.00,0.00,0.00
9.67,0.00,0.00,0.00,793.00,0.00,0.00,6603.00,0.00,0.00
9.68,0.00,0.00,0.00,793.00,0.00,0.00,6603.00,0.00,0.00
9.69,0.00,0.00,0.00,793.00,0.00,0.00,6603.00,0.00,0.00
9.69,0.00,0.00,0.00,793.00,0.00,0.00,6603.00,0.00,0.00
9.70,0.00,0.00,0.00,793.00,0.00,0.00,6603.00,0.00,0.00
9.71,0.00,0.00,0.00,793.00,0.00,0.00,6603.00,0.00,0.00
9.72,0.00,0.00,0.00,793.00,0.00,0.00,6603.00,0.00,0.00
9.72,0.00,0.00,0.00,793.00,0.00,0.00,6603.00,0.00,0.00
9.73,0.00,0.00,0.00,793.00,0.00,0.00,6603.00,0.00,0.00
9.74,0.00,0.00,0.00,793.00,0.00,0.00,6603.00,0.00,0.00
9.74,0.00,0.00,0.00,793.00,0.00,0.00,6603.00,0.00,0.00
9.75,0.00,0.00,0.00,793.00,0.00,0.00,6603.00,0.00,0.00
9.76,0.00,0.00,0.00,793.00,0.00,0.00,6603.00,0.00,0.00
9.76,0.00,0.00,0.00,793.00,0.00,0.00,6603.00,0.00,0.00
9.77,0.00,0.00,0.00,793.00,0.00,0.00,6603.00,0.00,0.00
9.78,0.00,0.00,0.00,793.00,0.00,0.00,6603.00,0.00,0.00
9.78,0.00,0.00,0.00,793.00,0.00,0.00,6603.00,0.00,0.00
9.79,0.00,0.00,0.00,793.00,0.00,0.00,6603.00,0.00,0.00
9.80,0.00,0.00,0.00,793.00,0.00,0.00,6603.00,0.00,0.00
9.81,0.00,0.00,0.00,793.00,0.00,0.00,6603.00,0.00,0.00
9.81,0.00,0.00,0.00,793.00,0.00,0.00,6603.00,0.00,0.00
9.82,0.00,0.00,0.00,793.00,0.00,0.00,6603.00,0.00,0.00
9.83,0.00,0.00,0.00,793.00,0.00,0.00,6603.00,0.00,0.00
9.83,0.00,0.00,0.00,793.00,0.00,0.00,6603.00,0.00,0.00
9.84,0.00,0.00,0.00,793.00,0.00,0.00,6603.00,0.00,0.00
9.85,0.00,0.00,0.00,793.00,0.00,0.00,6603.00,0.00,0.00
9.85,0.00,0.00,0.00,793.00,0.00,0.00,6603.00,0.00,0.00
9.86,0.00,0.00,0.00,793.00,0.00,0.00,6603.00,0.00,0.00
9.87,0.00,0.00,0.00,793.00,0.00,0.00,6603.00,0.00,0.00
9.88,0.00,0.00,0.00,793.00,0.00,0.00,6603.00,0.00,0.00
9.88,0.00,0.00,0.00,793.00,0.00,0.00,6603.00,0.00,0.00
9.89,0.00,0.00,0.00,793.00,0.00,0.00,6603.00,0.00,0.00
9.90,0.00,0.00,0.00,793.00,0.00,0.00,6603.00,0.00,0.00
9.90,0.00,0.00,0.00,793.00,0.00,0.00,6603.00,0.00,0.00
9.91,0.00,0.00,0.00,793.00,0.00,0.00,6603.00,0.00,0.00
9.92,0.00,0.00,0.00,793.00,0.00,0.00,6603.00,0.00,0.00
9.92,0.00,0.00,0.00,793.00,0.00,0.00,6603.00,0.00,0.00
9.93,0.00,0.00,0.00,793.00,0.00,0.00,6603.00,0.00,0.00
9.94,0.00,0.00,0.00,793.00,0.00,0.00,6603.00,0.00,0.00
9.94,0.00,0.00,0.00,793.00,0.00,0.00,6603.00,0.00,0.00
9.95,0.00,0.00,0.00,793.00,0.00,0.00,6603.00,0.00,0.00
9.96,0.00,0.00,0.00,793.00,0.00,0.00,6603.00,0.00,0.00
9.97,0.00,0.00,0.00,793.00,0.00,0.00,6603.00,0.00,0.00
9.97,0.00,0.00,0.00,793.00,0.00,0.00,6603.00,0.00,0.00
9.98,0.00,0.00,0.00,793.00,0.00,0.00,6603.00,0.00,0.00
9.99,0.00,0.00,0.00,793.00,0.00,0.00,6603.00,0.00,0.00
9.99,0.00,0.00,0.00,793.00,0.00,0.00,6603.00,0.00,0.00
