Time,U,AI1,AI2,AD,BI2,BI2,BD,VA,VB
0.00,7393.00,1.00,0.00,0.00,2.00,0.00,0.00,75.00,75.00
0.01,7393.00,1.00,0.00,0.00,2.00,0.00,0.00,68.23,68.47
0.01,7392.00,2.00,0.00,0.00,2.00,0.00,0.00,62.07,62.51
0.02,7390.00,3.00,0.00,0.00,3.00,0.00,0.00,56.47,57.06
0.03,7387.00,5.00,0.00,0.00,4.00,0.00,0.00,51.37,52.10
0.03,7387.00,5.00,0.00,0.00,3.00,1.00,0.00,46.73,62.58
0.04,7386.00,5.00,0.00,0.00,4.00,0.00,1.00,42.51,57.13
0.05,7385.00,6.00,0.00,0.00,4.00,0.00,1.00,38.67,52.16
0.06,7385.00,6.00,0.00,0.00,4.00,0.00,1.00,35.18,47.62
0.06,7385.00,5.00,1.00,0.00,3.00,1.00,1.00,33.51,58.49
0.07,7384.00,6.00,1.00,0.00,2.00,2.00,1.00,31.99,83.45
0.08,7383.00,5.00,2.00,0.00,2.00,3.00,1.00,32.10,121.25
0.08,7382.00,5.00,2.00,0.00,3.00,3.00,1.00,32.21,155.76
0.09,7382.00,5.00,2.00,0.00,3.00,3.00,1.00,32.31,187.27
0.10,7382.00,5.00,2.00,0.00,3.00,3.00,1.00,32.39,216.03
0.10,7379.00,6.00,2.00,0.00,5.00,3.00,1.00,32.47,242.29
0.11,7379.00,6.00,2.00,0.00,5.00,3.00,1.00,32.55,266.26
0.12,7375.00,5.00,3.00,0.00,7.00,5.00,1.00,34.12,318.19
0.12,7373.00,4.00,4.00,0.00,9.00,4.00,2.00,37.05,350.58
0.13,7372.00,5.00,4.00,0.00,9.00,4.00,2.00,39.71,380.14
0.14,7370.00,5.00,4.00,0.00,11.00,3.00,3.00,42.13,392.11
0.15,7366.00,6.00,4.00,0.00,14.00,3.00,3.00,44.34,403.04
0.15,7365.00,6.00,4.00,0.00,14.00,4.00,3.00,46.35,428.03
0.16,7363.00,5.00,5.00,0.00,15.00,5.00,3.00,49.67,465.88
0.17,7358.00,5.00,5.00,0.00,17.00,8.00,3.00,52.70,545.50
0.17,7354.00,5.00,5.00,0.00,20.00,9.00,3.00,55.45,633.21
0.18,7351.00,3.00,7.00,0.00,22.00,10.00,3.00,60.96,728.30
0.19,7343.00,4.00,7.00,0.00,29.00,10.00,3.00,65.98,815.11
0.19,7335.00,4.00,7.00,0.00,37.00,10.00,3.00,70.54,894.37
0.20,7327.00,4.00,6.00,1.00,44.00,10.00,4.00,73.18,966.72
0.21,7325.00,4.00,5.00,2.00,44.00,12.00,4.00,74.09,1062.82
0.22,7319.00,4.00,5.00,2.00,49.00,12.00,5.00,74.91,1150.55
0.22,7315.00,3.00,6.00,2.00,53.00,11.00,6.00,77.16,1215.62
0.23,7312.00,3.00,6.00,2.00,56.00,11.00,6.00,79.21,1275.02
0.24,7307.00,3.00,6.00,2.00,59.00,13.00,6.00,81.07,1359.30
0.24,7302.00,3.00,6.00,2.00,63.00,13.00,7.00,82.77,1436.24
0.25,7296.00,3.00,6.00,2.00,68.00,14.00,7.00,84.31,1521.50
0.26,7290.00,3.00,6.00,2.00,70.00,18.00,7.00,85.71,1659.43
0.26,7282.00,3.00,5.00,3.00,76.00,20.00,7.00,85.49,1815.40
0.27,7280.00,3.00,5.00,3.00,78.00,20.00,7.00,85.28,1957.78
0.28,7274.00,3.00,5.00,3.00,83.00,20.00,8.00,85.09,2087.77
0.28,7267.00,3.00,5.00,3.00,89.00,20.00,9.00,84.92,2206.44
0.29,7263.00,2.00,6.00,3.00,93.00,20.00,9.00,86.27,2314.77
0.30,7259.00,2.00,6.00,3.00,95.00,22.00,9.00,87.50,2443.72
0.31,7252.00,2.00,6.00,3.00,99.00,24.00,10.00,88.61,2591.48
0.31,7244.00,2.00,6.00,3.00,105.00,25.00,11.00,89.62,2741.41
0.32,7238.00,2.00,6.00,3.00,103.00,32.00,12.00,90.55,2983.44
0.33,7231.00,2.00,6.00,3.00,108.00,34.00,12.00,91.39,3234.44
0.33,7219.00,3.00,6.00,3.00,115.00,37.00,13.00,92.15,3508.65
0.34,7210.00,3.00,6.00,3.00,123.00,36.00,15.00,92.85,3743.96
0.35,7205.00,3.00,6.00,3.00,125.00,39.00,15.00,93.48,4003.86
0.35,7199.00,3.00,5.00,4.00,128.00,42.00,15.00,92.55,4286.19
0.36,7191.00,3.00,5.00,4.00,133.00,44.00,16.00,91.71,4573.98
0.37,7179.00,3.00,5.00,4.00,142.00,47.00,16.00,90.94,4881.78
0.38,7169.00,3.00,5.00,4.00,149.00,45.00,21.00,90.24,5132.74
0.38,7161.00,3.00,5.00,4.00,154.00,46.00,23.00,89.61,5376.86
0.39,7148.00,3.00,5.00,4.00,163.00,50.00,23.00,89.03,5659.82
0.40,7141.00,3.00,5.00,4.00,164.00,56.00,23.00,88.50,6008.28
0.40,7128.00,3.00,5.00,4.00,171.00,59.00,26.00,88.02,6371.47
0.41,7122.00,3.00,5.00,4.00,166.00,67.00,29.00,87.59,6823.22
0.42,7113.00,3.00,5.00,4.00,173.00,68.00,30.00,87.19,7250.65
0.42,7104.00,3.00,4.00,5.00,173.00,77.00,30.00,85.33,7776.08
0.43,7085.00,4.00,4.00,5.00,186.00,82.00,30.00,83.64,8330.86
0.44,7076.00,4.00,4.00,5.00,187.00,89.00,31.00,82.10,8942.50
0.44,7062.00,4.00,4.00,5.00,197.00,92.00,32.00,80.69,9545.95
0.45,7042.00,5.00,4.00,5.00,211.00,97.00,32.00,79.42,10171.97
0.46,7029.00,5.00,4.00,5.00,218.00,98.00,37.00,78.26,10758.50
0.47,7010.00,5.00,4.00,5.00,229.00,103.00,40.00,77.20,11369.08
0.47,6991.00,5.00,4.00,5.00,237.00,112.00,42.00,76.24,12061.70
0.48,6973.00,5.00,4.00,5.00,246.00,117.00,46.00,75.37,12769.12
0.49,6954.00,5.00,4.00,5.00,255.00,126.00,47.00,74.57,13550.15
0.49,6943.00,5.00,4.00,5.00,259.00,132.00,48.00,73.85,14353.31
0.50,6922.00,5.00,4.00,5.00,274.00,132.00,54.00,73.19,15086.53
0.51,6898.00,5.00,4.00,5.00,289.00,140.00,55.00,72.59,15876.09
0.51,6874.00,5.00,4.00,5.00,308.00,142.00,58.00,72.05,16626.95
0.52,6866.00,5.00,4.00,5.00,308.00,145.00,63.00,71.55,17357.50
0.53,6849.00,5.00,4.00,5.00,319.00,147.00,67.00,71.10,18054.47
0.53,6836.00,5.00,4.00,5.00,320.00,156.00,70.00,70.69,18825.97
0.54,6813.00,5.00,4.00,5.00,340.00,156.00,73.00,70.32,19530.29
0.55,6799.00,4.00,5.00,5.00,348.00,159.00,76.00,71.48,20218.34
0.56,6781.00,4.00,5.00,5.00,354.00,169.00,78.00,72.54,20996.72
0.56,6761.00,4.00,5.00,5.00,366.00,175.00,80.00,73.50,21797.46
0.57,6742.00,4.00,5.00,5.00,377.00,179.00,84.00,74.38,22588.56
0.58,6716.00,4.00,5.00,5.00,391.00,189.00,86.00,75.18,23461.01
0.58,6699.00,4.00,5.00,5.00,398.00,197.00,88.00,75.90,24377.67
0.59,6673.00,4.00,5.00,5.00,413.00,207.00,89.00,76.56,25364.75
0.60,6651.00,5.00,5.00,5.00,423.00,215.00,92.00,77.16,26386.06
0.60,6631.00,5.00,5.00,5.00,434.00,222.00,94.00,77.71,27423.60
0.61,6610.00,5.00,5.00,5.00,442.00,232.00,97.00,78.20,28521.03
0.62,6581.00,6.00,5.00,5.00,457.00,243.00,99.00,78.65,29688.15
0.62,6555.00,5.00,6.00,5.00,472.00,254.00,99.00,80.57,30918.90
0.63,6540.00,5.00,6.00,5.00,465.00,273.00,102.00,82.31,32327.92
0.64,6513.00,5.00,6.00,5.00,475.00,288.00,104.00,83.89,33839.59
0.65,6478.00,5.00,6.00,5.00,495.00,299.00,108.00,85.33,35384.89
0.65,6450.00,5.00,6.00,5.00,511.00,308.00,111.00,86.64,36930.84
0.66,6425.00,5.00,6.00,5.00,523.00,315.00,117.00,87.83,38447.33
0.67,6398.00,5.00,6.00,5.00,532.00,328.00,122.00,88.92,40027.08
0.67,6362.00,6.00,6.00,5.00,554.00,339.00,124.00,89.91,41634.52
0.68,6331.00,6.00,6.00,5.00,574.00,349.00,125.00,90.80,43252.22
0.69,6296.00,6.00,5.00,6.00,593.00,362.00,128.00,90.12,44924.36
0.69,6259.00,6.00,5.00,6.00,609.00,376.00,135.00,89.49,46661.22
0.70,6219.00,6.00,5.00,6.00,633.00,389.00,138.00,88.93,48442.15
0.71,6181.00,7.00,5.00,6.00,648.00,407.00,142.00,88.41,50338.41
0.72,6149.00,7.00,5.00,6.00,662.00,417.00,150.00,87.94,52219.79
0.72,6113.00,6.00,6.00,6.00,686.00,425.00,154.00,89.01,54057.52
0.73,6071.00,5.00,7.00,6.00,706.00,445.00,156.00,91.49,56035.70
0.74,6035.00,5.00,7.00,6.00,726.00,454.00,163.00,93.75,57976.84
0.74,5998.00,5.00,6.00,7.00,741.00,468.00,171.00,94.30,59959.27
0.75,5958.00,5.00,6.00,7.00,757.00,484.00,179.00,94.80,62009.45
0.76,5924.00,5.00,6.00,7.00,763.00,507.00,184.00,95.26,64226.63
0.76,5881.00,5.00,6.00,7.00,787.00,521.00,189.00,95.67,66461.08
0.77,5845.00,5.00,6.00,7.00,799.00,541.00,193.00,96.05,68801.43
0.78,5796.00,5.00,5.00,8.00,819.00,564.00,199.00,94.89,71283.52
0.78,5745.00,5.00,5.00,8.00,847.00,582.00,204.00,93.83,73819.89
0.79,5709.00,5.00,4.00,9.00,854.00,608.00,207.00,91.37,76526.01
0.80,5657.00,5.00,4.00,9.00,884.00,627.00,210.00,89.13,79281.93
0.81,5610.00,5.00,4.00,9.00,908.00,646.00,214.00,87.09,82083.32
0.81,5555.00,5.00,4.00,9.00,945.00,659.00,219.00,85.24,84836.07
0.82,5508.00,5.00,4.00,9.00,965.00,675.00,230.00,83.56,87589.49
0.83,5474.00,5.00,4.00,9.00,971.00,702.00,231.00,82.02,90508.78
0.83,5425.00,5.00,4.00,9.00,983.00,735.00,235.00,80.63,93669.64
0.84,5377.00,6.00,4.00,9.00,995.00,763.00,242.00,79.36,96975.90
0.85,5329.00,6.00,4.00,9.00,1013.00,790.00,245.00,78.20,100399.90
0.85,5279.00,5.00,5.00,9.00,1037.00,812.00,249.00,78.65,103856.25
0.86,5218.00,4.00,6.00,9.00,1060.00,841.00,258.00,80.57,107447.31
0.87,5176.00,3.00,6.00,10.00,1079.00,859.00,263.00,82.31,110996.09
0.88,5124.00,3.00,6.00,10.00,1095.00,894.00,264.00,83.89,114761.67
0.88,5072.00,3.00,6.00,10.00,1114.00,912.00,279.00,85.33,118469.77
0.89,5020.00,3.00,6.00,10.00,1133.00,938.00,286.00,86.64,122245.59
0.90,4962.00,3.00,6.00,10.00,1165.00,959.00,291.00,87.83,126008.11
0.90,4912.00,3.00,6.00,10.00,1187.00,981.00,297.00,88.92,129773.51
0.91,4858.00,3.00,6.00,10.00,1206.00,1007.00,306.00,89.90,133601.64
0.92,4811.00,3.00,6.00,10.00,1222.00,1025.00,319.00,90.80,137366.84
0.92,4759.00,3.00,6.00,10.00,1238.00,1057.00,323.00,91.62,141284.93
0.93,4721.00,3.00,6.00,10.00,1244.00,1082.00,330.00,92.36,145237.42
0.94,4672.00,3.00,6.00,10.00,1255.00,1116.00,334.00,93.04,149356.53
0.94,4619.00,3.00,6.00,10.00,1265.00,1154.00,339.00,93.65,153687.85
0.95,4572.00,3.00,6.00,10.00,1265.00,1191.00,349.00,94.21,158197.86
0.96,4523.00,3.00,6.00,10.00,1277.00,1221.00,356.00,94.72,162765.86
0.97,4464.00,3.00,6.00,10.00,1305.00,1245.00,363.00,95.18,167296.65
0.97,4419.00,3.00,6.00,10.00,1308.00,1283.00,367.00,95.60,172003.79
0.98,4363.00,3.00,6.00,10.00,1330.00,1312.00,372.00,95.99,176736.73
0.99,4316.00,3.00,6.00,10.00,1337.00,1346.00,378.00,96.33,181568.32
0.99,4273.00,3.00,6.00,10.00,1332.00,1386.00,386.00,96.65,186580.13
1.00,4226.00,3.00,6.00,10.00,1339.00,1420.00,392.00,96.94,191666.31
1.01,4175.00,3.00,5.00,11.00,1346.00,1459.00,397.00,95.70,196895.51
1.01,4125.00,3.00,5.00,11.00,1368.00,1481.00,403.00,94.57,201999.89
1.02,4074.00,3.00,5.00,11.00,1392.00,1502.00,409.00,93.55,206975.27
1.03,4012.00,4.00,5.00,11.00,1417.00,1532.00,415.00,92.61,211968.12
1.03,3967.00,4.00,4.00,12.00,1427.00,1560.00,422.00,90.26,216946.85
1.04,3916.00,3.00,5.00,12.00,1436.00,1595.00,429.00,89.62,222017.87
1.05,3862.00,3.00,5.00,12.00,1436.00,1645.00,433.00,89.04,227398.48
1.06,3805.00,3.00,5.00,12.00,1442.00,1691.00,438.00,88.52,233001.63
1.06,3762.00,3.00,5.00,12.00,1437.00,1733.00,444.00,88.04,238747.85
1.07,3714.00,3.00,5.00,12.00,1448.00,1760.00,454.00,87.60,244399.34
1.08,3660.00,3.00,5.00,12.00,1460.00,1794.00,462.00,87.20,250069.50
1.08,3617.00,3.00,5.00,12.00,1459.00,1832.00,468.00,86.84,255816.81
1.09,3574.00,3.00,5.00,12.00,1463.00,1862.00,477.00,86.51,261514.36
1.10,3526.00,3.00,4.00,13.00,1466.00,1901.00,483.00,84.71,267301.69
1.10,3479.00,3.00,4.00,13.00,1471.00,1937.00,489.00,83.08,273125.92
1.11,3431.00,3.00,4.00,13.00,1482.00,1964.00,499.00,81.58,278848.62
1.12,3374.00,3.00,4.00,13.00,1502.00,1990.00,510.00,80.23,284463.61
1.12,3315.00,3.00,3.00,14.00,1522.00,2021.00,518.00,77.49,290055.39
1.13,3269.00,3.00,3.00,14.00,1529.00,2053.00,525.00,75.00,295640.99
1.14,3223.00,3.00,3.00,14.00,1543.00,2082.00,528.00,72.74,301175.90
1.15,3169.00,3.00,3.00,14.00,1538.00,2134.00,535.00,70.68,307010.05
1.15,3115.00,3.00,3.00,14.00,1555.00,2164.00,542.00,68.81,312786.88
1.16,3062.00,3.00,3.00,14.00,1566.00,2200.00,548.00,67.10,318601.51
1.17,3014.00,3.00,3.00,14.00,1578.00,2226.00,558.00,65.55,324300.44
1.17,2958.00,3.00,3.00,14.00,1602.00,2254.00,562.00,64.14,329923.77
1.18,2892.00,3.00,3.00,14.00,1620.00,2295.00,569.00,62.86,335673.39
1.19,2854.00,3.00,3.00,14.00,1597.00,2352.00,573.00,61.69,341778.68
1.19,2802.00,3.00,3.00,14.00,1592.00,2399.00,583.00,60.63,348058.42
1.20,2753.00,3.00,3.00,14.00,1595.00,2436.00,592.00,59.66,354347.21
1.21,2715.00,2.00,4.00,14.00,1588.00,2470.00,603.00,60.28,360599.19
1.22,2664.00,2.00,3.00,15.00,1597.00,2506.00,609.00,59.35,366847.59
1.22,2616.00,2.00,3.00,15.00,1598.00,2548.00,614.00,58.50,373182.89
1.23,2568.00,2.00,3.00,15.00,1602.00,2583.00,623.00,57.72,379492.34
1.24,2520.00,1.00,4.00,15.00,1610.00,2614.00,632.00,58.52,385718.10
1.24,2476.00,1.00,4.00,15.00,1615.00,2646.00,639.00,59.25,391882.49
1.25,2433.00,1.00,4.00,15.00,1605.00,2691.00,647.00,59.91,398186.15
1.26,2387.00,1.00,4.00,15.00,1599.00,2741.00,649.00,60.51,404692.07
1.26,2343.00,1.00,4.00,15.00,1590.00,2787.00,656.00,61.06,411322.54
1.27,2292.00,1.00,4.00,15.00,1593.00,2831.00,660.00,61.55,418036.68
1.28,2241.00,1.00,4.00,15.00,1604.00,2864.00,667.00,62.01,424661.94
1.28,2204.00,1.00,4.00,15.00,1591.00,2904.00,677.00,62.42,431311.22
1.29,2148.00,1.00,4.00,15.00,1594.00,2947.00,687.00,62.79,438027.50
1.30,2106.00,1.00,4.00,15.00,1589.00,2990.00,691.00,63.13,444804.95
1.31,2066.00,1.00,4.00,15.00,1585.00,3028.00,697.00,63.44,451563.13
1.31,2015.00,1.00,4.00,15.00,1594.00,3064.00,703.00,63.72,458273.66
1.32,1972.00,1.00,4.00,15.00,1595.00,3100.00,709.00,63.98,464940.70
1.33,1915.00,1.00,4.00,15.00,1610.00,3135.00,716.00,64.21,471553.01
1.33,1876.00,1.00,4.00,15.00,1608.00,3172.00,720.00,64.43,478145.40
1.34,1826.00,1.00,4.00,15.00,1622.00,3203.00,725.00,64.62,484629.47
1.35,1768.00,1.00,4.00,15.00,1622.00,3254.00,732.00,64.79,491315.11
1.35,1731.00,1.00,4.00,15.00,1628.00,3277.00,740.00,64.95,497764.12
1.36,1678.00,1.00,3.00,16.00,1636.00,3317.00,745.00,63.60,504252.51
1.37,1637.00,1.00,3.00,16.00,1634.00,3357.00,748.00,62.36,510776.83
1.38,1597.00,1.00,3.00,16.00,1631.00,3394.00,754.00,61.24,517288.90
1.38,1560.00,1.00,2.00,17.00,1624.00,3431.00,761.00,58.72,523789.78
1.39,1516.00,1.00,2.00,17.00,1613.00,3478.00,769.00,56.42,530430.68
1.40,1477.00,1.00,2.00,17.00,1611.00,3511.00,777.00,54.33,536989.07
1.40,1433.00,1.00,2.00,17.00,1608.00,3554.00,781.00,52.43,543622.38
1.41,1382.00,1.00,2.00,17.00,1613.00,3594.00,787.00,50.70,550279.02
1.42,1335.00,1.00,2.00,17.00,1616.00,3629.00,796.00,49.13,556881.83
1.42,1288.00,1.00,2.00,17.00,1610.00,3677.00,801.00,47.70,563630.80
1.43,1246.00,1.00,1.00,18.00,1611.00,3711.00,808.00,44.89,570302.89
1.44,1199.00,1.00,1.00,18.00,1627.00,3735.00,815.00,42.34,576754.55
1.44,1147.00,1.00,1.00,18.00,1633.00,3772.00,824.00,40.02,583200.28
1.45,1109.00,1.00,1.00,18.00,1636.00,3793.00,838.00,37.91,589400.23
1.46,1066.00,1.00,1.00,18.00,1637.00,3830.00,843.00,35.99,595616.17
1.47,1034.00,1.00,1.00,18.00,1619.00,3868.00,855.00,34.25,601861.73
1.47,995.00,1.00,1.00,18.00,1615.00,3904.00,862.00,32.66,608104.28
1.48,955.00,0.00,2.00,18.00,1609.00,3944.00,868.00,32.71,614404.18
1.49,924.00,0.00,2.00,18.00,1602.00,3977.00,873.00,32.76,620651.28
1.49,900.00,0.00,2.00,18.00,1586.00,4013.00,877.00,32.81,626895.23
1.50,873.00,0.00,2.00,18.00,1568.00,4050.00,885.00,32.85,633151.34
1.51,832.00,0.00,2.00,18.00,1548.00,4105.00,891.00,32.89,639688.96
1.51,797.00,0.00,2.00,18.00,1546.00,4134.00,899.00,32.93,646092.99
1.52,762.00,0.00,2.00,18.00,1524.00,4186.00,904.00,32.96,652720.58
1.53,733.00,0.00,2.00,18.00,1500.00,4233.00,910.00,32.99,659477.15
1.53,702.00,0.00,2.00,18.00,1495.00,4264.00,915.00,33.01,666111.11
1.54,676.00,0.00,2.00,18.00,1469.00,4305.00,926.00,33.04,672783.35
1.55,644.00,0.00,2.00,18.00,1459.00,4338.00,935.00,33.06,679370.37
1.56,620.00,0.00,2.00,18.00,1443.00,4375.00,938.00,33.08,685939.67
1.56,596.00,0.00,2.00,18.00,1416.00,4422.00,942.00,33.10,692643.03
1.57,576.00,0.00,2.00,18.00,1399.00,4451.00,950.00,33.12,699198.35
1.58,555.00,0.00,2.00,18.00,1391.00,4475.00,955.00,33.13,705543.42
1.58,520.00,0.00,2.00,18.00,1393.00,4504.00,959.00,33.14,711771.66
1.59,500.00,0.00,2.00,18.00,1379.00,4529.00,968.00,33.16,717833.14
1.60,477.00,0.00,2.00,18.00,1364.00,4561.00,974.00,33.17,723847.56
1.60,455.00,0.00,2.00,18.00,1351.00,4587.00,983.00,33.18,729728.86
1.61,433.00,0.00,2.00,18.00,1330.00,4620.00,993.00,33.19,735593.81
1.62,412.00,0.00,1.00,19.00,1306.00,4659.00,999.00,31.69,741533.97
1.62,377.00,0.00,1.00,19.00,1308.00,4684.00,1007.00,30.33,747332.45
1.63,363.00,0.00,1.00,19.00,1291.00,4708.00,1014.00,29.10,752986.58
1.64,345.00,0.00,1.00,19.00,1270.00,4737.00,1024.00,27.97,758584.05
1.65,324.00,0.00,0.00,20.00,1251.00,4767.00,1034.00,25.45,764144.80
1.65,309.00,0.00,0.00,20.00,1234.00,4793.00,1040.00,23.15,769611.94
1.66,297.00,0.00,0.00,20.00,1212.00,4816.00,1051.00,21.06,774948.56
1.67,286.00,0.00,0.00,20.00,1194.00,4844.00,1052.00,19.16,780241.14
1.67,271.00,0.00,0.00,20.00,1175.00,4868.00,1062.00,17.43,785433.41
1.68,253.00,0.00,0.00,20.00,1157.00,4893.00,1073.00,15.86,790549.14
1.69,238.00,0.00,0.00,20.00,1133.00,4924.00,1081.00,14.43,795685.13
1.69,217.00,0.00,0.00,20.00,1117.00,4952.00,1090.00,13.12,800794.55
1.70,206.00,0.00,0.00,20.00,1098.00,4977.00,1095.00,11.94,805834.63
1.71,198.00,0.00,0.00,20.00,1074.00,5003.00,1101.00,10.86,810826.45
1.72,185.00,0.00,0.00,20.00,1058.00,5025.00,1108.00,9.88,815714.10
1.72,178.00,0.00,0.00,20.00,1035.00,5045.00,1118.00,8.99,820476.63
1.73,167.00,0.00,0.00,20.00,1014.00,5069.00,1126.00,8.18,825185.00
1.74,149.00,0.00,0.00,20.00,1009.00,5083.00,1135.00,7.44,829693.71
1.74,144.00,0.00,0.00,20.00,977.00,5112.00,1143.00,6.77,834245.50
1.75,133.00,0.00,0.00,20.00,963.00,5129.00,1151.00,6.16,838656.32
1.76,121.00,0.00,0.00,20.00,943.00,5155.00,1157.00,5.60,843073.67
1.76,113.00,0.00,0.00,20.00,919.00,5180.00,1164.00,5.09,847481.95
1.77,106.00,0.00,0.00,20.00,905.00,5199.00,1166.00,4.63,851791.82
1.78,98.00,0.00,0.00,20.00,888.00,5222.00,1168.00,4.22,856071.93
1.78,93.00,0.00,0.00,20.00,869.00,5242.00,1172.00,3.84,860279.81
1.79,87.00,0.00,0.00,20.00,844.00,5264.00,1181.00,3.49,864451.79
1.80,81.00,0.00,0.00,20.00,825.00,5281.00,1189.00,3.17,868515.89
1.81,73.00,0.00,0.00,20.00,822.00,5286.00,1195.00,2.89,872301.21
1.81,68.00,0.00,0.00,20.00,801.00,5301.00,1206.00,2.63,875982.27
1.82,60.00,0.00,0.00,20.00,784.00,5314.00,1218.00,2.39,879538.10
1.83,56.00,0.00,0.00,20.00,766.00,5328.00,1226.00,2.17,882994.63
1.83,51.00,0.00,0.00,20.00,746.00,5342.00,1237.00,1.98,886360.50
1.84,47.00,0.00,0.00,20.00,730.00,5353.00,1246.00,1.80,889598.54
1.85,40.00,0.00,0.00,20.00,719.00,5363.00,1254.00,1.64,892704.85
1.85,32.00,0.00,0.00,20.00,709.00,5376.00,1259.00,1.49,895735.98
1.86,30.00,0.00,0.00,20.00,684.00,5394.00,1268.00,1.35,898773.58
1.87,25.00,0.00,0.00,20.00,670.00,5406.00,1275.00,1.23,901726.97
1.88,20.00,0.00,0.00,20.00,660.00,5414.00,1282.00,1.12,904543.36
1.88,15.00,0.00,0.00,20.00,642.00,5431.00,1288.00,1.02,907369.91
1.89,14.00,0.00,0.00,20.00,619.00,5447.00,1296.00,0.93,910190.71
1.90,11.00,0.00,0.00,20.00,604.00,5452.00,1309.00,0.84,912840.99
1.90,10.00,0.00,0.00,20.00,589.00,5459.00,1318.00,0.77,915365.67
1.91,9.00,0.00,0.00,20.00,580.00,5458.00,1329.00,0.70,917655.48
1.92,8.00,0.00,0.00,20.00,566.00,5467.00,1335.00,0.64,919881.11
1.92,7.00,0.00,0.00,20.00,549.00,5476.00,1344.00,0.58,922048.15
1.93,6.00,0.00,0.00,20.00,535.00,5489.00,1346.00,0.53,924221.79
1.94,5.00,0.00,0.00,20.00,519.00,5494.00,1358.00,0.48,926281.28
1.94,3.00,0.00,0.00,20.00,509.00,5500.00,1364.00,0.44,928251.57
1.95,2.00,0.00,0.00,20.00,497.00,5505.00,1372.00,0.40,930125.42
1.96,2.00,0.00,0.00,20.00,480.00,5514.00,1380.00,0.36,931971.30
1.97,1.00,0.00,0.00,20.00,472.00,5514.00,1389.00,0.33,933656.45
1.97,1.00,0.00,0.00,20.00,456.00,5525.00,1394.00,0.30,935360.12
1.98,1.00,0.00,0.00,20.00,446.00,5528.00,1401.00,0.27,936960.52
1.99,1.00,0.00,0.00,20.00,436.00,5530.00,1409.00,0.25,938451.60
1.99,1.00,0.00,0.00,20.00,428.00,5531.00,1416.00,0.22,939827.87
2.00,0.00,0.00,0.00,20.00,418.00,5537.00,1421.00,0.20,941174.43
2.01,0.00,0.00,0.00,20.00,410.00,5542.00,1424.00,0.19,942478.86
2.01,0.00,0.00,0.00,20.00,397.00,5548.00,1431.00,0.17,943759.84
2.02,0.00,0.00,0.00,20.00,387.00,5555.00,1434.00,0.15,945034.44
2.03,0.00,0.00,0.00,20.00,372.00,5562.00,1442.00,0.14,946303.22
2.03,0.00,0.00,0.00,20.00,364.00,5559.00,1453.00,0.13,947416.45
2.04,0.00,0.00,0.00,20.00,352.00,5562.00,1462.00,0.12,948477.81
2.05,0.00,0.00,0.00,20.00,341.00,5564.00,1471.00,0.11,949476.80
2.06,0.00,0.00,0.00,20.00,332.00,5566.00,1478.00,0.10,950418.84
2.06,0.00,0.00,0.00,20.00,324.00,5566.00,1486.00,0.09,951278.86
2.07,0.00,0.00,0.00,20.00,319.00,5568.00,1489.00,0.08,952094.04
2.08,0.00,0.00,0.00,20.00,307.00,5572.00,1497.00,0.07,952898.32
2.08,0.00,0.00,0.00,20.00,300.00,5575.00,1501.00,0.07,953677.64
2.09,0.00,0.00,0.00,20.00,287.00,5577.00,1512.00,0.06,954419.15
2.10,0.00,0.00,0.00,20.00,281.00,5574.00,1521.00,0.05,955051.02
2.10,0.00,0.00,0.00,20.00,277.00,5571.00,1528.00,0.05,955582.80
2.11,0.00,0.00,0.00,20.00,273.00,5566.00,1537.00,0.04,955993.16
2.12,0.00,0.00,0.00,20.00,268.00,5567.00,1541.00,0.04,956382.81
2.12,0.00,0.00,0.00,20.00,264.00,5565.00,1547.00,0.04,956708.49
2.13,0.00,0.00,0.00,20.00,260.00,5560.00,1556.00,0.03,956930.69
2.14,0.00,0.00,0.00,20.00,254.00,5559.00,1563.00,0.03,957118.51
2.15,0.00,0.00,0.00,20.00,241.00,5558.00,1577.00,0.03,957274.96
2.15,0.00,0.00,0.00,20.00,237.00,5553.00,1586.00,0.03,957342.68
2.16,0.00,0.00,0.00,20.00,231.00,5549.00,1596.00,0.02,957344.40
2.17,0.00,0.00,0.00,20.00,222.00,5551.00,1603.00,0.02,957376.02
2.17,0.00,0.00,0.00,20.00,217.00,5549.00,1610.00,0.02,957374.84
2.18,0.00,0.00,0.00,20.00,207.00,5549.00,1620.00,0.02,957373.76
2.19,0.00,0.00,0.00,20.00,201.00,5550.00,1625.00,0.02,957387.80
2.19,0.00,0.00,0.00,20.00,196.00,5552.00,1628.00,0.01,957430.66
2.20,0.00,0.00,0.00,20.00,191.00,5549.00,1636.00,0.01,957424.72
2.21,0.00,0.00,0.00,20.00,184.00,5550.00,1642.00,0.01,957434.33
2.22,0.00,0.00,0.00,20.00,176.00,5554.00,1646.00,0.01,957503.18
2.22,0.00,0.00,0.00,20.00,169.00,5554.00,1653.00,0.01,957566.05
2.23,0.00,0.00,0.00,20.00,162.00,5555.00,1659.00,0.01,957638.46
2.24,0.00,0.00,0.00,20.00,157.00,5548.00,1671.00,0.01,957599.40
2.24,0.00,0.00,0.00,20.00,149.00,5550.00,1677.00,0.01,957593.79
2.25,0.00,0.00,0.00,20.00,145.00,5545.00,1686.00,0.01,957513.56
2.26,0.00,0.00,0.00,20.00,140.00,5540.00,1696.00,0.01,957365.19
2.26,0.00,0.00,0.00,20.00,137.00,5536.00,1703.00,0.01,957169.66
2.27,0.00,0.00,0.00,20.00,133.00,5530.00,1713.00,0.01,956901.01
2.28,0.00,0.00,0.00,20.00,130.00,5525.00,1721.00,0.00,956580.63
2.28,0.00,0.00,0.00,20.00,125.00,5524.00,1727.00,0.00,956273.13
2.29,0.00,0.00,0.00,20.00,121.00,5522.00,1733.00,0.00,955962.36
2.30,0.00,0.00,0.00,20.00,115.00,5517.00,1744.00,0.00,955603.54
2.31,0.00,0.00,0.00,20.00,114.00,5513.00,1749.00,0.00,955215.87
2.31,0.00,0.00,0.00,20.00,114.00,5502.00,1760.00,0.00,954696.70
2.32,0.00,0.00,0.00,20.00,112.00,5499.00,1765.00,0.00,954177.66
2.33,0.00,0.00,0.00,20.00,108.00,5491.00,1777.00,0.00,953583.64
2.33,0.00,0.00,0.00,20.00,105.00,5487.00,1784.00,0.00,952981.25
2.34,0.00,0.00,0.00,20.00,101.00,5482.00,1793.00,0.00,952356.20
2.35,0.00,0.00,0.00,20.00,97.00,5479.00,1800.00,0.00,951740.51
2.35,0.00,0.00,0.00,20.00,96.00,5470.00,1810.00,0.00,951043.22
2.36,0.00,0.00,0.00,20.00,92.00,5463.00,1821.00,0.00,950301.48
2.37,0.00,0.00,0.00,20.00,89.00,5460.00,1827.00,0.00,949579.26
2.38,0.00,0.00,0.00,20.00,89.00,5452.00,1835.00,0.00,948799.75
2.38,0.00,0.00,0.00,20.00,86.00,5446.00,1844.00,0.00,947997.97
2.39,0.00,0.00,0.00,20.00,83.00,5445.00,1848.00,0.00,947250.99
2.40,0.00,0.00,0.00,20.00,83.00,5433.00,1860.00,0.00,946388.77
2.40,0.00,0.00,0.00,20.00,81.00,5427.00,1868.00,0.00,945511.50
2.41,0.00,0.00,0.00,20.00,78.00,5419.00,1879.00,0.00,944590.43
2.42,0.00,0.00,0.00,20.00,75.00,5415.00,1886.00,0.00,943689.46
2.42,0.00,0.00,0.00,20.00,71.00,5410.00,1895.00,0.00,942791.84
2.43,0.00,0.00,0.00,20.00,68.00,5406.00,1902.00,0.00,941912.28
2.44,0.00,0.00,0.00,20.00,67.00,5398.00,1911.00,0.00,940989.13
2.44,0.00,0.00,0.00,20.00,66.00,5395.00,1915.00,0.00,940101.29
2.45,0.00,0.00,0.00,20.00,63.00,5395.00,1918.00,0.00,939290.76
2.46,0.00,0.00,0.00,20.00,62.00,5390.00,1924.00,0.00,938475.70
2.47,0.00,0.00,0.00,20.00,59.00,5389.00,1928.00,0.00,937716.58
2.47,0.00,0.00,0.00,20.00,56.00,5384.00,1936.00,0.00,936948.45
2.48,0.00,0.00,0.00,20.00,55.00,5375.00,1946.00,0.00,936111.99
2.49,0.00,0.00,0.00,20.00,53.00,5372.00,1951.00,0.00,935303.31
2.49,0.00,0.00,0.00,20.00,53.00,5367.00,1956.00,0.00,934489.92
2.50,0.00,0.00,0.00,20.00,52.00,5359.00,1965.00,0.00,933627.17
2.51,0.00,0.00,0.00,20.00,48.00,5354.00,1974.00,0.00,932764.44
2.51,0.00,0.00,0.00,20.00,48.00,5342.00,1986.00,0.00,931796.55
2.52,0.00,0.00,0.00,20.00,46.00,5331.00,1999.00,0.00,930747.68
2.53,0.00,0.00,0.00,20.00,45.00,5324.00,2007.00,0.00,929684.99
2.53,0.00,0.00,0.00,20.00,45.00,5317.00,2014.00,0.00,928609.67
2.54,0.00,0.00,0.00,20.00,45.00,5313.00,2018.00,0.00,927567.89
2.55,0.00,0.00,0.00,20.00,42.00,5308.00,2026.00,0.00,926541.70
2.56,0.00,0.00,0.00,20.00,41.00,5299.00,2036.00,0.00,925469.67
2.56,0.00,0.00,0.00,20.00,41.00,5289.00,2046.00,0.00,924340.75
2.57,0.00,0.00,0.00,20.00,40.00,5284.00,2052.00,0.00,923235.02
2.58,0.00,0.00,0.00,20.00,37.00,5284.00,2055.00,0.00,922225.57
2.58,0.00,0.00,0.00,20.00,34.00,5279.00,2063.00,0.00,921228.91
2.59,0.00,0.00,0.00,20.00,33.00,5274.00,2069.00,0.00,920243.91
2.60,0.00,0.00,0.00,20.00,33.00,5269.00,2074.00,0.00,919269.57
2.60,0.00,0.00,0.00,20.00,33.00,5261.00,2082.00,0.00,918259.89
2.61,0.00,0.00,0.00,20.00,33.00,5253.00,2090.00,0.00,917217.94
2.62,0.00,0.00,0.00,20.00,33.00,5241.00,2102.00,0.00,916086.44
2.62,0.00,0.00,0.00,20.00,33.00,5239.00,2104.00,0.00,915023.42
2.63,0.00,0.00,0.00,20.00,33.00,5231.00,2112.00,0.00,913932.78
2.64,0.00,0.00,0.00,20.00,31.00,5221.00,2124.00,0.00,912786.88
2.65,0.00,0.00,0.00,20.00,30.00,5214.00,2132.00,0.00,911635.59
2.65,0.00,0.00,0.00,20.00,27.00,5208.00,2141.00,0.00,910494.42
2.66,0.00,0.00,0.00,20.00,26.00,5198.00,2152.00,0.00,909302.38
2.67,0.00,0.00,0.00,20.00,23.00,5195.00,2158.00,0.00,908169.07
2.67,0.00,0.00,0.00,20.00,23.00,5182.00,2171.00,0.00,906939.15
2.68,0.00,0.00,0.00,20.00,23.00,5170.00,2183.00,0.00,905636.04
2.69,0.00,0.00,0.00,20.00,23.00,5165.00,2188.00,0.00,904371.29
2.69,0.00,0.00,0.00,20.00,21.00,5164.00,2191.00,0.00,903201.65
2.70,0.00,0.00,0.00,20.00,19.00,5158.00,2199.00,0.00,902043.71
2.71,0.00,0.00,0.00,20.00,19.00,5156.00,2201.00,0.00,900956.56
2.72,0.00,0.00,0.00,20.00,18.00,5149.00,2209.00,0.00,899858.91
2.72,0.00,0.00,0.00,20.00,18.00,5143.00,2215.00,0.00,898766.70
2.73,0.00,0.00,0.00,20.00,18.00,5138.00,2220.00,0.00,897694.48
2.74,0.00,0.00,0.00,20.00,18.00,5130.00,2228.00,0.00,896595.44
2.74,0.00,0.00,0.00,20.00,17.00,5123.00,2236.00,0.00,895486.93
2.75,0.00,0.00,0.00,20.00,17.00,5117.00,2242.00,0.00,894384.82
2.76,0.00,0.00,0.00,20.00,16.00,5108.00,2252.00,0.00,893243.46
2.76,0.00,0.00,0.00,20.00,16.00,5098.00,2262.00,0.00,892051.25
2.77,0.00,0.00,0.00,20.00,16.00,5091.00,2269.00,0.00,890857.70
2.78,0.00,0.00,0.00,20.00,16.00,5083.00,2277.00,0.00,889647.89
2.78,0.00,0.00,0.00,20.00,16.00,5076.00,2284.00,0.00,888438.27
2.79,0.00,0.00,0.00,20.00,16.00,5071.00,2289.00,0.00,887258.86
2.80,0.00,0.00,0.00,20.00,15.00,5064.00,2297.00,0.00,886076.98
2.81,0.00,0.00,0.00,20.00,14.00,5059.00,2303.00,0.00,884922.90
2.81,0.00,0.00,0.00,20.00,14.00,5054.00,2308.00,0.00,883794.20
2.82,0.00,0.00,0.00,20.00,14.00,5050.00,2312.00,0.00,882703.69
2.83,0.00,0.00,0.00,20.00,14.00,5044.00,2318.00,0.00,881618.00
2.83,0.00,0.00,0.00,20.00,13.00,5034.00,2329.00,0.00,880476.61
2.84,0.00,0.00,0.00,20.00,13.00,5025.00,2338.00,0.00,879299.41
2.85,0.00,0.00,0.00,20.00,13.00,5019.00,2344.00,0.00,878134.57
2.85,0.00,0.00,0.00,20.00,13.00,5010.00,2353.00,0.00,876935.95
2.86,0.00,0.00,0.00,20.00,12.00,5005.00,2359.00,0.00,875766.59
2.87,0.00,0.00,0.00,20.00,12.00,4997.00,2367.00,0.00,874578.87
2.88,0.00,0.00,0.00,20.00,12.00,4989.00,2375.00,0.00,873374.38
2.88,0.00,0.00,0.00,20.00,12.00,4985.00,2379.00,0.00,872214.68
2.89,0.00,0.00,0.00,20.00,12.00,4981.00,2383.00,0.00,871095.88
2.90,0.00,0.00,0.00,20.00,12.00,4975.00,2389.00,0.00,869984.35
2.90,0.00,0.00,0.00,20.00,12.00,4962.00,2402.00,0.00,868774.31
2.91,0.00,0.00,0.00,20.00,12.00,4956.00,2408.00,0.00,867579.50
2.92,0.00,0.00,0.00,20.00,12.00,4951.00,2413.00,0.00,866413.61
2.92,0.00,0.00,0.00,20.00,12.00,4948.00,2416.00,0.00,865304.17
2.93,0.00,0.00,0.00,20.00,12.00,4943.00,2421.00,0.00,864216.23
2.94,0.00,0.00,0.00,20.00,12.00,4937.00,2427.00,0.00,863132.87
2.94,0.00,0.00,0.00,20.00,12.00,4927.00,2437.00,0.00,861993.62
2.95,0.00,0.00,0.00,20.00,12.00,4920.00,2444.00,0.00,860848.41
2.96,0.00,0.00,0.00,20.00,12.00,4914.00,2450.00,0.00,859712.79
2.97,0.00,0.00,0.00,20.00,12.00,4904.00,2460.00,0.00,858525.81
2.97,0.00,0.00,0.00,20.00,12.00,4897.00,2467.00,0.00,857337.03
2.98,0.00,0.00,0.00,20.00,12.00,4891.00,2473.00,0.00,856161.63
2.99,0.00,0.00,0.00,20.00,10.00,4884.00,2482.00,0.00,854983.42
2.99,0.00,0.00,0.00,20.00,9.00,4876.00,2491.00,0.00,853787.61
3.00,0.00,0.00,0.00,20.00,9.00,4867.00,2500.00,0.00,852560.72
3.01,0.00,0.00,0.00,20.00,9.00,4865.00,2502.00,0.00,851410.62
3.01,0.00,0.00,0.00,20.00,9.00,4860.00,2507.00,0.00,850285.55
3.02,0.00,0.00,0.00,20.00,8.00,4852.00,2516.00,0.00,849138.26
3.03,0.00,0.00,0.00,20.00,8.00,4845.00,2523.00,0.00,847985.71
3.03,0.00,0.00,0.00,20.00,8.00,4831.00,2537.00,0.00,846723.19
3.04,0.00,0.00,0.00,20.00,8.00,4827.00,2541.00,0.00,845510.52
3.05,0.00,0.00,0.00,20.00,8.00,4818.00,2550.00,0.00,844268.24
3.06,0.00,0.00,0.00,20.00,8.00,4814.00,2554.00,0.00,843074.03
3.06,0.00,0.00,0.00,20.00,8.00,4807.00,2561.00,0.00,841878.65
3.07,0.00,0.00,0.00,20.00,8.00,4801.00,2567.00,0.00,840697.22
3.08,0.00,0.00,0.00,20.00,8.00,4794.00,2574.00,0.00,839513.50
3.08,0.00,0.00,0.00,20.00,8.00,4785.00,2583.00,0.00,838297.65
3.09,0.00,0.00,0.00,20.00,7.00,4779.00,2590.00,0.00,837097.53
3.10,0.00,0.00,0.00,20.00,7.00,4770.00,2599.00,0.00,835866.71
3.10,0.00,0.00,0.00,20.00,7.00,4763.00,2606.00,0.00,834637.89
3.11,0.00,0.00,0.00,20.00,7.00,4757.00,2612.00,0.00,833425.94
3.12,0.00,0.00,0.00,20.00,7.00,4751.00,2618.00,0.00,832229.38
3.12,0.00,0.00,0.00,20.00,7.00,4743.00,2626.00,0.00,831016.83
3.13,0.00,0.00,0.00,20.00,7.00,4739.00,2630.00,0.00,829849.77
3.14,0.00,0.00,0.00,20.00,7.00,4736.00,2633.00,0.00,828739.27
3.15,0.00,0.00,0.00,20.00,7.00,4729.00,2640.00,0.00,827620.30
3.15,0.00,0.00,0.00,20.00,7.00,4721.00,2648.00,0.00,826478.58
3.16,0.00,0.00,0.00,20.00,7.00,4714.00,2655.00,0.00,825331.11
3.17,0.00,0.00,0.00,20.00,6.00,4709.00,2661.00,0.00,824208.45
3.17,0.00,0.00,0.00,20.00,6.00,4700.00,2670.00,0.00,823048.33
3.18,0.00,0.00,0.00,20.00,6.00,4688.00,2682.00,0.00,821808.96
3.19,0.00,0.00,0.00,20.00,6.00,4678.00,2692.00,0.00,820527.27
3.19,0.00,0.00,0.00,20.00,6.00,4670.00,2700.00,0.00,819237.01
3.20,0.00,0.00,0.00,20.00,6.00,4663.00,2707.00,0.00,817953.93
3.21,0.00,0.00,0.00,20.00,6.00,4656.00,2714.00,0.00,816677.41
3.22,0.00,0.00,0.00,20.00,6.00,4644.00,2726.00,0.00,815331.78
3.22,0.00,0.00,0.00,20.00,6.00,4635.00,2735.00,0.00,813968.10
3.23,0.00,0.00,0.00,20.00,6.00,4627.00,2743.00,0.00,812602.99
3.24,0.00,0.00,0.00,20.00,6.00,4619.00,2751.00,0.00,811236.56
3.24,0.00,0.00,0.00,20.00,5.00,4610.00,2761.00,0.00,809853.90
3.25,0.00,0.00,0.00,20.00,5.00,4603.00,2768.00,0.00,808486.48
3.26,0.00,0.00,0.00,20.00,5.00,4599.00,2772.00,0.00,807178.03
3.26,0.00,0.00,0.00,20.00,5.00,4594.00,2777.00,0.00,805908.41
3.27,0.00,0.00,0.00,20.00,5.00,4585.00,2786.00,0.00,804614.13
3.28,0.00,0.00,0.00,20.00,4.00,4573.00,2799.00,0.00,803252.27
3.28,0.00,0.00,0.00,20.00,4.00,4568.00,2804.00,0.00,801933.88
3.29,0.00,0.00,0.00,20.00,4.00,4559.00,2813.00,0.00,800595.09
3.30,0.00,0.00,0.00,20.00,4.00,4552.00,2820.00,0.00,799267.71
3.31,0.00,0.00,0.00,20.00,4.00,4543.00,2829.00,0.00,797920.70
3.31,0.00,0.00,0.00,20.00,4.00,4538.00,2834.00,0.00,796615.87
3.32,0.00,0.00,0.00,20.00,4.00,4532.00,2840.00,0.00,795334.52
3.33,0.00,0.00,0.00,20.00,4.00,4517.00,2855.00,0.00,793939.40
3.33,0.00,0.00,0.00,20.00,4.00,4512.00,2860.00,0.00,792590.65
3.34,0.00,0.00,0.00,20.00,4.00,4505.00,2867.00,0.00,791254.17
3.35,0.00,0.00,0.00,20.00,3.00,4497.00,2876.00,0.00,789913.89
3.35,0.00,0.00,0.00,20.00,3.00,4487.00,2886.00,0.00,788540.08
3.36,0.00,0.00,0.00,20.00,3.00,4480.00,2893.00,0.00,787180.74
3.37,0.00,0.00,0.00,20.00,3.00,4472.00,2901.00,0.00,785819.58
3.38,0.00,0.00,0.00,20.00,3.00,4462.00,2911.00,0.00,784426.71
3.38,0.00,0.00,0.00,20.00,3.00,4455.00,2918.00,0.00,783049.96
3.39,0.00,0.00,0.00,20.00,3.00,4451.00,2922.00,0.00,781733.01
3.40,0.00,0.00,0.00,20.00,3.00,4443.00,2930.00,0.00,780410.54
3.40,0.00,0.00,0.00,20.00,3.00,4433.00,2940.00,0.00,779052.99
3.41,0.00,0.00,0.00,20.00,3.00,4423.00,2950.00,0.00,777663.43
3.42,0.00,0.00,0.00,20.00,3.00,4414.00,2959.00,0.00,776259.66
3.42,0.00,0.00,0.00,20.00,3.00,4411.00,2962.00,0.00,774933.05
3.43,0.00,0.00,0.00,20.00,3.00,4397.00,2976.00,0.00,773511.63
3.44,0.00,0.00,0.00,20.00,3.00,4393.00,2980.00,0.00,772153.89
3.44,0.00,0.00,0.00,20.00,3.00,4390.00,2983.00,0.00,770869.31
3.45,0.00,0.00,0.00,20.00,3.00,4383.00,2990.00,0.00,769591.42
3.46,0.00,0.00,0.00,20.00,3.00,4376.00,2997.00,0.00,768319.65
3.47,0.00,0.00,0.00,20.00,3.00,4372.00,3001.00,0.00,767098.52
3.47,0.00,0.00,0.00,20.00,3.00,4364.00,3009.00,0.00,765863.54
3.48,0.00,0.00,0.00,20.00,3.00,4356.00,3017.00,0.00,764615.91
3.49,0.00,0.00,0.00,20.00,3.00,4347.00,3026.00,0.00,763341.72
3.49,0.00,0.00,0.00,20.00,2.00,4338.00,3036.00,0.00,762043.26
3.50,0.00,0.00,0.00,20.00,2.00,4332.00,3042.00,0.00,760767.73
3.51,0.00,0.00,0.00,20.00,2.00,4327.00,3047.00,0.00,759528.16
3.51,0.00,0.00,0.00,20.00,2.00,4323.00,3051.00,0.00,758336.43
3.52,0.00,0.00,0.00,20.00,2.00,4319.00,3055.00,0.00,757188.37
3.53,0.00,0.00,0.00,20.00,2.00,4317.00,3057.00,0.00,756110.24
3.53,0.00,0.00,0.00,20.00,2.00,4308.00,3066.00,0.00,754990.78
3.54,0.00,0.00,0.00,20.00,2.00,4298.00,3076.00,0.00,753818.57
3.55,0.00,0.00,0.00,20.00,2.00,4288.00,3086.00,0.00,752598.19
3.56,0.00,0.00,0.00,20.00,2.00,4283.00,3091.00,0.00,751408.97
3.56,0.00,0.00,0.00,20.00,2.00,4275.00,3099.00,0.00,750203.12
3.57,0.00,0.00,0.00,20.00,2.00,4268.00,3106.00,0.00,748997.10
3.58,0.00,0.00,0.00,20.00,2.00,4264.00,3110.00,0.00,747836.01
3.58,0.00,0.00,0.00,20.00,2.00,4260.00,3114.00,0.00,746715.93
3.59,0.00,0.00,0.00,20.00,2.00,4256.00,3118.00,0.00,745633.28
3.60,0.00,0.00,0.00,20.00,2.00,4248.00,3126.00,0.00,744524.73
3.60,0.00,0.00,0.00,20.00,2.00,4243.00,3131.00,0.00,743437.58
3.61,0.00,0.00,0.00,20.00,2.00,4238.00,3136.00,0.00,742369.99
3.62,0.00,0.00,0.00,20.00,2.00,4231.00,3143.00,0.00,741290.20
3.62,0.00,0.00,0.00,20.00,2.00,4223.00,3151.00,0.00,740184.24
3.63,0.00,0.00,0.00,20.00,1.00,4214.00,3161.00,0.00,739039.38
3.64,0.00,0.00,0.00,20.00,1.00,4207.00,3168.00,0.00,737889.05
3.65,0.00,0.00,0.00,20.00,1.00,4197.00,3178.00,0.00,736688.65
3.65,0.00,0.00,0.00,20.00,1.00,4193.00,3182.00,0.00,735532.69
3.66,0.00,0.00,0.00,20.00,1.00,4183.00,3192.00,0.00,734327.15
3.67,0.00,0.00,0.00,20.00,1.00,4174.00,3201.00,0.00,733091.37
3.67,0.00,0.00,0.00,20.00,1.00,4171.00,3204.00,0.00,731918.14
3.68,0.00,0.00,0.00,20.00,1.00,4164.00,3211.00,0.00,730741.90
3.69,0.00,0.00,0.00,20.00,1.00,4153.00,3222.00,0.00,729502.83
3.69,0.00,0.00,0.00,20.00,1.00,4143.00,3232.00,0.00,728221.42
3.70,0.00,0.00,0.00,20.00,1.00,4130.00,3245.00,0.00,726856.29
3.71,0.00,0.00,0.00,20.00,1.00,4123.00,3252.00,0.00,725504.87
3.72,0.00,0.00,0.00,20.00,0.00,4120.00,3256.00,0.00,724226.06
3.72,0.00,0.00,0.00,20.00,0.00,4116.00,3260.00,0.00,722998.51
3.73,0.00,0.00,0.00,20.00,0.00,4110.00,3266.00,0.00,721787.71
3.74,0.00,0.00,0.00,20.00,0.00,4104.00,3272.00,0.00,720592.20
3.74,0.00,0.00,0.00,20.00,0.00,4099.00,3277.00,0.00,719425.68
3.75,0.00,0.00,0.00,20.00,0.00,4093.00,3283.00,0.00,718270.59
3.76,0.00,0.00,0.00,20.00,0.00,4086.00,3290.00,0.00,717110.92
3.76,0.00,0.00,0.00,20.00,0.00,4080.00,3296.00,0.00,715962.10
3.77,0.00,0.00,0.00,20.00,0.00,4072.00,3304.00,0.00,714793.12
3.78,0.00,0.00,0.00,20.00,0.00,4065.00,3311.00,0.00,713620.77
3.78,0.00,0.00,0.00,20.00,0.00,4061.00,3315.00,0.00,712490.41
3.79,0.00,0.00,0.00,20.00,0.00,4057.00,3319.00,0.00,711398.39
3.80,0.00,0.00,0.00,20.00,0.00,4048.00,3328.00,0.00,710266.25
3.81,0.00,0.00,0.00,20.00,0.00,4043.00,3333.00,0.00,709157.57
3.81,0.00,0.00,0.00,20.00,0.00,4036.00,3340.00,0.00,708040.28
3.82,0.00,0.00,0.00,20.00,0.00,4026.00,3350.00,0.00,706870.04
3.83,0.00,0.00,0.00,20.00,0.00,4014.00,3362.00,0.00,705621.42
3.83,0.00,0.00,0.00,20.00,0.00,4007.00,3369.00,0.00,704376.36
3.84,0.00,0.00,0.00,20.00,0.00,3999.00,3377.00,0.00,703119.54
3.85,0.00,0.00,0.00,20.00,0.00,3991.00,3385.00,0.00,701851.97
3.85,0.00,0.00,0.00,20.00,0.00,3985.00,3391.00,0.00,700604.63
3.86,0.00,0.00,0.00,20.00,0.00,3978.00,3398.00,0.00,699360.75
3.87,0.00,0.00,0.00,20.00,0.00,3966.00,3410.00,0.00,698044.90
3.88,0.00,0.00,0.00,20.00,0.00,3958.00,3418.00,0.00,696723.45
3.88,0.00,0.00,0.00,20.00,0.00,3950.00,3426.00,0.00,695396.88
3.89,0.00,0.00,0.00,20.00,0.00,3944.00,3432.00,0.00,694095.68
3.90,0.00,0.00,0.00,20.00,0.00,3932.00,3444.00,0.00,692727.51
3.90,0.00,0.00,0.00,20.00,0.00,3923.00,3453.00,0.00,691343.26
3.91,0.00,0.00,0.00,20.00,0.00,3917.00,3459.00,0.00,689989.41
3.92,0.00,0.00,0.00,20.00,0.00,3908.00,3468.00,0.00,688618.24
3.92,0.00,0.00,0.00,20.00,0.00,3905.00,3471.00,0.00,687321.39
3.93,0.00,0.00,0.00,20.00,0.00,3899.00,3477.00,0.00,686047.34
3.94,0.00,0.00,0.00,20.00,0.00,3887.00,3489.00,0.00,684703.94
3.94,0.00,0.00,0.00,20.00,0.00,3884.00,3492.00,0.00,683432.45
3.95,0.00,0.00,0.00,20.00,0.00,3877.00,3499.00,0.00,682166.52
3.96,0.00,0.00,0.00,20.00,0.00,3871.00,3505.00,0.00,680920.68
3.97,0.00,0.00,0.00,20.00,0.00,3862.00,3514.00,0.00,679648.11
3.97,0.00,0.00,0.00,20.00,0.00,3857.00,3519.00,0.00,678411.24
3.98,0.00,0.00,0.00,20.00,0.00,3852.00,3524.00,0.00,677206.96
3.99,0.00,0.00,0.00,20.00,0.00,3842.00,3534.00,0.00,675957.31
3.99,0.00,0.00,0.00,20.00,0.00,3835.00,3541.00,0.00,674711.31
4.00,0.00,0.00,0.00,20.00,0.00,3822.00,3554.00,0.00,673378.50
4.01,0.00,0.00,0.00,20.00,0.00,3815.00,3561.00,0.00,672056.60
4.01,0.00,0.00,0.00,20.00,0.00,3799.00,3577.00,0.00,670609.42
4.02,0.00,0.00,0.00,20.00,0.00,3796.00,3580.00,0.00,669243.19
4.03,0.00,0.00,0.00,20.00,0.00,3783.00,3593.00,0.00,667800.63
4.03,0.00,0.00,0.00,20.00,0.00,3776.00,3600.00,0.00,666378.52
4.04,0.00,0.00,0.00,20.00,0.00,3767.00,3609.00,0.00,664945.03
4.05,0.00,0.00,0.00,20.00,0.00,3758.00,3618.00,0.00,663501.16
4.06,0.00,0.00,0.00,20.00,0.00,3751.00,3625.00,0.00,662077.85
4.06,0.00,0.00,0.00,20.00,0.00,3744.00,3632.00,0.00,660673.31
4.07,0.00,0.00,0.00,20.00,0.00,3738.00,3638.00,0.00,659300.94
4.08,0.00,0.00,0.00,20.00,0.00,3728.00,3648.00,0.00,657897.84
4.08,0.00,0.00,0.00,20.00,0.00,3720.00,3656.00,0.00,656496.73
4.09,0.00,0.00,0.00,20.00,0.00,3706.00,3670.00,0.00,655007.30
4.10,0.00,0.00,0.00,20.00,0.00,3701.00,3675.00,0.00,653572.44
4.10,0.00,0.00,0.00,20.00,0.00,3691.00,3685.00,0.00,652112.30
4.11,0.00,0.00,0.00,20.00,0.00,3684.00,3692.00,0.00,650674.14
4.12,0.00,0.00,0.00,20.00,0.00,3678.00,3698.00,0.00,649271.07
4.12,0.00,0.00,0.00,20.00,0.00,3674.00,3702.00,0.00,647930.08
4.13,0.00,0.00,0.00,20.00,0.00,3665.00,3711.00,0.00,646570.65
4.14,0.00,0.00,0.00,20.00,0.00,3658.00,3718.00,0.00,645224.43
4.15,0.00,0.00,0.00,20.00,0.00,3655.00,3721.00,0.00,643950.37
4.15,0.00,0.00,0.00,20.00,0.00,3652.00,3724.00,0.00,642742.17
4.16,0.00,0.00,0.00,20.00,0.00,3645.00,3731.00,0.00,641534.02
4.17,0.00,0.00,0.00,20.00,0.00,3635.00,3741.00,0.00,640280.84
4.17,0.00,0.00,0.00,20.00,0.00,3627.00,3749.00,0.00,639016.60
4.18,0.00,0.00,0.00,20.00,0.00,3623.00,3753.00,0.00,637802.35
4.19,0.00,0.00,0.00,20.00,0.00,3617.00,3759.00,0.00,636603.69
4.19,0.00,0.00,0.00,20.00,0.00,3612.00,3764.00,0.00,635434.29
4.20,0.00,0.00,0.00,20.00,0.00,3604.00,3772.00,0.00,634246.53
4.21,0.00,0.00,0.00,20.00,0.00,3595.00,3781.00,0.00,633026.99
4.22,0.00,0.00,0.00,20.00,0.00,3587.00,3789.00,0.00,631793.46
4.22,0.00,0.00,0.00,20.00,0.00,3576.00,3800.00,0.00,630502.09
4.23,0.00,0.00,0.00,20.00,0.00,3572.00,3804.00,0.00,629263.07
4.24,0.00,0.00,0.00,20.00,0.00,3566.00,3810.00,0.00,628041.80
4.24,0.00,0.00,0.00,20.00,0.00,3561.00,3815.00,0.00,626851.76
4.25,0.00,0.00,0.00,20.00,0.00,3557.00,3819.00,0.00,625705.25
4.26,0.00,0.00,0.00,20.00,0.00,3547.00,3829.00,0.00,624508.34
4.26,0.00,0.00,0.00,20.00,0.00,3539.00,3837.00,0.00,623295.47
4.27,0.00,0.00,0.00,20.00,0.00,3533.00,3843.00,0.00,622098.07
4.28,0.00,0.00,0.00,20.00,0.00,3525.00,3851.00,0.00,620884.75
4.28,0.00,0.00,0.00,20.00,0.00,3519.00,3857.00,0.00,619686.94
4.29,0.00,0.00,0.00,20.00,0.00,3512.00,3864.00,0.00,618488.28
4.30,0.00,0.00,0.00,20.00,0.00,3501.00,3875.00,0.00,617228.73
4.31,0.00,0.00,0.00,20.00,0.00,3496.00,3880.00,0.00,616003.74
4.31,0.00,0.00,0.00,20.00,0.00,3487.00,3889.00,0.00,614750.22
4.32,0.00,0.00,0.00,20.00,0.00,3482.00,3894.00,0.00,613530.72
4.33,0.00,0.00,0.00,20.00,0.00,3472.00,3904.00,0.00,612267.19
4.33,0.00,0.00,0.00,20.00,0.00,3467.00,3909.00,0.00,611038.57
4.34,0.00,0.00,0.00,20.00,0.00,3456.00,3920.00,0.00,609751.67
4.35,0.00,0.00,0.00,20.00,0.00,3448.00,3928.00,0.00,608456.65
4.35,0.00,0.00,0.00,20.00,0.00,3444.00,3932.00,0.00,607214.30
4.36,0.00,0.00,0.00,20.00,0.00,3438.00,3938.00,0.00,605989.99
4.37,0.00,0.00,0.00,20.00,0.00,3435.00,3941.00,0.00,604827.21
4.38,0.00,0.00,0.00,20.00,0.00,3427.00,3949.00,0.00,603645.51
4.38,0.00,0.00,0.00,20.00,0.00,3418.00,3958.00,0.00,602431.49
4.39,0.00,0.00,0.00,20.00,0.00,3413.00,3963.00,0.00,601248.07
4.40,0.00,0.00,0.00,20.00,0.00,3406.00,3970.00,0.00,600062.54
4.40,0.00,0.00,0.00,20.00,0.00,3403.00,3973.00,0.00,598935.16
4.41,0.00,0.00,0.00,20.00,0.00,3393.00,3983.00,0.00,597755.73
4.42,0.00,0.00,0.00,20.00,0.00,3391.00,3985.00,0.00,596648.94
4.42,0.00,0.00,0.00,20.00,0.00,3382.00,3994.00,0.00,595503.33
4.43,0.00,0.00,0.00,20.00,0.00,3372.00,4004.00,0.00,594307.24
4.44,0.00,0.00,0.00,20.00,0.00,3360.00,4016.00,0.00,593035.02
4.44,0.00,0.00,0.00,20.00,0.00,3352.00,4024.00,0.00,591753.39
4.45,0.00,0.00,0.00,20.00,0.00,3351.00,4025.00,0.00,590568.35
4.46,0.00,0.00,0.00,20.00,0.00,3345.00,4031.00,0.00,589396.35
4.47,0.00,0.00,0.00,20.00,0.00,3337.00,4039.00,0.00,588206.22
4.47,0.00,0.00,0.00,20.00,0.00,3328.00,4048.00,0.00,586984.51
4.48,0.00,0.00,0.00,20.00,0.00,3320.00,4056.00,0.00,585749.00
4.49,0.00,0.00,0.00,20.00,0.00,3317.00,4059.00,0.00,584576.01
4.49,0.00,0.00,0.00,20.00,0.00,3306.00,4070.00,0.00,583339.90
4.50,0.00,0.00,0.00,20.00,0.00,3301.00,4075.00,0.00,582136.31
4.51,0.00,0.00,0.00,20.00,0.00,3295.00,4081.00,0.00,580947.38
4.51,0.00,0.00,0.00,20.00,0.00,3291.00,4085.00,0.00,579801.89
4.52,0.00,0.00,0.00,20.00,0.00,3281.00,4095.00,0.00,578605.91
4.53,0.00,0.00,0.00,20.00,0.00,3273.00,4103.00,0.00,577393.89
4.53,0.00,0.00,0.00,20.00,0.00,3266.00,4110.00,0.00,576182.25
4.54,0.00,0.00,0.00,20.00,0.00,3258.00,4118.00,0.00,574955.92
4.55,0.00,0.00,0.00,20.00,0.00,3252.00,4124.00,0.00,573746.24
4.56,0.00,0.00,0.00,20.00,0.00,3244.00,4132.00,0.00,572521.71
4.56,0.00,0.00,0.00,20.00,0.00,3237.00,4139.00,0.00,571298.65
4.57,0.00,0.00,0.00,20.00,0.00,3229.00,4147.00,0.00,570061.90
4.58,0.00,0.00,0.00,20.00,0.00,3223.00,4153.00,0.00,568842.70
4.58,0.00,0.00,0.00,20.00,0.00,3217.00,4159.00,0.00,567639.53
4.59,0.00,0.00,0.00,20.00,0.00,3206.00,4170.00,0.00,566375.86
4.60,0.00,0.00,0.00,20.00,0.00,3203.00,4173.00,0.00,565177.17
4.60,0.00,0.00,0.00,20.00,0.00,3195.00,4181.00,0.00,563962.67
4.61,0.00,0.00,0.00,20.00,0.00,3182.00,4194.00,0.00,562658.62
4.62,0.00,0.00,0.00,20.00,0.00,3173.00,4203.00,0.00,561332.91
4.62,0.00,0.00,0.00,20.00,0.00,3162.00,4214.00,0.00,559957.39
4.63,0.00,0.00,0.00,20.00,0.00,3156.00,4220.00,0.00,558611.50
4.64,0.00,0.00,0.00,20.00,0.00,3147.00,4229.00,0.00,557247.60
4.65,0.00,0.00,0.00,20.00,0.00,3141.00,4235.00,0.00,555912.32
4.65,0.00,0.00,0.00,20.00,0.00,3134.00,4242.00,0.00,554588.16
4.66,0.00,0.00,0.00,20.00,0.00,3125.00,4251.00,0.00,553244.08
4.67,0.00,0.00,0.00,20.00,0.00,3118.00,4258.00,0.00,551911.89
4.67,0.00,0.00,0.00,20.00,0.00,3108.00,4268.00,0.00,550545.46
4.68,0.00,0.00,0.00,20.00,0.00,3099.00,4277.00,0.00,549162.81
4.69,0.00,0.00,0.00,20.00,0.00,3093.00,4283.00,0.00,547810.41
4.69,0.00,0.00,0.00,20.00,0.00,3081.00,4295.00,0.00,546395.50
4.70,0.00,0.00,0.00,20.00,0.00,3075.00,4301.00,0.00,545013.66
4.71,0.00,0.00,0.00,20.00,0.00,3071.00,4305.00,0.00,543692.05
4.72,0.00,0.00,0.00,20.00,0.00,3062.00,4314.00,0.00,542350.31
4.72,0.00,0.00,0.00,20.00,0.00,3054.00,4322.00,0.00,541005.22
4.73,0.00,0.00,0.00,20.00,0.00,3050.00,4326.00,0.00,539717.16
4.74,0.00,0.00,0.00,20.00,0.00,3046.00,4330.00,0.00,538481.17
4.74,0.00,0.00,0.00,20.00,0.00,3037.00,4339.00,0.00,537217.59
4.75,0.00,0.00,0.00,20.00,0.00,3026.00,4350.00,0.00,535898.79
4.76,0.00,0.00,0.00,20.00,0.00,3019.00,4357.00,0.00,534589.66
4.76,0.00,0.00,0.00,20.00,0.00,3011.00,4365.00,0.00,533274.34
4.77,0.00,0.00,0.00,20.00,0.00,3004.00,4372.00,0.00,531968.40
4.78,0.00,0.00,0.00,20.00,0.00,2998.00,4378.00,0.00,530686.03
4.78,0.00,0.00,0.00,20.00,0.00,2993.00,4383.00,0.00,529440.20
4.79,0.00,0.00,0.00,20.00,0.00,2986.00,4390.00,0.00,528197.70
4.80,0.00,0.00,0.00,20.00,0.00,2978.00,4398.00,0.00,526943.21
4.81,0.00,0.00,0.00,20.00,0.00,2969.00,4407.00,0.00,525662.74
4.81,0.00,0.00,0.00,20.00,0.00,2965.00,4411.00,0.00,524433.68
4.82,0.00,0.00,0.00,20.00,0.00,2956.00,4420.00,0.00,523176.43
4.83,0.00,0.00,0.00,20.00,0.00,2951.00,4425.00,0.00,521953.54
4.83,0.00,0.00,0.00,20.00,0.00,2939.00,4437.00,0.00,520656.86
4.84,0.00,0.00,0.00,20.00,0.00,2935.00,4441.00,0.00,519413.00
4.85,0.00,0.00,0.00,20.00,0.00,2931.00,4445.00,0.00,518217.35
4.85,0.00,0.00,0.00,20.00,0.00,2924.00,4452.00,0.00,517020.66
4.86,0.00,0.00,0.00,20.00,0.00,2917.00,4459.00,0.00,515823.01
4.87,0.00,0.00,0.00,20.00,0.00,2911.00,4465.00,0.00,514639.50
4.88,0.00,0.00,0.00,20.00,0.00,2905.00,4471.00,0.00,513468.91
4.88,0.00,0.00,0.00,20.00,0.00,2899.00,4477.00,0.00,512310.11
4.89,0.00,0.00,0.00,20.00,0.00,2892.00,4484.00,0.00,511147.06
4.90,0.00,0.00,0.00,20.00,0.00,2887.00,4489.00,0.00,510010.16
4.90,0.00,0.00,0.00,20.00,0.00,2878.00,4498.00,0.00,508837.05
4.91,0.00,0.00,0.00,20.00,0.00,2868.00,4508.00,0.00,507615.86
4.92,0.00,0.00,0.00,20.00,0.00,2865.00,4511.00,0.00,506455.94
4.92,0.00,0.00,0.00,20.00,0.00,2857.00,4519.00,0.00,505276.83
4.93,0.00,0.00,0.00,20.00,0.00,2847.00,4529.00,0.00,504050.17
4.94,0.00,0.00,0.00,20.00,0.00,2839.00,4537.00,0.00,502810.13
4.94,0.00,0.00,0.00,20.00,0.00,2831.00,4545.00,0.00,501557.88
4.95,0.00,0.00,0.00,20.00,0.00,2826.00,4550.00,0.00,500339.56
4.96,0.00,0.00,0.00,20.00,0.00,2816.00,4560.00,0.00,499077.10
4.97,0.00,0.00,0.00,20.00,0.00,2808.00,4568.00,0.00,497804.38
4.97,0.00,0.00,0.00,20.00,0.00,2803.00,4573.00,0.00,496567.37
4.98,0.00,0.00,0.00,20.00,0.00,2796.00,4580.00,0.00,495332.91
4.99,0.00,0.00,0.00,20.00,0.00,2789.00,4587.00,0.00,494100.78
4.99,0.00,0.00,0.00,20.00,0.00,2782.00,4594.00,0.00,492870.77
5.00,0.00,0.00,0.00,20.00,0.00,2770.00,4606.00,0.00,491567.60
5.01,0.00,0.00,0.00,20.00,0.00,2760.00,4616.00,0.00,490227.67
5.01,0.00,0.00,0.00,20.00,0.00,2755.00,4621.00,0.00,488929.29
5.02,0.00,0.00,0.00,20.00,0.00,2745.00,4631.00,0.00,487593.75
5.03,0.00,0.00,0.00,20.00,0.00,2739.00,4637.00,0.00,486284.36
5.03,0.00,0.00,0.00,20.00,0.00,2734.00,4642.00,0.00,485013.87
5.04,0.00,0.00,0.00,20.00,0.00,2726.00,4650.00,0.00,483733.82
5.05,0.00,0.00,0.00,20.00,0.00,2717.00,4659.00,0.00,482430.03
5.06,0.00,0.00,0.00,20.00,0.00,2706.00,4670.00,0.00,481074.51
5.06,0.00,0.00,0.00,20.00,0.00,2699.00,4677.00,0.00,479731.86
5.07,0.00,0.00,0.00,20.00,0.00,2693.00,4683.00,0.00,478415.99
5.08,0.00,0.00,0.00,20.00,0.00,2682.00,4694.00,0.00,477049.45
5.08,0.00,0.00,0.00,20.00,0.00,2675.00,4701.00,0.00,475696.73
5.09,0.00,0.00,0.00,20.00,0.00,2669.00,4707.00,0.00,474371.67
5.10,0.00,0.00,0.00,20.00,0.00,2665.00,4711.00,0.00,473101.89
5.10,0.00,0.00,0.00,20.00,0.00,2663.00,4713.00,0.00,471912.64
5.11,0.00,0.00,0.00,20.00,0.00,2653.00,4723.00,0.00,470676.71
5.12,0.00,0.00,0.00,20.00,0.00,2648.00,4728.00,0.00,469473.28
5.12,0.00,0.00,0.00,20.00,0.00,2639.00,4737.00,0.00,468239.44
5.13,0.00,0.00,0.00,20.00,0.00,2633.00,4743.00,0.00,467022.89
5.14,0.00,0.00,0.00,20.00,0.00,2622.00,4754.00,0.00,465747.02
5.15,0.00,0.00,0.00,20.00,0.00,2612.00,4764.00,0.00,464432.02
5.15,0.00,0.00,0.00,20.00,0.00,2598.00,4778.00,0.00,463021.20
5.16,0.00,0.00,0.00,20.00,0.00,2590.00,4786.00,0.00,461613.04
5.17,0.00,0.00,0.00,20.00,0.00,2583.00,4793.00,0.00,460222.34
5.17,0.00,0.00,0.00,20.00,0.00,2577.00,4799.00,0.00,458862.60
5.18,0.00,0.00,0.00,20.00,0.00,2569.00,4807.00,0.00,457501.07
5.19,0.00,0.00,0.00,20.00,0.00,2567.00,4809.00,0.00,456228.05
5.19,0.00,0.00,0.00,20.00,0.00,2563.00,4813.00,0.00,455005.79
5.20,0.00,0.00,0.00,20.00,0.00,2556.00,4820.00,0.00,453784.80
5.21,0.00,0.00,0.00,20.00,0.00,2550.00,4826.00,0.00,452579.99
5.22,0.00,0.00,0.00,20.00,0.00,2543.00,4833.00,0.00,451374.93
5.22,0.00,0.00,0.00,20.00,0.00,2535.00,4841.00,0.00,450154.61
5.23,0.00,0.00,0.00,20.00,0.00,2523.00,4853.00,0.00,448860.28
5.24,0.00,0.00,0.00,20.00,0.00,2518.00,4858.00,0.00,447603.53
5.24,0.00,0.00,0.00,20.00,0.00,2513.00,4863.00,0.00,446381.10
5.25,0.00,0.00,0.00,20.00,0.00,2506.00,4870.00,0.00,445159.96
5.26,0.00,0.00,0.00,20.00,0.00,2495.00,4881.00,0.00,443879.89
5.26,0.00,0.00,0.00,20.00,0.00,2491.00,4885.00,0.00,442651.20
5.27,0.00,0.00,0.00,20.00,0.00,2484.00,4892.00,0.00,441424.33
5.28,0.00,0.00,0.00,20.00,0.00,2479.00,4897.00,0.00,440229.18
5.28,0.00,0.00,0.00,20.00,0.00,2471.00,4905.00,0.00,439017.91
5.29,0.00,0.00,0.00,20.00,0.00,2462.00,4914.00,0.00,437776.90
5.30,0.00,0.00,0.00,20.00,0.00,2454.00,4922.00,0.00,436523.77
5.31,0.00,0.00,0.00,20.00,0.00,2448.00,4928.00,0.00,435289.63
5.31,0.00,0.00,0.00,20.00,0.00,2435.00,4941.00,0.00,433967.64
5.32,0.00,0.00,0.00,20.00,0.00,2431.00,4945.00,0.00,432700.68
5.33,0.00,0.00,0.00,20.00,0.00,2423.00,4953.00,0.00,431423.85
5.33,0.00,0.00,0.00,20.00,0.00,2415.00,4961.00,0.00,430138.02
5.34,0.00,0.00,0.00,20.00,0.00,2413.00,4963.00,0.00,428934.11
5.35,0.00,0.00,0.00,20.00,0.00,2408.00,4968.00,0.00,427759.91
5.35,0.00,0.00,0.00,20.00,0.00,2397.00,4979.00,0.00,426522.71
5.36,0.00,0.00,0.00,20.00,0.00,2391.00,4985.00,0.00,425303.09
5.37,0.00,0.00,0.00,20.00,0.00,2383.00,4993.00,0.00,424069.49
5.38,0.00,0.00,0.00,20.00,0.00,2374.00,5002.00,0.00,422808.10
5.38,0.00,0.00,0.00,20.00,0.00,2363.00,5013.00,0.00,421491.29
5.39,0.00,0.00,0.00,20.00,0.00,2357.00,5019.00,0.00,420199.01
5.40,0.00,0.00,0.00,20.00,0.00,2349.00,5027.00,0.00,418899.07
5.40,0.00,0.00,0.00,20.00,0.00,2343.00,5033.00,0.00,417622.18
5.41,0.00,0.00,0.00,20.00,0.00,2334.00,5042.00,0.00,416321.27
5.42,0.00,0.00,0.00,20.00,0.00,2324.00,5052.00,0.00,414983.41
5.42,0.00,0.00,0.00,20.00,0.00,2318.00,5058.00,0.00,413671.90
5.43,0.00,0.00,0.00,20.00,0.00,2314.00,5062.00,0.00,412414.50
5.44,0.00,0.00,0.00,20.00,0.00,2310.00,5066.00,0.00,411206.50
5.44,0.00,0.00,0.00,20.00,0.00,2304.00,5072.00,0.00,410013.55
5.45,0.00,0.00,0.00,20.00,0.00,2299.00,5077.00,0.00,408849.36
5.46,0.00,0.00,0.00,20.00,0.00,2296.00,5080.00,0.00,407741.48
5.47,0.00,0.00,0.00,20.00,0.00,2289.00,5087.00,0.00,406624.90
5.47,0.00,0.00,0.00,20.00,0.00,2285.00,5091.00,0.00,405545.46
5.48,0.00,0.00,0.00,20.00,0.00,2279.00,5097.00,0.00,404469.87
5.49,0.00,0.00,0.00,20.00,0.00,2263.00,5113.00,0.00,403247.57
5.49,0.00,0.00,0.00,20.00,0.00,2251.00,5125.00,0.00,401951.42
5.50,0.00,0.00,0.00,20.00,0.00,2243.00,5133.00,0.00,400647.96
5.51,0.00,0.00,0.00,20.00,0.00,2235.00,5141.00,0.00,399337.81
5.51,0.00,0.00,0.00,20.00,0.00,2228.00,5148.00,0.00,398036.58
5.52,0.00,0.00,0.00,20.00,0.00,2225.00,5151.00,0.00,396803.58
5.53,0.00,0.00,0.00,20.00,0.00,2218.00,5158.00,0.00,395572.79
5.53,0.00,0.00,0.00,20.00,0.00,2209.00,5167.00,0.00,394313.97
5.54,0.00,0.00,0.00,20.00,0.00,2197.00,5179.00,0.00,392984.48
5.55,0.00,0.00,0.00,20.00,0.00,2190.00,5186.00,0.00,391665.59
5.56,0.00,0.00,0.00,20.00,0.00,2184.00,5192.00,0.00,390371.41
5.56,0.00,0.00,0.00,20.00,0.00,2176.00,5200.00,0.00,389069.73
5.57,0.00,0.00,0.00,20.00,0.00,2168.00,5208.00,0.00,387761.22
5.58,0.00,0.00,0.00,20.00,0.00,2165.00,5211.00,0.00,386521.58
5.58,0.00,0.00,0.00,20.00,0.00,2158.00,5218.00,0.00,385284.71
5.59,0.00,0.00,0.00,20.00,0.00,2153.00,5223.00,0.00,384080.44
5.60,0.00,0.00,0.00,20.00,0.00,2147.00,5229.00,0.00,382890.89
5.60,0.00,0.00,0.00,20.00,0.00,2143.00,5233.00,0.00,381744.82
5.61,0.00,0.00,0.00,20.00,0.00,2135.00,5241.00,0.00,380578.37
5.62,0.00,0.00,0.00,20.00,0.00,2127.00,5249.00,0.00,379393.30
5.62,0.00,0.00,0.00,20.00,0.00,2125.00,5251.00,0.00,378281.38
5.63,0.00,0.00,0.00,20.00,0.00,2117.00,5259.00,0.00,377146.09
5.64,0.00,0.00,0.00,20.00,0.00,2108.00,5268.00,0.00,375974.45
5.65,0.00,0.00,0.00,20.00,0.00,2102.00,5274.00,0.00,374814.70
5.65,0.00,0.00,0.00,20.00,0.00,2092.00,5284.00,0.00,373605.70
5.66,0.00,0.00,0.00,20.00,0.00,2079.00,5297.00,0.00,372306.67
5.67,0.00,0.00,0.00,20.00,0.00,2072.00,5304.00,0.00,371015.60
5.67,0.00,0.00,0.00,20.00,0.00,2065.00,5311.00,0.00,369731.79
5.68,0.00,0.00,0.00,20.00,0.00,2050.00,5326.00,0.00,368334.41
5.69,0.00,0.00,0.00,20.00,0.00,2045.00,5331.00,0.00,366983.61
5.69,0.00,0.00,0.00,20.00,0.00,2036.00,5340.00,0.00,365615.21
5.70,0.00,0.00,0.00,20.00,0.00,2030.00,5346.00,0.00,364275.83
5.71,0.00,0.00,0.00,20.00,0.00,2020.00,5356.00,0.00,362902.85
5.72,0.00,0.00,0.00,20.00,0.00,2015.00,5361.00,0.00,361574.31
5.72,0.00,0.00,0.00,20.00,0.00,2008.00,5368.00,0.00,360256.28
5.73,0.00,0.00,0.00,20.00,0.00,2001.00,5375.00,0.00,358947.87
5.74,0.00,0.00,0.00,20.00,0.00,1997.00,5379.00,0.00,357693.29
5.74,0.00,0.00,0.00,20.00,0.00,1990.00,5386.00,0.00,356442.80
5.75,0.00,0.00,0.00,20.00,0.00,1983.00,5393.00,0.00,355196.03
5.76,0.00,0.00,0.00,20.00,0.00,1975.00,5401.00,0.00,353937.64
5.76,0.00,0.00,0.00,20.00,0.00,1970.00,5406.00,0.00,352713.71
5.77,0.00,0.00,0.00,20.00,0.00,1963.00,5413.00,0.00,351491.19
5.78,0.00,0.00,0.00,20.00,0.00,1948.00,5428.00,0.00,350149.78
5.78,0.00,0.00,0.00,20.00,0.00,1941.00,5435.00,0.00,348820.01
5.79,0.00,0.00,0.00,20.00,0.00,1934.00,5442.00,0.00,347500.87
5.80,0.00,0.00,0.00,20.00,0.00,1925.00,5451.00,0.00,346161.39
5.81,0.00,0.00,0.00,20.00,0.00,1918.00,5458.00,0.00,344833.38
5.81,0.00,0.00,0.00,20.00,0.00,1909.00,5467.00,0.00,343485.81
5.82,0.00,0.00,0.00,20.00,0.00,1904.00,5472.00,0.00,342180.45
5.83,0.00,0.00,0.00,20.00,0.00,1897.00,5479.00,0.00,340883.61
5.83,0.00,0.00,0.00,20.00,0.00,1890.00,5486.00,0.00,339594.52
5.84,0.00,0.00,0.00,20.00,0.00,1882.00,5494.00,0.00,338297.50
5.85,0.00,0.00,0.00,20.00,0.00,1872.00,5504.00,0.00,336963.18
5.85,0.00,0.00,0.00,20.00,0.00,1863.00,5513.00,0.00,335609.85
5.86,0.00,0.00,0.00,20.00,0.00,1855.00,5521.00,0.00,334254.17
5.87,0.00,0.00,0.00,20.00,0.00,1847.00,5529.00,0.00,332896.35
5.88,0.00,0.00,0.00,20.00,0.00,1836.00,5540.00,0.00,331491.52
5.88,0.00,0.00,0.00,20.00,0.00,1833.00,5543.00,0.00,330163.94
5.89,0.00,0.00,0.00,20.00,0.00,1823.00,5553.00,0.00,328801.73
5.90,0.00,0.00,0.00,20.00,0.00,1816.00,5560.00,0.00,327452.97
5.90,0.00,0.00,0.00,20.00,0.00,1807.00,5569.00,0.00,326086.45
5.91,0.00,0.00,0.00,20.00,0.00,1797.00,5579.00,0.00,324688.69
5.92,0.00,0.00,0.00,20.00,0.00,1796.00,5580.00,0.00,323397.62
5.92,0.00,0.00,0.00,20.00,0.00,1792.00,5584.00,0.00,322158.88
5.93,0.00,0.00,0.00,20.00,0.00,1781.00,5595.00,0.00,320862.75
5.94,0.00,0.00,0.00,20.00,0.00,1778.00,5598.00,0.00,319634.41
5.94,0.00,0.00,0.00,20.00,0.00,1772.00,5604.00,0.00,318422.89
5.95,0.00,0.00,0.00,20.00,0.00,1763.00,5613.00,0.00,317181.66
5.96,0.00,0.00,0.00,20.00,0.00,1758.00,5618.00,0.00,315973.39
5.97,0.00,0.00,0.00,20.00,0.00,1752.00,5624.00,0.00,314780.19
5.97,0.00,0.00,0.00,20.00,0.00,1742.00,5634.00,0.00,313540.67
5.98,0.00,0.00,0.00,20.00,0.00,1734.00,5642.00,0.00,312288.89
5.99,0.00,0.00,0.00,20.00,0.00,1726.00,5650.00,0.00,311025.92
5.99,0.00,0.00,0.00,20.00,0.00,1722.00,5654.00,0.00,309812.84
6.00,0.00,0.00,0.00,20.00,0.00,1716.00,5660.00,0.00,308615.25
6.01,0.00,0.00,0.00,20.00,0.00,1708.00,5668.00,0.00,307401.76
6.01,0.00,0.00,0.00,20.00,0.00,1702.00,5674.00,0.00,306203.79
6.02,0.00,0.00,0.00,20.00,0.00,1700.00,5676.00,0.00,305080.09
6.03,0.00,0.00,0.00,20.00,0.00,1693.00,5683.00,0.00,303949.07
6.03,0.00,0.00,0.00,20.00,0.00,1685.00,5691.00,0.00,302796.36
6.04,0.00,0.00,0.00,20.00,0.00,1677.00,5699.00,0.00,301623.83
6.05,0.00,0.00,0.00,20.00,0.00,1670.00,5706.00,0.00,300448.25
6.06,0.00,0.00,0.00,20.00,0.00,1661.00,5715.00,0.00,299239.81
6.06,0.00,0.00,0.00,20.00,0.00,1654.00,5722.00,0.00,298031.45
6.07,0.00,0.00,0.00,20.00,0.00,1650.00,5726.00,0.00,296868.21
6.08,0.00,0.00,0.00,20.00,0.00,1648.00,5728.00,0.00,295776.21
6.08,0.00,0.00,0.00,20.00,0.00,1639.00,5737.00,0.00,294644.09
6.09,0.00,0.00,0.00,20.00,0.00,1636.00,5740.00,0.00,293565.49
6.10,0.00,0.00,0.00,20.00,0.00,1629.00,5747.00,0.00,292475.64
6.10,0.00,0.00,0.00,20.00,0.00,1625.00,5751.00,0.00,291420.60
6.11,0.00,0.00,0.00,20.00,0.00,1621.00,5755.00,0.00,290397.33
6.12,0.00,0.00,0.00,20.00,0.00,1617.00,5759.00,0.00,289403.08
6.12,0.00,0.00,0.00,20.00,0.00,1610.00,5766.00,0.00,288390.24
6.13,0.00,0.00,0.00,20.00,0.00,1601.00,5775.00,0.00,287330.38
6.14,0.00,0.00,0.00,20.00,0.00,1592.00,5784.00,0.00,286227.61
6.15,0.00,0.00,0.00,20.00,0.00,1584.00,5792.00,0.00,285100.67
6.15,0.00,0.00,0.00,20.00,0.00,1582.00,5794.00,0.00,284041.82
6.16,0.00,0.00,0.00,20.00,0.00,1575.00,5801.00,0.00,282970.01
6.17,0.00,0.00,0.00,20.00,0.00,1570.00,5806.00,0.00,281916.41
6.17,0.00,0.00,0.00,20.00,0.00,1564.00,5812.00,0.00,280864.41
6.18,0.00,0.00,0.00,20.00,0.00,1554.00,5822.00,0.00,279753.79
6.19,0.00,0.00,0.00,20.00,0.00,1545.00,5831.00,0.00,278604.67
6.19,0.00,0.00,0.00,20.00,0.00,1540.00,5836.00,0.00,277480.49
6.20,0.00,0.00,0.00,20.00,0.00,1534.00,5842.00,0.00,276364.06
6.21,0.00,0.00,0.00,20.00,0.00,1529.00,5847.00,0.00,275269.73
6.22,0.00,0.00,0.00,20.00,0.00,1523.00,5853.00,0.00,274180.55
6.22,0.00,0.00,0.00,20.00,0.00,1515.00,5861.00,0.00,273066.03
6.23,0.00,0.00,0.00,20.00,0.00,1508.00,5868.00,0.00,271943.40
6.24,0.00,0.00,0.00,20.00,0.00,1503.00,5873.00,0.00,270843.40
6.24,0.00,0.00,0.00,20.00,0.00,1493.00,5883.00,0.00,269688.96
6.25,0.00,0.00,0.00,20.00,0.00,1487.00,5889.00,0.00,268544.90
6.26,0.00,0.00,0.00,20.00,0.00,1477.00,5899.00,0.00,267350.23
6.26,0.00,0.00,0.00,20.00,0.00,1473.00,5903.00,0.00,266199.49
6.27,0.00,0.00,0.00,20.00,0.00,1471.00,5905.00,0.00,265118.92
6.28,0.00,0.00,0.00,20.00,0.00,1465.00,5911.00,0.00,264042.29
6.28,0.00,0.00,0.00,20.00,0.00,1453.00,5923.00,0.00,262879.13
6.29,0.00,0.00,0.00,20.00,0.00,1448.00,5928.00,0.00,261742.15
6.30,0.00,0.00,0.00,20.00,0.00,1437.00,5939.00,0.00,260538.91
6.31,0.00,0.00,0.00,20.00,0.00,1427.00,5949.00,0.00,259290.21
6.31,0.00,0.00,0.00,20.00,0.00,1421.00,5955.00,0.00,258060.11
6.32,0.00,0.00,0.00,20.00,0.00,1417.00,5959.00,0.00,256877.03
6.33,0.00,0.00,0.00,20.00,0.00,1409.00,5967.00,0.00,255676.78
6.33,0.00,0.00,0.00,20.00,0.00,1405.00,5971.00,0.00,254520.95
6.34,0.00,0.00,0.00,20.00,0.00,1397.00,5979.00,0.00,253345.58
6.35,0.00,0.00,0.00,20.00,0.00,1393.00,5983.00,0.00,252212.46
6.35,0.00,0.00,0.00,20.00,0.00,1384.00,5992.00,0.00,251042.81
6.36,0.00,0.00,0.00,20.00,0.00,1375.00,6001.00,0.00,249839.79
6.37,0.00,0.00,0.00,20.00,0.00,1369.00,6007.00,0.00,248651.39
6.38,0.00,0.00,0.00,20.00,0.00,1363.00,6013.00,0.00,247476.33
6.38,0.00,0.00,0.00,20.00,0.00,1356.00,6020.00,0.00,246298.43
6.39,0.00,0.00,0.00,20.00,0.00,1347.00,6029.00,0.00,245087.89
6.40,0.00,0.00,0.00,20.00,0.00,1339.00,6037.00,0.00,243862.57
6.40,0.00,0.00,0.00,20.00,0.00,1336.00,6040.00,0.00,242698.88
6.41,0.00,0.00,0.00,20.00,0.00,1328.00,6048.00,0.00,241516.33
6.42,0.00,0.00,0.00,20.00,0.00,1323.00,6053.00,0.00,240361.64
6.42,0.00,0.00,0.00,20.00,0.00,1319.00,6057.00,0.00,239247.41
6.43,0.00,0.00,0.00,20.00,0.00,1313.00,6063.00,0.00,238140.05
6.44,0.00,0.00,0.00,20.00,0.00,1308.00,6068.00,0.00,237054.01
6.44,0.00,0.00,0.00,20.00,0.00,1304.00,6072.00,0.00,236002.44
6.45,0.00,0.00,0.00,20.00,0.00,1301.00,6075.00,0.00,234997.37
6.46,0.00,0.00,0.00,20.00,0.00,1296.00,6080.00,0.00,234004.70
6.47,0.00,0.00,0.00,20.00,0.00,1290.00,6086.00,0.00,233008.33
6.47,0.00,0.00,0.00,20.00,0.00,1285.00,6091.00,0.00,232023.60
6.48,0.00,0.00,0.00,20.00,0.00,1279.00,6097.00,0.00,231034.48
6.49,0.00,0.00,0.00,20.00,0.00,1275.00,6101.00,0.00,230071.40
6.49,0.00,0.00,0.00,20.00,0.00,1266.00,6110.00,0.00,229056.97
6.50,0.00,0.00,0.00,20.00,0.00,1260.00,6116.00,0.00,228040.74
6.51,0.00,0.00,0.00,20.00,0.00,1255.00,6121.00,0.00,227037.88
6.51,0.00,0.00,0.00,20.00,0.00,1251.00,6125.00,0.00,226062.25
6.52,0.00,0.00,0.00,20.00,0.00,1243.00,6133.00,0.00,225051.39
6.53,0.00,0.00,0.00,20.00,0.00,1239.00,6137.00,0.00,224068.46
6.53,0.00,0.00,0.00,20.00,0.00,1234.00,6142.00,0.00,223096.00
6.54,0.00,0.00,0.00,20.00,0.00,1229.00,6147.00,0.00,222133.10
6.55,0.00,0.00,0.00,20.00,0.00,1224.00,6152.00,0.00,221178.94
6.56,0.00,0.00,0.00,20.00,0.00,1219.00,6157.00,0.00,220232.74
6.56,0.00,0.00,0.00,20.00,0.00,1215.00,6161.00,0.00,219308.85
6.57,0.00,0.00,0.00,20.00,0.00,1209.00,6167.00,0.00,218375.26
6.58,0.00,0.00,0.00,20.00,0.00,1204.00,6172.00,0.00,217447.85
6.58,0.00,0.00,0.00,20.00,0.00,1195.00,6181.00,0.00,216465.99
6.59,0.00,0.00,0.00,20.00,0.00,1186.00,6190.00,0.00,215434.41
6.60,0.00,0.00,0.00,20.00,0.00,1181.00,6195.00,0.00,214417.55
6.60,0.00,0.00,0.00,20.00,0.00,1173.00,6203.00,0.00,213369.04
6.61,0.00,0.00,0.00,20.00,0.00,1166.00,6210.00,0.00,212306.68
6.62,0.00,0.00,0.00,20.00,0.00,1158.00,6218.00,0.00,211216.63
6.62,0.00,0.00,0.00,20.00,0.00,1149.00,6227.00,0.00,210086.30
6.63,0.00,0.00,0.00,20.00,0.00,1142.00,6234.00,0.00,208949.22
6.64,0.00,0.00,0.00,20.00,0.00,1140.00,6236.00,0.00,207881.12
6.65,0.00,0.00,0.00,20.00,0.00,1133.00,6243.00,0.00,206800.85
6.65,0.00,0.00,0.00,20.00,0.00,1125.00,6251.00,0.00,205694.47
6.66,0.00,0.00,0.00,20.00,0.00,1117.00,6259.00,0.00,204564.24
6.67,0.00,0.00,0.00,20.00,0.00,1110.00,6266.00,0.00,203427.27
6.67,0.00,0.00,0.00,20.00,0.00,1102.00,6274.00,0.00,202269.11
6.68,0.00,0.00,0.00,20.00,0.00,1091.00,6285.00,0.00,201046.55
6.69,0.00,0.00,0.00,20.00,0.00,1084.00,6292.00,0.00,199825.28
6.69,0.00,0.00,0.00,20.00,0.00,1075.00,6301.00,0.00,198575.14
6.70,0.00,0.00,0.00,20.00,0.00,1068.00,6308.00,0.00,197328.70
6.71,0.00,0.00,0.00,20.00,0.00,1067.00,6309.00,0.00,196175.78
6.72,0.00,0.00,0.00,20.00,0.00,1059.00,6317.00,0.00,195003.06
6.72,0.00,0.00,0.00,20.00,0.00,1051.00,6325.00,0.00,193812.27
6.73,0.00,0.00,0.00,20.00,0.00,1044.00,6332.00,0.00,192620.01
6.74,0.00,0.00,0.00,20.00,0.00,1041.00,6335.00,0.00,191486.49
6.74,0.00,0.00,0.00,20.00,0.00,1038.00,6338.00,0.00,190406.61
6.75,0.00,0.00,0.00,20.00,0.00,1034.00,6342.00,0.00,189360.67
6.76,0.00,0.00,0.00,20.00,0.00,1028.00,6348.00,0.00,188315.67
6.76,0.00,0.00,0.00,20.00,0.00,1018.00,6358.00,0.00,187211.43
6.77,0.00,0.00,0.00,20.00,0.00,1013.00,6363.00,0.00,186128.22
6.78,0.00,0.00,0.00,20.00,0.00,1008.00,6368.00,0.00,185064.22
6.78,0.00,0.00,0.00,20.00,0.00,1007.00,6369.00,0.00,184077.85
6.79,0.00,0.00,0.00,20.00,0.00,1000.00,6376.00,0.00,183072.21
6.80,0.00,0.00,0.00,20.00,0.00,994.00,6382.00,0.00,182063.99
6.81,0.00,0.00,0.00,20.00,0.00,990.00,6386.00,0.00,181083.47
6.81,0.00,0.00,0.00,20.00,0.00,985.00,6391.00,0.00,180113.22
6.82,0.00,0.00,0.00,20.00,0.00,977.00,6399.00,0.00,179107.27
6.83,0.00,0.00,0.00,20.00,0.00,965.00,6411.00,0.00,178008.63
6.83,0.00,0.00,0.00,20.00,0.00,956.00,6420.00,0.00,176870.45
6.84,0.00,0.00,0.00,20.00,0.00,948.00,6428.00,0.00,175711.20
6.85,0.00,0.00,0.00,20.00,0.00,943.00,6433.00,0.00,174577.77
6.85,0.00,0.00,0.00,20.00,0.00,935.00,6441.00,0.00,173422.85
6.86,0.00,0.00,0.00,20.00,0.00,926.00,6450.00,0.00,172233.29
6.87,0.00,0.00,0.00,20.00,0.00,923.00,6453.00,0.00,171102.24
6.88,0.00,0.00,0.00,20.00,0.00,918.00,6458.00,0.00,169994.57
6.88,0.00,0.00,0.00,20.00,0.00,915.00,6461.00,0.00,168938.27
6.89,0.00,0.00,0.00,20.00,0.00,906.00,6470.00,0.00,167838.75
6.90,0.00,0.00,0.00,20.00,0.00,898.00,6478.00,0.00,166714.78
6.90,0.00,0.00,0.00,20.00,0.00,894.00,6482.00,0.00,165628.59
6.91,0.00,0.00,0.00,20.00,0.00,889.00,6487.00,0.00,164561.87
6.92,0.00,0.00,0.00,20.00,0.00,882.00,6494.00,0.00,163482.87
6.92,0.00,0.00,0.00,20.00,0.00,878.00,6498.00,0.00,162437.73
6.93,0.00,0.00,0.00,20.00,0.00,875.00,6501.00,0.00,161438.53
6.94,0.00,0.00,0.00,20.00,0.00,869.00,6507.00,0.00,160436.20
6.94,0.00,0.00,0.00,20.00,0.00,862.00,6514.00,0.00,159415.99
6.95,0.00,0.00,0.00,20.00,0.00,854.00,6522.00,0.00,158364.42
6.96,0.00,0.00,0.00,20.00,0.00,849.00,6527.00,0.00,157329.31
6.97,0.00,0.00,0.00,20.00,0.00,844.00,6532.00,0.00,156309.21
6.97,0.00,0.00,0.00,20.00,0.00,841.00,6535.00,0.00,155332.88
6.98,0.00,0.00,0.00,20.00,0.00,837.00,6539.00,0.00,154381.46
6.99,0.00,0.00,0.00,20.00,0.00,831.00,6545.00,0.00,153422.75
6.99,0.00,0.00,0.00,20.00,0.00,825.00,6551.00,0.00,152457.38
7.00,0.00,0.00,0.00,20.00,0.00,822.00,6554.00,0.00,151531.01
7.01,0.00,0.00,0.00,20.00,0.00,816.00,6560.00,0.00,150595.16
7.01,0.00,0.00,0.00,20.00,0.00,808.00,6568.00,0.00,149620.61
7.02,0.00,0.00,0.00,20.00,0.00,804.00,6572.00,0.00,148670.84
7.03,0.00,0.00,0.00,20.00,0.00,801.00,6575.00,0.00,147758.69
7.03,0.00,0.00,0.00,20.00,0.00,792.00,6584.00,0.00,146790.77
7.04,0.00,0.00,0.00,20.00,0.00,782.00,6594.00,0.00,145756.89
7.05,0.00,0.00,0.00,20.00,0.00,777.00,6599.00,0.00,144737.93
7.06,0.00,0.00,0.00,20.00,0.00,771.00,6605.00,0.00,143717.55
7.06,0.00,0.00,0.00,20.00,0.00,766.00,6610.00,0.00,142710.91
7.07,0.00,0.00,0.00,20.00,0.00,757.00,6619.00,0.00,141656.72
7.08,0.00,0.00,0.00,20.00,0.00,752.00,6624.00,0.00,140619.20
7.08,0.00,0.00,0.00,20.00,0.00,749.00,6627.00,0.00,139626.96
7.09,0.00,0.00,0.00,20.00,0.00,741.00,6635.00,0.00,138600.93
7.10,0.00,0.00,0.00,20.00,0.00,735.00,6641.00,0.00,137574.11
7.10,0.00,0.00,0.00,20.00,0.00,728.00,6648.00,0.00,136531.54
7.11,0.00,0.00,0.00,20.00,0.00,725.00,6651.00,0.00,135534.68
7.12,0.00,0.00,0.00,20.00,0.00,722.00,6654.00,0.00,134579.55
7.12,0.00,0.00,0.00,20.00,0.00,713.00,6663.00,0.00,133572.38
7.13,0.00,0.00,0.00,20.00,0.00,708.00,6668.00,0.00,132577.80
7.14,0.00,0.00,0.00,20.00,0.00,698.00,6678.00,0.00,131519.60
7.15,0.00,0.00,0.00,20.00,0.00,692.00,6684.00,0.00,130463.39
7.15,0.00,0.00,0.00,20.00,0.00,683.00,6693.00,0.00,129363.95
7.16,0.00,0.00,0.00,20.00,0.00,674.00,6702.00,0.00,128225.04
7.17,0.00,0.00,0.00,20.00,0.00,667.00,6709.00,0.00,127080.13
7.17,0.00,0.00,0.00,20.00,0.00,660.00,6716.00,0.00,125929.76
7.18,0.00,0.00,0.00,20.00,0.00,657.00,6719.00,0.00,124834.49
7.19,0.00,0.00,0.00,20.00,0.00,655.00,6721.00,0.00,123804.54
7.19,0.00,0.00,0.00,20.00,0.00,650.00,6726.00,0.00,122789.17
7.20,0.00,0.00,0.00,20.00,0.00,645.00,6731.00,0.00,121787.09
7.21,0.00,0.00,0.00,20.00,0.00,638.00,6738.00,0.00,120767.11
7.22,0.00,0.00,0.00,20.00,0.00,630.00,6746.00,0.00,119715.75
7.22,0.00,0.00,0.00,20.00,0.00,629.00,6747.00,0.00,118740.93
7.23,0.00,0.00,0.00,20.00,0.00,628.00,6748.00,0.00,117835.96
7.24,0.00,0.00,0.00,20.00,0.00,620.00,6756.00,0.00,116889.61
7.24,0.00,0.00,0.00,20.00,0.00,615.00,6761.00,0.00,115950.55
7.25,0.00,0.00,0.00,20.00,0.00,608.00,6768.00,0.00,114988.09
7.26,0.00,0.00,0.00,20.00,0.00,603.00,6773.00,0.00,114034.33
7.26,0.00,0.00,0.00,20.00,0.00,597.00,6779.00,0.00,113073.48
7.27,0.00,0.00,0.00,20.00,0.00,591.00,6785.00,0.00,112106.15
7.28,0.00,0.00,0.00,20.00,0.00,586.00,6790.00,0.00,111147.95
7.28,0.00,0.00,0.00,20.00,0.00,579.00,6797.00,0.00,110168.01
7.29,0.00,0.00,0.00,20.00,0.00,572.00,6804.00,0.00,109168.25
7.30,0.00,0.00,0.00,20.00,0.00,566.00,6810.00,0.00,108165.40
7.31,0.00,0.00,0.00,20.00,0.00,564.00,6812.00,0.00,107219.83
7.31,0.00,0.00,0.00,20.00,0.00,560.00,6816.00,0.00,106296.50
7.32,0.00,0.00,0.00,20.00,0.00,551.00,6825.00,0.00,105318.36
7.33,0.00,0.00,0.00,20.00,0.00,546.00,6830.00,0.00,104350.28
7.33,0.00,0.00,0.00,20.00,0.00,540.00,6836.00,0.00,103376.36
7.34,0.00,0.00,0.00,20.00,0.00,537.00,6839.00,0.00,102442.18
7.35,0.00,0.00,0.00,20.00,0.00,537.00,6839.00,0.00,101589.33
7.35,0.00,0.00,0.00,20.00,0.00,530.00,6846.00,0.00,100705.59
7.36,0.00,0.00,0.00,20.00,0.00,526.00,6850.00,0.00,99838.71
7.37,0.00,0.00,0.00,20.00,0.00,519.00,6857.00,0.00,98942.16
7.38,0.00,0.00,0.00,20.00,0.00,517.00,6859.00,0.00,98093.62
7.38,0.00,0.00,0.00,20.00,0.00,513.00,6863.00,0.00,97258.88
7.39,0.00,0.00,0.00,20.00,0.00,504.00,6872.00,0.00,96361.62
7.40,0.00,0.00,0.00,20.00,0.00,499.00,6877.00,0.00,95467.37
7.40,0.00,0.00,0.00,20.00,0.00,497.00,6879.00,0.00,94620.94
7.41,0.00,0.00,0.00,20.00,0.00,493.00,6883.00,0.00,93788.13
7.42,0.00,0.00,0.00,20.00,0.00,490.00,6886.00,0.00,92982.76
7.42,0.00,0.00,0.00,20.00,0.00,485.00,6891.00,0.00,92172.40
7.43,0.00,0.00,0.00,20.00,0.00,478.00,6898.00,0.00,91327.45
7.44,0.00,0.00,0.00,20.00,0.00,474.00,6902.00,0.00,90495.98
7.44,0.00,0.00,0.00,20.00,0.00,470.00,6906.00,0.00,89676.82
7.45,0.00,0.00,0.00,20.00,0.00,463.00,6913.00,0.00,88823.82
7.46,0.00,0.00,0.00,20.00,0.00,459.00,6917.00,0.00,87985.01
7.47,0.00,0.00,0.00,20.00,0.00,454.00,6922.00,0.00,87144.12
7.47,0.00,0.00,0.00,20.00,0.00,448.00,6928.00,0.00,86286.32
7.48,0.00,0.00,0.00,20.00,0.00,442.00,6934.00,0.00,85413.07
7.49,0.00,0.00,0.00,20.00,0.00,436.00,6940.00,0.00,84525.72
7.49,0.00,0.00,0.00,20.00,0.00,431.00,6945.00,0.00,83640.52
7.50,0.00,0.00,0.00,20.00,0.00,428.00,6948.00,0.00,82787.33
7.51,0.00,0.00,0.00,20.00,0.00,424.00,6952.00,0.00,81948.35
7.51,0.00,0.00,0.00,20.00,0.00,418.00,6958.00,0.00,81092.28
7.52,0.00,0.00,0.00,20.00,0.00,413.00,6963.00,0.00,80235.63
7.53,0.00,0.00,0.00,20.00,0.00,407.00,6969.00,0.00,79363.44
7.53,0.00,0.00,0.00,20.00,0.00,402.00,6974.00,0.00,78492.09
7.54,0.00,0.00,0.00,20.00,0.00,400.00,6976.00,0.00,77666.56
7.55,0.00,0.00,0.00,20.00,0.00,392.00,6984.00,0.00,76792.72
7.56,0.00,0.00,0.00,20.00,0.00,388.00,6988.00,0.00,75934.89
7.56,0.00,0.00,0.00,20.00,0.00,383.00,6993.00,0.00,75076.64
7.57,0.00,0.00,0.00,20.00,0.00,377.00,6999.00,0.00,74202.98
7.58,0.00,0.00,0.00,20.00,0.00,374.00,7002.00,0.00,73360.33
7.58,0.00,0.00,0.00,20.00,0.00,367.00,7009.00,0.00,72485.89
7.59,0.00,0.00,0.00,20.00,0.00,364.00,7012.00,0.00,71642.52
7.60,0.00,0.00,0.00,20.00,0.00,357.00,7019.00,0.00,70767.43
7.60,0.00,0.00,0.00,20.00,0.00,352.00,7024.00,0.00,69893.42
7.61,0.00,0.00,0.00,20.00,0.00,345.00,7031.00,0.00,68990.36
7.62,0.00,0.00,0.00,20.00,0.00,339.00,7037.00,0.00,68075.79
7.62,0.00,0.00,0.00,20.00,0.00,336.00,7040.00,0.00,67195.79
7.63,0.00,0.00,0.00,20.00,0.00,331.00,7045.00,0.00,66317.30
7.64,0.00,0.00,0.00,20.00,0.00,325.00,7051.00,0.00,65425.17
7.65,0.00,0.00,0.00,20.00,0.00,320.00,7056.00,0.00,64535.61
7.65,0.00,0.00,0.00,20.00,0.00,316.00,7060.00,0.00,63663.41
7.66,0.00,0.00,0.00,20.00,0.00,313.00,7063.00,0.00,62822.09
7.67,0.00,0.00,0.00,20.00,0.00,309.00,7067.00,0.00,61993.94
7.67,0.00,0.00,0.00,20.00,0.00,306.00,7070.00,0.00,61192.83
7.68,0.00,0.00,0.00,20.00,0.00,300.00,7076.00,0.00,60371.33
7.69,0.00,0.00,0.00,20.00,0.00,292.00,7084.00,0.00,59501.19
7.69,0.00,0.00,0.00,20.00,0.00,289.00,7087.00,0.00,58661.74
7.70,0.00,0.00,0.00,20.00,0.00,284.00,7092.00,0.00,57820.28
7.71,0.00,0.00,0.00,20.00,0.00,280.00,7096.00,0.00,56991.99
7.72,0.00,0.00,0.00,20.00,0.00,277.00,7099.00,0.00,56190.76
7.72,0.00,0.00,0.00,20.00,0.00,275.00,7101.00,0.00,55429.25
7.73,0.00,0.00,0.00,20.00,0.00,273.00,7103.00,0.00,54704.01
7.74,0.00,0.00,0.00,20.00,0.00,268.00,7108.00,0.00,53966.80
7.74,0.00,0.00,0.00,20.00,0.00,266.00,7110.00,0.00,53263.73
7.75,0.00,0.00,0.00,20.00,0.00,265.00,7111.00,0.00,52606.87
7.76,0.00,0.00,0.00,20.00,0.00,264.00,7112.00,0.00,51992.17
7.76,0.00,0.00,0.00,20.00,0.00,259.00,7117.00,0.00,51355.89
7.77,0.00,0.00,0.00,20.00,0.00,254.00,7122.00,0.00,50699.90
7.78,0.00,0.00,0.00,20.00,0.00,250.00,7126.00,0.00,50040.93
7.78,0.00,0.00,0.00,20.00,0.00,246.00,7130.00,0.00,49379.25
7.79,0.00,0.00,0.00,20.00,0.00,242.00,7134.00,0.00,48715.10
7.80,0.00,0.00,0.00,20.00,0.00,236.00,7140.00,0.00,48018.64
7.81,0.00,0.00,0.00,20.00,0.00,234.00,7142.00,0.00,47352.78
7.81,0.00,0.00,0.00,20.00,0.00,231.00,7145.00,0.00,46699.83
7.82,0.00,0.00,0.00,20.00,0.00,228.00,7148.00,0.00,46058.66
7.83,0.00,0.00,0.00,20.00,0.00,226.00,7150.00,0.00,45443.28
7.83,0.00,0.00,0.00,20.00,0.00,220.00,7156.00,0.00,44791.35
7.84,0.00,0.00,0.00,20.00,0.00,216.00,7160.00,0.00,44136.09
7.85,0.00,0.00,0.00,20.00,0.00,213.00,7163.00,0.00,43492.82
7.85,0.00,0.00,0.00,20.00,0.00,210.00,7166.00,0.00,42860.50
7.86,0.00,0.00,0.00,20.00,0.00,205.00,7171.00,0.00,42208.11
7.87,0.00,0.00,0.00,20.00,0.00,199.00,7177.00,0.00,41522.40
7.88,0.00,0.00,0.00,20.00,0.00,197.00,7179.00,0.00,40866.35
7.88,0.00,0.00,0.00,20.00,0.00,193.00,7183.00,0.00,40207.33
7.89,0.00,0.00,0.00,20.00,0.00,190.00,7186.00,0.00,39560.63
7.90,0.00,0.00,0.00,20.00,0.00,188.00,7188.00,0.00,38940.20
7.90,0.00,0.00,0.00,20.00,0.00,184.00,7192.00,0.00,38313.69
7.91,0.00,0.00,0.00,20.00,0.00,181.00,7195.00,0.00,37696.67
7.92,0.00,0.00,0.00,20.00,0.00,180.00,7196.00,0.00,37118.36
7.92,0.00,0.00,0.00,20.00,0.00,177.00,7199.00,0.00,36545.33
7.93,0.00,0.00,0.00,20.00,0.00,177.00,7199.00,0.00,36022.20
7.94,0.00,0.00,0.00,20.00,0.00,172.00,7204.00,0.00,35469.51
7.94,0.00,0.00,0.00,20.00,0.00,170.00,7206.00,0.00,34934.90
7.95,0.00,0.00,0.00,20.00,0.00,169.00,7207.00,0.00,34431.81
7.96,0.00,0.00,0.00,20.00,0.00,169.00,7207.00,0.00,33972.53
7.97,0.00,0.00,0.00,20.00,0.00,165.00,7211.00,0.00,33493.16
7.97,0.00,0.00,0.00,20.00,0.00,162.00,7214.00,0.00,33010.45
7.98,0.00,0.00,0.00,20.00,0.00,158.00,7218.00,0.00,32509.69
7.99,0.00,0.00,0.00,20.00,0.00,152.00,7224.00,0.00,31962.39
7.99,0.00,0.00,0.00,20.00,0.00,151.00,7225.00,0.00,31447.72
8.00,0.00,0.00,0.00,20.00,0.00,147.00,7229.00,0.00,30917.78
8.01,0.00,0.00,0.00,20.00,0.00,143.00,7233.00,0.00,30373.89
8.01,0.00,0.00,0.00,20.00,0.00,139.00,7237.00,0.00,29817.26
8.02,0.00,0.00,0.00,20.00,0.00,137.00,7239.00,0.00,29279.06
8.03,0.00,0.00,0.00,20.00,0.00,134.00,7242.00,0.00,28742.66
8.03,0.00,0.00,0.00,20.00,0.00,131.00,7245.00,0.00,28207.89
8.04,0.00,0.00,0.00,20.00,0.00,128.00,7248.00,0.00,27674.62
8.05,0.00,0.00,0.00,20.00,0.00,124.00,7252.00,0.00,27127.69
8.06,0.00,0.00,0.00,20.00,0.00,123.00,7253.00,0.00,26613.36
8.06,0.00,0.00,0.00,20.00,0.00,120.00,7256.00,0.00,26098.75
8.07,0.00,0.00,0.00,20.00,0.00,120.00,7256.00,0.00,25628.95
8.08,0.00,0.00,0.00,20.00,0.00,116.00,7260.00,0.00,25139.96
8.08,0.00,0.00,0.00,20.00,0.00,115.00,7261.00,0.00,24678.53
8.09,0.00,0.00,0.00,20.00,0.00,114.00,7262.00,0.00,24242.26
8.10,0.00,0.00,0.00,20.00,0.00,111.00,7265.00,0.00,23798.91
8.10,0.00,0.00,0.00,20.00,0.00,110.00,7266.00,0.00,23379.14
8.11,0.00,0.00,0.00,20.00,0.00,106.00,7270.00,0.00,22935.83
8.12,0.00,0.00,0.00,20.00,0.00,106.00,7270.00,0.00,22531.12
8.12,0.00,0.00,0.00,20.00,0.00,105.00,7271.00,0.00,22146.62
8.13,0.00,0.00,0.00,20.00,0.00,102.00,7274.00,0.00,21750.54
8.14,0.00,0.00,0.00,20.00,0.00,102.00,7274.00,0.00,21388.95
8.15,0.00,0.00,0.00,20.00,0.00,102.00,7274.00,0.00,21058.84
8.15,0.00,0.00,0.00,20.00,0.00,101.00,7275.00,0.00,20742.46
8.16,0.00,0.00,0.00,20.00,0.00,97.00,7279.00,0.00,20393.53
8.17,0.00,0.00,0.00,20.00,0.00,94.00,7282.00,0.00,20029.92
8.17,0.00,0.00,0.00,20.00,0.00,92.00,7284.00,0.00,19667.92
8.18,0.00,0.00,0.00,20.00,0.00,92.00,7284.00,0.00,19337.44
8.19,0.00,0.00,0.00,20.00,0.00,91.00,7285.00,0.00,19020.72
8.19,0.00,0.00,0.00,20.00,0.00,89.00,7287.00,0.00,18701.53
8.20,0.00,0.00,0.00,20.00,0.00,87.00,7289.00,0.00,18380.08
8.21,0.00,0.00,0.00,20.00,0.00,87.00,7289.00,0.00,18086.63
8.22,0.00,0.00,0.00,20.00,0.00,85.00,7291.00,0.00,17788.68
8.22,0.00,0.00,0.00,20.00,0.00,83.00,7293.00,0.00,17486.64
8.23,0.00,0.00,0.00,20.00,0.00,81.00,7295.00,0.00,17180.84
8.24,0.00,0.00,0.00,20.00,0.00,77.00,7299.00,0.00,16841.58
8.24,0.00,0.00,0.00,20.00,0.00,76.00,7300.00,0.00,16516.84
8.25,0.00,0.00,0.00,20.00,0.00,74.00,7302.00,0.00,16190.33
8.26,0.00,0.00,0.00,20.00,0.00,71.00,7305.00,0.00,15847.18
8.26,0.00,0.00,0.00,20.00,0.00,68.00,7308.00,0.00,15488.85
8.27,0.00,0.00,0.00,20.00,0.00,68.00,7308.00,0.00,15161.71
8.28,0.00,0.00,0.00,20.00,0.00,67.00,7309.00,0.00,14848.04
8.28,0.00,0.00,0.00,20.00,0.00,65.00,7311.00,0.00,14531.63
8.29,0.00,0.00,0.00,20.00,0.00,64.00,7312.00,0.00,14227.76
8.30,0.00,0.00,0.00,20.00,0.00,63.00,7313.00,0.00,13935.32
8.31,0.00,0.00,0.00,20.00,0.00,63.00,7313.00,0.00,13668.34
8.31,0.00,0.00,0.00,20.00,0.00,61.00,7315.00,0.00,13394.57
8.32,0.00,0.00,0.00,20.00,0.00,61.00,7315.00,0.00,13144.63
8.33,0.00,0.00,0.00,20.00,0.00,60.00,7316.00,0.00,12901.44
8.33,0.00,0.00,0.00,20.00,0.00,59.00,7317.00,0.00,12664.39
8.34,0.00,0.00,0.00,20.00,0.00,59.00,7317.00,0.00,12447.99
8.35,0.00,0.00,0.00,20.00,0.00,59.00,7317.00,0.00,12250.44
8.35,0.00,0.00,0.00,20.00,0.00,59.00,7317.00,0.00,12070.08
8.36,0.00,0.00,0.00,20.00,0.00,57.00,7319.00,0.00,11875.38
8.37,0.00,0.00,0.00,20.00,0.00,56.00,7320.00,0.00,11682.62
8.38,0.00,0.00,0.00,20.00,0.00,56.00,7320.00,0.00,11506.64
8.38,0.00,0.00,0.00,20.00,0.00,55.00,7321.00,0.00,11330.96
8.39,0.00,0.00,0.00,20.00,0.00,54.00,7322.00,0.00,11155.55
8.40,0.00,0.00,0.00,20.00,0.00,52.00,7324.00,0.00,10965.37
8.40,0.00,0.00,0.00,20.00,0.00,51.00,7325.00,0.00,10776.73
8.41,0.00,0.00,0.00,20.00,0.00,48.00,7328.00,0.00,10559.44
8.42,0.00,0.00,0.00,20.00,0.00,46.00,7330.00,0.00,10331.03
8.42,0.00,0.00,0.00,20.00,0.00,45.00,7331.00,0.00,10107.49
8.43,0.00,0.00,0.00,20.00,0.00,44.00,7332.00,0.00,9888.39
8.44,0.00,0.00,0.00,20.00,0.00,44.00,7332.00,0.00,9688.36
8.44,0.00,0.00,0.00,20.00,0.00,41.00,7335.00,0.00,9460.69
8.45,0.00,0.00,0.00,20.00,0.00,39.00,7337.00,0.00,9222.79
8.46,0.00,0.00,0.00,20.00,0.00,38.00,7338.00,0.00,8990.58
8.47,0.00,0.00,0.00,20.00,0.00,37.00,7339.00,0.00,8763.57
8.47,0.00,0.00,0.00,20.00,0.00,35.00,7341.00,0.00,8526.29
8.48,0.00,0.00,0.00,20.00,0.00,34.00,7342.00,0.00,8294.64
8.49,0.00,0.00,0.00,20.00,0.00,34.00,7342.00,0.00,8083.16
8.49,0.00,0.00,0.00,20.00,0.00,33.00,7343.00,0.00,7875.07
8.50,0.00,0.00,0.00,20.00,0.00,32.00,7344.00,0.00,7670.08
8.51,0.00,0.00,0.00,20.00,0.00,31.00,7345.00,0.00,7467.92
8.51,0.00,0.00,0.00,20.00,0.00,29.00,7347.00,0.00,7253.31
8.52,0.00,0.00,0.00,20.00,0.00,28.00,7348.00,0.00,7042.37
8.53,0.00,0.00,0.00,20.00,0.00,27.00,7349.00,0.00,6834.77
8.53,0.00,0.00,0.00,20.00,0.00,27.00,7349.00,0.00,6645.25
8.54,0.00,0.00,0.00,20.00,0.00,27.00,7349.00,0.00,6472.23
8.55,0.00,0.00,0.00,20.00,0.00,26.00,7350.00,0.00,6299.26
8.56,0.00,0.00,0.00,20.00,0.00,25.00,7351.00,0.00,6126.32
8.56,0.00,0.00,0.00,20.00,0.00,25.00,7351.00,0.00,5968.44
8.57,0.00,0.00,0.00,20.00,0.00,22.00,7354.00,0.00,5779.25
8.58,0.00,0.00,0.00,20.00,0.00,22.00,7354.00,0.00,5606.52
8.58,0.00,0.00,0.00,20.00,0.00,19.00,7357.00,0.00,5403.77
8.59,0.00,0.00,0.00,20.00,0.00,18.00,7358.00,0.00,5203.64
8.60,0.00,0.00,0.00,20.00,0.00,16.00,7360.00,0.00,4990.90
8.60,0.00,0.00,0.00,20.00,0.00,16.00,7360.00,0.00,4796.68
8.61,0.00,0.00,0.00,20.00,0.00,16.00,7360.00,0.00,4619.38
8.62,0.00,0.00,0.00,20.00,0.00,16.00,7360.00,0.00,4457.51
8.62,0.00,0.00,0.00,20.00,0.00,15.00,7361.00,0.00,4294.71
8.63,0.00,0.00,0.00,20.00,0.00,15.00,7361.00,0.00,4146.09
8.64,0.00,0.00,0.00,20.00,0.00,14.00,7362.00,0.00,3995.39
8.65,0.00,0.00,0.00,20.00,0.00,14.00,7362.00,0.00,3857.81
8.65,0.00,0.00,0.00,20.00,0.00,13.00,7363.00,0.00,3717.19
8.66,0.00,0.00,0.00,20.00,0.00,13.00,7363.00,0.00,3588.81
8.67,0.00,0.00,0.00,20.00,0.00,13.00,7363.00,0.00,3471.61
8.67,0.00,0.00,0.00,20.00,0.00,13.00,7363.00,0.00,3364.62
8.68,0.00,0.00,0.00,20.00,0.00,13.00,7363.00,0.00,3266.94
8.69,0.00,0.00,0.00,20.00,0.00,12.00,7364.00,0.00,3162.75
8.69,0.00,0.00,0.00,20.00,0.00,11.00,7365.00,0.00,3052.60
8.70,0.00,0.00,0.00,20.00,0.00,9.00,7367.00,0.00,2922.00
8.71,0.00,0.00,0.00,20.00,0.00,9.00,7367.00,0.00,2802.77
8.72,0.00,0.00,0.00,20.00,0.00,9.00,7367.00,0.00,2693.93
8.72,0.00,0.00,0.00,20.00,0.00,9.00,7367.00,0.00,2594.56
8.73,0.00,0.00,0.00,20.00,0.00,9.00,7367.00,0.00,2503.84
8.74,0.00,0.00,0.00,20.00,0.00,9.00,7367.00,0.00,2421.03
8.74,0.00,0.00,0.00,20.00,0.00,9.00,7367.00,0.00,2345.42
8.75,0.00,0.00,0.00,20.00,0.00,8.00,7368.00,0.00,2261.38
8.76,0.00,0.00,0.00,20.00,0.00,8.00,7368.00,0.00,2184.65
8.76,0.00,0.00,0.00,20.00,0.00,8.00,7368.00,0.00,2114.60
8.77,0.00,0.00,0.00,20.00,0.00,8.00,7368.00,0.00,2050.66
8.78,0.00,0.00,0.00,20.00,0.00,8.00,7368.00,0.00,1992.28
8.78,0.00,0.00,0.00,20.00,0.00,8.00,7368.00,0.00,1938.98
8.79,0.00,0.00,0.00,20.00,0.00,8.00,7368.00,0.00,1890.33
8.80,0.00,0.00,0.00,20.00,0.00,6.00,7370.00,0.00,1815.87
8.81,0.00,0.00,0.00,20.00,0.00,6.00,7370.00,0.00,1747.89
8.81,0.00,0.00,0.00,20.00,0.00,6.00,7370.00,0.00,1685.83
8.82,0.00,0.00,0.00,20.00,0.00,6.00,7370.00,0.00,1629.17
8.83,0.00,0.00,0.00,20.00,0.00,6.00,7370.00,0.00,1577.45
8.83,0.00,0.00,0.00,20.00,0.00,4.00,7372.00,0.00,1500.18
8.84,0.00,0.00,0.00,20.00,0.00,4.00,7372.00,0.00,1429.64
8.85,0.00,0.00,0.00,20.00,0.00,4.00,7372.00,0.00,1365.25
8.85,0.00,0.00,0.00,20.00,0.00,3.00,7373.00,0.00,1291.44
8.86,0.00,0.00,0.00,20.00,0.00,3.00,7373.00,0.00,1224.05
8.87,0.00,0.00,0.00,20.00,0.00,2.00,7374.00,0.00,1147.51
8.88,0.00,0.00,0.00,20.00,0.00,1.00,7375.00,0.00,1062.62
8.88,0.00,0.00,0.00,20.00,0.00,1.00,7375.00,0.00,985.11
8.89,0.00,0.00,0.00,20.00,0.00,1.00,7375.00,0.00,914.35
8.90,0.00,0.00,0.00,20.00,0.00,1.00,7375.00,0.00,849.76
8.90,0.00,0.00,0.00,20.00,0.00,1.00,7375.00,0.00,790.79
8.91,0.00,0.00,0.00,20.00,0.00,1.00,7375.00,0.00,736.95
8.92,0.00,0.00,0.00,20.00,0.00,1.00,7375.00,0.00,687.81
8.92,0.00,0.00,0.00,20.00,0.00,1.00,7375.00,0.00,642.94
8.93,0.00,0.00,0.00,20.00,0.00,1.00,7375.00,0.00,601.98
8.94,0.00,0.00,0.00,20.00,0.00,1.00,7375.00,0.00,564.58
8.94,0.00,0.00,0.00,20.00,0.00,1.00,7375.00,0.00,530.44
8.95,0.00,0.00,0.00,20.00,0.00,1.00,7375.00,0.00,499.28
8.96,0.00,0.00,0.00,20.00,0.00,1.00,7375.00,0.00,470.83
8.97,0.00,0.00,0.00,20.00,0.00,1.00,7375.00,0.00,444.85
8.97,0.00,0.00,0.00,20.00,0.00,1.00,7375.00,0.00,421.14
8.98,0.00,0.00,0.00,20.00,0.00,1.00,7375.00,0.00,399.49
8.99,0.00,0.00,0.00,20.00,0.00,1.00,7375.00,0.00,379.73
8.99,0.00,0.00,0.00,20.00,0.00,1.00,7375.00,0.00,361.69
9.00,0.00,0.00,0.00,20.00,0.00,1.00,7375.00,0.00,345.21
9.01,0.00,0.00,0.00,20.00,0.00,1.00,7375.00,0.00,330.18
9.01,0.00,0.00,0.00,20.00,0.00,1.00,7375.00,0.00,316.45
9.02,0.00,0.00,0.00,20.00,0.00,1.00,7375.00,0.00,303.92
9.03,0.00,0.00,0.00,20.00,0.00,1.00,7375.00,0.00,292.48
9.03,0.00,0.00,0.00,20.00,0.00,1.00,7375.00,0.00,282.03
9.04,0.00,0.00,0.00,20.00,0.00,1.00,7375.00,0.00,272.50
9.05,0.00,0.00,0.00,20.00,0.00,0.00,7376.00,0.00,248.77
9.06,0.00,0.00,0.00,20.00,0.00,0.00,7376.00,0.00,227.11
9.06,0.00,0.00,0.00,20.00,0.00,0.00,7376.00,0.00,207.33
9.07,0.00,0.00,0.00,20.00,0.00,0.00,7376.00,0.00,189.28
9.08,0.00,0.00,0.00,20.00,0.00,0.00,7376.00,0.00,172.80
9.08,0.00,0.00,0.00,20.00,0.00,0.00,7376.00,0.00,157.75
9.09,0.00,0.00,0.00,20.00,0.00,0.00,7376.00,0.00,144.01
9.10,0.00,0.00,0.00,20.00,0.00,0.00,7376.00,0.00,131.47
9.10,0.00,0.00,0.00,20.00,0.00,0.00,7376.00,0.00,120.03
9.11,0.00,0.00,0.00,20.00,0.00,0.00,7376.00,0.00,109.57
9.12,0.00,0.00,0.00,20.00,0.00,0.00,7376.00,0.00,100.03
9.12,0.00,0.00,0.00,20.00,0.00,0.00,7376.00,0.00,91.32
9.13,0.00,0.00,0.00,20.00,0.00,0.00,7376.00,0.00,83.37
9.14,0.00,0.00,0.00,20.00,0.00,0.00,7376.00,0.00,76.11
9.15,0.00,0.00,0.00,20.00,0.00,0.00,7376.00,0.00,69.48
9.15,0.00,0.00,0.00,20.00,0.00,0.00,7376.00,0.00,63.43
9.16,0.00,0.00,0.00,20.00,0.00,0.00,7376.00,0.00,57.91
9.17,0.00,0.00,0.00,20.00,0.00,0.00,7376.00,0.00,52.87
9.17,0.00,0.00,0.00,20.00,0.00,0.00,7376.00,0.00,48.26
9.18,0.00,0.00,0.00,20.00,0.00,0.00,7376.00,0.00,44.06
9.19,0.00,0.00,0.00,20.00,0.00,0.00,7376.00,0.00,40.22
9.19,0.00,0.00,0.00,20.00,0.00,0.00,7376.00,0.00,36.72
9.20,0.00,0.00,0.00,20.00,0.00,0.00,7376.00,0.00,33.52
9.21,0.00,0.00,0.00,20.00,0.00,0.00,7376.00,0.00,30.60
9.22,0.00,0.00,0.00,20.00,0.00,0.00,7376.00,0.00,27.94
9.22,0.00,0.00,0.00,20.00,0.00,0.00,7376.00,0.00,25.51
9.23,0.00,0.00,0.00,20.00,0.00,0.00,7376.00,0.00,23.29
9.24,0.00,0.00,0.00,20.00,0.00,0.00,7376.00,0.00,21.26
9.24,0.00,0.00,0.00,20.00,0.00,0.00,7376.00,0.00,19.41
9.25,0.00,0.00,0.00,20.00,0.00,0.00,7376.00,0.00,17.72
9.26,0.00,0.00,0.00,20.00,0.00,0.00,7376.00,0.00,16.17
9.26,0.00,0.00,0.00,20.00,0.00,0.00,7376.00,0.00,14.77
9.27,0.00,0.00,0.00,20.00,0.00,0.00,7376.00,0.00,13.48
9.28,0.00,0.00,0.00,20.00,0.00,0.00,7376.00,0.00,12.31
9.28,0.00,0.00,0.00,20.00,0.00,0.00,7376.00,0.00,11.23
9.29,0.00,0.00,0.00,20.00,0.00,0.00,7376.00,0.00,10.26
9.30,0.00,0.00,0.00,20.00,0.00,0.00,7376.00,0.00,9.36
9.31,0.00,0.00,0.00,20.00,0.00,0.00,7376.00,0.00,8.55
9.31,0.00,0.00,0.00,20.00,0.00,0.00,7376.00,0.00,7.80
9.32,0.00,0.00,0.00,20.00,0.00,0.00,7376.00,0.00,7.12
9.33,0.00,0.00,0.00,20.00,0.00,0.00,7376.00,0.00,6.50
9.33,0.00,0.00,0.00,20.00,0.00,0.00,7376.00,0.00,5.94
9.34,0.00,0.00,0.00,20.00,0.00,0.00,7376.00,0.00,5.42
9.35,0.00,0.00,0.00,20.00,0.00,0.00,7376.00,0.00,4.95
9.35,0.00,0.00,0.00,20.00,0.00,0.00,7376.00,0.00,4.52
9.36,0.00,0.00,0.00,20.00,0.00,0.00,7376.00,0.00,4.12
9.37,0.00,0.00,0.00,20.00,0.00,0.00,7376.00,0.00,3.77
9.38,0.00,0.00,0.00,20.00,0.00,0.00,7376.00,0.00,3.44
9.38,0.00,0.00,0.00,20.00,0.00,0.00,7376.00,0.00,3.14
9.39,0.00,0.00,0.00,20.00,0.00,0.00,7376.00,0.00,2.86
9.40,0.00,0.00,0.00,20.00,0.00,0.00,7376.00,0.00,2.62
9.40,0.00,0.00,0.00,20.00,0.00,0.00,7376.00,0.00,2.39
9.41,0.00,0.00,0.00,20.00,0.00,0.00,7376.00,0.00,2.18
9.42,0.00,0.00,0.00,20.00,0.00,0.00,7376.00,0.00,1.99
9.42,0.00,0.00,0.00,20.00,0.00,0.00,7376.00,0.00,1.82
9.43,0.00,0.00,0.00,20.00,0.00,0.00,7376.00,0.00,1.66
9.44,0.00,0.00,0.00,20.00,0.00,0.00,7376.00,0.00,1.51
9.44,0.00,0.00,0.00,20.00,0.00,0.00,7376.00,0.00,1.38
9.45,0.00,0.00,0.00,20.00,0.00,0.00,7376.00,0.00,1.26
9.46,0.00,0.00,0.00,20.00,0.00,0.00,7376.00,0.00,1.15
9.47,0.00,0.00,0.00,20.00,0.00,0.00,7376.00,0.00,1.05
9.47,0.00,0.00,0.00,20.00,0.00,0.00,7376.00,0.00,0.96
9.48,0.00,0.00,0.00,20.00,0.00,0.00,7376.00,0.00,0.88
9.49,0.00,0.00,0.00,20.00,0.00,0.00,7376.00,0.00,0.80
9.49,0.00,0.00,0.00,20.00,0.00,0.00,7376.00,0.00,0.73
9.50,0.00,0.00,0.00,20.00,0.00,0.00,7376.00,0.00,0.67
9.51,0.00,0.00,0.00,20.00,0.00,0.00,7376.00,0.00,0.61
9.51,0.00,0.00,0.00,20.00,0.00,0.00,7376.00,0.00,0.56
9.52,0.00,0.00,0.00,20.00,0.00,0.00,7376.00,0.00,0.51
9.53,0.00,0.00,0.00,20.00,0.00,0.00,7376.00,0.00,0.46
9.53,0.00,0.00,0.00,20.00,0.00,0.00,7376.00,0.00,0.42
9.54,0.00,0.00,0.00,20.00,0.00,0.00,7376.00,0.00,0.39
9.55,0.00,0.00,0.00,20.00,0.00,0.00,7376.00,0.00,0.35
9.56,0.00,0.00,0.00,20.00,0.00,0.00,7376.00,0.00,0.32
9.56,0.00,0.00,0.00,20.00,0.00,0.00,7376.00,0.00,0.29
9.57,0.00,0.00,0.00,20.00,0.00,0.00,7376.00,0.00,0.27
9.58,0.00,0.00,0.00,20.00,0.00,0.00,7376.00,0.00,0.24
9.58,0.00,0.00,0.00,20.00,0.00,0.00,7376.00,0.00,0.22
9.59,0.00,0.00,0.00,20.00,0.00,0.00,7376.00,0.00,0.20
9.60,0.00,0.00,0.00,20.00,0.00,0.00,7376.00,0.00,0.19
9.60,0.00,0.00,0.00,20.00,0.00,0.00,7376.00,0.00,0.17
9.61,0.00,0.00,0.00,20.00,0.00,0.00,7376.00,0.00,0.16
9.62,0.00,0.00,0.00,20.00,0.00,0.00,7376.00,0.00,0.14
9.62,0.00,0.00,0.00,20.00,0.00,0.00,7376.00,0.00,0.13
9.63,0.00,0.00,0.00,20.00,0.00,0.00,7376.00,0.00,0.12
9.64,0.00,0.00,0.00,20.00,0.00,0.00,7376.00,0.00,0.11
9.65,0.00,0.00,0.00,20.00,0.00,0.00,7376.00,0.00,0.10
9.65,0.00,0.00,0.00,20.00,0.00,0.00,7376.00,0.00,0.09
9.66,0.00,0.00,0.00,20.00,0.00,0.00,7376.00,0.00,0.08
9.67,0.00,0.00,0.00,20.00,0.00,0.00,7376.00,0.00,0.07
9.67,0.00,0.00,0.00,20.00,0.00,0.00,7376.00,0.00,0.07
9.68,0.00,0.00,0.00,20.00,0.00,0.00,7376.00,0.00,0.06
9.69,0.00,0.00,0.00,20.00,0.00,0.00,7376.00,0.00,0.06
9.69,0.00,0.00,0.00,20.00,0.00,0.00,7376.00,0.00,0.05
9.70,0.00,0.00,0.00,20.00,0.00,0.00,7376.00,0.00,0.05
9.71,0.00,0.00,0.00,20.00,0.00,0.00,7376.00,0.00,0.04
9.72,0.00,0.00,0.00,20.00,0.00,0.00,7376.00,0.00,0.04
9.72,0.00,0.00,0.00,20.00,0.00,0.00,7376.00,0.00,0.04
9.73,0.00,0.00,0.00,20.00,0.00,0.00,7376.00,0.00,0.03
9.74,0.00,0.00,0.00,20.00,0.00,0.00,7376.00,0.00,0.03
9.74,0.00,0.00,0.00,20.00,0.00,0.00,7376.00,0.00,0.03
9.75,0.00,0.00,0.00,20.00,0.00,0.00,7376.00,0.00,0.03
9.76,0.00,0.00,0.00,20.00,0.00,0.00,7376.00,0.00,0.02
9.76,0.00,0.00,0.00,20.00,0.00,0.00,7376.00,0.00,0.02
9.77,0.00,0.00,0.00,20.00,0.00,0.00,7376.00,0.00,0.02
9.78,0.00,0.00,0.00,20.00,0.00,0.00,7376.00,0.00,0.02
9.78,0.00,0.00,0.00,20.00,0.00,0.00,7376.00,0.00,0.02
9.79,0.00,0.00,0.00,20.00,0.00,0.00,7376.00,0.00,0.01
9.80,0.00,0.00,0.00,20.00,0.00,0.00,7376.00,0.00,0.01
9.81,0.00,0.00,0.00,20.00,0.00,0.00,7376.00,0.00,0.01
9.81,0.00,0.00,0.00,20.00,0.00,0.00,7376.00,0.00,0.01
9.82,0.00,0.00,0.00,20.00,0.00,0.00,7376.00,0.00,0.01
9.83,0.00,0.00,0.00,20.00,0.00,0.00,7376.00,0.00,0.01
9.83,0.00,0.00,0.00,20.00,0.00,0.00,7376.00,0.00,0.01
9.84,0.00,0.00,0.00,20.00,0.00,0.00,7376.00,0.00,0.01
9.85,0.00,0.00,0.00,20.00,0.00,0.00,7376.00,0.00,0.01
9.85,0.00,0.00,0.00,20.00,0.00,0.00,7376.00,0.00,0.01
9.86,0.00,0.00,0.00,20.00,0.00,0.00,7376.00,0.00,0.01
9.87,0.00,0.00,0.00,20.00,0.00,0.00,7376.00,0.00,0.01
9.88,0.00,0.00,0.00,20.00,0.00,0.00,7376.00,0.00,0.00
9.88,0.00,0.00,0.00,20.00,0.00,0.00,7376.00,0.00,0.00
9.89,0.00,0.00,0.00,20.00,0.00,0.00,7376.00,0.00,0.00
9.90,0.00,0.00,0.00,20.00,0.00,0.00,7376.00,0.00,0.00
9.90,0.00,0.00,0.00,20.00,0.00,0.00,7376.00,0.00,0.00
9.91,0.00,0.00,0.00,20.00,0.00,0.00,7376.00,0.00,0.00
9.92,0.00,0.00,0.00,20.00,0.00,0.00,7376.00,0.00,0.00
9.92,0.00,0.00,0.00,20.00,0.00,0.00,7376.00,0.00,0.00
9.93,0.00,0.00,0.00,20.00,0.00,0.00,7376.00,0.00,0.00
9.94,0.00,0.00,0.00,20.00,0.00,0.00,7376.00,0.00,0.00
9.94,0.00,0.00,0.00,20.00,0.00,0.00,7376.00,0.00,0.00
9.95,0.00,0.00,0.00,20.00,0.00,0.00,7376.00,0.00,0.00
9.96,0.00,0.00,0.00,20.00,0.00,0.00,7376.00,0.00,0.00
9.97,0.00,0.00,0.00,20.00,0.00,0.00,7376.00,0.00,0.00
9.97,0.00,0.00,0.00,20.00,0.00,0.00,7376.00,0.00,0.00
9.98,0.00,0.00,0.00,20.00,0.00,0.00,7376.00,0.00,0.00
9.99,0.00,0.00,0.00,20.00,0.00,0.00,7376.00,0.00,0.00
9.99,0.00,0.00,0.00,20.00,0.00,0.00,7376.00,0.00,0.00
