Time,U,AI1,AI2,AD,BI2,BI2,BD,VA,VB
0.00,7395.00,0.00,0.00,0.00,1.00,0.00,0.00,75.00,75.00
0.01,7394.00,0.00,0.00,0.00,2.00,0.00,0.00,68.47,68.47
0.01,7394.00,0.00,0.00,0.00,2.00,0.00,0.00,62.51,62.51
0.02,7391.00,1.00,0.00,0.00,4.00,0.00,0.00,57.06,57.06
0.03,7390.00,1.00,0.00,0.00,5.00,0.00,0.00,52.10,52.10
0.03,7390.00,1.00,0.00,0.00,4.00,1.00,0.00,47.56,62.58
0.04,7390.00,1.00,0.00,0.00,4.00,1.00,0.00,43.42,72.16
0.05,7388.00,1.00,0.00,0.00,5.00,2.00,0.00,39.64,95.92
0.06,7386.00,1.00,0.00,0.00,7.00,2.00,0.00,36.19,117.61
0.06,7382.00,2.00,0.00,0.00,10.00,2.00,0.00,33.03,137.42
0.07,7378.00,4.00,0.00,0.00,11.00,2.00,1.00,30.16,155.50
0.08,7377.00,5.00,0.00,0.00,10.00,3.00,1.00,27.53,187.03
0.08,7375.00,5.00,0.00,0.00,12.00,3.00,1.00,25.13,215.81
0.09,7374.00,5.00,0.00,0.00,13.00,3.00,1.00,22.95,242.09
0.10,7374.00,4.00,1.00,0.00,13.00,3.00,1.00,22.45,266.08
0.10,7372.00,4.00,1.00,0.00,15.00,3.00,1.00,22.00,287.98
0.11,7367.00,3.00,2.00,0.00,19.00,4.00,1.00,23.09,323.00
0.12,7365.00,3.00,2.00,0.00,21.00,4.00,1.00,24.08,354.96
0.12,7363.00,3.00,2.00,0.00,23.00,4.00,1.00,24.99,384.15
0.13,7361.00,3.00,2.00,0.00,25.00,4.00,1.00,25.82,410.79
0.14,7360.00,3.00,2.00,0.00,26.00,4.00,1.00,26.57,435.11
0.15,7358.00,3.00,2.00,0.00,24.00,8.00,1.00,27.26,517.41
0.15,7353.00,4.00,2.00,0.00,27.00,9.00,1.00,27.90,607.56
0.16,7350.00,4.00,2.00,0.00,29.00,10.00,1.00,28.47,704.89
0.17,7346.00,5.00,2.00,0.00,31.00,11.00,1.00,29.00,808.77
0.17,7343.00,5.00,2.00,0.00,32.00,12.00,2.00,29.48,918.62
0.18,7336.00,6.00,2.00,0.00,38.00,12.00,2.00,29.91,1018.91
0.19,7330.00,6.00,2.00,0.00,43.00,13.00,2.00,30.31,1125.49
0.19,7324.00,6.00,2.00,0.00,49.00,13.00,2.00,30.68,1222.78
0.20,7318.00,6.00,2.00,0.00,53.00,15.00,2.00,31.01,1341.66
0.21,7312.00,6.00,2.00,0.00,58.00,16.00,2.00,31.32,1465.20
0.22,7304.00,6.00,2.00,0.00,62.00,19.00,3.00,31.59,1623.05
0.22,7299.00,7.00,2.00,0.00,64.00,21.00,3.00,31.85,1797.21
0.23,7290.00,7.00,2.00,0.00,70.00,24.00,3.00,32.08,2001.27
0.24,7281.00,7.00,2.00,0.00,79.00,23.00,4.00,32.29,2172.54
0.24,7272.00,7.00,2.00,0.00,88.00,23.00,4.00,32.48,2328.90
0.25,7267.00,7.00,2.00,0.00,84.00,32.00,4.00,32.66,2606.85
0.26,7261.00,8.00,2.00,0.00,85.00,34.00,6.00,32.82,2890.64
0.26,7252.00,8.00,2.00,0.00,89.00,39.00,6.00,32.97,3224.84
0.27,7246.00,6.00,4.00,0.00,90.00,42.00,8.00,36.11,3575.00
0.28,7234.00,7.00,4.00,0.00,101.00,42.00,8.00,38.97,3894.68
0.28,7218.00,8.00,4.00,0.00,113.00,44.00,9.00,41.59,4216.56
0.29,7204.00,8.00,4.00,0.00,127.00,43.00,10.00,43.97,4495.39
0.30,7192.00,8.00,4.00,0.00,137.00,43.00,12.00,46.15,4749.95
0.31,7174.00,8.00,4.00,0.00,150.00,47.00,13.00,48.15,5042.43
0.31,7159.00,9.00,5.00,0.00,160.00,49.00,14.00,51.46,5339.49
0.32,7144.00,8.00,6.00,0.00,172.00,50.00,16.00,56.00,5625.70
0.33,7132.00,8.00,6.00,0.00,181.00,51.00,18.00,60.13,5902.02
0.33,7125.00,9.00,7.00,0.00,182.00,53.00,20.00,65.41,6184.32
0.34,7113.00,10.00,6.00,1.00,187.00,57.00,22.00,68.73,6502.13
0.35,7095.00,10.00,6.00,1.00,200.00,61.00,23.00,71.76,6852.36
0.35,7075.00,11.00,6.00,1.00,212.00,67.00,24.00,74.53,7262.24
0.36,7056.00,12.00,6.00,1.00,225.00,70.00,26.00,77.05,7681.49
0.37,7045.00,12.00,6.00,1.00,228.00,73.00,31.00,79.36,8109.30
0.38,7025.00,12.00,6.00,1.00,239.00,79.00,34.00,81.46,8590.00
0.38,7007.00,13.00,6.00,1.00,249.00,83.00,37.00,83.38,9088.94
0.39,6998.00,14.00,6.00,1.00,248.00,88.00,41.00,85.13,9619.55
0.40,6976.00,14.00,6.00,1.00,258.00,98.00,43.00,86.73,10254.18
0.40,6945.00,15.00,6.00,1.00,283.00,99.00,47.00,88.20,10848.58
0.41,6914.00,16.00,7.00,1.00,304.00,106.00,48.00,91.03,11496.38
0.42,6889.00,17.00,8.00,1.00,318.00,109.00,54.00,95.12,12132.84
0.42,6865.00,16.00,8.00,2.00,331.00,117.00,57.00,98.86,12834.07
0.43,6836.00,17.00,8.00,2.00,346.00,127.00,60.00,102.27,13624.47
0.44,6816.00,17.00,8.00,2.00,354.00,138.00,61.00,105.38,14511.29
0.44,6796.00,17.00,8.00,2.00,362.00,146.00,65.00,108.23,15441.08
0.45,6767.00,16.00,9.00,2.00,376.00,160.00,66.00,112.32,16500.24
0.46,6741.00,16.00,10.00,2.00,389.00,170.00,68.00,117.56,17617.39
0.47,6706.00,18.00,10.00,2.00,412.00,177.00,71.00,122.35,18742.43
0.47,6677.00,17.00,11.00,2.00,432.00,186.00,71.00,128.22,19904.72
0.48,6644.00,17.00,11.00,2.00,454.00,195.00,73.00,133.58,21101.01
0.49,6614.00,18.00,11.00,2.00,473.00,199.00,79.00,138.48,22253.22
0.49,6582.00,20.00,11.00,2.00,488.00,210.00,83.00,142.94,23470.35
0.50,6534.00,22.00,11.00,2.00,521.00,217.00,89.00,147.02,24686.67
0.51,6497.00,25.00,11.00,2.00,541.00,227.00,93.00,150.75,25947.30
0.51,6459.00,28.00,10.00,4.00,558.00,242.00,95.00,152.64,27323.51
0.52,6422.00,28.00,11.00,4.00,582.00,249.00,100.00,155.88,28685.05
0.53,6382.00,28.00,12.00,4.00,610.00,259.00,101.00,160.33,30078.26
0.53,6352.00,29.00,12.00,4.00,624.00,272.00,103.00,164.40,31545.45
0.54,6326.00,28.00,14.00,4.00,623.00,295.00,106.00,171.12,33230.42
0.55,6296.00,28.00,15.00,4.00,632.00,308.00,113.00,178.75,34963.97
0.56,6257.00,28.00,14.00,5.00,653.00,324.00,115.00,184.22,36786.94
0.56,6228.00,27.00,15.00,5.00,663.00,337.00,121.00,190.71,38646.48
0.57,6186.00,27.00,16.00,5.00,687.00,348.00,127.00,198.14,40509.34
0.58,6145.00,27.00,17.00,5.00,699.00,370.00,133.00,206.43,42540.51
0.58,6100.00,29.00,17.00,5.00,721.00,389.00,135.00,213.99,44680.25
0.59,6053.00,30.00,16.00,7.00,744.00,407.00,139.00,219.40,46904.08
0.60,6014.00,30.00,17.00,7.00,761.00,424.00,143.00,225.83,49189.67
0.60,5969.00,29.00,14.00,11.00,776.00,447.00,150.00,227.20,51621.76
0.61,5925.00,30.00,14.00,11.00,799.00,464.00,153.00,228.45,54097.48
0.62,5874.00,32.00,14.00,11.00,824.00,486.00,155.00,229.59,56688.12
0.62,5826.00,30.00,16.00,11.00,851.00,501.00,161.00,233.63,59278.53
0.63,5778.00,30.00,16.00,11.00,872.00,524.00,165.00,237.33,61988.91
0.64,5726.00,30.00,18.00,11.00,889.00,552.00,170.00,243.70,64883.93
0.65,5667.00,31.00,20.00,11.00,919.00,571.00,177.00,252.53,67812.30
0.65,5615.00,31.00,19.00,12.00,946.00,590.00,183.00,259.08,70771.12
0.66,5566.00,31.00,20.00,13.00,959.00,618.00,189.00,266.57,73892.95
0.67,5520.00,27.00,24.00,13.00,986.00,632.00,194.00,279.41,76953.26
0.67,5475.00,27.00,24.00,13.00,1001.00,656.00,200.00,291.14,80107.65
0.68,5425.00,28.00,25.00,13.00,1016.00,683.00,206.00,303.34,83392.99
0.69,5368.00,29.00,25.00,13.00,1049.00,701.00,211.00,314.49,86662.67
0.69,5325.00,30.00,26.00,13.00,1054.00,732.00,216.00,326.16,90113.36
0.70,5249.00,31.00,25.00,14.00,1103.00,753.00,221.00,335.32,93579.06
0.71,5209.00,31.00,25.00,15.00,1116.00,775.00,225.00,343.68,97073.49
0.72,5145.00,31.00,26.00,16.00,1141.00,808.00,229.00,352.81,100759.41
0.72,5089.00,35.00,23.00,19.00,1161.00,835.00,234.00,356.65,104529.99
0.73,5025.00,38.00,22.00,20.00,1184.00,868.00,239.00,358.64,108468.01
0.74,4959.00,39.00,22.00,20.00,1219.00,896.00,241.00,360.46,112483.77
0.74,4906.00,40.00,22.00,20.00,1242.00,917.00,249.00,362.13,116465.33
0.75,4839.00,42.00,22.00,21.00,1261.00,957.00,254.00,363.64,120701.13
0.76,4779.00,43.00,22.00,22.00,1272.00,999.00,259.00,365.03,125199.06
0.76,4704.00,44.00,22.00,22.00,1309.00,1030.00,265.00,366.30,129771.04
0.77,4640.00,46.00,23.00,22.00,1340.00,1057.00,268.00,368.95,134350.54
0.78,4577.00,45.00,25.00,22.00,1366.00,1091.00,270.00,374.38,139042.06
0.78,4515.00,47.00,24.00,23.00,1386.00,1125.00,276.00,377.84,143835.85
0.79,4448.00,48.00,23.00,25.00,1411.00,1157.00,284.00,379.49,148692.95
0.80,4381.00,48.00,23.00,26.00,1446.00,1183.00,289.00,381.00,153517.72
0.81,4318.00,48.00,23.00,26.00,1473.00,1212.00,296.00,382.38,158358.04
0.81,4252.00,49.00,24.00,27.00,1487.00,1255.00,302.00,385.14,163422.87
0.82,4192.00,49.00,22.00,29.00,1512.00,1283.00,309.00,384.65,168467.33
0.83,4130.00,47.00,25.00,29.00,1522.00,1331.00,312.00,388.72,173793.65
0.83,4070.00,45.00,29.00,29.00,1540.00,1370.00,313.00,398.44,179242.07
0.84,4001.00,46.00,30.00,29.00,1562.00,1413.00,315.00,408.81,184862.06
0.85,3942.00,46.00,31.00,30.00,1580.00,1447.00,320.00,419.78,190503.47
0.85,3874.00,46.00,31.00,31.00,1612.00,1465.00,337.00,429.80,195924.07
0.86,3811.00,45.00,31.00,32.00,1630.00,1506.00,341.00,438.95,201488.61
0.87,3748.00,46.00,29.00,35.00,1652.00,1537.00,349.00,444.29,207034.33
0.88,3678.00,48.00,29.00,35.00,1682.00,1564.00,360.00,449.17,212502.77
0.88,3628.00,49.00,28.00,37.00,1666.00,1619.00,369.00,452.13,218321.31
0.89,3561.00,49.00,29.00,37.00,1683.00,1665.00,372.00,456.32,224324.27
0.90,3493.00,48.00,31.00,38.00,1700.00,1711.00,375.00,463.16,230495.57
0.90,3418.00,48.00,30.00,39.00,1714.00,1763.00,384.00,467.90,236910.70
0.91,3339.00,45.00,33.00,39.00,1743.00,1802.00,395.00,476.73,243353.14
0.92,3290.00,47.00,32.00,40.00,1746.00,1838.00,403.00,483.30,249775.42
0.92,3223.00,48.00,32.00,41.00,1761.00,1885.00,406.00,489.29,256344.56
0.93,3145.00,47.00,34.00,41.00,1783.00,1932.00,414.00,497.76,263047.78
0.94,3084.00,49.00,34.00,41.00,1785.00,1982.00,421.00,505.50,269918.46
0.94,3019.00,47.00,36.00,43.00,1791.00,2031.00,429.00,515.56,276927.00
0.95,2959.00,48.00,34.00,45.00,1807.00,2069.00,434.00,521.75,283896.14
0.96,2885.00,47.00,34.00,46.00,1831.00,2115.00,438.00,527.39,290949.51
0.97,2825.00,47.00,36.00,46.00,1842.00,2152.00,448.00,535.55,297944.55
0.97,2760.00,47.00,36.00,47.00,1854.00,2201.00,451.00,543.00,305066.62
0.98,2674.00,45.00,39.00,47.00,1886.00,2243.00,462.00,554.31,312199.51
0.99,2607.00,46.00,39.00,47.00,1899.00,2286.00,472.00,564.63,319357.28
0.99,2534.00,44.00,39.00,49.00,1921.00,2329.00,480.00,574.06,326537.78
1.00,2492.00,43.00,40.00,49.00,1905.00,2381.00,486.00,584.16,333874.23
1.01,2412.00,43.00,42.00,49.00,1932.00,2427.00,491.00,596.39,341262.91
1.01,2354.00,42.00,43.00,49.00,1926.00,2482.00,500.00,609.06,348834.49
1.02,2291.00,44.00,41.00,51.00,1939.00,2526.00,504.00,617.62,356407.79
1.03,2213.00,43.00,40.00,53.00,1948.00,2587.00,512.00,623.93,364238.04
1.03,2164.00,43.00,41.00,54.00,1933.00,2645.00,516.00,631.20,372257.81
1.04,2089.00,44.00,42.00,54.00,1951.00,2692.00,524.00,639.33,380285.33
1.05,2037.00,46.00,41.00,55.00,1948.00,2741.00,528.00,645.26,388349.98
1.06,1981.00,47.00,41.00,55.00,1958.00,2779.00,535.00,650.67,396283.28
1.06,1906.00,48.00,39.00,57.00,1971.00,2836.00,539.00,652.60,404382.09
1.07,1853.00,48.00,41.00,57.00,1963.00,2890.00,544.00,657.37,412586.94
1.08,1812.00,49.00,41.00,57.00,1942.00,2941.00,554.00,661.72,420843.52
1.08,1759.00,50.00,41.00,57.00,1928.00,2997.00,564.00,665.70,429222.44
1.09,1709.00,48.00,43.00,57.00,1920.00,3043.00,576.00,672.33,437562.83
1.10,1654.00,49.00,42.00,58.00,1917.00,3088.00,588.00,676.88,445853.01
1.10,1599.00,50.00,41.00,59.00,1913.00,3140.00,594.00,679.54,454202.52
1.11,1540.00,51.00,41.00,60.00,1911.00,3196.00,597.00,681.96,462666.27
1.12,1501.00,51.00,40.00,62.00,1887.00,3253.00,602.00,682.67,471249.36
1.12,1446.00,51.00,40.00,63.00,1880.00,3305.00,611.00,683.32,479866.27
1.13,1394.00,50.00,40.00,64.00,1877.00,3353.00,618.00,683.91,488453.96
1.14,1354.00,49.00,41.00,64.00,1855.00,3404.00,629.00,685.95,497060.05
1.15,1308.00,50.00,41.00,64.00,1854.00,3441.00,638.00,687.82,505472.61
1.15,1269.00,48.00,43.00,64.00,1849.00,3474.00,649.00,692.53,513648.40
1.16,1231.00,47.00,42.00,66.00,1829.00,3524.00,657.00,695.32,521863.43
1.17,1180.00,48.00,41.00,67.00,1821.00,3578.00,661.00,696.37,530174.38
1.17,1140.00,47.00,42.00,67.00,1806.00,3624.00,670.00,698.83,538452.71
1.18,1098.00,46.00,41.00,70.00,1801.00,3658.00,682.00,699.57,546520.98
1.19,1048.00,46.00,40.00,71.00,1798.00,3705.00,688.00,698.75,554592.78
1.19,1012.00,45.00,39.00,73.00,1769.00,3765.00,693.00,696.50,562863.11
1.20,964.00,44.00,41.00,73.00,1774.00,3801.00,699.00,697.44,570954.13
1.21,920.00,46.00,41.00,73.00,1773.00,3838.00,705.00,698.31,578896.47
1.22,888.00,45.00,42.00,73.00,1748.00,3890.00,710.00,700.60,586928.42
1.22,859.00,44.00,42.00,74.00,1727.00,3929.00,721.00,702.69,594846.88
1.23,814.00,42.00,43.00,75.00,1725.00,3971.00,726.00,706.10,602706.81
1.24,779.00,41.00,43.00,76.00,1707.00,4019.00,731.00,709.22,610603.44
1.24,747.00,40.00,44.00,76.00,1681.00,4070.00,738.00,713.56,618578.63
1.25,715.00,36.00,47.00,77.00,1674.00,4102.00,745.00,722.04,626340.12
1.26,684.00,34.00,48.00,78.00,1650.00,4151.00,751.00,731.28,634161.91
1.26,652.00,32.00,50.00,78.00,1636.00,4191.00,757.00,742.71,641903.52
1.27,617.00,31.00,50.00,79.00,1629.00,4227.00,763.00,753.16,649511.87
1.28,584.00,30.00,48.00,82.00,1631.00,4248.00,773.00,759.69,656773.19
1.28,547.00,29.00,47.00,84.00,1625.00,4282.00,782.00,764.15,663913.01
1.29,526.00,29.00,47.00,84.00,1602.00,4322.00,786.00,768.22,671032.05
1.30,484.00,28.00,47.00,85.00,1597.00,4359.00,796.00,771.93,678087.05
1.31,452.00,27.00,48.00,86.00,1583.00,4397.00,803.00,776.83,685098.60
1.31,422.00,27.00,48.00,86.00,1563.00,4437.00,813.00,781.29,692100.54
1.32,395.00,27.00,46.00,88.00,1552.00,4467.00,821.00,782.37,698943.47
1.33,372.00,25.00,47.00,89.00,1535.00,4496.00,832.00,784.85,705626.22
1.33,356.00,24.00,46.00,91.00,1503.00,4533.00,843.00,785.62,712282.92
1.34,336.00,23.00,47.00,92.00,1476.00,4574.00,848.00,787.82,718975.93
1.35,313.00,22.00,45.00,95.00,1452.00,4616.00,853.00,786.82,725717.11
1.35,294.00,21.00,46.00,95.00,1423.00,4660.00,857.00,787.41,732532.31
1.36,275.00,21.00,46.00,95.00,1402.00,4691.00,866.00,787.95,739219.78
1.37,253.00,19.00,47.00,96.00,1367.00,4742.00,872.00,789.95,746091.12
1.38,235.00,19.00,46.00,97.00,1343.00,4772.00,884.00,790.27,752814.82
1.38,224.00,19.00,46.00,97.00,1319.00,4797.00,894.00,790.56,759328.63
1.39,208.00,19.00,45.00,98.00,1303.00,4822.00,901.00,789.33,765650.82
1.40,195.00,19.00,45.00,98.00,1279.00,4854.00,906.00,788.20,771903.23
1.40,178.00,18.00,44.00,100.00,1268.00,4876.00,912.00,785.67,777941.72
1.41,159.00,18.00,43.00,101.00,1252.00,4903.00,920.00,781.86,783860.03
1.42,146.00,18.00,40.00,104.00,1235.00,4929.00,924.00,773.87,789653.60
1.42,134.00,18.00,38.00,106.00,1205.00,4958.00,937.00,763.57,795378.35
1.43,123.00,18.00,37.00,107.00,1190.00,4978.00,943.00,752.67,800905.08
1.44,114.00,18.00,37.00,107.00,1170.00,4999.00,951.00,742.71,806266.05
1.44,101.00,18.00,37.00,107.00,1152.00,5024.00,957.00,733.63,811535.79
1.45,89.00,18.00,36.00,108.00,1135.00,5043.00,967.00,723.83,816632.09
1.46,82.00,17.00,36.00,109.00,1110.00,5061.00,981.00,714.88,821555.05
1.47,70.00,16.00,37.00,109.00,1088.00,5084.00,992.00,708.22,826394.87
1.47,63.00,14.00,39.00,109.00,1064.00,5108.00,999.00,705.14,831173.81
1.48,54.00,14.00,39.00,109.00,1028.00,5147.00,1005.00,702.33,836122.52
1.49,47.00,14.00,38.00,110.00,1006.00,5169.00,1012.00,698.26,840970.83
1.49,38.00,14.00,37.00,111.00,992.00,5185.00,1019.00,693.05,845637.33
1.50,36.00,14.00,37.00,111.00,974.00,5194.00,1030.00,688.28,850032.70
1.51,30.00,12.00,36.00,114.00,952.00,5218.00,1034.00,682.43,854405.90
1.51,27.00,11.00,36.00,115.00,925.00,5241.00,1041.00,677.09,858743.82
1.52,25.00,10.00,37.00,115.00,896.00,5259.00,1054.00,673.72,862974.44
1.53,21.00,8.00,36.00,118.00,873.00,5277.00,1063.00,669.14,867107.09
1.53,17.00,8.00,35.00,119.00,847.00,5299.00,1071.00,663.45,871210.38
1.54,13.00,8.00,35.00,119.00,830.00,5312.00,1079.00,658.26,875151.68
1.55,10.00,8.00,34.00,120.00,813.00,5327.00,1084.00,652.02,878975.14
1.56,8.00,7.00,34.00,121.00,789.00,5348.00,1089.00,646.33,882781.15
1.56,7.00,7.00,34.00,121.00,770.00,5359.00,1098.00,641.13,886421.00
1.57,4.00,7.00,32.00,123.00,754.00,5372.00,1104.00,633.37,889939.21
1.58,4.00,7.00,31.00,124.00,729.00,5392.00,1109.00,624.79,893451.53
1.58,2.00,7.00,30.00,125.00,713.00,5407.00,1112.00,615.46,896883.35
1.59,2.00,7.00,28.00,127.00,686.00,5426.00,1120.00,603.93,900301.79
1.60,1.00,7.00,27.00,128.00,662.00,5443.00,1128.00,591.91,903677.96
1.60,1.00,7.00,27.00,128.00,643.00,5454.00,1136.00,580.93,906925.40
1.61,1.00,7.00,26.00,129.00,625.00,5467.00,1141.00,569.40,910085.36
1.62,1.00,7.00,26.00,129.00,608.00,5477.00,1148.00,558.88,913120.40
1.62,1.00,7.00,26.00,129.00,592.00,5481.00,1160.00,549.28,915951.25
1.63,1.00,7.00,25.00,130.00,572.00,5493.00,1168.00,539.01,918715.88
1.64,0.00,7.00,25.00,130.00,558.00,5492.00,1184.00,529.63,921224.76
1.65,0.00,7.00,25.00,130.00,541.00,5503.00,1190.00,521.07,923680.42
1.65,0.00,6.00,26.00,130.00,527.00,5510.00,1197.00,514.76,926027.42
1.66,0.00,6.00,26.00,130.00,508.00,5514.00,1212.00,508.99,928230.14
1.67,0.00,6.00,26.00,130.00,497.00,5519.00,1218.00,503.73,930316.17
1.67,0.00,6.00,26.00,130.00,483.00,5524.00,1227.00,498.93,932295.68
1.68,0.00,4.00,27.00,131.00,472.00,5531.00,1231.00,496.05,934207.98
1.69,0.00,4.00,26.00,132.00,455.00,5537.00,1242.00,491.91,936043.90
1.69,0.00,4.00,26.00,132.00,441.00,5547.00,1246.00,488.14,937870.19
1.70,0.00,4.00,26.00,132.00,431.00,5550.00,1253.00,484.69,939582.53
1.71,0.00,4.00,25.00,133.00,419.00,5548.00,1267.00,480.05,941115.71
1.72,0.00,4.00,24.00,134.00,403.00,5559.00,1272.00,474.30,942680.65
1.72,0.00,4.00,23.00,135.00,394.00,5560.00,1280.00,467.55,944124.34
1.73,0.00,4.00,22.00,136.00,386.00,5561.00,1287.00,459.89,945457.34
1.74,0.00,4.00,21.00,137.00,379.00,5559.00,1296.00,451.40,946644.22
1.74,0.00,4.00,21.00,137.00,369.00,5561.00,1304.00,443.64,947757.80
1.75,0.00,4.00,21.00,137.00,354.00,5569.00,1311.00,436.56,948894.60
1.76,0.00,4.00,21.00,137.00,343.00,5575.00,1316.00,430.09,950022.55
1.76,0.00,4.00,21.00,137.00,334.00,5575.00,1325.00,424.19,951052.28
1.77,0.00,4.00,21.00,137.00,328.00,5573.00,1333.00,418.80,951962.30
1.78,0.00,4.00,21.00,137.00,323.00,5569.00,1342.00,413.88,952732.99
1.78,0.00,3.00,22.00,137.00,316.00,5567.00,1351.00,410.89,953406.52
1.79,0.00,3.00,22.00,137.00,304.00,5571.00,1359.00,408.17,954081.50
1.80,0.00,3.00,22.00,137.00,300.00,5567.00,1367.00,405.68,954637.61
1.81,0.00,3.00,21.00,138.00,293.00,5567.00,1374.00,401.90,955145.30
1.81,0.00,3.00,20.00,139.00,287.00,5565.00,1382.00,396.95,955578.73
1.82,0.00,2.00,21.00,139.00,278.00,5569.00,1387.00,393.93,956034.51
1.83,0.00,2.00,21.00,139.00,264.00,5577.00,1393.00,391.18,956570.79
1.83,0.00,2.00,20.00,140.00,257.00,5575.00,1402.00,387.16,957030.33
1.84,0.00,2.00,20.00,140.00,249.00,5575.00,1410.00,383.50,957449.85
1.85,0.00,2.00,20.00,140.00,243.00,5578.00,1413.00,380.15,957877.91
1.85,0.00,2.00,20.00,140.00,238.00,5573.00,1423.00,377.09,958193.59
1.86,0.00,2.00,20.00,140.00,231.00,5575.00,1428.00,374.30,958511.82
1.87,0.00,2.00,20.00,140.00,226.00,5574.00,1434.00,371.76,958787.31
1.88,0.00,2.00,20.00,140.00,221.00,5574.00,1439.00,369.43,959038.82
1.88,0.00,2.00,20.00,140.00,212.00,5576.00,1446.00,367.31,959298.48
1.89,0.00,2.00,20.00,140.00,203.00,5576.00,1455.00,365.37,959535.52
1.90,0.00,2.00,19.00,141.00,201.00,5572.00,1461.00,362.10,959691.83
1.90,0.00,2.00,18.00,142.00,196.00,5569.00,1469.00,357.61,959789.46
1.91,0.00,2.00,18.00,142.00,192.00,5569.00,1473.00,353.51,959878.59
1.92,0.00,2.00,18.00,142.00,184.00,5574.00,1476.00,349.77,960035.07
1.92,0.00,2.00,18.00,142.00,177.00,5570.00,1487.00,346.36,960117.84
1.93,0.00,2.00,18.00,142.00,170.00,5571.00,1493.00,343.24,960208.42
1.94,0.00,2.00,17.00,143.00,164.00,5571.00,1499.00,338.89,960291.11
1.94,0.00,2.00,17.00,143.00,160.00,5567.00,1507.00,334.92,960306.52
1.95,0.00,2.00,16.00,144.00,153.00,5570.00,1511.00,329.80,960365.65
1.96,0.00,2.00,15.00,145.00,150.00,5566.00,1518.00,323.61,960359.54
1.97,0.00,1.00,15.00,146.00,144.00,5562.00,1528.00,317.97,960293.86
1.97,0.00,1.00,15.00,146.00,135.00,5564.00,1535.00,312.82,960263.95
1.98,0.00,1.00,15.00,146.00,131.00,5560.00,1543.00,308.11,960176.56
1.99,0.00,1.00,14.00,147.00,127.00,5554.00,1553.00,302.31,960006.64
1.99,0.00,1.00,14.00,147.00,123.00,5554.00,1557.00,297.02,959851.51
2.00,0.00,1.00,13.00,148.00,119.00,5551.00,1564.00,290.69,959664.82
2.01,0.00,1.00,13.00,148.00,117.00,5549.00,1568.00,284.91,959464.34
2.01,0.00,1.00,12.00,149.00,112.00,5550.00,1572.00,278.13,959296.34
2.02,0.00,1.00,12.00,149.00,112.00,5544.00,1578.00,271.94,959052.83
2.03,0.00,1.00,12.00,149.00,110.00,5540.00,1584.00,266.28,958770.43
2.03,0.00,1.00,12.00,149.00,110.00,5533.00,1591.00,261.13,958407.46
2.04,0.00,1.00,12.00,149.00,106.00,5531.00,1597.00,256.42,958046.05
2.05,0.00,1.00,11.00,150.00,102.00,5528.00,1604.00,250.61,957671.04
2.06,0.00,1.00,11.00,150.00,102.00,5524.00,1608.00,245.32,957268.59
2.06,0.00,1.00,11.00,150.00,100.00,5519.00,1615.00,240.48,956826.07
2.07,0.00,1.00,10.00,151.00,98.00,5515.00,1621.00,234.56,956361.99
2.08,0.00,1.00,10.00,151.00,97.00,5509.00,1628.00,229.16,955848.18
2.08,0.00,1.00,10.00,151.00,97.00,5500.00,1637.00,224.23,955243.91
2.09,0.00,1.00,10.00,151.00,96.00,5499.00,1639.00,219.73,954677.23
2.10,0.00,1.00,10.00,151.00,95.00,5492.00,1647.00,215.62,954054.73
2.10,0.00,1.00,10.00,151.00,93.00,5485.00,1656.00,211.87,953381.27
2.11,0.00,1.00,10.00,151.00,90.00,5484.00,1660.00,208.44,952751.43
2.12,0.00,1.00,10.00,151.00,89.00,5472.00,1673.00,205.31,951996.16
2.12,0.00,1.00,10.00,151.00,85.00,5465.00,1684.00,202.46,951201.49
2.13,0.00,1.00,9.00,152.00,81.00,5464.00,1689.00,198.35,950461.00
2.14,0.00,1.00,9.00,152.00,79.00,5462.00,1693.00,194.60,949754.94
2.15,0.00,1.00,9.00,152.00,77.00,5452.00,1705.00,191.18,948960.13
2.15,0.00,1.00,9.00,152.00,76.00,5448.00,1710.00,188.05,948174.44
2.16,0.00,1.00,8.00,153.00,73.00,5439.00,1722.00,183.69,947321.95
2.17,0.00,1.00,8.00,153.00,71.00,5436.00,1727.00,179.72,946498.62
2.17,0.00,1.00,7.00,154.00,70.00,5428.00,1736.00,174.58,945626.80
2.18,0.00,1.00,7.00,154.00,69.00,5421.00,1744.00,169.90,944725.74
2.19,0.00,1.00,7.00,154.00,65.00,5418.00,1751.00,165.62,943858.06
2.19,0.00,0.00,8.00,154.00,63.00,5410.00,1761.00,163.22,942945.76
2.20,0.00,0.00,8.00,154.00,60.00,5405.00,1769.00,161.02,942037.78
2.21,0.00,0.00,8.00,154.00,60.00,5399.00,1775.00,159.02,941118.72
2.22,0.00,0.00,8.00,154.00,59.00,5393.00,1782.00,157.19,940189.55
2.22,0.00,0.00,8.00,154.00,58.00,5389.00,1787.00,155.52,939281.20
2.23,0.00,0.00,8.00,154.00,57.00,5385.00,1792.00,154.00,938391.85
2.24,0.00,0.00,8.00,154.00,52.00,5383.00,1799.00,152.61,937549.90
2.24,0.00,0.00,7.00,155.00,52.00,5377.00,1805.00,149.84,936691.12
2.25,0.00,0.00,7.00,155.00,50.00,5371.00,1813.00,147.30,935816.98
2.26,0.00,0.00,7.00,155.00,48.00,5368.00,1818.00,144.99,934973.89
2.26,0.00,0.00,7.00,155.00,44.00,5364.00,1826.00,142.88,934144.12
2.27,0.00,0.00,7.00,155.00,44.00,5359.00,1831.00,140.96,933311.48
2.28,0.00,0.00,7.00,155.00,43.00,5355.00,1836.00,139.20,932491.26
2.28,0.00,0.00,7.00,155.00,42.00,5348.00,1844.00,137.60,931637.30
2.29,0.00,0.00,6.00,156.00,42.00,5343.00,1849.00,134.63,930782.58
2.30,0.00,0.00,6.00,156.00,42.00,5338.00,1854.00,131.92,929927.17
2.31,0.00,0.00,6.00,156.00,40.00,5327.00,1867.00,129.45,928980.99
2.31,0.00,0.00,5.00,157.00,40.00,5318.00,1876.00,125.69,927981.99
2.32,0.00,0.00,5.00,157.00,37.00,5314.00,1883.00,122.25,927009.89
2.33,0.00,0.00,5.00,157.00,36.00,5302.00,1896.00,119.12,925942.16
2.33,0.00,0.00,5.00,157.00,34.00,5299.00,1901.00,116.26,924922.33
2.34,0.00,0.00,5.00,157.00,34.00,5293.00,1907.00,113.65,923901.17
2.35,0.00,0.00,5.00,157.00,32.00,5286.00,1916.00,111.26,922863.76
2.35,0.00,0.00,5.00,157.00,31.00,5279.00,1924.00,109.09,921811.53
2.36,0.00,0.00,5.00,157.00,30.00,5277.00,1927.00,107.10,920820.87
2.37,0.00,0.00,5.00,157.00,29.00,5270.00,1935.00,105.28,919811.31
2.38,0.00,0.00,5.00,157.00,27.00,5265.00,1942.00,103.63,918814.55
2.38,0.00,0.00,5.00,157.00,25.00,5264.00,1945.00,102.12,917889.56
2.39,0.00,0.00,5.00,157.00,25.00,5254.00,1955.00,100.74,916894.88
2.40,0.00,0.00,5.00,157.00,25.00,5244.00,1965.00,99.48,915836.58
2.40,0.00,0.00,5.00,157.00,25.00,5235.00,1974.00,98.33,914735.22
2.41,0.00,0.00,5.00,157.00,25.00,5230.00,1979.00,97.28,913654.66
2.42,0.00,0.00,5.00,157.00,25.00,5223.00,1986.00,96.32,912563.02
2.42,0.00,0.00,5.00,157.00,24.00,5212.00,1998.00,95.44,911401.18
2.43,0.00,0.00,5.00,157.00,24.00,5202.00,2008.00,94.64,910190.28
2.44,0.00,0.00,5.00,157.00,24.00,5194.00,2016.00,93.91,908964.63
2.44,0.00,0.00,4.00,158.00,21.00,5192.00,2021.00,91.74,907815.67
2.45,0.00,0.00,4.00,158.00,21.00,5182.00,2031.00,89.76,906616.52
2.46,0.00,0.00,4.00,158.00,21.00,5170.00,2043.00,87.96,905341.51
2.47,0.00,0.00,4.00,158.00,21.00,5163.00,2050.00,86.31,904072.36
2.47,0.00,0.00,4.00,158.00,20.00,5159.00,2055.00,84.80,902853.63
2.48,0.00,0.00,4.00,158.00,19.00,5149.00,2066.00,83.43,901590.79
2.49,0.00,0.00,4.00,158.00,18.00,5143.00,2073.00,82.17,900347.77
2.49,0.00,0.00,4.00,158.00,17.00,5138.00,2079.00,81.03,899137.88
2.50,0.00,0.00,4.00,158.00,17.00,5128.00,2089.00,79.98,897883.11
2.51,0.00,0.00,4.00,158.00,17.00,5121.00,2096.00,79.02,896632.43
2.51,0.00,0.00,4.00,158.00,17.00,5107.00,2110.00,78.15,895280.34
2.52,0.00,0.00,3.00,159.00,17.00,5098.00,2119.00,75.85,893910.77
2.53,0.00,0.00,3.00,159.00,15.00,5087.00,2132.00,73.76,892495.20
2.53,0.00,0.00,3.00,159.00,15.00,5079.00,2140.00,71.84,891082.72
2.54,0.00,0.00,3.00,159.00,15.00,5063.00,2156.00,70.09,889552.85
2.55,0.00,0.00,3.00,159.00,14.00,5053.00,2167.00,68.50,888005.97
2.56,0.00,0.00,3.00,159.00,14.00,5048.00,2172.00,67.04,886518.67
2.56,0.00,0.00,2.00,160.00,12.00,5043.00,2179.00,64.21,885085.76
2.57,0.00,0.00,2.00,160.00,11.00,5035.00,2188.00,61.62,883657.44
2.58,0.00,0.00,2.00,160.00,11.00,5030.00,2193.00,59.26,882278.38
2.58,0.00,0.00,2.00,160.00,11.00,5024.00,2199.00,57.10,880929.26
2.59,0.00,0.00,2.00,160.00,10.00,5013.00,2211.00,55.14,879532.36
2.60,0.00,0.00,2.00,160.00,10.00,5012.00,2212.00,53.34,878242.07
2.60,0.00,0.00,2.00,160.00,10.00,5005.00,2219.00,51.70,876958.98
2.61,0.00,0.00,2.00,160.00,10.00,4997.00,2227.00,50.20,875667.43
2.62,0.00,0.00,2.00,160.00,10.00,4996.00,2228.00,48.84,874473.32
2.62,0.00,0.00,2.00,160.00,9.00,4995.00,2230.00,47.59,873368.16
2.63,0.00,0.00,2.00,160.00,8.00,4990.00,2236.00,46.45,872284.12
2.64,0.00,0.00,2.00,160.00,7.00,4984.00,2243.00,45.41,871204.34
2.65,0.00,0.00,2.00,160.00,7.00,4979.00,2248.00,44.46,870143.46
2.65,0.00,0.00,2.00,160.00,7.00,4973.00,2254.00,43.59,869084.82
2.66,0.00,0.00,2.00,160.00,7.00,4969.00,2258.00,42.80,868058.27
2.67,0.00,0.00,1.00,161.00,7.00,4964.00,2263.00,40.58,867045.99
2.67,0.00,0.00,1.00,161.00,7.00,4955.00,2272.00,38.55,865986.65
2.68,0.00,0.00,1.00,161.00,6.00,4940.00,2288.00,36.69,864794.21
2.69,0.00,0.00,1.00,161.00,6.00,4934.00,2294.00,35.00,863615.46
2.69,0.00,0.00,1.00,161.00,5.00,4928.00,2301.00,33.45,862449.21
2.70,0.00,0.00,1.00,161.00,4.00,4925.00,2305.00,32.04,861339.45
2.71,0.00,0.00,1.00,161.00,4.00,4914.00,2316.00,30.76,860161.06
2.72,0.00,0.00,1.00,161.00,4.00,4907.00,2323.00,29.58,858980.12
2.72,0.00,0.00,1.00,161.00,4.00,4901.00,2329.00,28.51,857811.88
2.73,0.00,0.00,0.00,162.00,4.00,4893.00,2337.00,26.02,856625.17
2.74,0.00,0.00,0.00,162.00,4.00,4884.00,2346.00,23.76,855406.59
2.74,0.00,0.00,0.00,162.00,4.00,4880.00,2350.00,21.69,854234.03
2.75,0.00,0.00,0.00,162.00,4.00,4872.00,2358.00,19.80,853043.39
2.76,0.00,0.00,0.00,162.00,4.00,4863.00,2367.00,18.08,851821.21
2.76,0.00,0.00,0.00,162.00,4.00,4853.00,2377.00,16.50,850555.22
2.77,0.00,0.00,0.00,162.00,4.00,4849.00,2381.00,15.07,849339.38
2.78,0.00,0.00,0.00,162.00,4.00,4844.00,2386.00,13.75,848154.30
2.78,0.00,0.00,0.00,162.00,3.00,4834.00,2397.00,12.56,846922.17
2.79,0.00,0.00,0.00,162.00,3.00,4825.00,2406.00,11.46,845662.13
2.80,0.00,0.00,0.00,162.00,3.00,4819.00,2412.00,10.46,844421.66
2.81,0.00,0.00,0.00,162.00,3.00,4811.00,2420.00,9.55,843169.03
2.81,0.00,0.00,0.00,162.00,3.00,4802.00,2429.00,8.72,841890.26
2.82,0.00,0.00,0.00,162.00,3.00,4796.00,2435.00,7.96,840632.70
2.83,0.00,0.00,0.00,162.00,3.00,4789.00,2442.00,7.27,839379.49
2.83,0.00,0.00,0.00,162.00,3.00,4779.00,2452.00,6.64,838085.17
2.84,0.00,0.00,0.00,162.00,3.00,4769.00,2462.00,6.06,836753.32
2.85,0.00,0.00,0.00,162.00,3.00,4762.00,2469.00,5.53,835432.28
2.85,0.00,0.00,0.00,162.00,3.00,4753.00,2478.00,5.05,834091.06
2.86,0.00,0.00,0.00,162.00,3.00,4747.00,2484.00,4.61,832776.50
2.87,0.00,0.00,0.00,162.00,2.00,4741.00,2491.00,4.21,831486.26
2.88,0.00,0.00,0.00,162.00,2.00,4733.00,2499.00,3.84,830188.18
2.88,0.00,0.00,0.00,162.00,2.00,4730.00,2502.00,3.51,828958.07
2.89,0.00,0.00,0.00,162.00,2.00,4721.00,2511.00,3.20,827699.86
2.90,0.00,0.00,0.00,162.00,2.00,4715.00,2517.00,2.92,826461.08
2.90,0.00,0.00,0.00,162.00,2.00,4709.00,2523.00,2.67,825240.02
2.91,0.00,0.00,0.00,162.00,2.00,4699.00,2533.00,2.44,823975.05
2.92,0.00,0.00,0.00,162.00,2.00,4688.00,2544.00,2.22,822654.98
2.92,0.00,0.00,0.00,162.00,2.00,4680.00,2552.00,2.03,821329.68
2.93,0.00,0.00,0.00,162.00,1.00,4677.00,2556.00,1.85,820074.70
2.94,0.00,0.00,0.00,162.00,1.00,4672.00,2561.00,1.69,818853.89
2.94,0.00,0.00,0.00,162.00,0.00,4670.00,2564.00,1.54,817709.33
2.95,0.00,0.00,0.00,162.00,0.00,4665.00,2569.00,1.41,816589.33
2.96,0.00,0.00,0.00,162.00,0.00,4654.00,2580.00,1.29,815401.59
2.97,0.00,0.00,0.00,162.00,0.00,4650.00,2584.00,1.18,814257.18
2.97,0.00,0.00,0.00,162.00,0.00,4643.00,2591.00,1.07,813107.27
2.98,0.00,0.00,0.00,162.00,0.00,4636.00,2598.00,0.98,811952.32
2.99,0.00,0.00,0.00,162.00,0.00,4620.00,2614.00,0.89,810657.57
2.99,0.00,0.00,0.00,162.00,0.00,4613.00,2621.00,0.82,809370.40
3.00,0.00,0.00,0.00,162.00,0.00,4608.00,2626.00,0.75,808120.19
3.01,0.00,0.00,0.00,162.00,0.00,4602.00,2632.00,0.68,806888.71
3.01,0.00,0.00,0.00,162.00,0.00,4589.00,2645.00,0.62,805569.16
3.02,0.00,0.00,0.00,162.00,0.00,4582.00,2652.00,0.57,804259.35
3.03,0.00,0.00,0.00,162.00,0.00,4575.00,2659.00,0.52,802958.43
3.03,0.00,0.00,0.00,162.00,0.00,4564.00,2670.00,0.47,801605.54
3.04,0.00,0.00,0.00,162.00,0.00,4556.00,2678.00,0.43,800250.27
3.05,0.00,0.00,0.00,162.00,0.00,4551.00,2683.00,0.39,798937.89
3.06,0.00,0.00,0.00,162.00,0.00,4542.00,2692.00,0.36,797604.58
3.06,0.00,0.00,0.00,162.00,0.00,4535.00,2699.00,0.33,796282.21
3.07,0.00,0.00,0.00,162.00,0.00,4524.00,2710.00,0.30,794909.73
3.08,0.00,0.00,0.00,162.00,0.00,4519.00,2715.00,0.27,793581.64
3.08,0.00,0.00,0.00,162.00,0.00,4511.00,2723.00,0.25,792249.01
3.09,0.00,0.00,0.00,162.00,0.00,4504.00,2730.00,0.23,790927.27
3.10,0.00,0.00,0.00,162.00,0.00,4497.00,2737.00,0.21,789615.45
3.10,0.00,0.00,0.00,162.00,0.00,4490.00,2744.00,0.19,788312.70
3.11,0.00,0.00,0.00,162.00,0.00,4484.00,2750.00,0.17,787033.25
3.12,0.00,0.00,0.00,162.00,0.00,4480.00,2754.00,0.16,785805.11
3.12,0.00,0.00,0.00,162.00,0.00,4476.00,2758.00,0.14,784623.82
3.13,0.00,0.00,0.00,162.00,0.00,4471.00,2763.00,0.13,783470.28
3.14,0.00,0.00,0.00,162.00,0.00,4462.00,2772.00,0.12,782281.98
3.15,0.00,0.00,0.00,162.00,0.00,4454.00,2780.00,0.11,781076.97
3.15,0.00,0.00,0.00,162.00,0.00,4452.00,2782.00,0.10,779946.83
3.16,0.00,0.00,0.00,162.00,0.00,4439.00,2795.00,0.09,778719.81
3.17,0.00,0.00,0.00,162.00,0.00,4435.00,2799.00,0.08,777539.53
3.17,0.00,0.00,0.00,162.00,0.00,4422.00,2812.00,0.08,776266.73
3.18,0.00,0.00,0.00,162.00,0.00,4416.00,2818.00,0.07,775014.62
3.19,0.00,0.00,0.00,162.00,0.00,4402.00,2832.00,0.06,773661.22
3.19,0.00,0.00,0.00,162.00,0.00,4391.00,2843.00,0.06,772260.41
3.20,0.00,0.00,0.00,162.00,0.00,4385.00,2849.00,0.05,770891.44
3.21,0.00,0.00,0.00,162.00,0.00,4379.00,2855.00,0.05,769551.53
3.22,0.00,0.00,0.00,162.00,0.00,4372.00,2862.00,0.04,768223.14
3.22,0.00,0.00,0.00,162.00,0.00,4361.00,2873.00,0.04,766845.16
3.23,0.00,0.00,0.00,162.00,0.00,4355.00,2879.00,0.04,765497.03
3.24,0.00,0.00,0.00,162.00,0.00,4350.00,2884.00,0.03,764191.18
3.24,0.00,0.00,0.00,162.00,0.00,4343.00,2891.00,0.03,762893.87
3.25,0.00,0.00,0.00,162.00,0.00,4330.00,2904.00,0.03,761514.23
3.26,0.00,0.00,0.00,162.00,0.00,4321.00,2913.00,0.03,760119.51
3.26,0.00,0.00,0.00,162.00,0.00,4312.00,2922.00,0.02,758711.03
3.27,0.00,0.00,0.00,162.00,0.00,4302.00,2932.00,0.02,757274.97
3.28,0.00,0.00,0.00,162.00,0.00,4293.00,2941.00,0.02,755828.74
3.28,0.00,0.00,0.00,162.00,0.00,4287.00,2947.00,0.02,754418.31
3.29,0.00,0.00,0.00,162.00,0.00,4284.00,2950.00,0.02,753085.62
3.30,0.00,0.00,0.00,162.00,0.00,4277.00,2957.00,0.01,751763.81
3.31,0.00,0.00,0.00,162.00,0.00,4267.00,2967.00,0.01,750406.88
3.31,0.00,0.00,0.00,162.00,0.00,4263.00,2971.00,0.01,749108.00
3.32,0.00,0.00,0.00,162.00,0.00,4256.00,2978.00,0.01,747817.07
3.33,0.00,0.00,0.00,162.00,0.00,4250.00,2984.00,0.01,746548.40
3.33,0.00,0.00,0.00,162.00,0.00,4244.00,2990.00,0.01,745300.07
3.34,0.00,0.00,0.00,162.00,0.00,4237.00,2997.00,0.01,744055.27
3.35,0.00,0.00,0.00,162.00,0.00,4231.00,3003.00,0.01,742828.73
3.35,0.00,0.00,0.00,162.00,0.00,4221.00,3013.00,0.01,741558.76
3.36,0.00,0.00,0.00,162.00,0.00,4214.00,3020.00,0.01,740294.21
3.37,0.00,0.00,0.00,162.00,0.00,4205.00,3029.00,0.01,739004.57
3.38,0.00,0.00,0.00,162.00,0.00,4195.00,3039.00,0.01,737676.99
3.38,0.00,0.00,0.00,162.00,0.00,4188.00,3046.00,0.00,736359.85
3.39,0.00,0.00,0.00,162.00,0.00,4178.00,3056.00,0.00,735007.17
3.40,0.00,0.00,0.00,162.00,0.00,4165.00,3069.00,0.00,733576.97
3.40,0.00,0.00,0.00,162.00,0.00,4156.00,3078.00,0.00,732136.10
3.41,0.00,0.00,0.00,162.00,0.00,4150.00,3084.00,0.00,730730.56
3.42,0.00,0.00,0.00,162.00,0.00,4143.00,3091.00,0.00,729342.25
3.42,0.00,0.00,0.00,162.00,0.00,4136.00,3098.00,0.00,727969.66
3.43,0.00,0.00,0.00,162.00,0.00,4130.00,3104.00,0.00,726626.45
3.44,0.00,0.00,0.00,162.00,0.00,4123.00,3111.00,0.00,725295.05
3.44,0.00,0.00,0.00,162.00,0.00,4116.00,3118.00,0.00,723974.41
3.45,0.00,0.00,0.00,162.00,0.00,4110.00,3124.00,0.00,722678.63
3.46,0.00,0.00,0.00,162.00,0.00,4100.00,3134.00,0.00,721345.45
3.47,0.00,0.00,0.00,162.00,0.00,4095.00,3139.00,0.00,720053.25
3.47,0.00,0.00,0.00,162.00,0.00,4090.00,3144.00,0.00,718798.45
3.48,0.00,0.00,0.00,162.00,0.00,4081.00,3153.00,0.00,717517.70
3.49,0.00,0.00,0.00,162.00,0.00,4074.00,3160.00,0.00,716243.31
3.49,0.00,0.00,0.00,162.00,0.00,4069.00,3165.00,0.00,715004.78
3.50,0.00,0.00,0.00,162.00,0.00,4059.00,3175.00,0.00,713723.86
3.51,0.00,0.00,0.00,162.00,0.00,4053.00,3181.00,0.00,712464.34
3.51,0.00,0.00,0.00,162.00,0.00,4047.00,3187.00,0.00,711224.36
3.52,0.00,0.00,0.00,162.00,0.00,4037.00,3197.00,0.00,709942.12
3.53,0.00,0.00,0.00,162.00,0.00,4030.00,3204.00,0.00,708666.36
3.53,0.00,0.00,0.00,162.00,0.00,4020.00,3214.00,0.00,707351.47
3.54,0.00,0.00,0.00,162.00,0.00,4017.00,3217.00,0.00,706106.00
3.55,0.00,0.00,0.00,162.00,0.00,4009.00,3225.00,0.00,704848.80
3.56,0.00,0.00,0.00,162.00,0.00,4005.00,3229.00,0.00,703640.97
3.56,0.00,0.00,0.00,162.00,0.00,3999.00,3235.00,0.00,702448.18
3.57,0.00,0.00,0.00,162.00,0.00,3991.00,3243.00,0.00,701239.07
3.58,0.00,0.00,0.00,162.00,0.00,3986.00,3248.00,0.00,700060.13
3.58,0.00,0.00,0.00,162.00,0.00,3980.00,3254.00,0.00,698893.70
3.59,0.00,0.00,0.00,162.00,0.00,3972.00,3262.00,0.00,697708.66
3.60,0.00,0.00,0.00,162.00,0.00,3963.00,3271.00,0.00,696491.60
3.60,0.00,0.00,0.00,162.00,0.00,3955.00,3279.00,0.00,695260.33
3.61,0.00,0.00,0.00,162.00,0.00,3946.00,3288.00,0.00,694001.07
3.62,0.00,0.00,0.00,162.00,0.00,3940.00,3294.00,0.00,692761.32
3.62,0.00,0.00,0.00,162.00,0.00,3934.00,3300.00,0.00,691539.38
3.63,0.00,0.00,0.00,162.00,0.00,3929.00,3305.00,0.00,690348.73
3.64,0.00,0.00,0.00,162.00,0.00,3916.00,3318.00,0.00,689066.46
3.65,0.00,0.00,0.00,162.00,0.00,3907.00,3327.00,0.00,687760.63
3.65,0.00,0.00,0.00,162.00,0.00,3904.00,3330.00,0.00,686523.44
3.66,0.00,0.00,0.00,162.00,0.00,3895.00,3339.00,0.00,685258.77
3.67,0.00,0.00,0.00,162.00,0.00,3883.00,3351.00,0.00,683923.95
3.67,0.00,0.00,0.00,162.00,0.00,3875.00,3359.00,0.00,682585.17
3.68,0.00,0.00,0.00,162.00,0.00,3865.00,3369.00,0.00,681212.74
3.69,0.00,0.00,0.00,162.00,0.00,3859.00,3375.00,0.00,679869.67
3.69,0.00,0.00,0.00,162.00,0.00,3850.00,3384.00,0.00,678508.35
3.70,0.00,0.00,0.00,162.00,0.00,3843.00,3391.00,0.00,677160.40
3.71,0.00,0.00,0.00,162.00,0.00,3842.00,3392.00,0.00,675914.80
3.72,0.00,0.00,0.00,162.00,0.00,3835.00,3399.00,0.00,674672.50
3.72,0.00,0.00,0.00,162.00,0.00,3823.00,3411.00,0.00,673358.10
3.73,0.00,0.00,0.00,162.00,0.00,3811.00,3423.00,0.00,671977.88
3.74,0.00,0.00,0.00,162.00,0.00,3805.00,3429.00,0.00,670627.70
3.74,0.00,0.00,0.00,162.00,0.00,3797.00,3437.00,0.00,669274.90
3.75,0.00,0.00,0.00,162.00,0.00,3790.00,3444.00,0.00,667934.74
3.76,0.00,0.00,0.00,162.00,0.00,3780.00,3454.00,0.00,666561.04
3.76,0.00,0.00,0.00,162.00,0.00,3774.00,3460.00,0.00,665216.82
3.77,0.00,0.00,0.00,162.00,0.00,3772.00,3462.00,0.00,663959.60
3.78,0.00,0.00,0.00,162.00,0.00,3766.00,3468.00,0.00,662721.72
3.78,0.00,0.00,0.00,162.00,0.00,3758.00,3476.00,0.00,661471.44
3.79,0.00,0.00,0.00,162.00,0.00,3753.00,3481.00,0.00,660254.92
3.80,0.00,0.00,0.00,162.00,0.00,3748.00,3486.00,0.00,659069.21
3.81,0.00,0.00,0.00,162.00,0.00,3739.00,3495.00,0.00,657851.54
3.81,0.00,0.00,0.00,162.00,0.00,3734.00,3500.00,0.00,656664.78
3.82,0.00,0.00,0.00,162.00,0.00,3729.00,3505.00,0.00,655506.25
3.83,0.00,0.00,0.00,162.00,0.00,3723.00,3511.00,0.00,654358.46
3.83,0.00,0.00,0.00,162.00,0.00,3714.00,3520.00,0.00,653175.40
3.84,0.00,0.00,0.00,162.00,0.00,3707.00,3527.00,0.00,651990.20
3.85,0.00,0.00,0.00,162.00,0.00,3697.00,3537.00,0.00,650757.97
3.85,0.00,0.00,0.00,162.00,0.00,3694.00,3540.00,0.00,649587.97
3.86,0.00,0.00,0.00,162.00,0.00,3686.00,3548.00,0.00,648399.67
3.87,0.00,0.00,0.00,162.00,0.00,3677.00,3557.00,0.00,647179.62
3.88,0.00,0.00,0.00,162.00,0.00,3673.00,3561.00,0.00,646005.72
3.88,0.00,0.00,0.00,162.00,0.00,3670.00,3564.00,0.00,644888.97
3.89,0.00,0.00,0.00,162.00,0.00,3664.00,3570.00,0.00,643779.33
3.90,0.00,0.00,0.00,162.00,0.00,3659.00,3575.00,0.00,642691.19
3.90,0.00,0.00,0.00,162.00,0.00,3652.00,3582.00,0.00,641592.64
3.91,0.00,0.00,0.00,162.00,0.00,3647.00,3587.00,0.00,640514.63
3.92,0.00,0.00,0.00,162.00,0.00,3637.00,3597.00,0.00,639380.26
3.92,0.00,0.00,0.00,162.00,0.00,3634.00,3600.00,0.00,638299.60
3.93,0.00,0.00,0.00,162.00,0.00,3625.00,3609.00,0.00,637177.83
3.94,0.00,0.00,0.00,162.00,0.00,3620.00,3614.00,0.00,636078.62
3.94,0.00,0.00,0.00,162.00,0.00,3615.00,3619.00,0.00,635000.01
3.95,0.00,0.00,0.00,162.00,0.00,3609.00,3625.00,0.00,633925.19
3.96,0.00,0.00,0.00,162.00,0.00,3604.00,3630.00,0.00,632868.84
3.97,0.00,0.00,0.00,162.00,0.00,3601.00,3633.00,0.00,631859.40
3.97,0.00,0.00,0.00,162.00,0.00,3587.00,3647.00,0.00,630727.54
3.98,0.00,0.00,0.00,162.00,0.00,3576.00,3658.00,0.00,629528.98
3.99,0.00,0.00,0.00,162.00,0.00,3568.00,3666.00,0.00,628314.60
3.99,0.00,0.00,0.00,162.00,0.00,3563.00,3671.00,0.00,627130.85
4.00,0.00,0.00,0.00,162.00,0.00,3544.00,3690.00,0.00,625764.74
4.01,0.00,0.00,0.00,162.00,0.00,3538.00,3696.00,0.00,624427.44
4.01,0.00,0.00,0.00,162.00,0.00,3527.00,3707.00,0.00,623041.33
4.02,0.00,0.00,0.00,162.00,0.00,3524.00,3710.00,0.00,621730.86
4.03,0.00,0.00,0.00,162.00,0.00,3515.00,3719.00,0.00,620399.28
4.03,0.00,0.00,0.00,162.00,0.00,3507.00,3727.00,0.00,619063.47
4.04,0.00,0.00,0.00,162.00,0.00,3503.00,3731.00,0.00,617783.88
4.05,0.00,0.00,0.00,162.00,0.00,3493.00,3741.00,0.00,616465.49
4.06,0.00,0.00,0.00,162.00,0.00,3487.00,3747.00,0.00,615171.75
4.06,0.00,0.00,0.00,162.00,0.00,3480.00,3754.00,0.00,613885.51
4.07,0.00,0.00,0.00,162.00,0.00,3470.00,3764.00,0.00,612561.04
4.08,0.00,0.00,0.00,162.00,0.00,3469.00,3765.00,0.00,611336.87
4.08,0.00,0.00,0.00,162.00,0.00,3458.00,3776.00,0.00,610054.05
4.09,0.00,0.00,0.00,162.00,0.00,3451.00,3783.00,0.00,608777.76
4.10,0.00,0.00,0.00,162.00,0.00,3442.00,3792.00,0.00,607477.40
4.10,0.00,0.00,0.00,162.00,0.00,3433.00,3801.00,0.00,606155.07
4.11,0.00,0.00,0.00,162.00,0.00,3427.00,3807.00,0.00,604857.74
4.12,0.00,0.00,0.00,162.00,0.00,3423.00,3811.00,0.00,603613.28
4.12,0.00,0.00,0.00,162.00,0.00,3414.00,3820.00,0.00,602341.98
4.13,0.00,0.00,0.00,162.00,0.00,3413.00,3821.00,0.00,601166.35
4.14,0.00,0.00,0.00,162.00,0.00,3404.00,3830.00,0.00,599957.88
4.15,0.00,0.00,0.00,162.00,0.00,3398.00,3836.00,0.00,598764.51
4.15,0.00,0.00,0.00,162.00,0.00,3394.00,3840.00,0.00,597614.96
4.16,0.00,0.00,0.00,162.00,0.00,3385.00,3849.00,0.00,596430.29
4.17,0.00,0.00,0.00,162.00,0.00,3375.00,3859.00,0.00,595198.55
4.17,0.00,0.00,0.00,162.00,0.00,3365.00,3869.00,0.00,593923.84
4.18,0.00,0.00,0.00,162.00,0.00,3359.00,3875.00,0.00,592669.98
4.19,0.00,0.00,0.00,162.00,0.00,3351.00,3883.00,0.00,591405.12
4.19,0.00,0.00,0.00,162.00,0.00,3346.00,3888.00,0.00,590175.28
4.20,0.00,0.00,0.00,162.00,0.00,3335.00,3899.00,0.00,588887.28
4.21,0.00,0.00,0.00,162.00,0.00,3328.00,3906.00,0.00,587606.27
4.22,0.00,0.00,0.00,162.00,0.00,3325.00,3909.00,0.00,586391.74
4.22,0.00,0.00,0.00,162.00,0.00,3320.00,3914.00,0.00,585207.84
4.23,0.00,0.00,0.00,162.00,0.00,3312.00,3922.00,0.00,584006.85
4.24,0.00,0.00,0.00,162.00,0.00,3308.00,3926.00,0.00,582850.35
4.24,0.00,0.00,0.00,162.00,0.00,3302.00,3932.00,0.00,581704.41
4.25,0.00,0.00,0.00,162.00,0.00,3296.00,3938.00,0.00,580568.12
4.26,0.00,0.00,0.00,162.00,0.00,3289.00,3945.00,0.00,579425.61
4.26,0.00,0.00,0.00,162.00,0.00,3285.00,3949.00,0.00,578322.49
4.27,0.00,0.00,0.00,162.00,0.00,3278.00,3956.00,0.00,577210.26
4.28,0.00,0.00,0.00,162.00,0.00,3275.00,3959.00,0.00,576149.81
4.28,0.00,0.00,0.00,162.00,0.00,3264.00,3970.00,0.00,575016.45
4.29,0.00,0.00,0.00,162.00,0.00,3254.00,3980.00,0.00,573831.55
4.30,0.00,0.00,0.00,162.00,0.00,3245.00,3989.00,0.00,572614.61
4.31,0.00,0.00,0.00,162.00,0.00,3241.00,3993.00,0.00,571443.55
4.31,0.00,0.00,0.00,162.00,0.00,3236.00,3998.00,0.00,570299.34
4.32,0.00,0.00,0.00,162.00,0.00,3226.00,4008.00,0.00,569104.54
4.33,0.00,0.00,0.00,162.00,0.00,3219.00,4015.00,0.00,567908.61
4.33,0.00,0.00,0.00,162.00,0.00,3213.00,4021.00,0.00,566726.68
4.34,0.00,0.00,0.00,162.00,0.00,3203.00,4031.00,0.00,565497.44
4.35,0.00,0.00,0.00,162.00,0.00,3193.00,4041.00,0.00,564225.00
4.35,0.00,0.00,0.00,162.00,0.00,3182.00,4052.00,0.00,562898.11
4.36,0.00,0.00,0.00,162.00,0.00,3176.00,4058.00,0.00,561596.62
4.37,0.00,0.00,0.00,162.00,0.00,3167.00,4067.00,0.00,560273.25
4.38,0.00,0.00,0.00,162.00,0.00,3161.00,4073.00,0.00,558974.97
4.38,0.00,0.00,0.00,162.00,0.00,3155.00,4079.00,0.00,557699.61
4.39,0.00,0.00,0.00,162.00,0.00,3149.00,4085.00,0.00,556445.16
4.40,0.00,0.00,0.00,162.00,0.00,3141.00,4093.00,0.00,555179.76
4.40,0.00,0.00,0.00,162.00,0.00,3135.00,4099.00,0.00,553934.40
4.41,0.00,0.00,0.00,162.00,0.00,3131.00,4103.00,0.00,552737.39
4.42,0.00,0.00,0.00,162.00,0.00,3121.00,4113.00,0.00,551494.39
4.42,0.00,0.00,0.00,162.00,0.00,3117.00,4117.00,0.00,550299.52
4.43,0.00,0.00,0.00,162.00,0.00,3111.00,4123.00,0.00,549118.56
4.44,0.00,0.00,0.00,162.00,0.00,3103.00,4131.00,0.00,547920.25
4.44,0.00,0.00,0.00,162.00,0.00,3097.00,4137.00,0.00,546736.15
4.45,0.00,0.00,0.00,162.00,0.00,3089.00,4145.00,0.00,545534.97
4.46,0.00,0.00,0.00,162.00,0.00,3083.00,4151.00,0.00,544348.24
4.47,0.00,0.00,0.00,162.00,0.00,3079.00,4155.00,0.00,543204.75
4.47,0.00,0.00,0.00,162.00,0.00,3074.00,4160.00,0.00,542085.72
4.48,0.00,0.00,0.00,162.00,0.00,3072.00,4162.00,0.00,541034.09
4.49,0.00,0.00,0.00,162.00,0.00,3063.00,4171.00,0.00,539938.82
4.49,0.00,0.00,0.00,162.00,0.00,3048.00,4186.00,0.00,538713.57
4.50,0.00,0.00,0.00,162.00,0.00,3040.00,4194.00,0.00,537474.83
4.51,0.00,0.00,0.00,162.00,0.00,3034.00,4200.00,0.00,536253.81
4.51,0.00,0.00,0.00,162.00,0.00,3029.00,4205.00,0.00,535064.00
4.52,0.00,0.00,0.00,162.00,0.00,3023.00,4211.00,0.00,533887.66
4.53,0.00,0.00,0.00,162.00,0.00,3016.00,4218.00,0.00,532708.58
4.53,0.00,0.00,0.00,162.00,0.00,3006.00,4228.00,0.00,531481.94
4.54,0.00,0.00,0.00,162.00,0.00,3000.00,4234.00,0.00,530271.98
4.55,0.00,0.00,0.00,162.00,0.00,2992.00,4242.00,0.00,529047.19
4.56,0.00,0.00,0.00,162.00,0.00,2989.00,4245.00,0.00,527883.98
4.56,0.00,0.00,0.00,162.00,0.00,2982.00,4252.00,0.00,526716.89
4.57,0.00,0.00,0.00,162.00,0.00,2973.00,4261.00,0.00,525516.22
4.58,0.00,0.00,0.00,162.00,0.00,2967.00,4267.00,0.00,524329.97
4.58,0.00,0.00,0.00,162.00,0.00,2961.00,4273.00,0.00,523156.87
4.59,0.00,0.00,0.00,162.00,0.00,2953.00,4281.00,0.00,521965.73
4.60,0.00,0.00,0.00,162.00,0.00,2944.00,4290.00,0.00,520743.10
4.60,0.00,0.00,0.00,162.00,0.00,2931.00,4303.00,0.00,519431.64
4.61,0.00,0.00,0.00,162.00,0.00,2918.00,4316.00,0.00,518039.07
4.62,0.00,0.00,0.00,162.00,0.00,2911.00,4323.00,0.00,516662.60
4.62,0.00,0.00,0.00,162.00,0.00,2901.00,4333.00,0.00,515255.75
4.63,0.00,0.00,0.00,162.00,0.00,2893.00,4341.00,0.00,513851.22
4.64,0.00,0.00,0.00,162.00,0.00,2888.00,4346.00,0.00,512493.88
4.65,0.00,0.00,0.00,162.00,0.00,2875.00,4359.00,0.00,511059.43
4.65,0.00,0.00,0.00,162.00,0.00,2871.00,4363.00,0.00,509689.79
4.66,0.00,0.00,0.00,162.00,0.00,2862.00,4372.00,0.00,508304.21
4.67,0.00,0.00,0.00,162.00,0.00,2852.00,4382.00,0.00,506889.05
4.67,0.00,0.00,0.00,162.00,0.00,2842.00,4392.00,0.00,505446.88
4.68,0.00,0.00,0.00,162.00,0.00,2833.00,4401.00,0.00,503995.08
4.69,0.00,0.00,0.00,162.00,0.00,2825.00,4409.00,0.00,502549.52
4.69,0.00,0.00,0.00,162.00,0.00,2818.00,4416.00,0.00,501124.67
4.70,0.00,0.00,0.00,162.00,0.00,2810.00,4424.00,0.00,499703.70
4.71,0.00,0.00,0.00,162.00,0.00,2804.00,4430.00,0.00,498316.32
4.72,0.00,0.00,0.00,162.00,0.00,2788.00,4446.00,0.00,496809.39
4.72,0.00,0.00,0.00,162.00,0.00,2776.00,4458.00,0.00,495253.39
4.73,0.00,0.00,0.00,162.00,0.00,2769.00,4465.00,0.00,493727.72
4.74,0.00,0.00,0.00,162.00,0.00,2759.00,4475.00,0.00,492184.67
4.74,0.00,0.00,0.00,162.00,0.00,2750.00,4484.00,0.00,490640.77
4.75,0.00,0.00,0.00,162.00,0.00,2746.00,4488.00,0.00,489171.22
4.76,0.00,0.00,0.00,162.00,0.00,2741.00,4493.00,0.00,487754.52
4.76,0.00,0.00,0.00,162.00,0.00,2734.00,4500.00,0.00,486356.01
4.77,0.00,0.00,0.00,162.00,0.00,2726.00,4508.00,0.00,484959.10
4.78,0.00,0.00,0.00,162.00,0.00,2721.00,4513.00,0.00,483608.71
4.78,0.00,0.00,0.00,162.00,0.00,2716.00,4518.00,0.00,482300.78
4.79,0.00,0.00,0.00,162.00,0.00,2709.00,4525.00,0.00,481001.59
4.80,0.00,0.00,0.00,162.00,0.00,2699.00,4535.00,0.00,479665.29
4.81,0.00,0.00,0.00,162.00,0.00,2697.00,4537.00,0.00,478415.31
4.81,0.00,0.00,0.00,162.00,0.00,2694.00,4540.00,0.00,477229.10
4.82,0.00,0.00,0.00,162.00,0.00,2692.00,4542.00,0.00,476116.14
4.83,0.00,0.00,0.00,162.00,0.00,2689.00,4545.00,0.00,475055.02
4.83,0.00,0.00,0.00,162.00,0.00,2683.00,4551.00,0.00,473996.15
4.84,0.00,0.00,0.00,162.00,0.00,2681.00,4553.00,0.00,472999.44
4.85,0.00,0.00,0.00,162.00,0.00,2673.00,4561.00,0.00,471969.34
4.85,0.00,0.00,0.00,162.00,0.00,2663.00,4571.00,0.00,470878.71
4.86,0.00,0.00,0.00,162.00,0.00,2657.00,4577.00,0.00,469792.90
4.87,0.00,0.00,0.00,162.00,0.00,2649.00,4585.00,0.00,468681.45
4.88,0.00,0.00,0.00,162.00,0.00,2642.00,4592.00,0.00,467561.63
4.88,0.00,0.00,0.00,162.00,0.00,2637.00,4597.00,0.00,466464.20
4.89,0.00,0.00,0.00,162.00,0.00,2631.00,4603.00,0.00,465372.19
4.90,0.00,0.00,0.00,162.00,0.00,2627.00,4607.00,0.00,464315.17
4.90,0.00,0.00,0.00,162.00,0.00,2617.00,4617.00,0.00,463199.97
4.91,0.00,0.00,0.00,162.00,0.00,2611.00,4623.00,0.00,462091.73
4.92,0.00,0.00,0.00,162.00,0.00,2604.00,4630.00,0.00,460974.83
4.92,0.00,0.00,0.00,162.00,0.00,2592.00,4642.00,0.00,459774.91
4.93,0.00,0.00,0.00,162.00,0.00,2586.00,4648.00,0.00,458589.34
4.94,0.00,0.00,0.00,162.00,0.00,2578.00,4656.00,0.00,457386.81
4.94,0.00,0.00,0.00,162.00,0.00,2572.00,4662.00,0.00,456198.86
4.95,0.00,0.00,0.00,162.00,0.00,2562.00,4672.00,0.00,454964.12
4.96,0.00,0.00,0.00,162.00,0.00,2549.00,4685.00,0.00,453641.59
4.97,0.00,0.00,0.00,162.00,0.00,2541.00,4693.00,0.00,452314.04
4.97,0.00,0.00,0.00,162.00,0.00,2532.00,4702.00,0.00,450966.88
4.98,0.00,0.00,0.00,162.00,0.00,2526.00,4708.00,0.00,449646.89
4.99,0.00,0.00,0.00,162.00,0.00,2524.00,4710.00,0.00,448411.79
4.99,0.00,0.00,0.00,162.00,0.00,2516.00,4718.00,0.00,447164.05
5.00,0.00,0.00,0.00,162.00,0.00,2511.00,4723.00,0.00,445949.85
5.01,0.00,0.00,0.00,162.00,0.00,2503.00,4731.00,0.00,444721.18
5.01,0.00,0.00,0.00,162.00,0.00,2495.00,4739.00,0.00,443479.32
5.02,0.00,0.00,0.00,162.00,0.00,2488.00,4746.00,0.00,442240.44
5.03,0.00,0.00,0.00,162.00,0.00,2471.00,4763.00,0.00,440854.04
5.03,0.00,0.00,0.00,162.00,0.00,2460.00,4774.00,0.00,439423.10
5.04,0.00,0.00,0.00,162.00,0.00,2457.00,4777.00,0.00,438071.70
5.05,0.00,0.00,0.00,162.00,0.00,2449.00,4785.00,0.00,436717.79
5.06,0.00,0.00,0.00,162.00,0.00,2444.00,4790.00,0.00,435406.65
5.06,0.00,0.00,0.00,162.00,0.00,2436.00,4798.00,0.00,434089.50
5.07,0.00,0.00,0.00,162.00,0.00,2429.00,4805.00,0.00,432781.88
5.08,0.00,0.00,0.00,162.00,0.00,2423.00,4811.00,0.00,431497.98
5.08,0.00,0.00,0.00,162.00,0.00,2415.00,4819.00,0.00,430205.69
5.09,0.00,0.00,0.00,162.00,0.00,2408.00,4826.00,0.00,428920.77
5.10,0.00,0.00,0.00,162.00,0.00,2401.00,4833.00,0.00,427642.58
5.10,0.00,0.00,0.00,162.00,0.00,2396.00,4838.00,0.00,426400.57
5.11,0.00,0.00,0.00,162.00,0.00,2388.00,4846.00,0.00,425146.52
5.12,0.00,0.00,0.00,162.00,0.00,2382.00,4852.00,0.00,423911.53
5.12,0.00,0.00,0.00,162.00,0.00,2374.00,4860.00,0.00,422663.89
5.13,0.00,0.00,0.00,162.00,0.00,2368.00,4866.00,0.00,421434.76
5.14,0.00,0.00,0.00,162.00,0.00,2354.00,4880.00,0.00,420102.33
5.15,0.00,0.00,0.00,162.00,0.00,2345.00,4889.00,0.00,418750.71
5.15,0.00,0.00,0.00,162.00,0.00,2336.00,4898.00,0.00,417381.58
5.16,0.00,0.00,0.00,162.00,0.00,2331.00,4903.00,0.00,416056.55
5.17,0.00,0.00,0.00,162.00,0.00,2324.00,4910.00,0.00,414741.74
5.17,0.00,0.00,0.00,162.00,0.00,2316.00,4918.00,0.00,413421.23
5.18,0.00,0.00,0.00,162.00,0.00,2312.00,4922.00,0.00,412155.61
5.19,0.00,0.00,0.00,162.00,0.00,2302.00,4932.00,0.00,410849.97
5.19,0.00,0.00,0.00,162.00,0.00,2292.00,4942.00,0.00,409507.79
5.20,0.00,0.00,0.00,162.00,0.00,2283.00,4951.00,0.00,408147.27
5.21,0.00,0.00,0.00,162.00,0.00,2274.00,4960.00,0.00,406770.01
5.22,0.00,0.00,0.00,162.00,0.00,2265.00,4969.00,0.00,405377.47
5.22,0.00,0.00,0.00,162.00,0.00,2259.00,4975.00,0.00,404016.04
5.23,0.00,0.00,0.00,162.00,0.00,2254.00,4980.00,0.00,402698.05
5.24,0.00,0.00,0.00,162.00,0.00,2250.00,4984.00,0.00,401434.74
5.24,0.00,0.00,0.00,162.00,0.00,2244.00,4990.00,0.00,400191.28
5.25,0.00,0.00,0.00,162.00,0.00,2233.00,5001.00,0.00,398890.85
5.26,0.00,0.00,0.00,162.00,0.00,2228.00,5006.00,0.00,397628.54
5.26,0.00,0.00,0.00,162.00,0.00,2226.00,5008.00,0.00,396446.10
5.27,0.00,0.00,0.00,162.00,0.00,2221.00,5013.00,0.00,395291.51
5.28,0.00,0.00,0.00,162.00,0.00,2217.00,5017.00,0.00,394177.36
5.28,0.00,0.00,0.00,162.00,0.00,2205.00,5029.00,0.00,392979.95
5.29,0.00,0.00,0.00,162.00,0.00,2193.00,5041.00,0.00,391706.53
5.30,0.00,0.00,0.00,162.00,0.00,2186.00,5048.00,0.00,390438.83
5.31,0.00,0.00,0.00,162.00,0.00,2178.00,5056.00,0.00,389161.33
5.31,0.00,0.00,0.00,162.00,0.00,2169.00,5065.00,0.00,387859.86
5.32,0.00,0.00,0.00,162.00,0.00,2165.00,5069.00,0.00,386611.63
5.33,0.00,0.00,0.00,162.00,0.00,2151.00,5083.00,0.00,385261.76
5.33,0.00,0.00,0.00,162.00,0.00,2147.00,5087.00,0.00,383969.35
5.34,0.00,0.00,0.00,162.00,0.00,2144.00,5090.00,0.00,382744.40
5.35,0.00,0.00,0.00,162.00,0.00,2137.00,5097.00,0.00,381520.95
5.35,0.00,0.00,0.00,162.00,0.00,2128.00,5106.00,0.00,380268.83
5.36,0.00,0.00,0.00,162.00,0.00,2122.00,5112.00,0.00,379035.60
5.37,0.00,0.00,0.00,162.00,0.00,2117.00,5117.00,0.00,377834.64
5.38,0.00,0.00,0.00,162.00,0.00,2108.00,5126.00,0.00,376603.05
5.38,0.00,0.00,0.00,162.00,0.00,2101.00,5133.00,0.00,375373.53
5.39,0.00,0.00,0.00,162.00,0.00,2097.00,5137.00,0.00,374190.99
5.40,0.00,0.00,0.00,162.00,0.00,2091.00,5143.00,0.00,373021.27
5.40,0.00,0.00,0.00,162.00,0.00,2086.00,5148.00,0.00,371878.30
5.41,0.00,0.00,0.00,162.00,0.00,2079.00,5155.00,0.00,370729.69
5.42,0.00,0.00,0.00,162.00,0.00,2074.00,5160.00,0.00,369605.98
5.42,0.00,0.00,0.00,162.00,0.00,2066.00,5168.00,0.00,368459.93
5.43,0.00,0.00,0.00,162.00,0.00,2058.00,5176.00,0.00,367293.49
5.44,0.00,0.00,0.00,162.00,0.00,2047.00,5187.00,0.00,366063.37
5.44,0.00,0.00,0.00,162.00,0.00,2036.00,5198.00,0.00,364775.11
5.45,0.00,0.00,0.00,162.00,0.00,2031.00,5203.00,0.00,363523.90
5.46,0.00,0.00,0.00,162.00,0.00,2025.00,5209.00,0.00,362291.51
5.47,0.00,0.00,0.00,162.00,0.00,2020.00,5214.00,0.00,361091.32
5.47,0.00,0.00,0.00,162.00,0.00,2015.00,5219.00,0.00,359920.51
5.48,0.00,0.00,0.00,162.00,0.00,2009.00,5225.00,0.00,358761.52
5.49,0.00,0.00,0.00,162.00,0.00,2001.00,5233.00,0.00,357583.26
5.49,0.00,0.00,0.00,162.00,0.00,1997.00,5237.00,0.00,356447.51
5.50,0.00,0.00,0.00,162.00,0.00,1986.00,5248.00,0.00,355245.40
5.51,0.00,0.00,0.00,162.00,0.00,1972.00,5262.00,0.00,353937.64
5.51,0.00,0.00,0.00,162.00,0.00,1967.00,5267.00,0.00,352668.64
5.52,0.00,0.00,0.00,162.00,0.00,1961.00,5273.00,0.00,351420.01
5.53,0.00,0.00,0.00,162.00,0.00,1950.00,5284.00,0.00,350114.84
5.53,0.00,0.00,0.00,162.00,0.00,1944.00,5290.00,0.00,348833.18
5.54,0.00,0.00,0.00,162.00,0.00,1937.00,5297.00,0.00,347557.96
5.55,0.00,0.00,0.00,162.00,0.00,1930.00,5304.00,0.00,346288.63
5.56,0.00,0.00,0.00,162.00,0.00,1920.00,5314.00,0.00,344979.59
5.56,0.00,0.00,0.00,162.00,0.00,1918.00,5316.00,0.00,343754.49
5.57,0.00,0.00,0.00,162.00,0.00,1910.00,5324.00,0.00,342515.88
5.58,0.00,0.00,0.00,162.00,0.00,1905.00,5329.00,0.00,341310.01
5.58,0.00,0.00,0.00,162.00,0.00,1895.00,5339.00,0.00,340058.91
5.59,0.00,0.00,0.00,162.00,0.00,1891.00,5343.00,0.00,338856.65
5.60,0.00,0.00,0.00,162.00,0.00,1888.00,5346.00,0.00,337714.02
5.60,0.00,0.00,0.00,162.00,0.00,1876.00,5358.00,0.00,336490.61
5.61,0.00,0.00,0.00,162.00,0.00,1869.00,5365.00,0.00,335268.56
5.62,0.00,0.00,0.00,162.00,0.00,1863.00,5371.00,0.00,334062.78
5.62,0.00,0.00,0.00,162.00,0.00,1858.00,5376.00,0.00,332886.89
5.63,0.00,0.00,0.00,162.00,0.00,1854.00,5380.00,0.00,331753.29
5.64,0.00,0.00,0.00,162.00,0.00,1849.00,5385.00,0.00,330643.29
5.65,0.00,0.00,0.00,162.00,0.00,1843.00,5391.00,0.00,329539.80
5.65,0.00,0.00,0.00,162.00,0.00,1838.00,5396.00,0.00,328457.29
5.66,0.00,0.00,0.00,162.00,0.00,1830.00,5404.00,0.00,327348.85
5.67,0.00,0.00,0.00,162.00,0.00,1820.00,5414.00,0.00,326186.70
5.67,0.00,0.00,0.00,162.00,0.00,1816.00,5418.00,0.00,325065.65
5.68,0.00,0.00,0.00,162.00,0.00,1812.00,5422.00,0.00,323982.12
5.69,0.00,0.00,0.00,162.00,0.00,1804.00,5430.00,0.00,322872.76
5.69,0.00,0.00,0.00,162.00,0.00,1799.00,5435.00,0.00,321784.88
5.70,0.00,0.00,0.00,162.00,0.00,1793.00,5441.00,0.00,320701.59
5.71,0.00,0.00,0.00,162.00,0.00,1787.00,5447.00,0.00,319622.50
5.72,0.00,0.00,0.00,162.00,0.00,1783.00,5451.00,0.00,318577.27
5.72,0.00,0.00,0.00,162.00,0.00,1777.00,5457.00,0.00,317532.92
5.73,0.00,0.00,0.00,162.00,0.00,1773.00,5461.00,0.00,316519.41
5.74,0.00,0.00,0.00,162.00,0.00,1766.00,5468.00,0.00,315488.99
5.74,0.00,0.00,0.00,162.00,0.00,1754.00,5480.00,0.00,314368.02
5.75,0.00,0.00,0.00,162.00,0.00,1750.00,5484.00,0.00,313284.57
5.76,0.00,0.00,0.00,162.00,0.00,1742.00,5492.00,0.00,312175.28
5.76,0.00,0.00,0.00,162.00,0.00,1739.00,5495.00,0.00,311117.51
5.77,0.00,0.00,0.00,162.00,0.00,1732.00,5502.00,0.00,310046.68
5.78,0.00,0.00,0.00,162.00,0.00,1730.00,5504.00,0.00,309039.05
5.78,0.00,0.00,0.00,162.00,0.00,1724.00,5510.00,0.00,308029.02
5.79,0.00,0.00,0.00,162.00,0.00,1718.00,5516.00,0.00,307016.81
5.80,0.00,0.00,0.00,162.00,0.00,1714.00,5520.00,0.00,306032.64
5.81,0.00,0.00,0.00,162.00,0.00,1705.00,5529.00,0.00,304998.96
5.81,0.00,0.00,0.00,162.00,0.00,1701.00,5533.00,0.00,303995.19
5.82,0.00,0.00,0.00,162.00,0.00,1693.00,5541.00,0.00,302958.65
5.83,0.00,0.00,0.00,162.00,0.00,1685.00,5549.00,0.00,301892.18
5.83,0.00,0.00,0.00,162.00,0.00,1679.00,5555.00,0.00,300828.43
5.84,0.00,0.00,0.00,162.00,0.00,1674.00,5560.00,0.00,299782.19
5.85,0.00,0.00,0.00,162.00,0.00,1667.00,5567.00,0.00,298721.90
5.85,0.00,0.00,0.00,162.00,0.00,1663.00,5571.00,0.00,297693.84
5.86,0.00,0.00,0.00,162.00,0.00,1658.00,5576.00,0.00,296680.18
5.87,0.00,0.00,0.00,162.00,0.00,1646.00,5588.00,0.00,295574.51
5.88,0.00,0.00,0.00,162.00,0.00,1640.00,5594.00,0.00,294474.98
5.88,0.00,0.00,0.00,162.00,0.00,1635.00,5599.00,0.00,293396.07
5.89,0.00,0.00,0.00,162.00,0.00,1631.00,5603.00,0.00,292351.02
5.90,0.00,0.00,0.00,162.00,0.00,1618.00,5616.00,0.00,291201.67
5.90,0.00,0.00,0.00,162.00,0.00,1614.00,5620.00,0.00,290092.31
5.91,0.00,0.00,0.00,162.00,0.00,1610.00,5624.00,0.00,289019.45
5.92,0.00,0.00,0.00,162.00,0.00,1609.00,5625.00,0.00,288024.99
5.92,0.00,0.00,0.00,162.00,0.00,1606.00,5628.00,0.00,287072.06
5.93,0.00,0.00,0.00,162.00,0.00,1602.00,5632.00,0.00,286142.01
5.94,0.00,0.00,0.00,162.00,0.00,1600.00,5634.00,0.00,285262.90
5.94,0.00,0.00,0.00,162.00,0.00,1593.00,5641.00,0.00,284355.17
5.95,0.00,0.00,0.00,162.00,0.00,1584.00,5650.00,0.00,283391.28
5.96,0.00,0.00,0.00,162.00,0.00,1578.00,5656.00,0.00,282421.18
5.97,0.00,0.00,0.00,162.00,0.00,1571.00,5663.00,0.00,281430.40
5.97,0.00,0.00,0.00,162.00,0.00,1558.00,5676.00,0.00,280330.58
5.98,0.00,0.00,0.00,162.00,0.00,1543.00,5691.00,0.00,279101.19
5.99,0.00,0.00,0.00,162.00,0.00,1538.00,5696.00,0.00,277903.73
5.99,0.00,0.00,0.00,162.00,0.00,1528.00,5706.00,0.00,276660.31
6.00,0.00,0.00,0.00,162.00,0.00,1520.00,5714.00,0.00,275404.98
6.01,0.00,0.00,0.00,162.00,0.00,1510.00,5724.00,0.00,274108.72
6.01,0.00,0.00,0.00,162.00,0.00,1505.00,5729.00,0.00,272850.22
6.02,0.00,0.00,0.00,162.00,0.00,1502.00,5732.00,0.00,271656.24
6.03,0.00,0.00,0.00,162.00,0.00,1496.00,5738.00,0.00,270476.09
6.03,0.00,0.00,0.00,162.00,0.00,1489.00,5745.00,0.00,269293.54
6.04,0.00,0.00,0.00,162.00,0.00,1480.00,5754.00,0.00,268078.75
6.05,0.00,0.00,0.00,162.00,0.00,1470.00,5764.00,0.00,266819.51
6.06,0.00,0.00,0.00,162.00,0.00,1465.00,5769.00,0.00,265594.80
6.06,0.00,0.00,0.00,162.00,0.00,1459.00,5775.00,0.00,264386.60
6.07,0.00,0.00,0.00,162.00,0.00,1451.00,5783.00,0.00,263163.41
6.08,0.00,0.00,0.00,162.00,0.00,1444.00,5790.00,0.00,261941.58
6.08,0.00,0.00,0.00,162.00,0.00,1434.00,5800.00,0.00,260675.91
6.09,0.00,0.00,0.00,162.00,0.00,1429.00,5805.00,0.00,259445.33
6.10,0.00,0.00,0.00,162.00,0.00,1420.00,5814.00,0.00,258186.70
6.10,0.00,0.00,0.00,162.00,0.00,1415.00,5819.00,0.00,256962.54
6.11,0.00,0.00,0.00,162.00,0.00,1404.00,5830.00,0.00,255679.73
6.12,0.00,0.00,0.00,162.00,0.00,1397.00,5837.00,0.00,254403.46
6.12,0.00,0.00,0.00,162.00,0.00,1389.00,5845.00,0.00,253118.13
6.13,0.00,0.00,0.00,162.00,0.00,1382.00,5852.00,0.00,251839.57
6.14,0.00,0.00,0.00,162.00,0.00,1377.00,5857.00,0.00,250597.22
6.15,0.00,0.00,0.00,162.00,0.00,1374.00,5860.00,0.00,249417.98
6.15,0.00,0.00,0.00,162.00,0.00,1371.00,5863.00,0.00,248296.36
6.16,0.00,0.00,0.00,162.00,0.00,1364.00,5870.00,0.00,247167.24
6.17,0.00,0.00,0.00,162.00,0.00,1357.00,5877.00,0.00,246031.28
6.17,0.00,0.00,0.00,162.00,0.00,1347.00,5887.00,0.00,244844.00
6.18,0.00,0.00,0.00,162.00,0.00,1336.00,5898.00,0.00,243594.85
6.19,0.00,0.00,0.00,162.00,0.00,1329.00,5905.00,0.00,242349.31
6.19,0.00,0.00,0.00,162.00,0.00,1324.00,5910.00,0.00,241137.11
6.20,0.00,0.00,0.00,162.00,0.00,1320.00,5914.00,0.00,239970.37
6.21,0.00,0.00,0.00,162.00,0.00,1310.00,5924.00,0.00,238754.99
6.22,0.00,0.00,0.00,162.00,0.00,1303.00,5931.00,0.00,237540.29
6.22,0.00,0.00,0.00,162.00,0.00,1295.00,5939.00,0.00,236311.17
6.23,0.00,0.00,0.00,162.00,0.00,1290.00,5944.00,0.00,235113.96
6.24,0.00,0.00,0.00,162.00,0.00,1284.00,5950.00,0.00,233930.86
6.24,0.00,0.00,0.00,162.00,0.00,1274.00,5960.00,0.00,232700.55
6.25,0.00,0.00,0.00,162.00,0.00,1270.00,5964.00,0.00,231517.28
6.26,0.00,0.00,0.00,162.00,0.00,1262.00,5972.00,0.00,230316.85
6.26,0.00,0.00,0.00,162.00,0.00,1256.00,5978.00,0.00,229130.82
6.27,0.00,0.00,0.00,162.00,0.00,1253.00,5981.00,0.00,228002.99
6.28,0.00,0.00,0.00,162.00,0.00,1250.00,5984.00,0.00,226928.30
6.28,0.00,0.00,0.00,162.00,0.00,1247.00,5987.00,0.00,225902.12
6.29,0.00,0.00,0.00,162.00,0.00,1239.00,5995.00,0.00,224845.11
6.30,0.00,0.00,0.00,162.00,0.00,1230.00,6004.00,0.00,223744.93
6.31,0.00,0.00,0.00,162.00,0.00,1222.00,6012.00,0.00,222620.37
6.31,0.00,0.00,0.00,162.00,0.00,1217.00,6017.00,0.00,221518.61
6.32,0.00,0.00,0.00,162.00,0.00,1215.00,6019.00,0.00,220482.75
6.33,0.00,0.00,0.00,162.00,0.00,1211.00,6023.00,0.00,219476.99
6.33,0.00,0.00,0.00,162.00,0.00,1205.00,6029.00,0.00,218468.67
6.34,0.00,0.00,0.00,162.00,0.00,1193.00,6041.00,0.00,217367.87
6.35,0.00,0.00,0.00,162.00,0.00,1183.00,6051.00,0.00,216212.70
6.35,0.00,0.00,0.00,162.00,0.00,1177.00,6057.00,0.00,215067.97
6.36,0.00,0.00,0.00,162.00,0.00,1166.00,6068.00,0.00,213857.67
6.37,0.00,0.00,0.00,162.00,0.00,1162.00,6072.00,0.00,212692.66
6.38,0.00,0.00,0.00,162.00,0.00,1154.00,6080.00,0.00,211508.91
6.38,0.00,0.00,0.00,162.00,0.00,1147.00,6087.00,0.00,210323.08
6.39,0.00,0.00,0.00,162.00,0.00,1141.00,6093.00,0.00,209150.36
6.40,0.00,0.00,0.00,162.00,0.00,1138.00,6096.00,0.00,208034.70
6.40,0.00,0.00,0.00,162.00,0.00,1131.00,6103.00,0.00,206911.01
6.41,0.00,0.00,0.00,162.00,0.00,1129.00,6105.00,0.00,205855.13
6.42,0.00,0.00,0.00,162.00,0.00,1125.00,6109.00,0.00,204831.10
6.42,0.00,0.00,0.00,162.00,0.00,1122.00,6112.00,0.00,203851.16
6.43,0.00,0.00,0.00,162.00,0.00,1118.00,6116.00,0.00,202896.47
6.44,0.00,0.00,0.00,162.00,0.00,1111.00,6123.00,0.00,201919.74
6.44,0.00,0.00,0.00,162.00,0.00,1105.00,6129.00,0.00,200937.92
6.45,0.00,0.00,0.00,162.00,0.00,1094.00,6140.00,0.00,199876.34
6.46,0.00,0.00,0.00,162.00,0.00,1088.00,6146.00,0.00,198817.06
6.47,0.00,0.00,0.00,162.00,0.00,1081.00,6153.00,0.00,197744.86
6.47,0.00,0.00,0.00,162.00,0.00,1073.00,6161.00,0.00,196645.83
6.48,0.00,0.00,0.00,162.00,0.00,1065.00,6169.00,0.00,195522.32
6.49,0.00,0.00,0.00,162.00,0.00,1059.00,6175.00,0.00,194406.50
6.49,0.00,0.00,0.00,162.00,0.00,1050.00,6184.00,0.00,193252.64
6.50,0.00,0.00,0.00,162.00,0.00,1048.00,6186.00,0.00,192169.20
6.51,0.00,0.00,0.00,162.00,0.00,1042.00,6192.00,0.00,191089.96
6.51,0.00,0.00,0.00,162.00,0.00,1034.00,6200.00,0.00,189984.52
6.52,0.00,0.00,0.00,162.00,0.00,1029.00,6205.00,0.00,188900.21
6.53,0.00,0.00,0.00,162.00,0.00,1025.00,6209.00,0.00,187850.23
6.53,0.00,0.00,0.00,162.00,0.00,1017.00,6217.00,0.00,186771.50
6.54,0.00,0.00,0.00,162.00,0.00,1011.00,6223.00,0.00,185696.56
6.55,0.00,0.00,0.00,162.00,0.00,1006.00,6228.00,0.00,184640.10
6.56,0.00,0.00,0.00,162.00,0.00,1000.00,6234.00,0.00,183585.50
6.56,0.00,0.00,0.00,162.00,0.00,995.00,6239.00,0.00,182547.61
6.57,0.00,0.00,0.00,162.00,0.00,988.00,6246.00,0.00,181494.93
6.58,0.00,0.00,0.00,162.00,0.00,981.00,6253.00,0.00,180428.76
6.58,0.00,0.00,0.00,162.00,0.00,979.00,6255.00,0.00,179425.38
6.59,0.00,0.00,0.00,162.00,0.00,973.00,6261.00,0.00,178419.23
6.60,0.00,0.00,0.00,162.00,0.00,967.00,6267.00,0.00,177410.55
6.60,0.00,0.00,0.00,162.00,0.00,961.00,6273.00,0.00,176399.57
6.61,0.00,0.00,0.00,162.00,0.00,953.00,6281.00,0.00,175356.43
6.62,0.00,0.00,0.00,162.00,0.00,948.00,6286.00,0.00,174329.01
6.62,0.00,0.00,0.00,162.00,0.00,943.00,6291.00,0.00,173315.94
6.63,0.00,0.00,0.00,162.00,0.00,940.00,6294.00,0.00,172346.01
6.64,0.00,0.00,0.00,162.00,0.00,931.00,6303.00,0.00,171325.33
6.65,0.00,0.00,0.00,162.00,0.00,928.00,6306.00,0.00,170348.46
6.65,0.00,0.00,0.00,162.00,0.00,917.00,6317.00,0.00,169291.40
6.66,0.00,0.00,0.00,162.00,0.00,913.00,6321.00,0.00,168266.29
6.67,0.00,0.00,0.00,162.00,0.00,906.00,6328.00,0.00,167225.28
6.67,0.00,0.00,0.00,162.00,0.00,902.00,6332.00,0.00,166214.82
6.68,0.00,0.00,0.00,162.00,0.00,899.00,6335.00,0.00,165247.28
6.69,0.00,0.00,0.00,162.00,0.00,894.00,6340.00,0.00,164288.88
6.69,0.00,0.00,0.00,162.00,0.00,888.00,6346.00,0.00,163323.79
6.70,0.00,0.00,0.00,162.00,0.00,880.00,6354.00,0.00,162322.55
6.71,0.00,0.00,0.00,162.00,0.00,873.00,6361.00,0.00,161303.33
6.72,0.00,0.00,0.00,162.00,0.00,866.00,6368.00,0.00,160267.71
6.72,0.00,0.00,0.00,162.00,0.00,857.00,6377.00,0.00,159187.05
6.73,0.00,0.00,0.00,162.00,0.00,851.00,6383.00,0.00,158110.35
6.74,0.00,0.00,0.00,162.00,0.00,850.00,6384.00,0.00,157112.38
6.74,0.00,0.00,0.00,162.00,0.00,846.00,6388.00,0.00,156141.22
6.75,0.00,0.00,0.00,162.00,0.00,841.00,6393.00,0.00,155179.51
6.76,0.00,0.00,0.00,162.00,0.00,834.00,6400.00,0.00,154196.38
6.76,0.00,0.00,0.00,162.00,0.00,823.00,6411.00,0.00,153133.60
6.77,0.00,0.00,0.00,162.00,0.00,813.00,6421.00,0.00,152013.14
6.78,0.00,0.00,0.00,162.00,0.00,807.00,6427.00,0.00,150900.10
6.78,0.00,0.00,0.00,162.00,0.00,801.00,6433.00,0.00,149793.84
6.79,0.00,0.00,0.00,162.00,0.00,795.00,6439.00,0.00,148693.77
6.80,0.00,0.00,0.00,162.00,0.00,787.00,6447.00,0.00,147569.30
6.81,0.00,0.00,0.00,162.00,0.00,780.00,6454.00,0.00,146437.59
6.81,0.00,0.00,0.00,162.00,0.00,775.00,6459.00,0.00,145329.31
6.82,0.00,0.00,0.00,162.00,0.00,773.00,6461.00,0.00,144287.48
6.83,0.00,0.00,0.00,162.00,0.00,766.00,6468.00,0.00,143231.22
6.83,0.00,0.00,0.00,162.00,0.00,761.00,6473.00,0.00,142191.81
6.84,0.00,0.00,0.00,162.00,0.00,753.00,6481.00,0.00,141122.72
6.85,0.00,0.00,0.00,162.00,0.00,747.00,6487.00,0.00,140056.59
6.85,0.00,0.00,0.00,162.00,0.00,741.00,6493.00,0.00,138993.15
6.86,0.00,0.00,0.00,162.00,0.00,740.00,6494.00,0.00,138007.29
6.87,0.00,0.00,0.00,162.00,0.00,736.00,6498.00,0.00,137047.18
6.88,0.00,0.00,0.00,162.00,0.00,730.00,6504.00,0.00,136080.54
6.88,0.00,0.00,0.00,162.00,0.00,719.00,6515.00,0.00,135032.81
6.89,0.00,0.00,0.00,162.00,0.00,710.00,6524.00,0.00,133941.11
6.90,0.00,0.00,0.00,162.00,0.00,704.00,6530.00,0.00,132854.33
6.90,0.00,0.00,0.00,162.00,0.00,700.00,6534.00,0.00,131802.09
6.91,0.00,0.00,0.00,162.00,0.00,699.00,6535.00,0.00,130826.45
6.92,0.00,0.00,0.00,162.00,0.00,693.00,6541.00,0.00,129845.63
6.92,0.00,0.00,0.00,162.00,0.00,688.00,6546.00,0.00,128875.09
6.93,0.00,0.00,0.00,162.00,0.00,684.00,6550.00,0.00,127928.98
6.94,0.00,0.00,0.00,162.00,0.00,681.00,6553.00,0.00,127020.18
6.94,0.00,0.00,0.00,162.00,0.00,676.00,6558.00,0.00,126115.40
6.95,0.00,0.00,0.00,162.00,0.00,669.00,6565.00,0.00,125184.24
6.96,0.00,0.00,0.00,162.00,0.00,665.00,6569.00,0.00,124274.07
6.97,0.00,0.00,0.00,162.00,0.00,661.00,6573.00,0.00,123383.06
6.97,0.00,0.00,0.00,162.00,0.00,659.00,6575.00,0.00,122539.59
6.98,0.00,0.00,0.00,162.00,0.00,656.00,6578.00,0.00,121724.50
6.99,0.00,0.00,0.00,162.00,0.00,650.00,6584.00,0.00,120890.25
6.99,0.00,0.00,0.00,162.00,0.00,645.00,6589.00,0.00,120053.52
7.00,0.00,0.00,0.00,162.00,0.00,641.00,6593.00,0.00,119229.56
7.01,0.00,0.00,0.00,162.00,0.00,632.00,6602.00,0.00,118342.13
7.01,0.00,0.00,0.00,162.00,0.00,629.00,6605.00,0.00,117486.92
7.02,0.00,0.00,0.00,162.00,0.00,627.00,6607.00,0.00,116676.12
7.03,0.00,0.00,0.00,162.00,0.00,624.00,6610.00,0.00,115890.86
7.03,0.00,0.00,0.00,162.00,0.00,618.00,6616.00,0.00,115083.83
7.04,0.00,0.00,0.00,162.00,0.00,612.00,6622.00,0.00,114256.94
7.05,0.00,0.00,0.00,162.00,0.00,606.00,6628.00,0.00,113411.91
7.06,0.00,0.00,0.00,162.00,0.00,602.00,6632.00,0.00,112580.37
7.06,0.00,0.00,0.00,162.00,0.00,593.00,6641.00,0.00,111686.03
7.07,0.00,0.00,0.00,162.00,0.00,590.00,6644.00,0.00,110824.50
7.08,0.00,0.00,0.00,162.00,0.00,585.00,6649.00,0.00,109962.87
7.08,0.00,0.00,0.00,162.00,0.00,580.00,6654.00,0.00,109101.15
7.09,0.00,0.00,0.00,162.00,0.00,576.00,6658.00,0.00,108254.38
7.10,0.00,0.00,0.00,162.00,0.00,572.00,6662.00,0.00,107421.24
7.10,0.00,0.00,0.00,162.00,0.00,569.00,6665.00,0.00,106615.58
7.11,0.00,0.00,0.00,162.00,0.00,566.00,6668.00,0.00,105835.01
7.12,0.00,0.00,0.00,162.00,0.00,561.00,6673.00,0.00,105047.29
7.12,0.00,0.00,0.00,162.00,0.00,554.00,6680.00,0.00,104223.00
7.13,0.00,0.00,0.00,162.00,0.00,551.00,6683.00,0.00,103425.42
7.14,0.00,0.00,0.00,162.00,0.00,546.00,6688.00,0.00,102622.17
7.15,0.00,0.00,0.00,162.00,0.00,538.00,6696.00,0.00,101768.68
7.15,0.00,0.00,0.00,162.00,0.00,537.00,6697.00,0.00,100974.48
7.16,0.00,0.00,0.00,162.00,0.00,535.00,6699.00,0.00,100219.40
7.17,0.00,0.00,0.00,162.00,0.00,529.00,6705.00,0.00,99439.92
7.17,0.00,0.00,0.00,162.00,0.00,523.00,6711.00,0.00,98638.18
7.18,0.00,0.00,0.00,162.00,0.00,516.00,6718.00,0.00,97801.09
7.19,0.00,0.00,0.00,162.00,0.00,513.00,6721.00,0.00,96991.82
7.19,0.00,0.00,0.00,162.00,0.00,505.00,6729.00,0.00,96132.84
7.20,0.00,0.00,0.00,162.00,0.00,500.00,6734.00,0.00,95273.53
7.21,0.00,0.00,0.00,162.00,0.00,496.00,6738.00,0.00,94428.96
7.22,0.00,0.00,0.00,162.00,0.00,490.00,6744.00,0.00,93567.79
7.22,0.00,0.00,0.00,162.00,0.00,488.00,6746.00,0.00,92751.57
7.23,0.00,0.00,0.00,162.00,0.00,486.00,6748.00,0.00,91976.37
7.24,0.00,0.00,0.00,162.00,0.00,481.00,6753.00,0.00,91193.55
7.24,0.00,0.00,0.00,162.00,0.00,478.00,6756.00,0.00,90433.83
7.25,0.00,0.00,0.00,162.00,0.00,472.00,6762.00,0.00,89650.13
7.26,0.00,0.00,0.00,162.00,0.00,467.00,6767.00,0.00,88859.55
7.26,0.00,0.00,0.00,162.00,0.00,461.00,6773.00,0.00,88047.67
7.27,0.00,0.00,0.00,162.00,0.00,454.00,6780.00,0.00,87201.33
7.28,0.00,0.00,0.00,162.00,0.00,452.00,6782.00,0.00,86398.64
7.28,0.00,0.00,0.00,162.00,0.00,448.00,6786.00,0.00,85605.74
7.29,0.00,0.00,0.00,162.00,0.00,445.00,6789.00,0.00,84836.83
7.30,0.00,0.00,0.00,162.00,0.00,440.00,6794.00,0.00,84059.75
7.31,0.00,0.00,0.00,162.00,0.00,437.00,6797.00,0.00,83305.26
7.31,0.00,0.00,0.00,162.00,0.00,431.00,6803.00,0.00,82526.34
7.32,0.00,0.00,0.00,162.00,0.00,426.00,6808.00,0.00,81740.12
7.33,0.00,0.00,0.00,162.00,0.00,423.00,6811.00,0.00,80977.30
7.33,0.00,0.00,0.00,162.00,0.00,418.00,6816.00,0.00,80205.78
7.34,0.00,0.00,0.00,162.00,0.00,409.00,6825.00,0.00,79366.24
7.35,0.00,0.00,0.00,162.00,0.00,402.00,6832.00,0.00,78494.64
7.35,0.00,0.00,0.00,162.00,0.00,401.00,6833.00,0.00,77683.91
7.36,0.00,0.00,0.00,162.00,0.00,397.00,6837.00,0.00,76883.68
7.37,0.00,0.00,0.00,162.00,0.00,395.00,6839.00,0.00,76123.09
7.38,0.00,0.00,0.00,162.00,0.00,391.00,6843.00,0.00,75368.64
7.38,0.00,0.00,0.00,162.00,0.00,381.00,6853.00,0.00,74529.64
7.39,0.00,0.00,0.00,162.00,0.00,379.00,6855.00,0.00,73733.66
7.40,0.00,0.00,0.00,162.00,0.00,375.00,6859.00,0.00,72946.90
7.40,0.00,0.00,0.00,162.00,0.00,370.00,6864.00,0.00,72153.53
7.41,0.00,0.00,0.00,162.00,0.00,368.00,6866.00,0.00,71399.19
7.42,0.00,0.00,0.00,162.00,0.00,365.00,6869.00,0.00,70665.48
7.42,0.00,0.00,0.00,162.00,0.00,363.00,6871.00,0.00,69965.60
7.43,0.00,0.00,0.00,162.00,0.00,361.00,6873.00,0.00,69296.62
7.44,0.00,0.00,0.00,162.00,0.00,357.00,6877.00,0.00,68625.80
7.44,0.00,0.00,0.00,162.00,0.00,353.00,6881.00,0.00,67953.30
7.45,0.00,0.00,0.00,162.00,0.00,348.00,6886.00,0.00,67264.25
7.46,0.00,0.00,0.00,162.00,0.00,346.00,6888.00,0.00,66605.14
7.47,0.00,0.00,0.00,162.00,0.00,339.00,6895.00,0.00,65898.27
7.47,0.00,0.00,0.00,162.00,0.00,338.00,6896.00,0.00,65237.93
7.48,0.00,0.00,0.00,162.00,0.00,334.00,6900.00,0.00,64574.99
7.49,0.00,0.00,0.00,162.00,0.00,330.00,6904.00,0.00,63909.69
7.49,0.00,0.00,0.00,162.00,0.00,328.00,6906.00,0.00,63272.27
7.50,0.00,0.00,0.00,162.00,0.00,321.00,6913.00,0.00,62585.19
7.51,0.00,0.00,0.00,162.00,0.00,316.00,6918.00,0.00,61882.83
7.51,0.00,0.00,0.00,162.00,0.00,313.00,6921.00,0.00,61196.56
7.52,0.00,0.00,0.00,162.00,0.00,309.00,6925.00,0.00,60509.95
7.53,0.00,0.00,0.00,162.00,0.00,305.00,6929.00,0.00,59823.04
7.53,0.00,0.00,0.00,162.00,0.00,304.00,6930.00,0.00,59180.91
7.54,0.00,0.00,0.00,162.00,0.00,299.00,6935.00,0.00,58519.59
7.55,0.00,0.00,0.00,162.00,0.00,295.00,6939.00,0.00,57855.76
7.56,0.00,0.00,0.00,162.00,0.00,294.00,6940.00,0.00,57234.71
7.56,0.00,0.00,0.00,162.00,0.00,288.00,6946.00,0.00,56577.59
7.57,0.00,0.00,0.00,162.00,0.00,282.00,6952.00,0.00,55887.56
7.58,0.00,0.00,0.00,162.00,0.00,278.00,6956.00,0.00,55197.52
7.58,0.00,0.00,0.00,162.00,0.00,276.00,6958.00,0.00,54537.52
7.59,0.00,0.00,0.00,162.00,0.00,275.00,6959.00,0.00,53919.97
7.60,0.00,0.00,0.00,162.00,0.00,270.00,6964.00,0.00,53281.08
7.60,0.00,0.00,0.00,162.00,0.00,264.00,6970.00,0.00,52607.68
7.61,0.00,0.00,0.00,162.00,0.00,260.00,6974.00,0.00,51932.82
7.62,0.00,0.00,0.00,162.00,0.00,256.00,6978.00,0.00,51256.64
7.62,0.00,0.00,0.00,162.00,0.00,252.00,6982.00,0.00,50579.24
7.63,0.00,0.00,0.00,162.00,0.00,249.00,6985.00,0.00,49915.76
7.64,0.00,0.00,0.00,162.00,0.00,247.00,6987.00,0.00,49280.00
7.65,0.00,0.00,0.00,162.00,0.00,245.00,6989.00,0.00,48669.56
7.65,0.00,0.00,0.00,162.00,0.00,241.00,6993.00,0.00,48052.18
7.66,0.00,0.00,0.00,162.00,0.00,239.00,6995.00,0.00,47458.52
7.67,0.00,0.00,0.00,162.00,0.00,236.00,6998.00,0.00,46871.47
7.67,0.00,0.00,0.00,162.00,0.00,234.00,7000.00,0.00,46305.50
7.68,0.00,0.00,0.00,162.00,0.00,231.00,7003.00,0.00,45743.75
7.69,0.00,0.00,0.00,162.00,0.00,229.00,7005.00,0.00,45200.86
7.69,0.00,0.00,0.00,162.00,0.00,225.00,7009.00,0.00,44645.15
7.70,0.00,0.00,0.00,162.00,0.00,223.00,7011.00,0.00,44107.78
7.71,0.00,0.00,0.00,162.00,0.00,220.00,7014.00,0.00,43572.14
7.72,0.00,0.00,0.00,162.00,0.00,217.00,7017.00,0.00,43038.07
7.72,0.00,0.00,0.00,162.00,0.00,212.00,7022.00,0.00,42475.39
7.73,0.00,0.00,0.00,162.00,0.00,212.00,7022.00,0.00,41961.70
7.74,0.00,0.00,0.00,162.00,0.00,207.00,7027.00,0.00,41417.63
7.74,0.00,0.00,0.00,162.00,0.00,206.00,7028.00,0.00,40905.91
7.75,0.00,0.00,0.00,162.00,0.00,204.00,7030.00,0.00,40408.70
7.76,0.00,0.00,0.00,162.00,0.00,200.00,7034.00,0.00,39894.70
7.76,0.00,0.00,0.00,162.00,0.00,198.00,7036.00,0.00,39395.40
7.77,0.00,0.00,0.00,162.00,0.00,195.00,7039.00,0.00,38894.52
7.78,0.00,0.00,0.00,162.00,0.00,190.00,7044.00,0.00,38362.13
7.78,0.00,0.00,0.00,162.00,0.00,188.00,7046.00,0.00,37846.06
7.79,0.00,0.00,0.00,162.00,0.00,187.00,7047.00,0.00,37359.90
7.80,0.00,0.00,0.00,162.00,0.00,185.00,7049.00,0.00,36886.02
7.81,0.00,0.00,0.00,162.00,0.00,182.00,7052.00,0.00,36408.34
7.81,0.00,0.00,0.00,162.00,0.00,179.00,7055.00,0.00,35927.19
7.82,0.00,0.00,0.00,162.00,0.00,175.00,7059.00,0.00,35427.84
7.83,0.00,0.00,0.00,162.00,0.00,175.00,7059.00,0.00,34971.97
7.83,0.00,0.00,0.00,162.00,0.00,172.00,7062.00,0.00,34510.73
7.84,0.00,0.00,0.00,162.00,0.00,169.00,7065.00,0.00,34044.58
7.85,0.00,0.00,0.00,162.00,0.00,166.00,7068.00,0.00,33573.95
7.85,0.00,0.00,0.00,162.00,0.00,163.00,7071.00,0.00,33099.23
7.86,0.00,0.00,0.00,162.00,0.00,159.00,7075.00,0.00,32605.76
7.87,0.00,0.00,0.00,162.00,0.00,157.00,7077.00,0.00,32125.21
7.88,0.00,0.00,0.00,162.00,0.00,155.00,7079.00,0.00,31656.46
7.88,0.00,0.00,0.00,162.00,0.00,151.00,7083.00,0.00,31168.43
7.89,0.00,0.00,0.00,162.00,0.00,149.00,7085.00,0.00,30692.85
7.90,0.00,0.00,0.00,162.00,0.00,148.00,7086.00,0.00,30243.66
7.90,0.00,0.00,0.00,162.00,0.00,146.00,7088.00,0.00,29803.54
7.91,0.00,0.00,0.00,162.00,0.00,140.00,7094.00,0.00,29311.60
7.92,0.00,0.00,0.00,162.00,0.00,135.00,7099.00,0.00,28787.39
7.92,0.00,0.00,0.00,162.00,0.00,134.00,7100.00,0.00,28293.79
7.93,0.00,0.00,0.00,162.00,0.00,132.00,7102.00,0.00,27813.14
7.94,0.00,0.00,0.00,162.00,0.00,132.00,7102.00,0.00,27374.33
7.94,0.00,0.00,0.00,162.00,0.00,129.00,7105.00,0.00,26928.67
7.95,0.00,0.00,0.00,162.00,0.00,128.00,7106.00,0.00,26506.78
7.96,0.00,0.00,0.00,162.00,0.00,124.00,7110.00,0.00,26061.55
7.97,0.00,0.00,0.00,162.00,0.00,123.00,7111.00,0.00,25640.05
7.97,0.00,0.00,0.00,162.00,0.00,120.00,7114.00,0.00,25210.19
7.98,0.00,0.00,0.00,162.00,0.00,117.00,7117.00,0.00,24772.70
7.99,0.00,0.00,0.00,162.00,0.00,114.00,7120.00,0.00,24328.22
7.99,0.00,0.00,0.00,162.00,0.00,111.00,7123.00,0.00,23877.39
8.00,0.00,0.00,0.00,162.00,0.00,107.00,7127.00,0.00,23405.71
8.01,0.00,0.00,0.00,162.00,0.00,104.00,7130.00,0.00,22930.04
8.01,0.00,0.00,0.00,162.00,0.00,100.00,7134.00,0.00,22435.70
8.02,0.00,0.00,0.00,162.00,0.00,100.00,7134.00,0.00,21984.40
8.03,0.00,0.00,0.00,162.00,0.00,99.00,7135.00,0.00,21557.37
8.03,0.00,0.00,0.00,162.00,0.00,99.00,7135.00,0.00,21167.53
8.04,0.00,0.00,0.00,162.00,0.00,98.00,7136.00,0.00,20796.61
8.05,0.00,0.00,0.00,162.00,0.00,96.00,7138.00,0.00,20427.95
8.06,0.00,0.00,0.00,162.00,0.00,94.00,7140.00,0.00,20061.33
8.06,0.00,0.00,0.00,162.00,0.00,89.00,7145.00,0.00,19651.53
8.07,0.00,0.00,0.00,162.00,0.00,85.00,7149.00,0.00,19217.32
8.08,0.00,0.00,0.00,162.00,0.00,85.00,7149.00,0.00,18820.92
8.08,0.00,0.00,0.00,162.00,0.00,82.00,7152.00,0.00,18413.96
8.09,0.00,0.00,0.00,162.00,0.00,78.00,7156.00,0.00,17982.35
8.10,0.00,0.00,0.00,162.00,0.00,78.00,7156.00,0.00,17588.32
8.10,0.00,0.00,0.00,162.00,0.00,77.00,7157.00,0.00,17213.58
8.11,0.00,0.00,0.00,162.00,0.00,76.00,7158.00,0.00,16856.45
8.12,0.00,0.00,0.00,162.00,0.00,75.00,7159.00,0.00,16515.39
8.12,0.00,0.00,0.00,162.00,0.00,73.00,7161.00,0.00,16173.98
8.13,0.00,0.00,0.00,162.00,0.00,70.00,7164.00,0.00,15817.24
8.14,0.00,0.00,0.00,162.00,0.00,69.00,7165.00,0.00,15476.53
8.15,0.00,0.00,0.00,162.00,0.00,66.00,7168.00,0.00,15120.42
8.15,0.00,0.00,0.00,162.00,0.00,65.00,7169.00,0.00,14780.30
8.16,0.00,0.00,0.00,162.00,0.00,65.00,7169.00,0.00,14469.79
8.17,0.00,0.00,0.00,162.00,0.00,64.00,7170.00,0.00,14171.30
8.17,0.00,0.00,0.00,162.00,0.00,63.00,7171.00,0.00,13883.77
8.18,0.00,0.00,0.00,162.00,0.00,63.00,7171.00,0.00,13621.29
8.19,0.00,0.00,0.00,162.00,0.00,63.00,7171.00,0.00,13381.66
8.19,0.00,0.00,0.00,162.00,0.00,61.00,7173.00,0.00,13132.85
8.20,0.00,0.00,0.00,162.00,0.00,59.00,7175.00,0.00,12875.65
8.21,0.00,0.00,0.00,162.00,0.00,59.00,7175.00,0.00,12640.86
8.22,0.00,0.00,0.00,162.00,0.00,57.00,7177.00,0.00,12396.46
8.22,0.00,0.00,0.00,162.00,0.00,54.00,7180.00,0.00,12128.27
8.23,0.00,0.00,0.00,162.00,0.00,53.00,7181.00,0.00,11868.42
8.24,0.00,0.00,0.00,162.00,0.00,52.00,7182.00,0.00,11616.16
8.24,0.00,0.00,0.00,162.00,0.00,50.00,7184.00,0.00,11355.83
8.25,0.00,0.00,0.00,162.00,0.00,48.00,7186.00,0.00,11088.12
8.26,0.00,0.00,0.00,162.00,0.00,47.00,7187.00,0.00,10828.70
8.26,0.00,0.00,0.00,162.00,0.00,46.00,7188.00,0.00,10576.84
8.27,0.00,0.00,0.00,162.00,0.00,44.00,7190.00,0.00,10316.87
8.28,0.00,0.00,0.00,162.00,0.00,44.00,7190.00,0.00,10079.53
8.28,0.00,0.00,0.00,162.00,0.00,43.00,7191.00,0.00,9847.84
8.29,0.00,0.00,0.00,162.00,0.00,43.00,7191.00,0.00,9636.33
8.30,0.00,0.00,0.00,162.00,0.00,41.00,7193.00,0.00,9413.18
8.31,0.00,0.00,0.00,162.00,0.00,39.00,7195.00,0.00,9179.42
8.31,0.00,0.00,0.00,162.00,0.00,39.00,7195.00,0.00,8966.01
8.32,0.00,0.00,0.00,162.00,0.00,38.00,7196.00,0.00,8756.17
8.33,0.00,0.00,0.00,162.00,0.00,36.00,7198.00,0.00,8534.55
8.33,0.00,0.00,0.00,162.00,0.00,36.00,7198.00,0.00,8332.23
8.34,0.00,0.00,0.00,162.00,0.00,35.00,7199.00,0.00,8132.50
8.35,0.00,0.00,0.00,162.00,0.00,34.00,7200.00,0.00,7935.14
8.35,0.00,0.00,0.00,162.00,0.00,33.00,7201.00,0.00,7739.94
8.36,0.00,0.00,0.00,162.00,0.00,31.00,7203.00,0.00,7531.69
8.37,0.00,0.00,0.00,162.00,0.00,31.00,7203.00,0.00,7341.58
8.38,0.00,0.00,0.00,162.00,0.00,31.00,7203.00,0.00,7168.02
8.38,0.00,0.00,0.00,162.00,0.00,31.00,7203.00,0.00,7009.58
8.39,0.00,0.00,0.00,162.00,0.00,31.00,7203.00,0.00,6864.93
8.40,0.00,0.00,0.00,162.00,0.00,31.00,7203.00,0.00,6732.87
8.40,0.00,0.00,0.00,162.00,0.00,28.00,7206.00,0.00,6567.25
8.41,0.00,0.00,0.00,162.00,0.00,27.00,7207.00,0.00,6401.02
8.42,0.00,0.00,0.00,162.00,0.00,25.00,7209.00,0.00,6219.23
8.42,0.00,0.00,0.00,162.00,0.00,24.00,7210.00,0.00,6038.23
8.43,0.00,0.00,0.00,162.00,0.00,24.00,7210.00,0.00,5873.00
8.44,0.00,0.00,0.00,162.00,0.00,24.00,7210.00,0.00,5722.16
8.44,0.00,0.00,0.00,162.00,0.00,22.00,7212.00,0.00,5554.41
8.45,0.00,0.00,0.00,162.00,0.00,22.00,7212.00,0.00,5401.26
8.46,0.00,0.00,0.00,162.00,0.00,21.00,7213.00,0.00,5246.42
8.47,0.00,0.00,0.00,162.00,0.00,19.00,7215.00,0.00,5075.03
8.47,0.00,0.00,0.00,162.00,0.00,19.00,7215.00,0.00,4918.55
8.48,0.00,0.00,0.00,162.00,0.00,18.00,7216.00,0.00,4760.68
8.49,0.00,0.00,0.00,162.00,0.00,16.00,7218.00,0.00,4586.51
8.49,0.00,0.00,0.00,162.00,0.00,15.00,7219.00,0.00,4412.48
8.50,0.00,0.00,0.00,162.00,0.00,15.00,7219.00,0.00,4253.61
8.51,0.00,0.00,0.00,162.00,0.00,15.00,7219.00,0.00,4108.57
8.51,0.00,0.00,0.00,162.00,0.00,15.00,7219.00,0.00,3976.16
8.52,0.00,0.00,0.00,162.00,0.00,14.00,7220.00,0.00,3840.25
8.53,0.00,0.00,0.00,162.00,0.00,14.00,7220.00,0.00,3716.18
8.53,0.00,0.00,0.00,162.00,0.00,14.00,7220.00,0.00,3602.91
8.54,0.00,0.00,0.00,162.00,0.00,14.00,7220.00,0.00,3499.51
8.55,0.00,0.00,0.00,162.00,0.00,14.00,7220.00,0.00,3405.11
8.56,0.00,0.00,0.00,162.00,0.00,12.00,7222.00,0.00,3288.88
8.56,0.00,0.00,0.00,162.00,0.00,12.00,7222.00,0.00,3182.78
8.57,0.00,0.00,0.00,162.00,0.00,11.00,7223.00,0.00,3070.89
8.58,0.00,0.00,0.00,162.00,0.00,11.00,7223.00,0.00,2968.74
8.58,0.00,0.00,0.00,162.00,0.00,11.00,7223.00,0.00,2875.49
8.59,0.00,0.00,0.00,162.00,0.00,10.00,7224.00,0.00,2775.34
8.60,0.00,0.00,0.00,162.00,0.00,10.00,7224.00,0.00,2683.90
8.60,0.00,0.00,0.00,162.00,0.00,10.00,7224.00,0.00,2600.43
8.61,0.00,0.00,0.00,162.00,0.00,9.00,7225.00,0.00,2509.20
8.62,0.00,0.00,0.00,162.00,0.00,9.00,7225.00,0.00,2425.92
8.62,0.00,0.00,0.00,162.00,0.00,9.00,7225.00,0.00,2349.89
8.63,0.00,0.00,0.00,162.00,0.00,9.00,7225.00,0.00,2280.48
8.64,0.00,0.00,0.00,162.00,0.00,9.00,7225.00,0.00,2217.11
8.65,0.00,0.00,0.00,162.00,0.00,9.00,7225.00,0.00,2159.26
8.65,0.00,0.00,0.00,162.00,0.00,9.00,7225.00,0.00,2106.45
8.66,0.00,0.00,0.00,162.00,0.00,8.00,7226.00,0.00,2043.21
8.67,0.00,0.00,0.00,162.00,0.00,7.00,7227.00,0.00,1970.46
8.67,0.00,0.00,0.00,162.00,0.00,7.00,7227.00,0.00,1904.04
8.68,0.00,0.00,0.00,162.00,0.00,7.00,7227.00,0.00,1843.41
8.69,0.00,0.00,0.00,162.00,0.00,6.00,7228.00,0.00,1773.03
8.69,0.00,0.00,0.00,162.00,0.00,6.00,7228.00,0.00,1708.78
8.70,0.00,0.00,0.00,162.00,0.00,5.00,7229.00,0.00,1635.10
8.71,0.00,0.00,0.00,162.00,0.00,5.00,7229.00,0.00,1567.84
8.72,0.00,0.00,0.00,162.00,0.00,5.00,7229.00,0.00,1506.43
8.72,0.00,0.00,0.00,162.00,0.00,5.00,7229.00,0.00,1450.37
8.73,0.00,0.00,0.00,162.00,0.00,5.00,7229.00,0.00,1399.20
8.74,0.00,0.00,0.00,162.00,0.00,5.00,7229.00,0.00,1352.48
8.74,0.00,0.00,0.00,162.00,0.00,4.00,7230.00,0.00,1294.80
8.75,0.00,0.00,0.00,162.00,0.00,4.00,7230.00,0.00,1242.15
8.76,0.00,0.00,0.00,162.00,0.00,4.00,7230.00,0.00,1194.08
8.76,0.00,0.00,0.00,162.00,0.00,4.00,7230.00,0.00,1150.20
8.77,0.00,0.00,0.00,162.00,0.00,4.00,7230.00,0.00,1110.13
8.78,0.00,0.00,0.00,162.00,0.00,3.00,7231.00,0.00,1058.54
8.78,0.00,0.00,0.00,162.00,0.00,3.00,7231.00,0.00,1011.43
8.79,0.00,0.00,0.00,162.00,0.00,3.00,7231.00,0.00,968.43
8.80,0.00,0.00,0.00,162.00,0.00,3.00,7231.00,0.00,929.17
8.81,0.00,0.00,0.00,162.00,0.00,3.00,7231.00,0.00,893.33
8.81,0.00,0.00,0.00,162.00,0.00,3.00,7231.00,0.00,860.61
8.82,0.00,0.00,0.00,162.00,0.00,3.00,7231.00,0.00,830.75
8.83,0.00,0.00,0.00,162.00,0.00,3.00,7231.00,0.00,803.48
8.83,0.00,0.00,0.00,162.00,0.00,3.00,7231.00,0.00,778.58
8.84,0.00,0.00,0.00,162.00,0.00,2.00,7232.00,0.00,740.83
8.85,0.00,0.00,0.00,162.00,0.00,2.00,7232.00,0.00,706.37
8.85,0.00,0.00,0.00,162.00,0.00,2.00,7232.00,0.00,674.91
8.86,0.00,0.00,0.00,162.00,0.00,2.00,7232.00,0.00,646.19
8.87,0.00,0.00,0.00,162.00,0.00,2.00,7232.00,0.00,619.97
8.88,0.00,0.00,0.00,162.00,0.00,2.00,7232.00,0.00,596.03
8.88,0.00,0.00,0.00,162.00,0.00,2.00,7232.00,0.00,574.17
8.89,0.00,0.00,0.00,162.00,0.00,2.00,7232.00,0.00,554.22
8.90,0.00,0.00,0.00,162.00,0.00,2.00,7232.00,0.00,536.01
8.90,0.00,0.00,0.00,162.00,0.00,2.00,7232.00,0.00,519.38
8.91,0.00,0.00,0.00,162.00,0.00,2.00,7232.00,0.00,504.20
8.92,0.00,0.00,0.00,162.00,0.00,2.00,7232.00,0.00,490.35
8.92,0.00,0.00,0.00,162.00,0.00,2.00,7232.00,0.00,477.69
8.93,0.00,0.00,0.00,162.00,0.00,2.00,7232.00,0.00,466.14
8.94,0.00,0.00,0.00,162.00,0.00,2.00,7232.00,0.00,455.60
8.94,0.00,0.00,0.00,162.00,0.00,2.00,7232.00,0.00,445.98
8.95,0.00,0.00,0.00,162.00,0.00,2.00,7232.00,0.00,437.19
8.96,0.00,0.00,0.00,162.00,0.00,2.00,7232.00,0.00,429.17
8.97,0.00,0.00,0.00,162.00,0.00,2.00,7232.00,0.00,421.84
8.97,0.00,0.00,0.00,162.00,0.00,2.00,7232.00,0.00,415.16
8.98,0.00,0.00,0.00,162.00,0.00,2.00,7232.00,0.00,409.05
8.99,0.00,0.00,0.00,162.00,0.00,2.00,7232.00,0.00,403.48
8.99,0.00,0.00,0.00,162.00,0.00,2.00,7232.00,0.00,398.39
9.00,0.00,0.00,0.00,162.00,0.00,2.00,7232.00,0.00,393.75
9.01,0.00,0.00,0.00,162.00,0.00,2.00,7232.00,0.00,389.51
9.01,0.00,0.00,0.00,162.00,0.00,2.00,7232.00,0.00,385.64
9.02,0.00,0.00,0.00,162.00,0.00,2.00,7232.00,0.00,382.10
9.03,0.00,0.00,0.00,162.00,0.00,2.00,7232.00,0.00,378.88
9.03,0.00,0.00,0.00,162.00,0.00,2.00,7232.00,0.00,375.93
9.04,0.00,0.00,0.00,162.00,0.00,2.00,7232.00,0.00,373.24
9.05,0.00,0.00,0.00,162.00,0.00,2.00,7232.00,0.00,370.79
9.06,0.00,0.00,0.00,162.00,0.00,2.00,7232.00,0.00,368.55
9.06,0.00,0.00,0.00,162.00,0.00,2.00,7232.00,0.00,366.50
9.07,0.00,0.00,0.00,162.00,0.00,2.00,7232.00,0.00,364.64
9.08,0.00,0.00,0.00,162.00,0.00,2.00,7232.00,0.00,362.93
9.08,0.00,0.00,0.00,162.00,0.00,2.00,7232.00,0.00,361.38
9.09,0.00,0.00,0.00,162.00,0.00,2.00,7232.00,0.00,359.95
9.10,0.00,0.00,0.00,162.00,0.00,2.00,7232.00,0.00,358.66
9.10,0.00,0.00,0.00,162.00,0.00,2.00,7232.00,0.00,357.47
9.11,0.00,0.00,0.00,162.00,0.00,1.00,7233.00,0.00,341.37
9.12,0.00,0.00,0.00,162.00,0.00,1.00,7233.00,0.00,326.67
9.12,0.00,0.00,0.00,162.00,0.00,1.00,7233.00,0.00,313.25
9.13,0.00,0.00,0.00,162.00,0.00,1.00,7233.00,0.00,300.99
9.14,0.00,0.00,0.00,162.00,0.00,1.00,7233.00,0.00,289.81
9.15,0.00,0.00,0.00,162.00,0.00,1.00,7233.00,0.00,279.59
9.15,0.00,0.00,0.00,162.00,0.00,0.00,7234.00,0.00,255.25
9.16,0.00,0.00,0.00,162.00,0.00,0.00,7234.00,0.00,233.02
9.17,0.00,0.00,0.00,162.00,0.00,0.00,7234.00,0.00,212.73
9.17,0.00,0.00,0.00,162.00,0.00,0.00,7234.00,0.00,194.21
9.18,0.00,0.00,0.00,162.00,0.00,0.00,7234.00,0.00,177.30
9.19,0.00,0.00,0.00,162.00,0.00,0.00,7234.00,0.00,161.86
9.19,0.00,0.00,0.00,162.00,0.00,0.00,7234.00,0.00,147.76
9.20,0.00,0.00,0.00,162.00,0.00,0.00,7234.00,0.00,134.90
9.21,0.00,0.00,0.00,162.00,0.00,0.00,7234.00,0.00,123.15
9.22,0.00,0.00,0.00,162.00,0.00,0.00,7234.00,0.00,112.43
9.22,0.00,0.00,0.00,162.00,0.00,0.00,7234.00,0.00,102.64
9.23,0.00,0.00,0.00,162.00,0.00,0.00,7234.00,0.00,93.70
9.24,0.00,0.00,0.00,162.00,0.00,0.00,7234.00,0.00,85.54
9.24,0.00,0.00,0.00,162.00,0.00,0.00,7234.00,0.00,78.09
9.25,0.00,0.00,0.00,162.00,0.00,0.00,7234.00,0.00,71.29
9.26,0.00,0.00,0.00,162.00,0.00,0.00,7234.00,0.00,65.09
9.26,0.00,0.00,0.00,162.00,0.00,0.00,7234.00,0.00,59.42
9.27,0.00,0.00,0.00,162.00,0.00,0.00,7234.00,0.00,54.24
9.28,0.00,0.00,0.00,162.00,0.00,0.00,7234.00,0.00,49.52
9.28,0.00,0.00,0.00,162.00,0.00,0.00,7234.00,0.00,45.21
9.29,0.00,0.00,0.00,162.00,0.00,0.00,7234.00,0.00,41.27
9.30,0.00,0.00,0.00,162.00,0.00,0.00,7234.00,0.00,37.68
9.31,0.00,0.00,0.00,162.00,0.00,0.00,7234.00,0.00,34.40
9.31,0.00,0.00,0.00,162.00,0.00,0.00,7234.00,0.00,31.40
9.32,0.00,0.00,0.00,162.00,0.00,0.00,7234.00,0.00,28.67
9.33,0.00,0.00,0.00,162.00,0.00,0.00,7234.00,0.00,26.17
9.33,0.00,0.00,0.00,162.00,0.00,0.00,7234.00,0.00,23.89
9.34,0.00,0.00,0.00,162.00,0.00,0.00,7234.00,0.00,21.81
9.35,0.00,0.00,0.00,162.00,0.00,0.00,7234.00,0.00,19.91
9.35,0.00,0.00,0.00,162.00,0.00,0.00,7234.00,0.00,18.18
9.36,0.00,0.00,0.00,162.00,0.00,0.00,7234.00,0.00,16.60
9.37,0.00,0.00,0.00,162.00,0.00,0.00,7234.00,0.00,15.15
9.38,0.00,0.00,0.00,162.00,0.00,0.00,7234.00,0.00,13.83
9.38,0.00,0.00,0.00,162.00,0.00,0.00,7234.00,0.00,12.63
9.39,0.00,0.00,0.00,162.00,0.00,0.00,7234.00,0.00,11.53
9.40,0.00,0.00,0.00,162.00,0.00,0.00,7234.00,0.00,10.52
9.40,0.00,0.00,0.00,162.00,0.00,0.00,7234.00,0.00,9.61
9.41,0.00,0.00,0.00,162.00,0.00,0.00,7234.00,0.00,8.77
9.42,0.00,0.00,0.00,162.00,0.00,0.00,7234.00,0.00,8.01
9.42,0.00,0.00,0.00,162.00,0.00,0.00,7234.00,0.00,7.31
9.43,0.00,0.00,0.00,162.00,0.00,0.00,7234.00,0.00,6.67
9.44,0.00,0.00,0.00,162.00,0.00,0.00,7234.00,0.00,6.09
9.44,0.00,0.00,0.00,162.00,0.00,0.00,7234.00,0.00,5.56
9.45,0.00,0.00,0.00,162.00,0.00,0.00,7234.00,0.00,5.08
9.46,0.00,0.00,0.00,162.00,0.00,0.00,7234.00,0.00,4.64
9.47,0.00,0.00,0.00,162.00,0.00,0.00,7234.00,0.00,4.23
9.47,0.00,0.00,0.00,162.00,0.00,0.00,7234.00,0.00,3.86
9.48,0.00,0.00,0.00,162.00,0.00,0.00,7234.00,0.00,3.53
9.49,0.00,0.00,0.00,162.00,0.00,0.00,7234.00,0.00,3.22
9.49,0.00,0.00,0.00,162.00,0.00,0.00,7234.00,0.00,2.94
9.50,0.00,0.00,0.00,162.00,0.00,0.00,7234.00,0.00,2.68
9.51,0.00,0.00,0.00,162.00,0.00,0.00,7234.00,0.00,2.45
9.51,0.00,0.00,0.00,162.00,0.00,0.00,7234.00,0.00,2.24
9.52,0.00,0.00,0.00,162.00,0.00,0.00,7234.00,0.00,2.04
9.53,0.00,0.00,0.00,162.00,0.00,0.00,7234.00,0.00,1.86
9.53,0.00,0.00,0.00,162.00,0.00,0.00,7234.00,0.00,1.70
9.54,0.00,0.00,0.00,162.00,0.00,0.00,7234.00,0.00,1.55
9.55,0.00,0.00,0.00,162.00,0.00,0.00,7234.00,0.00,1.42
9.56,0.00,0.00,0.00,162.00,0.00,0.00,7234.00,0.00,1.29
9.56,0.00,0.00,0.00,162.00,0.00,0.00,7234.00,0.00,1.18
9.57,0.00,0.00,0.00,162.00,0.00,0.00,7234.00,0.00,1.08
9.58,0.00,0.00,0.00,162.00,0.00,0.00,7234.00,0.00,0.99
9.58,0.00,0.00,0.00,162.00,0.00,0.00,7234.00,0.00,0.90
9.59,0.00,0.00,0.00,162.00,0.00,0.00,7234.00,0.00,0.82
9.60,0.00,0.00,0.00,162.00,0.00,0.00,7234.00,0.00,0.75
9.60,0.00,0.00,0.00,162.00,0.00,0.00,7234.00,0.00,0.68
9.61,0.00,0.00,0.00,162.00,0.00,0.00,7234.00,0.00,0.62
9.62,0.00,0.00,0.00,162.00,0.00,0.00,7234.00,0.00,0.57
9.62,0.00,0.00,0.00,162.00,0.00,0.00,7234.00,0.00,0.52
9.63,0.00,0.00,0.00,162.00,0.00,0.00,7234.00,0.00,0.48
9.64,0.00,0.00,0.00,162.00,0.00,0.00,7234.00,0.00,0.43
9.65,0.00,0.00,0.00,162.00,0.00,0.00,7234.00,0.00,0.40
9.65,0.00,0.00,0.00,162.00,0.00,0.00,7234.00,0.00,0.36
9.66,0.00,0.00,0.00,162.00,0.00,0.00,7234.00,0.00,0.33
9.67,0.00,0.00,0.00,162.00,0.00,0.00,7234.00,0.00,0.30
9.67,0.00,0.00,0.00,162.00,0.00,0.00,7234.00,0.00,0.28
9.68,0.00,0.00,0.00,162.00,0.00,0.00,7234.00,0.00,0.25
9.69,0.00,0.00,0.00,162.00,0.00,0.00,7234.00,0.00,0.23
9.69,0.00,0.00,0.00,162.00,0.00,0.00,7234.00,0.00,0.21
9.70,0.00,0.00,0.00,162.00,0.00,0.00,7234.00,0.00,0.19
9.71,0.00,0.00,0.00,162.00,0.00,0.00,7234.00,0.00,0.17
9.72,0.00,0.00,0.00,162.00,0.00,0.00,7234.00,0.00,0.16
9.72,0.00,0.00,0.00,162.00,0.00,0.00,7234.00,0.00,0.15
9.73,0.00,0.00,0.00,162.00,0.00,0.00,7234.00,0.00,0.13
9.74,0.00,0.00,0.00,162.00,0.00,0.00,7234.00,0.00,0.12
9.74,0.00,0.00,0.00,162.00,0.00,0.00,7234.00,0.00,0.11
9.75,0.00,0.00,0.00,162.00,0.00,0.00,7234.00,0.00,0.10
9.76,0.00,0.00,0.00,162.00,0.00,0.00,7234.00,0.00,0.09
9.76,0.00,0.00,0.00,162.00,0.00,0.00,7234.00,0.00,0.08
9.77,0.00,0.00,0.00,162.00,0.00,0.00,7234.00,0.00,0.08
9.78,0.00,0.00,0.00,162.00,0.00,0.00,7234.00,0.00,0.07
9.78,0.00,0.00,0.00,162.00,0.00,0.00,7234.00,0.00,0.06
9.79,0.00,0.00,0.00,162.00,0.00,0.00,7234.00,0.00,0.06
9.80,0.00,0.00,0.00,162.00,0.00,0.00,7234.00,0.00,0.05
9.81,0.00,0.00,0.00,162.00,0.00,0.00,7234.00,0.00,0.05
9.81,0.00,0.00,0.00,162.00,0.00,0.00,7234.00,0.00,0.04
9.82,0.00,0.00,0.00,162.00,0.00,0.00,7234.00,0.00,0.04
9.83,0.00,0.00,0.00,162.00,0.00,0.00,7234.00,0.00,0.04
9.83,0.00,0.00,0.00,162.00,0.00,0.00,7234.00,0.00,0.03
9.84,0.00,0.00,0.00,162.00,0.00,0.00,7234.00,0.00,0.03
9.85,0.00,0.00,0.00,162.00,0.00,0.00,7234.00,0.00,0.03
9.85,0.00,0.00,0.00,162.00,0.00,0.00,7234.00,0.00,0.03
9.86,0.00,0.00,0.00,162.00,0.00,0.00,7234.00,0.00,0.02
9.87,0.00,0.00,0.00,162.00,0.00,0.00,7234.00,0.00,0.02
9.88,0.00,0.00,0.00,162.00,0.00,0.00,7234.00,0.00,0.02
9.88,0.00,0.00,0.00,162.00,0.00,0.00,7234.00,0.00,0.02
9.89,0.00,0.00,0.00,162.00,0.00,0.00,7234.00,0.00,0.02
9.90,0.00,0.00,0.00,162.00,0.00,0.00,7234.00,0.00,0.01
9.90,0.00,0.00,0.00,162.00,0.00,0.00,7234.00,0.00,0.01
9.91,0.00,0.00,0.00,162.00,0.00,0.00,7234.00,0.00,0.01
9.92,0.00,0.00,0.00,162.00,0.00,0.00,7234.00,0.00,0.01
9.92,0.00,0.00,0.00,162.00,0.00,0.00,7234.00,0.00,0.01
9.93,0.00,0.00,0.00,162.00,0.00,0.00,7234.00,0.00,0.01
9.94,0.00,0.00,0.00,162.00,0.00,0.00,7234.00,0.00,0.01
9.94,0.00,0.00,0.00,162.00,0.00,0.00,7234.00,0.00,0.01
9.95,0.00,0.00,0.00,162.00,0.00,0.00,7234.00,0.00,0.01
9.96,0.00,0.00,0.00,162.00,0.00,0.00,7234.00,0.00,0.01
9.97,0.00,0.00,0.00,162.00,0.00,0.00,7234.00,0.00,0.01
9.97,0.00,0.00,0.00,162.00,0.00,0.00,7234.00,0.00,0.01
9.98,0.00,0.00,0.00,162.00,0.00,0.00,7234.00,0.00,0.00
9.99,0.00,0.00,0.00,162.00,0.00,0.00,7234.00,0.00,0.00
9.99,0.00,0.00,0.00,162.00,0.00,0.00,7234.00,0.00,0.00
