Time,U,AI1,AI2,AD,BI2,BI2,BD,VA,VB
0.00,7394.00,2.00,0.00,0.00,0.00,0.00,0.00,75.00,75.00
0.01,7391.00,5.00,0.00,0.00,0.00,0.00,0.00,68.52,68.47
0.01,7389.00,5.00,0.00,0.00,2.00,0.00,0.00,62.60,62.51
0.02,7387.00,6.00,0.00,0.00,3.00,0.00,0.00,57.19,57.06
0.03,7386.00,6.00,0.00,0.00,3.00,1.00,0.00,52.25,67.12
0.03,7386.00,5.00,1.00,0.00,3.00,1.00,0.00,62.76,76.30
0.04,7386.00,5.00,1.00,0.00,3.00,1.00,0.00,72.36,84.68
0.05,7384.00,5.00,1.00,0.00,5.00,1.00,0.00,81.13,92.33
0.06,7381.00,6.00,2.00,0.00,5.00,2.00,0.00,104.16,114.33
0.06,7380.00,5.00,3.00,0.00,6.00,2.00,0.00,140.23,134.42
0.07,7377.00,4.00,4.00,0.00,9.00,2.00,0.00,188.21,152.77
0.08,7375.00,5.00,4.00,0.00,9.00,3.00,0.00,232.04,184.53
0.08,7371.00,8.00,4.00,0.00,10.00,3.00,0.00,272.08,213.53
0.09,7368.00,8.00,4.00,0.00,13.00,3.00,0.00,308.66,240.01
0.10,7362.00,11.00,5.00,0.00,14.00,4.00,0.00,357.11,279.20
0.10,7356.00,15.00,4.00,1.00,15.00,5.00,0.00,386.34,330.01
0.11,7348.00,18.00,5.00,1.00,18.00,6.00,0.00,428.08,391.41
0.12,7342.00,24.00,5.00,1.00,18.00,6.00,0.00,466.20,447.47
0.12,7334.00,30.00,4.00,2.00,20.00,6.00,0.00,486.01,498.64
0.13,7331.00,31.00,5.00,2.00,21.00,6.00,0.00,519.13,545.36
0.14,7323.00,34.00,7.00,2.00,23.00,7.00,0.00,579.44,603.03
0.15,7316.00,38.00,7.00,2.00,25.00,8.00,0.00,634.53,670.71
0.15,7300.00,49.00,8.00,2.00,29.00,8.00,0.00,699.89,732.49
0.16,7288.00,58.00,9.00,2.00,29.00,10.00,0.00,774.62,818.94
0.17,7276.00,63.00,12.00,2.00,32.00,11.00,0.00,887.97,912.89
0.17,7252.00,74.00,14.00,3.00,39.00,14.00,0.00,1021.56,1043.72
0.18,7232.00,87.00,14.00,4.00,43.00,15.00,1.00,1143.62,1178.18
0.19,7221.00,91.00,19.00,5.00,44.00,15.00,1.00,1330.24,1300.94
0.19,7211.00,96.00,22.00,5.00,45.00,16.00,1.00,1545.81,1428.03
0.20,7189.00,110.00,23.00,7.00,50.00,16.00,1.00,1757.77,1544.05
0.21,7164.00,121.00,27.00,7.00,60.00,16.00,1.00,2011.51,1649.97
0.22,7142.00,133.00,31.00,7.00,63.00,19.00,1.00,2303.42,1791.74
0.22,7120.00,140.00,36.00,7.00,69.00,23.00,1.00,2645.22,1981.25
0.23,7081.00,169.00,41.00,7.00,73.00,23.00,2.00,3032.60,2154.26
0.24,7052.00,186.00,44.00,9.00,78.00,24.00,3.00,3431.58,2327.24
0.24,7021.00,206.00,49.00,11.00,80.00,25.00,4.00,3871.20,2500.17
0.25,6986.00,228.00,53.00,11.00,84.00,30.00,4.00,4332.92,2733.16
0.26,6940.00,261.00,60.00,11.00,88.00,31.00,5.00,4859.91,2960.88
0.26,6896.00,290.00,58.00,18.00,94.00,35.00,5.00,5311.32,3228.87
0.27,6863.00,306.00,70.00,18.00,96.00,38.00,5.00,5904.00,3518.59
0.28,6818.00,333.00,82.00,19.00,97.00,42.00,5.00,6625.75,3843.18
0.28,6751.00,368.00,96.00,20.00,109.00,47.00,5.00,7495.46,4214.62
0.29,6677.00,416.00,105.00,21.00,123.00,47.00,7.00,8425.22,4553.71
0.30,6624.00,448.00,111.00,26.00,130.00,49.00,8.00,9364.79,4893.33
0.31,6570.00,471.00,130.00,27.00,138.00,51.00,9.00,10508.61,5233.41
0.31,6504.00,512.00,147.00,29.00,137.00,58.00,9.00,11808.99,5649.05
0.32,6424.00,567.00,157.00,31.00,146.00,60.00,11.00,13147.23,6058.54
0.33,6327.00,630.00,175.00,34.00,152.00,65.00,13.00,14640.26,6507.49
0.33,6240.00,682.00,190.00,37.00,163.00,70.00,14.00,16229.63,6992.46
0.34,6142.00,749.00,205.00,40.00,168.00,75.00,17.00,17907.01,7510.32
0.35,6047.00,808.00,225.00,46.00,174.00,77.00,19.00,19739.92,8013.13
0.35,5936.00,869.00,250.00,49.00,190.00,81.00,21.00,21790.02,8532.26
0.36,5831.00,932.00,270.00,57.00,201.00,84.00,21.00,23963.45,9051.24
0.37,5711.00,1011.00,295.00,63.00,204.00,90.00,22.00,26324.65,9615.18
0.38,5610.00,1063.00,324.00,67.00,211.00,97.00,24.00,28917.50,10235.17
0.38,5500.00,1131.00,353.00,71.00,219.00,97.00,25.00,31721.98,10801.18
0.39,5386.00,1201.00,383.00,74.00,224.00,101.00,27.00,34734.82,11377.99
0.40,5259.00,1273.00,421.00,78.00,230.00,106.00,29.00,38058.21,11979.69
0.40,5131.00,1342.00,462.00,78.00,240.00,114.00,29.00,41710.39,12649.18
0.41,4996.00,1423.00,490.00,86.00,256.00,112.00,33.00,45467.63,13230.33
0.42,4867.00,1507.00,521.00,88.00,262.00,116.00,35.00,49365.94,13820.97
0.42,4736.00,1578.00,560.00,92.00,272.00,123.00,35.00,53513.31,14465.34
0.43,4598.00,1649.00,609.00,96.00,279.00,128.00,37.00,58038.45,15128.72
0.44,4469.00,1702.00,663.00,101.00,291.00,131.00,39.00,62983.83,15779.40
0.44,4326.00,1785.00,697.00,112.00,300.00,135.00,41.00,68012.68,16433.51
0.45,4189.00,1850.00,747.00,115.00,309.00,144.00,42.00,73358.16,17165.88
0.46,4036.00,1929.00,798.00,121.00,315.00,149.00,48.00,79007.92,17909.59
0.47,3900.00,1987.00,858.00,126.00,315.00,157.00,53.00,85070.89,18708.72
0.47,3765.00,2047.00,921.00,126.00,320.00,162.00,55.00,91556.44,19513.39
0.48,3630.00,2114.00,979.00,129.00,320.00,164.00,60.00,98352.92,20278.03
0.49,3490.00,2172.00,1043.00,132.00,327.00,169.00,63.00,105523.62,21051.21
0.49,3310.00,2283.00,1096.00,139.00,328.00,174.00,66.00,112870.95,21832.18
0.50,3163.00,2355.00,1154.00,146.00,331.00,180.00,67.00,120454.75,22635.28
0.51,3021.00,2408.00,1223.00,156.00,327.00,189.00,72.00,128419.85,23503.66
0.51,2851.00,2492.00,1287.00,166.00,332.00,194.00,74.00,136658.19,24371.54
0.52,2697.00,2568.00,1347.00,174.00,329.00,205.00,76.00,145086.06,25329.11
0.53,2539.00,2634.00,1420.00,179.00,332.00,216.00,76.00,153882.38,26368.55
0.53,2382.00,2710.00,1475.00,192.00,336.00,225.00,76.00,162744.92,27452.68
0.54,2208.00,2792.00,1548.00,199.00,343.00,224.00,82.00,171938.35,28427.39
0.55,2043.00,2867.00,1619.00,207.00,339.00,234.00,87.00,181404.04,29467.46
0.56,1919.00,2890.00,1703.00,211.00,345.00,237.00,91.00,191313.77,30462.03
0.56,1784.00,2931.00,1771.00,225.00,352.00,238.00,95.00,201388.80,31385.02
0.57,1669.00,2951.00,1846.00,233.00,350.00,250.00,97.00,211720.00,32407.92
0.58,1520.00,3000.00,1926.00,239.00,349.00,263.00,99.00,222360.36,33537.05
0.58,1382.00,3049.00,2003.00,243.00,343.00,271.00,105.00,233238.10,34688.05
0.59,1268.00,3069.00,2085.00,249.00,339.00,277.00,109.00,244407.82,35828.95
0.60,1151.00,3084.00,2169.00,257.00,341.00,276.00,118.00,255874.33,36855.49
0.60,1057.00,3076.00,2252.00,267.00,347.00,277.00,120.00,267596.97,37807.67
0.61,933.00,3103.00,2331.00,274.00,350.00,279.00,126.00,279493.51,38706.98
0.62,838.00,3117.00,2402.00,279.00,344.00,286.00,130.00,291428.74,39633.15
0.62,765.00,3099.00,2476.00,287.00,345.00,291.00,133.00,303444.40,40553.78
0.63,681.00,3088.00,2556.00,296.00,340.00,296.00,139.00,315623.66,41469.36
0.64,615.00,3075.00,2624.00,303.00,334.00,302.00,143.00,327772.11,42395.36
0.65,547.00,3051.00,2698.00,316.00,326.00,311.00,147.00,339982.56,43375.93
0.65,487.00,3031.00,2770.00,322.00,318.00,313.00,155.00,352219.60,44301.17
0.66,435.00,2994.00,2843.00,333.00,316.00,317.00,158.00,364495.96,45205.93
0.67,374.00,2958.00,2932.00,339.00,311.00,321.00,161.00,377048.60,46092.00
0.67,329.00,2924.00,3002.00,345.00,307.00,328.00,161.00,389568.23,47006.08
0.68,285.00,2878.00,3086.00,350.00,301.00,330.00,166.00,402268.00,47870.61
0.69,242.00,2846.00,3150.00,358.00,292.00,337.00,171.00,414831.91,48765.02
0.69,202.00,2800.00,3227.00,365.00,288.00,335.00,179.00,427466.98,49551.50
0.70,164.00,2768.00,3291.00,370.00,283.00,337.00,183.00,439971.76,50299.55
0.71,135.00,2731.00,3349.00,376.00,280.00,339.00,186.00,452267.38,51012.50
0.72,101.00,2687.00,3416.00,386.00,275.00,342.00,189.00,464507.11,51708.44
0.72,86.00,2621.00,3486.00,396.00,268.00,347.00,192.00,476740.86,52418.90
0.73,74.00,2573.00,3539.00,403.00,262.00,350.00,195.00,488713.75,53112.57
0.74,54.00,2518.00,3606.00,411.00,253.00,355.00,199.00,500658.64,53820.95
0.74,42.00,2457.00,3667.00,422.00,236.00,369.00,203.00,512487.81,54677.96
0.75,32.00,2399.00,3725.00,432.00,232.00,369.00,207.00,524166.20,55460.36
0.76,25.00,2332.00,3787.00,444.00,223.00,372.00,213.00,535766.92,56219.69
0.76,16.00,2281.00,3841.00,450.00,219.00,370.00,219.00,547176.50,56882.86
0.77,11.00,2219.00,3905.00,453.00,214.00,373.00,221.00,558561.69,57533.35
0.78,10.00,2143.00,3974.00,461.00,211.00,374.00,223.00,569999.71,58142.23
0.78,8.00,2092.00,4023.00,465.00,207.00,374.00,227.00,581185.53,58698.08
0.79,6.00,2024.00,4083.00,475.00,202.00,372.00,234.00,592306.20,59175.49
0.80,4.00,1968.00,4134.00,482.00,198.00,369.00,241.00,603232.14,59566.26
0.81,4.00,1918.00,4178.00,488.00,193.00,369.00,246.00,613875.01,59923.00
0.81,3.00,1870.00,4222.00,493.00,185.00,376.00,247.00,624259.28,60353.83
0.82,2.00,1821.00,4260.00,505.00,172.00,385.00,251.00,634317.15,60882.37
0.83,2.00,1768.00,4309.00,509.00,170.00,384.00,254.00,644242.08,61349.85
0.83,1.00,1714.00,4357.00,516.00,166.00,387.00,255.00,654030.53,61821.70
0.84,1.00,1661.00,4403.00,523.00,164.00,380.00,264.00,663664.24,62147.30
0.85,1.00,1610.00,4447.00,530.00,160.00,378.00,270.00,673126.55,62414.50
0.85,1.00,1559.00,4487.00,541.00,153.00,380.00,275.00,682372.18,62688.48
0.86,1.00,1508.00,4530.00,549.00,146.00,384.00,278.00,691464.90,62998.70
0.87,0.00,1461.00,4570.00,557.00,144.00,383.00,281.00,700372.87,63266.88
0.88,0.00,1418.00,4605.00,565.00,140.00,383.00,285.00,709036.94,63511.71
0.88,0.00,1388.00,4629.00,571.00,137.00,378.00,293.00,717312.92,63660.10
0.89,0.00,1333.00,4680.00,575.00,134.00,376.00,298.00,725639.97,63765.53
0.90,0.00,1299.00,4706.00,583.00,125.00,382.00,301.00,733638.10,63951.91
0.90,0.00,1256.00,4746.00,586.00,123.00,383.00,302.00,741546.06,64137.09
0.91,0.00,1224.00,4771.00,593.00,121.00,379.00,308.00,749146.29,64246.05
0.92,0.00,1188.00,4801.00,599.00,116.00,378.00,314.00,756540.50,64330.50
0.92,0.00,1152.00,4832.00,604.00,112.00,381.00,315.00,763761.51,64452.67
0.93,0.00,1119.00,4858.00,611.00,110.00,378.00,320.00,770749.18,64519.13
0.94,0.00,1092.00,4881.00,615.00,106.00,379.00,323.00,777478.59,64594.82
0.94,0.00,1051.00,4914.00,623.00,101.00,379.00,328.00,784122.29,64663.92
0.95,0.00,1017.00,4941.00,630.00,101.00,373.00,334.00,790597.54,64636.87
0.96,0.00,994.00,4956.00,638.00,97.00,370.00,341.00,796738.64,64567.11
0.97,0.00,968.00,4974.00,646.00,88.00,374.00,346.00,802619.51,64563.51
0.97,0.00,937.00,4994.00,657.00,88.00,370.00,350.00,808292.70,64500.13
0.98,0.00,915.00,5010.00,663.00,86.00,367.00,355.00,813716.05,64397.20
0.99,0.00,892.00,5027.00,669.00,85.00,364.00,359.00,818926.18,64258.17
0.99,0.00,865.00,5047.00,676.00,84.00,360.00,364.00,823986.57,64071.14
1.00,0.00,849.00,5052.00,687.00,81.00,356.00,371.00,828684.82,63840.32
1.01,0.00,826.00,5067.00,695.00,78.00,355.00,375.00,833202.46,63614.56
1.01,0.00,803.00,5077.00,708.00,76.00,355.00,377.00,837479.97,63408.47
1.02,0.00,777.00,5096.00,715.00,74.00,356.00,378.00,841673.31,63235.34
1.03,0.00,758.00,5107.00,723.00,71.00,353.00,384.00,845669.57,63032.22
1.03,0.00,732.00,5121.00,735.00,66.00,358.00,384.00,849530.85,62921.91
1.04,0.00,713.00,5134.00,741.00,66.00,353.00,389.00,853253.78,62746.08
1.05,0.00,694.00,5147.00,747.00,65.00,351.00,392.00,856850.33,62555.52
1.06,0.00,666.00,5170.00,752.00,65.00,348.00,395.00,860481.64,62336.48
1.06,0.00,646.00,5182.00,760.00,64.00,343.00,401.00,863979.45,62061.40
1.07,0.00,628.00,5192.00,768.00,61.00,344.00,403.00,867325.26,61825.29
1.08,0.00,616.00,5200.00,772.00,61.00,342.00,405.00,870502.15,61579.70
1.08,0.00,603.00,5207.00,778.00,59.00,338.00,411.00,873509.70,61295.40
1.09,0.00,588.00,5218.00,782.00,58.00,336.00,414.00,876422.63,61005.81
1.10,0.00,579.00,5225.00,784.00,55.00,332.00,421.00,879189.02,60681.34
1.10,0.00,563.00,5232.00,793.00,52.00,330.00,426.00,881821.53,60355.08
1.11,0.00,543.00,5245.00,800.00,50.00,328.00,430.00,884421.88,60027.19
1.12,0.00,523.00,5259.00,806.00,48.00,327.00,433.00,887007.86,59712.82
1.12,0.00,511.00,5266.00,811.00,48.00,326.00,434.00,889475.55,59410.80
1.13,0.00,499.00,5274.00,815.00,48.00,322.00,438.00,891850.21,59074.99
1.14,0.00,484.00,5274.00,830.00,46.00,319.00,443.00,894019.67,58723.35
1.15,0.00,472.00,5283.00,833.00,46.00,314.00,448.00,896136.89,58327.22
1.15,0.00,459.00,5287.00,842.00,46.00,311.00,451.00,898131.26,57920.51
1.16,0.00,443.00,5292.00,853.00,45.00,303.00,460.00,900028.41,57429.02
1.17,0.00,432.00,5292.00,864.00,45.00,296.00,467.00,901761.63,56875.18
1.17,0.00,411.00,5303.00,874.00,44.00,294.00,470.00,903510.35,56339.51
1.18,0.00,396.00,5304.00,888.00,44.00,289.00,475.00,905122.99,55775.37
1.19,0.00,381.00,5312.00,895.00,44.00,286.00,478.00,906716.46,55215.29
1.19,0.00,372.00,5314.00,902.00,44.00,285.00,479.00,908202.30,54688.95
1.20,0.00,363.00,5317.00,908.00,43.00,284.00,481.00,909604.82,54193.42
1.21,0.00,350.00,5318.00,920.00,43.00,281.00,484.00,910901.17,53695.97
1.22,0.00,342.00,5322.00,924.00,43.00,275.00,490.00,912145.61,53151.70
1.22,0.00,338.00,5315.00,935.00,41.00,274.00,493.00,913177.35,52639.79
1.23,0.00,324.00,5322.00,942.00,39.00,272.00,497.00,914225.10,52142.42
1.24,0.00,316.00,5319.00,953.00,39.00,268.00,501.00,915137.25,51628.26
1.24,0.00,308.00,5318.00,962.00,38.00,265.00,505.00,915955.56,51113.81
1.25,0.00,299.00,5319.00,970.00,37.00,261.00,510.00,916718.19,50584.05
1.26,0.00,288.00,5326.00,974.00,35.00,255.00,518.00,917520.08,50010.29
1.26,0.00,278.00,5333.00,977.00,35.00,253.00,520.00,918357.84,49456.44
1.27,0.00,271.00,5331.00,986.00,34.00,252.00,522.00,919093.17,48935.80
1.28,0.00,265.00,5326.00,997.00,33.00,249.00,526.00,919689.85,48415.42
1.28,0.00,258.00,5321.00,1009.00,33.00,248.00,527.00,920159.85,47925.33
1.29,0.00,249.00,5322.00,1017.00,33.00,244.00,531.00,920604.27,47417.83
1.30,0.00,248.00,5315.00,1025.00,33.00,239.00,536.00,920905.12,46879.40
1.31,0.00,243.00,5309.00,1036.00,33.00,231.00,544.00,921089.84,46267.67
1.31,0.00,233.00,5316.00,1039.00,33.00,229.00,546.00,921363.75,45679.16
1.32,0.00,226.00,5311.00,1051.00,33.00,225.00,550.00,921538.89,45081.80
1.33,0.00,224.00,5304.00,1060.00,30.00,223.00,555.00,921593.73,44506.41
1.33,0.00,220.00,5297.00,1071.00,27.00,223.00,558.00,921538.67,43981.13
1.34,0.00,213.00,5293.00,1082.00,26.00,219.00,563.00,921428.27,43441.49
1.35,0.00,210.00,5291.00,1087.00,25.00,218.00,565.00,921297.37,42933.82
1.35,0.00,206.00,5284.00,1098.00,25.00,214.00,569.00,921072.61,42410.26
1.36,0.00,199.00,5283.00,1106.00,25.00,211.00,572.00,920852.25,41887.22
1.37,0.00,194.00,5281.00,1113.00,24.00,208.00,576.00,920620.89,41364.66
1.38,0.00,187.00,5276.00,1125.00,23.00,208.00,577.00,920334.40,40887.60
1.38,0.00,181.00,5276.00,1131.00,21.00,207.00,580.00,920072.67,40437.05
1.39,0.00,176.00,5272.00,1140.00,21.00,206.00,581.00,919773.47,40010.72
1.40,0.00,171.00,5269.00,1148.00,21.00,202.00,585.00,919455.04,39561.42
1.40,0.00,168.00,5265.00,1155.00,21.00,200.00,587.00,919104.04,39121.19
1.41,0.00,160.00,5263.00,1165.00,20.00,197.00,591.00,918753.32,38674.23
1.42,0.00,157.00,5261.00,1170.00,20.00,196.00,592.00,918402.85,38251.16
1.42,0.00,150.00,5261.00,1177.00,20.00,196.00,592.00,918082.68,37864.93
1.43,0.00,145.00,5261.00,1182.00,18.00,196.00,594.00,917790.16,37512.34
1.44,0.00,145.00,5251.00,1192.00,17.00,196.00,595.00,917372.69,37190.45
1.44,0.00,139.00,5252.00,1197.00,17.00,195.00,596.00,917006.32,36881.56
1.45,0.00,136.00,5249.00,1203.00,17.00,189.00,602.00,916626.54,36509.43
1.46,0.00,130.00,5248.00,1210.00,17.00,186.00,605.00,916264.54,36124.63
1.47,0.00,123.00,5251.00,1214.00,17.00,182.00,609.00,915978.90,35713.25
1.47,0.00,122.00,5239.00,1227.00,16.00,178.00,614.00,915537.66,35277.60
1.48,0.00,117.00,5229.00,1242.00,15.00,177.00,616.00,914984.31,34864.86
1.49,0.00,113.00,5220.00,1255.00,14.00,172.00,622.00,914343.57,34412.94
1.49,0.00,110.00,5217.00,1261.00,12.00,173.00,623.00,913713.13,34015.40
1.50,0.00,107.00,5207.00,1274.00,11.00,170.00,627.00,912986.93,33607.41
1.51,0.00,102.00,5204.00,1282.00,11.00,165.00,632.00,912278.41,33159.82
1.51,0.00,101.00,5201.00,1286.00,11.00,162.00,635.00,911586.04,32706.14
1.52,0.00,98.00,5198.00,1292.00,11.00,159.00,638.00,910908.42,32246.90
1.53,0.00,95.00,5191.00,1302.00,11.00,156.00,641.00,910184.20,31782.57
1.53,0.00,92.00,5185.00,1311.00,11.00,153.00,644.00,909432.41,31313.61
1.54,0.00,90.00,5182.00,1316.00,11.00,152.00,645.00,908700.52,30870.46
1.55,0.00,90.00,5174.00,1324.00,11.00,148.00,649.00,907911.68,30405.80
1.56,0.00,90.00,5162.00,1336.00,10.00,146.00,652.00,907010.73,29951.56
1.56,0.00,87.00,5154.00,1347.00,10.00,143.00,655.00,906067.44,29491.81
1.57,0.00,84.00,5149.00,1355.00,10.00,139.00,659.00,905130.54,29011.99
1.58,0.00,84.00,5144.00,1360.00,10.00,136.00,662.00,904199.48,28528.89
1.58,0.00,84.00,5137.00,1367.00,10.00,135.00,663.00,903243.70,28072.83
1.59,0.00,80.00,5132.00,1376.00,8.00,134.00,666.00,902295.40,27641.45
1.60,0.00,79.00,5126.00,1383.00,8.00,130.00,670.00,901338.90,27187.55
1.60,0.00,76.00,5125.00,1387.00,8.00,127.00,673.00,900450.03,26728.10
1.61,0.00,74.00,5114.00,1400.00,8.00,125.00,675.00,899472.70,26278.62
1.62,0.00,73.00,5108.00,1407.00,7.00,123.00,678.00,898489.69,25838.22
1.62,0.00,73.00,5100.00,1415.00,7.00,119.00,682.00,897471.43,25376.09
1.63,0.00,67.00,5099.00,1422.00,7.00,118.00,683.00,896526.13,24939.17
1.64,0.00,65.00,5096.00,1427.00,7.00,116.00,685.00,895617.44,24510.24
1.65,0.00,62.00,5090.00,1436.00,7.00,114.00,687.00,894697.14,24088.63
1.65,0.00,59.00,5088.00,1441.00,6.00,114.00,688.00,893826.30,23703.72
1.66,0.00,59.00,5079.00,1450.00,6.00,111.00,691.00,892895.51,23307.26
1.67,0.00,58.00,5070.00,1460.00,6.00,109.00,693.00,891909.94,22915.28
1.67,0.00,55.00,5070.00,1463.00,6.00,105.00,697.00,891009.52,22497.33
1.68,0.00,54.00,5066.00,1468.00,6.00,104.00,698.00,890126.82,22100.76
1.69,0.00,53.00,5054.00,1481.00,6.00,103.00,699.00,889140.10,21723.69
1.69,0.00,50.00,5045.00,1493.00,5.00,102.00,701.00,888103.45,21364.44
1.70,0.00,50.00,5037.00,1501.00,5.00,101.00,702.00,887036.18,21021.45
1.71,0.00,48.00,5031.00,1509.00,4.00,98.00,706.00,885970.99,20663.25
1.72,0.00,46.00,5024.00,1518.00,4.00,98.00,706.00,884892.68,20336.24
1.72,0.00,45.00,5014.00,1529.00,4.00,95.00,709.00,883757.31,19992.64
1.73,0.00,43.00,5007.00,1538.00,4.00,92.00,712.00,882614.89,19633.89
1.74,0.00,43.00,5002.00,1543.00,4.00,89.00,715.00,881496.06,19261.30
1.74,0.00,43.00,4991.00,1554.00,4.00,89.00,715.00,880308.66,18921.16
1.75,0.00,43.00,4986.00,1559.00,4.00,87.00,717.00,879148.74,18580.59
1.76,0.00,43.00,4983.00,1562.00,4.00,83.00,721.00,878043.97,18209.59
1.76,0.00,42.00,4974.00,1572.00,4.00,82.00,722.00,876899.46,17855.87
1.77,0.00,41.00,4966.00,1581.00,4.00,80.00,724.00,875733.66,17502.90
1.78,0.00,41.00,4960.00,1587.00,4.00,78.00,726.00,874578.45,17150.62
1.78,0.00,40.00,4957.00,1591.00,4.00,76.00,728.00,873477.99,16798.97
1.79,0.00,39.00,4950.00,1599.00,4.00,76.00,728.00,872367.46,16477.94
1.80,0.00,38.00,4947.00,1603.00,4.00,75.00,729.00,871307.82,16169.84
1.81,0.00,37.00,4941.00,1610.00,4.00,72.00,732.00,870249.59,15843.50
1.81,0.00,35.00,4934.00,1619.00,4.00,70.00,734.00,869177.64,15515.53
1.82,0.00,33.00,4927.00,1628.00,4.00,69.00,735.00,868093.16,15201.09
1.83,0.00,32.00,4922.00,1634.00,4.00,68.00,736.00,867027.27,14899.01
1.83,0.00,29.00,4917.00,1642.00,4.00,68.00,736.00,865978.36,14623.24
1.84,0.00,29.00,4910.00,1649.00,4.00,68.00,736.00,864914.93,14371.48
1.85,0.00,29.00,4905.00,1654.00,4.00,65.00,739.00,863868.26,14096.57
1.85,0.00,29.00,4896.00,1663.00,4.00,65.00,739.00,862776.83,13845.60
1.86,0.00,28.00,4888.00,1672.00,4.00,65.00,739.00,861659.52,13616.48
1.87,0.00,28.00,4879.00,1681.00,4.00,63.00,741.00,860503.55,13377.27
1.88,0.00,26.00,4874.00,1688.00,4.00,63.00,741.00,859372.35,13158.89
1.88,0.00,25.00,4868.00,1695.00,4.00,62.00,742.00,858248.75,12944.50
1.89,0.00,24.00,4864.00,1700.00,4.00,62.00,742.00,857162.15,12748.78
1.90,0.00,23.00,4851.00,1714.00,4.00,61.00,743.00,855974.13,12555.07
1.90,0.00,23.00,4847.00,1718.00,4.00,60.00,744.00,854828.68,12363.21
1.91,0.00,22.00,4836.00,1730.00,4.00,58.00,746.00,853616.95,12158.02
1.92,0.00,22.00,4830.00,1736.00,4.00,55.00,749.00,852419.78,11925.62
1.92,0.00,22.00,4825.00,1741.00,4.00,55.00,749.00,851250.94,11713.45
1.93,0.00,22.00,4817.00,1749.00,4.00,54.00,750.00,850062.91,11504.74
1.94,0.00,21.00,4806.00,1761.00,4.00,54.00,750.00,848812.28,11314.20
1.94,0.00,19.00,4806.00,1763.00,4.00,53.00,751.00,847669.72,11125.23
1.95,0.00,19.00,4794.00,1775.00,4.00,51.00,753.00,846445.60,10922.67
1.96,0.00,18.00,4783.00,1787.00,4.00,50.00,754.00,845162.00,10722.72
1.97,0.00,18.00,4780.00,1790.00,4.00,50.00,754.00,843944.25,10540.19
1.97,0.00,17.00,4774.00,1797.00,4.00,49.00,755.00,842741.58,10358.52
1.98,0.00,16.00,4761.00,1811.00,3.00,49.00,756.00,841447.53,10192.68
1.99,0.00,16.00,4758.00,1814.00,3.00,49.00,756.00,840220.23,10041.27
1.99,0.00,16.00,4743.00,1829.00,3.00,49.00,756.00,838873.62,9903.05
2.00,0.00,16.00,4732.00,1840.00,3.00,48.00,757.00,837478.12,9761.84
2.01,0.00,16.00,4728.00,1844.00,3.00,47.00,758.00,836143.11,9617.91
2.01,0.00,15.00,4719.00,1854.00,3.00,47.00,758.00,834788.24,9486.50
2.02,0.00,15.00,4712.00,1861.00,3.00,46.00,759.00,833445.28,9351.52
2.03,0.00,15.00,4700.00,1873.00,3.00,44.00,761.00,832038.09,9198.24
2.03,0.00,15.00,4686.00,1887.00,3.00,44.00,761.00,830542.17,9058.32
2.04,0.00,15.00,4683.00,1890.00,3.00,43.00,762.00,829130.43,8915.55
2.05,0.00,13.00,4673.00,1902.00,3.00,43.00,762.00,827690.45,8785.21
2.06,0.00,12.00,4667.00,1909.00,3.00,42.00,763.00,826284.75,8651.20
2.06,0.00,12.00,4656.00,1920.00,3.00,41.00,764.00,824835.27,8513.84
2.07,0.00,12.00,4651.00,1925.00,3.00,39.00,766.00,823435.91,8358.39
2.08,0.00,12.00,4644.00,1932.00,3.00,39.00,766.00,822052.31,8216.47
2.08,0.00,12.00,4640.00,1936.00,3.00,38.00,767.00,820728.16,8071.89
2.09,0.00,11.00,4637.00,1940.00,2.00,39.00,767.00,819473.37,7954.93
2.10,0.00,11.00,4629.00,1948.00,2.00,39.00,767.00,818206.81,7848.15
2.10,0.00,11.00,4619.00,1958.00,2.00,37.00,769.00,816899.46,7720.62
2.11,0.00,11.00,4611.00,1966.00,2.00,37.00,769.00,815584.89,7604.19
2.12,0.00,11.00,4606.00,1971.00,2.00,37.00,769.00,814308.80,7497.90
2.12,0.00,11.00,4592.00,1985.00,2.00,37.00,769.00,812932.64,7400.87
2.13,0.00,10.00,4587.00,1991.00,2.00,37.00,769.00,811600.28,7312.29
2.14,0.00,10.00,4580.00,1998.00,2.00,37.00,769.00,810277.88,7231.42
2.15,0.00,9.00,4574.00,2005.00,2.00,37.00,769.00,808979.61,7157.59
2.15,0.00,9.00,4567.00,2012.00,2.00,37.00,769.00,807688.36,7090.19
2.16,0.00,9.00,4565.00,2014.00,2.00,36.00,770.00,806478.64,7013.64
2.17,0.00,9.00,4558.00,2021.00,2.00,35.00,771.00,805268.28,6928.73
2.17,0.00,8.00,4551.00,2029.00,2.00,33.00,773.00,804057.34,6821.17
2.18,0.00,6.00,4547.00,2035.00,2.00,31.00,775.00,802890.95,6692.92
2.19,0.00,5.00,4540.00,2043.00,2.00,31.00,775.00,801720.18,6575.85
2.19,0.00,5.00,4535.00,2048.00,2.00,31.00,775.00,800575.46,6468.96
2.20,0.00,5.00,4531.00,2052.00,2.00,31.00,775.00,799469.55,6371.39
2.21,0.00,4.00,4525.00,2059.00,2.00,30.00,776.00,798369.07,6267.29
2.22,0.00,4.00,4521.00,2063.00,2.00,30.00,776.00,797303.58,6172.25
2.22,0.00,4.00,4516.00,2068.00,2.00,30.00,776.00,796255.05,6085.49
2.23,0.00,4.00,4506.00,2078.00,2.00,30.00,776.00,795146.88,6006.28
2.24,0.00,4.00,4499.00,2085.00,2.00,30.00,776.00,794029.31,5933.97
2.24,0.00,4.00,4490.00,2094.00,2.00,29.00,777.00,792873.09,5852.94
2.25,0.00,4.00,4482.00,2102.00,2.00,28.00,778.00,791696.60,5763.93
2.26,0.00,4.00,4475.00,2109.00,2.00,28.00,778.00,790516.60,5682.68
2.26,0.00,4.00,4468.00,2116.00,2.00,27.00,779.00,789333.40,5593.48
2.27,0.00,4.00,4458.00,2126.00,2.00,27.00,779.00,788102.20,5512.05
2.28,0.00,4.00,4452.00,2132.00,2.00,26.00,780.00,786887.26,5422.68
2.28,0.00,4.00,4448.00,2136.00,2.00,25.00,781.00,785717.20,5326.07
2.29,0.00,4.00,4444.00,2140.00,2.00,25.00,781.00,784588.15,5237.88
2.30,0.00,4.00,4437.00,2147.00,2.00,24.00,782.00,783451.49,5142.34
2.31,0.00,3.00,4429.00,2156.00,2.00,24.00,782.00,782292.87,5055.12
2.31,0.00,2.00,4420.00,2166.00,2.00,22.00,784.00,781099.15,4945.45
2.32,0.00,2.00,4412.00,2174.00,2.00,22.00,784.00,779888.39,4845.33
2.33,0.00,2.00,4409.00,2177.00,2.00,22.00,784.00,778737.18,4753.92
2.33,0.00,2.00,4400.00,2186.00,2.00,22.00,784.00,777550.24,4670.48
2.34,0.00,2.00,4389.00,2197.00,2.00,22.00,784.00,776300.60,4594.30
2.35,0.00,2.00,4380.00,2206.00,2.00,21.00,785.00,775023.74,4509.73
2.35,0.00,2.00,4371.00,2215.00,2.00,21.00,785.00,773721.99,4432.53
2.36,0.00,2.00,4360.00,2226.00,2.00,20.00,786.00,772367.47,4347.02
2.37,0.00,2.00,4350.00,2236.00,1.00,20.00,787.00,770979.76,4268.97
2.38,0.00,2.00,4339.00,2247.00,1.00,20.00,787.00,769546.71,4197.70
2.38,0.00,2.00,4331.00,2255.00,1.00,20.00,787.00,768117.29,4132.65
2.39,0.00,1.00,4320.00,2267.00,1.00,19.00,788.00,766646.14,4058.23
2.40,0.00,1.00,4315.00,2272.00,1.00,19.00,788.00,765226.99,3990.30
2.40,0.00,1.00,4310.00,2277.00,1.00,18.00,789.00,763855.34,3913.25
2.41,0.00,1.00,4307.00,2280.00,1.00,18.00,789.00,762557.15,3842.92
2.42,0.00,1.00,4298.00,2289.00,1.00,17.00,790.00,761235.92,3763.69
2.42,0.00,1.00,4291.00,2296.00,1.00,17.00,790.00,759923.70,3691.35
2.43,0.00,1.00,4287.00,2300.00,1.00,17.00,790.00,758664.77,3625.32
2.44,0.00,1.00,4279.00,2308.00,1.00,17.00,790.00,757394.43,3565.03
2.44,0.00,1.00,4273.00,2314.00,1.00,16.00,791.00,756143.72,3494.97
2.45,0.00,1.00,4266.00,2321.00,1.00,16.00,791.00,754895.92,3431.01
2.46,0.00,1.00,4258.00,2329.00,1.00,16.00,791.00,753635.76,3372.63
2.47,0.00,1.00,4245.00,2342.00,1.00,16.00,791.00,752289.18,3319.32
2.47,0.00,1.00,4238.00,2349.00,1.00,16.00,791.00,750953.80,3270.66
2.48,0.00,1.00,4228.00,2359.00,1.00,16.00,791.00,749583.57,3226.23
2.49,0.00,1.00,4219.00,2368.00,1.00,16.00,791.00,748196.53,3185.67
2.49,0.00,1.00,4213.00,2374.00,1.00,15.00,792.00,746839.20,3133.62
2.50,0.00,1.00,4200.00,2387.00,1.00,13.00,794.00,745403.86,3056.06
2.51,0.00,1.00,4190.00,2397.00,1.00,13.00,794.00,743942.30,2985.25
2.51,0.00,1.00,4178.00,2409.00,1.00,13.00,794.00,742426.76,2920.61
2.52,0.00,1.00,4176.00,2411.00,1.00,13.00,794.00,741012.13,2861.59
2.53,0.00,1.00,4169.00,2418.00,1.00,13.00,794.00,739614.57,2807.72
2.53,0.00,1.00,4162.00,2425.00,1.00,13.00,794.00,738232.61,2758.53
2.54,0.00,1.00,4156.00,2431.00,1.00,13.00,794.00,736879.92,2713.63
2.55,0.00,1.00,4147.00,2440.00,1.00,13.00,794.00,735508.91,2672.64
2.56,0.00,1.00,4144.00,2443.00,1.00,13.00,794.00,734211.29,2635.22
2.56,0.00,1.00,4139.00,2448.00,1.00,13.00,794.00,732950.68,2601.06
2.57,0.00,1.00,4131.00,2456.00,1.00,12.00,795.00,731678.81,2554.84
2.58,0.00,1.00,4122.00,2465.00,1.00,12.00,795.00,730381.63,2512.65
2.58,0.00,1.00,4117.00,2470.00,1.00,12.00,795.00,729121.42,2474.14
2.59,0.00,1.00,4108.00,2479.00,1.00,12.00,795.00,727834.90,2438.98
2.60,0.00,1.00,4098.00,2489.00,1.00,12.00,795.00,726509.31,2406.88
2.60,0.00,1.00,4091.00,2496.00,1.00,12.00,795.00,725193.09,2377.58
2.61,0.00,1.00,4077.00,2510.00,1.00,12.00,795.00,723780.29,2350.82
2.62,0.00,1.00,4067.00,2520.00,1.00,12.00,795.00,722339.33,2326.40
2.62,0.00,1.00,4062.00,2525.00,1.00,12.00,795.00,720947.76,2304.10
2.63,0.00,1.00,4056.00,2531.00,1.00,12.00,795.00,719586.30,2283.75
2.64,0.00,1.00,4048.00,2539.00,1.00,12.00,795.00,718222.29,2265.17
2.65,0.00,1.00,4038.00,2549.00,1.00,12.00,795.00,716825.92,2248.20
2.65,0.00,1.00,4031.00,2556.00,1.00,12.00,795.00,715445.04,2232.72
2.66,0.00,1.00,4021.00,2566.00,1.00,12.00,795.00,714033.24,2218.58
2.67,0.00,1.00,4013.00,2574.00,1.00,12.00,795.00,712623.25,2205.67
2.67,0.00,1.00,4004.00,2583.00,1.00,12.00,795.00,711199.89,2193.89
2.68,0.00,1.00,3992.00,2595.00,1.00,12.00,795.00,709719.23,2183.13
2.69,0.00,1.00,3984.00,2603.00,1.00,11.00,796.00,708246.33,2158.29
2.69,0.00,1.00,3975.00,2612.00,1.00,11.00,796.00,706765.50,2135.60
2.70,0.00,1.00,3972.00,2615.00,1.00,11.00,796.00,705367.54,2114.90
2.71,0.00,1.00,3964.00,2623.00,1.00,10.00,797.00,703970.20,2080.97
2.72,0.00,1.00,3956.00,2631.00,1.00,8.00,799.00,702573.41,2019.96
2.72,0.00,1.00,3945.00,2642.00,1.00,7.00,800.00,701132.07,1949.23
2.73,0.00,1.00,3931.00,2656.00,1.00,7.00,800.00,699604.94,1884.66
2.74,0.00,1.00,3920.00,2667.00,1.00,7.00,800.00,698044.51,1825.71
2.74,0.00,1.00,3913.00,2674.00,1.00,6.00,801.00,696513.75,1756.87
2.75,0.00,1.00,3909.00,2678.00,1.00,6.00,801.00,695055.17,1694.03
2.76,0.00,1.00,3904.00,2683.00,1.00,6.00,801.00,693647.50,1636.66
2.76,0.00,1.00,3889.00,2698.00,1.00,6.00,801.00,692136.13,1584.29
2.77,0.00,1.00,3881.00,2706.00,1.00,6.00,801.00,690635.16,1536.47
2.78,0.00,1.00,3878.00,2709.00,1.00,6.00,801.00,689218.82,1492.82
2.78,0.00,1.00,3871.00,2716.00,1.00,6.00,801.00,687819.69,1452.97
2.79,0.00,1.00,3860.00,2727.00,1.00,6.00,801.00,686376.21,1416.59
2.80,0.00,1.00,3853.00,2734.00,1.00,5.00,802.00,684952.29,1368.35
2.81,0.00,1.00,3851.00,2736.00,1.00,5.00,802.00,683621.37,1324.32
2.81,0.00,1.00,3843.00,2744.00,1.00,5.00,802.00,682285.26,1284.12
2.82,0.00,1.00,3831.00,2756.00,1.00,5.00,802.00,680884.32,1247.42
2.83,0.00,1.00,3825.00,2762.00,1.00,5.00,802.00,679514.30,1213.91
2.83,0.00,1.00,3820.00,2767.00,1.00,4.00,803.00,678187.54,1168.30
2.84,0.00,1.00,3813.00,2774.00,1.00,4.00,803.00,676870.26,1126.66
2.85,0.00,1.00,3809.00,2778.00,1.00,4.00,803.00,675606.71,1088.65
2.85,0.00,1.00,3798.00,2789.00,1.00,3.00,804.00,674287.09,1038.93
2.86,0.00,1.00,3787.00,2800.00,1.00,3.00,804.00,672916.24,993.53
2.87,0.00,1.00,3777.00,2810.00,1.00,3.00,804.00,671513.61,952.09
2.88,0.00,1.00,3769.00,2818.00,1.00,3.00,804.00,670111.99,914.25
2.88,0.00,1.00,3762.00,2825.00,1.00,3.00,804.00,668726.32,879.71
2.89,0.00,1.00,3752.00,2835.00,1.00,3.00,804.00,667310.15,848.18
2.90,0.00,1.00,3744.00,2843.00,1.00,3.00,804.00,665896.16,819.39
2.90,0.00,1.00,3737.00,2850.00,1.00,3.00,804.00,664499.19,793.11
2.91,0.00,0.00,3730.00,2858.00,1.00,2.00,805.00,663117.77,754.10
2.92,0.00,0.00,3725.00,2863.00,1.00,2.00,805.00,661780.59,718.48
2.92,0.00,0.00,3718.00,2870.00,1.00,2.00,805.00,660453.80,685.96
2.93,0.00,0.00,3711.00,2877.00,1.00,2.00,805.00,659136.49,656.28
2.94,0.00,0.00,3704.00,2884.00,1.00,2.00,805.00,657827.84,629.18
2.94,0.00,0.00,3694.00,2894.00,1.00,2.00,805.00,656482.04,604.44
2.95,0.00,0.00,3687.00,2901.00,1.00,2.00,805.00,655147.36,581.85
2.96,0.00,0.00,3683.00,2905.00,1.00,2.00,805.00,653867.92,561.23
2.97,0.00,0.00,3678.00,2910.00,1.00,2.00,805.00,652623.91,542.41
2.97,0.00,0.00,3671.00,2917.00,1.00,2.00,805.00,651382.24,525.23
2.98,0.00,0.00,3667.00,2921.00,1.00,2.00,805.00,650187.76,509.54
2.99,0.00,0.00,3659.00,2929.00,1.00,2.00,805.00,648976.31,495.21
2.99,0.00,0.00,3651.00,2937.00,1.00,2.00,805.00,647749.35,482.14
3.00,0.00,0.00,3643.00,2945.00,1.00,1.00,806.00,646508.23,455.18
3.01,0.00,0.00,3637.00,2951.00,1.00,1.00,806.00,645284.21,430.57
3.01,0.00,0.00,3624.00,2964.00,1.00,0.00,807.00,643970.65,393.08
3.02,0.00,0.00,3614.00,2974.00,1.00,0.00,807.00,642620.36,358.85
3.03,0.00,0.00,3606.00,2982.00,1.00,0.00,807.00,641266.56,327.60
3.03,0.00,0.00,3596.00,2992.00,1.00,0.00,807.00,639879.51,299.07
3.04,0.00,0.00,3588.00,3000.00,1.00,0.00,807.00,638492.13,273.03
3.05,0.00,0.00,3579.00,3009.00,1.00,0.00,807.00,637089.42,249.26
3.06,0.00,0.00,3575.00,3013.00,1.00,0.00,807.00,635747.82,227.55
3.06,0.00,0.00,3571.00,3017.00,1.00,0.00,807.00,634462.05,207.74
3.07,0.00,0.00,3566.00,3022.00,1.00,0.00,807.00,633212.27,189.65
3.08,0.00,0.00,3551.00,3037.00,0.00,1.00,807.00,631845.13,188.16
3.08,0.00,0.00,3543.00,3045.00,0.00,1.00,807.00,630475.94,186.80
3.09,0.00,0.00,3535.00,3053.00,0.00,1.00,807.00,629104.87,185.56
3.10,0.00,0.00,3530.00,3058.00,0.00,1.00,807.00,627777.15,184.42
3.10,0.00,0.00,3523.00,3065.00,0.00,1.00,807.00,626459.00,183.39
3.11,0.00,0.00,3512.00,3076.00,0.00,1.00,807.00,625089.49,182.44
3.12,0.00,0.00,3499.00,3089.00,0.00,1.00,807.00,623643.02,181.58
3.12,0.00,0.00,3492.00,3096.00,0.00,1.00,807.00,622216.37,180.79
3.13,0.00,0.00,3482.00,3106.00,0.00,1.00,807.00,620762.76,180.07
3.14,0.00,0.00,3471.00,3117.00,0.00,1.00,807.00,619269.50,179.41
3.15,0.00,0.00,3464.00,3124.00,0.00,1.00,807.00,617800.11,178.81
3.15,0.00,0.00,3452.00,3136.00,0.00,1.00,807.00,616277.40,178.27
3.16,0.00,0.00,3445.00,3143.00,0.00,1.00,807.00,614781.11,177.77
3.17,0.00,0.00,3436.00,3152.00,0.00,1.00,807.00,613278.90,177.31
3.17,0.00,0.00,3427.00,3161.00,0.00,1.00,807.00,611771.29,176.89
3.18,0.00,0.00,3418.00,3170.00,0.00,1.00,807.00,610258.73,176.51
3.19,0.00,0.00,3411.00,3177.00,0.00,1.00,807.00,608771.71,176.17
3.19,0.00,0.00,3403.00,3185.00,0.00,1.00,807.00,607293.00,175.85
3.20,0.00,0.00,3394.00,3194.00,0.00,1.00,807.00,605806.85,175.56
3.21,0.00,0.00,3387.00,3201.00,0.00,1.00,807.00,604343.95,175.30
3.22,0.00,0.00,3379.00,3209.00,0.00,1.00,807.00,602887.27,175.06
3.22,0.00,0.00,3370.00,3218.00,0.00,1.00,807.00,601421.25,174.84
3.23,0.00,0.00,3358.00,3230.00,0.00,1.00,807.00,599901.63,174.64
3.24,0.00,0.00,3346.00,3242.00,0.00,1.00,807.00,598333.04,174.45
3.24,0.00,0.00,3339.00,3249.00,0.00,1.00,807.00,596794.82,174.28
3.25,0.00,0.00,3332.00,3256.00,0.00,1.00,807.00,595284.35,174.13
3.26,0.00,0.00,3324.00,3264.00,0.00,1.00,807.00,593784.22,173.99
3.26,0.00,0.00,3318.00,3270.00,0.00,1.00,807.00,592323.57,173.86
3.27,0.00,0.00,3310.00,3278.00,0.00,1.00,807.00,590868.95,173.75
3.28,0.00,0.00,3303.00,3285.00,0.00,1.00,807.00,589434.85,173.64
3.28,0.00,0.00,3298.00,3290.00,0.00,1.00,807.00,588049.55,173.55
3.29,0.00,0.00,3294.00,3294.00,0.00,1.00,807.00,586723.87,173.46
3.30,0.00,0.00,3285.00,3303.00,0.00,1.00,807.00,585377.52,173.38
3.31,0.00,0.00,3278.00,3310.00,0.00,1.00,807.00,584042.35,173.30
3.31,0.00,0.00,3270.00,3318.00,0.00,1.00,807.00,582702.36,173.23
3.32,0.00,0.00,3264.00,3324.00,0.00,1.00,807.00,581388.02,173.17
3.33,0.00,0.00,3258.00,3330.00,0.00,1.00,807.00,580097.10,173.12
3.33,0.00,0.00,3248.00,3340.00,0.00,1.00,807.00,578767.50,173.07
3.34,0.00,0.00,3242.00,3346.00,0.00,1.00,807.00,577462.65,173.02
3.35,0.00,0.00,3231.00,3357.00,0.00,1.00,807.00,576105.29,172.98
3.35,0.00,0.00,3225.00,3363.00,0.00,1.00,807.00,574775.08,172.94
3.36,0.00,0.00,3217.00,3371.00,0.00,1.00,807.00,573439.63,172.90
3.37,0.00,0.00,3207.00,3381.00,0.00,0.00,808.00,572069.34,157.85
3.38,0.00,0.00,3199.00,3389.00,0.00,0.00,808.00,570697.26,144.10
3.38,0.00,0.00,3190.00,3398.00,0.00,0.00,808.00,569308.54,131.55
3.39,0.00,0.00,3177.00,3411.00,0.00,0.00,808.00,567844.51,120.10
3.40,0.00,0.00,3171.00,3417.00,0.00,0.00,808.00,566416.84,109.64
3.40,0.00,0.00,3162.00,3426.00,0.00,0.00,808.00,564977.33,100.09
3.41,0.00,0.00,3151.00,3437.00,0.00,0.00,808.00,563496.95,91.38
3.42,0.00,0.00,3145.00,3443.00,0.00,0.00,808.00,562054.35,83.42
3.42,0.00,0.00,3139.00,3449.00,0.00,0.00,808.00,560646.25,76.16
3.43,0.00,0.00,3126.00,3462.00,0.00,0.00,808.00,559164.53,69.53
3.44,0.00,0.00,3123.00,3465.00,0.00,0.00,808.00,557765.77,63.47
3.44,0.00,0.00,3120.00,3468.00,0.00,0.00,808.00,556442.80,57.94
3.45,0.00,0.00,3111.00,3477.00,0.00,0.00,808.00,555098.95,52.90
3.46,0.00,0.00,3102.00,3486.00,0.00,0.00,808.00,553736.00,48.29
3.47,0.00,0.00,3094.00,3494.00,0.00,0.00,808.00,552370.63,44.09
3.47,0.00,0.00,3086.00,3502.00,0.00,0.00,808.00,551003.06,40.25
3.48,0.00,0.00,3081.00,3507.00,0.00,0.00,808.00,549678.54,36.74
3.49,0.00,0.00,3076.00,3512.00,0.00,0.00,808.00,548393.35,33.54
3.49,0.00,0.00,3069.00,3519.00,0.00,0.00,808.00,547114.06,30.62
3.50,0.00,0.00,3057.00,3531.00,0.00,0.00,808.00,545765.02,27.96
3.51,0.00,0.00,3053.00,3535.00,0.00,0.00,808.00,544472.46,25.52
3.51,0.00,0.00,3047.00,3541.00,0.00,0.00,808.00,543201.45,23.30
3.52,0.00,0.00,3042.00,3546.00,0.00,0.00,808.00,541965.15,21.27
3.53,0.00,0.00,3034.00,3554.00,0.00,0.00,808.00,540715.48,19.42
3.53,0.00,0.00,3028.00,3560.00,0.00,0.00,808.00,539483.66,17.73
3.54,0.00,0.00,3025.00,3563.00,0.00,0.00,808.00,538313.21,16.18
3.55,0.00,0.00,3018.00,3570.00,0.00,0.00,808.00,537138.73,14.78
3.56,0.00,0.00,3012.00,3576.00,0.00,0.00,808.00,535975.60,13.49
3.56,0.00,0.00,3007.00,3581.00,0.00,0.00,808.00,534837.85,12.31
3.57,0.00,0.00,2997.00,3591.00,0.00,0.00,808.00,533648.19,11.24
3.58,0.00,0.00,2992.00,3596.00,0.00,0.00,808.00,532486.20,10.26
3.58,0.00,0.00,2986.00,3602.00,0.00,0.00,808.00,531334.48,9.37
3.59,0.00,0.00,2978.00,3610.00,0.00,0.00,808.00,530162.09,8.55
3.60,0.00,0.00,2971.00,3617.00,0.00,0.00,808.00,528985.85,7.81
3.60,0.00,0.00,2964.00,3624.00,0.00,0.00,808.00,527806.07,7.13
3.61,0.00,0.00,2956.00,3632.00,0.00,0.00,808.00,526608.06,6.51
3.62,0.00,0.00,2949.00,3639.00,0.00,0.00,808.00,525408.39,5.94
3.62,0.00,0.00,2941.00,3647.00,0.00,0.00,808.00,524192.21,5.42
3.63,0.00,0.00,2934.00,3654.00,0.00,0.00,808.00,522975.95,4.95
3.64,0.00,0.00,2925.00,3663.00,0.00,0.00,808.00,521729.57,4.52
3.65,0.00,0.00,2920.00,3668.00,0.00,0.00,808.00,520515.78,4.13
3.65,0.00,0.00,2913.00,3675.00,0.00,0.00,808.00,519301.71,3.77
3.66,0.00,0.00,2908.00,3680.00,0.00,0.00,808.00,518117.42,3.44
3.67,0.00,0.00,2898.00,3690.00,0.00,0.00,808.00,516885.23,3.14
3.67,0.00,0.00,2892.00,3696.00,0.00,0.00,808.00,515669.38,2.87
3.68,0.00,0.00,2890.00,3698.00,0.00,0.00,808.00,514528.54,2.62
3.69,0.00,0.00,2881.00,3707.00,0.00,0.00,808.00,513351.07,2.39
3.69,0.00,0.00,2878.00,3710.00,0.00,0.00,808.00,512230.26,2.18
3.70,0.00,0.00,2871.00,3717.00,0.00,0.00,808.00,511101.15,1.99
3.71,0.00,0.00,2865.00,3723.00,0.00,0.00,808.00,509979.46,1.82
3.72,0.00,0.00,2862.00,3726.00,0.00,0.00,808.00,508909.62,1.66
3.72,0.00,0.00,2851.00,3737.00,0.00,0.00,808.00,507766.97,1.51
3.73,0.00,0.00,2843.00,3745.00,0.00,0.00,808.00,506602.87,1.38
3.74,0.00,0.00,2833.00,3755.00,0.00,0.00,808.00,505389.12,1.26
3.74,0.00,0.00,2827.00,3761.00,0.00,0.00,808.00,504190.11,1.15
3.75,0.00,0.00,2816.00,3772.00,0.00,0.00,808.00,502929.46,1.05
3.76,0.00,0.00,2811.00,3777.00,0.00,0.00,808.00,501702.61,0.96
3.76,0.00,0.00,2804.00,3784.00,0.00,0.00,808.00,500476.62,0.88
3.77,0.00,0.00,2798.00,3790.00,0.00,0.00,808.00,499266.41,0.80
3.78,0.00,0.00,2794.00,3794.00,0.00,0.00,808.00,498100.69,0.73
3.78,0.00,0.00,2791.00,3797.00,0.00,0.00,808.00,496990.62,0.67
3.79,0.00,0.00,2785.00,3803.00,0.00,0.00,808.00,495886.34,0.61
3.80,0.00,0.00,2770.00,3818.00,0.00,0.00,808.00,494652.13,0.56
3.81,0.00,0.00,2759.00,3829.00,0.00,0.00,808.00,493359.30,0.51
3.81,0.00,0.00,2753.00,3835.00,0.00,0.00,808.00,492088.05,0.46
3.82,0.00,0.00,2745.00,3843.00,0.00,0.00,808.00,490806.46,0.42
3.83,0.00,0.00,2740.00,3848.00,0.00,0.00,808.00,489560.49,0.39
3.83,0.00,0.00,2737.00,3851.00,0.00,0.00,808.00,488377.11,0.35
3.84,0.00,0.00,2727.00,3861.00,0.00,0.00,808.00,487145.76,0.32
3.85,0.00,0.00,2718.00,3870.00,0.00,0.00,808.00,485885.59,0.29
3.85,0.00,0.00,2708.00,3880.00,0.00,0.00,808.00,484584.09,0.27
3.86,0.00,0.00,2701.00,3887.00,0.00,0.00,808.00,483289.87,0.24
3.87,0.00,0.00,2692.00,3896.00,0.00,0.00,808.00,481972.28,0.22
3.88,0.00,0.00,2682.00,3906.00,0.00,0.00,808.00,480618.31,0.20
3.88,0.00,0.00,2671.00,3917.00,0.00,0.00,808.00,479216.08,0.19
3.89,0.00,0.00,2665.00,3923.00,0.00,0.00,808.00,477844.87,0.17
3.90,0.00,0.00,2661.00,3927.00,0.00,0.00,808.00,476532.06,0.16
3.90,0.00,0.00,2655.00,3933.00,0.00,0.00,808.00,475242.54,0.14
3.91,0.00,0.00,2650.00,3938.00,0.00,0.00,808.00,473989.33,0.13
3.92,0.00,0.00,2643.00,3945.00,0.00,0.00,808.00,472739.24,0.12
3.92,0.00,0.00,2634.00,3954.00,0.00,0.00,808.00,471461.96,0.11
3.93,0.00,0.00,2629.00,3959.00,0.00,0.00,808.00,470219.94,0.10
3.94,0.00,0.00,2623.00,3965.00,0.00,0.00,808.00,468995.09,0.09
3.94,0.00,0.00,2614.00,3974.00,0.00,0.00,808.00,467740.87,0.08
3.95,0.00,0.00,2608.00,3980.00,0.00,0.00,808.00,466504.89,0.07
3.96,0.00,0.00,2602.00,3986.00,0.00,0.00,808.00,465285.57,0.07
3.97,0.00,0.00,2598.00,3990.00,0.00,0.00,808.00,464111.51,0.06
3.97,0.00,0.00,2594.00,3994.00,0.00,0.00,808.00,462978.81,0.06
3.98,0.00,0.00,2590.00,3998.00,0.00,0.00,808.00,461883.89,0.05
3.99,0.00,0.00,2582.00,4006.00,0.00,0.00,808.00,460763.39,0.05
3.99,0.00,0.00,2577.00,4011.00,0.00,0.00,808.00,459664.60,0.04
4.00,0.00,0.00,2573.00,4015.00,0.00,0.00,808.00,458600.66,0.04
4.01,0.00,0.00,2567.00,4021.00,0.00,0.00,808.00,457538.51,0.04
4.01,0.00,0.00,2561.00,4027.00,0.00,0.00,808.00,456478.00,0.03
4.02,0.00,0.00,2549.00,4039.00,0.00,0.00,808.00,455328.85,0.03
4.03,0.00,0.00,2543.00,4045.00,0.00,0.00,808.00,454188.85,0.03
4.03,0.00,0.00,2530.00,4058.00,0.00,0.00,808.00,452952.06,0.03
4.04,0.00,0.00,2523.00,4065.00,0.00,0.00,808.00,451716.98,0.02
4.05,0.00,0.00,2515.00,4073.00,0.00,0.00,808.00,450468.43,0.02
4.06,0.00,0.00,2508.00,4080.00,0.00,0.00,808.00,449222.60,0.02
4.06,0.00,0.00,2503.00,4085.00,0.00,0.00,808.00,448009.31,0.02
4.07,0.00,0.00,2494.00,4094.00,0.00,0.00,808.00,446765.65,0.02
4.08,0.00,0.00,2487.00,4101.00,0.00,0.00,808.00,445524.28,0.01
4.08,0.00,0.00,2477.00,4111.00,0.00,0.00,808.00,444239.95,0.01
4.09,0.00,0.00,2470.00,4118.00,0.00,0.00,808.00,442961.43,0.01
4.10,0.00,0.00,2464.00,4124.00,0.00,0.00,808.00,441703.25,0.01
4.10,0.00,0.00,2463.00,4125.00,0.00,0.00,808.00,440538.75,0.01
4.11,0.00,0.00,2457.00,4131.00,0.00,0.00,808.00,439384.75,0.01
4.12,0.00,0.00,2455.00,4133.00,0.00,0.00,808.00,438300.41,0.01
4.12,0.00,0.00,2447.00,4141.00,0.00,0.00,808.00,437189.57,0.01
4.13,0.00,0.00,2439.00,4149.00,0.00,0.00,808.00,436054.54,0.01
4.14,0.00,0.00,2430.00,4158.00,0.00,0.00,808.00,434882.38,0.01
4.15,0.00,0.00,2426.00,4162.00,0.00,0.00,808.00,433751.41,0.01
4.15,0.00,0.00,2422.00,4166.00,0.00,0.00,808.00,432658.06,0.01
4.16,0.00,0.00,2417.00,4171.00,0.00,0.00,808.00,431584.08,0.00
4.17,0.00,0.00,2410.00,4178.00,0.00,0.00,808.00,430497.74,0.00
4.17,0.00,0.00,2403.00,4185.00,0.00,0.00,808.00,429400.10,0.00
4.18,0.00,0.00,2396.00,4192.00,0.00,0.00,808.00,428292.14,0.00
4.19,0.00,0.00,2386.00,4202.00,0.00,0.00,808.00,427129.69,0.00
4.19,0.00,0.00,2381.00,4207.00,0.00,0.00,808.00,425992.57,0.00
4.20,0.00,0.00,2373.00,4215.00,0.00,0.00,808.00,424833.51,0.00
4.21,0.00,0.00,2368.00,4220.00,0.00,0.00,808.00,423699.50,0.00
4.22,0.00,0.00,2362.00,4226.00,0.00,0.00,808.00,422573.33,0.00
4.22,0.00,0.00,2356.00,4232.00,0.00,0.00,808.00,421454.33,0.00
4.23,0.00,0.00,2354.00,4234.00,0.00,0.00,808.00,420401.97,0.00
4.24,0.00,0.00,2344.00,4244.00,0.00,0.00,808.00,419290.32,0.00
4.24,0.00,0.00,2338.00,4250.00,0.00,0.00,808.00,418184.58,0.00
4.25,0.00,0.00,2330.00,4258.00,0.00,0.00,808.00,417054.20,0.00
4.26,0.00,0.00,2323.00,4265.00,0.00,0.00,808.00,415916.33,0.00
4.26,0.00,0.00,2320.00,4268.00,0.00,0.00,808.00,414831.72,0.00
4.27,0.00,0.00,2312.00,4276.00,0.00,0.00,808.00,413720.63,0.00
4.28,0.00,0.00,2304.00,4284.00,0.00,0.00,808.00,412585.37,0.00
4.28,0.00,0.00,2297.00,4291.00,0.00,0.00,808.00,411443.04,0.00
4.29,0.00,0.00,2290.00,4298.00,0.00,0.00,808.00,410294.26,0.00
4.30,0.00,0.00,2283.00,4305.00,0.00,0.00,808.00,409139.57,0.00
4.31,0.00,0.00,2278.00,4310.00,0.00,0.00,808.00,408009.55,0.00
4.31,0.00,0.00,2275.00,4313.00,0.00,0.00,808.00,406932.09,0.00
4.32,0.00,0.00,2265.00,4323.00,0.00,0.00,808.00,405797.51,0.00
4.33,0.00,0.00,2261.00,4327.00,0.00,0.00,808.00,404700.87,0.00
4.33,0.00,0.00,2254.00,4334.00,0.00,0.00,808.00,403593.83,0.00
4.34,0.00,0.00,2243.00,4345.00,0.00,0.00,808.00,402417.19,0.00
4.35,0.00,0.00,2234.00,4354.00,0.00,0.00,808.00,401207.00,0.00
4.35,0.00,0.00,2229.00,4359.00,0.00,0.00,808.00,400026.28,0.00
4.36,0.00,0.00,2219.00,4369.00,0.00,0.00,808.00,398797.34,0.00
4.37,0.00,0.00,2213.00,4375.00,0.00,0.00,808.00,397584.46,0.00
4.38,0.00,0.00,2208.00,4380.00,0.00,0.00,808.00,396401.26,0.00
4.38,0.00,0.00,2203.00,4385.00,0.00,0.00,808.00,395245.19,0.00
4.39,0.00,0.00,2197.00,4391.00,0.00,0.00,808.00,394098.86,0.00
4.40,0.00,0.00,2192.00,4396.00,0.00,0.00,808.00,392976.48,0.00
4.40,0.00,0.00,2188.00,4400.00,0.00,0.00,808.00,391890.98,0.00
4.41,0.00,0.00,2180.00,4408.00,0.00,0.00,808.00,390779.10,0.00
4.42,0.00,0.00,2167.00,4421.00,0.00,0.00,808.00,389567.98,0.00
4.42,0.00,0.00,2163.00,4425.00,0.00,0.00,808.00,388401.43,0.00
4.43,0.00,0.00,2154.00,4434.00,0.00,0.00,808.00,387200.46,0.00
4.44,0.00,0.00,2144.00,4444.00,0.00,0.00,808.00,385953.04,0.00
4.44,0.00,0.00,2135.00,4453.00,0.00,0.00,808.00,384678.20,0.00
4.45,0.00,0.00,2128.00,4460.00,0.00,0.00,808.00,383408.34,0.00
4.46,0.00,0.00,2121.00,4467.00,0.00,0.00,808.00,382143.06,0.00
4.47,0.00,0.00,2118.00,4470.00,0.00,0.00,808.00,380942.03,0.00
4.47,0.00,0.00,2108.00,4480.00,0.00,0.00,808.00,379694.55,0.00
4.48,0.00,0.00,2094.00,4494.00,0.00,0.00,808.00,378344.54,0.00
4.49,0.00,0.00,2088.00,4500.00,0.00,0.00,808.00,377021.03,0.00
4.49,0.00,0.00,2079.00,4509.00,0.00,0.00,808.00,375676.69,0.00
4.50,0.00,0.00,2071.00,4517.00,0.00,0.00,808.00,374328.31,0.00
4.51,0.00,0.00,2065.00,4523.00,0.00,0.00,808.00,373006.31,0.00
4.51,0.00,0.00,2057.00,4531.00,0.00,0.00,808.00,371678.36,0.00
4.52,0.00,0.00,2052.00,4536.00,0.00,0.00,808.00,370390.03,0.00
4.53,0.00,0.00,2045.00,4543.00,0.00,0.00,808.00,369107.86,0.00
4.53,0.00,0.00,2038.00,4550.00,0.00,0.00,808.00,367831.32,0.00
4.54,0.00,0.00,2032.00,4556.00,0.00,0.00,808.00,366574.95,0.00
4.55,0.00,0.00,2030.00,4558.00,0.00,0.00,808.00,365397.09,0.00
4.56,0.00,0.00,2022.00,4566.00,0.00,0.00,808.00,364200.81,0.00
4.56,0.00,0.00,2016.00,4572.00,0.00,0.00,808.00,363017.77,0.00
4.57,0.00,0.00,2012.00,4576.00,0.00,0.00,808.00,361876.86,0.00
4.58,0.00,0.00,2006.00,4582.00,0.00,0.00,808.00,360744.39,0.00
4.58,0.00,0.00,1998.00,4590.00,0.00,0.00,808.00,359589.59,0.00
4.59,0.00,0.00,1987.00,4601.00,0.00,0.00,808.00,358369.32,0.00
4.60,0.00,0.00,1981.00,4607.00,0.00,0.00,808.00,357164.36,0.00
4.60,0.00,0.00,1973.00,4615.00,0.00,0.00,808.00,355943.32,0.00
4.61,0.00,0.00,1967.00,4621.00,0.00,0.00,808.00,354737.65,0.00
4.62,0.00,0.00,1960.00,4628.00,0.00,0.00,808.00,353531.00,0.00
4.62,0.00,0.00,1950.00,4638.00,0.00,0.00,808.00,352278.38,0.00
4.63,0.00,0.00,1944.00,4644.00,0.00,0.00,808.00,351043.86,0.00
4.64,0.00,0.00,1938.00,4650.00,0.00,0.00,808.00,349825.87,0.00
4.65,0.00,0.00,1934.00,4654.00,0.00,0.00,808.00,348653.04,0.00
4.65,0.00,0.00,1925.00,4663.00,0.00,0.00,808.00,347446.33,0.00
4.66,0.00,0.00,1917.00,4671.00,0.00,0.00,808.00,346223.71,0.00
4.67,0.00,0.00,1909.00,4679.00,0.00,0.00,808.00,344986.55,0.00
4.67,0.00,0.00,1901.00,4687.00,0.00,0.00,808.00,343736.10,0.00
4.68,0.00,0.00,1897.00,4691.00,0.00,0.00,808.00,342533.61,0.00
4.69,0.00,0.00,1891.00,4697.00,0.00,0.00,808.00,341344.89,0.00
4.69,0.00,0.00,1885.00,4703.00,0.00,0.00,808.00,340168.74,0.00
4.70,0.00,0.00,1877.00,4711.00,0.00,0.00,808.00,338974.03,0.00
4.71,0.00,0.00,1874.00,4714.00,0.00,0.00,808.00,337837.48,0.00
4.72,0.00,0.00,1867.00,4721.00,0.00,0.00,808.00,336693.98,0.00
4.72,0.00,0.00,1861.00,4727.00,0.00,0.00,808.00,335559.15,0.00
4.73,0.00,0.00,1854.00,4734.00,0.00,0.00,808.00,334417.21,0.00
4.74,0.00,0.00,1846.00,4742.00,0.00,0.00,808.00,333253.76,0.00
4.74,0.00,0.00,1840.00,4748.00,0.00,0.00,808.00,332100.71,0.00
4.75,0.00,0.00,1835.00,4753.00,0.00,0.00,808.00,330972.16,0.00
4.76,0.00,0.00,1827.00,4761.00,0.00,0.00,808.00,329820.95,0.00
4.76,0.00,0.00,1817.00,4771.00,0.00,0.00,808.00,328618.98,0.00
4.77,0.00,0.00,1814.00,4774.00,0.00,0.00,808.00,327475.80,0.00
4.78,0.00,0.00,1807.00,4781.00,0.00,0.00,808.00,326326.24,0.00
4.78,0.00,0.00,1800.00,4788.00,0.00,0.00,808.00,325170.85,0.00
4.79,0.00,0.00,1793.00,4795.00,0.00,0.00,808.00,324010.13,0.00
4.80,0.00,0.00,1780.00,4808.00,0.00,0.00,808.00,322754.40,0.00
4.81,0.00,0.00,1775.00,4813.00,0.00,0.00,808.00,321532.06,0.00
4.81,0.00,0.00,1768.00,4820.00,0.00,0.00,808.00,320310.18,0.00
4.82,0.00,0.00,1764.00,4824.00,0.00,0.00,808.00,319133.79,0.00
4.83,0.00,0.00,1757.00,4831.00,0.00,0.00,808.00,317953.88,0.00
4.83,0.00,0.00,1748.00,4840.00,0.00,0.00,808.00,316740.72,0.00
4.84,0.00,0.00,1740.00,4848.00,0.00,0.00,808.00,315512.20,0.00
4.85,0.00,0.00,1731.00,4857.00,0.00,0.00,808.00,314254.63,0.00
4.85,0.00,0.00,1723.00,4865.00,0.00,0.00,808.00,312985.53,0.00
4.86,0.00,0.00,1717.00,4871.00,0.00,0.00,808.00,311735.95,0.00
4.87,0.00,0.00,1705.00,4883.00,0.00,0.00,808.00,310414.07,0.00
4.88,0.00,0.00,1698.00,4890.00,0.00,0.00,808.00,309101.25,0.00
4.88,0.00,0.00,1695.00,4893.00,0.00,0.00,808.00,307856.80,0.00
4.89,0.00,0.00,1691.00,4897.00,0.00,0.00,808.00,306659.78,0.00
4.90,0.00,0.00,1679.00,4909.00,0.00,0.00,808.00,305385.92,0.00
4.90,0.00,0.00,1677.00,4911.00,0.00,0.00,808.00,304192.08,0.00
4.91,0.00,0.00,1673.00,4915.00,0.00,0.00,808.00,303041.31,0.00
4.92,0.00,0.00,1671.00,4917.00,0.00,0.00,808.00,301959.92,0.00
4.92,0.00,0.00,1666.00,4922.00,0.00,0.00,808.00,300896.86,0.00
4.93,0.00,0.00,1662.00,4926.00,0.00,0.00,808.00,299865.57,0.00
4.94,0.00,0.00,1659.00,4929.00,0.00,0.00,808.00,298878.31,0.00
4.94,0.00,0.00,1651.00,4937.00,0.00,0.00,808.00,297856.18,0.00
4.95,0.00,0.00,1640.00,4948.00,0.00,0.00,808.00,296757.11,0.00
4.96,0.00,0.00,1635.00,4953.00,0.00,0.00,808.00,295677.90,0.00
4.97,0.00,0.00,1626.00,4962.00,0.00,0.00,808.00,294556.72,0.00
4.97,0.00,0.00,1620.00,4968.00,0.00,0.00,808.00,293442.29,0.00
4.98,0.00,0.00,1614.00,4974.00,0.00,0.00,808.00,292334.01,0.00
4.99,0.00,0.00,1608.00,4980.00,0.00,0.00,808.00,291231.36,0.00
4.99,0.00,0.00,1603.00,4985.00,0.00,0.00,808.00,290148.87,0.00
5.00,0.00,0.00,1598.00,4990.00,0.00,0.00,808.00,289084.80,0.00
5.01,0.00,0.00,1590.00,4998.00,0.00,0.00,808.00,287992.49,0.00
5.01,0.00,0.00,1581.00,5007.00,0.00,0.00,808.00,286859.36,0.00
5.02,0.00,0.00,1577.00,5011.00,0.00,0.00,808.00,285764.04,0.00
5.03,0.00,0.00,1572.00,5016.00,0.00,0.00,808.00,284688.25,0.00
5.03,0.00,0.00,1558.00,5030.00,0.00,0.00,808.00,283495.09,0.00
5.04,0.00,0.00,1550.00,5038.00,0.00,0.00,808.00,282284.85,0.00
5.05,0.00,0.00,1542.00,5046.00,0.00,0.00,808.00,281058.99,0.00
5.06,0.00,0.00,1535.00,5053.00,0.00,0.00,808.00,279833.90,0.00
5.06,0.00,0.00,1529.00,5059.00,0.00,0.00,808.00,278624.53,0.00
5.07,0.00,0.00,1520.00,5068.00,0.00,0.00,808.00,277384.44,0.00
5.08,0.00,0.00,1514.00,5074.00,0.00,0.00,808.00,276161.37,0.00
5.08,0.00,0.00,1511.00,5077.00,0.00,0.00,808.00,274998.91,0.00
5.09,0.00,0.00,1509.00,5079.00,0.00,0.00,808.00,273906.85,0.00
5.10,0.00,0.00,1500.00,5088.00,0.00,0.00,808.00,272773.95,0.00
5.10,0.00,0.00,1494.00,5094.00,0.00,0.00,808.00,271648.79,0.00
5.11,0.00,0.00,1488.00,5100.00,0.00,0.00,808.00,270530.73,0.00
5.12,0.00,0.00,1485.00,5103.00,0.00,0.00,808.00,269464.20,0.00
5.12,0.00,0.00,1477.00,5111.00,0.00,0.00,808.00,268369.64,0.00
5.13,0.00,0.00,1469.00,5119.00,0.00,0.00,808.00,267249.47,0.00
5.14,0.00,0.00,1465.00,5123.00,0.00,0.00,808.00,266166.01,0.00
5.15,0.00,0.00,1459.00,5129.00,0.00,0.00,808.00,265086.02,0.00
5.15,0.00,0.00,1451.00,5137.00,0.00,0.00,808.00,263979.17,0.00
5.16,0.00,0.00,1445.00,5143.00,0.00,0.00,808.00,262877.82,0.00
5.17,0.00,0.00,1435.00,5153.00,0.00,0.00,808.00,261721.40,0.00
5.17,0.00,0.00,1433.00,5155.00,0.00,0.00,808.00,260634.86,0.00
5.18,0.00,0.00,1427.00,5161.00,0.00,0.00,808.00,259552.07,0.00
5.19,0.00,0.00,1419.00,5169.00,0.00,0.00,808.00,258442.65,0.00
5.19,0.00,0.00,1413.00,5175.00,0.00,0.00,808.00,257338.96,0.00
5.20,0.00,0.00,1408.00,5180.00,0.00,0.00,808.00,256255.51,0.00
5.21,0.00,0.00,1401.00,5187.00,0.00,0.00,808.00,255160.53,0.00
5.22,0.00,0.00,1393.00,5195.00,0.00,0.00,808.00,254039.97,0.00
5.22,0.00,0.00,1390.00,5198.00,0.00,0.00,808.00,252971.17,0.00
5.23,0.00,0.00,1382.00,5206.00,0.00,0.00,808.00,251874.53,0.00
5.24,0.00,0.00,1371.00,5217.00,0.00,0.00,808.00,250707.40,0.00
5.24,0.00,0.00,1363.00,5225.00,0.00,0.00,808.00,249520.94,0.00
5.25,0.00,0.00,1354.00,5234.00,0.00,0.00,808.00,248301.78,0.00
5.26,0.00,0.00,1342.00,5246.00,0.00,0.00,808.00,247007.69,0.00
5.26,0.00,0.00,1330.00,5258.00,0.00,0.00,808.00,245645.14,0.00
5.27,0.00,0.00,1326.00,5262.00,0.00,0.00,808.00,244340.24,0.00
5.28,0.00,0.00,1318.00,5270.00,0.00,0.00,808.00,243027.90,0.00
5.28,0.00,0.00,1314.00,5274.00,0.00,0.00,808.00,241768.87,0.00
5.29,0.00,0.00,1306.00,5282.00,0.00,0.00,808.00,240498.44,0.00
5.30,0.00,0.00,1304.00,5284.00,0.00,0.00,808.00,239307.74,0.00
5.31,0.00,0.00,1297.00,5291.00,0.00,0.00,808.00,238114.76,0.00
5.31,0.00,0.00,1295.00,5293.00,0.00,0.00,808.00,236994.82,0.00
5.32,0.00,0.00,1288.00,5300.00,0.00,0.00,808.00,235866.48,0.00
5.33,0.00,0.00,1278.00,5310.00,0.00,0.00,808.00,234685.42,0.00
5.33,0.00,0.00,1269.00,5319.00,0.00,0.00,808.00,233471.19,0.00
5.34,0.00,0.00,1258.00,5330.00,0.00,0.00,808.00,232196.64,0.00
5.35,0.00,0.00,1252.00,5336.00,0.00,0.00,808.00,230942.07,0.00
5.35,0.00,0.00,1241.00,5347.00,0.00,0.00,808.00,229630.65,0.00
5.36,0.00,0.00,1238.00,5350.00,0.00,0.00,808.00,228387.48,0.00
5.37,0.00,0.00,1231.00,5357.00,0.00,0.00,808.00,227146.57,0.00
5.38,0.00,0.00,1229.00,5359.00,0.00,0.00,808.00,225982.83,0.00
5.38,0.00,0.00,1224.00,5364.00,0.00,0.00,808.00,224844.54,0.00
5.39,0.00,0.00,1211.00,5377.00,0.00,0.00,808.00,223609.30,0.00
5.40,0.00,0.00,1201.00,5387.00,0.00,0.00,808.00,222330.57,0.00
5.40,0.00,0.00,1193.00,5395.00,0.00,0.00,808.00,221042.14,0.00
5.41,0.00,0.00,1186.00,5402.00,0.00,0.00,808.00,219759.88,0.00
5.42,0.00,0.00,1181.00,5407.00,0.00,0.00,808.00,218513.30,0.00
5.42,0.00,0.00,1173.00,5415.00,0.00,0.00,808.00,217254.25,0.00
5.43,0.00,0.00,1166.00,5422.00,0.00,0.00,808.00,215998.82,0.00
5.44,0.00,0.00,1158.00,5430.00,0.00,0.00,808.00,214731.70,0.00
5.44,0.00,0.00,1145.00,5443.00,0.00,0.00,808.00,213378.76,0.00
5.45,0.00,0.00,1138.00,5450.00,0.00,0.00,808.00,212037.56,0.00
5.46,0.00,0.00,1129.00,5459.00,0.00,0.00,808.00,210677.04,0.00
5.47,0.00,0.00,1126.00,5462.00,0.00,0.00,808.00,209389.02,0.00
5.47,0.00,0.00,1121.00,5467.00,0.00,0.00,808.00,208137.17,0.00
5.48,0.00,0.00,1115.00,5473.00,0.00,0.00,808.00,206903.35,0.00
5.49,0.00,0.00,1108.00,5480.00,0.00,0.00,808.00,205670.98,0.00
5.49,0.00,0.00,1100.00,5488.00,0.00,0.00,808.00,204424.92,0.00
5.50,0.00,0.00,1087.00,5501.00,0.00,0.00,808.00,203091.22,0.00
5.51,0.00,0.00,1085.00,5503.00,0.00,0.00,808.00,201842.71,0.00
5.51,0.00,0.00,1080.00,5508.00,0.00,0.00,808.00,200626.98,0.00
5.52,0.00,0.00,1073.00,5515.00,0.00,0.00,808.00,199411.12,0.00
5.53,0.00,0.00,1064.00,5524.00,0.00,0.00,808.00,198165.12,0.00
5.53,0.00,0.00,1057.00,5531.00,0.00,0.00,808.00,196921.62,0.00
5.54,0.00,0.00,1054.00,5534.00,0.00,0.00,808.00,195740.50,0.00
5.55,0.00,0.00,1048.00,5540.00,0.00,0.00,808.00,194571.30,0.00
5.56,0.00,0.00,1042.00,5546.00,0.00,0.00,808.00,193412.99,0.00
5.56,0.00,0.00,1034.00,5554.00,0.00,0.00,808.00,192234.58,0.00
5.57,0.00,0.00,1031.00,5557.00,0.00,0.00,808.00,191112.92,0.00
5.58,0.00,0.00,1021.00,5567.00,0.00,0.00,808.00,189937.95,0.00
5.58,0.00,0.00,1016.00,5572.00,0.00,0.00,808.00,188789.39,0.00
5.59,0.00,0.00,1015.00,5573.00,0.00,0.00,808.00,187725.06,0.00
5.60,0.00,0.00,1005.00,5583.00,0.00,0.00,808.00,186602.45,0.00
5.60,0.00,0.00,998.00,5590.00,0.00,0.00,808.00,185471.69,0.00
5.61,0.00,0.00,997.00,5591.00,0.00,0.00,808.00,184423.61,0.00
5.62,0.00,0.00,991.00,5597.00,0.00,0.00,808.00,183375.95,0.00
5.62,0.00,0.00,978.00,5610.00,0.00,0.00,808.00,182223.52,0.00
5.63,0.00,0.00,969.00,5619.00,0.00,0.00,808.00,181035.46,0.00
5.64,0.00,0.00,961.00,5627.00,0.00,0.00,808.00,179829.87,0.00
5.65,0.00,0.00,956.00,5632.00,0.00,0.00,808.00,178653.34,0.00
5.65,0.00,0.00,951.00,5637.00,0.00,0.00,808.00,177503.35,0.00
5.66,0.00,0.00,947.00,5641.00,0.00,0.00,808.00,176392.64,0.00
5.67,0.00,0.00,944.00,5644.00,0.00,0.00,808.00,175332.83,0.00
5.67,0.00,0.00,939.00,5649.00,0.00,0.00,808.00,174289.48,0.00
5.68,0.00,0.00,931.00,5657.00,0.00,0.00,808.00,173216.10,0.00
5.69,0.00,0.00,930.00,5658.00,0.00,0.00,808.00,172220.45,0.00
5.69,0.00,0.00,925.00,5663.00,0.00,0.00,808.00,171235.71,0.00
5.70,0.00,0.00,914.00,5674.00,0.00,0.00,808.00,170170.81,0.00
5.71,0.00,0.00,910.00,5678.00,0.00,0.00,808.00,169137.82,0.00
5.72,0.00,0.00,906.00,5682.00,0.00,0.00,808.00,168134.01,0.00
5.72,0.00,0.00,900.00,5688.00,0.00,0.00,808.00,167126.79,0.00
5.73,0.00,0.00,895.00,5693.00,0.00,0.00,808.00,166131.49,0.00
5.74,0.00,0.00,892.00,5696.00,0.00,0.00,808.00,165177.12,0.00
5.74,0.00,0.00,887.00,5701.00,0.00,0.00,808.00,164230.10,0.00
5.75,0.00,0.00,881.00,5707.00,0.00,0.00,808.00,163274.77,0.00
5.76,0.00,0.00,876.00,5712.00,0.00,0.00,808.00,162326.87,0.00
5.76,0.00,0.00,876.00,5712.00,0.00,0.00,808.00,161460.88,0.00
5.77,0.00,0.00,871.00,5717.00,0.00,0.00,808.00,160594.60,0.00
5.78,0.00,0.00,868.00,5720.00,0.00,0.00,808.00,159758.10,0.00
5.78,0.00,0.00,865.00,5723.00,0.00,0.00,808.00,158948.81,0.00
5.79,0.00,0.00,857.00,5731.00,0.00,0.00,808.00,158089.27,0.00
5.80,0.00,0.00,850.00,5738.00,0.00,0.00,808.00,157198.84,0.00
5.81,0.00,0.00,843.00,5745.00,0.00,0.00,808.00,156280.18,0.00
5.81,0.00,0.00,837.00,5751.00,0.00,0.00,808.00,155350.76,0.00
5.82,0.00,0.00,832.00,5756.00,0.00,0.00,808.00,154426.54,0.00
5.83,0.00,0.00,825.00,5763.00,0.00,0.00,808.00,153477.02,0.00
5.83,0.00,0.00,816.00,5772.00,0.00,0.00,808.00,152474.33,0.00
5.84,0.00,0.00,813.00,5775.00,0.00,0.00,808.00,151513.21,0.00
5.85,0.00,0.00,807.00,5781.00,0.00,0.00,808.00,150545.01,0.00
5.85,0.00,0.00,803.00,5785.00,0.00,0.00,808.00,149600.37,0.00
5.86,0.00,0.00,796.00,5792.00,0.00,0.00,808.00,148632.19,0.00
5.87,0.00,0.00,793.00,5795.00,0.00,0.00,808.00,147702.60,0.00
5.88,0.00,0.00,788.00,5800.00,0.00,0.00,808.00,146778.22,0.00
5.88,0.00,0.00,780.00,5808.00,0.00,0.00,808.00,145813.52,0.00
5.89,0.00,0.00,777.00,5811.00,0.00,0.00,808.00,144887.12,0.00
5.90,0.00,0.00,771.00,5817.00,0.00,0.00,808.00,143950.62,0.00
5.90,0.00,0.00,766.00,5822.00,0.00,0.00,808.00,143019.93,0.00
5.91,0.00,0.00,764.00,5824.00,0.00,0.00,808.00,142139.61,0.00
5.92,0.00,0.00,759.00,5829.00,0.00,0.00,808.00,141260.24,0.00
5.92,0.00,0.00,754.00,5834.00,0.00,0.00,808.00,140381.74,0.00
5.93,0.00,0.00,741.00,5847.00,0.00,0.00,808.00,139383.85,0.00
5.94,0.00,0.00,735.00,5853.00,0.00,0.00,808.00,138382.04,0.00
5.94,0.00,0.00,732.00,5856.00,0.00,0.00,808.00,137421.73,0.00
5.95,0.00,0.00,731.00,5857.00,0.00,0.00,808.00,136529.37,0.00
5.96,0.00,0.00,725.00,5863.00,0.00,0.00,808.00,135623.99,0.00
5.97,0.00,0.00,716.00,5872.00,0.00,0.00,808.00,134661.62,0.00
5.97,0.00,0.00,711.00,5877.00,0.00,0.00,808.00,133707.30,0.00
5.98,0.00,0.00,706.00,5882.00,0.00,0.00,808.00,132760.32,0.00
5.99,0.00,0.00,701.00,5887.00,0.00,0.00,808.00,131820.05,0.00
5.99,0.00,0.00,695.00,5893.00,0.00,0.00,808.00,130870.88,0.00
6.00,0.00,0.00,692.00,5896.00,0.00,0.00,808.00,129958.67,0.00
6.01,0.00,0.00,687.00,5901.00,0.00,0.00,808.00,129050.16,0.00
6.01,0.00,0.00,681.00,5907.00,0.00,0.00,808.00,128130.01,0.00
6.02,0.00,0.00,679.00,5909.00,0.00,0.00,808.00,127259.33,0.00
6.03,0.00,0.00,675.00,5913.00,0.00,0.00,808.00,126403.78,0.00
6.03,0.00,0.00,670.00,5918.00,0.00,0.00,808.00,125547.05,0.00
6.04,0.00,0.00,662.00,5926.00,0.00,0.00,808.00,124644.16,0.00
6.05,0.00,0.00,660.00,5928.00,0.00,0.00,808.00,123789.24,0.00
6.06,0.00,0.00,655.00,5933.00,0.00,0.00,808.00,122933.07,0.00
6.06,0.00,0.00,649.00,5939.00,0.00,0.00,808.00,122060.75,0.00
6.07,0.00,0.00,645.00,5943.00,0.00,0.00,808.00,121203.70,0.00
6.08,0.00,0.00,639.00,5949.00,0.00,0.00,808.00,120330.58,0.00
6.08,0.00,0.00,637.00,5951.00,0.00,0.00,808.00,119502.85,0.00
6.09,0.00,0.00,632.00,5956.00,0.00,0.00,808.00,118671.53,0.00
6.10,0.00,0.00,627.00,5961.00,0.00,0.00,808.00,117836.93,0.00
6.10,0.00,0.00,626.00,5962.00,0.00,0.00,808.00,117059.41,0.00
6.11,0.00,0.00,618.00,5970.00,0.00,0.00,808.00,116228.90,0.00
6.12,0.00,0.00,615.00,5973.00,0.00,0.00,808.00,115425.08,0.00
6.12,0.00,0.00,608.00,5980.00,0.00,0.00,808.00,114585.55,0.00
6.13,0.00,0.00,605.00,5983.00,0.00,0.00,808.00,113773.50,0.00
6.14,0.00,0.00,597.00,5991.00,0.00,0.00,808.00,112911.43,0.00
6.15,0.00,0.00,593.00,5995.00,0.00,0.00,808.00,112063.75,0.00
6.15,0.00,0.00,586.00,6002.00,0.00,0.00,808.00,111184.16,0.00
6.16,0.00,0.00,582.00,6006.00,0.00,0.00,808.00,110320.48,0.00
6.17,0.00,0.00,577.00,6011.00,0.00,0.00,808.00,109456.31,0.00
6.17,0.00,0.00,573.00,6015.00,0.00,0.00,808.00,108606.72,0.00
6.18,0.00,0.00,564.00,6024.00,0.00,0.00,808.00,107695.33,0.00
6.19,0.00,0.00,562.00,6026.00,0.00,0.00,808.00,106832.65,0.00
6.19,0.00,0.00,559.00,6029.00,0.00,0.00,808.00,105999.44,0.00
6.20,0.00,0.00,552.00,6036.00,0.00,0.00,808.00,105133.07,0.00
6.21,0.00,0.00,544.00,6044.00,0.00,0.00,808.00,104221.37,0.00
6.22,0.00,0.00,542.00,6046.00,0.00,0.00,808.00,103358.40,0.00
6.22,0.00,0.00,541.00,6047.00,0.00,0.00,808.00,102554.97,0.00
6.23,0.00,0.00,536.00,6052.00,0.00,0.00,808.00,101745.85,0.00
6.24,0.00,0.00,532.00,6056.00,0.00,0.00,808.00,100946.56,0.00
6.24,0.00,0.00,525.00,6063.00,0.00,0.00,808.00,100111.16,0.00
6.25,0.00,0.00,522.00,6066.00,0.00,0.00,808.00,99302.88,0.00
6.26,0.00,0.00,518.00,6070.00,0.00,0.00,808.00,98504.35,0.00
6.26,0.00,0.00,511.00,6077.00,0.00,0.00,808.00,97669.66,0.00
6.27,0.00,0.00,508.00,6080.00,0.00,0.00,808.00,96862.02,0.00
6.28,0.00,0.00,503.00,6085.00,0.00,0.00,808.00,96049.05,0.00
6.28,0.00,0.00,496.00,6092.00,0.00,0.00,808.00,95201.17,0.00
6.29,0.00,0.00,490.00,6098.00,0.00,0.00,808.00,94336.41,0.00
6.30,0.00,0.00,483.00,6105.00,0.00,0.00,808.00,93441.21,0.00
6.31,0.00,0.00,479.00,6109.00,0.00,0.00,808.00,92563.27,0.00
6.31,0.00,0.00,473.00,6115.00,0.00,0.00,808.00,91671.05,0.00
6.32,0.00,0.00,470.00,6118.00,0.00,0.00,808.00,90810.86,0.00
6.33,0.00,0.00,463.00,6125.00,0.00,0.00,808.00,89919.83,0.00
6.33,0.00,0.00,459.00,6129.00,0.00,0.00,808.00,89045.70,0.00
6.34,0.00,0.00,454.00,6134.00,0.00,0.00,808.00,88171.99,0.00
6.35,0.00,0.00,450.00,6138.00,0.00,0.00,808.00,87313.68,0.00
6.35,0.00,0.00,445.00,6143.00,0.00,0.00,808.00,86454.42,0.00
6.36,0.00,0.00,441.00,6147.00,0.00,0.00,808.00,85609.31,0.00
6.37,0.00,0.00,440.00,6148.00,0.00,0.00,808.00,84822.20,0.00
6.38,0.00,0.00,435.00,6153.00,0.00,0.00,808.00,84027.99,0.00
6.38,0.00,0.00,430.00,6158.00,0.00,0.00,808.00,83227.29,0.00
6.39,0.00,0.00,421.00,6167.00,0.00,0.00,808.00,82360.57,0.00
6.40,0.00,0.00,418.00,6170.00,0.00,0.00,808.00,81523.67,0.00
6.40,0.00,0.00,412.00,6176.00,0.00,0.00,808.00,80668.94,0.00
6.41,0.00,0.00,409.00,6179.00,0.00,0.00,808.00,79843.00,0.00
6.42,0.00,0.00,404.00,6184.00,0.00,0.00,808.00,79013.32,0.00
6.42,0.00,0.00,397.00,6191.00,0.00,0.00,808.00,78150.16,0.00
6.43,0.00,0.00,396.00,6192.00,0.00,0.00,808.00,77346.56,0.00
6.44,0.00,0.00,394.00,6194.00,0.00,0.00,808.00,76582.35,0.00
6.44,0.00,0.00,391.00,6197.00,0.00,0.00,808.00,75839.11,0.00
6.45,0.00,0.00,388.00,6200.00,0.00,0.00,808.00,75115.02,0.00
6.46,0.00,0.00,383.00,6205.00,0.00,0.00,808.00,74378.38,0.00
6.47,0.00,0.00,378.00,6210.00,0.00,0.00,808.00,73630.27,0.00
6.47,0.00,0.00,372.00,6216.00,0.00,0.00,808.00,72856.67,0.00
6.48,0.00,0.00,367.00,6221.00,0.00,0.00,808.00,72074.80,0.00
6.49,0.00,0.00,362.00,6226.00,0.00,0.00,808.00,71285.37,0.00
6.49,0.00,0.00,361.00,6227.00,0.00,0.00,808.00,70549.13,0.00
6.50,0.00,0.00,357.00,6231.00,0.00,0.00,808.00,69816.42,0.00
6.51,0.00,0.00,354.00,6234.00,0.00,0.00,808.00,69101.94,0.00
6.51,0.00,0.00,348.00,6240.00,0.00,0.00,808.00,68359.07,0.00
6.52,0.00,0.00,344.00,6244.00,0.00,0.00,808.00,67620.29,0.00
6.53,0.00,0.00,342.00,6246.00,0.00,0.00,808.00,66915.30,0.00
6.53,0.00,0.00,335.00,6253.00,0.00,0.00,808.00,66166.07,0.00
6.54,0.00,0.00,331.00,6257.00,0.00,0.00,808.00,65421.48,0.00
6.55,0.00,0.00,331.00,6257.00,0.00,0.00,808.00,64741.23,0.00
6.56,0.00,0.00,326.00,6262.00,0.00,0.00,808.00,64044.65,0.00
6.56,0.00,0.00,324.00,6264.00,0.00,0.00,808.00,63378.21,0.00
6.57,0.00,0.00,321.00,6267.00,0.00,0.00,808.00,62724.28,0.00
6.58,0.00,0.00,316.00,6272.00,0.00,0.00,808.00,62051.74,0.00
6.58,0.00,0.00,314.00,6274.00,0.00,0.00,808.00,61407.27,0.00
6.59,0.00,0.00,308.00,6280.00,0.00,0.00,808.00,60728.35,0.00
6.60,0.00,0.00,306.00,6282.00,0.00,0.00,808.00,60078.04,0.00
6.60,0.00,0.00,302.00,6286.00,0.00,0.00,808.00,59423.84,0.00
6.61,0.00,0.00,300.00,6288.00,0.00,0.00,808.00,58796.11,0.00
6.62,0.00,0.00,297.00,6291.00,0.00,0.00,808.00,58177.56,0.00
6.62,0.00,0.00,292.00,6296.00,0.00,0.00,808.00,57537.34,0.00
6.63,0.00,0.00,289.00,6299.00,0.00,0.00,808.00,56907.36,0.00
6.64,0.00,0.00,286.00,6302.00,0.00,0.00,808.00,56286.76,0.00
6.65,0.00,0.00,285.00,6303.00,0.00,0.00,808.00,55704.75,0.00
6.65,0.00,0.00,281.00,6307.00,0.00,0.00,808.00,55112.95,0.00
6.66,0.00,0.00,278.00,6310.00,0.00,0.00,808.00,54527.21,0.00
6.67,0.00,0.00,270.00,6318.00,0.00,0.00,808.00,53871.89,0.00
6.67,0.00,0.00,269.00,6319.00,0.00,0.00,808.00,53258.18,0.00
6.68,0.00,0.00,266.00,6322.00,0.00,0.00,808.00,52652.43,0.00
6.69,0.00,0.00,261.00,6327.00,0.00,0.00,808.00,52023.90,0.00
6.69,0.00,0.00,259.00,6329.00,0.00,0.00,808.00,51419.64,0.00
6.70,0.00,0.00,254.00,6334.00,0.00,0.00,808.00,50792.47,0.00
6.71,0.00,0.00,249.00,6339.00,0.00,0.00,808.00,50144.38,0.00
6.72,0.00,0.00,245.00,6343.00,0.00,0.00,808.00,49492.20,0.00
6.72,0.00,0.00,239.00,6349.00,0.00,0.00,808.00,48806.23,0.00
6.73,0.00,0.00,234.00,6354.00,0.00,0.00,808.00,48104.42,0.00
6.74,0.00,0.00,231.00,6357.00,0.00,0.00,808.00,47418.18,0.00
6.74,0.00,0.00,230.00,6358.00,0.00,0.00,808.00,46776.22,0.00
6.75,0.00,0.00,225.00,6363.00,0.00,0.00,808.00,46114.61,0.00
6.76,0.00,0.00,223.00,6365.00,0.00,0.00,808.00,45480.12,0.00
6.76,0.00,0.00,219.00,6369.00,0.00,0.00,808.00,44840.36,0.00
6.77,0.00,0.00,217.00,6371.00,0.00,0.00,808.00,44225.84,0.00
6.78,0.00,0.00,212.00,6376.00,0.00,0.00,808.00,43589.30,0.00
6.78,0.00,0.00,209.00,6379.00,0.00,0.00,808.00,42962.69,0.00
6.79,0.00,0.00,203.00,6385.00,0.00,0.00,808.00,42300.09,0.00
6.80,0.00,0.00,199.00,6389.00,0.00,0.00,808.00,41634.65,0.00
6.81,0.00,0.00,193.00,6395.00,0.00,0.00,808.00,40936.57,0.00
6.81,0.00,0.00,191.00,6397.00,0.00,0.00,808.00,40268.76,0.00
6.82,0.00,0.00,189.00,6399.00,0.00,0.00,808.00,39628.61,0.00
6.83,0.00,0.00,186.00,6402.00,0.00,0.00,808.00,38998.70,0.00
6.83,0.00,0.00,184.00,6404.00,0.00,0.00,808.00,38393.18,0.00
6.84,0.00,0.00,183.00,6405.00,0.00,0.00,808.00,37824.95,0.00
6.85,0.00,0.00,178.00,6410.00,0.00,0.00,808.00,37230.71,0.00
6.85,0.00,0.00,177.00,6411.00,0.00,0.00,808.00,36672.79,0.00
6.86,0.00,0.00,173.00,6415.00,0.00,0.00,808.00,36102.99,0.00
6.87,0.00,0.00,170.00,6418.00,0.00,0.00,808.00,35537.36,0.00
6.88,0.00,0.00,168.00,6420.00,0.00,0.00,808.00,34990.55,0.00
6.88,0.00,0.00,166.00,6422.00,0.00,0.00,808.00,34460.94,0.00
6.89,0.00,0.00,162.00,6426.00,0.00,0.00,808.00,33917.01,0.00
6.90,0.00,0.00,159.00,6429.00,0.00,0.00,808.00,33375.00,0.00
6.90,0.00,0.00,156.00,6432.00,0.00,0.00,808.00,32834.76,0.00
6.91,0.00,0.00,151.00,6437.00,0.00,0.00,808.00,32266.08,0.00
6.92,0.00,0.00,144.00,6444.00,0.00,0.00,808.00,31641.38,0.00
6.92,0.00,0.00,143.00,6445.00,0.00,0.00,808.00,31055.64,0.00
6.93,0.00,0.00,137.00,6451.00,0.00,0.00,808.00,30430.37,0.00
6.94,0.00,0.00,131.00,6457.00,0.00,0.00,808.00,29768.99,0.00
6.94,0.00,0.00,129.00,6459.00,0.00,0.00,808.00,29134.71,0.00
6.95,0.00,0.00,128.00,6460.00,0.00,0.00,808.00,28540.21,0.00
6.96,0.00,0.00,126.00,6462.00,0.00,0.00,808.00,27967.04,0.00
6.97,0.00,0.00,124.00,6464.00,0.00,0.00,808.00,27413.35,0.00
6.97,0.00,0.00,120.00,6468.00,0.00,0.00,808.00,26847.40,0.00
6.98,0.00,0.00,120.00,6468.00,0.00,0.00,808.00,26330.36,0.00
6.99,0.00,0.00,118.00,6470.00,0.00,0.00,808.00,25827.95,0.00
6.99,0.00,0.00,114.00,6474.00,0.00,0.00,808.00,25308.86,0.00
7.00,0.00,0.00,112.00,6476.00,0.00,0.00,808.00,24804.58,0.00
7.01,0.00,0.00,107.00,6481.00,0.00,0.00,808.00,24268.75,0.00
7.01,0.00,0.00,104.00,6484.00,0.00,0.00,808.00,23734.15,0.00
7.02,0.00,0.00,101.00,6487.00,0.00,0.00,808.00,23200.68,0.00
7.03,0.00,0.00,100.00,6488.00,0.00,0.00,808.00,22698.28,0.00
7.03,0.00,0.00,96.00,6492.00,0.00,0.00,808.00,22179.20,0.00
7.04,0.00,0.00,95.00,6493.00,0.00,0.00,808.00,21689.95,0.00
7.05,0.00,0.00,92.00,6496.00,0.00,0.00,808.00,21197.90,0.00
7.06,0.00,0.00,90.00,6498.00,0.00,0.00,808.00,20718.33,0.00
7.06,0.00,0.00,86.00,6502.00,0.00,0.00,808.00,20220.10,0.00
7.07,0.00,0.00,84.00,6504.00,0.00,0.00,808.00,19734.87,0.00
7.08,0.00,0.00,81.00,6507.00,0.00,0.00,808.00,19246.51,0.00
7.08,0.00,0.00,79.00,6509.00,0.00,0.00,808.00,18770.29,0.00
7.09,0.00,0.00,79.00,6509.00,0.00,0.00,808.00,18335.23,0.00
7.10,0.00,0.00,77.00,6511.00,0.00,0.00,808.00,17907.71,0.00
7.10,0.00,0.00,74.00,6514.00,0.00,0.00,808.00,17472.06,0.00
7.11,0.00,0.00,72.00,6516.00,0.00,0.00,808.00,17044.01,0.00
7.12,0.00,0.00,72.00,6516.00,0.00,0.00,808.00,16652.94,0.00
7.12,0.00,0.00,70.00,6518.00,0.00,0.00,808.00,16265.62,0.00
7.13,0.00,0.00,68.00,6520.00,0.00,0.00,808.00,15881.72,0.00
7.14,0.00,0.00,67.00,6521.00,0.00,0.00,808.00,15515.97,0.00
7.15,0.00,0.00,65.00,6523.00,0.00,0.00,808.00,15151.78,0.00
7.15,0.00,0.00,65.00,6523.00,0.00,0.00,808.00,14819.06,0.00
7.16,0.00,0.00,65.00,6523.00,0.00,0.00,808.00,14515.08,0.00
7.17,0.00,0.00,63.00,6525.00,0.00,0.00,808.00,14207.33,0.00
7.17,0.00,0.00,63.00,6525.00,0.00,0.00,808.00,13926.17,0.00
7.18,0.00,0.00,61.00,6527.00,0.00,0.00,808.00,13639.25,0.00
7.19,0.00,0.00,57.00,6531.00,0.00,0.00,808.00,13317.04,0.00
7.19,0.00,0.00,56.00,6532.00,0.00,0.00,808.00,13007.64,0.00
7.20,0.00,0.00,55.00,6533.00,0.00,0.00,808.00,12709.96,0.00
7.21,0.00,0.00,55.00,6533.00,0.00,0.00,808.00,12437.99,0.00
7.22,0.00,0.00,52.00,6536.00,0.00,0.00,808.00,12144.46,0.00
7.22,0.00,0.00,52.00,6536.00,0.00,0.00,808.00,11876.29,0.00
7.23,0.00,0.00,51.00,6537.00,0.00,0.00,808.00,11616.27,0.00
7.24,0.00,0.00,51.00,6537.00,0.00,0.00,808.00,11378.72,0.00
7.24,0.00,0.00,51.00,6537.00,0.00,0.00,808.00,11161.69,0.00
7.25,0.00,0.00,51.00,6537.00,0.00,0.00,808.00,10963.42,0.00
7.26,0.00,0.00,51.00,6537.00,0.00,0.00,808.00,10782.27,0.00
7.26,0.00,0.00,49.00,6539.00,0.00,0.00,808.00,10586.74,0.00
7.27,0.00,0.00,48.00,6540.00,0.00,0.00,808.00,10393.08,0.00
7.28,0.00,0.00,46.00,6542.00,0.00,0.00,808.00,10186.10,0.00
7.28,0.00,0.00,46.00,6542.00,0.00,0.00,808.00,9997.01,0.00
7.29,0.00,0.00,46.00,6542.00,0.00,0.00,808.00,9824.26,0.00
7.30,0.00,0.00,46.00,6542.00,0.00,0.00,808.00,9666.43,0.00
7.31,0.00,0.00,43.00,6545.00,0.00,0.00,808.00,9477.17,0.00
7.31,0.00,0.00,42.00,6546.00,0.00,0.00,808.00,9289.25,0.00
7.32,0.00,0.00,40.00,6548.00,0.00,0.00,808.00,9087.51,0.00
7.33,0.00,0.00,40.00,6548.00,0.00,0.00,808.00,8903.21,0.00
7.33,0.00,0.00,40.00,6548.00,0.00,0.00,808.00,8734.83,0.00
7.34,0.00,0.00,39.00,6549.00,0.00,0.00,808.00,8565.98,0.00
7.35,0.00,0.00,37.00,6551.00,0.00,0.00,808.00,8381.67,0.00
7.35,0.00,0.00,37.00,6551.00,0.00,0.00,808.00,8213.29,0.00
7.36,0.00,0.00,37.00,6551.00,0.00,0.00,808.00,8059.45,0.00
7.37,0.00,0.00,35.00,6553.00,0.00,0.00,808.00,7888.86,0.00
7.38,0.00,0.00,35.00,6553.00,0.00,0.00,808.00,7733.02,0.00
7.38,0.00,0.00,34.00,6554.00,0.00,0.00,808.00,7575.61,0.00
7.39,0.00,0.00,32.00,6556.00,0.00,0.00,808.00,7401.76,0.00
7.40,0.00,0.00,31.00,6557.00,0.00,0.00,808.00,7227.91,0.00
7.40,0.00,0.00,31.00,6557.00,0.00,0.00,808.00,7069.08,0.00
7.41,0.00,0.00,30.00,6558.00,0.00,0.00,808.00,6908.96,0.00
7.42,0.00,0.00,28.00,6560.00,0.00,0.00,808.00,6732.62,0.00
7.42,0.00,0.00,28.00,6560.00,0.00,0.00,808.00,6571.52,0.00
7.43,0.00,0.00,28.00,6560.00,0.00,0.00,808.00,6424.34,0.00
7.44,0.00,0.00,28.00,6560.00,0.00,0.00,808.00,6289.87,0.00
7.44,0.00,0.00,26.00,6562.00,0.00,0.00,808.00,6136.98,0.00
7.45,0.00,0.00,26.00,6562.00,0.00,0.00,808.00,5997.30,0.00
7.46,0.00,0.00,25.00,6563.00,0.00,0.00,808.00,5854.67,0.00
7.47,0.00,0.00,25.00,6563.00,0.00,0.00,808.00,5724.36,0.00
7.47,0.00,0.00,25.00,6563.00,0.00,0.00,808.00,5605.31,0.00
7.48,0.00,0.00,25.00,6563.00,0.00,0.00,808.00,5496.55,0.00
7.49,0.00,0.00,24.00,6564.00,0.00,0.00,808.00,5382.16,0.00
7.49,0.00,0.00,24.00,6564.00,0.00,0.00,808.00,5277.66,0.00
7.50,0.00,0.00,24.00,6564.00,0.00,0.00,808.00,5182.18,0.00
7.51,0.00,0.00,24.00,6564.00,0.00,0.00,808.00,5094.96,0.00
7.51,0.00,0.00,24.00,6564.00,0.00,0.00,808.00,5015.27,0.00
7.52,0.00,0.00,23.00,6565.00,0.00,0.00,808.00,4927.45,0.00
7.53,0.00,0.00,22.00,6566.00,0.00,0.00,808.00,4832.19,0.00
7.53,0.00,0.00,22.00,6566.00,0.00,0.00,808.00,4745.16,0.00
7.54,0.00,0.00,22.00,6566.00,0.00,0.00,808.00,4665.65,0.00
7.55,0.00,0.00,22.00,6566.00,0.00,0.00,808.00,4593.01,0.00
7.56,0.00,0.00,22.00,6566.00,0.00,0.00,808.00,4526.65,0.00
7.56,0.00,0.00,21.00,6567.00,0.00,0.00,808.00,4451.00,0.00
7.57,0.00,0.00,20.00,6568.00,0.00,0.00,808.00,4366.86,0.00
7.58,0.00,0.00,19.00,6569.00,0.00,0.00,808.00,4274.97,0.00
7.58,0.00,0.00,19.00,6569.00,0.00,0.00,808.00,4191.02,0.00
7.59,0.00,0.00,18.00,6570.00,0.00,0.00,808.00,4099.30,0.00
7.60,0.00,0.00,18.00,6570.00,0.00,0.00,808.00,4015.51,0.00
7.60,0.00,0.00,18.00,6570.00,0.00,0.00,808.00,3938.96,0.00
7.61,0.00,0.00,15.00,6573.00,0.00,0.00,808.00,3823.95,0.00
7.62,0.00,0.00,15.00,6573.00,0.00,0.00,808.00,3718.88,0.00
7.62,0.00,0.00,15.00,6573.00,0.00,0.00,808.00,3622.88,0.00
7.63,0.00,0.00,14.00,6574.00,0.00,0.00,808.00,3520.16,0.00
7.64,0.00,0.00,14.00,6574.00,0.00,0.00,808.00,3426.32,0.00
7.65,0.00,0.00,14.00,6574.00,0.00,0.00,808.00,3340.58,0.00
7.65,0.00,0.00,13.00,6575.00,0.00,0.00,808.00,3247.23,0.00
7.66,0.00,0.00,13.00,6575.00,0.00,0.00,808.00,3161.95,0.00
7.67,0.00,0.00,13.00,6575.00,0.00,0.00,808.00,3084.03,0.00
7.67,0.00,0.00,13.00,6575.00,0.00,0.00,808.00,3012.85,0.00
7.68,0.00,0.00,13.00,6575.00,0.00,0.00,808.00,2947.82,0.00
7.69,0.00,0.00,12.00,6576.00,0.00,0.00,808.00,2873.38,0.00
7.69,0.00,0.00,12.00,6576.00,0.00,0.00,808.00,2805.38,0.00
7.70,0.00,0.00,12.00,6576.00,0.00,0.00,808.00,2743.25,0.00
7.71,0.00,0.00,12.00,6576.00,0.00,0.00,808.00,2686.49,0.00
7.72,0.00,0.00,12.00,6576.00,0.00,0.00,808.00,2634.63,0.00
7.72,0.00,0.00,11.00,6577.00,0.00,0.00,808.00,2572.24,0.00
7.73,0.00,0.00,10.00,6578.00,0.00,0.00,808.00,2500.21,0.00
7.74,0.00,0.00,9.00,6579.00,0.00,0.00,808.00,2419.38,0.00
7.74,0.00,0.00,8.00,6580.00,0.00,0.00,808.00,2330.51,0.00
7.75,0.00,0.00,7.00,6581.00,0.00,0.00,808.00,2234.30,0.00
7.76,0.00,0.00,6.00,6582.00,0.00,0.00,808.00,2131.38,0.00
7.76,0.00,0.00,6.00,6582.00,0.00,0.00,808.00,2037.35,0.00
7.77,0.00,0.00,6.00,6582.00,0.00,0.00,808.00,1951.45,0.00
7.78,0.00,0.00,6.00,6582.00,0.00,0.00,808.00,1872.97,0.00
7.78,0.00,0.00,5.00,6583.00,0.00,0.00,808.00,1786.24,0.00
7.79,0.00,0.00,5.00,6583.00,0.00,0.00,808.00,1707.01,0.00
7.80,0.00,0.00,5.00,6583.00,0.00,0.00,808.00,1634.63,0.00
7.81,0.00,0.00,5.00,6583.00,0.00,0.00,808.00,1568.50,0.00
7.81,0.00,0.00,5.00,6583.00,0.00,0.00,808.00,1508.09,0.00
7.82,0.00,0.00,5.00,6583.00,0.00,0.00,808.00,1452.89,0.00
7.83,0.00,0.00,5.00,6583.00,0.00,0.00,808.00,1402.47,0.00
7.83,0.00,0.00,5.00,6583.00,0.00,0.00,808.00,1356.40,0.00
7.84,0.00,0.00,5.00,6583.00,0.00,0.00,808.00,1314.31,0.00
7.85,0.00,0.00,5.00,6583.00,0.00,0.00,808.00,1275.86,0.00
7.85,0.00,0.00,5.00,6583.00,0.00,0.00,808.00,1240.73,0.00
7.86,0.00,0.00,4.00,6584.00,0.00,0.00,808.00,1193.62,0.00
7.87,0.00,0.00,4.00,6584.00,0.00,0.00,808.00,1150.57,0.00
7.88,0.00,0.00,4.00,6584.00,0.00,0.00,808.00,1111.25,0.00
7.88,0.00,0.00,4.00,6584.00,0.00,0.00,808.00,1075.32,0.00
7.89,0.00,0.00,4.00,6584.00,0.00,0.00,808.00,1042.50,0.00
7.90,0.00,0.00,4.00,6584.00,0.00,0.00,808.00,1012.51,0.00
7.90,0.00,0.00,4.00,6584.00,0.00,0.00,808.00,985.11,0.00
7.91,0.00,0.00,4.00,6584.00,0.00,0.00,808.00,960.08,0.00
7.92,0.00,0.00,4.00,6584.00,0.00,0.00,808.00,937.22,0.00
7.92,0.00,0.00,4.00,6584.00,0.00,0.00,808.00,916.33,0.00
7.93,0.00,0.00,4.00,6584.00,0.00,0.00,808.00,897.24,0.00
7.94,0.00,0.00,4.00,6584.00,0.00,0.00,808.00,879.81,0.00
7.94,0.00,0.00,4.00,6584.00,0.00,0.00,808.00,863.88,0.00
7.95,0.00,0.00,4.00,6584.00,0.00,0.00,808.00,849.32,0.00
7.96,0.00,0.00,4.00,6584.00,0.00,0.00,808.00,836.03,0.00
7.97,0.00,0.00,4.00,6584.00,0.00,0.00,808.00,823.88,0.00
7.97,0.00,0.00,4.00,6584.00,0.00,0.00,808.00,812.79,0.00
7.98,0.00,0.00,4.00,6584.00,0.00,0.00,808.00,802.65,0.00
7.99,0.00,0.00,4.00,6584.00,0.00,0.00,808.00,793.39,0.00
7.99,0.00,0.00,4.00,6584.00,0.00,0.00,808.00,784.92,0.00
8.00,0.00,0.00,4.00,6584.00,0.00,0.00,808.00,777.19,0.00
8.01,0.00,0.00,4.00,6584.00,0.00,0.00,808.00,770.13,0.00
8.01,0.00,0.00,4.00,6584.00,0.00,0.00,808.00,763.68,0.00
8.02,0.00,0.00,4.00,6584.00,0.00,0.00,808.00,757.78,0.00
8.03,0.00,0.00,3.00,6585.00,0.00,0.00,808.00,737.37,0.00
8.03,0.00,0.00,3.00,6585.00,0.00,0.00,808.00,718.73,0.00
8.04,0.00,0.00,3.00,6585.00,0.00,0.00,808.00,701.69,0.00
8.05,0.00,0.00,3.00,6585.00,0.00,0.00,808.00,686.13,0.00
8.06,0.00,0.00,3.00,6585.00,0.00,0.00,808.00,671.91,0.00
8.06,0.00,0.00,2.00,6586.00,0.00,0.00,808.00,643.90,0.00
8.07,0.00,0.00,2.00,6586.00,0.00,0.00,808.00,618.31,0.00
8.08,0.00,0.00,2.00,6586.00,0.00,0.00,808.00,594.93,0.00
8.08,0.00,0.00,2.00,6586.00,0.00,0.00,808.00,573.57,0.00
8.09,0.00,0.00,2.00,6586.00,0.00,0.00,808.00,554.06,0.00
8.10,0.00,0.00,2.00,6586.00,0.00,0.00,808.00,536.23,0.00
8.10,0.00,0.00,2.00,6586.00,0.00,0.00,808.00,519.94,0.00
8.11,0.00,0.00,2.00,6586.00,0.00,0.00,808.00,505.06,0.00
8.12,0.00,0.00,2.00,6586.00,0.00,0.00,808.00,491.46,0.00
8.12,0.00,0.00,2.00,6586.00,0.00,0.00,808.00,479.04,0.00
8.13,0.00,0.00,2.00,6586.00,0.00,0.00,808.00,467.70,0.00
8.14,0.00,0.00,2.00,6586.00,0.00,0.00,808.00,457.33,0.00
8.15,0.00,0.00,2.00,6586.00,0.00,0.00,808.00,447.86,0.00
8.15,0.00,0.00,2.00,6586.00,0.00,0.00,808.00,439.21,0.00
8.16,0.00,0.00,2.00,6586.00,0.00,0.00,808.00,431.30,0.00
8.17,0.00,0.00,2.00,6586.00,0.00,0.00,808.00,424.08,0.00
8.17,0.00,0.00,2.00,6586.00,0.00,0.00,808.00,417.48,0.00
8.18,0.00,0.00,2.00,6586.00,0.00,0.00,808.00,411.46,0.00
8.19,0.00,0.00,2.00,6586.00,0.00,0.00,808.00,405.95,0.00
8.19,0.00,0.00,2.00,6586.00,0.00,0.00,808.00,400.92,0.00
8.20,0.00,0.00,2.00,6586.00,0.00,0.00,808.00,396.32,0.00
8.21,0.00,0.00,2.00,6586.00,0.00,0.00,808.00,392.12,0.00
8.22,0.00,0.00,2.00,6586.00,0.00,0.00,808.00,388.29,0.00
8.22,0.00,0.00,2.00,6586.00,0.00,0.00,808.00,384.78,0.00
8.23,0.00,0.00,2.00,6586.00,0.00,0.00,808.00,381.58,0.00
8.24,0.00,0.00,2.00,6586.00,0.00,0.00,808.00,378.66,0.00
8.24,0.00,0.00,2.00,6586.00,0.00,0.00,808.00,375.98,0.00
8.25,0.00,0.00,2.00,6586.00,0.00,0.00,808.00,373.54,0.00
8.26,0.00,0.00,2.00,6586.00,0.00,0.00,808.00,371.31,0.00
8.26,0.00,0.00,2.00,6586.00,0.00,0.00,808.00,369.27,0.00
8.27,0.00,0.00,2.00,6586.00,0.00,0.00,808.00,367.41,0.00
8.28,0.00,0.00,2.00,6586.00,0.00,0.00,808.00,365.71,0.00
8.28,0.00,0.00,2.00,6586.00,0.00,0.00,808.00,364.16,0.00
8.29,0.00,0.00,2.00,6586.00,0.00,0.00,808.00,362.74,0.00
8.30,0.00,0.00,2.00,6586.00,0.00,0.00,808.00,361.44,0.00
8.31,0.00,0.00,2.00,6586.00,0.00,0.00,808.00,360.26,0.00
8.31,0.00,0.00,2.00,6586.00,0.00,0.00,808.00,359.17,0.00
8.32,0.00,0.00,2.00,6586.00,0.00,0.00,808.00,358.18,0.00
8.33,0.00,0.00,2.00,6586.00,0.00,0.00,808.00,357.28,0.00
8.33,0.00,0.00,2.00,6586.00,0.00,0.00,808.00,356.46,0.00
8.34,0.00,0.00,2.00,6586.00,0.00,0.00,808.00,355.70,0.00
8.35,0.00,0.00,2.00,6586.00,0.00,0.00,808.00,355.01,0.00
8.35,0.00,0.00,2.00,6586.00,0.00,0.00,808.00,354.38,0.00
8.36,0.00,0.00,2.00,6586.00,0.00,0.00,808.00,353.81,0.00
8.37,0.00,0.00,2.00,6586.00,0.00,0.00,808.00,353.28,0.00
8.38,0.00,0.00,1.00,6587.00,0.00,0.00,808.00,337.78,0.00
8.38,0.00,0.00,1.00,6587.00,0.00,0.00,808.00,323.62,0.00
8.39,0.00,0.00,1.00,6587.00,0.00,0.00,808.00,310.68,0.00
8.40,0.00,0.00,1.00,6587.00,0.00,0.00,808.00,298.85,0.00
8.40,0.00,0.00,1.00,6587.00,0.00,0.00,808.00,288.05,0.00
8.41,0.00,0.00,1.00,6587.00,0.00,0.00,808.00,278.19,0.00
8.42,0.00,0.00,1.00,6587.00,0.00,0.00,808.00,269.17,0.00
8.42,0.00,0.00,1.00,6587.00,0.00,0.00,808.00,260.94,0.00
8.43,0.00,0.00,1.00,6587.00,0.00,0.00,808.00,253.41,0.00
8.44,0.00,0.00,1.00,6587.00,0.00,0.00,808.00,246.54,0.00
8.44,0.00,0.00,1.00,6587.00,0.00,0.00,808.00,240.26,0.00
8.45,0.00,0.00,1.00,6587.00,0.00,0.00,808.00,234.52,0.00
8.46,0.00,0.00,1.00,6587.00,0.00,0.00,808.00,229.28,0.00
8.47,0.00,0.00,1.00,6587.00,0.00,0.00,808.00,224.49,0.00
8.47,0.00,0.00,1.00,6587.00,0.00,0.00,808.00,220.12,0.00
8.48,0.00,0.00,1.00,6587.00,0.00,0.00,808.00,216.12,0.00
8.49,0.00,0.00,1.00,6587.00,0.00,0.00,808.00,212.47,0.00
8.49,0.00,0.00,1.00,6587.00,0.00,0.00,808.00,209.13,0.00
8.50,0.00,0.00,1.00,6587.00,0.00,0.00,808.00,206.09,0.00
8.51,0.00,0.00,1.00,6587.00,0.00,0.00,808.00,203.30,0.00
8.51,0.00,0.00,1.00,6587.00,0.00,0.00,808.00,200.76,0.00
8.52,0.00,0.00,1.00,6587.00,0.00,0.00,808.00,198.43,0.00
8.53,0.00,0.00,1.00,6587.00,0.00,0.00,808.00,196.31,0.00
8.53,0.00,0.00,1.00,6587.00,0.00,0.00,808.00,194.37,0.00
8.54,0.00,0.00,1.00,6587.00,0.00,0.00,808.00,192.60,0.00
8.55,0.00,0.00,1.00,6587.00,0.00,0.00,808.00,190.98,0.00
8.56,0.00,0.00,1.00,6587.00,0.00,0.00,808.00,189.50,0.00
8.56,0.00,0.00,1.00,6587.00,0.00,0.00,808.00,188.15,0.00
8.57,0.00,0.00,1.00,6587.00,0.00,0.00,808.00,186.92,0.00
8.58,0.00,0.00,1.00,6587.00,0.00,0.00,808.00,185.79,0.00
8.58,0.00,0.00,1.00,6587.00,0.00,0.00,808.00,184.76,0.00
8.59,0.00,0.00,1.00,6587.00,0.00,0.00,808.00,183.82,0.00
8.60,0.00,0.00,1.00,6587.00,0.00,0.00,808.00,182.96,0.00
8.60,0.00,0.00,1.00,6587.00,0.00,0.00,808.00,182.17,0.00
8.61,0.00,0.00,1.00,6587.00,0.00,0.00,808.00,181.45,0.00
8.62,0.00,0.00,1.00,6587.00,0.00,0.00,808.00,180.80,0.00
8.62,0.00,0.00,1.00,6587.00,0.00,0.00,808.00,180.20,0.00
8.63,0.00,0.00,1.00,6587.00,0.00,0.00,808.00,179.65,0.00
8.64,0.00,0.00,1.00,6587.00,0.00,0.00,808.00,179.15,0.00
8.65,0.00,0.00,1.00,6587.00,0.00,0.00,808.00,178.69,0.00
8.65,0.00,0.00,1.00,6587.00,0.00,0.00,808.00,178.28,0.00
8.66,0.00,0.00,1.00,6587.00,0.00,0.00,808.00,177.90,0.00
8.67,0.00,0.00,1.00,6587.00,0.00,0.00,808.00,177.55,0.00
8.67,0.00,0.00,1.00,6587.00,0.00,0.00,808.00,177.23,0.00
8.68,0.00,0.00,1.00,6587.00,0.00,0.00,808.00,176.94,0.00
8.69,0.00,0.00,1.00,6587.00,0.00,0.00,808.00,176.67,0.00
8.69,0.00,0.00,1.00,6587.00,0.00,0.00,808.00,176.43,0.00
8.70,0.00,0.00,1.00,6587.00,0.00,0.00,808.00,176.21,0.00
8.71,0.00,0.00,1.00,6587.00,0.00,0.00,808.00,176.01,0.00
8.72,0.00,0.00,1.00,6587.00,0.00,0.00,808.00,175.82,0.00
8.72,0.00,0.00,1.00,6587.00,0.00,0.00,808.00,175.65,0.00
8.73,0.00,0.00,1.00,6587.00,0.00,0.00,808.00,175.50,0.00
8.74,0.00,0.00,1.00,6587.00,0.00,0.00,808.00,175.36,0.00
8.74,0.00,0.00,1.00,6587.00,0.00,0.00,808.00,175.23,0.00
8.75,0.00,0.00,1.00,6587.00,0.00,0.00,808.00,175.11,0.00
8.76,0.00,0.00,1.00,6587.00,0.00,0.00,808.00,175.00,0.00
8.76,0.00,0.00,1.00,6587.00,0.00,0.00,808.00,174.90,0.00
8.77,0.00,0.00,1.00,6587.00,0.00,0.00,808.00,174.81,0.00
8.78,0.00,0.00,1.00,6587.00,0.00,0.00,808.00,174.73,0.00
8.78,0.00,0.00,1.00,6587.00,0.00,0.00,808.00,174.66,0.00
8.79,0.00,0.00,1.00,6587.00,0.00,0.00,808.00,174.59,0.00
8.80,0.00,0.00,1.00,6587.00,0.00,0.00,808.00,174.53,0.00
8.81,0.00,0.00,1.00,6587.00,0.00,0.00,808.00,174.47,0.00
8.81,0.00,0.00,1.00,6587.00,0.00,0.00,808.00,174.42,0.00
8.82,0.00,0.00,0.00,6588.00,0.00,0.00,808.00,159.35,0.00
8.83,0.00,0.00,0.00,6588.00,0.00,0.00,808.00,145.58,0.00
8.83,0.00,0.00,0.00,6588.00,0.00,0.00,808.00,133.00,0.00
8.84,0.00,0.00,0.00,6588.00,0.00,0.00,808.00,121.51,0.00
8.85,0.00,0.00,0.00,6588.00,0.00,0.00,808.00,111.01,0.00
8.85,0.00,0.00,0.00,6588.00,0.00,0.00,808.00,101.41,0.00
8.86,0.00,0.00,0.00,6588.00,0.00,0.00,808.00,92.65,0.00
8.87,0.00,0.00,0.00,6588.00,0.00,0.00,808.00,84.65,0.00
8.88,0.00,0.00,0.00,6588.00,0.00,0.00,808.00,77.33,0.00
8.88,0.00,0.00,0.00,6588.00,0.00,0.00,808.00,70.65,0.00
8.89,0.00,0.00,0.00,6588.00,0.00,0.00,808.00,64.55,0.00
8.90,0.00,0.00,0.00,6588.00,0.00,0.00,808.00,58.97,0.00
8.90,0.00,0.00,0.00,6588.00,0.00,0.00,808.00,53.87,0.00
8.91,0.00,0.00,0.00,6588.00,0.00,0.00,808.00,49.22,0.00
8.92,0.00,0.00,0.00,6588.00,0.00,0.00,808.00,44.96,0.00
8.92,0.00,0.00,0.00,6588.00,0.00,0.00,808.00,41.08,0.00
8.93,0.00,0.00,0.00,6588.00,0.00,0.00,808.00,37.53,0.00
8.94,0.00,0.00,0.00,6588.00,0.00,0.00,808.00,34.29,0.00
8.94,0.00,0.00,0.00,6588.00,0.00,0.00,808.00,31.32,0.00
8.95,0.00,0.00,0.00,6588.00,0.00,0.00,808.00,28.62,0.00
8.96,0.00,0.00,0.00,6588.00,0.00,0.00,808.00,26.15,0.00
8.97,0.00,0.00,0.00,6588.00,0.00,0.00,808.00,23.89,0.00
8.97,0.00,0.00,0.00,6588.00,0.00,0.00,808.00,21.82,0.00
8.98,0.00,0.00,0.00,6588.00,0.00,0.00,808.00,19.94,0.00
8.99,0.00,0.00,0.00,6588.00,0.00,0.00,808.00,18.21,0.00
8.99,0.00,0.00,0.00,6588.00,0.00,0.00,808.00,16.64,0.00
9.00,0.00,0.00,0.00,6588.00,0.00,0.00,808.00,15.20,0.00
9.01,0.00,0.00,0.00,6588.00,0.00,0.00,808.00,13.89,0.00
9.01,0.00,0.00,0.00,6588.00,0.00,0.00,808.00,12.69,0.00
9.02,0.00,0.00,0.00,6588.00,0.00,0.00,808.00,11.59,0.00
9.03,0.00,0.00,0.00,6588.00,0.00,0.00,808.00,10.59,0.00
9.03,0.00,0.00,0.00,6588.00,0.00,0.00,808.00,9.68,0.00
9.04,0.00,0.00,0.00,6588.00,0.00,0.00,808.00,8.84,0.00
9.05,0.00,0.00,0.00,6588.00,0.00,0.00,808.00,8.08,0.00
9.06,0.00,0.00,0.00,6588.00,0.00,0.00,808.00,7.38,0.00
9.06,0.00,0.00,0.00,6588.00,0.00,0.00,808.00,6.74,0.00
9.07,0.00,0.00,0.00,6588.00,0.00,0.00,808.00,6.16,0.00
9.08,0.00,0.00,0.00,6588.00,0.00,0.00,808.00,5.63,0.00
9.08,0.00,0.00,0.00,6588.00,0.00,0.00,808.00,5.14,0.00
9.09,0.00,0.00,0.00,6588.00,0.00,0.00,808.00,4.70,0.00
9.10,0.00,0.00,0.00,6588.00,0.00,0.00,808.00,4.29,0.00
9.10,0.00,0.00,0.00,6588.00,0.00,0.00,808.00,3.92,0.00
9.11,0.00,0.00,0.00,6588.00,0.00,0.00,808.00,3.58,0.00
9.12,0.00,0.00,0.00,6588.00,0.00,0.00,808.00,3.27,0.00
9.12,0.00,0.00,0.00,6588.00,0.00,0.00,808.00,2.99,0.00
9.13,0.00,0.00,0.00,6588.00,0.00,0.00,808.00,2.73,0.00
9.14,0.00,0.00,0.00,6588.00,0.00,0.00,808.00,2.49,0.00
9.15,0.00,0.00,0.00,6588.00,0.00,0.00,808.00,2.28,0.00
9.15,0.00,0.00,0.00,6588.00,0.00,0.00,808.00,2.08,0.00
9.16,0.00,0.00,0.00,6588.00,0.00,0.00,808.00,1.90,0.00
9.17,0.00,0.00,0.00,6588.00,0.00,0.00,808.00,1.74,0.00
9.17,0.00,0.00,0.00,6588.00,0.00,0.00,808.00,1.59,0.00
9.18,0.00,0.00,0.00,6588.00,0.00,0.00,808.00,1.45,0.00
9.19,0.00,0.00,0.00,6588.00,0.00,0.00,808.00,1.33,0.00
9.19,0.00,0.00,0.00,6588.00,0.00,0.00,808.00,1.21,0.00
9.20,0.00,0.00,0.00,6588.00,0.00,0.00,808.00,1.11,0.00
9.21,0.00,0.00,0.00,6588.00,0.00,0.00,808.00,1.01,0.00
9.22,0.00,0.00,0.00,6588.00,0.00,0.00,808.00,0.92,0.00
9.22,0.00,0.00,0.00,6588.00,0.00,0.00,808.00,0.84,0.00
9.23,0.00,0.00,0.00,6588.00,0.00,0.00,808.00,0.77,0.00
9.24,0.00,0.00,0.00,6588.00,0.00,0.00,808.00,0.70,0.00
9.24,0.00,0.00,0.00,6588.00,0.00,0.00,808.00,0.64,0.00
9.25,0.00,0.00,0.00,6588.00,0.00,0.00,808.00,0.59,0.00
9.26,0.00,0.00,0.00,6588.00,0.00,0.00,808.00,0.54,0.00
9.26,0.00,0.00,0.00,6588.00,0.00,0.00,808.00,0.49,0.00
9.27,0.00,0.00,0.00,6588.00,0.00,0.00,808.00,0.45,0.00
9.28,0.00,0.00,0.00,6588.00,0.00,0.00,808.00,0.41,0.00
9.28,0.00,0.00,0.00,6588.00,0.00,0.00,808.00,0.37,0.00
9.29,0.00,0.00,0.00,6588.00,0.00,0.00,808.00,0.34,0.00
9.30,0.00,0.00,0.00,6588.00,0.00,0.00,808.00,0.31,0.00
9.31,0.00,0.00,0.00,6588.00,0.00,0.00,808.00,0.29,0.00
9.31,0.00,0.00,0.00,6588.00,0.00,0.00,808.00,0.26,0.00
9.32,0.00,0.00,0.00,6588.00,0.00,0.00,808.00,0.24,0.00
9.33,0.00,0.00,0.00,6588.00,0.00,0.00,808.00,0.22,0.00
9.33,0.00,0.00,0.00,6588.00,0.00,0.00,808.00,0.20,0.00
9.34,0.00,0.00,0.00,6588.00,0.00,0.00,808.00,0.18,0.00
9.35,0.00,0.00,0.00,6588.00,0.00,0.00,808.00,0.17,0.00
9.35,0.00,0.00,0.00,6588.00,0.00,0.00,808.00,0.15,0.00
9.36,0.00,0.00,0.00,6588.00,0.00,0.00,808.00,0.14,0.00
9.37,0.00,0.00,0.00,6588.00,0.00,0.00,808.00,0.13,0.00
9.38,0.00,0.00,0.00,6588.00,0.00,0.00,808.00,0.12,0.00
9.38,0.00,0.00,0.00,6588.00,0.00,0.00,808.00,0.11,0.00
9.39,0.00,0.00,0.00,6588.00,0.00,0.00,808.00,0.10,0.00
9.40,0.00,0.00,0.00,6588.00,0.00,0.00,808.00,0.09,0.00
9.40,0.00,0.00,0.00,6588.00,0.00,0.00,808.00,0.08,0.00
9.41,0.00,0.00,0.00,6588.00,0.00,0.00,808.00,0.07,0.00
9.42,0.00,0.00,0.00,6588.00,0.00,0.00,808.00,0.07,0.00
9.42,0.00,0.00,0.00,6588.00,0.00,0.00,808.00,0.06,0.00
9.43,0.00,0.00,0.00,6588.00,0.00,0.00,808.00,0.06,0.00
9.44,0.00,0.00,0.00,6588.00,0.00,0.00,808.00,0.05,0.00
9.44,0.00,0.00,0.00,6588.00,0.00,0.00,808.00,0.05,0.00
9.45,0.00,0.00,0.00,6588.00,0.00,0.00,808.00,0.04,0.00
9.46,0.00,0.00,0.00,6588.00,0.00,0.00,808.00,0.04,0.00
9.47,0.00,0.00,0.00,6588.00,0.00,0.00,808.00,0.04,0.00
9.47,0.00,0.00,0.00,6588.00,0.00,0.00,808.00,0.03,0.00
9.48,0.00,0.00,0.00,6588.00,0.00,0.00,808.00,0.03,0.00
9.49,0.00,0.00,0.00,6588.00,0.00,0.00,808.00,0.03,0.00
9.49,0.00,0.00,0.00,6588.00,0.00,0.00,808.00,0.02,0.00
9.50,0.00,0.00,0.00,6588.00,0.00,0.00,808.00,0.02,0.00
9.51,0.00,0.00,0.00,6588.00,0.00,0.00,808.00,0.02,0.00
9.51,0.00,0.00,0.00,6588.00,0.00,0.00,808.00,0.02,0.00
9.52,0.00,0.00,0.00,6588.00,0.00,0.00,808.00,0.02,0.00
9.53,0.00,0.00,0.00,6588.00,0.00,0.00,808.00,0.02,0.00
9.53,0.00,0.00,0.00,6588.00,0.00,0.00,808.00,0.01,0.00
9.54,0.00,0.00,0.00,6588.00,0.00,0.00,808.00,0.01,0.00
9.55,0.00,0.00,0.00,6588.00,0.00,0.00,808.00,0.01,0.00
9.56,0.00,0.00,0.00,6588.00,0.00,0.00,808.00,0.01,0.00
9.56,0.00,0.00,0.00,6588.00,0.00,0.00,808.00,0.01,0.00
9.57,0.00,0.00,0.00,6588.00,0.00,0.00,808.00,0.01,0.00
9.58,0.00,0.00,0.00,6588.00,0.00,0.00,808.00,0.01,0.00
9.58,0.00,0.00,0.00,6588.00,0.00,0.00,808.00,0.01,0.00
9.59,0.00,0.00,0.00,6588.00,0.00,0.00,808.00,0.01,0.00
9.60,0.00,0.00,0.00,6588.00,0.00,0.00,808.00,0.01,0.00
9.60,0.00,0.00,0.00,6588.00,0.00,0.00,808.00,0.01,0.00
9.61,0.00,0.00,0.00,6588.00,0.00,0.00,808.00,0.01,0.00
9.62,0.00,0.00,0.00,6588.00,0.00,0.00,808.00,0.00,0.00
9.62,0.00,0.00,0.00,6588.00,0.00,0.00,808.00,0.00,0.00
9.63,0.00,0.00,0.00,6588.00,0.00,0.00,808.00,0.00,0.00
9.64,0.00,0.00,0.00,6588.00,0.00,0.00,808.00,0.00,0.00
9.65,0.00,0.00,0.00,6588.00,0.00,0.00,808.00,0.00,0.00
9.65,0.00,0.00,0.00,6588.00,0.00,0.00,808.00,0.00,0.00
9.66,0.00,0.00,0.00,6588.00,0.00,0.00,808.00,0.00,0.00
9.67,0.00,0.00,0.00,6588.00,0.00,0.00,808.00,0.00,0.00
9.67,0.00,0.00,0.00,6588.00,0.00,0.00,808.00,0.00,0.00
9.68,0.00,0.00,0.00,6588.00,0.00,0.00,808.00,0.00,0.00
9.69,0.00,0.00,0.00,6588.00,0.00,0.00,808.00,0.00,0.00
9.69,0.00,0.00,0.00,6588.00,0.00,0.00,808.00,0.00,0.00
9.70,0.00,0.00,0.00,6588.00,0.00,0.00,808.00,0.00,0.00
9.71,0.00,0.00,0.00,6588.00,0.00,0.00,808.00,0.00,0.00
9.72,0.00,0.00,0.00,6588.00,0.00,0.00,808.00,0.00,0.00
9.72,0.00,0.00,0.00,6588.00,0.00,0.00,808.00,0.00,0.00
9.73,0.00,0.00,0.00,6588.00,0.00,0.00,808.00,0.00,0.00
9.74,0.00,0.00,0.00,6588.00,0.00,0.00,808.00,0.00,0.00
9.74,0.00,0.00,0.00,6588.00,0.00,0.00,808.00,0.00,0.00
9.75,0.00,0.00,0.00,6588.00,0.00,0.00,808.00,0.00,0.00
9.76,0.00,0.00,0.00,6588.00,0.00,0.00,808.00,0.00,0.00
9.76,0.00,0.00,0.00,6588.00,0.00,0.00,808.00,0.00,0.00
9.77,0.00,0.00,0.00,6588.00,0.00,0.00,808.00,0.00,0.00
9.78,0.00,0.00,0.00,6588.00,0.00,0.00,808.00,0.00,0.00
9.78,0.00,0.00,0.00,6588.00,0.00,0.00,808.00,0.00,0.00
9.79,0.00,0.00,0.00,6588.00,0.00,0.00,808.00,0.00,0.00
9.80,0.00,0.00,0.00,6588.00,0.00,0.00,808.00,0.00,0.00
9.81,0.00,0.00,0.00,6588.00,0.00,0.00,808.00,0.00,0.00
9.81,0.00,0.00,0.00,6588.00,0.00,0.00,808.00,0.00,0.00
9.82,0.00,0.00,0.00,6588.00,0.00,0.00,808.00,0.00,0.00
9.83,0.00,0.00,0.00,6588.00,0.00,0.00,808.00,0.00,0.00
9.83,0.00,0.00,0.00,6588.00,0.00,0.00,808.00,0.00,0.00
9.84,0.00,0.00,0.00,6588.00,0.00,0.00,808.00,0.00,0.00
9.85,0.00,0.00,0.00,6588.00,0.00,0.00,808.00,0.00,0.00
9.85,0.00,0.00,0.00,6588.00,0.00,0.00,808.00,0.00,0.00
9.86,0.00,0.00,0.00,6588.00,0.00,0.00,808.00,0.00,0.00
9.87,0.00,0.00,0.00,6588.00,0.00,0.00,808.00,0.00,0.00
9.88,0.00,0.00,0.00,6588.00,0.00,0.00,808.00,0.00,0.00
9.88,0.00,0.00,0.00,6588.00,0.00,0.00,808.00,0.00,0.00
9.89,0.00,0.00,0.00,6588.00,0.00,0.00,808.00,0.00,0.00
9.90,0.00,0.00,0.00,6588.00,0.00,0.00,808.00,0.00,0.00
9.90,0.00,0.00,0.00,6588.00,0.00,0.00,808.00,0.00,0.00
9.91,0.00,0.00,0.00,6588.00,0.00,0.00,808.00,0.00,0.00
9.92,0.00,0.00,0.00,6588.00,0.00,0.00,808.00,0.00,0.00
9.92,0.00,0.00,0.00,6588.00,0.00,0.00,808.00,0.00,0.00
9.93,0.00,0.00,0.00,6588.00,0.00,0.00,808.00,0.00,0.00
9.94,0.00,0.00,0.00,6588.00,0.00,0.00,808.00,0.00,0.00
9.94,0.00,0.00,0.00,6588.00,0.00,0.00,808.00,0.00,0.00
9.95,0.00,0.00,0.00,6588.00,0.00,0.00,808.00,0.00,0.00
9.96,0.00,0.00,0.00,6588.00,0.00,0.00,808.00,0.00,0.00
9.97,0.00,0.00,0.00,6588.00,0.00,0.00,808.00,0.00,0.00
9.97,0.00,0.00,0.00,6588.00,0.00,0.00,808.00,0.00,0.00
9.98,0.00,0.00,0.00,6588.00,0.00,0.00,808.00,0.00,0.00
9.99,0.00,0.00,0.00,6588.00,0.00,0.00,808.00,0.00,0.00
9.99,0.00,0.00,0.00,6588.00,0.00,0.00,808.00,0.00,0.00
