Time,U,AI1,AI2,AD,BI2,BI2,BD,VA,VB
0.00,7394.00,2.00,0.00,0.00,0.00,0.00,0.00,75.00,75.00
0.01,7393.00,3.00,0.00,0.00,0.00,0.00,0.00,68.23,68.47
0.01,7389.00,7.00,0.00,0.00,0.00,0.00,0.00,62.07,62.51
0.02,7386.00,6.00,1.00,0.00,3.00,0.00,0.00,1558.78,57.06
0.03,7383.00,8.00,1.00,0.00,4.00,0.00,0.00,2920.37,52.10
0.03,7379.00,11.00,1.00,0.00,5.00,0.00,0.00,4159.04,47.56
0.04,7374.00,15.00,1.00,0.00,5.00,1.00,0.00,5285.88,58.44
0.05,7370.00,17.00,1.00,0.00,7.00,1.00,0.00,6311.00,68.38
0.06,7369.00,14.00,4.00,0.00,7.00,2.00,0.00,11750.51,92.47
0.06,7359.00,24.00,4.00,0.00,7.00,2.00,0.00,16698.96,114.46
0.07,7357.00,24.00,5.00,0.00,7.00,3.00,0.00,22702.98,149.56
0.08,7349.00,29.00,6.00,0.00,9.00,3.00,0.00,29667.29,181.61
0.08,7340.00,34.00,7.00,0.00,11.00,4.00,0.00,37505.18,225.89
0.09,7332.00,40.00,8.00,0.00,12.00,4.00,0.00,46137.81,266.31
0.10,7328.00,40.00,9.00,1.00,14.00,4.00,0.00,55493.41,303.22
0.10,7319.00,44.00,10.00,1.00,18.00,4.00,0.00,65506.73,336.91
0.11,7309.00,53.00,10.00,1.00,19.00,3.00,1.00,74616.06,352.64
0.12,7302.00,56.00,11.00,1.00,20.00,4.00,2.00,84405.34,382.02
0.12,7291.00,58.00,13.00,2.00,26.00,4.00,2.00,96315.49,408.85
0.13,7282.00,62.00,15.00,2.00,29.00,4.00,2.00,110155.04,433.34
0.14,7268.00,72.00,15.00,3.00,30.00,6.00,2.00,122745.19,485.75
0.15,7254.00,85.00,15.00,3.00,31.00,6.00,2.00,134198.74,533.59
0.15,7247.00,87.00,18.00,3.00,33.00,6.00,2.00,149125.21,577.27
0.16,7241.00,86.00,21.00,4.00,33.00,9.00,2.00,167211.10,662.21
0.17,7219.00,101.00,23.00,5.00,36.00,9.00,3.00,186668.87,739.75
0.17,7205.00,104.00,28.00,6.00,40.00,9.00,4.00,211881.60,810.55
0.18,7187.00,113.00,33.00,6.00,42.00,11.00,4.00,242329.75,905.22
0.19,7160.00,133.00,34.00,7.00,45.00,13.00,4.00,271531.42,1021.70
0.19,7143.00,142.00,36.00,7.00,50.00,14.00,4.00,301101.45,1143.06
0.20,7124.00,148.00,43.00,8.00,54.00,14.00,5.00,338518.17,1253.85
0.21,7095.00,168.00,45.00,8.00,61.00,14.00,5.00,375561.61,1354.99
0.22,7069.00,171.00,56.00,9.00,69.00,17.00,5.00,425786.30,1492.40
0.22,7039.00,192.00,60.00,9.00,70.00,19.00,7.00,477486.07,1647.89
0.23,7010.00,207.00,66.00,11.00,76.00,19.00,7.00,533532.39,1789.83
0.24,6981.00,218.00,74.00,11.00,83.00,21.00,8.00,596537.47,1949.47
0.24,6951.00,236.00,79.00,12.00,89.00,20.00,9.00,661366.17,2080.18
0.25,6925.00,247.00,84.00,14.00,95.00,22.00,9.00,727853.84,2229.55
0.26,6897.00,259.00,89.00,16.00,101.00,25.00,9.00,795850.72,2410.99
0.26,6869.00,272.00,94.00,18.00,104.00,30.00,9.00,865220.56,2651.75
0.27,6843.00,285.00,98.00,19.00,111.00,29.00,11.00,934337.09,2856.51
0.28,6814.00,299.00,99.00,21.00,117.00,33.00,13.00,998716.25,3103.54
0.28,6788.00,305.00,103.00,24.00,130.00,32.00,14.00,1063292.67,3314.04
0.29,6751.00,318.00,112.00,25.00,141.00,34.00,15.00,1135560.07,3536.25
0.30,6724.00,327.00,121.00,25.00,143.00,40.00,16.00,1214824.18,3829.25
0.31,6693.00,327.00,138.00,26.00,153.00,43.00,16.00,1312471.81,4141.81
0.31,6635.00,355.00,149.00,29.00,167.00,44.00,17.00,1417829.48,4442.18
0.32,6599.00,372.00,154.00,31.00,171.00,50.00,19.00,1521187.28,4806.53
0.33,6550.00,393.00,163.00,33.00,179.00,59.00,19.00,1628734.97,5274.36
0.33,6508.00,399.00,179.00,36.00,189.00,64.00,21.00,1750610.52,5776.57
0.34,6452.00,431.00,186.00,40.00,197.00,66.00,24.00,1871999.59,6265.09
0.35,6402.00,454.00,193.00,43.00,207.00,70.00,27.00,1992946.14,6771.17
0.35,6353.00,463.00,206.00,44.00,228.00,71.00,31.00,2122503.98,7248.21
0.36,6304.00,486.00,217.00,45.00,238.00,75.00,31.00,2256891.06,7743.80
0.37,6256.00,498.00,235.00,47.00,249.00,78.00,33.00,2406187.64,8241.30
0.38,6209.00,507.00,256.00,50.00,258.00,80.00,36.00,2573554.61,8725.53
0.38,6147.00,538.00,268.00,52.00,270.00,82.00,39.00,2743839.85,9197.65
0.39,6103.00,551.00,276.00,58.00,280.00,88.00,40.00,2910770.60,9718.79
0.40,6049.00,567.00,291.00,65.00,285.00,98.00,41.00,3085165.91,10344.78
0.40,5999.00,584.00,304.00,72.00,290.00,105.00,42.00,3263347.29,11021.43
0.41,5930.00,607.00,320.00,76.00,307.00,111.00,45.00,3449479.88,11729.29
0.42,5863.00,632.00,334.00,77.00,323.00,117.00,50.00,3639841.19,12465.66
0.42,5784.00,659.00,349.00,83.00,348.00,123.00,50.00,3835551.84,13228.04
0.43,5725.00,678.00,365.00,87.00,358.00,132.00,51.00,4037631.15,14059.25
0.44,5650.00,708.00,379.00,91.00,369.00,146.00,53.00,4242499.59,15028.40
0.44,5573.00,731.00,397.00,96.00,389.00,155.00,55.00,4455914.57,16048.37
0.45,5515.00,756.00,405.00,102.00,391.00,171.00,56.00,4662081.48,17219.90
0.46,5440.00,780.00,419.00,109.00,411.00,180.00,57.00,4870668.46,18424.62
0.47,5378.00,795.00,437.00,114.00,423.00,190.00,59.00,5087466.32,19674.68
0.47,5303.00,815.00,456.00,117.00,443.00,203.00,59.00,5313236.11,21011.18
0.48,5238.00,825.00,479.00,125.00,453.00,212.00,64.00,5553177.11,22366.51
0.49,5173.00,842.00,498.00,133.00,464.00,219.00,67.00,5800000.71,23708.99
0.49,5089.00,861.00,530.00,134.00,479.00,233.00,70.00,6072615.66,25144.89
0.50,5005.00,883.00,548.00,139.00,505.00,243.00,73.00,6347661.18,26606.00
0.51,4955.00,882.00,574.00,145.00,505.00,258.00,77.00,6636936.36,28165.22
0.51,4886.00,904.00,595.00,148.00,516.00,266.00,81.00,6931645.00,29708.86
0.52,4814.00,910.00,614.00,158.00,543.00,273.00,84.00,7228291.94,31223.24
0.53,4731.00,932.00,630.00,166.00,565.00,282.00,90.00,7522195.29,32740.97
0.53,4640.00,957.00,649.00,172.00,585.00,299.00,94.00,7818109.64,34381.93
0.54,4558.00,979.00,660.00,181.00,603.00,316.00,99.00,8103834.96,36135.40
0.55,4491.00,998.00,672.00,190.00,615.00,327.00,103.00,8381793.36,37901.43
0.56,4419.00,1004.00,701.00,190.00,639.00,338.00,105.00,8678225.40,39678.94
0.56,4331.00,1028.00,720.00,195.00,666.00,348.00,108.00,8976440.14,41451.91
0.57,4252.00,1047.00,745.00,201.00,674.00,365.00,112.00,9285290.58,43325.88
0.58,4161.00,1059.00,778.00,206.00,699.00,376.00,117.00,9615835.02,45201.93
0.58,4061.00,1081.00,807.00,214.00,727.00,384.00,122.00,9960105.72,47034.81
0.59,3984.00,1089.00,826.00,227.00,746.00,400.00,124.00,10301840.39,48948.46
0.60,3900.00,1120.00,841.00,232.00,766.00,408.00,129.00,10635258.72,50815.66
0.60,3810.00,1141.00,871.00,236.00,775.00,431.00,132.00,10983646.17,52865.80
0.61,3729.00,1146.00,904.00,241.00,783.00,456.00,137.00,11350158.32,55113.00
0.62,3653.00,1154.00,936.00,244.00,792.00,475.00,142.00,11731656.61,57449.97
0.62,3579.00,1165.00,961.00,247.00,812.00,485.00,147.00,12116271.88,59733.67
0.63,3492.00,1189.00,982.00,253.00,827.00,499.00,154.00,12497713.57,62028.84
0.64,3405.00,1193.00,1014.00,259.00,852.00,511.00,162.00,12892793.56,64304.43
0.65,3327.00,1195.00,1050.00,260.00,872.00,524.00,168.00,13306289.85,66577.18
0.65,3266.00,1187.00,1075.00,269.00,881.00,547.00,171.00,13720014.47,68997.55
0.66,3197.00,1194.00,1104.00,276.00,882.00,568.00,175.00,14139956.07,71522.65
0.67,3106.00,1214.00,1126.00,283.00,904.00,583.00,180.00,14555037.11,74053.23
0.67,3038.00,1200.00,1168.00,288.00,912.00,604.00,186.00,14995742.77,76678.94
0.68,2946.00,1215.00,1197.00,295.00,930.00,620.00,193.00,15440229.53,79316.38
0.69,2872.00,1219.00,1225.00,300.00,935.00,646.00,199.00,15886653.85,82114.76
0.69,2797.00,1224.00,1250.00,310.00,929.00,681.00,205.00,16330333.72,85195.29
0.70,2742.00,1233.00,1268.00,319.00,925.00,697.00,212.00,16761000.84,88247.94
0.71,2663.00,1242.00,1297.00,324.00,927.00,726.00,217.00,17196355.37,91470.45
0.72,2585.00,1251.00,1326.00,332.00,931.00,746.00,225.00,17635974.17,94712.82
0.72,2505.00,1259.00,1356.00,336.00,943.00,768.00,229.00,18080974.56,98003.37
0.73,2430.00,1264.00,1385.00,344.00,943.00,794.00,236.00,18529368.36,101397.99
0.74,2362.00,1258.00,1420.00,349.00,949.00,819.00,239.00,18989863.08,104872.59
0.74,2299.00,1268.00,1440.00,357.00,937.00,849.00,246.00,19438831.71,108495.34
0.75,2237.00,1260.00,1468.00,362.00,945.00,874.00,250.00,19889333.18,112178.21
0.76,2161.00,1277.00,1496.00,369.00,947.00,883.00,263.00,20341229.18,115675.60
0.76,2095.00,1295.00,1512.00,374.00,955.00,896.00,269.00,20776365.99,119063.75
0.77,2021.00,1288.00,1553.00,380.00,969.00,909.00,276.00,21233814.45,122352.17
0.78,1959.00,1286.00,1583.00,385.00,973.00,931.00,279.00,21695034.91,125684.76
0.78,1893.00,1283.00,1613.00,390.00,986.00,945.00,286.00,22159686.82,128937.49
0.79,1833.00,1283.00,1638.00,400.00,981.00,969.00,292.00,22619948.80,132267.53
0.80,1769.00,1286.00,1671.00,404.00,967.00,1000.00,299.00,23088235.67,135773.33
0.81,1713.00,1275.00,1706.00,412.00,969.00,1018.00,303.00,23566827.60,139244.27
0.81,1654.00,1284.00,1725.00,420.00,966.00,1037.00,310.00,24030757.25,142698.41
0.82,1603.00,1283.00,1750.00,424.00,973.00,1048.00,315.00,24490362.24,146017.04
0.83,1563.00,1273.00,1774.00,433.00,961.00,1073.00,319.00,24944530.61,149422.27
0.83,1516.00,1267.00,1806.00,438.00,946.00,1096.00,327.00,25405771.67,152876.52
0.84,1469.00,1238.00,1843.00,449.00,955.00,1108.00,334.00,25880958.59,156210.26
0.85,1412.00,1226.00,1874.00,456.00,955.00,1137.00,336.00,26359818.32,159689.39
0.85,1364.00,1225.00,1897.00,463.00,941.00,1166.00,340.00,26830000.86,163301.24
0.86,1300.00,1227.00,1924.00,467.00,945.00,1190.00,343.00,27298298.85,166959.13
0.87,1251.00,1214.00,1957.00,474.00,947.00,1201.00,352.00,27773896.26,170463.77
0.88,1204.00,1216.00,1983.00,480.00,933.00,1216.00,364.00,28245617.92,173888.58
0.88,1143.00,1207.00,2016.00,486.00,942.00,1233.00,369.00,28724329.94,177270.57
0.89,1085.00,1206.00,2044.00,491.00,942.00,1252.00,376.00,29201889.68,180643.51
0.90,1046.00,1193.00,2073.00,501.00,914.00,1282.00,387.00,29679903.47,184173.44
0.90,1018.00,1179.00,2097.00,508.00,903.00,1300.00,391.00,30150818.72,187666.41
0.91,975.00,1173.00,2122.00,515.00,894.00,1316.00,401.00,30616778.67,191095.60
0.92,929.00,1167.00,2144.00,522.00,884.00,1343.00,407.00,31073723.68,194631.81
0.92,889.00,1148.00,2171.00,531.00,879.00,1364.00,414.00,31529979.12,198175.59
0.93,855.00,1130.00,2195.00,537.00,872.00,1389.00,418.00,31981100.37,201786.37
0.94,817.00,1109.00,2225.00,543.00,873.00,1404.00,425.00,32436564.78,205308.08
0.94,770.00,1104.00,2244.00,551.00,868.00,1424.00,435.00,32879454.76,208823.60
0.95,724.00,1096.00,2270.00,556.00,862.00,1449.00,439.00,33321421.83,212408.58
0.96,686.00,1093.00,2283.00,562.00,850.00,1479.00,443.00,33743019.20,216132.09
0.97,655.00,1082.00,2305.00,568.00,843.00,1497.00,446.00,34159606.55,219801.78
0.97,627.00,1066.00,2330.00,572.00,833.00,1517.00,451.00,34576143.11,223452.40
0.98,586.00,1067.00,2343.00,580.00,828.00,1533.00,459.00,34974605.79,227025.50
0.99,556.00,1054.00,2364.00,584.00,819.00,1553.00,466.00,35368644.75,230587.94
0.99,528.00,1042.00,2384.00,589.00,810.00,1567.00,476.00,35757156.89,234050.49
1.00,500.00,1022.00,2411.00,595.00,806.00,1576.00,486.00,36151157.62,237346.75
1.01,472.00,1001.00,2442.00,597.00,803.00,1589.00,492.00,36556160.44,240551.29
1.01,442.00,990.00,2455.00,605.00,801.00,1604.00,499.00,36944130.60,243702.13
1.02,415.00,974.00,2471.00,614.00,798.00,1619.00,505.00,37321112.67,246803.96
1.03,393.00,965.00,2486.00,623.00,784.00,1632.00,513.00,37686596.40,249830.99
1.03,362.00,953.00,2511.00,624.00,777.00,1648.00,521.00,38056642.79,252834.81
1.04,337.00,937.00,2530.00,631.00,767.00,1668.00,526.00,38421826.29,255877.53
1.05,320.00,907.00,2566.00,635.00,763.00,1671.00,534.00,38808125.00,258700.37
1.06,299.00,889.00,2575.00,648.00,762.00,1680.00,543.00,39173070.40,261412.62
1.06,288.00,864.00,2600.00,652.00,755.00,1684.00,553.00,39542627.14,263948.79
1.07,262.00,843.00,2621.00,658.00,752.00,1704.00,556.00,39910369.66,266564.59
1.08,247.00,821.00,2641.00,668.00,744.00,1713.00,562.00,40274959.56,269087.81
1.08,227.00,806.00,2663.00,670.00,736.00,1727.00,567.00,40639685.90,271601.65
1.09,214.00,789.00,2676.00,679.00,725.00,1732.00,581.00,40991015.60,273971.71
1.10,203.00,767.00,2690.00,690.00,712.00,1747.00,587.00,41331660.45,276360.74
1.10,190.00,753.00,2700.00,696.00,695.00,1770.00,592.00,41656575.85,278887.28
1.11,177.00,731.00,2722.00,701.00,689.00,1774.00,602.00,41985209.52,281253.91
1.12,164.00,705.00,2747.00,707.00,678.00,1783.00,612.00,42321732.58,283549.66
1.12,153.00,690.00,2759.00,716.00,661.00,1798.00,619.00,42645902.85,285870.86
1.13,134.00,677.00,2772.00,727.00,651.00,1806.00,629.00,42960337.85,288110.13
1.14,122.00,657.00,2787.00,736.00,642.00,1815.00,637.00,43268921.07,290289.61
1.15,112.00,643.00,2795.00,747.00,632.00,1821.00,646.00,43561664.57,292369.46
1.15,99.00,634.00,2799.00,757.00,625.00,1824.00,658.00,43833989.10,294313.27
1.16,91.00,613.00,2819.00,762.00,608.00,1837.00,666.00,44111775.01,296283.12
1.17,75.00,598.00,2828.00,773.00,601.00,1847.00,674.00,44378003.81,298231.67
1.17,66.00,589.00,2829.00,786.00,583.00,1866.00,677.00,44621700.41,300295.99
1.18,58.00,583.00,2833.00,793.00,575.00,1873.00,681.00,44849405.85,302285.72
1.19,54.00,574.00,2838.00,798.00,563.00,1881.00,688.00,45064066.14,304222.38
1.19,50.00,557.00,2849.00,806.00,543.00,1896.00,695.00,45275872.91,306215.75
1.20,46.00,542.00,2856.00,815.00,526.00,1912.00,699.00,45479074.28,308275.91
1.21,39.00,525.00,2868.00,824.00,519.00,1915.00,706.00,45681958.76,310201.75
1.22,32.00,513.00,2871.00,835.00,502.00,1933.00,710.00,45871034.30,312230.32
1.22,27.00,499.00,2875.00,845.00,495.00,1940.00,715.00,46049049.91,314187.40
1.23,20.00,489.00,2883.00,851.00,479.00,1954.00,720.00,46223013.10,316184.40
1.24,18.00,467.00,2897.00,859.00,467.00,1962.00,726.00,46402303.58,318127.69
1.24,15.00,453.00,2902.00,870.00,459.00,1963.00,734.00,46572919.72,319916.78
1.25,12.00,441.00,2912.00,873.00,453.00,1959.00,746.00,46743156.23,321490.00
1.26,10.00,428.00,2919.00,880.00,442.00,1968.00,749.00,46908540.24,323061.44
1.26,9.00,421.00,2917.00,889.00,433.00,1972.00,755.00,47055989.17,324556.13
1.27,9.00,407.00,2924.00,896.00,420.00,1976.00,764.00,47200642.96,325980.77
1.28,8.00,392.00,2933.00,903.00,405.00,1986.00,769.00,47345758.41,327431.58
1.28,8.00,381.00,2937.00,910.00,389.00,1993.00,778.00,47483782.45,328861.23
1.29,8.00,374.00,2933.00,921.00,378.00,1992.00,790.00,47603336.83,330151.36
1.30,7.00,361.00,2937.00,930.00,369.00,1991.00,801.00,47718107.33,331314.13
1.31,5.00,350.00,2944.00,934.00,357.00,1999.00,807.00,47833032.75,332495.84
1.31,5.00,340.00,2944.00,944.00,349.00,1999.00,815.00,47937582.96,333574.65
1.32,5.00,329.00,2952.00,947.00,342.00,2000.00,821.00,48044713.08,334574.54
1.33,3.00,320.00,2956.00,952.00,335.00,2006.00,824.00,48148181.18,335577.51
1.33,2.00,316.00,2954.00,959.00,321.00,2006.00,838.00,48239303.54,336493.14
1.34,1.00,307.00,2959.00,964.00,309.00,2011.00,845.00,48329711.21,337404.15
1.35,1.00,299.00,2960.00,971.00,300.00,2015.00,850.00,48413459.45,338295.94
1.35,0.00,294.00,2957.00,979.00,290.00,2019.00,857.00,48485140.02,339170.16
1.36,0.00,291.00,2952.00,987.00,285.00,2014.00,867.00,48542837.99,339893.14
1.37,0.00,284.00,2952.00,994.00,278.00,2015.00,873.00,48595327.06,340568.19
1.38,0.00,273.00,2957.00,1000.00,273.00,2016.00,877.00,48650589.13,341199.48
1.38,0.00,261.00,2959.00,1010.00,261.00,2021.00,884.00,48703866.81,341850.92
1.39,0.00,254.00,2960.00,1016.00,255.00,2020.00,891.00,48753837.05,342430.61
1.40,0.00,248.00,2958.00,1024.00,245.00,2024.00,897.00,48796291.47,343019.92
1.40,0.00,241.00,2956.00,1033.00,237.00,2027.00,902.00,48831908.57,343602.98
1.41,0.00,237.00,2956.00,1037.00,226.00,2034.00,906.00,48864310.19,344240.43
1.42,0.00,232.00,2954.00,1044.00,217.00,2037.00,912.00,48890782.15,344867.44
1.42,0.00,228.00,2948.00,1054.00,215.00,2034.00,917.00,48905850.24,345394.79
1.43,0.00,219.00,2952.00,1059.00,210.00,2034.00,922.00,48925567.43,345876.22
1.44,0.00,207.00,2957.00,1066.00,203.00,2033.00,930.00,48951016.15,346300.70
1.44,0.00,203.00,2957.00,1070.00,192.00,2033.00,941.00,48974167.28,346688.22
1.45,0.00,197.00,2954.00,1079.00,186.00,2032.00,948.00,48990721.57,347026.98
1.46,0.00,193.00,2952.00,1085.00,178.00,2031.00,957.00,49002776.54,347321.21
1.47,0.00,189.00,2947.00,1094.00,174.00,2025.00,967.00,49006231.82,347499.69
1.47,0.00,185.00,2944.00,1101.00,171.00,2024.00,971.00,49004868.20,347647.60
1.48,0.00,178.00,2944.00,1108.00,168.00,2021.00,977.00,49003627.68,347737.56
1.49,0.00,176.00,2937.00,1117.00,162.00,2021.00,983.00,48991982.99,347819.69
1.49,0.00,174.00,2927.00,1129.00,158.00,2017.00,991.00,48966366.35,347834.57
1.50,0.00,171.00,2927.00,1132.00,151.00,2011.00,1004.00,48943062.33,347758.02
1.51,0.00,167.00,2922.00,1141.00,145.00,2004.00,1017.00,48914350.52,347582.97
1.51,0.00,161.00,2921.00,1148.00,142.00,1998.00,1026.00,48886728.54,347333.03
1.52,0.00,155.00,2921.00,1154.00,142.00,1986.00,1038.00,48861600.24,346924.57
1.53,0.00,152.00,2919.00,1159.00,139.00,1982.00,1045.00,48835735.76,346491.59
1.53,0.00,147.00,2918.00,1165.00,131.00,1982.00,1053.00,48810704.02,346096.31
1.54,0.00,145.00,2914.00,1171.00,122.00,1979.00,1065.00,48781922.79,345690.38
1.55,0.00,144.00,2902.00,1184.00,121.00,1972.00,1073.00,48737712.12,345214.64
1.56,0.00,139.00,2902.00,1189.00,120.00,1962.00,1084.00,48697492.69,344630.09
1.56,0.00,135.00,2900.00,1195.00,119.00,1951.00,1096.00,48657899.53,343931.18
1.57,0.00,129.00,2900.00,1201.00,116.00,1946.00,1104.00,48621880.75,343218.02
1.58,0.00,126.00,2890.00,1214.00,112.00,1946.00,1108.00,48574090.49,342566.96
1.58,0.00,122.00,2886.00,1222.00,110.00,1939.00,1117.00,48524605.45,341867.42
1.59,0.00,121.00,2874.00,1235.00,108.00,1933.00,1125.00,48461560.05,341138.66
1.60,0.00,117.00,2870.00,1243.00,107.00,1924.00,1135.00,48398196.96,340338.15
1.60,0.00,115.00,2870.00,1245.00,105.00,1920.00,1141.00,48340554.31,339547.26
1.61,0.00,113.00,2865.00,1252.00,104.00,1916.00,1146.00,48280603.80,338765.14
1.62,0.00,109.00,2861.00,1260.00,102.00,1906.00,1158.00,48220056.18,337900.89
1.62,0.00,105.00,2859.00,1266.00,100.00,1902.00,1164.00,48161970.07,337051.80
1.63,0.00,102.00,2854.00,1274.00,98.00,1896.00,1172.00,48101616.39,336186.51
1.64,0.00,96.00,2855.00,1279.00,96.00,1890.00,1180.00,48048213.47,335306.43
1.65,0.00,95.00,2847.00,1288.00,93.00,1891.00,1182.00,47987613.20,334518.00
1.65,0.00,92.00,2845.00,1293.00,93.00,1883.00,1190.00,47929479.27,333678.05
1.66,0.00,90.00,2838.00,1302.00,91.00,1878.00,1197.00,47866077.19,332836.11
1.67,0.00,90.00,2830.00,1310.00,89.00,1873.00,1204.00,47796380.45,331992.38
1.67,0.00,87.00,2826.00,1317.00,84.00,1872.00,1210.00,47726966.52,331207.09
1.68,0.00,84.00,2821.00,1325.00,81.00,1868.00,1217.00,47656307.59,330430.08
1.69,0.00,83.00,2820.00,1327.00,79.00,1861.00,1226.00,47590525.33,329615.58
1.69,0.00,80.00,2816.00,1334.00,78.00,1859.00,1229.00,47524672.40,328841.95
1.70,0.00,78.00,2813.00,1339.00,75.00,1855.00,1236.00,47460257.51,328075.59
1.71,0.00,76.00,2811.00,1343.00,74.00,1852.00,1240.00,47398653.42,327330.90
1.72,0.00,73.00,2806.00,1351.00,72.00,1845.00,1249.00,47335099.26,326545.89
1.72,0.00,72.00,2801.00,1357.00,71.00,1841.00,1254.00,47269770.90,325769.14
1.73,0.00,69.00,2796.00,1365.00,71.00,1835.00,1260.00,47202828.69,324969.89
1.74,0.00,67.00,2791.00,1372.00,69.00,1830.00,1267.00,47134418.35,324165.12
1.74,0.00,67.00,2785.00,1378.00,66.00,1824.00,1276.00,47063170.13,323340.28
1.75,0.00,65.00,2778.00,1387.00,66.00,1816.00,1284.00,46987837.77,322467.09
1.76,0.00,64.00,2774.00,1392.00,66.00,1809.00,1291.00,46913297.02,321564.77
1.76,0.00,61.00,2771.00,1398.00,66.00,1797.00,1303.00,46840978.61,320560.74
1.77,0.00,58.00,2768.00,1404.00,63.00,1791.00,1312.00,46770682.15,319554.00
1.78,0.00,56.00,2762.00,1412.00,62.00,1783.00,1321.00,46697718.05,318514.73
1.78,0.00,51.00,2761.00,1418.00,61.00,1774.00,1331.00,46629838.54,317430.75
1.79,0.00,51.00,2756.00,1423.00,59.00,1772.00,1335.00,46560575.56,316411.12
1.80,0.00,48.00,2749.00,1433.00,59.00,1769.00,1338.00,46487049.20,315435.20
1.81,0.00,47.00,2743.00,1440.00,57.00,1762.00,1347.00,46411146.90,314439.10
1.81,0.00,47.00,2737.00,1446.00,55.00,1754.00,1357.00,46333082.97,313409.55
1.82,0.00,46.00,2725.00,1459.00,54.00,1750.00,1362.00,46244038.62,312409.56
1.83,0.00,44.00,2715.00,1471.00,53.00,1745.00,1368.00,46148009.96,311421.53
1.83,0.00,42.00,2713.00,1475.00,52.00,1742.00,1372.00,46057645.91,310474.46
1.84,0.00,42.00,2704.00,1484.00,51.00,1736.00,1379.00,45961918.83,309519.72
1.85,0.00,39.00,2701.00,1490.00,48.00,1724.00,1394.00,45870326.96,308467.83
1.85,0.00,36.00,2697.00,1497.00,46.00,1719.00,1401.00,45780994.44,307432.43
1.86,0.00,34.00,2696.00,1500.00,45.00,1715.00,1406.00,45698224.41,306427.09
1.87,0.00,33.00,2689.00,1508.00,42.00,1714.00,1410.00,45612410.49,305494.27
1.88,0.00,33.00,2682.00,1515.00,40.00,1708.00,1418.00,45523827.41,304552.54
1.88,0.00,32.00,2679.00,1519.00,39.00,1705.00,1422.00,45438734.54,303647.74
1.89,0.00,32.00,2672.00,1526.00,39.00,1702.00,1425.00,45350807.46,302776.66
1.90,0.00,31.00,2668.00,1531.00,38.00,1694.00,1434.00,45264808.95,301861.24
1.90,0.00,30.00,2661.00,1539.00,36.00,1692.00,1438.00,45176058.00,300995.49
1.91,0.00,30.00,2656.00,1544.00,36.00,1684.00,1446.00,45087807.72,300084.93
1.92,0.00,30.00,2647.00,1553.00,36.00,1676.00,1454.00,44994003.68,299133.49
1.92,0.00,30.00,2640.00,1560.00,35.00,1669.00,1462.00,44898151.95,298159.72
1.93,0.00,30.00,2633.00,1567.00,35.00,1665.00,1466.00,44800437.27,297210.66
1.94,0.00,29.00,2622.00,1579.00,34.00,1658.00,1474.00,44695018.58,296239.07
1.94,0.00,28.00,2614.00,1588.00,33.00,1654.00,1479.00,44587098.29,295292.00
1.95,0.00,27.00,2608.00,1595.00,32.00,1649.00,1485.00,44479907.04,294352.27
1.96,0.00,27.00,2602.00,1601.00,32.00,1645.00,1489.00,44373378.84,293434.28
1.97,0.00,26.00,2593.00,1611.00,32.00,1638.00,1496.00,44262946.93,292491.07
1.97,0.00,26.00,2582.00,1622.00,30.00,1634.00,1502.00,44145959.19,291569.89
1.98,0.00,26.00,2573.00,1631.00,30.00,1626.00,1510.00,44026011.97,290608.74
1.99,0.00,25.00,2567.00,1638.00,29.00,1619.00,1518.00,43907879.47,289626.12
1.99,0.00,24.00,2560.00,1646.00,29.00,1615.00,1522.00,43789895.51,288668.98
2.00,0.00,24.00,2554.00,1652.00,27.00,1610.00,1529.00,43673548.91,287720.06
2.01,0.00,23.00,2547.00,1660.00,27.00,1604.00,1535.00,43557189.72,286763.63
2.01,0.00,22.00,2541.00,1667.00,27.00,1588.00,1551.00,43442321.24,285650.11
2.02,0.00,21.00,2532.00,1677.00,26.00,1584.00,1556.00,43324302.09,284573.46
2.03,0.00,21.00,2525.00,1684.00,25.00,1582.00,1559.00,43206421.26,283560.51
2.03,0.00,20.00,2519.00,1691.00,25.00,1578.00,1563.00,43090168.55,282575.68
2.04,0.00,20.00,2514.00,1696.00,25.00,1572.00,1569.00,42976899.34,281586.46
2.05,0.00,20.00,2508.00,1702.00,24.00,1565.00,1577.00,42864841.80,280578.22
2.06,0.00,18.00,2492.00,1720.00,22.00,1559.00,1585.00,42738863.67,279567.63
2.06,0.00,18.00,2482.00,1730.00,22.00,1553.00,1591.00,42609235.39,278554.90
2.07,0.00,18.00,2475.00,1737.00,22.00,1548.00,1596.00,42480793.57,277555.24
2.08,0.00,18.00,2471.00,1741.00,20.00,1544.00,1602.00,42357937.82,276582.54
2.08,0.00,18.00,2457.00,1755.00,20.00,1542.00,1604.00,42225140.90,275664.49
2.09,0.00,17.00,2452.00,1761.00,19.00,1530.00,1617.00,42096821.00,274646.10
2.10,0.00,17.00,2447.00,1766.00,19.00,1522.00,1625.00,41972573.96,273596.20
2.10,0.00,17.00,2440.00,1773.00,19.00,1515.00,1632.00,41849027.51,272532.56
2.11,0.00,17.00,2433.00,1780.00,19.00,1510.00,1637.00,41726118.34,271486.42
2.12,0.00,16.00,2430.00,1784.00,19.00,1500.00,1647.00,41609798.21,270381.15
2.12,0.00,16.00,2421.00,1793.00,17.00,1497.00,1652.00,41490458.40,269327.05
2.13,0.00,16.00,2408.00,1806.00,16.00,1490.00,1660.00,41362362.20,268259.57
2.14,0.00,15.00,2400.00,1815.00,16.00,1477.00,1673.00,41233811.80,267089.75
2.15,0.00,14.00,2391.00,1825.00,16.00,1468.00,1682.00,41103345.89,265886.58
2.15,0.00,14.00,2387.00,1829.00,16.00,1462.00,1688.00,40978648.78,264698.04
2.16,0.00,14.00,2377.00,1839.00,16.00,1449.00,1701.00,40850185.94,263417.69
2.17,0.00,14.00,2371.00,1845.00,16.00,1442.00,1708.00,40724306.60,262143.67
2.17,0.00,14.00,2365.00,1851.00,16.00,1438.00,1712.00,40600777.50,260920.49
2.18,0.00,14.00,2354.00,1862.00,16.00,1427.00,1723.00,40471874.80,259638.57
2.19,0.00,13.00,2345.00,1872.00,15.00,1418.00,1733.00,40341088.41,258333.06
2.19,0.00,13.00,2340.00,1877.00,15.00,1414.00,1737.00,40214597.50,257081.14
2.20,0.00,13.00,2332.00,1885.00,15.00,1406.00,1745.00,40087507.49,255818.05
2.21,0.00,12.00,2324.00,1894.00,14.00,1402.00,1750.00,39959872.29,254604.85
2.22,0.00,11.00,2316.00,1903.00,13.00,1394.00,1759.00,39831741.25,253377.10
2.22,0.00,11.00,2313.00,1906.00,13.00,1389.00,1764.00,39710670.66,252181.15
2.23,0.00,11.00,2308.00,1911.00,13.00,1385.00,1768.00,39593018.52,251029.24
2.24,0.00,10.00,2302.00,1918.00,13.00,1375.00,1778.00,39476973.80,249827.41
2.24,0.00,10.00,2295.00,1925.00,13.00,1367.00,1786.00,39360889.25,248610.04
2.25,0.00,10.00,2288.00,1932.00,13.00,1362.00,1791.00,39244768.30,247423.56
2.26,0.00,10.00,2286.00,1934.00,12.00,1353.00,1801.00,39136125.83,246205.18
2.26,0.00,10.00,2277.00,1943.00,12.00,1346.00,1808.00,39023770.64,244987.74
2.27,0.00,10.00,2269.00,1951.00,10.00,1341.00,1815.00,38909540.04,243801.19
2.28,0.00,9.00,2263.00,1958.00,10.00,1335.00,1821.00,38796608.00,242627.82
2.28,0.00,9.00,2262.00,1959.00,10.00,1328.00,1828.00,38692368.99,241451.46
2.29,0.00,9.00,2252.00,1969.00,10.00,1316.00,1840.00,38582517.26,240197.26
2.30,0.00,9.00,2243.00,1978.00,10.00,1306.00,1850.00,38469061.95,238902.03
2.31,0.00,9.00,2232.00,1989.00,10.00,1296.00,1860.00,38349323.66,237569.36
2.31,0.00,7.00,2226.00,1997.00,10.00,1288.00,1868.00,38231381.22,236232.55
2.32,0.00,7.00,2217.00,2006.00,9.00,1286.00,1871.00,38110565.47,234982.09
2.33,0.00,7.00,2211.00,2012.00,8.00,1275.00,1883.00,37991642.89,233675.27
2.33,0.00,7.00,2204.00,2019.00,7.00,1268.00,1891.00,37872940.10,232377.07
2.34,0.00,6.00,2196.00,2028.00,7.00,1259.00,1900.00,37752935.13,231056.71
2.35,0.00,6.00,2187.00,2037.00,7.00,1249.00,1910.00,37630243.00,229701.09
2.35,0.00,6.00,2178.00,2046.00,7.00,1241.00,1918.00,37505106.57,228343.33
2.36,0.00,6.00,2171.00,2053.00,7.00,1237.00,1922.00,37380750.87,227043.71
2.37,0.00,5.00,2165.00,2060.00,6.00,1233.00,1927.00,37258607.90,225797.15
2.38,0.00,5.00,2156.00,2069.00,6.00,1227.00,1933.00,37133970.89,224569.01
2.38,0.00,5.00,2148.00,2077.00,6.00,1221.00,1939.00,37008567.35,223357.66
2.39,0.00,5.00,2142.00,2083.00,6.00,1214.00,1946.00,36885471.06,222146.64
2.40,0.00,5.00,2137.00,2088.00,6.00,1211.00,1949.00,36765976.13,220995.99
2.40,0.00,5.00,2129.00,2096.00,6.00,1204.00,1956.00,36645250.38,219840.38
2.41,0.00,4.00,2125.00,2101.00,6.00,1199.00,1961.00,36529414.20,218710.28
2.42,0.00,4.00,2120.00,2106.00,6.00,1192.00,1968.00,36416523.93,217573.42
2.42,0.00,4.00,2118.00,2108.00,6.00,1188.00,1972.00,36310820.55,216475.46
2.43,0.00,4.00,2108.00,2118.00,5.00,1182.00,1979.00,36199636.63,215382.97
2.44,0.00,4.00,2101.00,2125.00,5.00,1178.00,1983.00,36087973.95,214325.52
2.44,0.00,4.00,2096.00,2130.00,5.00,1166.00,1995.00,35978880.45,213179.86
2.45,0.00,4.00,2091.00,2135.00,5.00,1157.00,2004.00,35872124.05,211998.76
2.46,0.00,4.00,2082.00,2144.00,5.00,1150.00,2011.00,35761484.59,210815.34
2.47,0.00,4.00,2073.00,2153.00,5.00,1144.00,2017.00,35647312.52,209644.83
2.47,0.00,4.00,2070.00,2156.00,5.00,1136.00,2025.00,35538940.80,208456.06
2.48,0.00,4.00,2064.00,2162.00,5.00,1128.00,2033.00,35431338.76,207250.62
2.49,0.00,4.00,2059.00,2167.00,4.00,1120.00,2042.00,35325939.20,206029.96
2.49,0.00,4.00,2053.00,2173.00,4.00,1112.00,2050.00,35221041.01,204795.40
2.50,0.00,4.00,2047.00,2179.00,4.00,1105.00,2057.00,35116598.87,203563.18
2.51,0.00,4.00,2040.00,2186.00,4.00,1097.00,2065.00,35011069.38,202318.07
2.51,0.00,3.00,2035.00,2192.00,4.00,1093.00,2069.00,34907555.34,201121.29
2.52,0.00,3.00,2027.00,2200.00,4.00,1082.00,2080.00,34801367.68,199863.47
2.53,0.00,3.00,2022.00,2205.00,4.00,1076.00,2086.00,34697254.94,198625.03
2.53,0.00,3.00,2018.00,2209.00,3.00,1075.00,2088.00,34596532.00,197479.41
2.54,0.00,3.00,2012.00,2215.00,3.00,1070.00,2093.00,34495888.29,196358.43
2.55,0.00,3.00,2000.00,2227.00,3.00,1065.00,2098.00,34386302.63,195259.95
2.56,0.00,3.00,1994.00,2233.00,3.00,1058.00,2105.00,34277596.29,194151.95
2.56,0.00,3.00,1983.00,2244.00,3.00,1054.00,2109.00,34162178.32,193080.34
2.57,0.00,3.00,1976.00,2251.00,3.00,1049.00,2114.00,34046663.67,192026.93
2.58,0.00,3.00,1973.00,2254.00,3.00,1043.00,2120.00,33937070.57,190975.10
2.58,0.00,2.00,1971.00,2257.00,3.00,1039.00,2124.00,33834366.64,189954.78
2.59,0.00,2.00,1967.00,2261.00,2.00,1033.00,2131.00,33734925.37,188933.16
2.60,0.00,2.00,1961.00,2267.00,2.00,1029.00,2135.00,33635447.60,187940.40
2.60,0.00,2.00,1957.00,2271.00,2.00,1022.00,2142.00,33538941.14,186928.93
2.61,0.00,2.00,1950.00,2278.00,2.00,1017.00,2147.00,33440630.96,185930.42
2.62,0.00,2.00,1937.00,2291.00,2.00,1011.00,2153.00,33331665.86,184928.71
2.62,0.00,1.00,1931.00,2298.00,2.00,1004.00,2160.00,33223524.06,183909.07
2.63,0.00,1.00,1921.00,2308.00,2.00,998.00,2166.00,33110121.89,182888.08
2.64,0.00,1.00,1909.00,2320.00,1.00,993.00,2172.00,32988929.61,181880.87
2.65,0.00,1.00,1903.00,2326.00,1.00,985.00,2180.00,32869664.49,180841.18
2.65,0.00,1.00,1897.00,2332.00,1.00,979.00,2186.00,32752152.50,179801.89
2.66,0.00,1.00,1887.00,2342.00,1.00,974.00,2191.00,32630226.04,178777.98
2.67,0.00,1.00,1879.00,2350.00,1.00,971.00,2194.00,32507288.41,177798.16
2.67,0.00,1.00,1877.00,2352.00,1.00,959.00,2206.00,32392444.57,176723.37
2.68,0.00,1.00,1867.00,2362.00,1.00,955.00,2210.00,32272945.50,175682.09
2.69,0.00,1.00,1859.00,2370.00,1.00,947.00,2218.00,32152216.07,174611.29
2.69,0.00,1.00,1852.00,2377.00,1.00,938.00,2227.00,32031869.61,173498.52
2.70,0.00,1.00,1844.00,2385.00,1.00,936.00,2229.00,31910369.28,172452.60
2.71,0.00,1.00,1838.00,2391.00,1.00,930.00,2235.00,31790823.81,171407.62
2.72,0.00,1.00,1824.00,2405.00,1.00,923.00,2242.00,31661038.27,170348.47
2.72,0.00,1.00,1821.00,2408.00,1.00,918.00,2247.00,31538462.53,169306.43
2.73,0.00,1.00,1812.00,2417.00,1.00,912.00,2253.00,31413431.86,168264.98
2.74,0.00,1.00,1809.00,2420.00,1.00,903.00,2262.00,31295181.71,167179.02
2.74,0.00,1.00,1795.00,2434.00,1.00,897.00,2268.00,31166574.57,166097.47
2.75,0.00,1.00,1788.00,2441.00,1.00,889.00,2276.00,31039061.61,164989.92
2.76,0.00,1.00,1784.00,2445.00,1.00,882.00,2283.00,30917051.01,163873.65
2.76,0.00,1.00,1780.00,2449.00,1.00,877.00,2288.00,30800045.90,162779.46
2.77,0.00,1.00,1775.00,2454.00,1.00,869.00,2296.00,30686092.29,161660.37
2.78,0.00,1.00,1769.00,2460.00,1.00,859.00,2306.00,30573412.27,160488.49
2.78,0.00,0.00,1761.00,2469.00,1.00,855.00,2310.00,30458886.24,159358.56
2.79,0.00,0.00,1754.00,2476.00,1.00,848.00,2317.00,30344183.13,158221.86
2.80,0.00,0.00,1746.00,2484.00,1.00,839.00,2326.00,30227816.71,157048.93
2.81,0.00,0.00,1738.00,2492.00,1.00,832.00,2333.00,30109937.00,155872.97
2.81,0.00,0.00,1731.00,2499.00,1.00,823.00,2342.00,29992183.12,154664.20
2.82,0.00,0.00,1721.00,2509.00,1.00,814.00,2351.00,29870036.61,153425.48
2.83,0.00,0.00,1718.00,2512.00,1.00,811.00,2354.00,29754410.31,152249.55
2.83,0.00,0.00,1709.00,2521.00,1.00,808.00,2357.00,29635701.63,151130.95
2.84,0.00,0.00,1702.00,2528.00,1.00,804.00,2361.00,29517193.57,150049.66
2.85,0.00,0.00,1698.00,2532.00,1.00,800.00,2365.00,29403374.84,149002.43
2.85,0.00,0.00,1691.00,2539.00,1.00,793.00,2372.00,29289315.29,147941.22
2.86,0.00,0.00,1687.00,2543.00,1.00,790.00,2375.00,29179543.43,146927.36
2.87,0.00,0.00,1683.00,2547.00,1.00,783.00,2382.00,29073672.40,145896.61
2.88,0.00,0.00,1674.00,2556.00,1.00,776.00,2389.00,28963838.28,144850.46
2.88,0.00,0.00,1667.00,2563.00,1.00,769.00,2396.00,28853403.56,143790.24
2.89,0.00,0.00,1663.00,2567.00,1.00,761.00,2404.00,28746929.37,142702.15
2.90,0.00,0.00,1659.00,2571.00,1.00,756.00,2409.00,28644058.26,141633.70
2.90,0.00,0.00,1652.00,2578.00,1.00,749.00,2416.00,28539957.86,140553.12
2.91,0.00,0.00,1646.00,2584.00,1.00,747.00,2418.00,28436241.53,139536.58
2.92,0.00,0.00,1642.00,2588.00,1.00,737.00,2428.00,28335879.30,138458.33
2.92,0.00,0.00,1636.00,2594.00,1.00,727.00,2438.00,28235563.59,137323.74
2.93,0.00,0.00,1630.00,2600.00,1.00,726.00,2439.00,28135290.36,136272.92
2.94,0.00,0.00,1624.00,2606.00,1.00,722.00,2443.00,28035055.64,135253.51
2.94,0.00,0.00,1617.00,2613.00,1.00,714.00,2451.00,27933353.69,134202.68
2.95,0.00,0.00,1611.00,2619.00,1.00,708.00,2457.00,27831819.29,133153.22
2.96,0.00,0.00,1600.00,2630.00,1.00,704.00,2461.00,27722925.75,132135.04
2.97,0.00,0.00,1597.00,2633.00,1.00,700.00,2465.00,27619355.92,131145.44
2.97,0.00,0.00,1591.00,2639.00,1.00,691.00,2474.00,27516122.32,130106.79
2.98,0.00,0.00,1585.00,2645.00,1.00,682.00,2483.00,27413194.52,129023.38
2.99,0.00,0.00,1575.00,2655.00,1.00,677.00,2488.00,27304535.69,127959.19
2.99,0.00,0.00,1570.00,2660.00,1.00,670.00,2495.00,27198174.73,126882.50
3.00,0.00,0.00,1564.00,2666.00,1.00,667.00,2498.00,27092402.00,125854.50
3.01,0.00,0.00,1558.00,2672.00,1.00,666.00,2499.00,26987164.26,124900.99
3.01,0.00,0.00,1553.00,2677.00,1.00,663.00,2502.00,26883915.56,123985.44
3.02,0.00,0.00,1546.00,2684.00,1.00,659.00,2506.00,26779471.81,123089.52
3.03,0.00,0.00,1537.00,2693.00,1.00,653.00,2512.00,26670936.07,122181.47
3.03,0.00,0.00,1531.00,2699.00,1.00,646.00,2519.00,26563184.93,121247.33
3.04,0.00,0.00,1526.00,2704.00,1.00,642.00,2523.00,26457649.78,120334.44
3.05,0.00,0.00,1520.00,2710.00,1.00,638.00,2527.00,26352628.16,119440.95
3.06,0.00,0.00,1516.00,2714.00,1.00,632.00,2533.00,26251078.38,118535.12
3.06,0.00,0.00,1512.00,2718.00,1.00,625.00,2540.00,26152687.03,117603.00
3.07,0.00,0.00,1506.00,2724.00,1.00,621.00,2544.00,26054164.41,116691.96
3.08,0.00,0.00,1499.00,2731.00,1.00,620.00,2545.00,25954019.99,115845.23
3.08,0.00,0.00,1495.00,2735.00,1.00,612.00,2553.00,25856907.08,114952.03
3.09,0.00,0.00,1487.00,2743.00,1.00,607.00,2558.00,25756542.86,114061.50
3.10,0.00,0.00,1479.00,2751.00,1.00,597.00,2568.00,25653220.84,113098.29
3.10,0.00,0.00,1468.00,2762.00,1.00,594.00,2571.00,25542700.92,112173.87
3.11,0.00,0.00,1455.00,2775.00,1.00,590.00,2575.00,25422628.53,111269.86
3.12,0.00,0.00,1447.00,2783.00,1.00,589.00,2576.00,25301377.53,110429.54
3.12,0.00,0.00,1438.00,2792.00,1.00,584.00,2581.00,25177551.88,109587.28
3.13,0.00,0.00,1432.00,2798.00,1.00,576.00,2589.00,25055891.12,108698.17
3.14,0.00,0.00,1422.00,2808.00,1.00,567.00,2598.00,24930190.46,107751.28
3.15,0.00,0.00,1419.00,2811.00,1.00,563.00,2602.00,24811330.88,106826.74
3.15,0.00,0.00,1411.00,2819.00,1.00,560.00,2605.00,24691183.09,105937.64
3.16,0.00,0.00,1404.00,2826.00,1.00,555.00,2610.00,24571365.87,105050.85
3.17,0.00,0.00,1397.00,2833.00,1.00,554.00,2611.00,24451849.26,104226.25
3.17,0.00,0.00,1391.00,2839.00,1.00,546.00,2619.00,24334108.46,103353.27
3.18,0.00,0.00,1389.00,2841.00,1.00,540.00,2625.00,24223992.42,102466.16
3.19,0.00,0.00,1381.00,2849.00,1.00,534.00,2631.00,24111798.93,101566.16
3.19,0.00,0.00,1374.00,2856.00,1.00,532.00,2633.00,23999217.80,100714.49
3.20,0.00,0.00,1371.00,2859.00,0.00,525.00,2641.00,23892293.25,99831.81
3.21,0.00,0.00,1362.00,2868.00,0.00,521.00,2645.00,23781500.93,98965.90
3.22,0.00,0.00,1358.00,2872.00,0.00,516.00,2650.00,23674701.29,98100.27
3.22,0.00,0.00,1351.00,2879.00,0.00,509.00,2657.00,23567027.16,97204.86
3.23,0.00,0.00,1343.00,2887.00,0.00,505.00,2661.00,23457055.17,96327.32
3.24,0.00,0.00,1336.00,2894.00,0.00,497.00,2669.00,23346494.93,95406.01
3.24,0.00,0.00,1326.00,2904.00,0.00,486.00,2680.00,23230892.71,94399.68
3.25,0.00,0.00,1320.00,2910.00,0.00,483.00,2683.00,23116712.96,93435.89
3.26,0.00,0.00,1310.00,2920.00,0.00,480.00,2686.00,22997817.91,92510.97
3.26,0.00,0.00,1303.00,2927.00,0.00,475.00,2691.00,22879140.25,91591.46
3.27,0.00,0.00,1299.00,2931.00,0.00,470.00,2696.00,22765167.34,90676.91
3.28,0.00,0.00,1291.00,2939.00,0.00,463.00,2703.00,22649465.10,89736.83
3.28,0.00,0.00,1283.00,2947.00,0.00,459.00,2707.00,22532189.75,88818.52
3.29,0.00,0.00,1279.00,2951.00,0.00,456.00,2710.00,22419492.52,87935.10
3.30,0.00,0.00,1275.00,2955.00,0.00,455.00,2711.00,22310960.03,87113.58
3.31,0.00,0.00,1266.00,2964.00,0.00,450.00,2716.00,22198704.78,86288.48
3.31,0.00,0.00,1258.00,2972.00,0.00,443.00,2723.00,22084565.24,85430.07
3.32,0.00,0.00,1248.00,2982.00,0.00,435.00,2731.00,21965706.73,84526.21
3.33,0.00,0.00,1245.00,2985.00,0.00,432.00,2734.00,21853071.69,83656.00
3.33,0.00,0.00,1241.00,2989.00,0.00,427.00,2739.00,21744595.75,82786.44
3.34,0.00,0.00,1237.00,2993.00,0.00,422.00,2744.00,21639903.57,81917.48
3.35,0.00,0.00,1228.00,3002.00,0.00,420.00,2746.00,21531141.92,81094.14
3.35,0.00,0.00,1226.00,3004.00,0.00,415.00,2751.00,21429194.48,80267.38
3.36,0.00,0.00,1221.00,3009.00,0.00,409.00,2757.00,21328938.97,79422.48
3.37,0.00,0.00,1216.00,3014.00,0.00,399.00,2767.00,21230222.80,78500.91
3.38,0.00,0.00,1208.00,3022.00,0.00,397.00,2769.00,21128399.96,77629.54
3.38,0.00,0.00,1202.00,3028.00,0.00,395.00,2771.00,21026755.63,76804.00
3.39,0.00,0.00,1189.00,3041.00,0.00,391.00,2775.00,20914757.41,75990.26
3.40,0.00,0.00,1184.00,3046.00,0.00,385.00,2781.00,20805358.61,75157.23
3.40,0.00,0.00,1179.00,3051.00,0.00,382.00,2784.00,20698324.50,74351.67
3.41,0.00,0.00,1176.00,3054.00,0.00,379.00,2787.00,20596446.26,73571.18
3.42,0.00,0.00,1163.00,3067.00,0.00,373.00,2793.00,20484235.29,72768.52
3.42,0.00,0.00,1159.00,3071.00,0.00,367.00,2799.00,20376145.21,71945.61
3.43,0.00,0.00,1154.00,3076.00,0.00,365.00,2801.00,20270301.71,71164.32
3.44,0.00,0.00,1151.00,3079.00,0.00,365.00,2801.00,20169506.58,70451.05
3.44,0.00,0.00,1142.00,3088.00,0.00,361.00,2805.00,20064290.23,69739.80
3.45,0.00,0.00,1137.00,3093.00,0.00,356.00,2810.00,19961060.97,69015.37
3.46,0.00,0.00,1135.00,3095.00,0.00,354.00,2812.00,19864146.43,68323.97
3.47,0.00,0.00,1130.00,3100.00,0.00,352.00,2814.00,19768469.48,67662.73
3.47,0.00,0.00,1125.00,3105.00,0.00,348.00,2818.00,19673918.57,66998.97
3.48,0.00,0.00,1122.00,3108.00,0.00,343.00,2823.00,19583396.47,66317.90
3.49,0.00,0.00,1114.00,3116.00,0.00,339.00,2827.00,19489028.10,65636.04
3.49,0.00,0.00,1106.00,3124.00,0.00,334.00,2832.00,19391160.45,64938.44
3.50,0.00,0.00,1100.00,3130.00,0.00,333.00,2833.00,19293114.29,64286.56
3.51,0.00,0.00,1089.00,3141.00,0.00,332.00,2834.00,19187394.05,63676.41
3.51,0.00,0.00,1086.00,3144.00,0.00,327.00,2839.00,19086711.07,63044.29
3.52,0.00,0.00,1078.00,3152.00,0.00,324.00,2842.00,18983099.01,62422.13
3.53,0.00,0.00,1068.00,3162.00,0.00,323.00,2843.00,18873817.70,61839.13
3.53,0.00,0.00,1065.00,3165.00,0.00,315.00,2851.00,18769895.12,61186.71
3.54,0.00,0.00,1058.00,3172.00,0.00,311.00,2855.00,18664838.25,60531.00
3.55,0.00,0.00,1053.00,3177.00,0.00,308.00,2858.00,18561754.13,59887.33
3.56,0.00,0.00,1052.00,3178.00,0.00,301.00,2865.00,18466473.86,59194.54
3.56,0.00,0.00,1049.00,3181.00,0.00,297.00,2869.00,18375288.37,58501.98
3.57,0.00,0.00,1042.00,3188.00,0.00,295.00,2871.00,18281818.69,57839.68
3.58,0.00,0.00,1036.00,3194.00,0.00,294.00,2872.00,18187773.35,57220.03
3.58,0.00,0.00,1027.00,3203.00,0.00,287.00,2879.00,18088697.43,56549.17
3.59,0.00,0.00,1022.00,3208.00,0.00,284.00,2882.00,17991054.35,55891.66
3.60,0.00,0.00,1019.00,3211.00,0.00,280.00,2886.00,17897719.26,55231.31
3.60,0.00,0.00,1012.00,3218.00,0.00,275.00,2891.00,17802294.08,54553.35
3.61,0.00,0.00,1009.00,3221.00,0.00,272.00,2894.00,17710976.76,53889.35
3.62,0.00,0.00,1005.00,3225.00,0.00,269.00,2897.00,17621894.04,53238.10
3.62,0.00,0.00,999.00,3231.00,0.00,269.00,2897.00,17531839.69,52643.56
3.63,0.00,0.00,993.00,3237.00,0.00,264.00,2902.00,17440901.35,52025.67
3.64,0.00,0.00,988.00,3242.00,0.00,263.00,2903.00,17350661.17,51446.56
3.65,0.00,0.00,981.00,3249.00,0.00,260.00,2906.00,17258051.47,50872.81
3.65,0.00,0.00,967.00,3263.00,0.00,257.00,2909.00,17152769.94,50303.95
3.66,0.00,0.00,962.00,3268.00,0.00,251.00,2915.00,17049481.47,49694.49
3.67,0.00,0.00,956.00,3274.00,0.00,249.00,2917.00,16946503.76,49108.05
3.67,0.00,0.00,954.00,3276.00,0.00,245.00,2921.00,16849818.01,48512.58
3.68,0.00,0.00,950.00,3280.00,0.00,242.00,2924.00,16755851.62,47923.89
3.69,0.00,0.00,944.00,3286.00,0.00,236.00,2930.00,16661354.43,47296.33
3.69,0.00,0.00,937.00,3293.00,0.00,228.00,2938.00,16564872.00,46603.22
3.70,0.00,0.00,933.00,3297.00,0.00,226.00,2940.00,16471090.62,45940.42
3.71,0.00,0.00,923.00,3307.00,0.00,224.00,2942.00,16370752.37,45305.29
3.72,0.00,0.00,915.00,3315.00,0.00,224.00,2942.00,16267453.96,44725.47
3.72,0.00,0.00,909.00,3321.00,0.00,221.00,2945.00,16164467.27,44151.06
3.73,0.00,0.00,906.00,3324.00,0.00,216.00,2950.00,16066271.00,43551.56
3.74,0.00,0.00,901.00,3329.00,0.00,213.00,2953.00,15969428.15,42959.19
3.74,0.00,0.00,895.00,3335.00,0.00,211.00,2955.00,15872314.18,42388.35
3.75,0.00,0.00,890.00,3340.00,0.00,208.00,2958.00,15776455.83,41822.15
3.76,0.00,0.00,887.00,3343.00,0.00,201.00,2965.00,15684744.47,41200.09
3.76,0.00,0.00,876.00,3354.00,0.00,199.00,2967.00,15584787.12,40602.15
3.77,0.00,0.00,870.00,3360.00,0.00,197.00,2969.00,15484839.84,40026.23
3.78,0.00,0.00,864.00,3366.00,0.00,191.00,2975.00,15384901.70,39410.32
3.78,0.00,0.00,857.00,3373.00,0.00,187.00,2979.00,15283469.56,38787.95
3.79,0.00,0.00,853.00,3377.00,0.00,184.00,2982.00,15185185.22,38174.71
3.80,0.00,0.00,847.00,3383.00,0.00,182.00,2984.00,15086759.88,37584.81
3.81,0.00,0.00,841.00,3389.00,0.00,178.00,2988.00,14988206.34,36986.19
3.81,0.00,0.00,836.00,3394.00,0.00,175.00,2991.00,14891038.39,36394.63
3.82,0.00,0.00,833.00,3397.00,0.00,175.00,2991.00,14798135.59,35854.58
3.83,0.00,0.00,829.00,3401.00,0.00,172.00,2994.00,14707610.65,35316.48
3.83,0.00,0.00,823.00,3407.00,0.00,168.00,2998.00,14616244.15,34765.14
3.84,0.00,0.00,819.00,3411.00,0.00,166.00,3000.00,14527116.82,34231.77
3.85,0.00,0.00,815.00,3415.00,0.00,164.00,3002.00,14440026.41,33714.80
3.85,0.00,0.00,806.00,3424.00,0.00,162.00,3004.00,14347277.52,33212.79
3.86,0.00,0.00,804.00,3426.00,0.00,162.00,3004.00,14259897.20,32754.50
3.87,0.00,0.00,801.00,3429.00,0.00,159.00,3007.00,14175898.42,32291.05
3.88,0.00,0.00,797.00,3433.00,0.00,152.00,3014.00,14093473.61,31762.78
3.88,0.00,0.00,789.00,3441.00,0.00,151.00,3015.00,14006471.40,31265.50
3.89,0.00,0.00,783.00,3447.00,0.00,149.00,3017.00,13918309.72,30781.47
3.90,0.00,0.00,778.00,3452.00,0.00,147.00,3019.00,13830595.50,30309.54
3.90,0.00,0.00,775.00,3455.00,0.00,143.00,3023.00,13746292.97,29818.61
3.91,0.00,0.00,768.00,3462.00,0.00,139.00,3027.00,13659084.91,29310.34
3.92,0.00,0.00,759.00,3471.00,0.00,134.00,3032.00,13566228.99,28771.21
3.92,0.00,0.00,752.00,3478.00,0.00,131.00,3035.00,13471239.67,28233.96
3.93,0.00,0.00,746.00,3484.00,0.00,130.00,3036.00,13375811.90,27728.46
3.94,0.00,0.00,741.00,3489.00,0.00,127.00,3039.00,13281487.58,27221.91
3.94,0.00,0.00,734.00,3496.00,0.00,122.00,3044.00,13185162.44,26684.36
3.95,0.00,0.00,727.00,3503.00,0.00,117.00,3049.00,13087017.19,26118.50
3.96,0.00,0.00,719.00,3511.00,0.00,115.00,3051.00,12985713.69,25571.86
3.97,0.00,0.00,716.00,3514.00,0.00,113.00,3053.00,12889048.74,25042.78
3.97,0.00,0.00,708.00,3522.00,0.00,111.00,3055.00,12789092.00,24529.72
3.98,0.00,0.00,705.00,3525.00,0.00,111.00,3055.00,12693652.18,24061.33
3.99,0.00,0.00,701.00,3529.00,0.00,109.00,3057.00,12600819.19,23603.69
3.99,0.00,0.00,696.00,3534.00,0.00,108.00,3058.00,12508855.41,23170.87
4.00,0.00,0.00,695.00,3535.00,0.00,106.00,3060.00,12423691.58,22745.69
4.01,0.00,0.00,690.00,3540.00,0.00,103.00,3063.00,12338704.59,22312.47
4.01,0.00,0.00,686.00,3544.00,0.00,101.00,3065.00,12255380.78,21886.92
4.02,0.00,0.00,682.00,3548.00,0.00,100.00,3066.00,12173570.03,21483.41
4.03,0.00,0.00,680.00,3550.00,0.00,99.00,3067.00,12096140.32,21100.01
4.03,0.00,0.00,672.00,3558.00,0.00,98.00,3068.00,12013682.29,20734.97
4.04,0.00,0.00,669.00,3561.00,0.00,95.00,3071.00,11934161.46,20356.65
4.05,0.00,0.00,661.00,3569.00,0.00,93.00,3073.00,11849801.07,19981.22
4.06,0.00,0.00,654.00,3576.00,0.00,92.00,3074.00,11762540.36,19623.46
4.06,0.00,0.00,645.00,3585.00,0.00,90.00,3076.00,11669636.56,19266.81
4.07,0.00,0.00,640.00,3590.00,0.00,89.00,3077.00,11577608.32,18926.19
4.08,0.00,0.00,630.00,3600.00,0.00,88.00,3078.00,11478865.08,18600.21
4.08,0.00,0.00,623.00,3607.00,0.00,82.00,3084.00,11378519.93,18212.47
4.09,0.00,0.00,620.00,3610.00,0.00,80.00,3086.00,11282726.77,17828.45
4.10,0.00,0.00,619.00,3611.00,0.00,77.00,3089.00,11194079.33,17432.80
4.10,0.00,0.00,615.00,3615.00,0.00,75.00,3091.00,11107425.50,17041.56
4.11,0.00,0.00,610.00,3620.00,0.00,72.00,3094.00,11021083.02,16639.31
4.12,0.00,0.00,604.00,3626.00,0.00,72.00,3094.00,10933521.50,16272.09
4.12,0.00,0.00,598.00,3632.00,0.00,71.00,3095.00,10844850.94,15921.82
4.13,0.00,0.00,592.00,3638.00,0.00,71.00,3095.00,10755171.47,15602.06
4.14,0.00,0.00,588.00,3642.00,0.00,69.00,3097.00,10667578.81,15280.09
4.15,0.00,0.00,581.00,3649.00,0.00,66.00,3100.00,10577377.66,14941.08
4.15,0.00,0.00,576.00,3654.00,0.00,65.00,3101.00,10487808.08,14616.58
4.16,0.00,0.00,573.00,3657.00,0.00,62.00,3104.00,10401817.70,14275.26
4.17,0.00,0.00,570.00,3660.00,0.00,60.00,3106.00,10319083.42,13933.61
4.17,0.00,0.00,565.00,3665.00,0.00,58.00,3108.00,10236306.63,13591.67
4.18,0.00,0.00,562.00,3668.00,0.00,54.00,3112.00,10156495.80,13219.41
4.19,0.00,0.00,557.00,3673.00,0.00,53.00,3113.00,10076378.55,12864.54
4.19,0.00,0.00,550.00,3680.00,0.00,52.00,3114.00,9992977.89,12525.55
4.20,0.00,0.00,539.00,3691.00,0.00,52.00,3114.00,9900581.07,12216.08
4.21,0.00,0.00,535.00,3695.00,0.00,51.00,3115.00,9810516.32,11918.53
4.22,0.00,0.00,532.00,3698.00,0.00,49.00,3117.00,9724075.51,11616.84
4.22,0.00,0.00,525.00,3705.00,0.00,48.00,3118.00,9634922.17,11326.40
4.23,0.00,0.00,522.00,3708.00,0.00,47.00,3119.00,9549310.46,11046.23
4.24,0.00,0.00,519.00,3711.00,0.00,45.00,3121.00,9466920.65,10760.41
4.24,0.00,0.00,514.00,3716.00,0.00,44.00,3122.00,9384457.24,10484.45
4.25,0.00,0.00,508.00,3722.00,0.00,43.00,3123.00,9300424.56,10217.50
4.26,0.00,0.00,503.00,3727.00,0.00,43.00,3123.00,9216466.59,9973.80
4.26,0.00,0.00,497.00,3733.00,0.00,43.00,3123.00,9131074.28,9751.31
4.27,0.00,0.00,490.00,3740.00,0.00,42.00,3124.00,9042874.85,9533.18
4.28,0.00,0.00,480.00,3750.00,0.00,40.00,3126.00,8947614.67,9303.99
4.28,0.00,0.00,477.00,3753.00,0.00,39.00,3127.00,8856447.43,9079.74
4.29,0.00,0.00,469.00,3761.00,0.00,38.00,3128.00,8761492.12,8859.99
4.30,0.00,0.00,466.00,3764.00,0.00,38.00,3128.00,8670602.20,8659.38
4.31,0.00,0.00,463.00,3767.00,0.00,37.00,3129.00,8583410.64,8461.21
4.31,0.00,0.00,454.00,3776.00,0.00,36.00,3130.00,8490569.75,8265.27
4.32,0.00,0.00,451.00,3779.00,0.00,35.00,3131.00,8401603.41,8071.37
4.33,0.00,0.00,448.00,3782.00,0.00,33.00,3133.00,8316161.79,7864.31
4.33,0.00,0.00,442.00,3788.00,0.00,29.00,3137.00,8229419.76,7615.19
4.34,0.00,0.00,435.00,3795.00,0.00,29.00,3137.00,8139992.42,7387.76
4.35,0.00,0.00,433.00,3797.00,0.00,29.00,3137.00,8055633.78,7180.13
4.35,0.00,0.00,429.00,3801.00,0.00,28.00,3138.00,7972881.56,6975.56
4.36,0.00,0.00,426.00,3804.00,0.00,28.00,3138.00,7893093.12,6788.81
4.37,0.00,0.00,425.00,3805.00,0.00,28.00,3138.00,7819005.47,6618.31
4.38,0.00,0.00,418.00,3812.00,0.00,27.00,3139.00,7741090.12,6447.64
4.38,0.00,0.00,411.00,3819.00,0.00,27.00,3139.00,7659692.57,6291.83
4.39,0.00,0.00,407.00,3823.00,0.00,26.00,3140.00,7579634.16,6134.56
4.40,0.00,0.00,405.00,3825.00,0.00,26.00,3140.00,7503798.63,5990.99
4.40,0.00,0.00,400.00,3830.00,0.00,25.00,3141.00,7427297.79,5844.90
4.41,0.00,0.00,395.00,3835.00,0.00,25.00,3141.00,7350191.70,5711.52
4.42,0.00,0.00,388.00,3842.00,0.00,24.00,3142.00,7269530.40,5574.74
4.42,0.00,0.00,382.00,3848.00,0.00,24.00,3142.00,7187137.13,5449.87
4.43,0.00,0.00,372.00,3858.00,0.00,24.00,3142.00,7097159.03,5335.87
4.44,0.00,0.00,369.00,3861.00,0.00,24.00,3142.00,7010796.96,5231.80
4.44,0.00,0.00,366.00,3864.00,0.00,23.00,3143.00,6927724.55,5121.77
4.45,0.00,0.00,363.00,3867.00,0.00,22.00,3144.00,6847644.80,5006.29
4.46,0.00,0.00,357.00,3873.00,0.00,22.00,3144.00,6765780.60,4900.87
4.47,0.00,0.00,354.00,3876.00,0.00,21.00,3145.00,6686799.99,4789.61
4.47,0.00,0.00,348.00,3882.00,0.00,20.00,3146.00,6605935.69,4673.01
4.48,0.00,0.00,344.00,3886.00,0.00,20.00,3146.00,6526362.36,4566.57
4.49,0.00,0.00,338.00,3892.00,0.00,20.00,3146.00,6444958.88,4469.39
4.49,0.00,0.00,332.00,3898.00,0.00,19.00,3147.00,6361890.43,4365.65
4.50,0.00,0.00,321.00,3909.00,0.00,18.00,3148.00,6269795.74,4255.93
4.51,0.00,0.00,317.00,3913.00,0.00,17.00,3149.00,6180005.93,4140.73
4.51,0.00,0.00,313.00,3917.00,0.00,15.00,3151.00,6092312.90,4005.52
4.52,0.00,0.00,311.00,3919.00,0.00,15.00,3151.00,6009531.94,3882.08
4.53,0.00,0.00,309.00,3921.00,0.00,15.00,3151.00,5931219.68,3769.39
4.53,0.00,0.00,307.00,3923.00,0.00,15.00,3151.00,5856972.62,3666.51
4.54,0.00,0.00,305.00,3925.00,0.00,15.00,3151.00,5786423.80,3572.60
4.55,0.00,0.00,305.00,3925.00,0.00,14.00,3152.00,5722243.97,3471.83
4.56,0.00,0.00,298.00,3932.00,0.00,13.00,3153.00,5653341.96,3364.82
4.56,0.00,0.00,292.00,3938.00,0.00,11.00,3155.00,5581646.38,3237.08
4.57,0.00,0.00,284.00,3946.00,0.00,11.00,3155.00,5504404.83,3120.46
4.58,0.00,0.00,278.00,3952.00,0.00,11.00,3155.00,5425122.59,3014.00
4.58,0.00,0.00,273.00,3957.00,0.00,11.00,3155.00,5345486.20,2916.81
4.59,0.00,0.00,269.00,3961.00,0.00,11.00,3155.00,5267029.94,2828.08
4.60,0.00,0.00,264.00,3966.00,0.00,11.00,3155.00,5188144.99,2747.07
4.60,0.00,0.00,263.00,3967.00,0.00,11.00,3155.00,5114879.27,2673.12
4.61,0.00,0.00,261.00,3969.00,0.00,10.00,3156.00,5045223.20,2590.59
4.62,0.00,0.00,259.00,3971.00,0.00,10.00,3156.00,4978850.89,2515.24
4.62,0.00,0.00,255.00,3975.00,0.00,9.00,3157.00,4912461.29,2431.43
4.63,0.00,0.00,253.00,3977.00,0.00,9.00,3157.00,4849060.53,2354.92
4.64,0.00,0.00,251.00,3979.00,0.00,9.00,3157.00,4788378.85,2285.07
4.65,0.00,0.00,249.00,3981.00,0.00,9.00,3157.00,4730170.74,2221.31
4.65,0.00,0.00,244.00,3986.00,0.00,8.00,3158.00,4669706.00,2148.07
4.66,0.00,0.00,239.00,3991.00,0.00,8.00,3158.00,4607188.27,2081.21
4.67,0.00,0.00,234.00,3996.00,0.00,8.00,3158.00,4542802.95,2020.17
4.67,0.00,0.00,226.00,4004.00,0.00,8.00,3158.00,4472211.68,1964.45
4.68,0.00,0.00,217.00,4013.00,0.00,7.00,3159.00,4394472.41,1898.55
4.69,0.00,0.00,215.00,4015.00,0.00,6.00,3160.00,4320746.65,1823.37
4.69,0.00,0.00,213.00,4017.00,0.00,6.00,3160.00,4250672.03,1754.74
4.70,0.00,0.00,211.00,4019.00,0.00,6.00,3160.00,4183919.01,1692.08
4.71,0.00,0.00,209.00,4021.00,0.00,5.00,3161.00,4120187.63,1619.86
4.72,0.00,0.00,206.00,4024.00,0.00,5.00,3161.00,4057702.87,1553.92
4.72,0.00,0.00,201.00,4029.00,0.00,4.00,3162.00,3993347.52,1478.71
4.73,0.00,0.00,200.00,4030.00,0.00,4.00,3162.00,3933299.72,1410.04
4.74,0.00,0.00,197.00,4033.00,0.00,4.00,3162.00,3874165.95,1347.35
4.74,0.00,0.00,196.00,4034.00,0.00,4.00,3162.00,3818868.33,1290.12
4.75,0.00,0.00,193.00,4037.00,0.00,4.00,3162.00,3764055.90,1237.87
4.76,0.00,0.00,192.00,4038.00,0.00,3.00,3163.00,3712689.53,1175.15
4.76,0.00,0.00,189.00,4041.00,0.00,3.00,3163.00,3661453.46,1117.90
4.77,0.00,0.00,186.00,4044.00,0.00,3.00,3163.00,3610335.91,1065.62
4.78,0.00,0.00,183.00,4047.00,0.00,3.00,3163.00,3559326.22,1017.90
4.78,0.00,0.00,179.00,4051.00,0.00,3.00,3163.00,3506912.31,974.34
4.79,0.00,0.00,173.00,4057.00,0.00,3.00,3163.00,3450216.31,934.56
4.80,0.00,0.00,167.00,4063.00,0.00,2.00,3164.00,3389624.84,883.23
4.81,0.00,0.00,163.00,4067.00,0.00,2.00,3164.00,3328494.18,836.37
4.81,0.00,0.00,158.00,4072.00,0.00,2.00,3164.00,3265370.67,793.59
4.82,0.00,0.00,153.00,4077.00,0.00,2.00,3164.00,3200434.26,754.53
4.83,0.00,0.00,152.00,4078.00,0.00,2.00,3164.00,3139857.86,718.88
4.83,0.00,0.00,150.00,4080.00,0.00,2.00,3164.00,3081745.50,686.33
4.84,0.00,0.00,147.00,4083.00,0.00,2.00,3164.00,3024372.49,656.61
4.85,0.00,0.00,146.00,4084.00,0.00,2.00,3164.00,2970676.66,629.48
4.85,0.00,0.00,146.00,4084.00,0.00,2.00,3164.00,2921828.36,604.71
4.86,0.00,0.00,143.00,4087.00,0.00,2.00,3164.00,2872883.04,582.10
4.87,0.00,0.00,142.00,4088.00,0.00,2.00,3164.00,2826854.10,561.46
4.88,0.00,0.00,139.00,4091.00,0.00,2.00,3164.00,2780473.60,542.62
4.88,0.00,0.00,134.00,4096.00,0.00,2.00,3164.00,2730768.65,525.42
4.89,0.00,0.00,132.00,4098.00,0.00,2.00,3164.00,2682546.34,509.71
4.90,0.00,0.00,130.00,4100.00,0.00,2.00,3164.00,2635672.79,495.37
4.90,0.00,0.00,127.00,4103.00,0.00,2.00,3164.00,2588523.95,482.29
4.91,0.00,0.00,125.00,4105.00,0.00,2.00,3164.00,2542626.98,470.34
4.92,0.00,0.00,123.00,4107.00,0.00,2.00,3164.00,2497868.85,459.43
4.92,0.00,0.00,119.00,4111.00,0.00,2.00,3164.00,2451142.13,449.47
4.93,0.00,0.00,116.00,4114.00,0.00,2.00,3164.00,2404126.84,440.38
4.94,0.00,0.00,115.00,4115.00,0.00,2.00,3164.00,2359853.70,432.08
4.94,0.00,0.00,111.00,4119.00,0.00,1.00,3165.00,2313568.18,409.48
4.95,0.00,0.00,106.00,4124.00,0.00,1.00,3165.00,2263949.63,388.84
4.96,0.00,0.00,106.00,4124.00,0.00,1.00,3165.00,2218810.54,370.01
4.97,0.00,0.00,100.00,4130.00,0.00,1.00,3165.00,2168732.64,352.81
4.97,0.00,0.00,99.00,4131.00,0.00,1.00,3165.00,2121673.33,337.11
4.98,0.00,0.00,97.00,4133.00,0.00,1.00,3165.00,2075857.81,322.78
4.99,0.00,0.00,96.00,4134.00,0.00,1.00,3165.00,2032676.09,309.70
4.99,0.00,0.00,91.00,4139.00,0.00,1.00,3165.00,1985881.16,297.75
5.00,0.00,0.00,89.00,4141.00,0.00,1.00,3165.00,1940306.14,286.85
5.01,0.00,0.00,86.00,4144.00,0.00,1.00,3165.00,1894338.59,276.90
5.01,0.00,0.00,85.00,4145.00,0.00,1.00,3165.00,1851018.58,267.81
5.02,0.00,0.00,83.00,4147.00,0.00,1.00,3165.00,1808604.77,259.51
5.03,0.00,0.00,80.00,4150.00,0.00,1.00,3165.00,1765513.06,251.94
5.03,0.00,0.00,77.00,4153.00,0.00,1.00,3165.00,1721804.61,245.02
5.04,0.00,0.00,77.00,4153.00,0.00,1.00,3165.00,1682042.09,238.71
5.05,0.00,0.00,77.00,4153.00,0.00,1.00,3165.00,1645869.22,232.95
5.06,0.00,0.00,76.00,4154.00,0.00,1.00,3165.00,1611459.64,227.69
5.06,0.00,0.00,72.00,4158.00,0.00,1.00,3165.00,1574147.25,222.88
5.07,0.00,0.00,70.00,4160.00,0.00,1.00,3165.00,1537198.68,218.50
5.08,0.00,0.00,69.00,4161.00,0.00,1.00,3165.00,1502083.45,214.50
5.08,0.00,0.00,66.00,4164.00,0.00,1.00,3165.00,1465631.40,210.84
5.09,0.00,0.00,63.00,4167.00,0.00,1.00,3165.00,1427963.22,207.51
5.10,0.00,0.00,59.00,4171.00,0.00,1.00,3165.00,1387686.38,204.46
5.10,0.00,0.00,58.00,4172.00,0.00,1.00,3165.00,1349543.33,201.68
5.11,0.00,0.00,57.00,4173.00,0.00,1.00,3165.00,1313341.44,199.14
5.12,0.00,0.00,56.00,4174.00,0.00,1.00,3165.00,1278905.46,196.82
5.12,0.00,0.00,56.00,4174.00,0.00,1.00,3165.00,1247578.30,194.71
5.13,0.00,0.00,56.00,4174.00,0.00,1.00,3165.00,1219079.26,192.78
5.14,0.00,0.00,56.00,4174.00,0.00,1.00,3165.00,1193153.06,191.01
5.15,0.00,0.00,55.00,4175.00,0.00,1.00,3165.00,1168065.11,189.40
5.15,0.00,0.00,54.00,4176.00,0.00,0.00,3166.00,1143739.73,172.91
5.16,0.00,0.00,54.00,4176.00,0.00,0.00,3166.00,1121610.40,157.86
5.17,0.00,0.00,52.00,4178.00,0.00,0.00,3166.00,1098474.21,144.11
5.17,0.00,0.00,51.00,4179.00,0.00,0.00,3166.00,1075924.40,131.56
5.18,0.00,0.00,51.00,4179.00,0.00,0.00,3166.00,1055410.34,120.11
5.19,0.00,0.00,50.00,4180.00,0.00,0.00,3166.00,1035245.92,109.65
5.19,0.00,0.00,50.00,4180.00,0.00,0.00,3166.00,1016901.91,100.10
5.20,0.00,0.00,49.00,4181.00,0.00,0.00,3166.00,998711.64,91.38
5.21,0.00,0.00,48.00,4182.00,0.00,0.00,3166.00,980661.23,83.43
5.22,0.00,0.00,46.00,4184.00,0.00,0.00,3166.00,961235.74,76.16
5.22,0.00,0.00,43.00,4187.00,0.00,0.00,3166.00,939057.02,69.53
5.23,0.00,0.00,43.00,4187.00,0.00,0.00,3166.00,918880.52,63.48
5.24,0.00,0.00,42.00,4188.00,0.00,0.00,3166.00,899023.21,57.95
5.24,0.00,0.00,40.00,4190.00,0.00,0.00,3166.00,877953.94,52.90
5.25,0.00,0.00,39.00,4191.00,0.00,0.00,3166.00,857284.45,48.30
5.26,0.00,0.00,37.00,4193.00,0.00,0.00,3166.00,835476.32,44.09
5.26,0.00,0.00,36.00,4194.00,0.00,0.00,3166.00,814134.67,40.25
5.27,0.00,0.00,36.00,4194.00,0.00,0.00,3166.00,794719.70,36.75
5.28,0.00,0.00,36.00,4194.00,0.00,0.00,3166.00,777057.47,33.55
5.28,0.00,0.00,35.00,4195.00,0.00,0.00,3166.00,759487.43,30.63
5.29,0.00,0.00,35.00,4195.00,0.00,0.00,3166.00,743503.57,27.96
5.30,0.00,0.00,34.00,4196.00,0.00,0.00,3166.00,727460.39,25.52
5.31,0.00,0.00,34.00,4196.00,0.00,0.00,3166.00,712865.55,23.30
5.31,0.00,0.00,34.00,4196.00,0.00,0.00,3166.00,699588.30,21.27
5.32,0.00,0.00,34.00,4196.00,0.00,0.00,3166.00,687509.69,19.42
5.33,0.00,0.00,34.00,4196.00,0.00,0.00,3166.00,676521.51,17.73
5.33,0.00,0.00,34.00,4196.00,0.00,0.00,3166.00,666525.32,16.19
5.34,0.00,0.00,34.00,4196.00,0.00,0.00,3166.00,657431.57,14.78
5.35,0.00,0.00,34.00,4196.00,0.00,0.00,3166.00,649158.78,13.49
5.35,0.00,0.00,34.00,4196.00,0.00,0.00,3166.00,641632.83,12.31
5.36,0.00,0.00,34.00,4196.00,0.00,0.00,3166.00,634786.31,11.24
5.37,0.00,0.00,34.00,4196.00,0.00,0.00,3166.00,628557.88,10.26
5.38,0.00,0.00,32.00,4198.00,0.00,0.00,3166.00,619887.12,9.37
5.38,0.00,0.00,32.00,4198.00,0.00,0.00,3166.00,611999.13,8.55
5.39,0.00,0.00,31.00,4199.00,0.00,0.00,3166.00,603320.93,7.81
5.40,0.00,0.00,31.00,4199.00,0.00,0.00,3166.00,595426.18,7.13
5.40,0.00,0.00,31.00,4199.00,0.00,0.00,3166.00,588244.16,6.51
5.41,0.00,0.00,29.00,4201.00,0.00,0.00,3166.00,578705.88,5.94
5.42,0.00,0.00,29.00,4201.00,0.00,0.00,3166.00,570028.70,5.42
5.42,0.00,0.00,28.00,4202.00,0.00,0.00,3166.00,560632.56,4.95
5.43,0.00,0.00,28.00,4202.00,0.00,0.00,3166.00,552084.69,4.52
5.44,0.00,0.00,27.00,4203.00,0.00,0.00,3166.00,542806.17,4.13
5.44,0.00,0.00,27.00,4203.00,0.00,0.00,3166.00,534365.31,3.77
5.45,0.00,0.00,27.00,4203.00,0.00,0.00,3166.00,526686.47,3.44
5.46,0.00,0.00,27.00,4203.00,0.00,0.00,3166.00,519700.86,3.14
5.47,0.00,0.00,25.00,4205.00,0.00,0.00,3166.00,510341.27,2.87
5.47,0.00,0.00,24.00,4206.00,0.00,0.00,3166.00,500324.32,2.62
5.48,0.00,0.00,23.00,4207.00,0.00,0.00,3166.00,489709.37,2.39
5.49,0.00,0.00,22.00,4208.00,0.00,0.00,3166.00,478550.40,2.18
5.49,0.00,0.00,22.00,4208.00,0.00,0.00,3166.00,468398.84,1.99
5.50,0.00,0.00,22.00,4208.00,0.00,0.00,3166.00,459163.74,1.82
5.51,0.00,0.00,21.00,4209.00,0.00,0.00,3166.00,449260.04,1.66
5.51,0.00,0.00,21.00,4209.00,0.00,0.00,3166.00,440250.43,1.52
5.52,0.00,0.00,21.00,4209.00,0.00,0.00,3166.00,432054.19,1.38
5.53,0.00,0.00,20.00,4210.00,0.00,0.00,3166.00,423095.58,1.26
5.53,0.00,0.00,19.00,4211.00,0.00,0.00,3166.00,413443.41,1.15
5.54,0.00,0.00,19.00,4211.00,0.00,0.00,3166.00,404662.62,1.05
5.55,0.00,0.00,18.00,4212.00,0.00,0.00,3166.00,395172.23,0.96
5.56,0.00,0.00,17.00,4213.00,0.00,0.00,3166.00,385036.29,0.88
5.56,0.00,0.00,17.00,4213.00,0.00,0.00,3166.00,375815.41,0.80
5.57,0.00,0.00,17.00,4213.00,0.00,0.00,3166.00,367426.96,0.73
5.58,0.00,0.00,17.00,4213.00,0.00,0.00,3166.00,359795.80,0.67
5.58,0.00,0.00,17.00,4213.00,0.00,0.00,3166.00,352853.57,0.61
5.59,0.00,0.00,17.00,4213.00,0.00,0.00,3166.00,346538.07,0.56
5.60,0.00,0.00,17.00,4213.00,0.00,0.00,3166.00,340792.72,0.51
5.60,0.00,0.00,16.00,4214.00,0.00,0.00,3166.00,334063.73,0.46
5.61,0.00,0.00,16.00,4214.00,0.00,0.00,3166.00,327942.22,0.42
5.62,0.00,0.00,16.00,4214.00,0.00,0.00,3166.00,322373.34,0.39
5.62,0.00,0.00,16.00,4214.00,0.00,0.00,3166.00,317307.22,0.35
5.63,0.00,0.00,16.00,4214.00,0.00,0.00,3166.00,312698.45,0.32
5.64,0.00,0.00,16.00,4214.00,0.00,0.00,3166.00,308505.75,0.29
5.65,0.00,0.00,16.00,4214.00,0.00,0.00,3166.00,304691.56,0.27
5.65,0.00,0.00,15.00,4215.00,0.00,0.00,3166.00,299719.39,0.24
5.66,0.00,0.00,14.00,4216.00,0.00,0.00,3166.00,293693.78,0.22
5.67,0.00,0.00,14.00,4216.00,0.00,0.00,3166.00,288212.15,0.20
5.67,0.00,0.00,14.00,4216.00,0.00,0.00,3166.00,283225.39,0.19
5.68,0.00,0.00,14.00,4216.00,0.00,0.00,3166.00,278688.83,0.17
5.69,0.00,0.00,14.00,4216.00,0.00,0.00,3166.00,274561.81,0.16
5.69,0.00,0.00,14.00,4216.00,0.00,0.00,3166.00,270807.38,0.14
5.70,0.00,0.00,14.00,4216.00,0.00,0.00,3166.00,267391.88,0.13
5.71,0.00,0.00,13.00,4217.00,0.00,0.00,3166.00,262782.42,0.12
5.72,0.00,0.00,13.00,4217.00,0.00,0.00,3166.00,258589.08,0.11
5.72,0.00,0.00,12.00,4218.00,0.00,0.00,3166.00,253272.00,0.10
5.73,0.00,0.00,12.00,4218.00,0.00,0.00,3166.00,248434.94,0.09
5.74,0.00,0.00,12.00,4218.00,0.00,0.00,3166.00,244034.55,0.08
5.74,0.00,0.00,11.00,4219.00,0.00,0.00,3166.00,238529.10,0.07
5.75,0.00,0.00,11.00,4219.00,0.00,0.00,3166.00,233520.68,0.07
5.76,0.00,0.00,11.00,4219.00,0.00,0.00,3166.00,228964.40,0.06
5.76,0.00,0.00,11.00,4219.00,0.00,0.00,3166.00,224819.46,0.06
5.77,0.00,0.00,10.00,4220.00,0.00,0.00,3166.00,219546.40,0.05
5.78,0.00,0.00,10.00,4220.00,0.00,0.00,3166.00,214749.38,0.05
5.78,0.00,0.00,10.00,4220.00,0.00,0.00,3166.00,210385.42,0.04
5.79,0.00,0.00,10.00,4220.00,0.00,0.00,3166.00,206415.43,0.04
5.80,0.00,0.00,9.00,4221.00,0.00,0.00,3166.00,201301.53,0.04
5.81,0.00,0.00,9.00,4221.00,0.00,0.00,3166.00,196649.30,0.03
5.81,0.00,0.00,9.00,4221.00,0.00,0.00,3166.00,192417.06,0.03
5.82,0.00,0.00,9.00,4221.00,0.00,0.00,3166.00,188566.90,0.03
5.83,0.00,0.00,9.00,4221.00,0.00,0.00,3166.00,185064.33,0.03
5.83,0.00,0.00,9.00,4221.00,0.00,0.00,3166.00,181877.96,0.02
5.84,0.00,0.00,9.00,4221.00,0.00,0.00,3166.00,178979.24,0.02
5.85,0.00,0.00,9.00,4221.00,0.00,0.00,3166.00,176342.22,0.02
5.85,0.00,0.00,8.00,4222.00,0.00,0.00,3166.00,172440.95,0.02
5.86,0.00,0.00,8.00,4222.00,0.00,0.00,3166.00,168891.87,0.02
5.87,0.00,0.00,8.00,4222.00,0.00,0.00,3166.00,165663.20,0.01
5.88,0.00,0.00,7.00,4223.00,0.00,0.00,3166.00,161223.69,0.01
5.88,0.00,0.00,7.00,4223.00,0.00,0.00,3166.00,157184.97,0.01
5.89,0.00,0.00,7.00,4223.00,0.00,0.00,3166.00,153510.86,0.01
5.90,0.00,0.00,7.00,4223.00,0.00,0.00,3166.00,150168.44,0.01
5.90,0.00,0.00,7.00,4223.00,0.00,0.00,3166.00,147127.77,0.01
5.91,0.00,0.00,7.00,4223.00,0.00,0.00,3166.00,144361.59,0.01
5.92,0.00,0.00,5.00,4225.00,0.00,0.00,3166.00,138840.52,0.01
5.92,0.00,0.00,5.00,4225.00,0.00,0.00,3166.00,133817.88,0.01
5.93,0.00,0.00,5.00,4225.00,0.00,0.00,3166.00,129248.67,0.01
5.94,0.00,0.00,5.00,4225.00,0.00,0.00,3166.00,125091.95,0.01
5.94,0.00,0.00,5.00,4225.00,0.00,0.00,3166.00,121310.50,0.01
5.95,0.00,0.00,5.00,4225.00,0.00,0.00,3166.00,117870.43,0.00
5.96,0.00,0.00,5.00,4225.00,0.00,0.00,3166.00,114740.92,0.00
5.97,0.00,0.00,4.00,4226.00,0.00,0.00,3166.00,110391.62,0.00
5.97,0.00,0.00,4.00,4226.00,0.00,0.00,3166.00,106434.96,0.00
5.98,0.00,0.00,4.00,4226.00,0.00,0.00,3166.00,102835.51,0.00
5.99,0.00,0.00,4.00,4226.00,0.00,0.00,3166.00,99561.00,0.00
5.99,0.00,0.00,4.00,4226.00,0.00,0.00,3166.00,96582.11,0.00
6.00,0.00,0.00,4.00,4226.00,0.00,0.00,3166.00,93872.15,0.00
6.01,0.00,0.00,4.00,4226.00,0.00,0.00,3166.00,91406.84,0.00
6.01,0.00,0.00,4.00,4226.00,0.00,0.00,3166.00,89164.09,0.00
6.02,0.00,0.00,4.00,4226.00,0.00,0.00,3166.00,87123.81,0.00
6.03,0.00,0.00,4.00,4226.00,0.00,0.00,3166.00,85267.72,0.00
6.03,0.00,0.00,4.00,4226.00,0.00,0.00,3166.00,83579.19,0.00
6.04,0.00,0.00,4.00,4226.00,0.00,0.00,3166.00,82043.11,0.00
6.05,0.00,0.00,3.00,4227.00,0.00,0.00,3166.00,79143.38,0.00
6.06,0.00,0.00,3.00,4227.00,0.00,0.00,3166.00,76505.43,0.00
6.06,0.00,0.00,3.00,4227.00,0.00,0.00,3166.00,74105.63,0.00
6.07,0.00,0.00,3.00,4227.00,0.00,0.00,3166.00,71922.48,0.00
6.08,0.00,0.00,3.00,4227.00,0.00,0.00,3166.00,69936.42,0.00
6.08,0.00,0.00,3.00,4227.00,0.00,0.00,3166.00,68129.66,0.00
6.09,0.00,0.00,3.00,4227.00,0.00,0.00,3166.00,66486.01,0.00
6.10,0.00,0.00,3.00,4227.00,0.00,0.00,3166.00,64990.74,0.00
6.10,0.00,0.00,2.00,4228.00,0.00,0.00,3166.00,62128.15,0.00
6.11,0.00,0.00,2.00,4228.00,0.00,0.00,3166.00,59523.99,0.00
6.12,0.00,0.00,2.00,4228.00,0.00,0.00,3166.00,57154.92,0.00
6.12,0.00,0.00,2.00,4228.00,0.00,0.00,3166.00,54999.73,0.00
6.13,0.00,0.00,2.00,4228.00,0.00,0.00,3166.00,53039.11,0.00
6.14,0.00,0.00,2.00,4228.00,0.00,0.00,3166.00,51255.48,0.00
6.15,0.00,0.00,2.00,4228.00,0.00,0.00,3166.00,49632.88,0.00
6.15,0.00,0.00,2.00,4228.00,0.00,0.00,3166.00,48156.76,0.00
6.16,0.00,0.00,2.00,4228.00,0.00,0.00,3166.00,46813.90,0.00
6.17,0.00,0.00,2.00,4228.00,0.00,0.00,3166.00,45592.28,0.00
6.17,0.00,0.00,2.00,4228.00,0.00,0.00,3166.00,44480.94,0.00
6.18,0.00,0.00,2.00,4228.00,0.00,0.00,3166.00,43469.92,0.00
6.19,0.00,0.00,2.00,4228.00,0.00,0.00,3166.00,42550.18,0.00
6.19,0.00,0.00,2.00,4228.00,0.00,0.00,3166.00,41713.48,0.00
6.20,0.00,0.00,2.00,4228.00,0.00,0.00,3166.00,40952.30,0.00
6.21,0.00,0.00,2.00,4228.00,0.00,0.00,3166.00,40259.85,0.00
6.22,0.00,0.00,2.00,4228.00,0.00,0.00,3166.00,39629.91,0.00
6.22,0.00,0.00,2.00,4228.00,0.00,0.00,3166.00,39056.84,0.00
6.23,0.00,0.00,2.00,4228.00,0.00,0.00,3166.00,38535.50,0.00
6.24,0.00,0.00,1.00,4229.00,0.00,0.00,3166.00,36558.92,0.00
6.24,0.00,0.00,1.00,4229.00,0.00,0.00,3166.00,34760.77,0.00
6.25,0.00,0.00,1.00,4229.00,0.00,0.00,3166.00,33124.96,0.00
6.26,0.00,0.00,1.00,4229.00,0.00,0.00,3166.00,31636.83,0.00
6.26,0.00,0.00,1.00,4229.00,0.00,0.00,3166.00,30283.04,0.00
6.27,0.00,0.00,1.00,4229.00,0.00,0.00,3166.00,29051.47,0.00
6.28,0.00,0.00,1.00,4229.00,0.00,0.00,3166.00,27931.08,0.00
6.28,0.00,0.00,1.00,4229.00,0.00,0.00,3166.00,26911.84,0.00
6.29,0.00,0.00,1.00,4229.00,0.00,0.00,3166.00,25984.61,0.00
6.30,0.00,0.00,1.00,4229.00,0.00,0.00,3166.00,25141.09,0.00
6.31,0.00,0.00,1.00,4229.00,0.00,0.00,3166.00,24373.73,0.00
6.31,0.00,0.00,1.00,4229.00,0.00,0.00,3166.00,23675.63,0.00
6.32,0.00,0.00,1.00,4229.00,0.00,0.00,3166.00,23040.56,0.00
6.33,0.00,0.00,1.00,4229.00,0.00,0.00,3166.00,22462.83,0.00
6.33,0.00,0.00,1.00,4229.00,0.00,0.00,3166.00,21937.25,0.00
6.34,0.00,0.00,1.00,4229.00,0.00,0.00,3166.00,21459.12,0.00
6.35,0.00,0.00,1.00,4229.00,0.00,0.00,3166.00,21024.15,0.00
6.35,0.00,0.00,1.00,4229.00,0.00,0.00,3166.00,20628.45,0.00
6.36,0.00,0.00,1.00,4229.00,0.00,0.00,3166.00,20268.47,0.00
6.37,0.00,0.00,1.00,4229.00,0.00,0.00,3166.00,19940.99,0.00
6.38,0.00,0.00,1.00,4229.00,0.00,0.00,3166.00,19643.08,0.00
6.38,0.00,0.00,1.00,4229.00,0.00,0.00,3166.00,19372.06,0.00
6.39,0.00,0.00,1.00,4229.00,0.00,0.00,3166.00,19125.51,0.00
6.40,0.00,0.00,1.00,4229.00,0.00,0.00,3166.00,18901.21,0.00
6.40,0.00,0.00,1.00,4229.00,0.00,0.00,3166.00,18697.17,0.00
6.41,0.00,0.00,1.00,4229.00,0.00,0.00,3166.00,18511.54,0.00
6.42,0.00,0.00,1.00,4229.00,0.00,0.00,3166.00,18342.68,0.00
6.42,0.00,0.00,1.00,4229.00,0.00,0.00,3166.00,18189.06,0.00
6.43,0.00,0.00,1.00,4229.00,0.00,0.00,3166.00,18049.30,0.00
6.44,0.00,0.00,1.00,4229.00,0.00,0.00,3166.00,17922.17,0.00
6.44,0.00,0.00,1.00,4229.00,0.00,0.00,3166.00,17806.51,0.00
6.45,0.00,0.00,1.00,4229.00,0.00,0.00,3166.00,17701.29,0.00
6.46,0.00,0.00,0.00,4230.00,0.00,0.00,3166.00,16103.26,0.00
6.47,0.00,0.00,0.00,4230.00,0.00,0.00,3166.00,14649.49,0.00
6.47,0.00,0.00,0.00,4230.00,0.00,0.00,3166.00,13326.97,0.00
6.48,0.00,0.00,0.00,4230.00,0.00,0.00,3166.00,12123.84,0.00
6.49,0.00,0.00,0.00,4230.00,0.00,0.00,3166.00,11029.32,0.00
6.49,0.00,0.00,0.00,4230.00,0.00,0.00,3166.00,10033.62,0.00
6.50,0.00,0.00,0.00,4230.00,0.00,0.00,3166.00,9127.81,0.00
6.51,0.00,0.00,0.00,4230.00,0.00,0.00,3166.00,8303.77,0.00
6.51,0.00,0.00,0.00,4230.00,0.00,0.00,3166.00,7554.12,0.00
6.52,0.00,0.00,0.00,4230.00,0.00,0.00,3166.00,6872.15,0.00
6.53,0.00,0.00,0.00,4230.00,0.00,0.00,3166.00,6251.75,0.00
6.53,0.00,0.00,0.00,4230.00,0.00,0.00,3166.00,5687.36,0.00
6.54,0.00,0.00,0.00,4230.00,0.00,0.00,3166.00,5173.92,0.00
6.55,0.00,0.00,0.00,4230.00,0.00,0.00,3166.00,4706.83,0.00
6.56,0.00,0.00,0.00,4230.00,0.00,0.00,3166.00,4281.90,0.00
6.56,0.00,0.00,0.00,4230.00,0.00,0.00,3166.00,3895.34,0.00
6.57,0.00,0.00,0.00,4230.00,0.00,0.00,3166.00,3543.68,0.00
6.58,0.00,0.00,0.00,4230.00,0.00,0.00,3166.00,3223.76,0.00
6.58,0.00,0.00,0.00,4230.00,0.00,0.00,3166.00,2932.73,0.00
6.59,0.00,0.00,0.00,4230.00,0.00,0.00,3166.00,2667.97,0.00
6.60,0.00,0.00,0.00,4230.00,0.00,0.00,3166.00,2427.11,0.00
6.60,0.00,0.00,0.00,4230.00,0.00,0.00,3166.00,2208.00,0.00
6.61,0.00,0.00,0.00,4230.00,0.00,0.00,3166.00,2008.66,0.00
6.62,0.00,0.00,0.00,4230.00,0.00,0.00,3166.00,1827.33,0.00
6.62,0.00,0.00,0.00,4230.00,0.00,0.00,3166.00,1662.36,0.00
6.63,0.00,0.00,0.00,4230.00,0.00,0.00,3166.00,1512.29,0.00
6.64,0.00,0.00,0.00,4230.00,0.00,0.00,3166.00,1375.76,0.00
6.65,0.00,0.00,0.00,4230.00,0.00,0.00,3166.00,1251.56,0.00
6.65,0.00,0.00,0.00,4230.00,0.00,0.00,3166.00,1138.57,0.00
6.66,0.00,0.00,0.00,4230.00,0.00,0.00,3166.00,1035.78,0.00
6.67,0.00,0.00,0.00,4230.00,0.00,0.00,3166.00,942.28,0.00
6.67,0.00,0.00,0.00,4230.00,0.00,0.00,3166.00,857.21,0.00
6.68,0.00,0.00,0.00,4230.00,0.00,0.00,3166.00,779.82,0.00
6.69,0.00,0.00,0.00,4230.00,0.00,0.00,3166.00,709.42,0.00
6.69,0.00,0.00,0.00,4230.00,0.00,0.00,3166.00,645.38,0.00
6.70,0.00,0.00,0.00,4230.00,0.00,0.00,3166.00,587.11,0.00
6.71,0.00,0.00,0.00,4230.00,0.00,0.00,3166.00,534.11,0.00
6.72,0.00,0.00,0.00,4230.00,0.00,0.00,3166.00,485.89,0.00
6.72,0.00,0.00,0.00,4230.00,0.00,0.00,3166.00,442.03,0.00
6.73,0.00,0.00,0.00,4230.00,0.00,0.00,3166.00,402.12,0.00
6.74,0.00,0.00,0.00,4230.00,0.00,0.00,3166.00,365.82,0.00
6.74,0.00,0.00,0.00,4230.00,0.00,0.00,3166.00,332.79,0.00
6.75,0.00,0.00,0.00,4230.00,0.00,0.00,3166.00,302.75,0.00
6.76,0.00,0.00,0.00,4230.00,0.00,0.00,3166.00,275.42,0.00
6.76,0.00,0.00,0.00,4230.00,0.00,0.00,3166.00,250.55,0.00
6.77,0.00,0.00,0.00,4230.00,0.00,0.00,3166.00,227.93,0.00
6.78,0.00,0.00,0.00,4230.00,0.00,0.00,3166.00,207.36,0.00
6.78,0.00,0.00,0.00,4230.00,0.00,0.00,3166.00,188.64,0.00
6.79,0.00,0.00,0.00,4230.00,0.00,0.00,3166.00,171.61,0.00
6.80,0.00,0.00,0.00,4230.00,0.00,0.00,3166.00,156.12,0.00
6.81,0.00,0.00,0.00,4230.00,0.00,0.00,3166.00,142.02,0.00
6.81,0.00,0.00,0.00,4230.00,0.00,0.00,3166.00,129.20,0.00
6.82,0.00,0.00,0.00,4230.00,0.00,0.00,3166.00,117.54,0.00
6.83,0.00,0.00,0.00,4230.00,0.00,0.00,3166.00,106.93,0.00
6.83,0.00,0.00,0.00,4230.00,0.00,0.00,3166.00,97.27,0.00
6.84,0.00,0.00,0.00,4230.00,0.00,0.00,3166.00,88.49,0.00
6.85,0.00,0.00,0.00,4230.00,0.00,0.00,3166.00,80.50,0.00
6.85,0.00,0.00,0.00,4230.00,0.00,0.00,3166.00,73.23,0.00
6.86,0.00,0.00,0.00,4230.00,0.00,0.00,3166.00,66.62,0.00
6.87,0.00,0.00,0.00,4230.00,0.00,0.00,3166.00,60.61,0.00
6.88,0.00,0.00,0.00,4230.00,0.00,0.00,3166.00,55.14,0.00
6.88,0.00,0.00,0.00,4230.00,0.00,0.00,3166.00,50.16,0.00
6.89,0.00,0.00,0.00,4230.00,0.00,0.00,3166.00,45.63,0.00
6.90,0.00,0.00,0.00,4230.00,0.00,0.00,3166.00,41.51,0.00
6.90,0.00,0.00,0.00,4230.00,0.00,0.00,3166.00,37.76,0.00
6.91,0.00,0.00,0.00,4230.00,0.00,0.00,3166.00,34.35,0.00
6.92,0.00,0.00,0.00,4230.00,0.00,0.00,3166.00,31.25,0.00
6.92,0.00,0.00,0.00,4230.00,0.00,0.00,3166.00,28.43,0.00
6.93,0.00,0.00,0.00,4230.00,0.00,0.00,3166.00,25.86,0.00
6.94,0.00,0.00,0.00,4230.00,0.00,0.00,3166.00,23.53,0.00
6.94,0.00,0.00,0.00,4230.00,0.00,0.00,3166.00,21.41,0.00
6.95,0.00,0.00,0.00,4230.00,0.00,0.00,3166.00,19.47,0.00
6.96,0.00,0.00,0.00,4230.00,0.00,0.00,3166.00,17.72,0.00
6.97,0.00,0.00,0.00,4230.00,0.00,0.00,3166.00,16.12,0.00
6.97,0.00,0.00,0.00,4230.00,0.00,0.00,3166.00,14.66,0.00
6.98,0.00,0.00,0.00,4230.00,0.00,0.00,3166.00,13.34,0.00
6.99,0.00,0.00,0.00,4230.00,0.00,0.00,3166.00,12.13,0.00
6.99,0.00,0.00,0.00,4230.00,0.00,0.00,3166.00,11.04,0.00
7.00,0.00,0.00,0.00,4230.00,0.00,0.00,3166.00,10.04,0.00
7.01,0.00,0.00,0.00,4230.00,0.00,0.00,3166.00,9.14,0.00
7.01,0.00,0.00,0.00,4230.00,0.00,0.00,3166.00,8.31,0.00
7.02,0.00,0.00,0.00,4230.00,0.00,0.00,3166.00,7.56,0.00
7.03,0.00,0.00,0.00,4230.00,0.00,0.00,3166.00,6.88,0.00
7.03,0.00,0.00,0.00,4230.00,0.00,0.00,3166.00,6.26,0.00
7.04,0.00,0.00,0.00,4230.00,0.00,0.00,3166.00,5.69,0.00
7.05,0.00,0.00,0.00,4230.00,0.00,0.00,3166.00,5.18,0.00
7.06,0.00,0.00,0.00,4230.00,0.00,0.00,3166.00,4.71,0.00
7.06,0.00,0.00,0.00,4230.00,0.00,0.00,3166.00,4.29,0.00
7.07,0.00,0.00,0.00,4230.00,0.00,0.00,3166.00,3.90,0.00
7.08,0.00,0.00,0.00,4230.00,0.00,0.00,3166.00,3.55,0.00
7.08,0.00,0.00,0.00,4230.00,0.00,0.00,3166.00,3.23,0.00
7.09,0.00,0.00,0.00,4230.00,0.00,0.00,3166.00,2.94,0.00
7.10,0.00,0.00,0.00,4230.00,0.00,0.00,3166.00,2.67,0.00
7.10,0.00,0.00,0.00,4230.00,0.00,0.00,3166.00,2.43,0.00
7.11,0.00,0.00,0.00,4230.00,0.00,0.00,3166.00,2.21,0.00
7.12,0.00,0.00,0.00,4230.00,0.00,0.00,3166.00,2.01,0.00
7.12,0.00,0.00,0.00,4230.00,0.00,0.00,3166.00,1.83,0.00
7.13,0.00,0.00,0.00,4230.00,0.00,0.00,3166.00,1.66,0.00
7.14,0.00,0.00,0.00,4230.00,0.00,0.00,3166.00,1.51,0.00
7.15,0.00,0.00,0.00,4230.00,0.00,0.00,3166.00,1.38,0.00
7.15,0.00,0.00,0.00,4230.00,0.00,0.00,3166.00,1.25,0.00
7.16,0.00,0.00,0.00,4230.00,0.00,0.00,3166.00,1.14,0.00
7.17,0.00,0.00,0.00,4230.00,0.00,0.00,3166.00,1.04,0.00
7.17,0.00,0.00,0.00,4230.00,0.00,0.00,3166.00,0.94,0.00
7.18,0.00,0.00,0.00,4230.00,0.00,0.00,3166.00,0.86,0.00
7.19,0.00,0.00,0.00,4230.00,0.00,0.00,3166.00,0.78,0.00
7.19,0.00,0.00,0.00,4230.00,0.00,0.00,3166.00,0.71,0.00
7.20,0.00,0.00,0.00,4230.00,0.00,0.00,3166.00,0.65,0.00
7.21,0.00,0.00,0.00,4230.00,0.00,0.00,3166.00,0.59,0.00
7.22,0.00,0.00,0.00,4230.00,0.00,0.00,3166.00,0.53,0.00
7.22,0.00,0.00,0.00,4230.00,0.00,0.00,3166.00,0.49,0.00
7.23,0.00,0.00,0.00,4230.00,0.00,0.00,3166.00,0.44,0.00
7.24,0.00,0.00,0.00,4230.00,0.00,0.00,3166.00,0.40,0.00
7.24,0.00,0.00,0.00,4230.00,0.00,0.00,3166.00,0.37,0.00
7.25,0.00,0.00,0.00,4230.00,0.00,0.00,3166.00,0.33,0.00
7.26,0.00,0.00,0.00,4230.00,0.00,0.00,3166.00,0.30,0.00
7.26,0.00,0.00,0.00,4230.00,0.00,0.00,3166.00,0.28,0.00
7.27,0.00,0.00,0.00,4230.00,0.00,0.00,3166.00,0.25,0.00
7.28,0.00,0.00,0.00,4230.00,0.00,0.00,3166.00,0.23,0.00
7.28,0.00,0.00,0.00,4230.00,0.00,0.00,3166.00,0.21,0.00
7.29,0.00,0.00,0.00,4230.00,0.00,0.00,3166.00,0.19,0.00
7.30,0.00,0.00,0.00,4230.00,0.00,0.00,3166.00,0.17,0.00
7.31,0.00,0.00,0.00,4230.00,0.00,0.00,3166.00,0.16,0.00
7.31,0.00,0.00,0.00,4230.00,0.00,0.00,3166.00,0.14,0.00
7.32,0.00,0.00,0.00,4230.00,0.00,0.00,3166.00,0.13,0.00
7.33,0.00,0.00,0.00,4230.00,0.00,0.00,3166.00,0.12,0.00
7.33,0.00,0.00,0.00,4230.00,0.00,0.00,3166.00,0.11,0.00
7.34,0.00,0.00,0.00,4230.00,0.00,0.00,3166.00,0.10,0.00
7.35,0.00,0.00,0.00,4230.00,0.00,0.00,3166.00,0.09,0.00
7.35,0.00,0.00,0.00,4230.00,0.00,0.00,3166.00,0.08,0.00
7.36,0.00,0.00,0.00,4230.00,0.00,0.00,3166.00,0.07,0.00
7.37,0.00,0.00,0.00,4230.00,0.00,0.00,3166.00,0.07,0.00
7.38,0.00,0.00,0.00,4230.00,0.00,0.00,3166.00,0.06,0.00
7.38,0.00,0.00,0.00,4230.00,0.00,0.00,3166.00,0.06,0.00
7.39,0.00,0.00,0.00,4230.00,0.00,0.00,3166.00,0.05,0.00
7.40,0.00,0.00,0.00,4230.00,0.00,0.00,3166.00,0.05,0.00
7.40,0.00,0.00,0.00,4230.00,0.00,0.00,3166.00,0.04,0.00
7.41,0.00,0.00,0.00,4230.00,0.00,0.00,3166.00,0.04,0.00
7.42,0.00,0.00,0.00,4230.00,0.00,0.00,3166.00,0.03,0.00
7.42,0.00,0.00,0.00,4230.00,0.00,0.00,3166.00,0.03,0.00
7.43,0.00,0.00,0.00,4230.00,0.00,0.00,3166.00,0.03,0.00
7.44,0.00,0.00,0.00,4230.00,0.00,0.00,3166.00,0.03,0.00
7.44,0.00,0.00,0.00,4230.00,0.00,0.00,3166.00,0.02,0.00
7.45,0.00,0.00,0.00,4230.00,0.00,0.00,3166.00,0.02,0.00
7.46,0.00,0.00,0.00,4230.00,0.00,0.00,3166.00,0.02,0.00
7.47,0.00,0.00,0.00,4230.00,0.00,0.00,3166.00,0.02,0.00
7.47,0.00,0.00,0.00,4230.00,0.00,0.00,3166.00,0.02,0.00
7.48,0.00,0.00,0.00,4230.00,0.00,0.00,3166.00,0.01,0.00
7.49,0.00,0.00,0.00,4230.00,0.00,0.00,3166.00,0.01,0.00
7.49,0.00,0.00,0.00,4230.00,0.00,0.00,3166.00,0.01,0.00
7.50,0.00,0.00,0.00,4230.00,0.00,0.00,3166.00,0.01,0.00
7.51,0.00,0.00,0.00,4230.00,0.00,0.00,3166.00,0.01,0.00
7.51,0.00,0.00,0.00,4230.00,0.00,0.00,3166.00,0.01,0.00
7.52,0.00,0.00,0.00,4230.00,0.00,0.00,3166.00,0.01,0.00
7.53,0.00,0.00,0.00,4230.00,0.00,0.00,3166.00,0.01,0.00
7.53,0.00,0.00,0.00,4230.00,0.00,0.00,3166.00,0.01,0.00
7.54,0.00,0.00,0.00,4230.00,0.00,0.00,3166.00,0.01,0.00
7.55,0.00,0.00,0.00,4230.00,0.00,0.00,3166.00,0.01,0.00
7.56,0.00,0.00,0.00,4230.00,0.00,0.00,3166.00,0.01,0.00
7.56,0.00,0.00,0.00,4230.00,0.00,0.00,3166.00,0.00,0.00
7.57,0.00,0.00,0.00,4230.00,0.00,0.00,3166.00,0.00,0.00
7.58,0.00,0.00,0.00,4230.00,0.00,0.00,3166.00,0.00,0.00
7.58,0.00,0.00,0.00,4230.00,0.00,0.00,3166.00,0.00,0.00
7.59,0.00,0.00,0.00,4230.00,0.00,0.00,3166.00,0.00,0.00
7.60,0.00,0.00,0.00,4230.00,0.00,0.00,3166.00,0.00,0.00
7.60,0.00,0.00,0.00,4230.00,0.00,0.00,3166.00,0.00,0.00
7.61,0.00,0.00,0.00,4230.00,0.00,0.00,3166.00,0.00,0.00
7.62,0.00,0.00,0.00,4230.00,0.00,0.00,3166.00,0.00,0.00
7.62,0.00,0.00,0.00,4230.00,0.00,0.00,3166.00,0.00,0.00
7.63,0.00,0.00,0.00,4230.00,0.00,0.00,3166.00,0.00,0.00
7.64,0.00,0.00,0.00,4230.00,0.00,0.00,3166.00,0.00,0.00
7.65,0.00,0.00,0.00,4230.00,0.00,0.00,3166.00,0.00,0.00
7.65,0.00,0.00,0.00,4230.00,0.00,0.00,3166.00,0.00,0.00
7.66,0.00,0.00,0.00,4230.00,0.00,0.00,3166.00,0.00,0.00
7.67,0.00,0.00,0.00,4230.00,0.00,0.00,3166.00,0.00,0.00
7.67,0.00,0.00,0.00,4230.00,0.00,0.00,3166.00,0.00,0.00
7.68,0.00,0.00,0.00,4230.00,0.00,0.00,3166.00,0.00,0.00
7.69,0.00,0.00,0.00,4230.00,0.00,0.00,3166.00,0.00,0.00
7.69,0.00,0.00,0.00,4230.00,0.00,0.00,3166.00,0.00,0.00
7.70,0.00,0.00,0.00,4230.00,0.00,0.00,3166.00,0.00,0.00
7.71,0.00,0.00,0.00,4230.00,0.00,0.00,3166.00,0.00,0.00
7.72,0.00,0.00,0.00,4230.00,0.00,0.00,3166.00,0.00,0.00
7.72,0.00,0.00,0.00,4230.00,0.00,0.00,3166.00,0.00,0.00
7.73,0.00,0.00,0.00,4230.00,0.00,0.00,3166.00,0.00,0.00
7.74,0.00,0.00,0.00,4230.00,0.00,0.00,3166.00,0.00,0.00
7.74,0.00,0.00,0.00,4230.00,0.00,0.00,3166.00,0.00,0.00
7.75,0.00,0.00,0.00,4230.00,0.00,0.00,3166.00,0.00,0.00
7.76,0.00,0.00,0.00,4230.00,0.00,0.00,3166.00,0.00,0.00
7.76,0.00,0.00,0.00,4230.00,0.00,0.00,3166.00,0.00,0.00
7.77,0.00,0.00,0.00,4230.00,0.00,0.00,3166.00,0.00,0.00
7.78,0.00,0.00,0.00,4230.00,0.00,0.00,3166.00,0.00,0.00
7.78,0.00,0.00,0.00,4230.00,0.00,0.00,3166.00,0.00,0.00
7.79,0.00,0.00,0.00,4230.00,0.00,0.00,3166.00,0.00,0.00
7.80,0.00,0.00,0.00,4230.00,0.00,0.00,3166.00,0.00,0.00
7.81,0.00,0.00,0.00,4230.00,0.00,0.00,3166.00,0.00,0.00
7.81,0.00,0.00,0.00,4230.00,0.00,0.00,3166.00,0.00,0.00
7.82,0.00,0.00,0.00,4230.00,0.00,0.00,3166.00,0.00,0.00
7.83,0.00,0.00,0.00,4230.00,0.00,0.00,3166.00,0.00,0.00
7.83,0.00,0.00,0.00,4230.00,0.00,0.00,3166.00,0.00,0.00
7.84,0.00,0.00,0.00,4230.00,0.00,0.00,3166.00,0.00,0.00
7.85,0.00,0.00,0.00,4230.00,0.00,0.00,3166.00,0.00,0.00
7.85,0.00,0.00,0.00,4230.00,0.00,0.00,3166.00,0.00,0.00
7.86,0.00,0.00,0.00,4230.00,0.00,0.00,3166.00,0.00,0.00
7.87,0.00,0.00,0.00,4230.00,0.00,0.00,3166.00,0.00,0.00
7.88,0.00,0.00,0.00,4230.00,0.00,0.00,3166.00,0.00,0.00
7.88,0.00,0.00,0.00,4230.00,0.00,0.00,3166.00,0.00,0.00
7.89,0.00,0.00,0.00,4230.00,0.00,0.00,3166.00,0.00,0.00
7.90,0.00,0.00,0.00,4230.00,0.00,0.00,3166.00,0.00,0.00
7.90,0.00,0.00,0.00,4230.00,0.00,0.00,3166.00,0.00,0.00
7.91,0.00,0.00,0.00,4230.00,0.00,0.00,3166.00,0.00,0.00
7.92,0.00,0.00,0.00,4230.00,0.00,0.00,3166.00,0.00,0.00
7.92,0.00,0.00,0.00,4230.00,0.00,0.00,3166.00,0.00,0.00
7.93,0.00,0.00,0.00,4230.00,0.00,0.00,3166.00,0.00,0.00
7.94,0.00,0.00,0.00,4230.00,0.00,0.00,3166.00,0.00,0.00
7.94,0.00,0.00,0.00,4230.00,0.00,0.00,3166.00,0.00,0.00
7.95,0.00,0.00,0.00,4230.00,0.00,0.00,3166.00,0.00,0.00
7.96,0.00,0.00,0.00,4230.00,0.00,0.00,3166.00,0.00,0.00
7.97,0.00,0.00,0.00,4230.00,0.00,0.00,3166.00,0.00,0.00
7.97,0.00,0.00,0.00,4230.00,0.00,0.00,3166.00,0.00,0.00
7.98,0.00,0.00,0.00,4230.00,0.00,0.00,3166.00,0.00,0.00
7.99,0.00,0.00,0.00,4230.00,0.00,0.00,3166.00,0.00,0.00
7.99,0.00,0.00,0.00,4230.00,0.00,0.00,3166.00,0.00,0.00
8.00,0.00,0.00,0.00,4230.00,0.00,0.00,3166.00,0.00,0.00
8.01,0.00,0.00,0.00,4230.00,0.00,0.00,3166.00,0.00,0.00
8.01,0.00,0.00,0.00,4230.00,0.00,0.00,3166.00,0.00,0.00
8.02,0.00,0.00,0.00,4230.00,0.00,0.00,3166.00,0.00,0.00
8.03,0.00,0.00,0.00,4230.00,0.00,0.00,3166.00,0.00,0.00
8.03,0.00,0.00,0.00,4230.00,0.00,0.00,3166.00,0.00,0.00
8.04,0.00,0.00,0.00,4230.00,0.00,0.00,3166.00,0.00,0.00
8.05,0.00,0.00,0.00,4230.00,0.00,0.00,3166.00,0.00,0.00
8.06,0.00,0.00,0.00,4230.00,0.00,0.00,3166.00,0.00,0.00
8.06,0.00,0.00,0.00,4230.00,0.00,0.00,3166.00,0.00,0.00
8.07,0.00,0.00,0.00,4230.00,0.00,0.00,3166.00,0.00,0.00
8.08,0.00,0.00,0.00,4230.00,0.00,0.00,3166.00,0.00,0.00
8.08,0.00,0.00,0.00,4230.00,0.00,0.00,3166.00,0.00,0.00
8.09,0.00,0.00,0.00,4230.00,0.00,0.00,3166.00,0.00,0.00
8.10,0.00,0.00,0.00,4230.00,0.00,0.00,3166.00,0.00,0.00
8.10,0.00,0.00,0.00,4230.00,0.00,0.00,3166.00,0.00,0.00
8.11,0.00,0.00,0.00,4230.00,0.00,0.00,3166.00,0.00,0.00
8.12,0.00,0.00,0.00,4230.00,0.00,0.00,3166.00,0.00,0.00
8.12,0.00,0.00,0.00,4230.00,0.00,0.00,3166.00,0.00,0.00
8.13,0.00,0.00,0.00,4230.00,0.00,0.00,3166.00,0.00,0.00
8.14,0.00,0.00,0.00,4230.00,0.00,0.00,3166.00,0.00,0.00
8.15,0.00,0.00,0.00,4230.00,0.00,0.00,3166.00,0.00,0.00
8.15,0.00,0.00,0.00,4230.00,0.00,0.00,3166.00,0.00,0.00
8.16,0.00,0.00,0.00,4230.00,0.00,0.00,3166.00,0.00,0.00
8.17,0.00,0.00,0.00,4230.00,0.00,0.00,3166.00,0.00,0.00
8.17,0.00,0.00,0.00,4230.00,0.00,0.00,3166.00,0.00,0.00
8.18,0.00,0.00,0.00,4230.00,0.00,0.00,3166.00,0.00,0.00
8.19,0.00,0.00,0.00,4230.00,0.00,0.00,3166.00,0.00,0.00
8.19,0.00,0.00,0.00,4230.00,0.00,0.00,3166.00,0.00,0.00
8.20,0.00,0.00,0.00,4230.00,0.00,0.00,3166.00,0.00,0.00
8.21,0.00,0.00,0.00,4230.00,0.00,0.00,3166.00,0.00,0.00
8.22,0.00,0.00,0.00,4230.00,0.00,0.00,3166.00,0.00,0.00
8.22,0.00,0.00,0.00,4230.00,0.00,0.00,3166.00,0.00,0.00
8.23,0.00,0.00,0.00,4230.00,0.00,0.00,3166.00,0.00,0.00
8.24,0.00,0.00,0.00,4230.00,0.00,0.00,3166.00,0.00,0.00
8.24,0.00,0.00,0.00,4230.00,0.00,0.00,3166.00,0.00,0.00
8.25,0.00,0.00,0.00,4230.00,0.00,0.00,3166.00,0.00,0.00
8.26,0.00,0.00,0.00,4230.00,0.00,0.00,3166.00,0.00,0.00
8.26,0.00,0.00,0.00,4230.00,0.00,0.00,3166.00,0.00,0.00
8.27,0.00,0.00,0.00,4230.00,0.00,0.00,3166.00,0.00,0.00
8.28,0.00,0.00,0.00,4230.00,0.00,0.00,3166.00,0.00,0.00
8.28,0.00,0.00,0.00,4230.00,0.00,0.00,3166.00,0.00,0.00
8.29,0.00,0.00,0.00,4230.00,0.00,0.00,3166.00,0.00,0.00
8.30,0.00,0.00,0.00,4230.00,0.00,0.00,3166.00,0.00,0.00
8.31,0.00,0.00,0.00,4230.00,0.00,0.00,3166.00,0.00,0.00
8.31,0.00,0.00,0.00,4230.00,0.00,0.00,3166.00,0.00,0.00
8.32,0.00,0.00,0.00,4230.00,0.00,0.00,3166.00,0.00,0.00
8.33,0.00,0.00,0.00,4230.00,0.00,0.00,3166.00,0.00,0.00
8.33,0.00,0.00,0.00,4230.00,0.00,0.00,3166.00,0.00,0.00
8.34,0.00,0.00,0.00,4230.00,0.00,0.00,3166.00,0.00,0.00
8.35,0.00,0.00,0.00,4230.00,0.00,0.00,3166.00,0.00,0.00
8.35,0.00,0.00,0.00,4230.00,0.00,0.00,3166.00,0.00,0.00
8.36,0.00,0.00,0.00,4230.00,0.00,0.00,3166.00,0.00,0.00
8.37,0.00,0.00,0.00,4230.00,0.00,0.00,3166.00,0.00,0.00
8.38,0.00,0.00,0.00,4230.00,0.00,0.00,3166.00,0.00,0.00
8.38,0.00,0.00,0.00,4230.00,0.00,0.00,3166.00,0.00,0.00
8.39,0.00,0.00,0.00,4230.00,0.00,0.00,3166.00,0.00,0.00
8.40,0.00,0.00,0.00,4230.00,0.00,0.00,3166.00,0.00,0.00
8.40,0.00,0.00,0.00,4230.00,0.00,0.00,3166.00,0.00,0.00
8.41,0.00,0.00,0.00,4230.00,0.00,0.00,3166.00,0.00,0.00
8.42,0.00,0.00,0.00,4230.00,0.00,0.00,3166.00,0.00,0.00
8.42,0.00,0.00,0.00,4230.00,0.00,0.00,3166.00,0.00,0.00
8.43,0.00,0.00,0.00,4230.00,0.00,0.00,3166.00,0.00,0.00
8.44,0.00,0.00,0.00,4230.00,0.00,0.00,3166.00,0.00,0.00
8.44,0.00,0.00,0.00,4230.00,0.00,0.00,3166.00,0.00,0.00
8.45,0.00,0.00,0.00,4230.00,0.00,0.00,3166.00,0.00,0.00
8.46,0.00,0.00,0.00,4230.00,0.00,0.00,3166.00,0.00,0.00
8.47,0.00,0.00,0.00,4230.00,0.00,0.00,3166.00,0.00,0.00
8.47,0.00,0.00,0.00,4230.00,0.00,0.00,3166.00,0.00,0.00
8.48,0.00,0.00,0.00,4230.00,0.00,0.00,3166.00,0.00,0.00
8.49,0.00,0.00,0.00,4230.00,0.00,0.00,3166.00,0.00,0.00
8.49,0.00,0.00,0.00,4230.00,0.00,0.00,3166.00,0.00,0.00
8.50,0.00,0.00,0.00,4230.00,0.00,0.00,3166.00,0.00,0.00
8.51,0.00,0.00,0.00,4230.00,0.00,0.00,3166.00,0.00,0.00
8.51,0.00,0.00,0.00,4230.00,0.00,0.00,3166.00,0.00,0.00
8.52,0.00,0.00,0.00,4230.00,0.00,0.00,3166.00,0.00,0.00
8.53,0.00,0.00,0.00,4230.00,0.00,0.00,3166.00,0.00,0.00
8.53,0.00,0.00,0.00,4230.00,0.00,0.00,3166.00,0.00,0.00
8.54,0.00,0.00,0.00,4230.00,0.00,0.00,3166.00,0.00,0.00
8.55,0.00,0.00,0.00,4230.00,0.00,0.00,3166.00,0.00,0.00
8.56,0.00,0.00,0.00,4230.00,0.00,0.00,3166.00,0.00,0.00
8.56,0.00,0.00,0.00,4230.00,0.00,0.00,3166.00,0.00,0.00
8.57,0.00,0.00,0.00,4230.00,0.00,0.00,3166.00,0.00,0.00
8.58,0.00,0.00,0.00,4230.00,0.00,0.00,3166.00,0.00,0.00
8.58,0.00,0.00,0.00,4230.00,0.00,0.00,3166.00,0.00,0.00
8.59,0.00,0.00,0.00,4230.00,0.00,0.00,3166.00,0.00,0.00
8.60,0.00,0.00,0.00,4230.00,0.00,0.00,3166.00,0.00,0.00
8.60,0.00,0.00,0.00,4230.00,0.00,0.00,3166.00,0.00,0.00
8.61,0.00,0.00,0.00,4230.00,0.00,0.00,3166.00,0.00,0.00
8.62,0.00,0.00,0.00,4230.00,0.00,0.00,3166.00,0.00,0.00
8.62,0.00,0.00,0.00,4230.00,0.00,0.00,3166.00,0.00,0.00
8.63,0.00,0.00,0.00,4230.00,0.00,0.00,3166.00,0.00,0.00
8.64,0.00,0.00,0.00,4230.00,0.00,0.00,3166.00,0.00,0.00
8.65,0.00,0.00,0.00,4230.00,0.00,0.00,3166.00,0.00,0.00
8.65,0.00,0.00,0.00,4230.00,0.00,0.00,3166.00,0.00,0.00
8.66,0.00,0.00,0.00,4230.00,0.00,0.00,3166.00,0.00,0.00
8.67,0.00,0.00,0.00,4230.00,0.00,0.00,3166.00,0.00,0.00
8.67,0.00,0.00,0.00,4230.00,0.00,0.00,3166.00,0.00,0.00
8.68,0.00,0.00,0.00,4230.00,0.00,0.00,3166.00,0.00,0.00
8.69,0.00,0.00,0.00,4230.00,0.00,0.00,3166.00,0.00,0.00
8.69,0.00,0.00,0.00,4230.00,0.00,0.00,3166.00,0.00,0.00
8.70,0.00,0.00,0.00,4230.00,0.00,0.00,3166.00,0.00,0.00
8.71,0.00,0.00,0.00,4230.00,0.00,0.00,3166.00,0.00,0.00
8.72,0.00,0.00,0.00,4230.00,0.00,0.00,3166.00,0.00,0.00
8.72,0.00,0.00,0.00,4230.00,0.00,0.00,3166.00,0.00,0.00
8.73,0.00,0.00,0.00,4230.00,0.00,0.00,3166.00,0.00,0.00
8.74,0.00,0.00,0.00,4230.00,0.00,0.00,3166.00,0.00,0.00
8.74,0.00,0.00,0.00,4230.00,0.00,0.00,3166.00,0.00,0.00
8.75,0.00,0.00,0.00,4230.00,0.00,0.00,3166.00,0.00,0.00
8.76,0.00,0.00,0.00,4230.00,0.00,0.00,3166.00,0.00,0.00
8.76,0.00,0.00,0.00,4230.00,0.00,0.00,3166.00,0.00,0.00
8.77,0.00,0.00,0.00,4230.00,0.00,0.00,3166.00,0.00,0.00
8.78,0.00,0.00,0.00,4230.00,0.00,0.00,3166.00,0.00,0.00
8.78,0.00,0.00,0.00,4230.00,0.00,0.00,3166.00,0.00,0.00
8.79,0.00,0.00,0.00,4230.00,0.00,0.00,3166.00,0.00,0.00
8.80,0.00,0.00,0.00,4230.00,0.00,0.00,3166.00,0.00,0.00
8.81,0.00,0.00,0.00,4230.00,0.00,0.00,3166.00,0.00,0.00
8.81,0.00,0.00,0.00,4230.00,0.00,0.00,3166.00,0.00,0.00
8.82,0.00,0.00,0.00,4230.00,0.00,0.00,3166.00,0.00,0.00
8.83,0.00,0.00,0.00,4230.00,0.00,0.00,3166.00,0.00,0.00
8.83,0.00,0.00,0.00,4230.00,0.00,0.00,3166.00,0.00,0.00
8.84,0.00,0.00,0.00,4230.00,0.00,0.00,3166.00,0.00,0.00
8.85,0.00,0.00,0.00,4230.00,0.00,0.00,3166.00,0.00,0.00
8.85,0.00,0.00,0.00,4230.00,0.00,0.00,3166.00,0.00,0.00
8.86,0.00,0.00,0.00,4230.00,0.00,0.00,3166.00,0.00,0.00
8.87,0.00,0.00,0.00,4230.00,0.00,0.00,3166.00,0.00,0.00
8.88,0.00,0.00,0.00,4230.00,0.00,0.00,3166.00,0.00,0.00
8.88,0.00,0.00,0.00,4230.00,0.00,0.00,3166.00,0.00,0.00
8.89,0.00,0.00,0.00,4230.00,0.00,0.00,3166.00,0.00,0.00
8.90,0.00,0.00,0.00,4230.00,0.00,0.00,3166.00,0.00,0.00
8.90,0.00,0.00,0.00,4230.00,0.00,0.00,3166.00,0.00,0.00
8.91,0.00,0.00,0.00,4230.00,0.00,0.00,3166.00,0.00,0.00
8.92,0.00,0.00,0.00,4230.00,0.00,0.00,3166.00,0.00,0.00
8.92,0.00,0.00,0.00,4230.00,0.00,0.00,3166.00,0.00,0.00
8.93,0.00,0.00,0.00,4230.00,0.00,0.00,3166.00,0.00,0.00
8.94,0.00,0.00,0.00,4230.00,0.00,0.00,3166.00,0.00,0.00
8.94,0.00,0.00,0.00,4230.00,0.00,0.00,3166.00,0.00,0.00
8.95,0.00,0.00,0.00,4230.00,0.00,0.00,3166.00,0.00,0.00
8.96,0.00,0.00,0.00,4230.00,0.00,0.00,3166.00,0.00,0.00
8.97,0.00,0.00,0.00,4230.00,0.00,0.00,3166.00,0.00,0.00
8.97,0.00,0.00,0.00,4230.00,0.00,0.00,3166.00,0.00,0.00
8.98,0.00,0.00,0.00,4230.00,0.00,0.00,3166.00,0.00,0.00
8.99,0.00,0.00,0.00,4230.00,0.00,0.00,3166.00,0.00,0.00
8.99,0.00,0.00,0.00,4230.00,0.00,0.00,3166.00,0.00,0.00
9.00,0.00,0.00,0.00,4230.00,0.00,0.00,3166.00,0.00,0.00
9.01,0.00,0.00,0.00,4230.00,0.00,0.00,3166.00,0.00,0.00
9.01,0.00,0.00,0.00,4230.00,0.00,0.00,3166.00,0.00,0.00
9.02,0.00,0.00,0.00,4230.00,0.00,0.00,3166.00,0.00,0.00
9.03,0.00,0.00,0.00,4230.00,0.00,0.00,3166.00,0.00,0.00
9.03,0.00,0.00,0.00,4230.00,0.00,0.00,3166.00,0.00,0.00
9.04,0.00,0.00,0.00,4230.00,0.00,0.00,3166.00,0.00,0.00
9.05,0.00,0.00,0.00,4230.00,0.00,0.00,3166.00,0.00,0.00
9.06,0.00,0.00,0.00,4230.00,0.00,0.00,3166.00,0.00,0.00
9.06,0.00,0.00,0.00,4230.00,0.00,0.00,3166.00,0.00,0.00
9.07,0.00,0.00,0.00,4230.00,0.00,0.00,3166.00,0.00,0.00
9.08,0.00,0.00,0.00,4230.00,0.00,0.00,3166.00,0.00,0.00
9.08,0.00,0.00,0.00,4230.00,0.00,0.00,3166.00,0.00,0.00
9.09,0.00,0.00,0.00,4230.00,0.00,0.00,3166.00,0.00,0.00
9.10,0.00,0.00,0.00,4230.00,0.00,0.00,3166.00,0.00,0.00
9.10,0.00,0.00,0.00,4230.00,0.00,0.00,3166.00,0.00,0.00
9.11,0.00,0.00,0.00,4230.00,0.00,0.00,3166.00,0.00,0.00
9.12,0.00,0.00,0.00,4230.00,0.00,0.00,3166.00,0.00,0.00
9.12,0.00,0.00,0.00,4230.00,0.00,0.00,3166.00,0.00,0.00
9.13,0.00,0.00,0.00,4230.00,0.00,0.00,3166.00,0.00,0.00
9.14,0.00,0.00,0.00,4230.00,0.00,0.00,3166.00,0.00,0.00
9.15,0.00,0.00,0.00,4230.00,0.00,0.00,3166.00,0.00,0.00
9.15,0.00,0.00,0.00,4230.00,0.00,0.00,3166.00,0.00,0.00
9.16,0.00,0.00,0.00,4230.00,0.00,0.00,3166.00,0.00,0.00
9.17,0.00,0.00,0.00,4230.00,0.00,0.00,3166.00,0.00,0.00
9.17,0.00,0.00,0.00,4230.00,0.00,0.00,3166.00,0.00,0.00
9.18,0.00,0.00,0.00,4230.00,0.00,0.00,3166.00,0.00,0.00
9.19,0.00,0.00,0.00,4230.00,0.00,0.00,3166.00,0.00,0.00
9.19,0.00,0.00,0.00,4230.00,0.00,0.00,3166.00,0.00,0.00
9.20,0.00,0.00,0.00,4230.00,0.00,0.00,3166.00,0.00,0.00
9.21,0.00,0.00,0.00,4230.00,0.00,0.00,3166.00,0.00,0.00
9.22,0.00,0.00,0.00,4230.00,0.00,0.00,3166.00,0.00,0.00
9.22,0.00,0.00,0.00,4230.00,0.00,0.00,3166.00,0.00,0.00
9.23,0.00,0.00,0.00,4230.00,0.00,0.00,3166.00,0.00,0.00
9.24,0.00,0.00,0.00,4230.00,0.00,0.00,3166.00,0.00,0.00
9.24,0.00,0.00,0.00,4230.00,0.00,0.00,3166.00,0.00,0.00
9.25,0.00,0.00,0.00,4230.00,0.00,0.00,3166.00,0.00,0.00
9.26,0.00,0.00,0.00,4230.00,0.00,0.00,3166.00,0.00,0.00
9.26,0.00,0.00,0.00,4230.00,0.00,0.00,3166.00,0.00,0.00
9.27,0.00,0.00,0.00,4230.00,0.00,0.00,3166.00,0.00,0.00
9.28,0.00,0.00,0.00,4230.00,0.00,0.00,3166.00,0.00,0.00
9.28,0.00,0.00,0.00,4230.00,0.00,0.00,3166.00,0.00,0.00
9.29,0.00,0.00,0.00,4230.00,0.00,0.00,3166.00,0.00,0.00
9.30,0.00,0.00,0.00,4230.00,0.00,0.00,3166.00,0.00,0.00
9.31,0.00,0.00,0.00,4230.00,0.00,0.00,3166.00,0.00,0.00
9.31,0.00,0.00,0.00,4230.00,0.00,0.00,3166.00,0.00,0.00
9.32,0.00,0.00,0.00,4230.00,0.00,0.00,3166.00,0.00,0.00
9.33,0.00,0.00,0.00,4230.00,0.00,0.00,3166.00,0.00,0.00
9.33,0.00,0.00,0.00,4230.00,0.00,0.00,3166.00,0.00,0.00
9.34,0.00,0.00,0.00,4230.00,0.00,0.00,3166.00,0.00,0.00
9.35,0.00,0.00,0.00,4230.00,0.00,0.00,3166.00,0.00,0.00
9.35,0.00,0.00,0.00,4230.00,0.00,0.00,3166.00,0.00,0.00
9.36,0.00,0.00,0.00,4230.00,0.00,0.00,3166.00,0.00,0.00
9.37,0.00,0.00,0.00,4230.00,0.00,0.00,3166.00,0.00,0.00
9.38,0.00,0.00,0.00,4230.00,0.00,0.00,3166.00,0.00,0.00
9.38,0.00,0.00,0.00,4230.00,0.00,0.00,3166.00,0.00,0.00
9.39,0.00,0.00,0.00,4230.00,0.00,0.00,3166.00,0.00,0.00
9.40,0.00,0.00,0.00,4230.00,0.00,0.00,3166.00,0.00,0.00
9.40,0.00,0.00,0.00,4230.00,0.00,0.00,3166.00,0.00,0.00
9.41,0.00,0.00,0.00,4230.00,0.00,0.00,3166.00,0.00,0.00
9.42,0.00,0.00,0.00,4230.00,0.00,0.00,3166.00,0.00,0.00
9.42,0.00,0.00,0.00,4230.00,0.00,0.00,3166.00,0.00,0.00
9.43,0.00,0.00,0.00,4230.00,0.00,0.00,3166.00,0.00,0.00
9.44,0.00,0.00,0.00,4230.00,0.00,0.00,3166.00,0.00,0.00
9.44,0.00,0.00,0.00,4230.00,0.00,0.00,3166.00,0.00,0.00
9.45,0.00,0.00,0.00,4230.00,0.00,0.00,3166.00,0.00,0.00
9.46,0.00,0.00,0.00,4230.00,0.00,0.00,3166.00,0.00,0.00
9.47,0.00,0.00,0.00,4230.00,0.00,0.00,3166.00,0.00,0.00
9.47,0.00,0.00,0.00,4230.00,0.00,0.00,3166.00,0.00,0.00
9.48,0.00,0.00,0.00,4230.00,0.00,0.00,3166.00,0.00,0.00
9.49,0.00,0.00,0.00,4230.00,0.00,0.00,3166.00,0.00,0.00
9.49,0.00,0.00,0.00,4230.00,0.00,0.00,3166.00,0.00,0.00
9.50,0.00,0.00,0.00,4230.00,0.00,0.00,3166.00,0.00,0.00
9.51,0.00,0.00,0.00,4230.00,0.00,0.00,3166.00,0.00,0.00
9.51,0.00,0.00,0.00,4230.00,0.00,0.00,3166.00,0.00,0.00
9.52,0.00,0.00,0.00,4230.00,0.00,0.00,3166.00,0.00,0.00
9.53,0.00,0.00,0.00,4230.00,0.00,0.00,3166.00,0.00,0.00
9.53,0.00,0.00,0.00,4230.00,0.00,0.00,3166.00,0.00,0.00
9.54,0.00,0.00,0.00,4230.00,0.00,0.00,3166.00,0.00,0.00
9.55,0.00,0.00,0.00,4230.00,0.00,0.00,3166.00,0.00,0.00
9.56,0.00,0.00,0.00,4230.00,0.00,0.00,3166.00,0.00,0.00
9.56,0.00,0.00,0.00,4230.00,0.00,0.00,3166.00,0.00,0.00
9.57,0.00,0.00,0.00,4230.00,0.00,0.00,3166.00,0.00,0.00
9.58,0.00,0.00,0.00,4230.00,0.00,0.00,3166.00,0.00,0.00
9.58,0.00,0.00,0.00,4230.00,0.00,0.00,3166.00,0.00,0.00
9.59,0.00,0.00,0.00,4230.00,0.00,0.00,3166.00,0.00,0.00
9.60,0.00,0.00,0.00,4230.00,0.00,0.00,3166.00,0.00,0.00
9.60,0.00,0.00,0.00,4230.00,0.00,0.00,3166.00,0.00,0.00
9.61,0.00,0.00,0.00,4230.00,0.00,0.00,3166.00,0.00,0.00
9.62,0.00,0.00,0.00,4230.00,0.00,0.00,3166.00,0.00,0.00
9.62,0.00,0.00,0.00,4230.00,0.00,0.00,3166.00,0.00,0.00
9.63,0.00,0.00,0.00,4230.00,0.00,0.00,3166.00,0.00,0.00
9.64,0.00,0.00,0.00,4230.00,0.00,0.00,3166.00,0.00,0.00
9.65,0.00,0.00,0.00,4230.00,0.00,0.00,3166.00,0.00,0.00
9.65,0.00,0.00,0.00,4230.00,0.00,0.00,3166.00,0.00,0.00
9.66,0.00,0.00,0.00,4230.00,0.00,0.00,3166.00,0.00,0.00
9.67,0.00,0.00,0.00,4230.00,0.00,0.00,3166.00,0.00,0.00
9.67,0.00,0.00,0.00,4230.00,0.00,0.00,3166.00,0.00,0.00
9.68,0.00,0.00,0.00,4230.00,0.00,0.00,3166.00,0.00,0.00
9.69,0.00,0.00,0.00,4230.00,0.00,0.00,3166.00,0.00,0.00
9.69,0.00,0.00,0.00,4230.00,0.00,0.00,3166.00,0.00,0.00
9.70,0.00,0.00,0.00,4230.00,0.00,0.00,3166.00,0.00,0.00
9.71,0.00,0.00,0.00,4230.00,0.00,0.00,3166.00,0.00,0.00
9.72,0.00,0.00,0.00,4230.00,0.00,0.00,3166.00,0.00,0.00
9.72,0.00,0.00,0.00,4230.00,0.00,0.00,3166.00,0.00,0.00
9.73,0.00,0.00,0.00,4230.00,0.00,0.00,3166.00,0.00,0.00
9.74,0.00,0.00,0.00,4230.00,0.00,0.00,3166.00,0.00,0.00
9.74,0.00,0.00,0.00,4230.00,0.00,0.00,3166.00,0.00,0.00
9.75,0.00,0.00,0.00,4230.00,0.00,0.00,3166.00,0.00,0.00
9.76,0.00,0.00,0.00,4230.00,0.00,0.00,3166.00,0.00,0.00
9.76,0.00,0.00,0.00,4230.00,0.00,0.00,3166.00,0.00,0.00
9.77,0.00,0.00,0.00,4230.00,0.00,0.00,3166.00,0.00,0.00
9.78,0.00,0.00,0.00,4230.00,0.00,0.00,3166.00,0.00,0.00
9.78,0.00,0.00,0.00,4230.00,0.00,0.00,3166.00,0.00,0.00
9.79,0.00,0.00,0.00,4230.00,0.00,0.00,3166.00,0.00,0.00
9.80,0.00,0.00,0.00,4230.00,0.00,0.00,3166.00,0.00,0.00
9.81,0.00,0.00,0.00,4230.00,0.00,0.00,3166.00,0.00,0.00
9.81,0.00,0.00,0.00,4230.00,0.00,0.00,3166.00,0.00,0.00
9.82,0.00,0.00,0.00,4230.00,0.00,0.00,3166.00,0.00,0.00
9.83,0.00,0.00,0.00,4230.00,0.00,0.00,3166.00,0.00,0.00
9.83,0.00,0.00,0.00,4230.00,0.00,0.00,3166.00,0.00,0.00
9.84,0.00,0.00,0.00,4230.00,0.00,0.00,3166.00,0.00,0.00
9.85,0.00,0.00,0.00,4230.00,0.00,0.00,3166.00,0.00,0.00
9.85,0.00,0.00,0.00,4230.00,0.00,0.00,3166.00,0.00,0.00
9.86,0.00,0.00,0.00,4230.00,0.00,0.00,3166.00,0.00,0.00
9.87,0.00,0.00,0.00,4230.00,0.00,0.00,3166.00,0.00,0.00
9.88,0.00,0.00,0.00,4230.00,0.00,0.00,3166.00,0.00,0.00
9.88,0.00,0.00,0.00,4230.00,0.00,0.00,3166.00,0.00,0.00
9.89,0.00,0.00,0.00,4230.00,0.00,0.00,3166.00,0.00,0.00
9.90,0.00,0.00,0.00,4230.00,0.00,0.00,3166.00,0.00,0.00
9.90,0.00,0.00,0.00,4230.00,0.00,0.00,3166.00,0.00,0.00
9.91,0.00,0.00,0.00,4230.00,0.00,0.00,3166.00,0.00,0.00
9.92,0.00,0.00,0.00,4230.00,0.00,0.00,3166.00,0.00,0.00
9.92,0.00,0.00,0.00,4230.00,0.00,0.00,3166.00,0.00,0.00
9.93,0.00,0.00,0.00,4230.00,0.00,0.00,3166.00,0.00,0.00
9.94,0.00,0.00,0.00,4230.00,0.00,0.00,3166.00,0.00,0.00
9.94,0.00,0.00,0.00,4230.00,0.00,0.00,3166.00,0.00,0.00
9.95,0.00,0.00,0.00,4230.00,0.00,0.00,3166.00,0.00,0.00
9.96,0.00,0.00,0.00,4230.00,0.00,0.00,3166.00,0.00,0.00
9.97,0.00,0.00,0.00,4230.00,0.00,0.00,3166.00,0.00,0.00
9.97,0.00,0.00,0.00,4230.00,0.00,0.00,3166.00,0.00,0.00
9.98,0.00,0.00,0.00,4230.00,0.00,0.00,3166.00,0.00,0.00
9.99,0.00,0.00,0.00,4230.00,0.00,0.00,3166.00,0.00,0.00
9.99,0.00,0.00,0.00,4230.00,0.00,0.00,3166.00,0.00,0.00
