Time,U,AI1,AI2,AD,BI2,BI2,BD,VA,VB
0.00,7394.00,0.00,0.00,0.00,2.00,0.00,0.00,75.00,75.00
0.01,7391.00,3.00,0.00,0.00,2.00,0.00,0.00,68.52,68.47
0.01,7388.00,5.00,0.00,0.00,2.00,1.00,0.00,62.61,77.53
0.02,7388.00,5.00,0.00,0.00,2.00,1.00,0.00,57.20,85.80
0.03,7387.00,6.00,0.00,0.00,1.00,2.00,0.00,52.26,108.38
0.03,7384.00,7.00,0.00,0.00,3.00,2.00,0.00,47.75,128.99
0.04,7382.00,8.00,0.00,0.00,4.00,2.00,0.00,43.63,147.80
0.05,7380.00,9.00,1.00,0.00,4.00,2.00,0.00,41.37,164.98
0.06,7378.00,9.00,1.00,0.00,6.00,2.00,0.00,39.30,180.66
0.06,7375.00,9.00,2.00,0.00,8.00,2.00,0.00,38.91,194.97
0.07,7373.00,9.00,2.00,0.00,10.00,2.00,0.00,38.55,208.04
0.08,7370.00,10.00,2.00,0.00,10.00,4.00,0.00,38.23,250.02
0.08,7367.00,10.00,2.00,0.00,13.00,4.00,0.00,37.93,288.34
0.09,7363.00,11.00,2.00,0.00,16.00,4.00,0.00,37.66,323.33
0.10,7362.00,11.00,2.00,0.00,17.00,4.00,0.00,37.42,355.26
0.10,7358.00,10.00,3.00,0.00,20.00,5.00,0.00,38.69,399.45
0.11,7357.00,10.00,3.00,0.00,20.00,6.00,0.00,39.86,454.80
0.12,7353.00,10.00,3.00,0.00,24.00,5.00,1.00,40.93,490.32
0.12,7349.00,10.00,3.00,0.00,28.00,5.00,1.00,41.90,522.74
0.13,7345.00,10.00,3.00,0.00,30.00,7.00,1.00,42.79,582.38
0.14,7340.00,11.00,3.00,0.00,31.00,10.00,1.00,43.60,681.90
0.15,7336.00,11.00,3.00,0.00,32.00,12.00,2.00,44.34,802.80
0.15,7335.00,11.00,3.00,0.00,31.00,13.00,3.00,45.02,928.20
0.16,7330.00,12.00,3.00,0.00,34.00,13.00,4.00,45.64,1042.67
0.17,7318.00,11.00,4.00,0.00,45.00,13.00,5.00,47.71,1147.18
0.17,7313.00,11.00,5.00,0.00,48.00,13.00,6.00,51.10,1242.59
0.18,7310.00,10.00,5.00,1.00,48.00,16.00,6.00,54.20,1374.76
0.19,7304.00,10.00,5.00,1.00,52.00,18.00,6.00,57.04,1525.47
0.19,7301.00,10.00,5.00,1.00,51.00,22.00,6.00,59.62,1723.15
0.20,7294.00,11.00,5.00,1.00,55.00,24.00,6.00,61.99,1933.66
0.21,7281.00,12.00,5.00,1.00,66.00,25.00,6.00,64.15,2140.86
0.22,7267.00,13.00,6.00,1.00,76.00,26.00,7.00,67.62,2345.04
0.22,7256.00,14.00,6.00,1.00,80.00,32.00,7.00,70.80,2621.59
0.23,7241.00,14.00,6.00,1.00,93.00,32.00,9.00,73.70,2874.05
0.24,7231.00,14.00,6.00,1.00,100.00,35.00,9.00,76.35,3149.60
0.24,7217.00,14.00,5.00,3.00,110.00,38.00,9.00,77.27,3446.22
0.25,7203.00,14.00,5.00,3.00,123.00,39.00,9.00,78.11,3732.04
0.26,7194.00,16.00,5.00,3.00,127.00,40.00,11.00,78.88,4008.00
0.26,7183.00,16.00,5.00,3.00,134.00,44.00,11.00,79.58,4320.01
0.27,7164.00,16.00,6.00,3.00,148.00,47.00,12.00,81.72,4649.93
0.28,7149.00,16.00,7.00,3.00,158.00,51.00,12.00,85.18,5011.21
0.28,7136.00,16.00,7.00,3.00,162.00,60.00,12.00,88.35,5476.24
0.29,7123.00,15.00,8.00,3.00,170.00,64.00,13.00,92.74,5960.87
0.30,7116.00,16.00,8.00,3.00,169.00,69.00,15.00,96.75,6478.42
0.31,7099.00,18.00,8.00,3.00,177.00,74.00,17.00,100.42,7026.02
0.31,7080.00,19.00,9.00,3.00,187.00,80.00,18.00,105.27,7616.07
0.32,7057.00,20.00,9.00,3.00,201.00,87.00,19.00,109.70,8259.91
0.33,7040.00,21.00,9.00,3.00,214.00,86.00,23.00,113.75,8832.65
0.33,7019.00,23.00,9.00,3.00,230.00,88.00,24.00,117.45,9385.58
0.34,6999.00,23.00,9.00,3.00,245.00,93.00,24.00,120.83,9965.47
0.35,6987.00,23.00,9.00,3.00,241.00,104.00,29.00,123.92,10660.12
0.35,6971.00,27.00,11.00,3.00,245.00,109.00,30.00,129.75,11369.40
0.36,6946.00,30.00,11.00,3.00,264.00,112.00,30.00,135.07,12061.99
0.37,6925.00,28.00,15.00,3.00,275.00,118.00,32.00,145.94,12784.41
0.38,6907.00,26.00,17.00,3.00,285.00,123.00,35.00,158.88,13519.04
0.38,6884.00,28.00,17.00,3.00,297.00,127.00,40.00,170.71,14249.79
0.39,6858.00,29.00,15.00,6.00,312.00,132.00,44.00,178.50,14992.03
0.40,6829.00,33.00,15.00,7.00,326.00,141.00,45.00,185.63,15804.84
0.40,6805.00,32.00,18.00,7.00,337.00,149.00,48.00,196.64,16667.07
0.41,6781.00,33.00,19.00,7.00,352.00,155.00,49.00,208.21,17544.35
0.42,6759.00,36.00,18.00,8.00,357.00,166.00,52.00,217.27,18510.50
0.42,6739.00,36.00,18.00,9.00,368.00,173.00,53.00,225.56,19497.68
0.43,6707.00,41.00,20.00,9.00,383.00,180.00,56.00,236.13,20504.06
0.44,6683.00,42.00,21.00,9.00,393.00,190.00,58.00,247.29,21573.04
0.44,6657.00,43.00,21.00,10.00,407.00,199.00,59.00,257.49,22684.15
0.45,6633.00,42.00,22.00,11.00,425.00,203.00,60.00,268.31,23758.60
0.46,6598.00,43.00,24.00,11.00,439.00,221.00,60.00,281.20,25009.91
0.47,6576.00,45.00,25.00,11.00,447.00,227.00,65.00,294.48,26242.39
0.47,6539.00,46.00,27.00,11.00,461.00,245.00,67.00,309.62,27637.98
0.48,6512.00,51.00,28.00,11.00,466.00,259.00,69.00,324.96,29122.36
0.49,6479.00,55.00,29.00,11.00,476.00,272.00,74.00,340.47,30672.79
0.49,6442.00,57.00,29.00,12.00,494.00,285.00,77.00,354.64,32283.52
0.50,6419.00,54.00,33.00,12.00,500.00,298.00,80.00,373.60,33949.29
0.51,6382.00,53.00,35.00,13.00,518.00,310.00,85.00,393.93,35650.29
0.51,6346.00,56.00,36.00,14.00,534.00,321.00,89.00,414.00,37368.43
0.52,6303.00,60.00,37.00,14.00,558.00,330.00,94.00,433.84,39072.17
0.53,6273.00,60.00,39.00,16.00,564.00,346.00,98.00,454.98,40867.92
0.53,6236.00,65.00,41.00,16.00,577.00,362.00,99.00,477.29,42747.68
0.54,6203.00,66.00,44.00,16.00,589.00,372.00,106.00,502.19,44613.98
0.55,6158.00,66.00,48.00,18.00,610.00,385.00,111.00,530.94,46513.08
0.56,6120.00,62.00,56.00,19.00,623.00,401.00,115.00,569.23,48487.18
0.56,6086.00,64.00,54.00,22.00,629.00,424.00,117.00,601.21,50634.91
0.57,6055.00,68.00,55.00,22.00,641.00,433.00,122.00,631.94,52730.84
0.58,6013.00,73.00,55.00,23.00,665.00,442.00,125.00,660.00,54779.47
0.58,5966.00,75.00,56.00,24.00,686.00,462.00,127.00,687.15,56950.18
0.59,5928.00,81.00,56.00,26.00,699.00,474.00,132.00,711.96,59112.15
0.60,5886.00,87.00,55.00,28.00,718.00,486.00,136.00,733.12,61266.13
0.60,5842.00,92.00,57.00,29.00,731.00,499.00,146.00,755.46,63427.86
0.61,5788.00,95.00,58.00,32.00,748.00,527.00,148.00,777.37,65822.01
0.62,5744.00,101.00,61.00,32.00,762.00,544.00,152.00,801.90,68263.07
0.62,5693.00,105.00,62.00,32.00,785.00,560.00,159.00,825.81,70731.94
0.63,5638.00,108.00,60.00,35.00,817.00,577.00,161.00,844.65,73241.23
0.64,5591.00,117.00,62.00,36.00,835.00,588.00,167.00,864.87,75697.27
0.65,5533.00,116.00,69.00,37.00,865.00,602.00,174.00,893.86,78149.78
0.65,5491.00,118.00,72.00,37.00,881.00,622.00,175.00,924.86,80689.19
0.66,5438.00,123.00,74.00,37.00,899.00,644.00,181.00,956.18,83337.99
0.67,5404.00,123.00,75.00,40.00,899.00,663.00,192.00,986.31,86041.58
0.67,5356.00,122.00,79.00,42.00,917.00,683.00,197.00,1019.84,88810.22
0.68,5302.00,128.00,78.00,45.00,929.00,715.00,199.00,1048.97,91818.52
0.69,5239.00,128.00,84.00,46.00,960.00,729.00,210.00,1084.60,94775.18
0.69,5179.00,129.00,89.00,46.00,973.00,760.00,220.00,1124.67,97940.11
0.70,5124.00,133.00,88.00,51.00,990.00,788.00,222.00,1159.77,101250.10
0.71,5072.00,133.00,91.00,52.00,1003.00,818.00,227.00,1196.36,104722.56
0.72,5020.00,142.00,95.00,52.00,1018.00,836.00,233.00,1235.79,108163.07
0.72,4947.00,151.00,96.00,52.00,1047.00,863.00,240.00,1273.32,111709.62
0.73,4887.00,156.00,101.00,53.00,1067.00,882.00,250.00,1315.12,115232.79
0.74,4829.00,160.00,102.00,55.00,1093.00,903.00,254.00,1354.82,118764.66
0.74,4769.00,160.00,107.00,56.00,1123.00,922.00,259.00,1398.60,122274.43
0.75,4714.00,168.00,111.00,57.00,1128.00,952.00,266.00,1444.61,125929.27
0.76,4655.00,177.00,114.00,58.00,1152.00,967.00,273.00,1491.15,129491.22
0.76,4600.00,181.00,115.00,60.00,1166.00,993.00,281.00,1535.18,133133.60
0.77,4533.00,187.00,115.00,63.00,1193.00,1016.00,289.00,1575.41,136804.35
0.78,4479.00,192.00,119.00,64.00,1204.00,1035.00,303.00,1618.17,140440.91
0.78,4425.00,197.00,124.00,65.00,1213.00,1064.00,308.00,1664.75,144196.48
0.79,4372.00,202.00,130.00,66.00,1223.00,1092.00,311.00,1716.33,148045.68
0.80,4317.00,207.00,135.00,68.00,1228.00,1117.00,324.00,1770.96,151935.28
0.81,4255.00,222.00,137.00,70.00,1229.00,1153.00,330.00,1823.88,156027.02
0.81,4193.00,227.00,146.00,72.00,1238.00,1182.00,338.00,1885.76,160198.15
0.82,4126.00,237.00,153.00,72.00,1244.00,1216.00,348.00,1952.81,164516.85
0.83,4068.00,243.00,158.00,74.00,1257.00,1241.00,355.00,2021.58,168835.08
0.83,4010.00,242.00,165.00,78.00,1265.00,1273.00,363.00,2094.93,173258.03
0.84,3936.00,253.00,164.00,85.00,1292.00,1299.00,367.00,2160.44,177686.45
0.85,3888.00,256.00,167.00,87.00,1294.00,1334.00,370.00,2224.81,182255.07
0.85,3820.00,270.00,171.00,91.00,1297.00,1371.00,376.00,2289.63,186981.73
0.86,3772.00,281.00,175.00,94.00,1283.00,1406.00,385.00,2354.86,191822.62
0.87,3714.00,295.00,176.00,97.00,1293.00,1427.00,394.00,2415.96,196557.47
0.88,3657.00,298.00,185.00,97.00,1301.00,1454.00,404.00,2485.31,201285.65
0.88,3606.00,305.00,190.00,99.00,1311.00,1472.00,413.00,2556.18,205872.54
0.89,3532.00,309.00,198.00,102.00,1333.00,1503.00,419.00,2632.95,210525.73
0.90,3479.00,310.00,203.00,108.00,1337.00,1535.00,424.00,2710.60,215254.49
0.90,3427.00,318.00,212.00,110.00,1343.00,1555.00,431.00,2795.08,219871.94
0.91,3383.00,323.00,219.00,114.00,1341.00,1581.00,435.00,2882.77,224477.93
0.92,3320.00,331.00,227.00,117.00,1355.00,1603.00,443.00,2974.91,229013.36
0.92,3271.00,334.00,231.00,119.00,1362.00,1629.00,450.00,3065.11,233544.46
0.93,3228.00,336.00,235.00,128.00,1357.00,1654.00,458.00,3153.53,238056.58
0.94,3179.00,335.00,241.00,131.00,1355.00,1690.00,465.00,3243.33,242716.64
0.94,3128.00,344.00,246.00,134.00,1347.00,1726.00,471.00,3332.89,247511.76
0.95,3062.00,363.00,248.00,143.00,1352.00,1751.00,477.00,3417.72,252264.91
0.96,2998.00,376.00,254.00,146.00,1356.00,1787.00,479.00,3504.24,257145.01
0.97,2956.00,371.00,271.00,150.00,1338.00,1826.00,484.00,3608.83,262186.07
0.97,2897.00,382.00,281.00,153.00,1339.00,1856.00,488.00,3719.41,267238.87
0.98,2856.00,378.00,292.00,160.00,1316.00,1903.00,491.00,3836.97,272557.78
0.99,2796.00,389.00,296.00,165.00,1320.00,1933.00,497.00,3950.40,277864.24
0.99,2733.00,411.00,297.00,170.00,1321.00,1956.00,508.00,4055.53,283054.16
1.00,2680.00,417.00,308.00,174.00,1319.00,1982.00,516.00,4168.11,288182.76
1.01,2621.00,428.00,315.00,180.00,1311.00,2018.00,523.00,4281.48,293405.62
1.01,2564.00,435.00,323.00,184.00,1308.00,2052.00,530.00,4397.09,298684.48
1.02,2525.00,426.00,339.00,189.00,1303.00,2077.00,537.00,4526.76,303879.25
1.03,2488.00,423.00,352.00,193.00,1299.00,2098.00,543.00,4664.75,308937.17
1.03,2425.00,436.00,358.00,198.00,1296.00,2133.00,550.00,4799.85,314080.48
1.04,2371.00,443.00,369.00,201.00,1300.00,2155.00,557.00,4939.81,319106.43
1.05,2326.00,450.00,380.00,204.00,1288.00,2179.00,569.00,5084.22,324055.30
1.06,2276.00,463.00,385.00,209.00,1278.00,2212.00,573.00,5223.66,329069.01
1.06,2222.00,478.00,395.00,212.00,1269.00,2238.00,582.00,5366.10,334036.74
1.07,2178.00,478.00,409.00,215.00,1253.00,2278.00,585.00,5517.26,339172.83
1.08,2139.00,481.00,426.00,216.00,1235.00,2304.00,595.00,5680.92,344252.29
1.08,2089.00,491.00,436.00,220.00,1219.00,2335.00,606.00,5845.47,349355.16
1.09,2037.00,511.00,440.00,229.00,1204.00,2365.00,610.00,6001.82,354464.39
1.10,1988.00,516.00,452.00,235.00,1199.00,2383.00,623.00,6162.70,359399.15
1.10,1936.00,520.00,460.00,244.00,1200.00,2408.00,628.00,6321.71,364279.79
1.11,1890.00,530.00,472.00,246.00,1198.00,2422.00,638.00,6485.02,368945.76
1.12,1837.00,554.00,472.00,253.00,1188.00,2451.00,641.00,6634.23,373641.11
1.12,1785.00,565.00,483.00,258.00,1178.00,2480.00,647.00,6787.09,378363.27
1.13,1741.00,578.00,494.00,261.00,1160.00,2508.00,654.00,6943.27,383094.90
1.14,1688.00,588.00,511.00,264.00,1149.00,2532.00,664.00,7111.51,387775.07
1.15,1643.00,597.00,525.00,268.00,1128.00,2563.00,672.00,7286.25,392513.43
1.15,1603.00,606.00,530.00,273.00,1116.00,2590.00,678.00,7453.43,397244.81
1.16,1560.00,600.00,544.00,281.00,1110.00,2615.00,686.00,7627.20,401939.78
1.17,1526.00,606.00,550.00,285.00,1108.00,2626.00,695.00,7794.98,406391.19
1.17,1483.00,608.00,560.00,289.00,1096.00,2661.00,699.00,7963.30,410980.80
1.18,1431.00,619.00,573.00,291.00,1095.00,2681.00,706.00,8136.62,415471.22
1.19,1391.00,626.00,580.00,296.00,1081.00,2709.00,713.00,8305.49,419991.28
1.19,1347.00,616.00,596.00,305.00,1085.00,2728.00,719.00,8483.82,424403.19
1.20,1307.00,624.00,602.00,312.00,1079.00,2743.00,729.00,8655.76,428656.28
1.21,1267.00,635.00,607.00,318.00,1071.00,2759.00,739.00,8820.38,432779.40
1.22,1240.00,634.00,621.00,323.00,1052.00,2780.00,746.00,8991.81,436858.97
1.22,1202.00,636.00,640.00,325.00,1041.00,2798.00,754.00,9176.99,440853.73
1.23,1160.00,647.00,654.00,326.00,1025.00,2821.00,763.00,9367.21,444846.18
1.24,1118.00,654.00,659.00,337.00,1004.00,2857.00,767.00,9548.52,449031.81
1.24,1077.00,661.00,675.00,341.00,993.00,2876.00,773.00,9738.21,453138.41
1.25,1042.00,659.00,695.00,344.00,986.00,2892.00,778.00,9941.58,457127.79
1.26,1008.00,659.00,711.00,348.00,970.00,2914.00,786.00,10151.42,461100.30
1.26,964.00,669.00,720.00,355.00,953.00,2946.00,789.00,10356.67,465207.65
1.27,925.00,674.00,730.00,364.00,944.00,2966.00,793.00,10559.22,469257.80
1.28,899.00,675.00,743.00,367.00,930.00,2982.00,800.00,10763.81,473195.65
1.28,875.00,667.00,759.00,369.00,921.00,2993.00,812.00,10974.78,476955.87
1.29,838.00,668.00,776.00,372.00,914.00,3012.00,816.00,11193.07,480674.10
1.30,801.00,677.00,791.00,377.00,899.00,3025.00,826.00,11415.06,484263.86
1.31,769.00,680.00,802.00,383.00,876.00,3055.00,831.00,11634.40,487991.73
1.31,740.00,676.00,815.00,386.00,868.00,3072.00,839.00,11854.33,491650.39
1.32,703.00,677.00,829.00,391.00,865.00,3085.00,846.00,12076.31,495185.77
1.33,678.00,666.00,853.00,396.00,847.00,3101.00,855.00,12315.18,498653.67
1.33,648.00,674.00,864.00,400.00,827.00,3117.00,866.00,12549.96,502059.97
1.34,617.00,676.00,876.00,406.00,812.00,3131.00,878.00,12782.49,505379.98
1.35,594.00,666.00,893.00,412.00,802.00,3144.00,885.00,13020.49,508606.20
1.35,566.00,684.00,892.00,420.00,779.00,3166.00,889.00,13236.43,511882.01
1.36,544.00,680.00,905.00,427.00,764.00,3182.00,894.00,13453.27,515112.94
1.37,520.00,681.00,908.00,437.00,744.00,3205.00,901.00,13655.89,518408.06
1.38,497.00,668.00,927.00,447.00,727.00,3228.00,902.00,13869.56,521761.80
1.38,474.00,662.00,938.00,453.00,714.00,3244.00,911.00,14081.31,525063.87
1.39,448.00,671.00,938.00,459.00,707.00,3253.00,920.00,14274.77,528213.62
1.40,431.00,655.00,963.00,462.00,689.00,3270.00,926.00,14489.10,531344.49
1.40,413.00,652.00,972.00,468.00,678.00,3278.00,935.00,14698.44,534322.93
1.41,391.00,645.00,991.00,471.00,668.00,3288.00,942.00,14918.25,537192.24
1.42,370.00,651.00,992.00,480.00,650.00,3306.00,947.00,15120.58,540082.12
1.42,352.00,648.00,1005.00,485.00,641.00,3312.00,953.00,15324.98,542810.51
1.43,330.00,643.00,1012.00,495.00,641.00,3318.00,957.00,15522.25,545391.45
1.44,312.00,634.00,1031.00,497.00,631.00,3331.00,960.00,15731.03,547942.96
1.44,288.00,639.00,1041.00,504.00,620.00,3338.00,966.00,15936.80,550377.45
1.45,278.00,631.00,1056.00,506.00,606.00,3347.00,972.00,16147.35,552735.16
1.46,263.00,624.00,1065.00,513.00,602.00,3349.00,980.00,16353.24,554917.63
1.47,255.00,609.00,1080.00,520.00,585.00,3353.00,994.00,16563.89,556970.14
1.47,236.00,609.00,1088.00,524.00,584.00,3352.00,1003.00,16768.37,558828.90
1.48,225.00,596.00,1104.00,532.00,568.00,3362.00,1009.00,16979.24,560676.05
1.49,215.00,582.00,1120.00,537.00,553.00,3375.00,1014.00,17195.94,562557.65
1.49,205.00,578.00,1128.00,542.00,536.00,3386.00,1021.00,17405.94,564440.66
1.50,193.00,566.00,1142.00,549.00,525.00,3398.00,1023.00,17618.85,566339.99
1.51,184.00,559.00,1146.00,559.00,516.00,3403.00,1029.00,17819.39,568149.04
1.51,172.00,550.00,1161.00,565.00,501.00,3412.00,1035.00,18025.15,569935.78
1.52,161.00,539.00,1172.00,572.00,487.00,3419.00,1046.00,18229.66,571672.10
1.53,151.00,528.00,1181.00,581.00,476.00,3424.00,1055.00,18430.05,573332.34
1.53,144.00,521.00,1189.00,585.00,467.00,3428.00,1062.00,18625.15,574908.11
1.54,132.00,511.00,1203.00,590.00,460.00,3431.00,1069.00,18824.44,576391.73
1.55,123.00,509.00,1202.00,598.00,447.00,3443.00,1074.00,19005.02,577926.45
1.56,114.00,501.00,1216.00,601.00,431.00,3453.00,1080.00,19191.05,579477.76
1.56,107.00,495.00,1221.00,605.00,428.00,3455.00,1085.00,19368.52,580924.03
1.57,103.00,490.00,1225.00,610.00,414.00,3465.00,1089.00,19536.68,582394.60
1.58,95.00,486.00,1231.00,615.00,396.00,3481.00,1092.00,19699.34,583977.49
1.58,86.00,483.00,1235.00,620.00,386.00,3487.00,1099.00,19853.97,585512.68
1.59,80.00,481.00,1238.00,625.00,376.00,3490.00,1106.00,19999.75,586959.27
1.60,74.00,471.00,1248.00,630.00,363.00,3490.00,1120.00,20147.97,588279.89
1.60,65.00,468.00,1250.00,639.00,355.00,3492.00,1127.00,20286.39,589515.56
1.61,57.00,460.00,1256.00,647.00,347.00,3489.00,1140.00,20421.88,590598.57
1.62,50.00,451.00,1263.00,656.00,338.00,3491.00,1147.00,20556.19,591617.32
1.62,48.00,435.00,1272.00,664.00,329.00,3494.00,1154.00,20692.43,592592.43
1.63,44.00,430.00,1271.00,673.00,311.00,3504.00,1163.00,20815.40,593632.86
1.64,43.00,418.00,1278.00,679.00,299.00,3509.00,1170.00,20938.27,594657.81
1.65,40.00,409.00,1282.00,686.00,294.00,3509.00,1176.00,21056.54,595593.51
1.65,37.00,397.00,1291.00,692.00,288.00,3507.00,1184.00,21178.12,596417.69
1.66,33.00,392.00,1295.00,697.00,281.00,3507.00,1191.00,21295.21,597170.11
1.67,29.00,385.00,1300.00,703.00,271.00,3509.00,1199.00,21409.71,597887.05
1.67,27.00,374.00,1305.00,710.00,259.00,3515.00,1206.00,21521.83,598631.70
1.68,26.00,366.00,1308.00,716.00,255.00,3513.00,1212.00,21628.78,599281.47
1.69,26.00,360.00,1310.00,720.00,243.00,3521.00,1216.00,21729.50,599994.84
1.69,24.00,350.00,1315.00,726.00,242.00,3521.00,1218.00,21829.04,600646.09
1.70,22.00,340.00,1321.00,732.00,234.00,3523.00,1224.00,21929.00,601270.68
1.71,20.00,333.00,1324.00,738.00,230.00,3523.00,1228.00,22024.83,601840.88
1.72,20.00,325.00,1326.00,744.00,223.00,3521.00,1237.00,22115.40,602331.39
1.72,17.00,318.00,1327.00,751.00,220.00,3518.00,1245.00,22199.64,602734.12
1.73,16.00,317.00,1323.00,757.00,213.00,3518.00,1252.00,22270.61,603101.77
1.74,13.00,306.00,1330.00,763.00,210.00,3514.00,1260.00,22345.97,603377.32
1.74,13.00,298.00,1334.00,767.00,206.00,3510.00,1268.00,22420.82,603568.79
1.75,11.00,295.00,1332.00,774.00,199.00,3510.00,1275.00,22486.21,603743.58
1.76,9.00,291.00,1330.00,782.00,195.00,3509.00,1280.00,22542.96,603888.13
1.76,7.00,283.00,1334.00,787.00,192.00,3509.00,1284.00,22600.81,604020.09
1.77,6.00,272.00,1339.00,794.00,186.00,3505.00,1294.00,22661.18,604080.47
1.78,6.00,264.00,1338.00,803.00,182.00,3502.00,1301.00,22714.83,604090.53
1.78,5.00,259.00,1334.00,813.00,175.00,3506.00,1304.00,22757.84,604159.80
1.79,4.00,253.00,1339.00,815.00,171.00,3503.00,1311.00,22804.65,604177.96
1.80,4.00,248.00,1339.00,820.00,169.00,3500.00,1316.00,22847.42,604149.48
1.81,4.00,242.00,1335.00,830.00,164.00,3502.00,1319.00,22880.49,604153.52
1.81,4.00,236.00,1340.00,831.00,158.00,3498.00,1329.00,22918.22,604097.12
1.82,3.00,229.00,1341.00,838.00,155.00,3489.00,1341.00,22954.19,603910.42
1.83,3.00,220.00,1342.00,846.00,150.00,3485.00,1350.00,22988.55,603679.89
1.83,3.00,210.00,1345.00,853.00,146.00,3476.00,1363.00,23024.46,603334.22
1.84,3.00,204.00,1346.00,858.00,142.00,3472.00,1371.00,23058.77,602958.56
1.85,2.00,194.00,1353.00,862.00,137.00,3472.00,1376.00,23100.63,602615.61
1.85,2.00,190.00,1353.00,866.00,132.00,3469.00,1384.00,23138.88,602257.45
1.86,1.00,185.00,1350.00,874.00,130.00,3468.00,1388.00,23169.32,601915.46
1.87,1.00,179.00,1343.00,887.00,127.00,3461.00,1398.00,23186.62,601498.08
1.88,1.00,174.00,1341.00,894.00,121.00,3457.00,1408.00,23199.41,601056.96
1.88,1.00,172.00,1336.00,901.00,115.00,3454.00,1417.00,23203.59,600609.18
1.89,1.00,170.00,1329.00,910.00,111.00,3448.00,1427.00,23196.90,600110.25
1.90,1.00,165.00,1329.00,915.00,110.00,3441.00,1435.00,23190.78,599549.60
1.90,0.00,164.00,1325.00,921.00,106.00,3443.00,1437.00,23179.18,599067.82
1.91,0.00,161.00,1323.00,926.00,106.00,3430.00,1450.00,23165.58,598432.69
1.92,0.00,155.00,1323.00,932.00,101.00,3426.00,1459.00,23153.15,597792.77
1.92,0.00,148.00,1324.00,938.00,101.00,3421.00,1464.00,23143.30,597133.45
1.93,0.00,145.00,1322.00,943.00,97.00,3421.00,1468.00,23131.29,596531.55
1.94,0.00,141.00,1317.00,952.00,95.00,3417.00,1474.00,23112.81,595921.97
1.94,0.00,135.00,1317.00,958.00,90.00,3413.00,1483.00,23095.92,595305.37
1.95,0.00,130.00,1316.00,964.00,87.00,3412.00,1487.00,23078.99,594727.44
1.96,0.00,122.00,1312.00,976.00,84.00,3410.00,1492.00,23057.52,594169.79
1.97,0.00,122.00,1309.00,979.00,82.00,3404.00,1500.00,23033.38,593570.56
1.97,0.00,116.00,1311.00,983.00,80.00,3401.00,1505.00,23014.34,592978.44
1.98,0.00,114.00,1305.00,991.00,77.00,3395.00,1514.00,22987.93,592347.73
1.99,0.00,112.00,1304.00,994.00,73.00,3389.00,1524.00,22962.29,591681.81
1.99,0.00,108.00,1303.00,999.00,71.00,3388.00,1527.00,22937.37,591058.85
2.00,0.00,102.00,1300.00,1008.00,65.00,3382.00,1539.00,22910.09,590400.00
2.01,0.00,100.00,1299.00,1011.00,64.00,3377.00,1545.00,22883.67,589723.40
2.01,0.00,97.00,1298.00,1015.00,60.00,3376.00,1550.00,22858.02,589090.70
2.02,0.00,93.00,1293.00,1024.00,60.00,3366.00,1560.00,22827.07,588362.85
2.03,0.00,89.00,1288.00,1033.00,59.00,3359.00,1568.00,22791.29,587593.23
2.03,0.00,83.00,1285.00,1042.00,59.00,3354.00,1573.00,22754.09,586815.50
2.04,0.00,82.00,1281.00,1047.00,57.00,3355.00,1574.00,22714.09,586120.52
2.05,0.00,79.00,1274.00,1057.00,51.00,3353.00,1582.00,22667.03,585456.00
2.06,0.00,77.00,1270.00,1063.00,49.00,3353.00,1584.00,22618.02,584849.36
2.06,0.00,73.00,1270.00,1067.00,47.00,3351.00,1588.00,22573.24,584265.48
2.07,0.00,71.00,1265.00,1074.00,46.00,3343.00,1597.00,22524.82,583612.27
2.08,0.00,71.00,1259.00,1080.00,43.00,3339.00,1604.00,22471.56,582955.84
2.08,0.00,66.00,1256.00,1088.00,42.00,3331.00,1613.00,22418.40,582236.39
2.09,0.00,64.00,1255.00,1091.00,42.00,3328.00,1616.00,22368.32,581534.51
2.10,0.00,63.00,1245.00,1102.00,39.00,3324.00,1623.00,22307.54,580833.66
2.10,0.00,63.00,1239.00,1108.00,39.00,3314.00,1633.00,22243.00,580043.60
2.11,0.00,61.00,1234.00,1115.00,39.00,3302.00,1645.00,22176.51,579142.07
2.12,0.00,61.00,1222.00,1127.00,39.00,3297.00,1650.00,22097.74,578243.91
2.12,0.00,58.00,1217.00,1135.00,39.00,3289.00,1658.00,22018.26,577303.78
2.13,0.00,56.00,1215.00,1139.00,38.00,3281.00,1667.00,21942.64,576325.33
2.14,0.00,55.00,1212.00,1143.00,38.00,3275.00,1673.00,21869.03,575341.94
2.15,0.00,53.00,1208.00,1149.00,38.00,3267.00,1681.00,21795.78,574324.00
2.15,0.00,51.00,1204.00,1155.00,36.00,3264.00,1686.00,21722.83,573349.62
2.16,0.00,50.00,1201.00,1159.00,36.00,3259.00,1691.00,21651.68,572384.97
2.17,0.00,49.00,1195.00,1166.00,35.00,3251.00,1700.00,21577.66,571384.14
2.17,0.00,49.00,1191.00,1170.00,34.00,3248.00,1704.00,21504.02,570425.38
2.18,0.00,47.00,1185.00,1178.00,33.00,3240.00,1713.00,21427.72,569429.93
2.19,0.00,44.00,1177.00,1189.00,32.00,3230.00,1724.00,21345.99,568370.92
2.19,0.00,41.00,1174.00,1195.00,32.00,3224.00,1730.00,21266.81,567313.99
2.20,0.00,38.00,1174.00,1198.00,30.00,3216.00,1740.00,21194.47,566228.90
2.21,0.00,37.00,1170.00,1203.00,30.00,3209.00,1747.00,21122.36,565133.14
2.22,0.00,37.00,1163.00,1210.00,28.00,3204.00,1754.00,21045.96,564057.68
2.22,0.00,37.00,1154.00,1219.00,27.00,3197.00,1762.00,20962.64,562970.71
2.23,0.00,37.00,1149.00,1224.00,26.00,3189.00,1771.00,20879.00,561858.19
2.24,0.00,36.00,1145.00,1229.00,25.00,3183.00,1778.00,20796.57,560752.42
2.24,0.00,35.00,1142.00,1233.00,25.00,3170.00,1791.00,20716.75,559547.63
2.25,0.00,34.00,1137.00,1239.00,24.00,3162.00,1800.00,20636.31,558327.56
2.26,0.00,33.00,1133.00,1244.00,24.00,3154.00,1808.00,20556.81,557093.54
2.26,0.00,32.00,1126.00,1252.00,24.00,3148.00,1814.00,20473.65,555876.84
2.27,0.00,31.00,1118.00,1261.00,24.00,3143.00,1819.00,20385.65,554690.97
2.28,0.00,31.00,1110.00,1269.00,23.00,3135.00,1828.00,20293.24,553488.18
2.28,0.00,31.00,1102.00,1277.00,23.00,3119.00,1844.00,20196.78,552149.75
2.29,0.00,31.00,1098.00,1281.00,23.00,3113.00,1850.00,20102.64,550837.73
2.30,0.00,30.00,1097.00,1283.00,22.00,3106.00,1858.00,20015.13,549534.79
2.31,0.00,28.00,1094.00,1288.00,21.00,3102.00,1863.00,19930.66,548285.21
2.31,0.00,26.00,1086.00,1298.00,20.00,3093.00,1873.00,19841.47,547009.23
2.32,0.00,26.00,1081.00,1303.00,19.00,3085.00,1882.00,19752.47,545724.18
2.33,0.00,26.00,1077.00,1307.00,18.00,3075.00,1893.00,19665.14,544400.79
2.33,0.00,24.00,1073.00,1313.00,17.00,3068.00,1901.00,19579.34,543087.47
2.34,0.00,22.00,1069.00,1319.00,16.00,3066.00,1904.00,19494.94,541858.47
2.35,0.00,22.00,1064.00,1324.00,15.00,3054.00,1917.00,19410.32,540556.21
2.35,0.00,21.00,1061.00,1328.00,15.00,3045.00,1926.00,19328.49,539232.13
2.36,0.00,21.00,1057.00,1332.00,15.00,3037.00,1934.00,19247.72,537903.16
2.37,0.00,21.00,1053.00,1336.00,15.00,3026.00,1945.00,19167.91,536524.66
2.38,0.00,21.00,1040.00,1349.00,15.00,3020.00,1951.00,19075.47,535176.06
2.38,0.00,21.00,1034.00,1355.00,15.00,3013.00,1958.00,18981.99,533839.73
2.39,0.00,19.00,1028.00,1363.00,15.00,3007.00,1964.00,18887.57,532529.62
2.40,0.00,18.00,1022.00,1370.00,15.00,2993.00,1978.00,18792.28,531123.26
2.40,0.00,18.00,1018.00,1374.00,15.00,2984.00,1987.00,18699.22,529704.16
2.41,0.00,17.00,1018.00,1375.00,14.00,2977.00,1995.00,18614.18,528303.46
2.42,0.00,17.00,1010.00,1383.00,14.00,2968.00,2004.00,18524.47,526889.53
2.42,0.00,16.00,1006.00,1388.00,14.00,2962.00,2010.00,18436.50,525508.57
2.43,0.00,16.00,1003.00,1391.00,13.00,2951.00,2022.00,18351.61,524082.61
2.44,0.00,15.00,998.00,1397.00,13.00,2944.00,2029.00,18266.54,522675.65
2.44,0.00,15.00,993.00,1402.00,13.00,2934.00,2039.00,18181.31,521240.98
2.45,0.00,14.00,988.00,1408.00,13.00,2930.00,2043.00,18095.92,519871.14
2.46,0.00,13.00,987.00,1410.00,12.00,2928.00,2046.00,18016.40,518590.53
2.47,0.00,13.00,982.00,1415.00,12.00,2921.00,2053.00,17936.24,517316.27
2.47,0.00,13.00,975.00,1422.00,12.00,2911.00,2063.00,17852.48,516002.74
2.48,0.00,13.00,972.00,1425.00,12.00,2900.00,2074.00,17771.44,514638.33
2.49,0.00,11.00,967.00,1432.00,12.00,2896.00,2078.00,17689.89,513332.63
2.49,0.00,11.00,962.00,1437.00,12.00,2891.00,2083.00,17607.87,512065.51
2.50,0.00,11.00,956.00,1443.00,11.00,2885.00,2090.00,17523.91,510818.59
2.51,0.00,11.00,951.00,1448.00,11.00,2877.00,2098.00,17439.69,509560.07
2.51,0.00,11.00,941.00,1458.00,11.00,2871.00,2104.00,17347.72,508320.99
2.52,0.00,10.00,939.00,1461.00,11.00,2868.00,2107.00,17260.69,507144.73
2.53,0.00,10.00,934.00,1466.00,11.00,2860.00,2115.00,17173.66,505950.72
2.53,0.00,10.00,926.00,1474.00,11.00,2850.00,2125.00,17082.12,504710.44
2.54,0.00,8.00,921.00,1481.00,11.00,2841.00,2134.00,16990.97,503442.95
2.55,0.00,8.00,920.00,1482.00,10.00,2835.00,2141.00,16906.19,502195.70
2.56,0.00,8.00,916.00,1486.00,10.00,2827.00,2149.00,16822.73,500936.86
2.56,0.00,8.00,911.00,1491.00,9.00,2821.00,2156.00,16738.95,499697.50
2.57,0.00,8.00,905.00,1497.00,8.00,2814.00,2164.00,16653.40,498460.90
2.58,0.00,8.00,897.00,1505.00,8.00,2804.00,2174.00,16563.21,497181.74
2.58,0.00,7.00,893.00,1510.00,8.00,2796.00,2182.00,16474.80,495893.78
2.59,0.00,6.00,885.00,1519.00,5.00,2790.00,2191.00,16382.00,494627.83
2.60,0.00,6.00,878.00,1526.00,5.00,2787.00,2194.00,16286.70,493427.05
2.60,0.00,6.00,872.00,1532.00,5.00,2781.00,2200.00,16190.61,492240.69
2.61,0.00,6.00,868.00,1536.00,5.00,2775.00,2206.00,16096.81,491067.50
2.62,0.00,6.00,860.00,1544.00,5.00,2771.00,2210.00,15999.09,489936.36
2.62,0.00,5.00,852.00,1553.00,5.00,2761.00,2220.00,15897.79,488753.50
2.63,0.00,5.00,846.00,1559.00,4.00,2754.00,2228.00,15796.22,487568.46
2.64,0.00,5.00,843.00,1562.00,4.00,2748.00,2234.00,15698.91,486396.48
2.65,0.00,5.00,837.00,1568.00,4.00,2740.00,2242.00,15600.99,485206.37
2.65,0.00,5.00,835.00,1570.00,4.00,2731.00,2251.00,15508.52,483984.68
2.66,0.00,5.00,830.00,1575.00,4.00,2726.00,2256.00,15416.52,482794.25
2.67,0.00,5.00,825.00,1580.00,4.00,2719.00,2263.00,15324.95,481602.31
2.67,0.00,5.00,820.00,1585.00,3.00,2710.00,2273.00,15233.77,480378.96
2.68,0.00,5.00,813.00,1592.00,3.00,2701.00,2282.00,15139.95,479126.93
2.69,0.00,5.00,807.00,1598.00,3.00,2693.00,2290.00,15045.22,477863.73
2.69,0.00,5.00,804.00,1601.00,3.00,2682.00,2301.00,14954.16,476545.27
2.70,0.00,5.00,801.00,1604.00,3.00,2675.00,2308.00,14866.45,475236.46
2.71,0.00,5.00,797.00,1608.00,3.00,2668.00,2315.00,14780.31,473936.45
2.72,0.00,5.00,789.00,1616.00,3.00,2661.00,2322.00,14689.58,472644.48
2.72,0.00,5.00,787.00,1618.00,2.00,2655.00,2329.00,14603.68,471374.86
2.73,0.00,5.00,783.00,1622.00,2.00,2649.00,2335.00,14519.19,470125.67
2.74,0.00,5.00,778.00,1627.00,2.00,2643.00,2341.00,14434.48,468895.11
2.74,0.00,5.00,770.00,1635.00,2.00,2638.00,2346.00,14345.07,467696.59
2.75,0.00,4.00,763.00,1643.00,2.00,2634.00,2350.00,14252.86,466542.33
2.76,0.00,4.00,759.00,1647.00,2.00,2629.00,2355.00,14162.60,465413.47
2.76,0.00,4.00,752.00,1654.00,2.00,2620.00,2364.00,14069.62,464247.70
2.77,0.00,4.00,745.00,1661.00,2.00,2613.00,2371.00,13974.15,463078.27
2.78,0.00,4.00,743.00,1663.00,2.00,2608.00,2376.00,13883.92,461935.56
2.78,0.00,4.00,739.00,1667.00,2.00,2597.00,2387.00,13795.47,460727.10
2.79,0.00,4.00,730.00,1676.00,2.00,2589.00,2395.00,13701.13,459503.68
2.80,0.00,4.00,724.00,1682.00,2.00,2581.00,2403.00,13605.92,458266.61
2.81,0.00,4.00,721.00,1685.00,2.00,2575.00,2409.00,13514.43,457047.12
2.81,0.00,3.00,718.00,1689.00,2.00,2567.00,2417.00,13426.33,455813.63
2.82,0.00,2.00,714.00,1694.00,2.00,2559.00,2425.00,13339.83,454567.36
2.83,0.00,2.00,706.00,1702.00,2.00,2551.00,2433.00,13248.77,453309.43
2.83,0.00,2.00,699.00,1709.00,2.00,2547.00,2437.00,13155.06,452100.94
2.84,0.00,2.00,695.00,1713.00,2.00,2542.00,2442.00,13063.43,450922.56
2.85,0.00,2.00,689.00,1719.00,2.00,2534.00,2450.00,12970.70,449726.61
2.85,0.00,2.00,684.00,1724.00,2.00,2527.00,2457.00,12878.47,448529.64
2.86,0.00,2.00,676.00,1732.00,2.00,2520.00,2464.00,12782.17,447331.73
2.87,0.00,2.00,667.00,1741.00,2.00,2516.00,2468.00,12680.67,446178.04
2.88,0.00,2.00,660.00,1748.00,2.00,2507.00,2477.00,12577.42,444989.60
2.88,0.00,2.00,655.00,1753.00,2.00,2501.00,2483.00,12475.57,443814.51
2.89,0.00,2.00,653.00,1755.00,2.00,2488.00,2496.00,12379.51,442546.43
2.90,0.00,2.00,646.00,1762.00,2.00,2484.00,2500.00,12281.22,441328.69
2.90,0.00,2.00,640.00,1768.00,2.00,2475.00,2509.00,12182.41,440081.77
2.91,0.00,2.00,635.00,1773.00,2.00,2470.00,2514.00,12084.62,438868.31
2.92,0.00,1.00,632.00,1777.00,2.00,2455.00,2529.00,11990.76,437535.17
2.92,0.00,1.00,626.00,1783.00,2.00,2445.00,2539.00,11895.99,436167.88
2.93,0.00,1.00,620.00,1789.00,2.00,2435.00,2549.00,11800.39,434769.42
2.94,0.00,1.00,615.00,1794.00,2.00,2431.00,2553.00,11705.53,433432.64
2.94,0.00,0.00,608.00,1802.00,2.00,2427.00,2557.00,11608.35,432152.17
2.95,0.00,0.00,604.00,1806.00,2.00,2421.00,2563.00,11513.54,430893.06
2.96,0.00,0.00,602.00,1808.00,2.00,2413.00,2571.00,11423.92,429623.40
2.97,0.00,0.00,599.00,1811.00,2.00,2410.00,2574.00,11337.53,428419.23
2.97,0.00,0.00,592.00,1818.00,2.00,2404.00,2580.00,11248.08,427229.77
2.98,0.00,0.00,587.00,1823.00,2.00,2396.00,2588.00,11158.84,426023.71
2.99,0.00,0.00,581.00,1829.00,2.00,2391.00,2593.00,11068.29,424847.54
2.99,0.00,0.00,579.00,1831.00,1.00,2385.00,2600.00,10982.55,423683.66
3.00,0.00,0.00,573.00,1837.00,1.00,2381.00,2604.00,10895.21,422561.02
3.01,0.00,0.00,566.00,1844.00,1.00,2377.00,2608.00,10804.88,421476.05
3.01,0.00,0.00,557.00,1853.00,1.00,2375.00,2610.00,10708.84,420455.51
3.02,0.00,0.00,551.00,1859.00,1.00,2367.00,2618.00,10612.07,419403.65
3.03,0.00,0.00,541.00,1869.00,1.00,2364.00,2621.00,10508.63,418398.31
3.03,0.00,0.00,537.00,1873.00,1.00,2359.00,2626.00,10408.12,417405.40
3.04,0.00,0.00,530.00,1880.00,1.00,2351.00,2634.00,10305.76,416378.76
3.05,0.00,0.00,520.00,1890.00,1.00,2348.00,2637.00,10197.22,415396.44
3.06,0.00,0.00,517.00,1893.00,1.00,2339.00,2646.00,10093.55,414364.46
3.06,0.00,0.00,513.00,1897.00,1.00,2334.00,2651.00,9992.81,413347.22
3.07,0.00,0.00,510.00,1900.00,1.00,2327.00,2658.00,9896.27,412313.39
3.08,0.00,0.00,504.00,1906.00,1.00,2327.00,2658.00,9799.04,411369.59
3.08,0.00,0.00,498.00,1912.00,1.00,2322.00,2663.00,9701.20,410432.85
3.09,0.00,0.00,495.00,1915.00,1.00,2308.00,2677.00,9607.30,409367.36
3.10,0.00,0.00,489.00,1921.00,1.00,2301.00,2684.00,9512.49,408289.48
3.10,0.00,0.00,485.00,1925.00,1.00,2293.00,2692.00,9419.85,407185.28
3.11,0.00,0.00,480.00,1930.00,1.00,2287.00,2698.00,9327.70,406087.09
3.12,0.00,0.00,477.00,1933.00,1.00,2274.00,2711.00,9239.00,404889.22
3.12,0.00,0.00,474.00,1936.00,1.00,2268.00,2717.00,9153.46,403705.52
3.13,0.00,0.00,470.00,1940.00,1.00,2260.00,2725.00,9069.28,402504.71
3.14,0.00,0.00,466.00,1944.00,1.00,2251.00,2734.00,8986.37,401273.25
3.15,0.00,0.00,459.00,1951.00,1.00,2249.00,2736.00,8900.10,400118.97
3.15,0.00,0.00,452.00,1958.00,1.00,2245.00,2740.00,8810.76,399005.11
3.16,0.00,0.00,450.00,1960.00,1.00,2237.00,2748.00,8726.13,397868.06
3.17,0.00,0.00,440.00,1970.00,1.00,2234.00,2751.00,8633.78,396784.95
3.17,0.00,0.00,434.00,1976.00,1.00,2227.00,2758.00,8540.39,395690.99
3.18,0.00,0.00,431.00,1979.00,1.00,2214.00,2771.00,8450.56,394496.99
3.19,0.00,0.00,428.00,1982.00,1.00,2206.00,2779.00,8363.97,393286.77
3.19,0.00,0.00,419.00,1991.00,1.00,2202.00,2783.00,8271.34,392121.83
3.20,0.00,0.00,413.00,1997.00,1.00,2194.00,2791.00,8177.69,390938.16
3.21,0.00,0.00,404.00,2006.00,1.00,2185.00,2800.00,8078.61,389722.34
3.22,0.00,0.00,403.00,2007.00,1.00,2181.00,2804.00,7986.58,388552.30
3.22,0.00,0.00,399.00,2011.00,1.00,2174.00,2811.00,7896.49,387378.98
3.23,0.00,0.00,395.00,2015.00,1.00,2169.00,2816.00,7808.16,386232.71
3.24,0.00,0.00,392.00,2018.00,1.00,2159.00,2826.00,7722.95,385036.03
3.24,0.00,0.00,390.00,2020.00,1.00,2147.00,2838.00,7642.10,383763.26
3.25,0.00,0.00,386.00,2024.00,1.00,2144.00,2841.00,7562.21,382556.26
3.26,0.00,0.00,381.00,2029.00,1.00,2135.00,2850.00,7481.71,381319.15
3.26,0.00,0.00,378.00,2032.00,1.00,2127.00,2858.00,7403.66,380069.58
3.27,0.00,0.00,376.00,2034.00,1.00,2119.00,2866.00,7329.34,378808.63
3.28,0.00,0.00,374.00,2036.00,1.00,2108.00,2877.00,7258.43,377492.22
3.28,0.00,0.00,370.00,2040.00,1.00,2100.00,2885.00,7187.63,376170.26
3.29,0.00,0.00,366.00,2044.00,1.00,2093.00,2892.00,7116.94,374858.25
3.30,0.00,0.00,363.00,2047.00,1.00,2087.00,2898.00,7047.84,373570.34
3.31,0.00,0.00,359.00,2051.00,1.00,2081.00,2904.00,6978.70,372304.44
3.31,0.00,0.00,358.00,2052.00,1.00,2075.00,2910.00,6914.02,371058.63
3.32,0.00,0.00,351.00,2059.00,1.00,2067.00,2918.00,6844.42,369801.11
3.33,0.00,0.00,349.00,2061.00,1.00,2062.00,2923.00,6777.81,368577.98
3.33,0.00,0.00,345.00,2065.00,1.00,2057.00,2928.00,6710.95,367386.24
3.34,0.00,0.00,339.00,2071.00,1.00,2050.00,2935.00,6640.85,366193.11
3.35,0.00,0.00,335.00,2075.00,1.00,2044.00,2941.00,6570.79,365013.73
3.35,0.00,0.00,331.00,2079.00,1.00,2040.00,2945.00,6500.77,363876.96
3.36,0.00,0.00,330.00,2080.00,1.00,2035.00,2950.00,6435.29,362764.06
3.37,0.00,0.00,326.00,2084.00,0.00,2022.00,2964.00,6369.46,361552.76
3.38,0.00,0.00,323.00,2087.00,0.00,2014.00,2972.00,6304.80,360326.75
3.38,0.00,0.00,322.00,2088.00,0.00,2006.00,2980.00,6244.22,359087.32
3.39,0.00,0.00,317.00,2093.00,0.00,1996.00,2990.00,6181.37,357805.57
3.40,0.00,0.00,315.00,2095.00,0.00,1988.00,2998.00,6120.93,356515.26
3.40,0.00,0.00,311.00,2099.00,0.00,1977.00,3009.00,6059.70,355172.04
3.41,0.00,0.00,305.00,2105.00,0.00,1970.00,3016.00,5994.75,353840.62
3.42,0.00,0.00,298.00,2112.00,0.00,1962.00,3024.00,5924.88,352504.96
3.42,0.00,0.00,291.00,2119.00,0.00,1956.00,3030.00,5850.53,351195.45
3.43,0.00,0.00,290.00,2120.00,0.00,1953.00,3033.00,5781.10,349954.91
3.44,0.00,0.00,286.00,2124.00,0.00,1945.00,3041.00,5711.65,348702.20
3.44,0.00,0.00,283.00,2127.00,0.00,1940.00,3046.00,5643.70,347483.46
3.45,0.00,0.00,282.00,2128.00,0.00,1933.00,3053.00,5580.10,346265.68
3.46,0.00,0.00,276.00,2134.00,0.00,1922.00,3064.00,5512.98,344988.68
3.47,0.00,0.00,271.00,2139.00,0.00,1910.00,3076.00,5444.15,343642.61
3.47,0.00,0.00,267.00,2143.00,0.00,1902.00,3084.00,5375.25,342293.55
3.48,0.00,0.00,264.00,2146.00,0.00,1896.00,3090.00,5307.79,340971.83
3.49,0.00,0.00,264.00,2146.00,0.00,1887.00,3099.00,5246.16,339629.99
3.49,0.00,0.00,260.00,2150.00,0.00,1880.00,3106.00,5183.83,338299.84
3.50,0.00,0.00,256.00,2154.00,0.00,1875.00,3111.00,5120.88,337010.39
3.51,0.00,0.00,253.00,2157.00,0.00,1871.00,3115.00,5058.86,335773.13
3.51,0.00,0.00,248.00,2162.00,0.00,1864.00,3122.00,4994.68,334538.44
3.52,0.00,0.00,244.00,2166.00,0.00,1861.00,3125.00,4930.03,333366.19
3.53,0.00,0.00,241.00,2169.00,0.00,1853.00,3133.00,4866.45,332175.84
3.53,0.00,0.00,239.00,2171.00,0.00,1851.00,3135.00,4805.36,331059.09
3.54,0.00,0.00,238.00,2172.00,0.00,1847.00,3139.00,4748.05,329979.49
3.55,0.00,0.00,235.00,2175.00,0.00,1839.00,3147.00,4691.17,328873.71
3.56,0.00,0.00,227.00,2183.00,0.00,1834.00,3152.00,4627.18,327789.10
3.56,0.00,0.00,223.00,2187.00,0.00,1830.00,3156.00,4562.71,326738.85
3.57,0.00,0.00,221.00,2189.00,0.00,1817.00,3169.00,4500.81,325584.74
3.58,0.00,0.00,220.00,2190.00,0.00,1807.00,3179.00,4442.74,324380.90
3.58,0.00,0.00,217.00,2193.00,0.00,1802.00,3184.00,4385.18,323206.77
3.59,0.00,0.00,213.00,2197.00,0.00,1796.00,3190.00,4326.58,322044.74
3.60,0.00,0.00,210.00,2200.00,0.00,1786.00,3200.00,4268.53,320833.66
3.60,0.00,0.00,206.00,2204.00,0.00,1776.00,3210.00,4209.49,319577.81
3.61,0.00,0.00,204.00,2206.00,0.00,1768.00,3218.00,4152.54,318311.12
3.62,0.00,0.00,203.00,2207.00,0.00,1763.00,3223.00,4099.00,317079.62
3.62,0.00,0.00,201.00,2209.00,0.00,1758.00,3228.00,4047.08,315880.24
3.63,0.00,0.00,199.00,2211.00,0.00,1753.00,3233.00,3996.64,314710.18
3.64,0.00,0.00,194.00,2216.00,0.00,1751.00,3235.00,3943.04,313611.96
3.65,0.00,0.00,191.00,2219.00,0.00,1745.00,3241.00,3889.56,312519.22
3.65,0.00,0.00,187.00,2223.00,0.00,1737.00,3249.00,3834.69,311401.46
3.66,0.00,0.00,186.00,2224.00,0.00,1728.00,3258.00,3783.05,310245.81
3.67,0.00,0.00,182.00,2228.00,0.00,1719.00,3267.00,3729.87,309055.59
3.67,0.00,0.00,181.00,2229.00,0.00,1713.00,3273.00,3679.77,307878.87
3.68,0.00,0.00,179.00,2231.00,0.00,1697.00,3289.00,3630.99,306564.24
3.69,0.00,0.00,178.00,2232.00,0.00,1691.00,3295.00,3584.92,305273.95
3.69,0.00,0.00,172.00,2238.00,0.00,1683.00,3303.00,3533.82,303975.82
3.70,0.00,0.00,170.00,2240.00,0.00,1678.00,3308.00,3484.12,302715.62
3.71,0.00,0.00,168.00,2242.00,0.00,1669.00,3317.00,3435.71,301429.94
3.72,0.00,0.00,165.00,2245.00,0.00,1664.00,3322.00,3386.97,300181.09
3.72,0.00,0.00,156.00,2254.00,0.00,1661.00,3325.00,3328.92,298995.92
3.73,0.00,0.00,155.00,2255.00,0.00,1658.00,3328.00,3274.38,297868.89
3.74,0.00,0.00,154.00,2256.00,0.00,1653.00,3333.00,3223.04,296764.87
3.74,0.00,0.00,151.00,2259.00,0.00,1645.00,3341.00,3171.63,295636.80
3.75,0.00,0.00,150.00,2260.00,0.00,1641.00,3345.00,3123.16,294546.87
3.76,0.00,0.00,147.00,2263.00,0.00,1633.00,3353.00,3074.36,293431.66
3.76,0.00,0.00,141.00,2269.00,0.00,1624.00,3362.00,3020.76,292278.35
3.77,0.00,0.00,137.00,2273.00,0.00,1617.00,3369.00,2965.78,291120.30
3.78,0.00,0.00,134.00,2276.00,0.00,1613.00,3373.00,2911.04,290003.00
3.78,0.00,0.00,132.00,2278.00,0.00,1605.00,3381.00,2858.03,288862.81
3.79,0.00,0.00,130.00,2280.00,0.00,1595.00,3391.00,2806.58,287671.66
3.80,0.00,0.00,128.00,2282.00,0.00,1592.00,3394.00,2756.57,286539.17
3.81,0.00,0.00,125.00,2285.00,0.00,1585.00,3401.00,2706.37,285400.13
3.81,0.00,0.00,123.00,2287.00,0.00,1580.00,3406.00,2657.50,284285.15
3.82,0.00,0.00,121.00,2289.00,0.00,1575.00,3411.00,2609.85,283192.15
3.83,0.00,0.00,119.00,2291.00,0.00,1570.00,3416.00,2563.31,282119.21
3.83,0.00,0.00,117.00,2293.00,0.00,1563.00,3423.00,2517.77,281034.53
3.84,0.00,0.00,116.00,2294.00,0.00,1555.00,3431.00,2474.67,279924.12
3.85,0.00,0.00,116.00,2294.00,0.00,1551.00,3435.00,2435.29,278850.30
3.85,0.00,0.00,115.00,2295.00,0.00,1543.00,3443.00,2397.81,277749.81
3.86,0.00,0.00,114.00,2296.00,0.00,1538.00,3448.00,2362.06,276670.02
3.87,0.00,0.00,111.00,2299.00,0.00,1533.00,3453.00,2324.89,275609.14
3.88,0.00,0.00,109.00,2301.00,0.00,1524.00,3462.00,2287.92,274505.43
3.88,0.00,0.00,106.00,2304.00,0.00,1517.00,3469.00,2249.64,273392.67
3.89,0.00,0.00,105.00,2305.00,0.00,1510.00,3476.00,2213.16,272271.64
3.90,0.00,0.00,104.00,2306.00,0.00,1502.00,3484.00,2178.33,271128.04
3.90,0.00,0.00,103.00,2307.00,0.00,1500.00,3486.00,2145.00,270053.97
3.91,0.00,0.00,99.00,2311.00,0.00,1496.00,3490.00,2108.54,269013.34
3.92,0.00,0.00,97.00,2313.00,0.00,1493.00,3493.00,2072.23,268018.25
3.92,0.00,0.00,94.00,2316.00,0.00,1490.00,3496.00,2034.54,267064.74
3.93,0.00,0.00,94.00,2316.00,0.00,1487.00,3499.00,2000.11,266149.19
3.94,0.00,0.00,93.00,2317.00,0.00,1481.00,3505.00,1967.14,265223.22
3.94,0.00,0.00,92.00,2318.00,0.00,1473.00,3513.00,1935.52,264257.70
3.95,0.00,0.00,92.00,2318.00,0.00,1469.00,3517.00,1906.63,263316.15
3.96,0.00,0.00,91.00,2319.00,0.00,1462.00,3524.00,1878.74,262351.44
3.97,0.00,0.00,88.00,2322.00,0.00,1459.00,3527.00,1848.74,261425.65
3.97,0.00,0.00,87.00,2323.00,0.00,1452.00,3534.00,1819.83,260475.32
3.98,0.00,0.00,87.00,2323.00,0.00,1445.00,3541.00,1793.42,259502.58
3.99,0.00,0.00,86.00,2324.00,0.00,1441.00,3545.00,1767.78,258554.45
3.99,0.00,0.00,85.00,2325.00,0.00,1437.00,3549.00,1742.86,257628.78
4.00,0.00,0.00,85.00,2325.00,0.00,1430.00,3556.00,1720.09,256678.56
4.01,0.00,0.00,84.00,2326.00,0.00,1423.00,3563.00,1697.78,255705.91
4.01,0.00,0.00,82.00,2328.00,0.00,1417.00,3569.00,1674.39,254727.82
4.02,0.00,0.00,78.00,2332.00,0.00,1410.00,3576.00,1647.01,253729.74
4.03,0.00,0.00,76.00,2334.00,0.00,1405.00,3581.00,1619.00,252743.45
4.03,0.00,0.00,74.00,2336.00,0.00,1402.00,3584.00,1590.39,251797.98
4.04,0.00,0.00,72.00,2338.00,0.00,1401.00,3585.00,1561.25,250919.81
4.05,0.00,0.00,69.00,2341.00,0.00,1395.00,3591.00,1530.12,250027.96
4.06,0.00,0.00,68.00,2342.00,0.00,1386.00,3600.00,1500.18,249078.57
4.06,0.00,0.00,66.00,2344.00,0.00,1379.00,3607.00,1469.81,248106.69
4.07,0.00,0.00,65.00,2345.00,0.00,1372.00,3614.00,1440.57,247114.27
4.08,0.00,0.00,65.00,2345.00,0.00,1365.00,3621.00,1413.85,246103.10
4.08,0.00,0.00,65.00,2345.00,0.00,1356.00,3630.00,1389.43,245044.78
4.09,0.00,0.00,63.00,2347.00,0.00,1353.00,3633.00,1364.12,244033.54
4.10,0.00,0.00,61.00,2349.00,0.00,1344.00,3642.00,1337.99,242975.14
4.10,0.00,0.00,59.00,2351.00,0.00,1336.00,3650.00,1311.11,241888.73
4.11,0.00,0.00,59.00,2351.00,0.00,1331.00,3655.00,1286.56,240821.80
4.12,0.00,0.00,59.00,2351.00,0.00,1325.00,3661.00,1264.12,239757.63
4.12,0.00,0.00,58.00,2352.00,0.00,1317.00,3669.00,1242.12,238665.94
4.13,0.00,0.00,58.00,2352.00,0.00,1310.00,3676.00,1222.01,237564.15
4.14,0.00,0.00,57.00,2353.00,0.00,1305.00,3681.00,1202.14,236483.18
4.15,0.00,0.00,56.00,2354.00,0.00,1298.00,3688.00,1182.49,235391.18
4.15,0.00,0.00,54.00,2356.00,0.00,1290.00,3696.00,1161.52,234274.08
4.16,0.00,0.00,53.00,2357.00,0.00,1288.00,3698.00,1140.86,233224.21
4.17,0.00,0.00,51.00,2359.00,0.00,1282.00,3704.00,1118.99,232175.62
4.17,0.00,0.00,49.00,2361.00,0.00,1275.00,3711.00,1095.99,231113.17
4.18,0.00,0.00,46.00,2364.00,0.00,1271.00,3715.00,1070.48,230083.14
4.19,0.00,0.00,46.00,2364.00,0.00,1257.00,3729.00,1047.16,228932.48
4.19,0.00,0.00,46.00,2364.00,0.00,1254.00,3732.00,1025.86,227836.95
4.20,0.00,0.00,44.00,2366.00,0.00,1245.00,3741.00,1003.40,226701.60
4.21,0.00,0.00,43.00,2367.00,0.00,1240.00,3746.00,981.37,225590.00
4.22,0.00,0.00,41.00,2369.00,0.00,1232.00,3754.00,958.24,224455.01
4.22,0.00,0.00,40.00,2370.00,0.00,1225.00,3761.00,935.60,223313.68
4.23,0.00,0.00,40.00,2370.00,0.00,1218.00,3768.00,914.92,222166.58
4.24,0.00,0.00,39.00,2371.00,0.00,1214.00,3772.00,894.52,221059.27
4.24,0.00,0.00,38.00,2372.00,0.00,1209.00,3777.00,874.38,219973.26
4.25,0.00,0.00,37.00,2373.00,0.00,1201.00,3785.00,854.48,218861.63
4.26,0.00,0.00,36.00,2374.00,0.00,1197.00,3789.00,834.79,217786.71
4.26,0.00,0.00,35.00,2375.00,0.00,1190.00,3796.00,815.30,216700.23
4.27,0.00,0.00,34.00,2376.00,0.00,1186.00,3800.00,795.99,215648.26
4.28,0.00,0.00,33.00,2377.00,0.00,1179.00,3807.00,776.84,214582.73
4.28,0.00,0.00,31.00,2379.00,0.00,1170.00,3816.00,756.35,213474.77
4.29,0.00,0.00,31.00,2379.00,0.00,1163.00,3823.00,737.62,212358.13
4.30,0.00,0.00,30.00,2380.00,0.00,1156.00,3830.00,719.01,211233.55
4.31,0.00,0.00,29.00,2381.00,0.00,1147.00,3839.00,700.50,210071.70
4.31,0.00,0.00,29.00,2381.00,0.00,1139.00,3847.00,683.59,208890.83
4.32,0.00,0.00,29.00,2381.00,0.00,1133.00,3853.00,668.14,207722.64
4.33,0.00,0.00,29.00,2381.00,0.00,1129.00,3857.00,654.02,206596.09
4.33,0.00,0.00,28.00,2382.00,0.00,1127.00,3859.00,639.62,205537.58
4.34,0.00,0.00,27.00,2383.00,0.00,1119.00,3867.00,624.96,204451.06
4.35,0.00,0.00,26.00,2384.00,0.00,1115.00,3871.00,610.07,203399.06
4.35,0.00,0.00,26.00,2384.00,0.00,1110.00,3876.00,596.46,202363.54
4.36,0.00,0.00,25.00,2385.00,0.00,1106.00,3880.00,582.52,201358.10
4.37,0.00,0.00,25.00,2385.00,0.00,1099.00,3887.00,569.79,200335.05
4.38,0.00,0.00,23.00,2387.00,0.00,1092.00,3894.00,555.15,199295.92
4.38,0.00,0.00,23.00,2387.00,0.00,1088.00,3898.00,541.77,198287.18
4.39,0.00,0.00,23.00,2387.00,0.00,1081.00,3905.00,529.55,197261.12
4.40,0.00,0.00,21.00,2389.00,0.00,1075.00,3911.00,515.38,196234.26
4.40,0.00,0.00,21.00,2389.00,0.00,1071.00,3915.00,502.44,195236.73
4.41,0.00,0.00,21.00,2389.00,0.00,1066.00,3920.00,490.61,194250.94
4.42,0.00,0.00,21.00,2389.00,0.00,1057.00,3929.00,479.80,193215.78
4.42,0.00,0.00,19.00,2391.00,0.00,1051.00,3935.00,466.92,192180.62
4.43,0.00,0.00,19.00,2391.00,0.00,1048.00,3938.00,455.15,191190.53
4.44,0.00,0.00,18.00,2392.00,0.00,1042.00,3944.00,442.90,190196.51
4.44,0.00,0.00,18.00,2392.00,0.00,1039.00,3947.00,431.70,189243.98
4.45,0.00,0.00,17.00,2393.00,0.00,1029.00,3957.00,419.97,188224.16
4.46,0.00,0.00,13.00,2397.00,0.00,1021.00,3965.00,403.24,187172.96
4.47,0.00,0.00,12.00,2398.00,0.00,1013.00,3973.00,386.46,186093.10
4.47,0.00,0.00,12.00,2398.00,0.00,1002.00,3984.00,371.12,184942.02
4.48,0.00,0.00,12.00,2398.00,0.00,994.00,3992.00,357.11,183770.99
4.49,0.00,0.00,12.00,2398.00,0.00,989.00,3997.00,344.30,182626.81
4.49,0.00,0.00,12.00,2398.00,0.00,985.00,4001.00,332.61,181522.17
4.50,0.00,0.00,12.00,2398.00,0.00,980.00,4006.00,321.92,180438.60
4.51,0.00,0.00,11.00,2399.00,0.00,977.00,4009.00,310.65,179404.32
4.51,0.00,0.00,11.00,2399.00,0.00,972.00,4014.00,300.36,178384.98
4.52,0.00,0.00,10.00,2400.00,0.00,968.00,4018.00,289.45,177394.31
4.53,0.00,0.00,10.00,2400.00,0.00,963.00,4023.00,279.48,176414.78
4.53,0.00,0.00,9.00,2401.00,0.00,957.00,4029.00,268.87,175430.41
4.54,0.00,0.00,8.00,2402.00,0.00,952.00,4034.00,257.68,174456.64
4.55,0.00,0.00,8.00,2402.00,0.00,947.00,4039.00,247.45,173492.55
4.56,0.00,0.00,8.00,2402.00,0.00,938.00,4048.00,238.11,172477.20
4.56,0.00,0.00,8.00,2402.00,0.00,933.00,4053.00,229.57,171475.14
4.57,0.00,0.00,8.00,2402.00,0.00,930.00,4056.00,221.77,170515.27
4.58,0.00,0.00,8.00,2402.00,0.00,927.00,4059.00,214.64,169593.91
4.58,0.00,0.00,8.00,2402.00,0.00,919.00,4067.00,208.13,168632.60
4.59,0.00,0.00,8.00,2402.00,0.00,914.00,4072.00,202.18,167679.88
4.60,0.00,0.00,8.00,2402.00,0.00,911.00,4075.00,196.74,166765.05
4.60,0.00,0.00,7.00,2403.00,0.00,898.00,4088.00,190.27,165734.57
4.61,0.00,0.00,7.00,2403.00,0.00,894.00,4092.00,184.36,164733.74
4.62,0.00,0.00,7.00,2403.00,0.00,888.00,4098.00,178.96,163729.91
4.62,0.00,0.00,6.00,2404.00,0.00,884.00,4102.00,172.52,162753.40
4.63,0.00,0.00,6.00,2404.00,0.00,878.00,4108.00,166.64,161771.78
4.64,0.00,0.00,6.00,2404.00,0.00,871.00,4115.00,161.27,160770.48
4.65,0.00,0.00,6.00,2404.00,0.00,865.00,4121.00,156.36,159766.23
4.65,0.00,0.00,6.00,2404.00,0.00,858.00,4128.00,151.87,158744.26
4.66,0.00,0.00,6.00,2404.00,0.00,848.00,4138.00,147.78,157661.05
4.67,0.00,0.00,6.00,2404.00,0.00,838.00,4148.00,144.03,156521.93
4.67,0.00,0.00,6.00,2404.00,0.00,835.00,4151.00,140.61,155436.93
4.68,0.00,0.00,6.00,2404.00,0.00,829.00,4157.00,137.49,154356.27
4.69,0.00,0.00,6.00,2404.00,0.00,825.00,4161.00,134.63,153309.61
4.69,0.00,0.00,6.00,2404.00,0.00,814.00,4172.00,132.02,152188.84
4.70,0.00,0.00,6.00,2404.00,0.00,808.00,4178.00,129.64,151075.53
4.71,0.00,0.00,6.00,2404.00,0.00,802.00,4184.00,127.46,149969.01
4.72,0.00,0.00,6.00,2404.00,0.00,799.00,4187.00,125.47,148913.78
4.72,0.00,0.00,6.00,2404.00,0.00,796.00,4190.00,123.65,147905.37
4.73,0.00,0.00,6.00,2404.00,0.00,790.00,4196.00,121.99,146894.62
4.74,0.00,0.00,6.00,2404.00,0.00,785.00,4201.00,120.47,145896.78
4.74,0.00,0.00,6.00,2404.00,0.00,780.00,4206.00,119.08,144910.70
4.75,0.00,0.00,6.00,2404.00,0.00,774.00,4212.00,117.82,143920.35
4.76,0.00,0.00,6.00,2404.00,0.00,764.00,4222.00,116.66,142866.00
4.76,0.00,0.00,6.00,2404.00,0.00,755.00,4231.00,115.60,141768.26
4.77,0.00,0.00,6.00,2404.00,0.00,746.00,4240.00,114.63,140630.89
4.78,0.00,0.00,6.00,2404.00,0.00,739.00,4247.00,113.75,139487.40
4.78,0.00,0.00,6.00,2404.00,0.00,736.00,4250.00,112.94,138398.41
4.79,0.00,0.00,6.00,2404.00,0.00,728.00,4258.00,112.21,137284.06
4.80,0.00,0.00,6.00,2404.00,0.00,724.00,4262.00,111.53,136206.65
4.81,0.00,0.00,6.00,2404.00,0.00,713.00,4273.00,110.92,135057.80
4.81,0.00,0.00,6.00,2404.00,0.00,707.00,4279.00,110.36,133918.85
4.82,0.00,0.00,6.00,2404.00,0.00,702.00,4284.00,109.84,132803.96
4.83,0.00,0.00,6.00,2404.00,0.00,695.00,4291.00,109.37,131680.99
4.83,0.00,0.00,5.00,2405.00,0.00,693.00,4293.00,107.44,130625.76
4.84,0.00,0.00,5.00,2405.00,0.00,686.00,4300.00,105.68,129557.25
4.85,0.00,0.00,5.00,2405.00,0.00,680.00,4306.00,104.07,128491.64
4.85,0.00,0.00,5.00,2405.00,0.00,677.00,4309.00,102.59,127473.76
4.86,0.00,0.00,5.00,2405.00,0.00,672.00,4314.00,101.25,126469.39
4.87,0.00,0.00,5.00,2405.00,0.00,667.00,4319.00,100.02,125477.36
4.88,0.00,0.00,5.00,2405.00,0.00,665.00,4321.00,98.89,124541.66
4.88,0.00,0.00,4.00,2406.00,0.00,658.00,4328.00,96.37,123582.29
4.89,0.00,0.00,4.00,2406.00,0.00,651.00,4335.00,94.06,122601.28
4.90,0.00,0.00,4.00,2406.00,0.00,645.00,4341.00,91.94,121615.57
4.90,0.00,0.00,4.00,2406.00,0.00,637.00,4349.00,90.02,120595.50
4.91,0.00,0.00,4.00,2406.00,0.00,635.00,4351.00,88.25,119634.20
4.92,0.00,0.00,4.00,2406.00,0.00,629.00,4357.00,86.64,118666.48
4.92,0.00,0.00,4.00,2406.00,0.00,625.00,4361.00,85.17,117722.92
4.93,0.00,0.00,3.00,2407.00,0.00,619.00,4367.00,82.33,116771.39
4.94,0.00,0.00,3.00,2407.00,0.00,614.00,4372.00,79.73,115827.60
4.94,0.00,0.00,3.00,2407.00,0.00,609.00,4377.00,77.35,114890.87
4.95,0.00,0.00,3.00,2407.00,0.00,606.00,4380.00,75.18,113990.65
4.96,0.00,0.00,3.00,2407.00,0.00,600.00,4386.00,73.19,113078.67
4.97,0.00,0.00,3.00,2407.00,0.00,592.00,4394.00,71.38,112125.92
4.97,0.00,0.00,3.00,2407.00,0.00,588.00,4398.00,69.73,111196.03
4.98,0.00,0.00,3.00,2407.00,0.00,584.00,4402.00,68.21,110287.03
4.99,0.00,0.00,3.00,2407.00,0.00,581.00,4405.00,66.83,109412.11
4.99,0.00,0.00,3.00,2407.00,0.00,577.00,4409.00,65.57,108553.28
5.00,0.00,0.00,3.00,2407.00,0.00,572.00,4414.00,64.41,107694.11
5.01,0.00,0.00,3.00,2407.00,0.00,570.00,4416.00,63.36,106879.72
5.01,0.00,0.00,3.00,2407.00,0.00,565.00,4421.00,62.40,106061.12
5.02,0.00,0.00,3.00,2407.00,0.00,558.00,4428.00,61.52,105208.64
5.03,0.00,0.00,3.00,2407.00,0.00,552.00,4434.00,60.71,104340.26
5.03,0.00,0.00,3.00,2407.00,0.00,545.00,4441.00,59.98,103442.32
5.04,0.00,0.00,3.00,2407.00,0.00,542.00,4444.00,59.31,102577.51
5.05,0.00,0.00,3.00,2407.00,0.00,537.00,4449.00,58.69,101712.89
5.06,0.00,0.00,3.00,2407.00,0.00,533.00,4453.00,58.13,100863.46
5.06,0.00,0.00,3.00,2407.00,0.00,527.00,4459.00,57.62,99997.85
5.07,0.00,0.00,3.00,2407.00,0.00,521.00,4465.00,57.15,99117.48
5.08,0.00,0.00,3.00,2407.00,0.00,515.00,4471.00,56.73,98223.64
5.08,0.00,0.00,3.00,2407.00,0.00,510.00,4476.00,56.34,97332.50
5.09,0.00,0.00,2.00,2408.00,0.00,506.00,4480.00,54.48,96458.88
5.10,0.00,0.00,2.00,2408.00,0.00,500.00,4486.00,52.78,95571.18
5.10,0.00,0.00,2.00,2408.00,0.00,494.00,4492.00,51.23,94670.65
5.11,0.00,0.00,2.00,2408.00,0.00,492.00,4494.00,49.81,93818.48
5.12,0.00,0.00,2.00,2408.00,0.00,489.00,4497.00,48.51,92995.45
5.12,0.00,0.00,2.00,2408.00,0.00,482.00,4504.00,47.33,92138.92
5.13,0.00,0.00,2.00,2408.00,0.00,474.00,4512.00,46.25,91236.79
5.14,0.00,0.00,2.00,2408.00,0.00,469.00,4517.00,45.26,90338.09
5.15,0.00,0.00,2.00,2408.00,0.00,467.00,4519.00,44.36,89487.61
5.15,0.00,0.00,2.00,2408.00,0.00,461.00,4525.00,43.53,88621.04
5.16,0.00,0.00,2.00,2408.00,0.00,459.00,4527.00,42.78,87799.89
5.17,0.00,0.00,2.00,2408.00,0.00,454.00,4532.00,42.09,86975.12
5.17,0.00,0.00,2.00,2408.00,0.00,452.00,4534.00,41.46,86192.13
5.18,0.00,0.00,2.00,2408.00,0.00,443.00,4543.00,40.89,85342.10
5.19,0.00,0.00,2.00,2408.00,0.00,440.00,4546.00,40.36,84521.02
5.19,0.00,0.00,1.00,2409.00,0.00,435.00,4551.00,38.38,83696.33
5.20,0.00,0.00,1.00,2409.00,0.00,433.00,4553.00,36.57,82913.40
5.21,0.00,0.00,1.00,2409.00,0.00,429.00,4557.00,34.91,82138.55
5.22,0.00,0.00,1.00,2409.00,0.00,425.00,4561.00,33.40,81371.08
5.22,0.00,0.00,1.00,2409.00,0.00,421.00,4565.00,32.02,80610.34
5.23,0.00,0.00,1.00,2409.00,0.00,415.00,4571.00,30.76,79825.71
5.24,0.00,0.00,1.00,2409.00,0.00,408.00,4578.00,29.60,79004.24
5.24,0.00,0.00,1.00,2409.00,0.00,402.00,4584.00,28.55,78164.16
5.25,0.00,0.00,1.00,2409.00,0.00,396.00,4590.00,27.59,77307.09
5.26,0.00,0.00,1.00,2409.00,0.00,390.00,4596.00,26.71,76434.51
5.26,0.00,0.00,1.00,2409.00,0.00,389.00,4597.00,25.90,75622.89
5.27,0.00,0.00,1.00,2409.00,0.00,387.00,4599.00,25.17,74851.90
5.28,0.00,0.00,1.00,2409.00,0.00,382.00,4604.00,24.50,74072.93
5.28,0.00,0.00,1.00,2409.00,0.00,375.00,4611.00,23.89,73256.62
5.29,0.00,0.00,1.00,2409.00,0.00,373.00,4613.00,23.33,72481.35
5.30,0.00,0.00,1.00,2409.00,0.00,367.00,4619.00,22.82,71683.45
5.31,0.00,0.00,1.00,2409.00,0.00,362.00,4624.00,22.35,70879.91
5.31,0.00,0.00,1.00,2409.00,0.00,357.00,4629.00,21.92,70071.22
5.32,0.00,0.00,1.00,2409.00,0.00,351.00,4635.00,21.53,69242.82
5.33,0.00,0.00,1.00,2409.00,0.00,346.00,4640.00,21.17,68411.43
5.33,0.00,0.00,1.00,2409.00,0.00,341.00,4645.00,20.85,67577.32
5.34,0.00,0.00,1.00,2409.00,0.00,339.00,4647.00,20.55,66785.79
5.35,0.00,0.00,1.00,2409.00,0.00,336.00,4650.00,20.28,66018.12
5.35,0.00,0.00,1.00,2409.00,0.00,330.00,4656.00,20.03,65227.15
5.36,0.00,0.00,1.00,2409.00,0.00,328.00,4658.00,19.80,64475.02
5.37,0.00,0.00,1.00,2409.00,0.00,323.00,4663.00,19.60,63713.26
5.38,0.00,0.00,1.00,2409.00,0.00,318.00,4668.00,19.41,62942.71
5.38,0.00,0.00,1.00,2409.00,0.00,316.00,4670.00,19.23,62209.22
5.39,0.00,0.00,1.00,2409.00,0.00,312.00,4674.00,19.08,61479.50
5.40,0.00,0.00,1.00,2409.00,0.00,311.00,4675.00,18.93,60798.30
5.40,0.00,0.00,1.00,2409.00,0.00,308.00,4678.00,18.80,60131.35
5.41,0.00,0.00,1.00,2409.00,0.00,300.00,4686.00,18.68,59402.29
5.42,0.00,0.00,1.00,2409.00,0.00,292.00,4694.00,18.57,58616.52
5.42,0.00,0.00,1.00,2409.00,0.00,288.00,4698.00,18.47,57839.09
5.43,0.00,0.00,1.00,2409.00,0.00,280.00,4706.00,18.37,57009.17
5.44,0.00,0.00,1.00,2409.00,0.00,278.00,4708.00,18.29,56221.46
5.44,0.00,0.00,1.00,2409.00,0.00,272.00,4714.00,18.21,55412.21
5.45,0.00,0.00,1.00,2409.00,0.00,270.00,4716.00,18.14,54643.38
5.46,0.00,0.00,1.00,2409.00,0.00,263.00,4723.00,18.08,53836.33
5.47,0.00,0.00,1.00,2409.00,0.00,259.00,4727.00,18.02,53039.47
5.47,0.00,0.00,1.00,2409.00,0.00,256.00,4730.00,17.97,52266.92
5.48,0.00,0.00,1.00,2409.00,0.00,253.00,4733.00,17.92,51516.57
5.49,0.00,0.00,1.00,2409.00,0.00,249.00,4737.00,17.87,50771.47
5.49,0.00,0.00,1.00,2409.00,0.00,245.00,4741.00,17.83,50031.16
5.50,0.00,0.00,1.00,2409.00,0.00,242.00,4744.00,17.80,49310.24
5.51,0.00,0.00,1.00,2409.00,0.00,239.00,4747.00,17.76,48607.03
5.51,0.00,0.00,1.00,2409.00,0.00,235.00,4751.00,17.73,47904.95
5.52,0.00,0.00,1.00,2409.00,0.00,235.00,4751.00,17.70,47264.01
5.53,0.00,0.00,1.00,2409.00,0.00,234.00,4752.00,17.68,46663.86
5.53,0.00,0.00,1.00,2409.00,0.00,228.00,4758.00,17.65,46025.83
5.54,0.00,0.00,1.00,2409.00,0.00,225.00,4761.00,17.63,45398.29
5.55,0.00,0.00,1.00,2409.00,0.00,222.00,4764.00,17.61,44780.32
5.56,0.00,0.00,1.00,2409.00,0.00,220.00,4766.00,17.59,44186.11
5.56,0.00,0.00,0.00,2410.00,0.00,218.00,4768.00,16.07,43613.60
5.57,0.00,0.00,0.00,2410.00,0.00,215.00,4771.00,14.69,43045.87
5.58,0.00,0.00,0.00,2410.00,0.00,214.00,4772.00,13.42,42512.56
5.58,0.00,0.00,0.00,2410.00,0.00,212.00,4774.00,12.26,41995.64
5.59,0.00,0.00,0.00,2410.00,0.00,208.00,4778.00,11.20,41463.63
5.60,0.00,0.00,0.00,2410.00,0.00,205.00,4781.00,10.23,40932.88
5.60,0.00,0.00,0.00,2410.00,0.00,204.00,4782.00,9.35,40433.33
5.61,0.00,0.00,0.00,2410.00,0.00,202.00,4784.00,8.54,39947.23
5.62,0.00,0.00,0.00,2410.00,0.00,199.00,4787.00,7.81,39458.38
5.62,0.00,0.00,0.00,2410.00,0.00,196.00,4790.00,7.13,38967.03
5.63,0.00,0.00,0.00,2410.00,0.00,193.00,4793.00,6.52,38473.40
5.64,0.00,0.00,0.00,2410.00,0.00,192.00,4794.00,5.95,38007.73
5.65,0.00,0.00,0.00,2410.00,0.00,189.00,4797.00,5.44,37537.54
5.65,0.00,0.00,0.00,2410.00,0.00,188.00,4798.00,4.97,37093.27
5.66,0.00,0.00,0.00,2410.00,0.00,186.00,4800.00,4.54,36657.63
5.67,0.00,0.00,0.00,2410.00,0.00,186.00,4800.00,4.15,36259.93
5.67,0.00,0.00,0.00,2410.00,0.00,181.00,4805.00,3.79,35821.75
5.68,0.00,0.00,0.00,2410.00,0.00,178.00,4808.00,3.46,35376.65
5.69,0.00,0.00,0.00,2410.00,0.00,173.00,4813.00,3.16,34895.19
5.69,0.00,0.00,0.00,2410.00,0.00,171.00,4815.00,2.89,34425.61
5.70,0.00,0.00,0.00,2410.00,0.00,169.00,4817.00,2.64,33966.87
5.71,0.00,0.00,0.00,2410.00,0.00,164.00,4822.00,2.41,33472.96
5.72,0.00,0.00,0.00,2410.00,0.00,161.00,4825.00,2.21,32976.99
5.72,0.00,0.00,0.00,2410.00,0.00,161.00,4825.00,2.01,32524.21
5.73,0.00,0.00,0.00,2410.00,0.00,159.00,4827.00,1.84,32080.81
5.74,0.00,0.00,0.00,2410.00,0.00,154.00,4832.00,1.68,31600.90
5.74,0.00,0.00,0.00,2410.00,0.00,154.00,4832.00,1.54,31162.78
5.75,0.00,0.00,0.00,2410.00,0.00,152.00,4834.00,1.40,30732.76
5.76,0.00,0.00,0.00,2410.00,0.00,149.00,4837.00,1.28,30295.12
5.76,0.00,0.00,0.00,2410.00,0.00,147.00,4839.00,1.17,29865.54
5.77,0.00,0.00,0.00,2410.00,0.00,144.00,4842.00,1.07,29428.30
5.78,0.00,0.00,0.00,2410.00,0.00,139.00,4847.00,0.98,28954.01
5.78,0.00,0.00,0.00,2410.00,0.00,136.00,4850.00,0.89,28475.96
5.79,0.00,0.00,0.00,2410.00,0.00,135.00,4851.00,0.82,28024.51
5.80,0.00,0.00,0.00,2410.00,0.00,134.00,4852.00,0.75,27597.34
5.81,0.00,0.00,0.00,2410.00,0.00,129.00,4857.00,0.68,27132.26
5.81,0.00,0.00,0.00,2410.00,0.00,128.00,4858.00,0.62,26692.65
5.82,0.00,0.00,0.00,2410.00,0.00,127.00,4859.00,0.57,26276.29
5.83,0.00,0.00,0.00,2410.00,0.00,124.00,4862.00,0.52,25851.13
5.83,0.00,0.00,0.00,2410.00,0.00,122.00,4864.00,0.48,25432.93
5.84,0.00,0.00,0.00,2410.00,0.00,119.00,4867.00,0.43,25006.09
5.85,0.00,0.00,0.00,2410.00,0.00,116.00,4870.00,0.40,24571.34
5.85,0.00,0.00,0.00,2410.00,0.00,115.00,4871.00,0.36,24159.42
5.86,0.00,0.00,0.00,2410.00,0.00,114.00,4872.00,0.33,23768.35
5.87,0.00,0.00,0.00,2410.00,0.00,113.00,4873.00,0.30,23396.31
5.88,0.00,0.00,0.00,2410.00,0.00,112.00,4874.00,0.28,23041.64
5.88,0.00,0.00,0.00,2410.00,0.00,110.00,4876.00,0.25,22687.81
5.89,0.00,0.00,0.00,2410.00,0.00,110.00,4876.00,0.23,22364.79
5.90,0.00,0.00,0.00,2410.00,0.00,109.00,4877.00,0.21,22054.87
5.90,0.00,0.00,0.00,2410.00,0.00,107.00,4879.00,0.19,21741.90
5.91,0.00,0.00,0.00,2410.00,0.00,102.00,4884.00,0.18,21381.06
5.92,0.00,0.00,0.00,2410.00,0.00,99.00,4887.00,0.16,21006.57
5.92,0.00,0.00,0.00,2410.00,0.00,98.00,4888.00,0.15,20649.67
5.93,0.00,0.00,0.00,2410.00,0.00,95.00,4891.00,0.13,20278.77
5.94,0.00,0.00,0.00,2410.00,0.00,90.00,4896.00,0.12,19865.06
5.94,0.00,0.00,0.00,2410.00,0.00,88.00,4898.00,0.11,19457.32
5.95,0.00,0.00,0.00,2410.00,0.00,88.00,4898.00,0.10,19085.09
5.96,0.00,0.00,0.00,2410.00,0.00,84.00,4902.00,0.09,18685.18
5.97,0.00,0.00,0.00,2410.00,0.00,82.00,4904.00,0.09,18290.04
5.97,0.00,0.00,0.00,2410.00,0.00,80.00,4906.00,0.08,17899.27
5.98,0.00,0.00,0.00,2410.00,0.00,78.00,4908.00,0.07,17512.48
5.99,0.00,0.00,0.00,2410.00,0.00,78.00,4908.00,0.07,17159.36
5.99,0.00,0.00,0.00,2410.00,0.00,78.00,4908.00,0.06,16837.00
6.00,0.00,0.00,0.00,2410.00,0.00,78.00,4908.00,0.05,16542.70
6.01,0.00,0.00,0.00,2410.00,0.00,78.00,4908.00,0.05,16274.03
6.01,0.00,0.00,0.00,2410.00,0.00,77.00,4909.00,0.05,16013.73
6.02,0.00,0.00,0.00,2410.00,0.00,76.00,4910.00,0.04,15761.08
6.03,0.00,0.00,0.00,2410.00,0.00,75.00,4911.00,0.04,15515.40
6.03,0.00,0.00,0.00,2410.00,0.00,73.00,4913.00,0.03,15261.07
6.04,0.00,0.00,0.00,2410.00,0.00,72.00,4914.00,0.03,15013.86
6.05,0.00,0.00,0.00,2410.00,0.00,70.00,4916.00,0.03,14758.13
6.06,0.00,0.00,0.00,2410.00,0.00,68.00,4918.00,0.03,14494.63
6.06,0.00,0.00,0.00,2410.00,0.00,68.00,4918.00,0.02,14254.06
6.07,0.00,0.00,0.00,2410.00,0.00,66.00,4920.00,0.02,14004.40
6.08,0.00,0.00,0.00,2410.00,0.00,66.00,4920.00,0.02,13776.48
6.08,0.00,0.00,0.00,2410.00,0.00,66.00,4920.00,0.02,13568.41
6.09,0.00,0.00,0.00,2410.00,0.00,66.00,4920.00,0.02,13378.45
6.10,0.00,0.00,0.00,2410.00,0.00,66.00,4920.00,0.02,13205.03
6.10,0.00,0.00,0.00,2410.00,0.00,65.00,4921.00,0.01,13031.69
6.11,0.00,0.00,0.00,2410.00,0.00,62.00,4924.00,0.01,12828.38
6.12,0.00,0.00,0.00,2410.00,0.00,60.00,4926.00,0.01,12612.72
6.12,0.00,0.00,0.00,2410.00,0.00,59.00,4927.00,0.01,12400.82
6.13,0.00,0.00,0.00,2410.00,0.00,58.00,4928.00,0.01,12192.35
6.14,0.00,0.00,0.00,2410.00,0.00,57.00,4929.00,0.01,11987.00
6.15,0.00,0.00,0.00,2410.00,0.00,55.00,4931.00,0.01,11769.50
6.15,0.00,0.00,0.00,2410.00,0.00,53.00,4933.00,0.01,11540.88
6.16,0.00,0.00,0.00,2410.00,0.00,53.00,4933.00,0.01,11332.17
6.17,0.00,0.00,0.00,2410.00,0.00,50.00,4936.00,0.01,11096.57
6.17,0.00,0.00,0.00,2410.00,0.00,50.00,4936.00,0.01,10881.48
6.18,0.00,0.00,0.00,2410.00,0.00,50.00,4936.00,0.01,10685.12
6.19,0.00,0.00,0.00,2410.00,0.00,49.00,4937.00,0.00,10490.83
6.19,0.00,0.00,0.00,2410.00,0.00,48.00,4938.00,0.00,10298.44
6.20,0.00,0.00,0.00,2410.00,0.00,47.00,4939.00,0.00,10107.78
6.21,0.00,0.00,0.00,2410.00,0.00,46.00,4940.00,0.00,9918.70
6.22,0.00,0.00,0.00,2410.00,0.00,45.00,4941.00,0.00,9731.06
6.22,0.00,0.00,0.00,2410.00,0.00,42.00,4944.00,0.00,9514.69
6.23,0.00,0.00,0.00,2410.00,0.00,39.00,4947.00,0.00,9272.09
6.24,0.00,0.00,0.00,2410.00,0.00,39.00,4947.00,0.00,9050.61
6.24,0.00,0.00,0.00,2410.00,0.00,38.00,4948.00,0.00,8833.40
6.25,0.00,0.00,0.00,2410.00,0.00,37.00,4949.00,0.00,8620.08
6.26,0.00,0.00,0.00,2410.00,0.00,36.00,4950.00,0.00,8410.31
6.26,0.00,0.00,0.00,2410.00,0.00,35.00,4951.00,0.00,8203.78
6.27,0.00,0.00,0.00,2410.00,0.00,35.00,4951.00,0.00,8015.24
6.28,0.00,0.00,0.00,2410.00,0.00,35.00,4951.00,0.00,7843.11
6.28,0.00,0.00,0.00,2410.00,0.00,34.00,4952.00,0.00,7670.95
6.29,0.00,0.00,0.00,2410.00,0.00,33.00,4953.00,0.00,7498.76
6.30,0.00,0.00,0.00,2410.00,0.00,33.00,4953.00,0.00,7341.56
6.31,0.00,0.00,0.00,2410.00,0.00,32.00,4954.00,0.00,7183.03
6.31,0.00,0.00,0.00,2410.00,0.00,32.00,4954.00,0.00,7038.30
6.32,0.00,0.00,0.00,2410.00,0.00,31.00,4955.00,0.00,6891.15
6.33,0.00,0.00,0.00,2410.00,0.00,31.00,4955.00,0.00,6756.81
6.33,0.00,0.00,0.00,2410.00,0.00,28.00,4958.00,0.00,6589.10
6.34,0.00,0.00,0.00,2410.00,0.00,28.00,4958.00,0.00,6436.00
6.35,0.00,0.00,0.00,2410.00,0.00,28.00,4958.00,0.00,6296.22
6.35,0.00,0.00,0.00,2410.00,0.00,27.00,4959.00,0.00,6153.60
6.36,0.00,0.00,0.00,2410.00,0.00,27.00,4959.00,0.00,6023.39
6.37,0.00,0.00,0.00,2410.00,0.00,27.00,4959.00,0.00,5904.52
6.38,0.00,0.00,0.00,2410.00,0.00,26.00,4960.00,0.00,5780.98
6.38,0.00,0.00,0.00,2410.00,0.00,24.00,4962.00,0.00,5638.15
6.39,0.00,0.00,0.00,2410.00,0.00,22.00,4964.00,0.00,5477.71
6.40,0.00,0.00,0.00,2410.00,0.00,22.00,4964.00,0.00,5331.24
6.40,0.00,0.00,0.00,2410.00,0.00,22.00,4964.00,0.00,5197.53
6.41,0.00,0.00,0.00,2410.00,0.00,22.00,4964.00,0.00,5075.46
6.42,0.00,0.00,0.00,2410.00,0.00,22.00,4964.00,0.00,4964.01
6.42,0.00,0.00,0.00,2410.00,0.00,22.00,4964.00,0.00,4862.28
6.43,0.00,0.00,0.00,2410.00,0.00,22.00,4964.00,0.00,4769.40
6.44,0.00,0.00,0.00,2410.00,0.00,20.00,4966.00,0.00,4654.56
6.44,0.00,0.00,0.00,2410.00,0.00,20.00,4966.00,0.00,4549.72
6.45,0.00,0.00,0.00,2410.00,0.00,20.00,4966.00,0.00,4454.01
6.46,0.00,0.00,0.00,2410.00,0.00,20.00,4966.00,0.00,4366.64
6.47,0.00,0.00,0.00,2410.00,0.00,20.00,4966.00,0.00,4286.87
6.47,0.00,0.00,0.00,2410.00,0.00,19.00,4967.00,0.00,4199.03
6.48,0.00,0.00,0.00,2410.00,0.00,18.00,4968.00,0.00,4103.81
6.49,0.00,0.00,0.00,2410.00,0.00,18.00,4968.00,0.00,4016.88
6.49,0.00,0.00,0.00,2410.00,0.00,17.00,4969.00,0.00,3922.50
6.50,0.00,0.00,0.00,2410.00,0.00,16.00,4970.00,0.00,3821.31
6.51,0.00,0.00,0.00,2410.00,0.00,16.00,4970.00,0.00,3728.94
6.51,0.00,0.00,0.00,2410.00,0.00,15.00,4971.00,0.00,3629.58
6.52,0.00,0.00,0.00,2410.00,0.00,14.00,4972.00,0.00,3523.86
6.53,0.00,0.00,0.00,2410.00,0.00,14.00,4972.00,0.00,3427.34
6.53,0.00,0.00,0.00,2410.00,0.00,14.00,4972.00,0.00,3339.22
6.54,0.00,0.00,0.00,2410.00,0.00,14.00,4972.00,0.00,3258.78
6.55,0.00,0.00,0.00,2410.00,0.00,14.00,4972.00,0.00,3185.34
6.56,0.00,0.00,0.00,2410.00,0.00,13.00,4973.00,0.00,3103.28
6.56,0.00,0.00,0.00,2410.00,0.00,12.00,4974.00,0.00,3013.33
6.57,0.00,0.00,0.00,2410.00,0.00,12.00,4974.00,0.00,2931.22
6.58,0.00,0.00,0.00,2410.00,0.00,12.00,4974.00,0.00,2856.26
6.58,0.00,0.00,0.00,2410.00,0.00,12.00,4974.00,0.00,2787.83
6.59,0.00,0.00,0.00,2410.00,0.00,12.00,4974.00,0.00,2725.35
6.60,0.00,0.00,0.00,2410.00,0.00,12.00,4974.00,0.00,2668.31
6.60,0.00,0.00,0.00,2410.00,0.00,12.00,4974.00,0.00,2616.25
6.61,0.00,0.00,0.00,2410.00,0.00,12.00,4974.00,0.00,2568.71
6.62,0.00,0.00,0.00,2410.00,0.00,12.00,4974.00,0.00,2525.32
6.62,0.00,0.00,0.00,2410.00,0.00,12.00,4974.00,0.00,2485.70
6.63,0.00,0.00,0.00,2410.00,0.00,10.00,4976.00,0.00,2419.48
6.64,0.00,0.00,0.00,2410.00,0.00,10.00,4976.00,0.00,2359.04
6.65,0.00,0.00,0.00,2410.00,0.00,9.00,4977.00,0.00,2288.83
6.65,0.00,0.00,0.00,2410.00,0.00,9.00,4977.00,0.00,2224.74
6.66,0.00,0.00,0.00,2410.00,0.00,9.00,4977.00,0.00,2166.22
6.67,0.00,0.00,0.00,2410.00,0.00,9.00,4977.00,0.00,2112.80
6.67,0.00,0.00,0.00,2410.00,0.00,9.00,4977.00,0.00,2064.04
6.68,0.00,0.00,0.00,2410.00,0.00,9.00,4977.00,0.00,2019.52
6.69,0.00,0.00,0.00,2410.00,0.00,8.00,4978.00,0.00,1963.85
6.69,0.00,0.00,0.00,2410.00,0.00,8.00,4978.00,0.00,1913.03
6.70,0.00,0.00,0.00,2410.00,0.00,8.00,4978.00,0.00,1866.64
6.71,0.00,0.00,0.00,2410.00,0.00,7.00,4979.00,0.00,1809.26
6.72,0.00,0.00,0.00,2410.00,0.00,7.00,4979.00,0.00,1756.88
6.72,0.00,0.00,0.00,2410.00,0.00,7.00,4979.00,0.00,1709.06
6.73,0.00,0.00,0.00,2410.00,0.00,7.00,4979.00,0.00,1665.40
6.74,0.00,0.00,0.00,2410.00,0.00,7.00,4979.00,0.00,1625.55
6.74,0.00,0.00,0.00,2410.00,0.00,6.00,4980.00,0.00,1574.14
6.75,0.00,0.00,0.00,2410.00,0.00,5.00,4981.00,0.00,1512.19
6.76,0.00,0.00,0.00,2410.00,0.00,4.00,4982.00,0.00,1440.60
6.76,0.00,0.00,0.00,2410.00,0.00,4.00,4982.00,0.00,1375.25
6.77,0.00,0.00,0.00,2410.00,0.00,4.00,4982.00,0.00,1315.59
6.78,0.00,0.00,0.00,2410.00,0.00,3.00,4983.00,0.00,1246.11
6.78,0.00,0.00,0.00,2410.00,0.00,3.00,4983.00,0.00,1182.67
6.79,0.00,0.00,0.00,2410.00,0.00,3.00,4983.00,0.00,1124.76
6.80,0.00,0.00,0.00,2410.00,0.00,3.00,4983.00,0.00,1071.89
6.81,0.00,0.00,0.00,2410.00,0.00,3.00,4983.00,0.00,1023.62
6.81,0.00,0.00,0.00,2410.00,0.00,3.00,4983.00,0.00,979.56
6.82,0.00,0.00,0.00,2410.00,0.00,2.00,4984.00,0.00,924.31
6.83,0.00,0.00,0.00,2410.00,0.00,2.00,4984.00,0.00,873.87
6.83,0.00,0.00,0.00,2410.00,0.00,2.00,4984.00,0.00,827.82
6.84,0.00,0.00,0.00,2410.00,0.00,2.00,4984.00,0.00,785.78
6.85,0.00,0.00,0.00,2410.00,0.00,2.00,4984.00,0.00,747.41
6.85,0.00,0.00,0.00,2410.00,0.00,2.00,4984.00,0.00,712.37
6.86,0.00,0.00,0.00,2410.00,0.00,2.00,4984.00,0.00,680.39
6.87,0.00,0.00,0.00,2410.00,0.00,2.00,4984.00,0.00,651.19
6.88,0.00,0.00,0.00,2410.00,0.00,2.00,4984.00,0.00,624.53
6.88,0.00,0.00,0.00,2410.00,0.00,2.00,4984.00,0.00,600.20
6.89,0.00,0.00,0.00,2410.00,0.00,2.00,4984.00,0.00,577.98
6.90,0.00,0.00,0.00,2410.00,0.00,2.00,4984.00,0.00,557.70
6.90,0.00,0.00,0.00,2410.00,0.00,2.00,4984.00,0.00,539.18
6.91,0.00,0.00,0.00,2410.00,0.00,2.00,4984.00,0.00,522.28
6.92,0.00,0.00,0.00,2410.00,0.00,2.00,4984.00,0.00,506.85
6.92,0.00,0.00,0.00,2410.00,0.00,2.00,4984.00,0.00,492.76
6.93,0.00,0.00,0.00,2410.00,0.00,2.00,4984.00,0.00,479.90
6.94,0.00,0.00,0.00,2410.00,0.00,2.00,4984.00,0.00,468.16
6.94,0.00,0.00,0.00,2410.00,0.00,2.00,4984.00,0.00,457.44
6.95,0.00,0.00,0.00,2410.00,0.00,2.00,4984.00,0.00,447.65
6.96,0.00,0.00,0.00,2410.00,0.00,2.00,4984.00,0.00,438.72
6.97,0.00,0.00,0.00,2410.00,0.00,2.00,4984.00,0.00,430.56
6.97,0.00,0.00,0.00,2410.00,0.00,2.00,4984.00,0.00,423.12
6.98,0.00,0.00,0.00,2410.00,0.00,2.00,4984.00,0.00,416.32
6.99,0.00,0.00,0.00,2410.00,0.00,2.00,4984.00,0.00,410.11
6.99,0.00,0.00,0.00,2410.00,0.00,1.00,4985.00,0.00,389.43
7.00,0.00,0.00,0.00,2410.00,0.00,1.00,4985.00,0.00,370.54
7.01,0.00,0.00,0.00,2410.00,0.00,1.00,4985.00,0.00,353.30
7.01,0.00,0.00,0.00,2410.00,0.00,1.00,4985.00,0.00,337.56
7.02,0.00,0.00,0.00,2410.00,0.00,1.00,4985.00,0.00,323.19
7.03,0.00,0.00,0.00,2410.00,0.00,1.00,4985.00,0.00,310.07
7.03,0.00,0.00,0.00,2410.00,0.00,1.00,4985.00,0.00,298.09
7.04,0.00,0.00,0.00,2410.00,0.00,1.00,4985.00,0.00,287.16
7.05,0.00,0.00,0.00,2410.00,0.00,1.00,4985.00,0.00,277.18
7.06,0.00,0.00,0.00,2410.00,0.00,1.00,4985.00,0.00,268.06
7.06,0.00,0.00,0.00,2410.00,0.00,1.00,4985.00,0.00,259.75
7.07,0.00,0.00,0.00,2410.00,0.00,1.00,4985.00,0.00,252.15
7.08,0.00,0.00,0.00,2410.00,0.00,1.00,4985.00,0.00,245.22
7.08,0.00,0.00,0.00,2410.00,0.00,1.00,4985.00,0.00,238.89
7.09,0.00,0.00,0.00,2410.00,0.00,0.00,4986.00,0.00,218.09
7.10,0.00,0.00,0.00,2410.00,0.00,0.00,4986.00,0.00,199.10
7.10,0.00,0.00,0.00,2410.00,0.00,0.00,4986.00,0.00,181.76
7.11,0.00,0.00,0.00,2410.00,0.00,0.00,4986.00,0.00,165.93
7.12,0.00,0.00,0.00,2410.00,0.00,0.00,4986.00,0.00,151.48
7.12,0.00,0.00,0.00,2410.00,0.00,0.00,4986.00,0.00,138.29
7.13,0.00,0.00,0.00,2410.00,0.00,0.00,4986.00,0.00,126.25
7.14,0.00,0.00,0.00,2410.00,0.00,0.00,4986.00,0.00,115.26
7.15,0.00,0.00,0.00,2410.00,0.00,0.00,4986.00,0.00,105.22
7.15,0.00,0.00,0.00,2410.00,0.00,0.00,4986.00,0.00,96.06
7.16,0.00,0.00,0.00,2410.00,0.00,0.00,4986.00,0.00,87.70
7.17,0.00,0.00,0.00,2410.00,0.00,0.00,4986.00,0.00,80.06
7.17,0.00,0.00,0.00,2410.00,0.00,0.00,4986.00,0.00,73.09
7.18,0.00,0.00,0.00,2410.00,0.00,0.00,4986.00,0.00,66.72
7.19,0.00,0.00,0.00,2410.00,0.00,0.00,4986.00,0.00,60.91
7.19,0.00,0.00,0.00,2410.00,0.00,0.00,4986.00,0.00,55.61
7.20,0.00,0.00,0.00,2410.00,0.00,0.00,4986.00,0.00,50.77
7.21,0.00,0.00,0.00,2410.00,0.00,0.00,4986.00,0.00,46.35
7.22,0.00,0.00,0.00,2410.00,0.00,0.00,4986.00,0.00,42.31
7.22,0.00,0.00,0.00,2410.00,0.00,0.00,4986.00,0.00,38.63
7.23,0.00,0.00,0.00,2410.00,0.00,0.00,4986.00,0.00,35.26
7.24,0.00,0.00,0.00,2410.00,0.00,0.00,4986.00,0.00,32.19
7.24,0.00,0.00,0.00,2410.00,0.00,0.00,4986.00,0.00,29.39
7.25,0.00,0.00,0.00,2410.00,0.00,0.00,4986.00,0.00,26.83
7.26,0.00,0.00,0.00,2410.00,0.00,0.00,4986.00,0.00,24.49
7.26,0.00,0.00,0.00,2410.00,0.00,0.00,4986.00,0.00,22.36
7.27,0.00,0.00,0.00,2410.00,0.00,0.00,4986.00,0.00,20.41
7.28,0.00,0.00,0.00,2410.00,0.00,0.00,4986.00,0.00,18.64
7.28,0.00,0.00,0.00,2410.00,0.00,0.00,4986.00,0.00,17.01
7.29,0.00,0.00,0.00,2410.00,0.00,0.00,4986.00,0.00,15.53
7.30,0.00,0.00,0.00,2410.00,0.00,0.00,4986.00,0.00,14.18
7.31,0.00,0.00,0.00,2410.00,0.00,0.00,4986.00,0.00,12.95
7.31,0.00,0.00,0.00,2410.00,0.00,0.00,4986.00,0.00,11.82
7.32,0.00,0.00,0.00,2410.00,0.00,0.00,4986.00,0.00,10.79
7.33,0.00,0.00,0.00,2410.00,0.00,0.00,4986.00,0.00,9.85
7.33,0.00,0.00,0.00,2410.00,0.00,0.00,4986.00,0.00,8.99
7.34,0.00,0.00,0.00,2410.00,0.00,0.00,4986.00,0.00,8.21
7.35,0.00,0.00,0.00,2410.00,0.00,0.00,4986.00,0.00,7.49
7.35,0.00,0.00,0.00,2410.00,0.00,0.00,4986.00,0.00,6.84
7.36,0.00,0.00,0.00,2410.00,0.00,0.00,4986.00,0.00,6.25
7.37,0.00,0.00,0.00,2410.00,0.00,0.00,4986.00,0.00,5.70
7.38,0.00,0.00,0.00,2410.00,0.00,0.00,4986.00,0.00,5.21
7.38,0.00,0.00,0.00,2410.00,0.00,0.00,4986.00,0.00,4.75
7.39,0.00,0.00,0.00,2410.00,0.00,0.00,4986.00,0.00,4.34
7.40,0.00,0.00,0.00,2410.00,0.00,0.00,4986.00,0.00,3.96
7.40,0.00,0.00,0.00,2410.00,0.00,0.00,4986.00,0.00,3.62
7.41,0.00,0.00,0.00,2410.00,0.00,0.00,4986.00,0.00,3.30
7.42,0.00,0.00,0.00,2410.00,0.00,0.00,4986.00,0.00,3.01
7.42,0.00,0.00,0.00,2410.00,0.00,0.00,4986.00,0.00,2.75
7.43,0.00,0.00,0.00,2410.00,0.00,0.00,4986.00,0.00,2.51
7.44,0.00,0.00,0.00,2410.00,0.00,0.00,4986.00,0.00,2.29
7.44,0.00,0.00,0.00,2410.00,0.00,0.00,4986.00,0.00,2.09
7.45,0.00,0.00,0.00,2410.00,0.00,0.00,4986.00,0.00,1.91
7.46,0.00,0.00,0.00,2410.00,0.00,0.00,4986.00,0.00,1.74
7.47,0.00,0.00,0.00,2410.00,0.00,0.00,4986.00,0.00,1.59
7.47,0.00,0.00,0.00,2410.00,0.00,0.00,4986.00,0.00,1.45
7.48,0.00,0.00,0.00,2410.00,0.00,0.00,4986.00,0.00,1.33
7.49,0.00,0.00,0.00,2410.00,0.00,0.00,4986.00,0.00,1.21
7.49,0.00,0.00,0.00,2410.00,0.00,0.00,4986.00,0.00,1.11
7.50,0.00,0.00,0.00,2410.00,0.00,0.00,4986.00,0.00,1.01
7.51,0.00,0.00,0.00,2410.00,0.00,0.00,4986.00,0.00,0.92
7.51,0.00,0.00,0.00,2410.00,0.00,0.00,4986.00,0.00,0.84
7.52,0.00,0.00,0.00,2410.00,0.00,0.00,4986.00,0.00,0.77
7.53,0.00,0.00,0.00,2410.00,0.00,0.00,4986.00,0.00,0.70
7.53,0.00,0.00,0.00,2410.00,0.00,0.00,4986.00,0.00,0.64
7.54,0.00,0.00,0.00,2410.00,0.00,0.00,4986.00,0.00,0.58
7.55,0.00,0.00,0.00,2410.00,0.00,0.00,4986.00,0.00,0.53
7.56,0.00,0.00,0.00,2410.00,0.00,0.00,4986.00,0.00,0.49
7.56,0.00,0.00,0.00,2410.00,0.00,0.00,4986.00,0.00,0.44
7.57,0.00,0.00,0.00,2410.00,0.00,0.00,4986.00,0.00,0.41
7.58,0.00,0.00,0.00,2410.00,0.00,0.00,4986.00,0.00,0.37
7.58,0.00,0.00,0.00,2410.00,0.00,0.00,4986.00,0.00,0.34
7.59,0.00,0.00,0.00,2410.00,0.00,0.00,4986.00,0.00,0.31
7.60,0.00,0.00,0.00,2410.00,0.00,0.00,4986.00,0.00,0.28
7.60,0.00,0.00,0.00,2410.00,0.00,0.00,4986.00,0.00,0.26
7.61,0.00,0.00,0.00,2410.00,0.00,0.00,4986.00,0.00,0.24
7.62,0.00,0.00,0.00,2410.00,0.00,0.00,4986.00,0.00,0.21
7.62,0.00,0.00,0.00,2410.00,0.00,0.00,4986.00,0.00,0.20
7.63,0.00,0.00,0.00,2410.00,0.00,0.00,4986.00,0.00,0.18
7.64,0.00,0.00,0.00,2410.00,0.00,0.00,4986.00,0.00,0.16
7.65,0.00,0.00,0.00,2410.00,0.00,0.00,4986.00,0.00,0.15
7.65,0.00,0.00,0.00,2410.00,0.00,0.00,4986.00,0.00,0.14
7.66,0.00,0.00,0.00,2410.00,0.00,0.00,4986.00,0.00,0.12
7.67,0.00,0.00,0.00,2410.00,0.00,0.00,4986.00,0.00,0.11
7.67,0.00,0.00,0.00,2410.00,0.00,0.00,4986.00,0.00,0.10
7.68,0.00,0.00,0.00,2410.00,0.00,0.00,4986.00,0.00,0.09
7.69,0.00,0.00,0.00,2410.00,0.00,0.00,4986.00,0.00,0.09
7.69,0.00,0.00,0.00,2410.00,0.00,0.00,4986.00,0.00,0.08
7.70,0.00,0.00,0.00,2410.00,0.00,0.00,4986.00,0.00,0.07
7.71,0.00,0.00,0.00,2410.00,0.00,0.00,4986.00,0.00,0.07
7.72,0.00,0.00,0.00,2410.00,0.00,0.00,4986.00,0.00,0.06
7.72,0.00,0.00,0.00,2410.00,0.00,0.00,4986.00,0.00,0.05
7.73,0.00,0.00,0.00,2410.00,0.00,0.00,4986.00,0.00,0.05
7.74,0.00,0.00,0.00,2410.00,0.00,0.00,4986.00,0.00,0.05
7.74,0.00,0.00,0.00,2410.00,0.00,0.00,4986.00,0.00,0.04
7.75,0.00,0.00,0.00,2410.00,0.00,0.00,4986.00,0.00,0.04
7.76,0.00,0.00,0.00,2410.00,0.00,0.00,4986.00,0.00,0.03
7.76,0.00,0.00,0.00,2410.00,0.00,0.00,4986.00,0.00,0.03
7.77,0.00,0.00,0.00,2410.00,0.00,0.00,4986.00,0.00,0.03
7.78,0.00,0.00,0.00,2410.00,0.00,0.00,4986.00,0.00,0.03
7.78,0.00,0.00,0.00,2410.00,0.00,0.00,4986.00,0.00,0.02
7.79,0.00,0.00,0.00,2410.00,0.00,0.00,4986.00,0.00,0.02
7.80,0.00,0.00,0.00,2410.00,0.00,0.00,4986.00,0.00,0.02
7.81,0.00,0.00,0.00,2410.00,0.00,0.00,4986.00,0.00,0.02
7.81,0.00,0.00,0.00,2410.00,0.00,0.00,4986.00,0.00,0.02
7.82,0.00,0.00,0.00,2410.00,0.00,0.00,4986.00,0.00,0.02
7.83,0.00,0.00,0.00,2410.00,0.00,0.00,4986.00,0.00,0.01
7.83,0.00,0.00,0.00,2410.00,0.00,0.00,4986.00,0.00,0.01
7.84,0.00,0.00,0.00,2410.00,0.00,0.00,4986.00,0.00,0.01
7.85,0.00,0.00,0.00,2410.00,0.00,0.00,4986.00,0.00,0.01
7.85,0.00,0.00,0.00,2410.00,0.00,0.00,4986.00,0.00,0.01
7.86,0.00,0.00,0.00,2410.00,0.00,0.00,4986.00,0.00,0.01
7.87,0.00,0.00,0.00,2410.00,0.00,0.00,4986.00,0.00,0.01
7.88,0.00,0.00,0.00,2410.00,0.00,0.00,4986.00,0.00,0.01
7.88,0.00,0.00,0.00,2410.00,0.00,0.00,4986.00,0.00,0.01
7.89,0.00,0.00,0.00,2410.00,0.00,0.00,4986.00,0.00,0.01
7.90,0.00,0.00,0.00,2410.00,0.00,0.00,4986.00,0.00,0.01
7.90,0.00,0.00,0.00,2410.00,0.00,0.00,4986.00,0.00,0.01
7.91,0.00,0.00,0.00,2410.00,0.00,0.00,4986.00,0.00,0.00
7.92,0.00,0.00,0.00,2410.00,0.00,0.00,4986.00,0.00,0.00
7.92,0.00,0.00,0.00,2410.00,0.00,0.00,4986.00,0.00,0.00
7.93,0.00,0.00,0.00,2410.00,0.00,0.00,4986.00,0.00,0.00
7.94,0.00,0.00,0.00,2410.00,0.00,0.00,4986.00,0.00,0.00
7.94,0.00,0.00,0.00,2410.00,0.00,0.00,4986.00,0.00,0.00
7.95,0.00,0.00,0.00,2410.00,0.00,0.00,4986.00,0.00,0.00
7.96,0.00,0.00,0.00,2410.00,0.00,0.00,4986.00,0.00,0.00
7.97,0.00,0.00,0.00,2410.00,0.00,0.00,4986.00,0.00,0.00
7.97,0.00,0.00,0.00,2410.00,0.00,0.00,4986.00,0.00,0.00
7.98,0.00,0.00,0.00,2410.00,0.00,0.00,4986.00,0.00,0.00
7.99,0.00,0.00,0.00,2410.00,0.00,0.00,4986.00,0.00,0.00
7.99,0.00,0.00,0.00,2410.00,0.00,0.00,4986.00,0.00,0.00
8.00,0.00,0.00,0.00,2410.00,0.00,0.00,4986.00,0.00,0.00
8.01,0.00,0.00,0.00,2410.00,0.00,0.00,4986.00,0.00,0.00
8.01,0.00,0.00,0.00,2410.00,0.00,0.00,4986.00,0.00,0.00
8.02,0.00,0.00,0.00,2410.00,0.00,0.00,4986.00,0.00,0.00
8.03,0.00,0.00,0.00,2410.00,0.00,0.00,4986.00,0.00,0.00
8.03,0.00,0.00,0.00,2410.00,0.00,0.00,4986.00,0.00,0.00
8.04,0.00,0.00,0.00,2410.00,0.00,0.00,4986.00,0.00,0.00
8.05,0.00,0.00,0.00,2410.00,0.00,0.00,4986.00,0.00,0.00
8.06,0.00,0.00,0.00,2410.00,0.00,0.00,4986.00,0.00,0.00
8.06,0.00,0.00,0.00,2410.00,0.00,0.00,4986.00,0.00,0.00
8.07,0.00,0.00,0.00,2410.00,0.00,0.00,4986.00,0.00,0.00
8.08,0.00,0.00,0.00,2410.00,0.00,0.00,4986.00,0.00,0.00
8.08,0.00,0.00,0.00,2410.00,0.00,0.00,4986.00,0.00,0.00
8.09,0.00,0.00,0.00,2410.00,0.00,0.00,4986.00,0.00,0.00
8.10,0.00,0.00,0.00,2410.00,0.00,0.00,4986.00,0.00,0.00
8.10,0.00,0.00,0.00,2410.00,0.00,0.00,4986.00,0.00,0.00
8.11,0.00,0.00,0.00,2410.00,0.00,0.00,4986.00,0.00,0.00
8.12,0.00,0.00,0.00,2410.00,0.00,0.00,4986.00,0.00,0.00
8.12,0.00,0.00,0.00,2410.00,0.00,0.00,4986.00,0.00,0.00
8.13,0.00,0.00,0.00,2410.00,0.00,0.00,4986.00,0.00,0.00
8.14,0.00,0.00,0.00,2410.00,0.00,0.00,4986.00,0.00,0.00
8.15,0.00,0.00,0.00,2410.00,0.00,0.00,4986.00,0.00,0.00
8.15,0.00,0.00,0.00,2410.00,0.00,0.00,4986.00,0.00,0.00
8.16,0.00,0.00,0.00,2410.00,0.00,0.00,4986.00,0.00,0.00
8.17,0.00,0.00,0.00,2410.00,0.00,0.00,4986.00,0.00,0.00
8.17,0.00,0.00,0.00,2410.00,0.00,0.00,4986.00,0.00,0.00
8.18,0.00,0.00,0.00,2410.00,0.00,0.00,4986.00,0.00,0.00
8.19,0.00,0.00,0.00,2410.00,0.00,0.00,4986.00,0.00,0.00
8.19,0.00,0.00,0.00,2410.00,0.00,0.00,4986.00,0.00,0.00
8.20,0.00,0.00,0.00,2410.00,0.00,0.00,4986.00,0.00,0.00
8.21,0.00,0.00,0.00,2410.00,0.00,0.00,4986.00,0.00,0.00
8.22,0.00,0.00,0.00,2410.00,0.00,0.00,4986.00,0.00,0.00
8.22,0.00,0.00,0.00,2410.00,0.00,0.00,4986.00,0.00,0.00
8.23,0.00,0.00,0.00,2410.00,0.00,0.00,4986.00,0.00,0.00
8.24,0.00,0.00,0.00,2410.00,0.00,0.00,4986.00,0.00,0.00
8.24,0.00,0.00,0.00,2410.00,0.00,0.00,4986.00,0.00,0.00
8.25,0.00,0.00,0.00,2410.00,0.00,0.00,4986.00,0.00,0.00
8.26,0.00,0.00,0.00,2410.00,0.00,0.00,4986.00,0.00,0.00
8.26,0.00,0.00,0.00,2410.00,0.00,0.00,4986.00,0.00,0.00
8.27,0.00,0.00,0.00,2410.00,0.00,0.00,4986.00,0.00,0.00
8.28,0.00,0.00,0.00,2410.00,0.00,0.00,4986.00,0.00,0.00
8.28,0.00,0.00,0.00,2410.00,0.00,0.00,4986.00,0.00,0.00
8.29,0.00,0.00,0.00,2410.00,0.00,0.00,4986.00,0.00,0.00
8.30,0.00,0.00,0.00,2410.00,0.00,0.00,4986.00,0.00,0.00
8.31,0.00,0.00,0.00,2410.00,0.00,0.00,4986.00,0.00,0.00
8.31,0.00,0.00,0.00,2410.00,0.00,0.00,4986.00,0.00,0.00
8.32,0.00,0.00,0.00,2410.00,0.00,0.00,4986.00,0.00,0.00
8.33,0.00,0.00,0.00,2410.00,0.00,0.00,4986.00,0.00,0.00
8.33,0.00,0.00,0.00,2410.00,0.00,0.00,4986.00,0.00,0.00
8.34,0.00,0.00,0.00,2410.00,0.00,0.00,4986.00,0.00,0.00
8.35,0.00,0.00,0.00,2410.00,0.00,0.00,4986.00,0.00,0.00
8.35,0.00,0.00,0.00,2410.00,0.00,0.00,4986.00,0.00,0.00
8.36,0.00,0.00,0.00,2410.00,0.00,0.00,4986.00,0.00,0.00
8.37,0.00,0.00,0.00,2410.00,0.00,0.00,4986.00,0.00,0.00
8.38,0.00,0.00,0.00,2410.00,0.00,0.00,4986.00,0.00,0.00
8.38,0.00,0.00,0.00,2410.00,0.00,0.00,4986.00,0.00,0.00
8.39,0.00,0.00,0.00,2410.00,0.00,0.00,4986.00,0.00,0.00
8.40,0.00,0.00,0.00,2410.00,0.00,0.00,4986.00,0.00,0.00
8.40,0.00,0.00,0.00,2410.00,0.00,0.00,4986.00,0.00,0.00
8.41,0.00,0.00,0.00,2410.00,0.00,0.00,4986.00,0.00,0.00
8.42,0.00,0.00,0.00,2410.00,0.00,0.00,4986.00,0.00,0.00
8.42,0.00,0.00,0.00,2410.00,0.00,0.00,4986.00,0.00,0.00
8.43,0.00,0.00,0.00,2410.00,0.00,0.00,4986.00,0.00,0.00
8.44,0.00,0.00,0.00,2410.00,0.00,0.00,4986.00,0.00,0.00
8.44,0.00,0.00,0.00,2410.00,0.00,0.00,4986.00,0.00,0.00
8.45,0.00,0.00,0.00,2410.00,0.00,0.00,4986.00,0.00,0.00
8.46,0.00,0.00,0.00,2410.00,0.00,0.00,4986.00,0.00,0.00
8.47,0.00,0.00,0.00,2410.00,0.00,0.00,4986.00,0.00,0.00
8.47,0.00,0.00,0.00,2410.00,0.00,0.00,4986.00,0.00,0.00
8.48,0.00,0.00,0.00,2410.00,0.00,0.00,4986.00,0.00,0.00
8.49,0.00,0.00,0.00,2410.00,0.00,0.00,4986.00,0.00,0.00
8.49,0.00,0.00,0.00,2410.00,0.00,0.00,4986.00,0.00,0.00
8.50,0.00,0.00,0.00,2410.00,0.00,0.00,4986.00,0.00,0.00
8.51,0.00,0.00,0.00,2410.00,0.00,0.00,4986.00,0.00,0.00
8.51,0.00,0.00,0.00,2410.00,0.00,0.00,4986.00,0.00,0.00
8.52,0.00,0.00,0.00,2410.00,0.00,0.00,4986.00,0.00,0.00
8.53,0.00,0.00,0.00,2410.00,0.00,0.00,4986.00,0.00,0.00
8.53,0.00,0.00,0.00,2410.00,0.00,0.00,4986.00,0.00,0.00
8.54,0.00,0.00,0.00,2410.00,0.00,0.00,4986.00,0.00,0.00
8.55,0.00,0.00,0.00,2410.00,0.00,0.00,4986.00,0.00,0.00
8.56,0.00,0.00,0.00,2410.00,0.00,0.00,4986.00,0.00,0.00
8.56,0.00,0.00,0.00,2410.00,0.00,0.00,4986.00,0.00,0.00
8.57,0.00,0.00,0.00,2410.00,0.00,0.00,4986.00,0.00,0.00
8.58,0.00,0.00,0.00,2410.00,0.00,0.00,4986.00,0.00,0.00
8.58,0.00,0.00,0.00,2410.00,0.00,0.00,4986.00,0.00,0.00
8.59,0.00,0.00,0.00,2410.00,0.00,0.00,4986.00,0.00,0.00
8.60,0.00,0.00,0.00,2410.00,0.00,0.00,4986.00,0.00,0.00
8.60,0.00,0.00,0.00,2410.00,0.00,0.00,4986.00,0.00,0.00
8.61,0.00,0.00,0.00,2410.00,0.00,0.00,4986.00,0.00,0.00
8.62,0.00,0.00,0.00,2410.00,0.00,0.00,4986.00,0.00,0.00
8.62,0.00,0.00,0.00,2410.00,0.00,0.00,4986.00,0.00,0.00
8.63,0.00,0.00,0.00,2410.00,0.00,0.00,4986.00,0.00,0.00
8.64,0.00,0.00,0.00,2410.00,0.00,0.00,4986.00,0.00,0.00
8.65,0.00,0.00,0.00,2410.00,0.00,0.00,4986.00,0.00,0.00
8.65,0.00,0.00,0.00,2410.00,0.00,0.00,4986.00,0.00,0.00
8.66,0.00,0.00,0.00,2410.00,0.00,0.00,4986.00,0.00,0.00
8.67,0.00,0.00,0.00,2410.00,0.00,0.00,4986.00,0.00,0.00
8.67,0.00,0.00,0.00,2410.00,0.00,0.00,4986.00,0.00,0.00
8.68,0.00,0.00,0.00,2410.00,0.00,0.00,4986.00,0.00,0.00
8.69,0.00,0.00,0.00,2410.00,0.00,0.00,4986.00,0.00,0.00
8.69,0.00,0.00,0.00,2410.00,0.00,0.00,4986.00,0.00,0.00
8.70,0.00,0.00,0.00,2410.00,0.00,0.00,4986.00,0.00,0.00
8.71,0.00,0.00,0.00,2410.00,0.00,0.00,4986.00,0.00,0.00
8.72,0.00,0.00,0.00,2410.00,0.00,0.00,4986.00,0.00,0.00
8.72,0.00,0.00,0.00,2410.00,0.00,0.00,4986.00,0.00,0.00
8.73,0.00,0.00,0.00,2410.00,0.00,0.00,4986.00,0.00,0.00
8.74,0.00,0.00,0.00,2410.00,0.00,0.00,4986.00,0.00,0.00
8.74,0.00,0.00,0.00,2410.00,0.00,0.00,4986.00,0.00,0.00
8.75,0.00,0.00,0.00,2410.00,0.00,0.00,4986.00,0.00,0.00
8.76,0.00,0.00,0.00,2410.00,0.00,0.00,4986.00,0.00,0.00
8.76,0.00,0.00,0.00,2410.00,0.00,0.00,4986.00,0.00,0.00
8.77,0.00,0.00,0.00,2410.00,0.00,0.00,4986.00,0.00,0.00
8.78,0.00,0.00,0.00,2410.00,0.00,0.00,4986.00,0.00,0.00
8.78,0.00,0.00,0.00,2410.00,0.00,0.00,4986.00,0.00,0.00
8.79,0.00,0.00,0.00,2410.00,0.00,0.00,4986.00,0.00,0.00
8.80,0.00,0.00,0.00,2410.00,0.00,0.00,4986.00,0.00,0.00
8.81,0.00,0.00,0.00,2410.00,0.00,0.00,4986.00,0.00,0.00
8.81,0.00,0.00,0.00,2410.00,0.00,0.00,4986.00,0.00,0.00
8.82,0.00,0.00,0.00,2410.00,0.00,0.00,4986.00,0.00,0.00
8.83,0.00,0.00,0.00,2410.00,0.00,0.00,4986.00,0.00,0.00
8.83,0.00,0.00,0.00,2410.00,0.00,0.00,4986.00,0.00,0.00
8.84,0.00,0.00,0.00,2410.00,0.00,0.00,4986.00,0.00,0.00
8.85,0.00,0.00,0.00,2410.00,0.00,0.00,4986.00,0.00,0.00
8.85,0.00,0.00,0.00,2410.00,0.00,0.00,4986.00,0.00,0.00
8.86,0.00,0.00,0.00,2410.00,0.00,0.00,4986.00,0.00,0.00
8.87,0.00,0.00,0.00,2410.00,0.00,0.00,4986.00,0.00,0.00
8.88,0.00,0.00,0.00,2410.00,0.00,0.00,4986.00,0.00,0.00
8.88,0.00,0.00,0.00,2410.00,0.00,0.00,4986.00,0.00,0.00
8.89,0.00,0.00,0.00,2410.00,0.00,0.00,4986.00,0.00,0.00
8.90,0.00,0.00,0.00,2410.00,0.00,0.00,4986.00,0.00,0.00
8.90,0.00,0.00,0.00,2410.00,0.00,0.00,4986.00,0.00,0.00
8.91,0.00,0.00,0.00,2410.00,0.00,0.00,4986.00,0.00,0.00
8.92,0.00,0.00,0.00,2410.00,0.00,0.00,4986.00,0.00,0.00
8.92,0.00,0.00,0.00,2410.00,0.00,0.00,4986.00,0.00,0.00
8.93,0.00,0.00,0.00,2410.00,0.00,0.00,4986.00,0.00,0.00
8.94,0.00,0.00,0.00,2410.00,0.00,0.00,4986.00,0.00,0.00
8.94,0.00,0.00,0.00,2410.00,0.00,0.00,4986.00,0.00,0.00
8.95,0.00,0.00,0.00,2410.00,0.00,0.00,4986.00,0.00,0.00
8.96,0.00,0.00,0.00,2410.00,0.00,0.00,4986.00,0.00,0.00
8.97,0.00,0.00,0.00,2410.00,0.00,0.00,4986.00,0.00,0.00
8.97,0.00,0.00,0.00,2410.00,0.00,0.00,4986.00,0.00,0.00
8.98,0.00,0.00,0.00,2410.00,0.00,0.00,4986.00,0.00,0.00
8.99,0.00,0.00,0.00,2410.00,0.00,0.00,4986.00,0.00,0.00
8.99,0.00,0.00,0.00,2410.00,0.00,0.00,4986.00,0.00,0.00
9.00,0.00,0.00,0.00,2410.00,0.00,0.00,4986.00,0.00,0.00
9.01,0.00,0.00,0.00,2410.00,0.00,0.00,4986.00,0.00,0.00
9.01,0.00,0.00,0.00,2410.00,0.00,0.00,4986.00,0.00,0.00
9.02,0.00,0.00,0.00,2410.00,0.00,0.00,4986.00,0.00,0.00
9.03,0.00,0.00,0.00,2410.00,0.00,0.00,4986.00,0.00,0.00
9.03,0.00,0.00,0.00,2410.00,0.00,0.00,4986.00,0.00,0.00
9.04,0.00,0.00,0.00,2410.00,0.00,0.00,4986.00,0.00,0.00
9.05,0.00,0.00,0.00,2410.00,0.00,0.00,4986.00,0.00,0.00
9.06,0.00,0.00,0.00,2410.00,0.00,0.00,4986.00,0.00,0.00
9.06,0.00,0.00,0.00,2410.00,0.00,0.00,4986.00,0.00,0.00
9.07,0.00,0.00,0.00,2410.00,0.00,0.00,4986.00,0.00,0.00
9.08,0.00,0.00,0.00,2410.00,0.00,0.00,4986.00,0.00,0.00
9.08,0.00,0.00,0.00,2410.00,0.00,0.00,4986.00,0.00,0.00
9.09,0.00,0.00,0.00,2410.00,0.00,0.00,4986.00,0.00,0.00
9.10,0.00,0.00,0.00,2410.00,0.00,0.00,4986.00,0.00,0.00
9.10,0.00,0.00,0.00,2410.00,0.00,0.00,4986.00,0.00,0.00
9.11,0.00,0.00,0.00,2410.00,0.00,0.00,4986.00,0.00,0.00
9.12,0.00,0.00,0.00,2410.00,0.00,0.00,4986.00,0.00,0.00
9.12,0.00,0.00,0.00,2410.00,0.00,0.00,4986.00,0.00,0.00
9.13,0.00,0.00,0.00,2410.00,0.00,0.00,4986.00,0.00,0.00
9.14,0.00,0.00,0.00,2410.00,0.00,0.00,4986.00,0.00,0.00
9.15,0.00,0.00,0.00,2410.00,0.00,0.00,4986.00,0.00,0.00
9.15,0.00,0.00,0.00,2410.00,0.00,0.00,4986.00,0.00,0.00
9.16,0.00,0.00,0.00,2410.00,0.00,0.00,4986.00,0.00,0.00
9.17,0.00,0.00,0.00,2410.00,0.00,0.00,4986.00,0.00,0.00
9.17,0.00,0.00,0.00,2410.00,0.00,0.00,4986.00,0.00,0.00
9.18,0.00,0.00,0.00,2410.00,0.00,0.00,4986.00,0.00,0.00
9.19,0.00,0.00,0.00,2410.00,0.00,0.00,4986.00,0.00,0.00
9.19,0.00,0.00,0.00,2410.00,0.00,0.00,4986.00,0.00,0.00
9.20,0.00,0.00,0.00,2410.00,0.00,0.00,4986.00,0.00,0.00
9.21,0.00,0.00,0.00,2410.00,0.00,0.00,4986.00,0.00,0.00
9.22,0.00,0.00,0.00,2410.00,0.00,0.00,4986.00,0.00,0.00
9.22,0.00,0.00,0.00,2410.00,0.00,0.00,4986.00,0.00,0.00
9.23,0.00,0.00,0.00,2410.00,0.00,0.00,4986.00,0.00,0.00
9.24,0.00,0.00,0.00,2410.00,0.00,0.00,4986.00,0.00,0.00
9.24,0.00,0.00,0.00,2410.00,0.00,0.00,4986.00,0.00,0.00
9.25,0.00,0.00,0.00,2410.00,0.00,0.00,4986.00,0.00,0.00
9.26,0.00,0.00,0.00,2410.00,0.00,0.00,4986.00,0.00,0.00
9.26,0.00,0.00,0.00,2410.00,0.00,0.00,4986.00,0.00,0.00
9.27,0.00,0.00,0.00,2410.00,0.00,0.00,4986.00,0.00,0.00
9.28,0.00,0.00,0.00,2410.00,0.00,0.00,4986.00,0.00,0.00
9.28,0.00,0.00,0.00,2410.00,0.00,0.00,4986.00,0.00,0.00
9.29,0.00,0.00,0.00,2410.00,0.00,0.00,4986.00,0.00,0.00
9.30,0.00,0.00,0.00,2410.00,0.00,0.00,4986.00,0.00,0.00
9.31,0.00,0.00,0.00,2410.00,0.00,0.00,4986.00,0.00,0.00
9.31,0.00,0.00,0.00,2410.00,0.00,0.00,4986.00,0.00,0.00
9.32,0.00,0.00,0.00,2410.00,0.00,0.00,4986.00,0.00,0.00
9.33,0.00,0.00,0.00,2410.00,0.00,0.00,4986.00,0.00,0.00
9.33,0.00,0.00,0.00,2410.00,0.00,0.00,4986.00,0.00,0.00
9.34,0.00,0.00,0.00,2410.00,0.00,0.00,4986.00,0.00,0.00
9.35,0.00,0.00,0.00,2410.00,0.00,0.00,4986.00,0.00,0.00
9.35,0.00,0.00,0.00,2410.00,0.00,0.00,4986.00,0.00,0.00
9.36,0.00,0.00,0.00,2410.00,0.00,0.00,4986.00,0.00,0.00
9.37,0.00,0.00,0.00,2410.00,0.00,0.00,4986.00,0.00,0.00
9.38,0.00,0.00,0.00,2410.00,0.00,0.00,4986.00,0.00,0.00
9.38,0.00,0.00,0.00,2410.00,0.00,0.00,4986.00,0.00,0.00
9.39,0.00,0.00,0.00,2410.00,0.00,0.00,4986.00,0.00,0.00
9.40,0.00,0.00,0.00,2410.00,0.00,0.00,4986.00,0.00,0.00
9.40,0.00,0.00,0.00,2410.00,0.00,0.00,4986.00,0.00,0.00
9.41,0.00,0.00,0.00,2410.00,0.00,0.00,4986.00,0.00,0.00
9.42,0.00,0.00,0.00,2410.00,0.00,0.00,4986.00,0.00,0.00
9.42,0.00,0.00,0.00,2410.00,0.00,0.00,4986.00,0.00,0.00
9.43,0.00,0.00,0.00,2410.00,0.00,0.00,4986.00,0.00,0.00
9.44,0.00,0.00,0.00,2410.00,0.00,0.00,4986.00,0.00,0.00
9.44,0.00,0.00,0.00,2410.00,0.00,0.00,4986.00,0.00,0.00
9.45,0.00,0.00,0.00,2410.00,0.00,0.00,4986.00,0.00,0.00
9.46,0.00,0.00,0.00,2410.00,0.00,0.00,4986.00,0.00,0.00
9.47,0.00,0.00,0.00,2410.00,0.00,0.00,4986.00,0.00,0.00
9.47,0.00,0.00,0.00,2410.00,0.00,0.00,4986.00,0.00,0.00
9.48,0.00,0.00,0.00,2410.00,0.00,0.00,4986.00,0.00,0.00
9.49,0.00,0.00,0.00,2410.00,0.00,0.00,4986.00,0.00,0.00
9.49,0.00,0.00,0.00,2410.00,0.00,0.00,4986.00,0.00,0.00
9.50,0.00,0.00,0.00,2410.00,0.00,0.00,4986.00,0.00,0.00
9.51,0.00,0.00,0.00,2410.00,0.00,0.00,4986.00,0.00,0.00
9.51,0.00,0.00,0.00,2410.00,0.00,0.00,4986.00,0.00,0.00
9.52,0.00,0.00,0.00,2410.00,0.00,0.00,4986.00,0.00,0.00
9.53,0.00,0.00,0.00,2410.00,0.00,0.00,4986.00,0.00,0.00
9.53,0.00,0.00,0.00,2410.00,0.00,0.00,4986.00,0.00,0.00
9.54,0.00,0.00,0.00,2410.00,0.00,0.00,4986.00,0.00,0.00
9.55,0.00,0.00,0.00,2410.00,0.00,0.00,4986.00,0.00,0.00
9.56,0.00,0.00,0.00,2410.00,0.00,0.00,4986.00,0.00,0.00
9.56,0.00,0.00,0.00,2410.00,0.00,0.00,4986.00,0.00,0.00
9.57,0.00,0.00,0.00,2410.00,0.00,0.00,4986.00,0.00,0.00
9.58,0.00,0.00,0.00,2410.00,0.00,0.00,4986.00,0.00,0.00
9.58,0.00,0.00,0.00,2410.00,0.00,0.00,4986.00,0.00,0.00
9.59,0.00,0.00,0.00,2410.00,0.00,0.00,4986.00,0.00,0.00
9.60,0.00,0.00,0.00,2410.00,0.00,0.00,4986.00,0.00,0.00
9.60,0.00,0.00,0.00,2410.00,0.00,0.00,4986.00,0.00,0.00
9.61,0.00,0.00,0.00,2410.00,0.00,0.00,4986.00,0.00,0.00
9.62,0.00,0.00,0.00,2410.00,0.00,0.00,4986.00,0.00,0.00
9.62,0.00,0.00,0.00,2410.00,0.00,0.00,4986.00,0.00,0.00
9.63,0.00,0.00,0.00,2410.00,0.00,0.00,4986.00,0.00,0.00
9.64,0.00,0.00,0.00,2410.00,0.00,0.00,4986.00,0.00,0.00
9.65,0.00,0.00,0.00,2410.00,0.00,0.00,4986.00,0.00,0.00
9.65,0.00,0.00,0.00,2410.00,0.00,0.00,4986.00,0.00,0.00
9.66,0.00,0.00,0.00,2410.00,0.00,0.00,4986.00,0.00,0.00
9.67,0.00,0.00,0.00,2410.00,0.00,0.00,4986.00,0.00,0.00
9.67,0.00,0.00,0.00,2410.00,0.00,0.00,4986.00,0.00,0.00
9.68,0.00,0.00,0.00,2410.00,0.00,0.00,4986.00,0.00,0.00
9.69,0.00,0.00,0.00,2410.00,0.00,0.00,4986.00,0.00,0.00
9.69,0.00,0.00,0.00,2410.00,0.00,0.00,4986.00,0.00,0.00
9.70,0.00,0.00,0.00,2410.00,0.00,0.00,4986.00,0.00,0.00
9.71,0.00,0.00,0.00,2410.00,0.00,0.00,4986.00,0.00,0.00
9.72,0.00,0.00,0.00,2410.00,0.00,0.00,4986.00,0.00,0.00
9.72,0.00,0.00,0.00,2410.00,0.00,0.00,4986.00,0.00,0.00
9.73,0.00,0.00,0.00,2410.00,0.00,0.00,4986.00,0.00,0.00
9.74,0.00,0.00,0.00,2410.00,0.00,0.00,4986.00,0.00,0.00
9.74,0.00,0.00,0.00,2410.00,0.00,0.00,4986.00,0.00,0.00
9.75,0.00,0.00,0.00,2410.00,0.00,0.00,4986.00,0.00,0.00
9.76,0.00,0.00,0.00,2410.00,0.00,0.00,4986.00,0.00,0.00
9.76,0.00,0.00,0.00,2410.00,0.00,0.00,4986.00,0.00,0.00
9.77,0.00,0.00,0.00,2410.00,0.00,0.00,4986.00,0.00,0.00
9.78,0.00,0.00,0.00,2410.00,0.00,0.00,4986.00,0.00,0.00
9.78,0.00,0.00,0.00,2410.00,0.00,0.00,4986.00,0.00,0.00
9.79,0.00,0.00,0.00,2410.00,0.00,0.00,4986.00,0.00,0.00
9.80,0.00,0.00,0.00,2410.00,0.00,0.00,4986.00,0.00,0.00
9.81,0.00,0.00,0.00,2410.00,0.00,0.00,4986.00,0.00,0.00
9.81,0.00,0.00,0.00,2410.00,0.00,0.00,4986.00,0.00,0.00
9.82,0.00,0.00,0.00,2410.00,0.00,0.00,4986.00,0.00,0.00
9.83,0.00,0.00,0.00,2410.00,0.00,0.00,4986.00,0.00,0.00
9.83,0.00,0.00,0.00,2410.00,0.00,0.00,4986.00,0.00,0.00
9.84,0.00,0.00,0.00,2410.00,0.00,0.00,4986.00,0.00,0.00
9.85,0.00,0.00,0.00,2410.00,0.00,0.00,4986.00,0.00,0.00
9.85,0.00,0.00,0.00,2410.00,0.00,0.00,4986.00,0.00,0.00
9.86,0.00,0.00,0.00,2410.00,0.00,0.00,4986.00,0.00,0.00
9.87,0.00,0.00,0.00,2410.00,0.00,0.00,4986.00,0.00,0.00
9.88,0.00,0.00,0.00,2410.00,0.00,0.00,4986.00,0.00,0.00
9.88,0.00,0.00,0.00,2410.00,0.00,0.00,4986.00,0.00,0.00
9.89,0.00,0.00,0.00,2410.00,0.00,0.00,4986.00,0.00,0.00
9.90,0.00,0.00,0.00,2410.00,0.00,0.00,4986.00,0.00,0.00
9.90,0.00,0.00,0.00,2410.00,0.00,0.00,4986.00,0.00,0.00
9.91,0.00,0.00,0.00,2410.00,0.00,0.00,4986.00,0.00,0.00
9.92,0.00,0.00,0.00,2410.00,0.00,0.00,4986.00,0.00,0.00
9.92,0.00,0.00,0.00,2410.00,0.00,0.00,4986.00,0.00,0.00
9.93,0.00,0.00,0.00,2410.00,0.00,0.00,4986.00,0.00,0.00
9.94,0.00,0.00,0.00,2410.00,0.00,0.00,4986.00,0.00,0.00
9.94,0.00,0.00,0.00,2410.00,0.00,0.00,4986.00,0.00,0.00
9.95,0.00,0.00,0.00,2410.00,0.00,0.00,4986.00,0.00,0.00
9.96,0.00,0.00,0.00,2410.00,0.00,0.00,4986.00,0.00,0.00
9.97,0.00,0.00,0.00,2410.00,0.00,0.00,4986.00,0.00,0.00
9.97,0.00,0.00,0.00,2410.00,0.00,0.00,4986.00,0.00,0.00
9.98,0.00,0.00,0.00,2410.00,0.00,0.00,4986.00,0.00,0.00
9.99,0.00,0.00,0.00,2410.00,0.00,0.00,4986.00,0.00,0.00
9.99,0.00,0.00,0.00,2410.00,0.00,0.00,4986.00,0.00,0.00
