Time,U,AI1,AI2,AD,BI2,BI2,BD,VA,VB
0.00,7396.00,0.00,0.00,0.00,0.00,0.00,0.00,75.00,75.00
0.01,7395.00,0.00,0.00,0.00,1.00,0.00,0.00,68.23,68.47
0.01,7395.00,0.00,0.00,0.00,1.00,0.00,0.00,62.07,62.51
0.02,7394.00,1.00,0.00,0.00,1.00,0.00,0.00,56.47,57.06
0.03,7394.00,1.00,0.00,0.00,1.00,0.00,0.00,51.37,52.10
0.03,7393.00,1.00,0.00,0.00,2.00,0.00,0.00,46.73,47.56
0.04,7391.00,1.00,0.00,0.00,3.00,1.00,0.00,42.51,58.44
0.05,7390.00,1.00,0.00,0.00,4.00,1.00,0.00,38.67,68.38
0.06,7389.00,2.00,0.00,0.00,3.00,2.00,0.00,35.18,92.47
0.06,7387.00,3.00,0.00,0.00,4.00,2.00,0.00,32.01,114.46
0.07,7385.00,3.00,0.00,0.00,6.00,2.00,0.00,29.12,134.54
0.08,7384.00,3.00,0.00,0.00,7.00,2.00,0.00,26.49,152.87
0.08,7382.00,4.00,0.00,0.00,8.00,2.00,0.00,24.10,169.61
0.09,7382.00,4.00,0.00,0.00,8.00,2.00,0.00,21.92,184.88
0.10,7381.00,4.00,0.00,0.00,9.00,2.00,0.00,19.94,198.83
0.10,7381.00,4.00,0.00,0.00,9.00,2.00,0.00,18.14,211.56
0.11,7379.00,4.00,0.00,0.00,11.00,2.00,0.00,16.50,223.19
0.12,7375.00,4.00,0.00,0.00,15.00,2.00,0.00,15.01,233.80
0.12,7374.00,3.00,1.00,0.00,16.00,2.00,0.00,15.16,243.49
0.13,7371.00,3.00,1.00,0.00,19.00,2.00,0.00,15.29,252.33
0.14,7371.00,3.00,1.00,0.00,19.00,2.00,0.00,15.42,260.41
0.15,7368.00,3.00,1.00,0.00,20.00,4.00,0.00,15.53,297.82
0.15,7368.00,3.00,1.00,0.00,20.00,4.00,0.00,15.63,331.98
0.16,7367.00,2.00,2.00,0.00,21.00,4.00,0.00,17.22,363.17
0.17,7365.00,2.00,2.00,0.00,23.00,2.00,2.00,18.67,361.59
0.17,7363.00,2.00,2.00,0.00,25.00,2.00,2.00,19.99,360.15
0.18,7362.00,2.00,2.00,0.00,26.00,2.00,2.00,21.19,358.84
0.19,7360.00,2.00,1.00,1.00,27.00,3.00,2.00,20.78,372.66
0.19,7358.00,2.00,1.00,1.00,26.00,6.00,2.00,20.41,430.35
0.20,7351.00,2.00,1.00,1.00,32.00,7.00,2.00,20.07,498.04
0.21,7347.00,2.00,1.00,1.00,36.00,7.00,2.00,19.76,559.83
0.22,7345.00,2.00,1.00,1.00,36.00,9.00,2.00,19.48,646.29
0.22,7342.00,1.00,2.00,1.00,38.00,10.00,2.00,20.72,740.25
0.23,7335.00,1.00,2.00,1.00,45.00,10.00,2.00,21.86,826.02
0.24,7332.00,1.00,2.00,1.00,46.00,12.00,2.00,22.89,934.37
0.24,7327.00,1.00,2.00,1.00,50.00,13.00,2.00,23.83,1048.31
0.25,7323.00,1.00,2.00,1.00,53.00,14.00,2.00,24.68,1167.35
0.26,7316.00,1.00,2.00,1.00,56.00,18.00,2.00,25.46,1336.12
0.26,7309.00,2.00,2.00,1.00,61.00,18.00,3.00,26.16,1490.19
0.27,7308.00,2.00,2.00,1.00,60.00,20.00,3.00,26.81,1660.90
0.28,7301.00,3.00,2.00,1.00,64.00,22.00,3.00,27.39,1846.78
0.28,7297.00,3.00,2.00,1.00,64.00,25.00,4.00,27.92,2061.55
0.29,7284.00,3.00,2.00,1.00,75.00,26.00,5.00,28.41,2272.64
0.30,7278.00,3.00,2.00,1.00,77.00,29.00,6.00,28.85,2510.42
0.31,7268.00,4.00,2.00,1.00,84.00,31.00,6.00,29.25,2757.54
0.31,7259.00,3.00,3.00,1.00,92.00,32.00,6.00,31.11,2998.16
0.32,7249.00,3.00,3.00,1.00,100.00,34.00,6.00,32.81,3247.88
0.33,7240.00,3.00,3.00,1.00,106.00,36.00,7.00,34.36,3505.90
0.33,7231.00,3.00,3.00,1.00,111.00,40.00,7.00,35.76,3801.55
0.34,7221.00,3.00,3.00,1.00,117.00,44.00,7.00,37.04,4131.54
0.35,7213.00,3.00,3.00,1.00,123.00,46.00,7.00,38.20,4462.85
0.35,7199.00,3.00,3.00,1.00,132.00,51.00,7.00,39.26,4840.42
0.36,7190.00,3.00,3.00,1.00,138.00,52.00,9.00,40.22,5200.14
0.37,7179.00,3.00,3.00,1.00,142.00,56.00,12.00,41.10,5588.62
0.38,7155.00,3.00,3.00,1.00,161.00,61.00,12.00,41.90,6018.40
0.38,7138.00,3.00,3.00,1.00,171.00,66.00,14.00,42.62,6485.87
0.39,7123.00,3.00,3.00,1.00,178.00,73.00,15.00,43.28,7017.79
0.40,7115.00,3.00,2.00,2.00,183.00,73.00,18.00,42.38,7503.40
0.40,7095.00,3.00,2.00,2.00,199.00,75.00,20.00,41.56,7976.77
0.41,7078.00,3.00,2.00,2.00,210.00,79.00,22.00,40.81,8469.01
0.42,7068.00,5.00,2.00,2.00,215.00,80.00,24.00,40.13,8933.41
0.42,7056.00,3.00,4.00,2.00,224.00,82.00,25.00,42.52,9387.42
0.43,7043.00,3.00,4.00,2.00,235.00,84.00,25.00,44.69,9831.95
0.44,7022.00,2.00,5.00,2.00,251.00,89.00,25.00,48.16,10312.88
0.44,7011.00,2.00,4.00,3.00,254.00,93.00,29.00,49.83,10812.02
0.45,6998.00,2.00,4.00,3.00,262.00,98.00,29.00,51.34,11342.82
0.46,6982.00,2.00,4.00,3.00,265.00,107.00,33.00,52.71,11962.61
0.47,6964.00,2.00,4.00,3.00,276.00,112.00,35.00,53.96,12603.54
0.47,6947.00,2.00,4.00,3.00,282.00,121.00,37.00,55.10,13323.88
0.48,6937.00,2.00,4.00,3.00,288.00,122.00,40.00,56.13,13996.51
0.49,6915.00,1.00,5.00,3.00,302.00,129.00,41.00,58.58,14715.73
0.49,6908.00,1.00,5.00,3.00,302.00,134.00,43.00,60.80,15447.44
0.50,6881.00,1.00,5.00,3.00,318.00,145.00,43.00,62.82,16280.69
0.51,6858.00,2.00,5.00,3.00,332.00,149.00,47.00,64.66,17101.48
0.51,6844.00,2.00,5.00,3.00,338.00,153.00,51.00,66.34,17910.89
0.52,6821.00,2.00,5.00,3.00,354.00,160.00,51.00,67.86,18754.98
0.53,6797.00,2.00,5.00,3.00,368.00,168.00,53.00,69.25,19645.76
0.53,6777.00,1.00,6.00,3.00,379.00,175.00,55.00,72.01,20564.13
0.54,6753.00,1.00,6.00,3.00,392.00,182.00,59.00,74.52,21507.70
0.55,6728.00,1.00,6.00,3.00,399.00,198.00,61.00,76.81,22609.47
0.56,6711.00,1.00,6.00,3.00,407.00,202.00,66.00,78.89,23675.40
0.56,6694.00,1.00,6.00,3.00,413.00,206.00,73.00,80.78,24708.61
0.57,6670.00,1.00,6.00,3.00,422.00,215.00,79.00,82.50,25787.05
0.58,6646.00,2.00,6.00,3.00,432.00,219.00,88.00,84.07,26831.68
0.58,6622.00,2.00,6.00,3.00,439.00,236.00,88.00,85.49,28040.74
0.59,6603.00,2.00,6.00,3.00,445.00,246.00,91.00,86.79,29294.76
0.60,6589.00,2.00,6.00,3.00,443.00,258.00,95.00,87.97,30619.85
0.60,6555.00,1.00,7.00,3.00,466.00,265.00,99.00,90.54,31934.73
0.61,6522.00,1.00,7.00,3.00,487.00,276.00,100.00,92.88,33300.36
0.62,6501.00,1.00,7.00,3.00,494.00,288.00,102.00,95.01,34727.36
0.62,6476.00,1.00,6.00,4.00,504.00,300.00,105.00,95.45,36210.38
0.63,6445.00,1.00,6.00,4.00,516.00,317.00,107.00,95.85,37819.65
0.64,6413.00,1.00,6.00,4.00,533.00,329.00,110.00,96.21,39469.08
0.65,6389.00,1.00,6.00,4.00,545.00,337.00,114.00,96.54,41095.06
0.65,6359.00,1.00,5.00,5.00,557.00,351.00,118.00,95.33,42789.78
0.66,6320.00,1.00,5.00,5.00,580.00,362.00,123.00,94.24,44502.19
0.67,6289.00,1.00,5.00,5.00,594.00,375.00,127.00,93.24,46260.79
0.67,6252.00,1.00,5.00,5.00,611.00,391.00,131.00,92.34,48106.63
0.68,6227.00,1.00,5.00,5.00,623.00,403.00,132.00,91.51,49972.01
0.69,6200.00,1.00,5.00,5.00,629.00,418.00,138.00,90.76,51900.32
0.69,6172.00,1.00,5.00,5.00,642.00,430.00,141.00,90.08,53840.99
0.70,6151.00,1.00,5.00,5.00,647.00,444.00,143.00,89.46,55823.00
0.71,6117.00,1.00,5.00,5.00,655.00,466.00,147.00,88.89,57962.93
0.72,6092.00,1.00,5.00,5.00,666.00,472.00,155.00,88.38,60006.67
0.72,6061.00,1.00,5.00,5.00,679.00,484.00,161.00,87.91,62052.72
0.73,6038.00,1.00,5.00,5.00,676.00,504.00,167.00,87.49,64221.07
0.74,5999.00,1.00,5.00,5.00,699.00,516.00,171.00,87.10,66380.89
0.74,5972.00,1.00,5.00,5.00,701.00,536.00,176.00,86.75,68653.10
0.75,5939.00,2.00,5.00,5.00,717.00,544.00,184.00,86.43,70847.64
0.76,5907.00,2.00,5.00,5.00,723.00,565.00,189.00,86.14,73166.58
0.76,5880.00,2.00,5.00,5.00,735.00,574.00,195.00,85.87,75418.80
0.77,5842.00,2.00,5.00,5.00,754.00,589.00,199.00,85.63,77700.25
0.78,5812.00,3.00,5.00,5.00,765.00,602.00,204.00,85.41,79978.34
0.78,5774.00,3.00,5.00,5.00,778.00,615.00,216.00,85.21,82253.37
0.79,5745.00,3.00,5.00,5.00,786.00,627.00,225.00,85.03,84510.57
0.80,5705.00,3.00,5.00,5.00,803.00,645.00,230.00,84.87,86841.65
0.81,5672.00,3.00,4.00,6.00,816.00,659.00,236.00,83.22,89180.06
0.81,5635.00,3.00,4.00,6.00,838.00,665.00,245.00,81.71,91404.99
0.82,5596.00,3.00,4.00,6.00,847.00,694.00,246.00,80.34,93871.86
0.83,5566.00,3.00,4.00,6.00,863.00,701.00,253.00,79.10,96229.08
0.83,5541.00,3.00,4.00,6.00,864.00,721.00,257.00,77.97,98681.51
0.84,5506.00,3.00,4.00,6.00,872.00,737.00,268.00,76.94,101160.76
0.85,5468.00,3.00,4.00,6.00,888.00,747.00,280.00,76.00,103574.36
0.85,5442.00,3.00,4.00,6.00,888.00,764.00,289.00,75.15,106033.19
0.86,5414.00,3.00,4.00,6.00,889.00,788.00,292.00,74.38,108638.46
0.87,5385.00,2.00,5.00,6.00,897.00,806.00,295.00,75.17,111287.29
0.88,5352.00,2.00,5.00,6.00,903.00,829.00,299.00,75.90,114051.01
0.88,5317.00,2.00,5.00,6.00,915.00,847.00,304.00,76.56,116844.49
0.89,5278.00,2.00,5.00,6.00,922.00,873.00,310.00,77.16,119785.33
0.90,5245.00,3.00,5.00,6.00,917.00,904.00,316.00,77.70,122935.80
0.90,5218.00,3.00,5.00,6.00,923.00,918.00,323.00,78.20,126022.27
0.91,5183.00,4.00,5.00,6.00,928.00,939.00,331.00,78.65,129155.47
0.92,5152.00,4.00,5.00,6.00,936.00,954.00,339.00,79.06,132241.19
0.92,5123.00,4.00,5.00,6.00,931.00,982.00,345.00,79.44,135478.86
0.93,5098.00,4.00,5.00,6.00,934.00,997.00,352.00,79.78,138659.95
0.94,5067.00,4.00,5.00,6.00,942.00,1015.00,357.00,80.09,141834.47
0.94,5033.00,4.00,5.00,6.00,953.00,1031.00,364.00,80.37,144972.93
0.95,4995.00,4.00,5.00,6.00,956.00,1060.00,370.00,80.62,148273.78
0.96,4965.00,4.00,5.00,6.00,952.00,1087.00,377.00,80.86,151692.82
0.97,4925.00,4.00,5.00,6.00,965.00,1109.00,382.00,81.07,155144.66
0.97,4889.00,4.00,5.00,6.00,980.00,1123.00,389.00,81.26,158506.25
0.98,4846.00,3.00,6.00,6.00,999.00,1142.00,394.00,82.94,161860.57
0.99,4819.00,4.00,6.00,6.00,999.00,1164.00,398.00,84.47,165253.31
0.99,4791.00,4.00,5.00,7.00,1000.00,1186.00,403.00,84.35,168681.14
1.00,4754.00,4.00,5.00,7.00,1004.00,1208.00,414.00,84.25,172140.99
1.01,4730.00,4.00,5.00,7.00,996.00,1233.00,421.00,84.15,175675.15
1.01,4696.00,4.00,5.00,7.00,1007.00,1251.00,426.00,84.07,179171.99
1.02,4663.00,4.00,4.00,8.00,1013.00,1268.00,436.00,82.49,182619.73
1.03,4633.00,4.00,4.00,8.00,1020.00,1287.00,440.00,81.05,186052.69
1.03,4610.00,4.00,4.00,8.00,996.00,1326.00,448.00,79.74,189772.63
1.04,4579.00,4.00,4.00,8.00,991.00,1355.00,455.00,78.55,193604.31
1.05,4538.00,4.00,4.00,8.00,1008.00,1371.00,463.00,77.47,197342.73
1.06,4505.00,4.00,4.00,8.00,1014.00,1392.00,469.00,76.49,201071.10
1.06,4474.00,4.00,4.00,8.00,1021.00,1406.00,479.00,75.59,204685.14
1.07,4438.00,4.00,4.00,8.00,1027.00,1435.00,480.00,74.78,208420.16
1.08,4405.00,3.00,5.00,8.00,1026.00,1460.00,489.00,75.54,212205.52
1.08,4377.00,3.00,5.00,8.00,1022.00,1486.00,495.00,76.23,216051.87
1.09,4349.00,3.00,5.00,8.00,1027.00,1502.00,502.00,76.86,219803.67
1.10,4325.00,3.00,5.00,8.00,1031.00,1516.00,508.00,77.43,223439.10
1.10,4279.00,2.00,6.00,8.00,1042.00,1551.00,508.00,79.46,227283.77
1.11,4236.00,3.00,6.00,8.00,1056.00,1575.00,512.00,81.30,231154.23
1.12,4194.00,3.00,6.00,8.00,1075.00,1591.00,519.00,82.97,234928.03
1.12,4157.00,2.00,7.00,8.00,1087.00,1606.00,529.00,86.00,238598.57
1.13,4122.00,2.00,7.00,8.00,1101.00,1620.00,536.00,88.75,242159.82
1.14,4088.00,2.00,6.00,9.00,1104.00,1644.00,543.00,89.75,245771.52
1.15,4059.00,2.00,5.00,10.00,1107.00,1667.00,546.00,89.16,249414.26
1.15,4038.00,2.00,5.00,10.00,1099.00,1685.00,557.00,88.62,253010.23
1.16,4003.00,2.00,5.00,10.00,1107.00,1706.00,563.00,88.13,256608.55
1.17,3960.00,2.00,5.00,10.00,1125.00,1723.00,571.00,87.69,260148.94
1.17,3928.00,2.00,5.00,10.00,1129.00,1742.00,580.00,87.28,263666.49
1.18,3891.00,1.00,6.00,10.00,1123.00,1779.00,586.00,88.42,267433.60
1.19,3859.00,1.00,6.00,10.00,1125.00,1803.00,592.00,89.45,271233.24
1.19,3830.00,2.00,4.00,12.00,1122.00,1828.00,598.00,87.38,275077.60
1.20,3797.00,4.00,3.00,13.00,1121.00,1853.00,605.00,84.00,278962.79
1.21,3760.00,3.00,4.00,13.00,1135.00,1870.00,611.00,82.43,282765.06
1.22,3735.00,3.00,4.00,13.00,1120.00,1898.00,623.00,81.00,286656.89
1.22,3705.00,3.00,4.00,13.00,1119.00,1927.00,625.00,79.69,290645.51
1.23,3671.00,3.00,4.00,13.00,1129.00,1944.00,632.00,78.51,294542.21
1.24,3633.00,3.00,4.00,13.00,1131.00,1973.00,639.00,77.43,298535.27
1.24,3601.00,3.00,4.00,13.00,1128.00,2002.00,645.00,76.45,302616.30
1.25,3562.00,3.00,4.00,13.00,1132.00,2033.00,649.00,75.56,306807.69
1.26,3530.00,3.00,3.00,14.00,1139.00,2050.00,657.00,73.24,310889.50
1.26,3500.00,3.00,3.00,14.00,1125.00,2087.00,664.00,71.14,315171.74
1.27,3462.00,3.00,3.00,14.00,1126.00,2120.00,668.00,69.22,319576.86
1.28,3426.00,3.00,3.00,14.00,1135.00,2138.00,677.00,67.48,323868.82
1.28,3398.00,3.00,3.00,14.00,1128.00,2169.00,681.00,65.89,328252.77
1.29,3366.00,3.00,3.00,14.00,1132.00,2185.00,693.00,64.45,332495.35
1.30,3334.00,3.00,3.00,14.00,1132.00,2212.00,698.00,63.14,336774.13
1.31,3306.00,3.00,3.00,14.00,1135.00,2232.00,703.00,61.95,340980.79
1.31,3267.00,3.00,3.00,14.00,1147.00,2254.00,708.00,60.86,345151.66
1.32,3237.00,3.00,3.00,14.00,1141.00,2288.00,710.00,59.87,349470.14
1.33,3201.00,4.00,3.00,14.00,1152.00,2305.00,717.00,58.98,353667.97
1.33,3158.00,4.00,3.00,14.00,1168.00,2326.00,723.00,58.16,357815.76
1.34,3119.00,4.00,3.00,14.00,1178.00,2349.00,729.00,57.42,361947.90
1.35,3088.00,4.00,3.00,14.00,1181.00,2372.00,734.00,56.74,366065.77
1.35,3058.00,4.00,3.00,14.00,1173.00,2398.00,746.00,56.12,370215.67
1.36,3028.00,4.00,3.00,14.00,1174.00,2423.00,750.00,55.56,374379.79
1.37,2997.00,4.00,3.00,14.00,1168.00,2451.00,759.00,55.05,378601.97
1.38,2970.00,4.00,3.00,14.00,1158.00,2481.00,766.00,54.59,382907.18
1.38,2932.00,4.00,2.00,15.00,1163.00,2506.00,774.00,52.67,387213.10
1.39,2899.00,4.00,2.00,15.00,1163.00,2525.00,788.00,50.92,391429.51
1.40,2866.00,4.00,2.00,15.00,1165.00,2544.00,800.00,49.33,395564.21
1.40,2838.00,4.00,2.00,15.00,1164.00,2559.00,814.00,47.88,399564.23
1.41,2806.00,4.00,2.00,15.00,1167.00,2586.00,816.00,46.56,403621.57
1.42,2769.00,3.00,3.00,15.00,1168.00,2614.00,824.00,46.86,407746.25
1.42,2745.00,3.00,3.00,15.00,1155.00,2644.00,831.00,47.14,411962.47
1.43,2719.00,3.00,3.00,15.00,1152.00,2667.00,837.00,47.39,416157.09
1.44,2688.00,3.00,3.00,15.00,1150.00,2694.00,843.00,47.62,420392.08
1.44,2660.00,3.00,3.00,15.00,1144.00,2724.00,847.00,47.83,424709.00
1.45,2633.00,3.00,3.00,15.00,1152.00,2738.00,852.00,48.02,428860.34
1.46,2604.00,3.00,3.00,15.00,1139.00,2769.00,863.00,48.19,433115.92
1.47,2570.00,3.00,3.00,15.00,1140.00,2793.00,872.00,48.35,437361.50
1.47,2532.00,3.00,3.00,15.00,1148.00,2812.00,883.00,48.49,441522.82
1.48,2495.00,3.00,3.00,15.00,1158.00,2833.00,889.00,48.62,445637.28
1.49,2464.00,3.00,3.00,15.00,1155.00,2864.00,892.00,48.74,449859.19
1.49,2433.00,3.00,2.00,16.00,1145.00,2895.00,902.00,47.34,454179.18
1.50,2390.00,3.00,2.00,16.00,1160.00,2913.00,912.00,46.07,458393.43
1.51,2357.00,4.00,2.00,16.00,1161.00,2941.00,915.00,44.92,462661.36
1.51,2331.00,4.00,2.00,16.00,1147.00,2972.00,924.00,43.87,467023.37
1.52,2307.00,4.00,2.00,16.00,1138.00,2994.00,935.00,42.91,471336.07
1.53,2272.00,4.00,2.00,16.00,1131.00,3031.00,940.00,42.04,475829.09
1.53,2241.00,4.00,2.00,16.00,1131.00,3055.00,947.00,41.25,480291.43
1.54,2214.00,4.00,2.00,16.00,1116.00,3093.00,951.00,40.53,484936.08
1.55,2194.00,4.00,1.00,17.00,1112.00,3109.00,959.00,38.37,489416.67
1.56,2178.00,5.00,1.00,17.00,1093.00,3132.00,970.00,36.41,493852.64
1.56,2148.00,5.00,1.00,17.00,1092.00,3155.00,978.00,34.63,498247.87
1.57,2110.00,4.00,2.00,17.00,1095.00,3186.00,982.00,34.51,502726.10
1.58,2085.00,3.00,3.00,17.00,1077.00,3218.00,993.00,35.90,507295.13
1.58,2042.00,3.00,3.00,17.00,1092.00,3238.00,1001.00,37.16,511766.76
1.59,2017.00,3.00,3.00,17.00,1094.00,3248.00,1014.00,38.32,515999.26
1.60,1987.00,3.00,3.00,17.00,1085.00,3280.00,1021.00,39.36,520343.94
1.60,1959.00,3.00,3.00,17.00,1093.00,3291.00,1030.00,40.32,524475.56
1.61,1929.00,2.00,4.00,17.00,1099.00,3307.00,1038.00,42.69,528487.79
1.62,1904.00,2.00,4.00,17.00,1094.00,3331.00,1044.00,44.84,532511.20
1.62,1873.00,2.00,4.00,17.00,1096.00,3349.00,1055.00,46.80,536454.68
1.63,1843.00,2.00,4.00,17.00,1098.00,3372.00,1060.00,48.59,540400.32
1.64,1810.00,2.00,4.00,17.00,1102.00,3393.00,1068.00,50.21,544317.87
1.65,1776.00,2.00,3.00,18.00,1104.00,3416.00,1077.00,50.18,548239.82
1.65,1746.00,2.00,3.00,18.00,1109.00,3438.00,1080.00,50.16,552150.78
1.66,1719.00,2.00,3.00,18.00,1104.00,3463.00,1087.00,50.14,556096.77
1.67,1695.00,2.00,3.00,18.00,1090.00,3494.00,1094.00,50.12,560164.87
1.67,1660.00,2.00,3.00,18.00,1102.00,3512.00,1099.00,50.10,564149.15
1.68,1636.00,2.00,3.00,18.00,1095.00,3534.00,1108.00,50.09,568117.01
1.69,1605.00,2.00,3.00,18.00,1095.00,3560.00,1113.00,50.07,572129.96
1.69,1570.00,3.00,3.00,18.00,1104.00,3580.00,1118.00,50.06,576093.94
1.70,1542.00,3.00,3.00,18.00,1094.00,3614.00,1122.00,50.05,580223.54
1.71,1527.00,3.00,3.00,18.00,1082.00,3636.00,1127.00,50.03,584324.06
1.72,1502.00,3.00,3.00,18.00,1078.00,3660.00,1132.00,50.02,588428.08
1.72,1478.00,3.00,3.00,18.00,1069.00,3687.00,1138.00,50.02,592580.36
1.73,1446.00,2.00,4.00,18.00,1071.00,3707.00,1148.00,51.51,596671.54
1.74,1427.00,2.00,4.00,18.00,1064.00,3727.00,1154.00,52.87,600706.94
1.74,1405.00,2.00,4.00,18.00,1063.00,3740.00,1164.00,54.10,604586.26
1.75,1385.00,2.00,4.00,18.00,1050.00,3762.00,1175.00,55.23,608458.28
1.76,1356.00,2.00,4.00,18.00,1055.00,3779.00,1182.00,56.25,612248.54
1.76,1331.00,2.00,4.00,18.00,1055.00,3797.00,1189.00,57.18,615979.18
1.77,1311.00,2.00,3.00,19.00,1051.00,3810.00,1200.00,56.53,619580.26
1.78,1283.00,2.00,3.00,19.00,1040.00,3843.00,1206.00,55.93,623363.54
1.78,1264.00,2.00,3.00,19.00,1031.00,3863.00,1214.00,55.39,627117.85
1.79,1240.00,2.00,3.00,19.00,1019.00,3894.00,1219.00,54.90,631010.97
1.80,1221.00,2.00,3.00,19.00,1007.00,3915.00,1229.00,54.45,634880.58
1.81,1194.00,2.00,3.00,19.00,1008.00,3930.00,1240.00,54.04,638638.58
1.81,1165.00,2.00,3.00,20.00,1008.00,3946.00,1252.00,53.67,642309.72
1.82,1139.00,2.00,3.00,20.00,1005.00,3970.00,1257.00,53.33,646021.75
1.83,1115.00,1.00,4.00,20.00,1004.00,3985.00,1267.00,54.52,649635.89
1.83,1092.00,1.00,4.00,20.00,1010.00,3995.00,1274.00,55.61,653085.56
1.84,1074.00,1.00,4.00,20.00,1005.00,4005.00,1287.00,56.60,656385.08
1.85,1059.00,1.00,4.00,20.00,999.00,4023.00,1290.00,57.50,659667.71
1.85,1036.00,0.00,5.00,20.00,994.00,4043.00,1298.00,59.82,662964.96
1.86,1011.00,0.00,5.00,20.00,993.00,4061.00,1306.00,61.93,666245.51
1.87,995.00,0.00,5.00,20.00,977.00,4088.00,1311.00,63.85,669646.03
1.88,980.00,0.00,5.00,20.00,963.00,4108.00,1320.00,65.60,673050.91
1.88,958.00,0.00,5.00,20.00,959.00,4125.00,1329.00,67.19,676414.71
1.89,948.00,0.00,5.00,20.00,948.00,4138.00,1337.00,68.63,679680.89
1.90,936.00,0.00,5.00,20.00,920.00,4168.00,1347.00,69.95,683113.36
1.90,915.00,0.00,5.00,20.00,916.00,4185.00,1355.00,71.15,686502.34
1.91,903.00,0.00,5.00,20.00,900.00,4209.00,1359.00,72.23,689956.78
1.92,877.00,0.00,5.00,20.00,904.00,4223.00,1367.00,73.23,693320.74
1.92,863.00,0.00,5.00,20.00,882.00,4252.00,1374.00,74.13,696827.45
1.93,842.00,0.00,5.00,20.00,871.00,4278.00,1380.00,74.95,700419.41
1.94,826.00,0.00,5.00,20.00,864.00,4291.00,1390.00,75.69,703893.90
1.94,811.00,1.00,5.00,20.00,851.00,4308.00,1400.00,76.37,707321.24
1.95,791.00,1.00,5.00,20.00,854.00,4318.00,1407.00,76.99,710600.37
1.96,776.00,1.00,5.00,20.00,844.00,4336.00,1414.00,77.55,713864.38
1.97,758.00,1.00,5.00,20.00,841.00,4349.00,1422.00,78.06,717039.48
1.97,739.00,1.00,5.00,20.00,834.00,4370.00,1427.00,78.52,720253.58
1.98,726.00,1.00,5.00,20.00,815.00,4391.00,1438.00,78.95,723503.30
1.99,707.00,1.00,5.00,20.00,810.00,4406.00,1447.00,79.33,726695.40
1.99,686.00,1.00,4.00,21.00,811.00,4418.00,1455.00,78.18,729789.82
2.00,676.00,1.00,4.00,21.00,806.00,4426.00,1462.00,77.13,732734.97
2.01,656.00,1.00,4.00,21.00,802.00,4441.00,1471.00,76.18,735649.02
2.01,642.00,1.00,4.00,21.00,800.00,4446.00,1482.00,75.31,738384.44
2.02,626.00,1.00,4.00,21.00,791.00,4467.00,1486.00,74.52,741197.15
2.03,610.00,1.00,4.00,21.00,783.00,4487.00,1490.00,73.80,744065.41
2.03,596.00,0.00,5.00,21.00,780.00,4493.00,1501.00,74.65,746774.05
2.04,580.00,0.00,5.00,21.00,777.00,4509.00,1504.00,75.42,749487.20
2.05,561.00,0.00,5.00,21.00,771.00,4528.00,1510.00,76.12,752249.54
2.06,547.00,0.00,5.00,21.00,765.00,4540.00,1518.00,76.76,754951.63
2.06,526.00,0.00,5.00,21.00,770.00,4551.00,1523.00,77.35,757583.68
2.07,515.00,0.00,5.00,21.00,762.00,4563.00,1530.00,77.87,760166.82
2.08,497.00,0.00,5.00,21.00,756.00,4582.00,1535.00,78.36,762810.47
2.08,486.00,0.00,4.00,22.00,749.00,4593.00,1542.00,77.29,765389.18
2.09,474.00,0.00,4.00,22.00,743.00,4604.00,1549.00,76.32,767908.60
2.10,457.00,0.00,4.00,22.00,741.00,4615.00,1557.00,75.44,770373.89
2.10,449.00,0.00,4.00,22.00,728.00,4632.00,1561.00,74.64,772879.90
2.11,436.00,0.00,4.00,22.00,718.00,4644.00,1572.00,73.91,775347.99
2.12,420.00,0.00,4.00,22.00,715.00,4657.00,1578.00,73.25,777796.46
2.12,406.00,0.00,4.00,22.00,707.00,4674.00,1583.00,72.64,780287.12
2.13,392.00,0.00,4.00,22.00,705.00,4685.00,1588.00,72.10,782726.15
2.14,376.00,0.00,4.00,22.00,693.00,4706.00,1595.00,71.60,785268.29
2.15,369.00,0.00,4.00,22.00,680.00,4722.00,1599.00,71.14,787829.45
2.15,355.00,0.00,4.00,22.00,678.00,4736.00,1601.00,70.73,790377.91
2.16,341.00,1.00,4.00,22.00,683.00,4741.00,1604.00,70.35,792779.57
2.17,331.00,1.00,4.00,22.00,679.00,4750.00,1609.00,70.01,795107.32
2.17,317.00,0.00,5.00,22.00,675.00,4758.00,1619.00,71.20,797352.56
2.18,310.00,0.00,5.00,22.00,668.00,4761.00,1630.00,72.29,799447.37
2.19,301.00,0.00,5.00,22.00,659.00,4772.00,1637.00,73.27,801525.02
2.19,290.00,1.00,5.00,22.00,654.00,4781.00,1643.00,74.17,803556.96
2.20,276.00,1.00,5.00,22.00,649.00,4795.00,1648.00,74.98,805622.30
2.21,266.00,1.00,5.00,22.00,640.00,4807.00,1655.00,75.73,807688.07
2.22,255.00,1.00,5.00,22.00,630.00,4822.00,1661.00,76.40,809799.31
2.22,246.00,1.00,4.00,23.00,625.00,4826.00,1671.00,75.51,811786.80
2.23,236.00,1.00,4.00,23.00,616.00,4837.00,1679.00,74.71,813766.49
2.24,226.00,1.00,3.00,24.00,611.00,4844.00,1687.00,72.47,815678.95
2.24,221.00,1.00,3.00,24.00,598.00,4854.00,1695.00,70.43,817575.12
2.25,211.00,1.00,3.00,24.00,590.00,4870.00,1697.00,68.58,819546.54
2.26,201.00,1.00,3.00,24.00,579.00,4886.00,1702.00,66.90,821586.67
2.26,191.00,1.00,3.00,24.00,576.00,4893.00,1708.00,65.36,823554.32
2.27,183.00,0.00,4.00,24.00,570.00,4900.00,1715.00,65.47,825455.79
2.28,178.00,0.00,4.00,24.00,566.00,4899.00,1725.00,65.57,827176.67
2.28,170.00,0.00,3.00,25.00,558.00,4908.00,1732.00,64.16,828882.91
2.29,162.00,0.00,3.00,25.00,550.00,4920.00,1736.00,62.87,830620.85
2.30,156.00,0.00,3.00,25.00,538.00,4933.00,1741.00,61.70,832402.76
2.31,151.00,0.00,3.00,25.00,525.00,4943.00,1749.00,60.64,834179.74
2.31,146.00,0.00,3.00,25.00,515.00,4950.00,1757.00,59.67,835907.15
2.32,143.00,0.00,3.00,25.00,496.00,4964.00,1765.00,58.79,837694.47
2.33,133.00,0.00,3.00,25.00,481.00,4984.00,1770.00,57.99,839626.62
2.33,127.00,0.00,3.00,25.00,472.00,4988.00,1781.00,57.26,841450.61
2.34,119.00,0.00,3.00,25.00,465.00,4994.00,1790.00,56.60,843205.92
2.35,113.00,0.00,3.00,25.00,458.00,5001.00,1796.00,56.00,844913.55
2.35,106.00,0.00,3.00,25.00,451.00,5003.00,1808.00,55.45,846502.53
2.36,98.00,0.00,3.00,25.00,442.00,5013.00,1815.00,54.95,848103.38
2.37,95.00,0.00,3.00,25.00,432.00,5013.00,1828.00,54.50,849564.83
2.38,89.00,0.00,3.00,25.00,424.00,5019.00,1836.00,54.08,850989.16
2.38,83.00,1.00,3.00,25.00,420.00,5020.00,1844.00,53.71,852304.49
2.39,76.00,1.00,3.00,25.00,411.00,5031.00,1849.00,53.37,853670.54
2.40,75.00,1.00,3.00,25.00,405.00,5030.00,1857.00,53.06,854902.62
2.40,67.00,1.00,3.00,25.00,406.00,5033.00,1861.00,52.77,856072.49
2.41,65.00,1.00,3.00,25.00,394.00,5040.00,1868.00,52.52,857245.65
2.42,58.00,1.00,3.00,25.00,388.00,5048.00,1873.00,52.28,858436.83
2.42,52.00,1.00,2.00,26.00,385.00,5047.00,1883.00,50.57,859509.28
2.43,47.00,1.00,2.00,26.00,378.00,5048.00,1894.00,49.01,860503.36
2.44,42.00,1.00,2.00,26.00,373.00,5053.00,1899.00,47.59,861485.99
2.44,39.00,1.00,2.00,26.00,360.00,5059.00,1909.00,46.30,862473.20
2.45,34.00,1.00,2.00,26.00,354.00,5062.00,1917.00,45.12,863419.52
2.46,28.00,1.00,2.00,26.00,356.00,5052.00,1931.00,44.05,864133.21
2.47,23.00,1.00,2.00,26.00,352.00,5053.00,1939.00,43.08,864799.77
2.47,22.00,1.00,2.00,26.00,343.00,5054.00,1948.00,42.19,865423.32
2.48,20.00,1.00,2.00,26.00,339.00,5053.00,1955.00,41.39,865977.54
2.49,17.00,1.00,2.00,26.00,332.00,5054.00,1964.00,40.66,866498.53
2.49,15.00,1.00,2.00,26.00,326.00,5053.00,1973.00,39.99,866959.13
2.50,13.00,1.00,1.00,27.00,317.00,5062.00,1975.00,37.88,867514.83
2.51,13.00,1.00,1.00,27.00,310.00,5061.00,1983.00,35.97,868007.12
2.51,10.00,1.00,1.00,27.00,304.00,5061.00,1992.00,34.22,868456.54
2.52,10.00,1.00,1.00,27.00,296.00,5063.00,1998.00,32.63,868896.88
2.53,10.00,1.00,1.00,27.00,291.00,5059.00,2007.00,31.19,869238.78
2.53,4.00,1.00,1.00,27.00,287.00,5057.00,2019.00,29.88,869520.86
2.54,4.00,0.00,2.00,27.00,280.00,5057.00,2026.00,30.18,869778.38
2.55,3.00,0.00,2.00,27.00,275.00,5055.00,2034.00,30.46,869983.43
2.56,3.00,0.00,1.00,28.00,268.00,5056.00,2040.00,29.22,870185.65
2.56,3.00,0.00,1.00,28.00,262.00,5051.00,2051.00,28.08,870295.14
2.57,1.00,0.00,0.00,29.00,257.00,5051.00,2058.00,25.55,870395.10
2.58,1.00,0.00,0.00,29.00,251.00,5049.00,2066.00,23.24,870456.31
2.58,1.00,0.00,0.00,29.00,248.00,5046.00,2072.00,21.14,870467.12
2.59,1.00,0.00,0.00,29.00,239.00,5042.00,2085.00,19.23,870416.90
2.60,1.00,0.00,0.00,29.00,235.00,5037.00,2094.00,17.50,870295.93
2.60,1.00,0.00,0.00,29.00,225.00,5040.00,2101.00,15.92,870230.57
2.61,0.00,0.00,0.00,29.00,215.00,5044.00,2108.00,14.48,870230.99
2.62,0.00,0.00,0.00,29.00,210.00,5040.00,2117.00,13.17,870171.28
2.62,0.00,0.00,0.00,29.00,206.00,5032.00,2129.00,11.98,869996.58
2.63,0.00,0.00,0.00,29.00,201.00,5028.00,2138.00,10.90,869777.01
2.64,0.00,0.00,0.00,29.00,195.00,5027.00,2145.00,9.92,869561.53
2.65,0.00,0.00,0.00,29.00,192.00,5022.00,2153.00,9.02,869289.70
2.65,0.00,0.00,0.00,29.00,185.00,5025.00,2157.00,8.21,869086.61
2.66,0.00,0.00,0.00,29.00,179.00,5023.00,2165.00,7.47,868871.15
2.67,0.00,0.00,0.00,29.00,176.00,5017.00,2174.00,6.79,868584.32
2.67,0.00,0.00,0.00,29.00,171.00,5013.00,2183.00,6.18,868262.37
2.68,0.00,0.00,0.00,29.00,165.00,5009.00,2193.00,5.62,867908.37
2.69,0.00,0.00,0.00,29.00,159.00,5004.00,2204.00,5.11,867510.07
2.69,0.00,0.00,0.00,29.00,154.00,5006.00,2207.00,4.65,867176.50
2.70,0.00,0.00,0.00,29.00,154.00,4999.00,2214.00,4.23,866766.82
2.71,0.00,0.00,0.00,29.00,148.00,4994.00,2225.00,3.85,866317.69
2.72,0.00,0.00,0.00,29.00,144.00,4995.00,2228.00,3.50,865922.69
2.72,0.00,0.00,0.00,29.00,140.00,4992.00,2235.00,3.19,865517.02
2.73,0.00,0.00,0.00,29.00,136.00,4990.00,2241.00,2.90,865116.63
2.74,0.00,0.00,0.00,29.00,131.00,4991.00,2245.00,2.64,864766.13
2.74,0.00,0.00,0.00,29.00,129.00,4987.00,2251.00,2.40,864386.05
2.75,0.00,0.00,0.00,29.00,125.00,4987.00,2255.00,2.18,864039.07
2.76,0.00,0.00,0.00,29.00,123.00,4979.00,2265.00,1.99,863602.12
2.76,0.00,0.00,0.00,29.00,119.00,4976.00,2272.00,1.81,863158.14
2.77,0.00,0.00,0.00,29.00,114.00,4977.00,2276.00,1.64,862767.85
2.78,0.00,0.00,0.00,29.00,112.00,4970.00,2285.00,1.49,862306.38
2.78,0.00,0.00,0.00,29.00,106.00,4968.00,2293.00,1.36,861855.05
2.79,0.00,0.00,0.00,29.00,105.00,4964.00,2298.00,1.24,861382.93
2.80,0.00,0.00,0.00,29.00,104.00,4959.00,2304.00,1.13,860876.80
2.81,0.00,0.00,0.00,29.00,100.00,4958.00,2309.00,1.02,860399.72
2.81,0.00,0.00,0.00,29.00,99.00,4953.00,2315.00,0.93,859889.07
2.82,0.00,0.00,0.00,29.00,96.00,4947.00,2324.00,0.85,859332.74
2.83,0.00,0.00,0.00,29.00,95.00,4941.00,2331.00,0.77,858734.72
2.83,0.00,0.00,0.00,29.00,94.00,4937.00,2336.00,0.70,858128.68
2.84,0.00,0.00,0.00,29.00,89.00,4930.00,2348.00,0.64,857470.24
2.85,0.00,0.00,0.00,29.00,87.00,4924.00,2356.00,0.58,856779.01
2.85,0.00,0.00,0.00,29.00,84.00,4917.00,2366.00,0.53,856042.80
2.86,0.00,0.00,0.00,29.00,81.00,4909.00,2377.00,0.48,855250.51
2.87,0.00,0.00,0.00,29.00,79.00,4903.00,2385.00,0.44,854437.07
2.88,0.00,0.00,0.00,29.00,77.00,4899.00,2391.00,0.40,853634.37
2.88,0.00,0.00,0.00,29.00,72.00,4899.00,2396.00,0.36,852901.57
2.89,0.00,0.00,0.00,29.00,71.00,4896.00,2400.00,0.33,852187.51
2.90,0.00,0.00,0.00,29.00,65.00,4893.00,2409.00,0.30,851490.55
2.90,0.00,0.00,0.00,29.00,64.00,4883.00,2420.00,0.27,850704.06
2.91,0.00,0.00,0.00,29.00,62.00,4873.00,2432.00,0.25,849835.81
2.92,0.00,0.00,0.00,29.00,60.00,4874.00,2433.00,0.23,849058.19
2.92,0.00,0.00,0.00,29.00,57.00,4870.00,2440.00,0.20,848288.20
2.93,0.00,0.00,0.00,29.00,56.00,4865.00,2446.00,0.19,847510.13
2.94,0.00,0.00,0.00,29.00,55.00,4863.00,2449.00,0.17,846769.77
2.94,0.00,0.00,0.00,29.00,51.00,4859.00,2457.00,0.15,846033.78
2.95,0.00,0.00,0.00,29.00,50.00,4856.00,2461.00,0.14,845316.82
2.96,0.00,0.00,0.00,29.00,49.00,4850.00,2468.00,0.13,844572.14
2.97,0.00,0.00,0.00,29.00,49.00,4845.00,2473.00,0.12,843817.19
2.97,0.00,0.00,0.00,29.00,49.00,4838.00,2480.00,0.11,843022.82
2.98,0.00,0.00,0.00,29.00,48.00,4832.00,2487.00,0.10,842207.48
2.99,0.00,0.00,0.00,29.00,46.00,4828.00,2493.00,0.09,841403.04
2.99,0.00,0.00,0.00,29.00,44.00,4824.00,2499.00,0.08,840608.56
3.00,0.00,0.00,0.00,29.00,44.00,4821.00,2502.00,0.07,839838.19
3.01,0.00,0.00,0.00,29.00,42.00,4818.00,2507.00,0.07,839089.83
3.01,0.00,0.00,0.00,29.00,41.00,4808.00,2518.00,0.06,838256.40
3.02,0.00,0.00,0.00,29.00,41.00,4802.00,2524.00,0.05,837405.41
3.03,0.00,0.00,0.00,29.00,40.00,4793.00,2534.00,0.05,836493.31
3.03,0.00,0.00,0.00,29.00,38.00,4788.00,2541.00,0.05,835585.51
3.04,0.00,0.00,0.00,29.00,37.00,4783.00,2547.00,0.04,834681.65
3.05,0.00,0.00,0.00,29.00,34.00,4783.00,2550.00,0.04,833856.49
3.06,0.00,0.00,0.00,29.00,34.00,4775.00,2558.00,0.03,832983.00
3.06,0.00,0.00,0.00,29.00,31.00,4768.00,2568.00,0.03,832080.41
3.07,0.00,0.00,0.00,29.00,30.00,4762.00,2575.00,0.03,831166.27
3.08,0.00,0.00,0.00,29.00,29.00,4757.00,2581.00,0.03,830256.61
3.08,0.00,0.00,0.00,29.00,28.00,4754.00,2585.00,0.02,829381.10
3.09,0.00,0.00,0.00,29.00,28.00,4742.00,2597.00,0.02,828401.54
3.10,0.00,0.00,0.00,29.00,28.00,4734.00,2605.00,0.02,827387.10
3.10,0.00,0.00,0.00,29.00,26.00,4724.00,2617.00,0.02,826310.76
3.11,0.00,0.00,0.00,29.00,26.00,4712.00,2629.00,0.02,825147.86
3.12,0.00,0.00,0.00,29.00,25.00,4706.00,2636.00,0.01,823996.09
3.12,0.00,0.00,0.00,29.00,23.00,4699.00,2645.00,0.01,822839.44
3.13,0.00,0.00,0.00,29.00,23.00,4692.00,2652.00,0.01,821678.35
3.14,0.00,0.00,0.00,29.00,21.00,4685.00,2661.00,0.01,820513.20
3.15,0.00,0.00,0.00,29.00,21.00,4672.00,2674.00,0.01,819254.21
3.15,0.00,0.00,0.00,29.00,21.00,4670.00,2676.00,0.01,818074.80
3.16,0.00,0.00,0.00,29.00,21.00,4661.00,2685.00,0.01,816862.87
3.17,0.00,0.00,0.00,29.00,20.00,4657.00,2690.00,0.01,815696.39
3.17,0.00,0.00,0.00,29.00,19.00,4651.00,2697.00,0.01,814541.34
3.18,0.00,0.00,0.00,29.00,19.00,4647.00,2701.00,0.01,813426.77
3.19,0.00,0.00,0.00,29.00,17.00,4642.00,2708.00,0.01,812334.14
3.19,0.00,0.00,0.00,29.00,17.00,4632.00,2718.00,0.01,811186.43
3.20,0.00,0.00,0.00,29.00,16.00,4622.00,2729.00,0.00,809988.41
3.21,0.00,0.00,0.00,29.00,16.00,4615.00,2736.00,0.00,808789.56
3.22,0.00,0.00,0.00,29.00,16.00,4609.00,2742.00,0.00,807604.96
3.22,0.00,0.00,0.00,29.00,16.00,4604.00,2747.00,0.00,806448.39
3.23,0.00,0.00,0.00,29.00,15.00,4600.00,2752.00,0.00,805332.44
3.24,0.00,0.00,0.00,29.00,15.00,4595.00,2757.00,0.00,804238.54
3.24,0.00,0.00,0.00,29.00,15.00,4587.00,2765.00,0.00,803119.72
3.25,0.00,0.00,0.00,29.00,14.00,4579.00,2774.00,0.00,801978.13
3.26,0.00,0.00,0.00,29.00,14.00,4573.00,2780.00,0.00,800845.80
3.26,0.00,0.00,0.00,29.00,13.00,4568.00,2786.00,0.00,799736.96
3.27,0.00,0.00,0.00,29.00,13.00,4556.00,2798.00,0.00,798544.40
3.28,0.00,0.00,0.00,29.00,13.00,4547.00,2807.00,0.00,797320.47
3.28,0.00,0.00,0.00,29.00,13.00,4538.00,2816.00,0.00,796067.91
3.29,0.00,0.00,0.00,29.00,13.00,4533.00,2821.00,0.00,794849.30
3.30,0.00,0.00,0.00,29.00,13.00,4529.00,2825.00,0.00,793676.71
3.31,0.00,0.00,0.00,29.00,13.00,4521.00,2833.00,0.00,792486.04
3.31,0.00,0.00,0.00,29.00,13.00,4513.00,2841.00,0.00,791278.86
3.32,0.00,0.00,0.00,29.00,13.00,4502.00,2852.00,0.00,790011.55
3.33,0.00,0.00,0.00,29.00,12.00,4493.00,2862.00,0.00,788719.37
3.33,0.00,0.00,0.00,29.00,11.00,4490.00,2866.00,0.00,787494.65
3.34,0.00,0.00,0.00,29.00,11.00,4484.00,2872.00,0.00,786286.43
3.35,0.00,0.00,0.00,29.00,11.00,4469.00,2887.00,0.00,784958.08
3.35,0.00,0.00,0.00,29.00,10.00,4465.00,2892.00,0.00,783685.29
3.36,0.00,0.00,0.00,29.00,10.00,4454.00,2903.00,0.00,782358.09
3.37,0.00,0.00,0.00,29.00,9.00,4447.00,2911.00,0.00,781041.28
3.38,0.00,0.00,0.00,29.00,9.00,4438.00,2920.00,0.00,779703.94
3.38,0.00,0.00,0.00,29.00,9.00,4425.00,2933.00,0.00,778287.74
3.39,0.00,0.00,0.00,29.00,9.00,4415.00,2943.00,0.00,776844.63
3.40,0.00,0.00,0.00,29.00,9.00,4408.00,2950.00,0.00,775422.01
3.40,0.00,0.00,0.00,29.00,9.00,4402.00,2956.00,0.00,774033.14
3.41,0.00,0.00,0.00,29.00,9.00,4391.00,2967.00,0.00,772599.94
3.42,0.00,0.00,0.00,29.00,9.00,4384.00,2974.00,0.00,771186.38
3.42,0.00,0.00,0.00,29.00,8.00,4373.00,2986.00,0.00,769730.66
3.43,0.00,0.00,0.00,29.00,7.00,4371.00,2989.00,0.00,768371.64
3.44,0.00,0.00,0.00,29.00,6.00,4365.00,2996.00,0.00,767040.83
3.44,0.00,0.00,0.00,29.00,6.00,4358.00,3003.00,0.00,765720.74
3.45,0.00,0.00,0.00,29.00,6.00,4352.00,3009.00,0.00,764425.45
3.46,0.00,0.00,0.00,29.00,6.00,4345.00,3016.00,0.00,763137.79
3.47,0.00,0.00,0.00,29.00,6.00,4336.00,3025.00,0.00,761827.05
3.47,0.00,0.00,0.00,29.00,6.00,4326.00,3035.00,0.00,760480.21
3.48,0.00,0.00,0.00,29.00,6.00,4319.00,3042.00,0.00,759145.49
3.49,0.00,0.00,0.00,29.00,6.00,4311.00,3050.00,0.00,757806.80
3.49,0.00,0.00,0.00,29.00,6.00,4304.00,3057.00,0.00,756479.52
3.50,0.00,0.00,0.00,29.00,5.00,4299.00,3063.00,0.00,755192.70
3.51,0.00,0.00,0.00,29.00,4.00,4286.00,3077.00,0.00,753822.63
3.51,0.00,0.00,0.00,29.00,4.00,4284.00,3079.00,0.00,752541.81
3.52,0.00,0.00,0.00,29.00,4.00,4276.00,3087.00,0.00,751252.34
3.53,0.00,0.00,0.00,29.00,4.00,4268.00,3095.00,0.00,749954.96
3.53,0.00,0.00,0.00,29.00,4.00,4257.00,3106.00,0.00,748605.30
3.54,0.00,0.00,0.00,29.00,4.00,4247.00,3116.00,0.00,747222.93
3.55,0.00,0.00,0.00,29.00,4.00,4237.00,3126.00,0.00,745810.70
3.56,0.00,0.00,0.00,29.00,4.00,4227.00,3136.00,0.00,744371.21
3.56,0.00,0.00,0.00,29.00,4.00,4219.00,3144.00,0.00,742936.88
3.57,0.00,0.00,0.00,29.00,4.00,4216.00,3147.00,0.00,741582.38
3.58,0.00,0.00,0.00,29.00,4.00,4206.00,3157.00,0.00,740195.59
3.58,0.00,0.00,0.00,29.00,4.00,4197.00,3166.00,0.00,738794.35
3.59,0.00,0.00,0.00,29.00,4.00,4187.00,3176.00,0.00,737364.89
3.60,0.00,0.00,0.00,29.00,4.00,4184.00,3179.00,0.00,736014.83
3.60,0.00,0.00,0.00,29.00,4.00,4176.00,3187.00,0.00,734662.15
3.61,0.00,0.00,0.00,29.00,4.00,4164.00,3199.00,0.00,733246.98
3.62,0.00,0.00,0.00,29.00,4.00,4155.00,3208.00,0.00,731819.82
3.62,0.00,0.00,0.00,29.00,4.00,4149.00,3214.00,0.00,730426.80
3.63,0.00,0.00,0.00,29.00,4.00,4144.00,3219.00,0.00,729079.96
3.64,0.00,0.00,0.00,29.00,4.00,4135.00,3228.00,0.00,727715.19
3.65,0.00,0.00,0.00,29.00,4.00,4124.00,3239.00,0.00,726304.00
3.65,0.00,0.00,0.00,29.00,4.00,4120.00,3243.00,0.00,724955.60
3.66,0.00,0.00,0.00,29.00,3.00,4113.00,3251.00,0.00,723619.46
3.67,0.00,0.00,0.00,29.00,3.00,4102.00,3262.00,0.00,722234.40
3.67,0.00,0.00,0.00,29.00,3.00,4093.00,3271.00,0.00,720834.75
3.68,0.00,0.00,0.00,29.00,3.00,4088.00,3276.00,0.00,719481.85
3.69,0.00,0.00,0.00,29.00,3.00,4078.00,3286.00,0.00,718096.53
3.69,0.00,0.00,0.00,29.00,3.00,4073.00,3291.00,0.00,716756.72
3.70,0.00,0.00,0.00,29.00,3.00,4070.00,3294.00,0.00,715488.50
3.71,0.00,0.00,0.00,29.00,3.00,4060.00,3304.00,0.00,714180.49
3.72,0.00,0.00,0.00,29.00,3.00,4044.00,3320.00,0.00,712746.00
3.72,0.00,0.00,0.00,29.00,3.00,4035.00,3329.00,0.00,711301.21
3.73,0.00,0.00,0.00,29.00,3.00,4023.00,3341.00,0.00,709801.96
3.74,0.00,0.00,0.00,29.00,3.00,4017.00,3347.00,0.00,708343.11
3.74,0.00,0.00,0.00,29.00,3.00,4010.00,3354.00,0.00,706906.13
3.75,0.00,0.00,0.00,29.00,3.00,4002.00,3362.00,0.00,705474.09
3.76,0.00,0.00,0.00,29.00,3.00,3989.00,3375.00,0.00,703971.45
3.76,0.00,0.00,0.00,29.00,2.00,3983.00,3382.00,0.00,702509.51
3.77,0.00,0.00,0.00,29.00,2.00,3975.00,3390.00,0.00,701054.69
3.78,0.00,0.00,0.00,29.00,2.00,3969.00,3396.00,0.00,699636.41
3.78,0.00,0.00,0.00,29.00,2.00,3962.00,3403.00,0.00,698236.47
3.79,0.00,0.00,0.00,29.00,2.00,3955.00,3410.00,0.00,696853.27
3.80,0.00,0.00,0.00,29.00,2.00,3950.00,3415.00,0.00,695515.39
3.81,0.00,0.00,0.00,29.00,1.00,3941.00,3425.00,0.00,694158.80
3.81,0.00,0.00,0.00,29.00,1.00,3936.00,3430.00,0.00,692845.23
3.82,0.00,0.00,0.00,29.00,1.00,3930.00,3436.00,0.00,691555.89
3.83,0.00,0.00,0.00,29.00,1.00,3923.00,3443.00,0.00,690273.66
3.83,0.00,0.00,0.00,29.00,1.00,3915.00,3451.00,0.00,688982.91
3.84,0.00,0.00,0.00,29.00,1.00,3906.00,3460.00,0.00,687669.33
3.85,0.00,0.00,0.00,29.00,1.00,3897.00,3469.00,0.00,686334.93
3.85,0.00,0.00,0.00,29.00,1.00,3887.00,3479.00,0.00,684966.49
3.86,0.00,0.00,0.00,29.00,1.00,3879.00,3487.00,0.00,683597.03
3.87,0.00,0.00,0.00,29.00,1.00,3873.00,3493.00,0.00,682256.67
3.88,0.00,0.00,0.00,29.00,1.00,3865.00,3501.00,0.00,680912.84
3.88,0.00,0.00,0.00,29.00,1.00,3859.00,3507.00,0.00,679595.89
3.89,0.00,0.00,0.00,29.00,1.00,3853.00,3513.00,0.00,678303.47
3.90,0.00,0.00,0.00,29.00,1.00,3844.00,3522.00,0.00,676988.39
3.90,0.00,0.00,0.00,29.00,1.00,3834.00,3532.00,0.00,675637.58
3.91,0.00,0.00,0.00,29.00,1.00,3825.00,3541.00,0.00,674269.20
3.92,0.00,0.00,0.00,29.00,1.00,3820.00,3546.00,0.00,672944.84
3.92,0.00,0.00,0.00,29.00,1.00,3811.00,3555.00,0.00,671600.60
3.93,0.00,0.00,0.00,29.00,1.00,3799.00,3567.00,0.00,670193.14
3.94,0.00,0.00,0.00,29.00,1.00,3796.00,3570.00,0.00,668863.16
3.94,0.00,0.00,0.00,29.00,1.00,3785.00,3581.00,0.00,667483.73
3.95,0.00,0.00,0.00,29.00,1.00,3780.00,3586.00,0.00,666149.31
3.96,0.00,0.00,0.00,29.00,1.00,3771.00,3595.00,0.00,664795.87
3.97,0.00,0.00,0.00,29.00,1.00,3766.00,3600.00,0.00,663485.17
3.97,0.00,0.00,0.00,29.00,1.00,3758.00,3608.00,0.00,662168.42
3.98,0.00,0.00,0.00,29.00,1.00,3754.00,3612.00,0.00,660906.22
3.99,0.00,0.00,0.00,29.00,1.00,3745.00,3621.00,0.00,659618.73
3.99,0.00,0.00,0.00,29.00,1.00,3736.00,3630.00,0.00,658308.14
4.00,0.00,0.00,0.00,29.00,1.00,3726.00,3640.00,0.00,656961.44
4.01,0.00,0.00,0.00,29.00,1.00,3709.00,3657.00,0.00,655476.62
4.01,0.00,0.00,0.00,29.00,1.00,3697.00,3669.00,0.00,653940.80
4.02,0.00,0.00,0.00,29.00,0.00,3686.00,3681.00,0.00,652373.47
4.03,0.00,0.00,0.00,29.00,0.00,3680.00,3687.00,0.00,650852.47
4.03,0.00,0.00,0.00,29.00,0.00,3670.00,3697.00,0.00,649313.69
4.04,0.00,0.00,0.00,29.00,0.00,3657.00,3710.00,0.00,647713.59
4.05,0.00,0.00,0.00,29.00,0.00,3654.00,3713.00,0.00,646207.76
4.06,0.00,0.00,0.00,29.00,0.00,3642.00,3725.00,0.00,644652.77
4.06,0.00,0.00,0.00,29.00,0.00,3634.00,3733.00,0.00,643113.00
4.07,0.00,0.00,0.00,29.00,0.00,3625.00,3742.00,0.00,641572.10
4.08,0.00,0.00,0.00,29.00,0.00,3616.00,3751.00,0.00,640030.16
4.08,0.00,0.00,0.00,29.00,0.00,3611.00,3756.00,0.00,638547.38
4.09,0.00,0.00,0.00,29.00,0.00,3602.00,3765.00,0.00,637058.50
4.10,0.00,0.00,0.00,29.00,0.00,3591.00,3776.00,0.00,635534.01
4.10,0.00,0.00,0.00,29.00,0.00,3587.00,3780.00,0.00,634082.18
4.11,0.00,0.00,0.00,29.00,0.00,3573.00,3794.00,0.00,632546.44
4.12,0.00,0.00,0.00,29.00,0.00,3569.00,3798.00,0.00,631084.34
4.12,0.00,0.00,0.00,29.00,0.00,3565.00,3802.00,0.00,629689.45
4.13,0.00,0.00,0.00,29.00,0.00,3555.00,3812.00,0.00,628265.80
4.14,0.00,0.00,0.00,29.00,0.00,3549.00,3818.00,0.00,626875.98
4.15,0.00,0.00,0.00,29.00,0.00,3544.00,3823.00,0.00,625532.05
4.15,0.00,0.00,0.00,29.00,0.00,3538.00,3829.00,0.00,624215.02
4.16,0.00,0.00,0.00,29.00,0.00,3528.00,3839.00,0.00,622862.43
4.17,0.00,0.00,0.00,29.00,0.00,3518.00,3849.00,0.00,621477.40
4.17,0.00,0.00,0.00,29.00,0.00,3511.00,3856.00,0.00,620107.80
4.18,0.00,0.00,0.00,29.00,0.00,3504.00,3863.00,0.00,618752.30
4.19,0.00,0.00,0.00,29.00,0.00,3494.00,3873.00,0.00,617364.60
4.19,0.00,0.00,0.00,29.00,0.00,3486.00,3881.00,0.00,615977.55
4.20,0.00,0.00,0.00,29.00,0.00,3477.00,3890.00,0.00,614576.07
4.21,0.00,0.00,0.00,29.00,0.00,3467.00,3900.00,0.00,613146.40
4.22,0.00,0.00,0.00,29.00,0.00,3456.00,3911.00,0.00,611675.96
4.22,0.00,0.00,0.00,29.00,0.00,3449.00,3918.00,0.00,610228.40
4.23,0.00,0.00,0.00,29.00,0.00,3443.00,3924.00,0.00,608816.75
4.24,0.00,0.00,0.00,29.00,0.00,3435.00,3932.00,0.00,607407.84
4.24,0.00,0.00,0.00,29.00,0.00,3430.00,3937.00,0.00,606046.49
4.25,0.00,0.00,0.00,29.00,0.00,3418.00,3949.00,0.00,604623.40
4.26,0.00,0.00,0.00,29.00,0.00,3412.00,3955.00,0.00,603234.10
4.26,0.00,0.00,0.00,29.00,0.00,3402.00,3965.00,0.00,601815.53
4.27,0.00,0.00,0.00,29.00,0.00,3393.00,3974.00,0.00,600385.28
4.28,0.00,0.00,0.00,29.00,0.00,3385.00,3982.00,0.00,598959.39
4.28,0.00,0.00,0.00,29.00,0.00,3380.00,3987.00,0.00,597582.54
4.29,0.00,0.00,0.00,29.00,0.00,3370.00,3997.00,0.00,596175.36
4.30,0.00,0.00,0.00,29.00,0.00,3359.00,4008.00,0.00,594725.45
4.31,0.00,0.00,0.00,29.00,0.00,3352.00,4015.00,0.00,593296.63
4.31,0.00,0.00,0.00,29.00,0.00,3345.00,4022.00,0.00,591887.06
4.32,0.00,0.00,0.00,29.00,0.00,3338.00,4029.00,0.00,590495.07
4.33,0.00,0.00,0.00,29.00,0.00,3333.00,4034.00,0.00,589149.18
4.33,0.00,0.00,0.00,29.00,0.00,3323.00,4044.00,0.00,587770.25
4.34,0.00,0.00,0.00,29.00,0.00,3315.00,4052.00,0.00,586391.20
4.35,0.00,0.00,0.00,29.00,0.00,3309.00,4058.00,0.00,585042.10
4.35,0.00,0.00,0.00,29.00,0.00,3299.00,4068.00,0.00,583660.24
4.36,0.00,0.00,0.00,29.00,0.00,3292.00,4075.00,0.00,582293.55
4.37,0.00,0.00,0.00,29.00,0.00,3283.00,4084.00,0.00,580910.66
4.38,0.00,0.00,0.00,29.00,0.00,3279.00,4088.00,0.00,579588.09
4.38,0.00,0.00,0.00,29.00,0.00,3270.00,4097.00,0.00,578245.47
4.39,0.00,0.00,0.00,29.00,0.00,3261.00,4106.00,0.00,576884.56
4.40,0.00,0.00,0.00,29.00,0.00,3251.00,4116.00,0.00,575491.92
4.40,0.00,0.00,0.00,29.00,0.00,3239.00,4128.00,0.00,574040.26
4.41,0.00,0.00,0.00,29.00,0.00,3236.00,4131.00,0.00,572669.95
4.42,0.00,0.00,0.00,29.00,0.00,3226.00,4141.00,0.00,571268.72
4.42,0.00,0.00,0.00,29.00,0.00,3218.00,4149.00,0.00,569869.32
4.43,0.00,0.00,0.00,29.00,0.00,3213.00,4154.00,0.00,568516.66
4.44,0.00,0.00,0.00,29.00,0.00,3208.00,4159.00,0.00,567206.67
4.44,0.00,0.00,0.00,29.00,0.00,3202.00,4165.00,0.00,565920.60
4.45,0.00,0.00,0.00,29.00,0.00,3197.00,4170.00,0.00,564671.41
4.46,0.00,0.00,0.00,29.00,0.00,3190.00,4177.00,0.00,563425.83
4.47,0.00,0.00,0.00,29.00,0.00,3182.00,4185.00,0.00,562168.53
4.47,0.00,0.00,0.00,29.00,0.00,3177.00,4190.00,0.00,560945.59
4.48,0.00,0.00,0.00,29.00,0.00,3168.00,4199.00,0.00,559693.93
4.49,0.00,0.00,0.00,29.00,0.00,3157.00,4210.00,0.00,558386.01
4.49,0.00,0.00,0.00,29.00,0.00,3153.00,4214.00,0.00,557131.88
4.50,0.00,0.00,0.00,29.00,0.00,3147.00,4220.00,0.00,555896.82
4.51,0.00,0.00,0.00,29.00,0.00,3136.00,4231.00,0.00,554604.05
4.51,0.00,0.00,0.00,29.00,0.00,3131.00,4236.00,0.00,553348.73
4.52,0.00,0.00,0.00,29.00,0.00,3122.00,4245.00,0.00,552067.51
4.53,0.00,0.00,0.00,29.00,0.00,3110.00,4257.00,0.00,550717.58
4.53,0.00,0.00,0.00,29.00,0.00,3100.00,4267.00,0.00,549334.96
4.54,0.00,0.00,0.00,29.00,0.00,3095.00,4272.00,0.00,547997.62
4.55,0.00,0.00,0.00,29.00,0.00,3084.00,4283.00,0.00,546611.48
4.56,0.00,0.00,0.00,29.00,0.00,3077.00,4290.00,0.00,545240.88
4.56,0.00,0.00,0.00,29.00,0.00,3072.00,4295.00,0.00,543914.50
4.57,0.00,0.00,0.00,29.00,0.00,3061.00,4306.00,0.00,542538.37
4.58,0.00,0.00,0.00,29.00,0.00,3054.00,4313.00,0.00,541176.90
4.58,0.00,0.00,0.00,29.00,0.00,3049.00,4318.00,0.00,539858.87
4.59,0.00,0.00,0.00,29.00,0.00,3040.00,4327.00,0.00,538520.40
4.60,0.00,0.00,0.00,29.00,0.00,3038.00,4329.00,0.00,537268.43
4.60,0.00,0.00,0.00,29.00,0.00,3031.00,4336.00,0.00,536020.32
4.61,0.00,0.00,0.00,29.00,0.00,3024.00,4343.00,0.00,534775.73
4.62,0.00,0.00,0.00,29.00,0.00,3014.00,4353.00,0.00,533489.27
4.62,0.00,0.00,0.00,29.00,0.00,3003.00,4364.00,0.00,532149.59
4.63,0.00,0.00,0.00,29.00,0.00,2995.00,4372.00,0.00,530806.37
4.64,0.00,0.00,0.00,29.00,0.00,2986.00,4381.00,0.00,529444.91
4.65,0.00,0.00,0.00,29.00,0.00,2985.00,4382.00,0.00,528186.97
4.65,0.00,0.00,0.00,29.00,0.00,2976.00,4391.00,0.00,526903.36
4.66,0.00,0.00,0.00,29.00,0.00,2971.00,4396.00,0.00,525656.41
4.67,0.00,0.00,0.00,29.00,0.00,2967.00,4400.00,0.00,524457.95
4.67,0.00,0.00,0.00,29.00,0.00,2954.00,4413.00,0.00,523168.54
4.68,0.00,0.00,0.00,29.00,0.00,2949.00,4418.00,0.00,521916.29
4.69,0.00,0.00,0.00,29.00,0.00,2946.00,4421.00,0.00,520728.02
4.69,0.00,0.00,0.00,29.00,0.00,2934.00,4433.00,0.00,519462.94
4.70,0.00,0.00,0.00,29.00,0.00,2928.00,4439.00,0.00,518217.87
4.71,0.00,0.00,0.00,29.00,0.00,2926.00,4441.00,0.00,517051.18
4.72,0.00,0.00,0.00,29.00,0.00,2921.00,4446.00,0.00,515910.96
4.72,0.00,0.00,0.00,29.00,0.00,2913.00,4454.00,0.00,514749.84
4.73,0.00,0.00,0.00,29.00,0.00,2906.00,4461.00,0.00,513584.67
4.74,0.00,0.00,0.00,29.00,0.00,2899.00,4468.00,0.00,512415.79
4.74,0.00,0.00,0.00,29.00,0.00,2896.00,4471.00,0.00,511303.63
4.75,0.00,0.00,0.00,29.00,0.00,2889.00,4478.00,0.00,510183.14
4.76,0.00,0.00,0.00,29.00,0.00,2877.00,4490.00,0.00,508979.95
4.76,0.00,0.00,0.00,29.00,0.00,2866.00,4501.00,0.00,507716.27
4.77,0.00,0.00,0.00,29.00,0.00,2861.00,4506.00,0.00,506487.51
4.78,0.00,0.00,0.00,29.00,0.00,2857.00,4510.00,0.00,505305.65
4.78,0.00,0.00,0.00,29.00,0.00,2852.00,4515.00,0.00,504151.59
4.79,0.00,0.00,0.00,29.00,0.00,2845.00,4522.00,0.00,502992.86
4.80,0.00,0.00,0.00,29.00,0.00,2840.00,4527.00,0.00,501859.91
4.81,0.00,0.00,0.00,29.00,0.00,2835.00,4532.00,0.00,500750.50
4.81,0.00,0.00,0.00,29.00,0.00,2830.00,4537.00,0.00,499662.58
4.82,0.00,0.00,0.00,29.00,0.00,2818.00,4549.00,0.00,498489.11
4.83,0.00,0.00,0.00,29.00,0.00,2811.00,4556.00,0.00,497312.66
4.83,0.00,0.00,0.00,29.00,0.00,2807.00,4560.00,0.00,496178.55
4.84,0.00,0.00,0.00,29.00,0.00,2791.00,4576.00,0.00,494902.84
4.85,0.00,0.00,0.00,29.00,0.00,2784.00,4583.00,0.00,493633.04
4.85,0.00,0.00,0.00,29.00,0.00,2776.00,4591.00,0.00,492353.63
4.86,0.00,0.00,0.00,29.00,0.00,2767.00,4600.00,0.00,491050.41
4.87,0.00,0.00,0.00,29.00,0.00,2758.00,4609.00,0.00,489725.47
4.88,0.00,0.00,0.00,29.00,0.00,2750.00,4617.00,0.00,488395.71
4.88,0.00,0.00,0.00,29.00,0.00,2741.00,4626.00,0.00,487046.53
4.89,0.00,0.00,0.00,29.00,0.00,2737.00,4630.00,0.00,485754.74
4.90,0.00,0.00,0.00,29.00,0.00,2726.00,4641.00,0.00,484410.19
4.90,0.00,0.00,0.00,29.00,0.00,2719.00,4648.00,0.00,483077.55
4.91,0.00,0.00,0.00,29.00,0.00,2706.00,4661.00,0.00,481665.64
4.92,0.00,0.00,0.00,29.00,0.00,2697.00,4670.00,0.00,480241.48
4.92,0.00,0.00,0.00,29.00,0.00,2690.00,4677.00,0.00,478836.16
4.93,0.00,0.00,0.00,29.00,0.00,2679.00,4688.00,0.00,477387.96
4.94,0.00,0.00,0.00,29.00,0.00,2672.00,4695.00,0.00,475960.70
4.94,0.00,0.00,0.00,29.00,0.00,2667.00,4700.00,0.00,474582.60
4.95,0.00,0.00,0.00,29.00,0.00,2664.00,4703.00,0.00,473279.43
4.96,0.00,0.00,0.00,29.00,0.00,2661.00,4706.00,0.00,472044.67
4.97,0.00,0.00,0.00,29.00,0.00,2650.00,4717.00,0.00,470752.18
4.97,0.00,0.00,0.00,29.00,0.00,2642.00,4725.00,0.00,469452.04
4.98,0.00,0.00,0.00,29.00,0.00,2628.00,4739.00,0.00,468054.79
4.99,0.00,0.00,0.00,29.00,0.00,2621.00,4746.00,0.00,466674.05
4.99,0.00,0.00,0.00,29.00,0.00,2615.00,4752.00,0.00,465323.39
5.00,0.00,0.00,0.00,29.00,0.00,2607.00,4760.00,0.00,463970.16
5.01,0.00,0.00,0.00,29.00,0.00,2599.00,4768.00,0.00,462614.58
5.01,0.00,0.00,0.00,29.00,0.00,2587.00,4780.00,0.00,461196.76
5.02,0.00,0.00,0.00,29.00,0.00,2582.00,4785.00,0.00,459827.29
5.03,0.00,0.00,0.00,29.00,0.00,2574.00,4793.00,0.00,458456.87
5.03,0.00,0.00,0.00,29.00,0.00,2564.00,4803.00,0.00,457055.56
5.04,0.00,0.00,0.00,29.00,0.00,2561.00,4806.00,0.00,455731.20
5.05,0.00,0.00,0.00,29.00,0.00,2555.00,4812.00,0.00,454432.02
5.06,0.00,0.00,0.00,29.00,0.00,2550.00,4817.00,0.00,453170.85
5.06,0.00,0.00,0.00,29.00,0.00,2543.00,4824.00,0.00,451914.33
5.07,0.00,0.00,0.00,29.00,0.00,2535.00,4832.00,0.00,450647.05
5.08,0.00,0.00,0.00,29.00,0.00,2527.00,4840.00,0.00,449369.93
5.08,0.00,0.00,0.00,29.00,0.00,2520.00,4847.00,0.00,448098.85
5.09,0.00,0.00,0.00,29.00,0.00,2516.00,4851.00,0.00,446878.36
5.10,0.00,0.00,0.00,29.00,0.00,2509.00,4858.00,0.00,445658.99
5.10,0.00,0.00,0.00,29.00,0.00,2504.00,4863.00,0.00,444470.67
5.11,0.00,0.00,0.00,29.00,0.00,2492.00,4875.00,0.00,443205.56
5.12,0.00,0.00,0.00,29.00,0.00,2488.00,4879.00,0.00,441990.51
5.12,0.00,0.00,0.00,29.00,0.00,2485.00,4882.00,0.00,440836.19
5.13,0.00,0.00,0.00,29.00,0.00,2480.00,4887.00,0.00,439707.28
5.14,0.00,0.00,0.00,29.00,0.00,2472.00,4895.00,0.00,438556.48
5.15,0.00,0.00,0.00,29.00,0.00,2465.00,4902.00,0.00,437400.72
5.15,0.00,0.00,0.00,29.00,0.00,2462.00,4905.00,0.00,436300.53
5.16,0.00,0.00,0.00,29.00,0.00,2452.00,4915.00,0.00,435145.92
5.17,0.00,0.00,0.00,29.00,0.00,2447.00,4920.00,0.00,434016.72
5.17,0.00,0.00,0.00,29.00,0.00,2442.00,4925.00,0.00,432910.74
5.18,0.00,0.00,0.00,29.00,0.00,2434.00,4933.00,0.00,431780.87
5.19,0.00,0.00,0.00,29.00,0.00,2426.00,4941.00,0.00,430629.21
5.19,0.00,0.00,0.00,29.00,0.00,2421.00,4946.00,0.00,429502.71
5.20,0.00,0.00,0.00,29.00,0.00,2417.00,4950.00,0.00,428414.21
5.21,0.00,0.00,0.00,29.00,0.00,2410.00,4957.00,0.00,427315.33
5.22,0.00,0.00,0.00,29.00,0.00,2403.00,4964.00,0.00,426206.98
5.22,0.00,0.00,0.00,29.00,0.00,2393.00,4974.00,0.00,425044.90
5.23,0.00,0.00,0.00,29.00,0.00,2386.00,4981.00,0.00,423878.85
5.24,0.00,0.00,0.00,29.00,0.00,2381.00,4986.00,0.00,422739.22
5.24,0.00,0.00,0.00,29.00,0.00,2372.00,4995.00,0.00,421563.62
5.25,0.00,0.00,0.00,29.00,0.00,2364.00,5003.00,0.00,420370.20
5.26,0.00,0.00,0.00,29.00,0.00,2361.00,5006.00,0.00,419235.63
5.26,0.00,0.00,0.00,29.00,0.00,2353.00,5014.00,0.00,418079.67
5.27,0.00,0.00,0.00,29.00,0.00,2347.00,5020.00,0.00,416934.22
5.28,0.00,0.00,0.00,29.00,0.00,2343.00,5024.00,0.00,415828.42
5.28,0.00,0.00,0.00,29.00,0.00,2336.00,5031.00,0.00,414713.75
5.29,0.00,0.00,0.00,29.00,0.00,2331.00,5036.00,0.00,413621.03
5.30,0.00,0.00,0.00,29.00,0.00,2326.00,5041.00,0.00,412548.34
5.31,0.00,0.00,0.00,29.00,0.00,2316.00,5051.00,0.00,411418.82
5.31,0.00,0.00,0.00,29.00,0.00,2306.00,5061.00,0.00,410237.43
5.32,0.00,0.00,0.00,29.00,0.00,2298.00,5069.00,0.00,409038.72
5.33,0.00,0.00,0.00,29.00,0.00,2293.00,5074.00,0.00,407869.28
5.33,0.00,0.00,0.00,29.00,0.00,2284.00,5083.00,0.00,406666.46
5.34,0.00,0.00,0.00,29.00,0.00,2275.00,5092.00,0.00,405433.16
5.35,0.00,0.00,0.00,29.00,0.00,2270.00,5097.00,0.00,404232.15
5.35,0.00,0.00,0.00,29.00,0.00,2263.00,5104.00,0.00,403030.54
5.36,0.00,0.00,0.00,29.00,0.00,2254.00,5113.00,0.00,401798.37
5.37,0.00,0.00,0.00,29.00,0.00,2247.00,5120.00,0.00,400568.32
5.38,0.00,0.00,0.00,29.00,0.00,2240.00,5127.00,0.00,399340.22
5.38,0.00,0.00,0.00,29.00,0.00,2236.00,5131.00,0.00,398158.96
5.39,0.00,0.00,0.00,29.00,0.00,2233.00,5134.00,0.00,397035.50
5.40,0.00,0.00,0.00,29.00,0.00,2227.00,5140.00,0.00,395919.72
5.40,0.00,0.00,0.00,29.00,0.00,2221.00,5146.00,0.00,394810.96
5.41,0.00,0.00,0.00,29.00,0.00,2218.00,5149.00,0.00,393753.68
5.42,0.00,0.00,0.00,29.00,0.00,2212.00,5155.00,0.00,392698.33
5.42,0.00,0.00,0.00,29.00,0.00,2202.00,5165.00,0.00,391584.63
5.43,0.00,0.00,0.00,29.00,0.00,2199.00,5168.00,0.00,390522.85
5.44,0.00,0.00,0.00,29.00,0.00,2196.00,5171.00,0.00,389508.45
5.44,0.00,0.00,0.00,29.00,0.00,2189.00,5178.00,0.00,388477.22
5.45,0.00,0.00,0.00,29.00,0.00,2178.00,5189.00,0.00,387370.53
5.46,0.00,0.00,0.00,29.00,0.00,2165.00,5202.00,0.00,386164.91
5.47,0.00,0.00,0.00,29.00,0.00,2159.00,5208.00,0.00,384974.12
5.47,0.00,0.00,0.00,29.00,0.00,2151.00,5216.00,0.00,383766.85
5.48,0.00,0.00,0.00,29.00,0.00,2145.00,5222.00,0.00,382574.55
5.49,0.00,0.00,0.00,29.00,0.00,2137.00,5230.00,0.00,381365.90
5.49,0.00,0.00,0.00,29.00,0.00,2130.00,5237.00,0.00,380157.32
5.50,0.00,0.00,0.00,29.00,0.00,2120.00,5247.00,0.00,378903.76
5.51,0.00,0.00,0.00,29.00,0.00,2114.00,5253.00,0.00,377669.21
5.51,0.00,0.00,0.00,29.00,0.00,2107.00,5260.00,0.00,376436.99
5.52,0.00,0.00,0.00,29.00,0.00,2088.00,5279.00,0.00,375026.64
5.53,0.00,0.00,0.00,29.00,0.00,2081.00,5286.00,0.00,373633.93
5.53,0.00,0.00,0.00,29.00,0.00,2073.00,5294.00,0.00,372242.31
5.54,0.00,0.00,0.00,29.00,0.00,2065.00,5302.00,0.00,370851.68
5.55,0.00,0.00,0.00,29.00,0.00,2052.00,5315.00,0.00,369386.83
5.56,0.00,0.00,0.00,29.00,0.00,2043.00,5324.00,0.00,367914.34
5.56,0.00,0.00,0.00,29.00,0.00,2036.00,5331.00,0.00,366464.90
5.57,0.00,0.00,0.00,29.00,0.00,2025.00,5342.00,0.00,364976.42
5.58,0.00,0.00,0.00,29.00,0.00,2017.00,5350.00,0.00,363497.36
5.58,0.00,0.00,0.00,29.00,0.00,2009.00,5358.00,0.00,362026.91
5.59,0.00,0.00,0.00,29.00,0.00,2004.00,5363.00,0.00,360609.38
5.60,0.00,0.00,0.00,29.00,0.00,1999.00,5368.00,0.00,359240.18
5.60,0.00,0.00,0.00,29.00,0.00,1993.00,5374.00,0.00,357900.05
5.61,0.00,0.00,0.00,29.00,0.00,1988.00,5379.00,0.00,356601.51
5.62,0.00,0.00,0.00,29.00,0.00,1987.00,5380.00,0.00,355401.01
5.62,0.00,0.00,0.00,29.00,0.00,1978.00,5389.00,0.00,354169.84
5.63,0.00,0.00,0.00,29.00,0.00,1971.00,5396.00,0.00,352940.72
5.64,0.00,0.00,0.00,29.00,0.00,1965.00,5402.00,0.00,351728.48
5.65,0.00,0.00,0.00,29.00,0.00,1956.00,5411.00,0.00,350486.59
5.65,0.00,0.00,0.00,29.00,0.00,1946.00,5421.00,0.00,349202.61
5.66,0.00,0.00,0.00,29.00,0.00,1943.00,5424.00,0.00,347985.36
5.67,0.00,0.00,0.00,29.00,0.00,1938.00,5429.00,0.00,346798.99
5.67,0.00,0.00,0.00,29.00,0.00,1934.00,5433.00,0.00,345655.84
5.68,0.00,0.00,0.00,29.00,0.00,1919.00,5448.00,0.00,344386.87
5.69,0.00,0.00,0.00,29.00,0.00,1916.00,5451.00,0.00,343183.34
5.69,0.00,0.00,0.00,29.00,0.00,1908.00,5459.00,0.00,341964.42
5.70,0.00,0.00,0.00,29.00,0.00,1899.00,5468.00,0.00,340716.43
5.71,0.00,0.00,0.00,29.00,0.00,1886.00,5481.00,0.00,339381.80
5.72,0.00,0.00,0.00,29.00,0.00,1881.00,5486.00,0.00,338088.28
5.72,0.00,0.00,0.00,29.00,0.00,1872.00,5495.00,0.00,336772.18
5.73,0.00,0.00,0.00,29.00,0.00,1868.00,5499.00,0.00,335510.59
5.74,0.00,0.00,0.00,29.00,0.00,1859.00,5508.00,0.00,334223.65
5.74,0.00,0.00,0.00,29.00,0.00,1848.00,5519.00,0.00,332883.52
5.75,0.00,0.00,0.00,29.00,0.00,1844.00,5523.00,0.00,331599.98
5.76,0.00,0.00,0.00,29.00,0.00,1839.00,5528.00,0.00,330353.10
5.76,0.00,0.00,0.00,29.00,0.00,1834.00,5533.00,0.00,329139.67
5.77,0.00,0.00,0.00,29.00,0.00,1826.00,5541.00,0.00,327911.72
5.78,0.00,0.00,0.00,29.00,0.00,1817.00,5550.00,0.00,326655.49
5.78,0.00,0.00,0.00,29.00,0.00,1810.00,5557.00,0.00,325403.48
5.79,0.00,0.00,0.00,29.00,0.00,1802.00,5565.00,0.00,324140.30
5.80,0.00,0.00,0.00,29.00,0.00,1796.00,5571.00,0.00,322896.99
5.81,0.00,0.00,0.00,29.00,0.00,1787.00,5580.00,0.00,321626.72
5.81,0.00,0.00,0.00,29.00,0.00,1778.00,5589.00,0.00,320331.86
5.82,0.00,0.00,0.00,29.00,0.00,1774.00,5593.00,0.00,319089.65
5.83,0.00,0.00,0.00,29.00,0.00,1768.00,5599.00,0.00,317865.48
5.83,0.00,0.00,0.00,29.00,0.00,1760.00,5607.00,0.00,316627.71
5.84,0.00,0.00,0.00,29.00,0.00,1755.00,5612.00,0.00,315422.61
5.85,0.00,0.00,0.00,29.00,0.00,1746.00,5621.00,0.00,314187.24
5.85,0.00,0.00,0.00,29.00,0.00,1739.00,5628.00,0.00,312954.27
5.86,0.00,0.00,0.00,29.00,0.00,1735.00,5632.00,0.00,311768.58
5.87,0.00,0.00,0.00,29.00,0.00,1725.00,5642.00,0.00,310535.90
5.88,0.00,0.00,0.00,29.00,0.00,1720.00,5647.00,0.00,309335.44
5.88,0.00,0.00,0.00,29.00,0.00,1714.00,5653.00,0.00,308149.37
5.89,0.00,0.00,0.00,29.00,0.00,1704.00,5663.00,0.00,306916.35
5.90,0.00,0.00,0.00,29.00,0.00,1698.00,5669.00,0.00,305700.56
5.90,0.00,0.00,0.00,29.00,0.00,1694.00,5673.00,0.00,304530.54
5.91,0.00,0.00,0.00,29.00,0.00,1687.00,5680.00,0.00,303357.24
5.92,0.00,0.00,0.00,29.00,0.00,1685.00,5682.00,0.00,302256.06
5.92,0.00,0.00,0.00,29.00,0.00,1680.00,5687.00,0.00,301175.65
5.93,0.00,0.00,0.00,29.00,0.00,1675.00,5692.00,0.00,300114.20
5.94,0.00,0.00,0.00,29.00,0.00,1671.00,5696.00,0.00,299085.09
5.94,0.00,0.00,0.00,29.00,0.00,1661.00,5706.00,0.00,297995.36
5.95,0.00,0.00,0.00,29.00,0.00,1657.00,5710.00,0.00,296940.42
5.96,0.00,0.00,0.00,29.00,0.00,1645.00,5722.00,0.00,295797.07
5.97,0.00,0.00,0.00,29.00,0.00,1640.00,5727.00,0.00,294678.16
5.97,0.00,0.00,0.00,29.00,0.00,1626.00,5741.00,0.00,293446.35
5.98,0.00,0.00,0.00,29.00,0.00,1620.00,5747.00,0.00,292231.67
5.99,0.00,0.00,0.00,29.00,0.00,1614.00,5753.00,0.00,291032.62
5.99,0.00,0.00,0.00,29.00,0.00,1608.00,5759.00,0.00,289847.84
6.00,0.00,0.00,0.00,29.00,0.00,1604.00,5763.00,0.00,288706.13
6.01,0.00,0.00,0.00,29.00,0.00,1594.00,5773.00,0.00,287513.61
6.01,0.00,0.00,0.00,29.00,0.00,1587.00,5780.00,0.00,286319.76
6.02,0.00,0.00,0.00,29.00,0.00,1579.00,5788.00,0.00,285109.69
6.03,0.00,0.00,0.00,29.00,0.00,1572.00,5795.00,0.00,283899.82
6.03,0.00,0.00,0.00,29.00,0.00,1564.00,5803.00,0.00,282675.11
6.04,0.00,0.00,0.00,29.00,0.00,1558.00,5809.00,0.00,281466.91
6.05,0.00,0.00,0.00,29.00,0.00,1551.00,5816.00,0.00,280258.76
6.06,0.00,0.00,0.00,29.00,0.00,1546.00,5821.00,0.00,279080.69
6.06,0.00,0.00,0.00,29.00,0.00,1535.00,5832.00,0.00,277839.94
6.07,0.00,0.00,0.00,29.00,0.00,1531.00,5836.00,0.00,276647.15
6.08,0.00,0.00,0.00,29.00,0.00,1526.00,5841.00,0.00,275483.10
6.08,0.00,0.00,0.00,29.00,0.00,1520.00,5847.00,0.00,274330.27
6.09,0.00,0.00,0.00,29.00,0.00,1511.00,5856.00,0.00,273142.62
6.10,0.00,0.00,0.00,29.00,0.00,1508.00,5859.00,0.00,272013.32
6.10,0.00,0.00,0.00,29.00,0.00,1504.00,5863.00,0.00,270922.26
6.11,0.00,0.00,0.00,29.00,0.00,1500.00,5867.00,0.00,269866.11
6.12,0.00,0.00,0.00,29.00,0.00,1490.00,5877.00,0.00,268751.69
6.12,0.00,0.00,0.00,29.00,0.00,1480.00,5887.00,0.00,267584.09
6.13,0.00,0.00,0.00,29.00,0.00,1474.00,5893.00,0.00,266428.01
6.14,0.00,0.00,0.00,29.00,0.00,1470.00,5897.00,0.00,265312.51
6.15,0.00,0.00,0.00,29.00,0.00,1465.00,5902.00,0.00,264219.03
6.15,0.00,0.00,0.00,29.00,0.00,1459.00,5908.00,0.00,263130.62
6.16,0.00,0.00,0.00,29.00,0.00,1455.00,5912.00,0.00,262076.90
6.17,0.00,0.00,0.00,29.00,0.00,1449.00,5918.00,0.00,261024.79
6.17,0.00,0.00,0.00,29.00,0.00,1444.00,5923.00,0.00,259989.18
6.18,0.00,0.00,0.00,29.00,0.00,1436.00,5931.00,0.00,258923.56
6.19,0.00,0.00,0.00,29.00,0.00,1432.00,5935.00,0.00,257890.64
6.19,0.00,0.00,0.00,29.00,0.00,1425.00,5942.00,0.00,256842.49
6.20,0.00,0.00,0.00,29.00,0.00,1414.00,5953.00,0.00,255720.37
6.21,0.00,0.00,0.00,29.00,0.00,1408.00,5959.00,0.00,254605.81
6.22,0.00,0.00,0.00,29.00,0.00,1396.00,5971.00,0.00,253408.03
6.22,0.00,0.00,0.00,29.00,0.00,1392.00,5975.00,0.00,252254.45
6.23,0.00,0.00,0.00,29.00,0.00,1385.00,5982.00,0.00,251096.16
6.24,0.00,0.00,0.00,29.00,0.00,1379.00,5988.00,0.00,249948.59
6.24,0.00,0.00,0.00,29.00,0.00,1375.00,5992.00,0.00,248840.86
6.25,0.00,0.00,0.00,29.00,0.00,1372.00,5995.00,0.00,247784.51
6.26,0.00,0.00,0.00,29.00,0.00,1368.00,5999.00,0.00,246760.05
6.26,0.00,0.00,0.00,29.00,0.00,1359.00,6008.00,0.00,245689.59
6.27,0.00,0.00,0.00,29.00,0.00,1353.00,6014.00,0.00,244622.21
6.28,0.00,0.00,0.00,29.00,0.00,1346.00,6021.00,0.00,243542.60
6.28,0.00,0.00,0.00,29.00,0.00,1342.00,6025.00,0.00,242496.91
6.29,0.00,0.00,0.00,29.00,0.00,1333.00,6034.00,0.00,241407.07
6.30,0.00,0.00,0.00,29.00,0.00,1325.00,6042.00,0.00,240291.94
6.31,0.00,0.00,0.00,29.00,0.00,1321.00,6046.00,0.00,239213.81
6.31,0.00,0.00,0.00,29.00,0.00,1316.00,6051.00,0.00,238154.46
6.32,0.00,0.00,0.00,29.00,0.00,1312.00,6055.00,0.00,237127.25
6.33,0.00,0.00,0.00,29.00,0.00,1307.00,6060.00,0.00,236114.37
6.33,0.00,0.00,0.00,29.00,0.00,1297.00,6070.00,0.00,235039.46
6.34,0.00,0.00,0.00,29.00,0.00,1294.00,6073.00,0.00,234013.08
6.35,0.00,0.00,0.00,29.00,0.00,1288.00,6079.00,0.00,232985.94
6.35,0.00,0.00,0.00,29.00,0.00,1279.00,6088.00,0.00,231913.02
6.36,0.00,0.00,0.00,29.00,0.00,1269.00,6098.00,0.00,230783.30
6.37,0.00,0.00,0.00,29.00,0.00,1262.00,6105.00,0.00,229646.79
6.38,0.00,0.00,0.00,29.00,0.00,1258.00,6109.00,0.00,228549.15
6.38,0.00,0.00,0.00,29.00,0.00,1249.00,6118.00,0.00,227411.88
6.39,0.00,0.00,0.00,29.00,0.00,1239.00,6128.00,0.00,226223.40
6.40,0.00,0.00,0.00,29.00,0.00,1233.00,6134.00,0.00,225048.28
6.40,0.00,0.00,0.00,29.00,0.00,1224.00,6143.00,0.00,223840.27
6.41,0.00,0.00,0.00,29.00,0.00,1217.00,6150.00,0.00,222632.29
6.42,0.00,0.00,0.00,29.00,0.00,1212.00,6155.00,0.00,221454.38
6.42,0.00,0.00,0.00,29.00,0.00,1204.00,6163.00,0.00,220258.86
6.43,0.00,0.00,0.00,29.00,0.00,1196.00,6171.00,0.00,219047.24
6.44,0.00,0.00,0.00,29.00,0.00,1188.00,6179.00,0.00,217820.95
6.44,0.00,0.00,0.00,29.00,0.00,1185.00,6182.00,0.00,216656.37
6.45,0.00,0.00,0.00,29.00,0.00,1178.00,6189.00,0.00,215488.03
6.46,0.00,0.00,0.00,29.00,0.00,1166.00,6201.00,0.00,214241.15
6.47,0.00,0.00,0.00,29.00,0.00,1159.00,6208.00,0.00,212997.68
6.47,0.00,0.00,0.00,29.00,0.00,1156.00,6211.00,0.00,211817.42
6.48,0.00,0.00,0.00,29.00,0.00,1146.00,6221.00,0.00,210589.70
6.49,0.00,0.00,0.00,29.00,0.00,1138.00,6229.00,0.00,209348.70
6.49,0.00,0.00,0.00,29.00,0.00,1134.00,6233.00,0.00,208155.67
6.50,0.00,0.00,0.00,29.00,0.00,1130.00,6237.00,0.00,207006.43
6.51,0.00,0.00,0.00,29.00,0.00,1122.00,6245.00,0.00,205837.08
6.51,0.00,0.00,0.00,29.00,0.00,1115.00,6252.00,0.00,204664.38
6.52,0.00,0.00,0.00,29.00,0.00,1107.00,6260.00,0.00,203473.62
6.53,0.00,0.00,0.00,29.00,0.00,1103.00,6264.00,0.00,202326.45
6.53,0.00,0.00,0.00,29.00,0.00,1093.00,6274.00,0.00,201128.94
6.54,0.00,0.00,0.00,29.00,0.00,1086.00,6281.00,0.00,199930.54
6.55,0.00,0.00,0.00,29.00,0.00,1076.00,6291.00,0.00,198686.27
6.56,0.00,0.00,0.00,29.00,0.00,1072.00,6295.00,0.00,197490.24
6.56,0.00,0.00,0.00,29.00,0.00,1063.00,6304.00,0.00,196263.16
6.57,0.00,0.00,0.00,29.00,0.00,1056.00,6311.00,0.00,195037.76
6.58,0.00,0.00,0.00,29.00,0.00,1048.00,6319.00,0.00,193798.88
6.58,0.00,0.00,0.00,29.00,0.00,1043.00,6324.00,0.00,192592.76
6.59,0.00,0.00,0.00,29.00,0.00,1036.00,6331.00,0.00,191386.50
6.60,0.00,0.00,0.00,29.00,0.00,1029.00,6338.00,0.00,190180.12
6.60,0.00,0.00,0.00,29.00,0.00,1022.00,6345.00,0.00,188973.62
6.61,0.00,0.00,0.00,29.00,0.00,1019.00,6348.00,0.00,187827.11
6.62,0.00,0.00,0.00,29.00,0.00,1017.00,6350.00,0.00,186750.39
6.62,0.00,0.00,0.00,29.00,0.00,1010.00,6357.00,0.00,185662.26
6.63,0.00,0.00,0.00,29.00,0.00,1000.00,6367.00,0.00,184518.66
6.64,0.00,0.00,0.00,29.00,0.00,989.00,6378.00,0.00,183309.37
6.65,0.00,0.00,0.00,29.00,0.00,986.00,6381.00,0.00,182160.32
6.65,0.00,0.00,0.00,29.00,0.00,978.00,6389.00,0.00,180991.14
6.66,0.00,0.00,0.00,29.00,0.00,974.00,6393.00,0.00,179863.67
6.67,0.00,0.00,0.00,29.00,0.00,965.00,6402.00,0.00,178699.17
6.67,0.00,0.00,0.00,29.00,0.00,959.00,6408.00,0.00,177545.93
6.68,0.00,0.00,0.00,29.00,0.00,953.00,6414.00,0.00,176402.97
6.69,0.00,0.00,0.00,29.00,0.00,945.00,6422.00,0.00,175239.35
6.69,0.00,0.00,0.00,29.00,0.00,939.00,6428.00,0.00,174086.92
6.70,0.00,0.00,0.00,29.00,0.00,935.00,6432.00,0.00,172974.74
6.71,0.00,0.00,0.00,29.00,0.00,929.00,6438.00,0.00,171869.27
6.72,0.00,0.00,0.00,29.00,0.00,926.00,6441.00,0.00,170814.99
6.72,0.00,0.00,0.00,29.00,0.00,922.00,6445.00,0.00,169792.42
6.73,0.00,0.00,0.00,29.00,0.00,915.00,6452.00,0.00,168753.73
6.74,0.00,0.00,0.00,29.00,0.00,907.00,6460.00,0.00,167685.30
6.74,0.00,0.00,0.00,29.00,0.00,902.00,6465.00,0.00,166634.78
6.75,0.00,0.00,0.00,29.00,0.00,895.00,6472.00,0.00,165570.58
6.76,0.00,0.00,0.00,29.00,0.00,887.00,6480.00,0.00,164478.87
6.76,0.00,0.00,0.00,29.00,0.00,880.00,6487.00,0.00,163377.05
6.77,0.00,0.00,0.00,29.00,0.00,875.00,6492.00,0.00,162296.06
6.78,0.00,0.00,0.00,29.00,0.00,867.00,6500.00,0.00,161189.01
6.78,0.00,0.00,0.00,29.00,0.00,862.00,6505.00,0.00,160103.24
6.79,0.00,0.00,0.00,29.00,0.00,857.00,6510.00,0.00,159036.91
6.80,0.00,0.00,0.00,29.00,0.00,855.00,6512.00,0.00,158033.37
6.81,0.00,0.00,0.00,29.00,0.00,845.00,6522.00,0.00,156966.99
6.81,0.00,0.00,0.00,29.00,0.00,842.00,6525.00,0.00,155948.40
6.82,0.00,0.00,0.00,29.00,0.00,837.00,6530.00,0.00,154943.39
6.83,0.00,0.00,0.00,29.00,0.00,832.00,6535.00,0.00,153950.77
6.83,0.00,0.00,0.00,29.00,0.00,829.00,6538.00,0.00,152999.52
6.84,0.00,0.00,0.00,29.00,0.00,824.00,6543.00,0.00,152055.98
6.85,0.00,0.00,0.00,29.00,0.00,822.00,6545.00,0.00,151164.56
6.85,0.00,0.00,0.00,29.00,0.00,818.00,6549.00,0.00,150290.67
6.86,0.00,0.00,0.00,29.00,0.00,815.00,6552.00,0.00,149447.80
6.87,0.00,0.00,0.00,29.00,0.00,812.00,6555.00,0.00,148633.25
6.88,0.00,0.00,0.00,29.00,0.00,805.00,6562.00,0.00,147784.47
6.88,0.00,0.00,0.00,29.00,0.00,798.00,6569.00,0.00,146904.44
6.89,0.00,0.00,0.00,29.00,0.00,791.00,6576.00,0.00,145995.88
6.90,0.00,0.00,0.00,29.00,0.00,784.00,6583.00,0.00,145061.26
6.90,0.00,0.00,0.00,29.00,0.00,779.00,6588.00,0.00,144132.92
6.91,0.00,0.00,0.00,29.00,0.00,777.00,6590.00,0.00,143255.36
6.92,0.00,0.00,0.00,29.00,0.00,772.00,6595.00,0.00,142379.11
6.92,0.00,0.00,0.00,29.00,0.00,766.00,6601.00,0.00,141489.01
6.93,0.00,0.00,0.00,29.00,0.00,759.00,6608.00,0.00,140571.26
6.94,0.00,0.00,0.00,29.00,0.00,754.00,6613.00,0.00,139658.31
6.94,0.00,0.00,0.00,29.00,0.00,748.00,6619.00,0.00,138734.72
6.95,0.00,0.00,0.00,29.00,0.00,743.00,6624.00,0.00,137816.43
6.96,0.00,0.00,0.00,29.00,0.00,737.00,6630.00,0.00,136887.96
6.97,0.00,0.00,0.00,29.00,0.00,733.00,6634.00,0.00,135980.25
6.97,0.00,0.00,0.00,29.00,0.00,726.00,6641.00,0.00,135046.42
6.98,0.00,0.00,0.00,29.00,0.00,719.00,6648.00,0.00,134088.74
6.99,0.00,0.00,0.00,29.00,0.00,709.00,6658.00,0.00,133064.22
6.99,0.00,0.00,0.00,29.00,0.00,702.00,6665.00,0.00,132023.75
7.00,0.00,0.00,0.00,29.00,0.00,697.00,6670.00,0.00,130998.76
7.01,0.00,0.00,0.00,29.00,0.00,691.00,6676.00,0.00,129972.89
7.01,0.00,0.00,0.00,29.00,0.00,685.00,6682.00,0.00,128946.20
7.02,0.00,0.00,0.00,29.00,0.00,675.00,6692.00,0.00,127858.69
7.03,0.00,0.00,0.00,29.00,0.00,668.00,6699.00,0.00,126760.71
7.03,0.00,0.00,0.00,29.00,0.00,664.00,6703.00,0.00,125698.24
7.04,0.00,0.00,0.00,29.00,0.00,657.00,6710.00,0.00,124623.13
7.05,0.00,0.00,0.00,29.00,0.00,650.00,6717.00,0.00,123536.48
7.06,0.00,0.00,0.00,29.00,0.00,645.00,6722.00,0.00,122469.32
7.06,0.00,0.00,0.00,29.00,0.00,640.00,6727.00,0.00,121419.98
7.07,0.00,0.00,0.00,29.00,0.00,633.00,6734.00,0.00,120356.85
7.08,0.00,0.00,0.00,29.00,0.00,625.00,6742.00,0.00,119266.10
7.08,0.00,0.00,0.00,29.00,0.00,613.00,6754.00,0.00,118090.06
7.09,0.00,0.00,0.00,29.00,0.00,607.00,6760.00,0.00,116926.28
7.10,0.00,0.00,0.00,29.00,0.00,602.00,6765.00,0.00,115788.73
7.10,0.00,0.00,0.00,29.00,0.00,598.00,6769.00,0.00,114690.13
7.11,0.00,0.00,0.00,29.00,0.00,594.00,6773.00,0.00,113627.10
7.12,0.00,0.00,0.00,29.00,0.00,586.00,6781.00,0.00,112536.46
7.12,0.00,0.00,0.00,29.00,0.00,581.00,6786.00,0.00,111465.66
7.13,0.00,0.00,0.00,29.00,0.00,578.00,6789.00,0.00,110443.04
7.14,0.00,0.00,0.00,29.00,0.00,569.00,6798.00,0.00,109374.26
7.15,0.00,0.00,0.00,29.00,0.00,564.00,6803.00,0.00,108323.42
7.15,0.00,0.00,0.00,29.00,0.00,561.00,6806.00,0.00,107319.02
7.16,0.00,0.00,0.00,29.00,0.00,554.00,6813.00,0.00,106296.92
7.17,0.00,0.00,0.00,29.00,0.00,545.00,6822.00,0.00,105228.61
7.17,0.00,0.00,0.00,29.00,0.00,544.00,6823.00,0.00,104238.30
7.18,0.00,0.00,0.00,29.00,0.00,541.00,6826.00,0.00,103289.15
7.19,0.00,0.00,0.00,29.00,0.00,536.00,6831.00,0.00,102347.53
7.19,0.00,0.00,0.00,29.00,0.00,531.00,6836.00,0.00,101412.80
7.20,0.00,0.00,0.00,29.00,0.00,523.00,6844.00,0.00,100439.27
7.21,0.00,0.00,0.00,29.00,0.00,517.00,6850.00,0.00,99460.37
7.22,0.00,0.00,0.00,29.00,0.00,511.00,6856.00,0.00,98476.57
7.22,0.00,0.00,0.00,29.00,0.00,505.00,6862.00,0.00,97488.30
7.23,0.00,0.00,0.00,29.00,0.00,498.00,6869.00,0.00,96480.92
7.24,0.00,0.00,0.00,29.00,0.00,492.00,6875.00,0.00,95471.12
7.24,0.00,0.00,0.00,29.00,0.00,484.00,6883.00,0.00,94429.07
7.25,0.00,0.00,0.00,29.00,0.00,478.00,6889.00,0.00,93387.61
7.26,0.00,0.00,0.00,29.00,0.00,475.00,6892.00,0.00,92391.77
7.26,0.00,0.00,0.00,29.00,0.00,470.00,6897.00,0.00,91407.53
7.27,0.00,0.00,0.00,29.00,0.00,462.00,6905.00,0.00,90388.81
7.28,0.00,0.00,0.00,29.00,0.00,457.00,6910.00,0.00,89383.68
7.28,0.00,0.00,0.00,29.00,0.00,450.00,6917.00,0.00,88360.91
7.29,0.00,0.00,0.00,29.00,0.00,443.00,6924.00,0.00,87322.03
7.30,0.00,0.00,0.00,29.00,0.00,439.00,6928.00,0.00,86313.53
7.31,0.00,0.00,0.00,29.00,0.00,434.00,6933.00,0.00,85317.73
7.31,0.00,0.00,0.00,29.00,0.00,429.00,6938.00,0.00,84333.52
7.32,0.00,0.00,0.00,29.00,0.00,426.00,6941.00,0.00,83389.94
7.33,0.00,0.00,0.00,29.00,0.00,423.00,6944.00,0.00,82483.46
7.33,0.00,0.00,0.00,29.00,0.00,420.00,6947.00,0.00,81610.84
7.34,0.00,0.00,0.00,29.00,0.00,417.00,6950.00,0.00,80769.13
7.35,0.00,0.00,0.00,29.00,0.00,415.00,6952.00,0.00,79970.67
7.35,0.00,0.00,0.00,29.00,0.00,413.00,6954.00,0.00,79211.69
7.36,0.00,0.00,0.00,29.00,0.00,409.00,6958.00,0.00,78458.71
7.37,0.00,0.00,0.00,29.00,0.00,402.00,6965.00,0.00,77666.13
7.38,0.00,0.00,0.00,29.00,0.00,396.00,6971.00,0.00,76852.43
7.38,0.00,0.00,0.00,29.00,0.00,394.00,6973.00,0.00,76079.54
7.39,0.00,0.00,0.00,29.00,0.00,390.00,6977.00,0.00,75313.85
7.40,0.00,0.00,0.00,29.00,0.00,389.00,6978.00,0.00,74599.82
7.40,0.00,0.00,0.00,29.00,0.00,385.00,6982.00,0.00,73887.86
7.41,0.00,0.00,0.00,29.00,0.00,379.00,6988.00,0.00,73147.77
7.42,0.00,0.00,0.00,29.00,0.00,377.00,6990.00,0.00,72442.07
7.42,0.00,0.00,0.00,29.00,0.00,371.00,6996.00,0.00,71707.68
7.43,0.00,0.00,0.00,29.00,0.00,369.00,6998.00,0.00,71007.19
7.44,0.00,0.00,0.00,29.00,0.00,366.00,7001.00,0.00,70322.63
7.44,0.00,0.00,0.00,29.00,0.00,362.00,7005.00,0.00,69637.58
7.45,0.00,0.00,0.00,29.00,0.00,355.00,7012.00,0.00,68907.03
7.46,0.00,0.00,0.00,29.00,0.00,349.00,7018.00,0.00,68149.95
7.47,0.00,0.00,0.00,29.00,0.00,347.00,7020.00,0.00,67428.75
7.47,0.00,0.00,0.00,29.00,0.00,343.00,7024.00,0.00,66710.25
7.48,0.00,0.00,0.00,29.00,0.00,337.00,7030.00,0.00,65964.18
7.49,0.00,0.00,0.00,29.00,0.00,327.00,7040.00,0.00,65132.84
7.49,0.00,0.00,0.00,29.00,0.00,324.00,7043.00,0.00,64328.82
7.50,0.00,0.00,0.00,29.00,0.00,321.00,7046.00,0.00,63549.75
7.51,0.00,0.00,0.00,29.00,0.00,320.00,7047.00,0.00,62823.49
7.51,0.00,0.00,0.00,29.00,0.00,319.00,7048.00,0.00,62145.44
7.52,0.00,0.00,0.00,29.00,0.00,313.00,7054.00,0.00,61436.30
7.53,0.00,0.00,0.00,29.00,0.00,312.00,7055.00,0.00,60773.89
7.53,0.00,0.00,0.00,29.00,0.00,307.00,7060.00,0.00,60094.04
7.54,0.00,0.00,0.00,29.00,0.00,306.00,7061.00,0.00,59458.36
7.55,0.00,0.00,0.00,29.00,0.00,301.00,7066.00,0.00,58802.93
7.56,0.00,0.00,0.00,29.00,0.00,296.00,7071.00,0.00,58129.45
7.56,0.00,0.00,0.00,29.00,0.00,291.00,7076.00,0.00,57439.49
7.57,0.00,0.00,0.00,29.00,0.00,287.00,7080.00,0.00,56749.53
7.58,0.00,0.00,0.00,29.00,0.00,284.00,7083.00,0.00,56074.57
7.58,0.00,0.00,0.00,29.00,0.00,280.00,7087.00,0.00,55398.29
7.59,0.00,0.00,0.00,29.00,0.00,275.00,7092.00,0.00,54705.79
7.60,0.00,0.00,0.00,29.00,0.00,271.00,7096.00,0.00,54013.49
7.60,0.00,0.00,0.00,29.00,0.00,268.00,7099.00,0.00,53336.41
7.61,0.00,0.00,0.00,29.00,0.00,264.00,7103.00,0.00,52658.19
7.62,0.00,0.00,0.00,29.00,0.00,259.00,7108.00,0.00,51963.91
7.62,0.00,0.00,0.00,29.00,0.00,257.00,7110.00,0.00,51300.04
7.63,0.00,0.00,0.00,29.00,0.00,248.00,7119.00,0.00,50558.78
7.64,0.00,0.00,0.00,29.00,0.00,247.00,7120.00,0.00,49867.03
7.65,0.00,0.00,0.00,29.00,0.00,244.00,7123.00,0.00,49190.45
7.65,0.00,0.00,0.00,29.00,0.00,242.00,7125.00,0.00,48542.74
7.66,0.00,0.00,0.00,29.00,0.00,238.00,7129.00,0.00,47891.33
7.67,0.00,0.00,0.00,29.00,0.00,235.00,7132.00,0.00,47251.58
7.67,0.00,0.00,0.00,29.00,0.00,232.00,7135.00,0.00,46622.46
7.68,0.00,0.00,0.00,29.00,0.00,227.00,7140.00,0.00,45973.01
7.69,0.00,0.00,0.00,29.00,0.00,227.00,7140.00,0.00,45380.11
7.69,0.00,0.00,0.00,29.00,0.00,224.00,7143.00,0.00,44793.77
7.70,0.00,0.00,0.00,29.00,0.00,221.00,7146.00,0.00,44213.42
7.71,0.00,0.00,0.00,29.00,0.00,218.00,7149.00,0.00,43638.53
7.72,0.00,0.00,0.00,29.00,0.00,212.00,7155.00,0.00,43023.56
7.72,0.00,0.00,0.00,29.00,0.00,208.00,7159.00,0.00,42402.05
7.73,0.00,0.00,0.00,29.00,0.00,204.00,7163.00,0.00,41774.57
7.74,0.00,0.00,0.00,29.00,0.00,201.00,7166.00,0.00,41156.65
7.74,0.00,0.00,0.00,29.00,0.00,201.00,7166.00,0.00,40592.54
7.75,0.00,0.00,0.00,29.00,0.00,198.00,7169.00,0.00,40032.48
7.76,0.00,0.00,0.00,29.00,0.00,198.00,7169.00,0.00,39521.19
7.76,0.00,0.00,0.00,29.00,0.00,193.00,7174.00,0.00,38979.31
7.77,0.00,0.00,0.00,29.00,0.00,190.00,7177.00,0.00,38439.54
7.78,0.00,0.00,0.00,29.00,0.00,188.00,7179.00,0.00,37916.72
7.78,0.00,0.00,0.00,29.00,0.00,187.00,7180.00,0.00,37424.41
7.79,0.00,0.00,0.00,29.00,0.00,185.00,7182.00,0.00,36944.92
7.80,0.00,0.00,0.00,29.00,0.00,182.00,7185.00,0.00,36462.11
7.81,0.00,0.00,0.00,29.00,0.00,178.00,7189.00,0.00,35961.25
7.81,0.00,0.00,0.00,29.00,0.00,177.00,7190.00,0.00,35488.98
7.82,0.00,0.00,0.00,29.00,0.00,176.00,7191.00,0.00,35042.81
7.83,0.00,0.00,0.00,29.00,0.00,172.00,7195.00,0.00,34575.40
7.83,0.00,0.00,0.00,29.00,0.00,171.00,7196.00,0.00,34133.66
7.84,0.00,0.00,0.00,29.00,0.00,168.00,7199.00,0.00,33685.32
7.85,0.00,0.00,0.00,29.00,0.00,165.00,7202.00,0.00,33230.96
7.85,0.00,0.00,0.00,29.00,0.00,162.00,7205.00,0.00,32771.08
7.86,0.00,0.00,0.00,29.00,0.00,162.00,7205.00,0.00,32351.25
7.87,0.00,0.00,0.00,29.00,0.00,161.00,7206.00,0.00,31952.96
7.88,0.00,0.00,0.00,29.00,0.00,158.00,7209.00,0.00,31544.27
7.88,0.00,0.00,0.00,29.00,0.00,157.00,7210.00,0.00,31156.15
7.89,0.00,0.00,0.00,29.00,0.00,154.00,7213.00,0.00,30756.76
7.90,0.00,0.00,0.00,29.00,0.00,151.00,7216.00,0.00,30347.08
7.90,0.00,0.00,0.00,29.00,0.00,147.00,7220.00,0.00,29912.97
7.91,0.00,0.00,0.00,29.00,0.00,145.00,7222.00,0.00,29486.62
7.92,0.00,0.00,0.00,29.00,0.00,143.00,7224.00,0.00,29067.35
7.92,0.00,0.00,0.00,29.00,0.00,141.00,7226.00,0.00,28654.54
7.93,0.00,0.00,0.00,29.00,0.00,140.00,7227.00,0.00,28262.65
7.94,0.00,0.00,0.00,29.00,0.00,137.00,7230.00,0.00,27859.82
7.94,0.00,0.00,0.00,29.00,0.00,136.00,7231.00,0.00,27477.04
7.95,0.00,0.00,0.00,29.00,0.00,134.00,7233.00,0.00,27097.55
7.96,0.00,0.00,0.00,29.00,0.00,133.00,7234.00,0.00,26736.08
7.97,0.00,0.00,0.00,29.00,0.00,130.00,7237.00,0.00,26361.01
7.97,0.00,0.00,0.00,29.00,0.00,125.00,7242.00,0.00,25943.49
7.98,0.00,0.00,0.00,29.00,0.00,125.00,7242.00,0.00,25562.33
7.99,0.00,0.00,0.00,29.00,0.00,123.00,7244.00,0.00,25184.30
7.99,0.00,0.00,0.00,29.00,0.00,122.00,7245.00,0.00,24824.18
8.00,0.00,0.00,0.00,29.00,0.00,121.00,7246.00,0.00,24480.38
8.01,0.00,0.00,0.00,29.00,0.00,120.00,7247.00,0.00,24151.50
8.01,0.00,0.00,0.00,29.00,0.00,118.00,7249.00,0.00,23821.21
8.02,0.00,0.00,0.00,29.00,0.00,115.00,7252.00,0.00,23474.62
8.03,0.00,0.00,0.00,29.00,0.00,112.00,7255.00,0.00,23113.13
8.03,0.00,0.00,0.00,29.00,0.00,110.00,7257.00,0.00,22753.07
8.04,0.00,0.00,0.00,29.00,0.00,108.00,7259.00,0.00,22394.32
8.05,0.00,0.00,0.00,29.00,0.00,107.00,7260.00,0.00,22051.79
8.06,0.00,0.00,0.00,29.00,0.00,106.00,7261.00,0.00,21724.06
8.06,0.00,0.00,0.00,29.00,0.00,103.00,7264.00,0.00,21379.80
8.07,0.00,0.00,0.00,29.00,0.00,103.00,7264.00,0.00,21065.51
8.08,0.00,0.00,0.00,29.00,0.00,100.00,7267.00,0.00,20733.52
8.08,0.00,0.00,0.00,29.00,0.00,98.00,7269.00,0.00,20400.39
8.09,0.00,0.00,0.00,29.00,0.00,95.00,7272.00,0.00,20051.21
8.10,0.00,0.00,0.00,29.00,0.00,94.00,7273.00,0.00,19717.40
8.10,0.00,0.00,0.00,29.00,0.00,92.00,7275.00,0.00,19382.61
8.11,0.00,0.00,0.00,29.00,0.00,89.00,7278.00,0.00,19031.91
8.12,0.00,0.00,0.00,29.00,0.00,89.00,7278.00,0.00,18711.75
8.12,0.00,0.00,0.00,29.00,0.00,88.00,7279.00,0.00,18404.44
8.13,0.00,0.00,0.00,29.00,0.00,85.00,7282.00,0.00,18078.82
8.14,0.00,0.00,0.00,29.00,0.00,81.00,7286.00,0.00,17721.46
8.15,0.00,0.00,0.00,29.00,0.00,79.00,7288.00,0.00,17365.17
8.15,0.00,0.00,0.00,29.00,0.00,77.00,7290.00,0.00,17009.86
8.16,0.00,0.00,0.00,29.00,0.00,74.00,7293.00,0.00,16640.42
8.17,0.00,0.00,0.00,29.00,0.00,72.00,7295.00,0.00,16273.10
8.17,0.00,0.00,0.00,29.00,0.00,70.00,7297.00,0.00,15907.72
8.18,0.00,0.00,0.00,29.00,0.00,68.00,7299.00,0.00,15544.12
8.19,0.00,0.00,0.00,29.00,0.00,67.00,7300.00,0.00,15197.14
8.19,0.00,0.00,0.00,29.00,0.00,65.00,7302.00,0.00,14850.34
8.20,0.00,0.00,0.00,29.00,0.00,65.00,7302.00,0.00,14533.73
8.21,0.00,0.00,0.00,29.00,0.00,64.00,7303.00,0.00,14229.67
8.22,0.00,0.00,0.00,29.00,0.00,62.00,7305.00,0.00,13922.04
8.22,0.00,0.00,0.00,29.00,0.00,61.00,7306.00,0.00,13626.18
8.23,0.00,0.00,0.00,29.00,0.00,60.00,7307.00,0.00,13341.05
8.24,0.00,0.00,0.00,29.00,0.00,59.00,7308.00,0.00,13065.73
8.24,0.00,0.00,0.00,29.00,0.00,58.00,7309.00,0.00,12799.36
8.25,0.00,0.00,0.00,29.00,0.00,58.00,7309.00,0.00,12556.18
8.26,0.00,0.00,0.00,29.00,0.00,57.00,7310.00,0.00,12319.16
8.26,0.00,0.00,0.00,29.00,0.00,55.00,7312.00,0.00,12072.73
8.27,0.00,0.00,0.00,29.00,0.00,54.00,7313.00,0.00,11832.73
8.28,0.00,0.00,0.00,29.00,0.00,53.00,7314.00,0.00,11598.61
8.28,0.00,0.00,0.00,29.00,0.00,50.00,7317.00,0.00,11339.80
8.29,0.00,0.00,0.00,29.00,0.00,49.00,7318.00,0.00,11088.51
8.30,0.00,0.00,0.00,29.00,0.00,48.00,7319.00,0.00,10844.08
8.31,0.00,0.00,0.00,29.00,0.00,48.00,7319.00,0.00,10620.93
8.31,0.00,0.00,0.00,29.00,0.00,46.00,7321.00,0.00,10387.16
8.32,0.00,0.00,0.00,29.00,0.00,46.00,7321.00,0.00,10173.75
8.33,0.00,0.00,0.00,29.00,0.00,42.00,7325.00,0.00,9918.84
8.33,0.00,0.00,0.00,29.00,0.00,41.00,7326.00,0.00,9671.09
8.34,0.00,0.00,0.00,29.00,0.00,40.00,7327.00,0.00,9429.90
8.35,0.00,0.00,0.00,29.00,0.00,39.00,7328.00,0.00,9194.68
8.35,0.00,0.00,0.00,29.00,0.00,36.00,7331.00,0.00,8934.88
8.36,0.00,0.00,0.00,29.00,0.00,36.00,7331.00,0.00,8697.69
8.37,0.00,0.00,0.00,29.00,0.00,35.00,7332.00,0.00,8466.14
8.38,0.00,0.00,0.00,29.00,0.00,34.00,7333.00,0.00,8239.73
8.38,0.00,0.00,0.00,29.00,0.00,31.00,7336.00,0.00,7987.96
8.39,0.00,0.00,0.00,29.00,0.00,30.00,7337.00,0.00,7743.10
8.40,0.00,0.00,0.00,29.00,0.00,30.00,7337.00,0.00,7519.55
8.40,0.00,0.00,0.00,29.00,0.00,30.00,7337.00,0.00,7315.47
8.41,0.00,0.00,0.00,29.00,0.00,30.00,7337.00,0.00,7129.17
8.42,0.00,0.00,0.00,29.00,0.00,28.00,7339.00,0.00,6929.03
8.42,0.00,0.00,0.00,29.00,0.00,28.00,7339.00,0.00,6746.33
8.43,0.00,0.00,0.00,29.00,0.00,28.00,7339.00,0.00,6579.53
8.44,0.00,0.00,0.00,29.00,0.00,26.00,7341.00,0.00,6397.21
8.44,0.00,0.00,0.00,29.00,0.00,26.00,7341.00,0.00,6230.77
8.45,0.00,0.00,0.00,29.00,0.00,23.00,7344.00,0.00,6033.75
8.46,0.00,0.00,0.00,29.00,0.00,22.00,7345.00,0.00,5838.87
8.47,0.00,0.00,0.00,29.00,0.00,22.00,7345.00,0.00,5660.95
8.47,0.00,0.00,0.00,29.00,0.00,22.00,7345.00,0.00,5498.52
8.48,0.00,0.00,0.00,29.00,0.00,21.00,7346.00,0.00,5335.22
8.49,0.00,0.00,0.00,29.00,0.00,19.00,7348.00,0.00,5156.09
8.49,0.00,0.00,0.00,29.00,0.00,19.00,7348.00,0.00,4992.56
8.50,0.00,0.00,0.00,29.00,0.00,18.00,7349.00,0.00,4828.24
8.51,0.00,0.00,0.00,29.00,0.00,17.00,7350.00,0.00,4663.21
8.51,0.00,0.00,0.00,29.00,0.00,17.00,7350.00,0.00,4512.55
8.52,0.00,0.00,0.00,29.00,0.00,17.00,7350.00,0.00,4375.01
8.53,0.00,0.00,0.00,29.00,0.00,16.00,7351.00,0.00,4234.42
8.53,0.00,0.00,0.00,29.00,0.00,16.00,7351.00,0.00,4106.07
8.54,0.00,0.00,0.00,29.00,0.00,16.00,7351.00,0.00,3988.90
8.55,0.00,0.00,0.00,29.00,0.00,16.00,7351.00,0.00,3881.93
8.56,0.00,0.00,0.00,29.00,0.00,15.00,7352.00,0.00,3769.26
8.56,0.00,0.00,0.00,29.00,0.00,15.00,7352.00,0.00,3666.39
8.57,0.00,0.00,0.00,29.00,0.00,15.00,7352.00,0.00,3572.48
8.58,0.00,0.00,0.00,29.00,0.00,14.00,7353.00,0.00,3471.73
8.58,0.00,0.00,0.00,29.00,0.00,14.00,7353.00,0.00,3379.75
8.59,0.00,0.00,0.00,29.00,0.00,14.00,7353.00,0.00,3295.78
8.60,0.00,0.00,0.00,29.00,0.00,13.00,7354.00,0.00,3204.10
8.60,0.00,0.00,0.00,29.00,0.00,13.00,7354.00,0.00,3120.40
8.61,0.00,0.00,0.00,29.00,0.00,12.00,7355.00,0.00,3028.96
8.62,0.00,0.00,0.00,29.00,0.00,12.00,7355.00,0.00,2945.49
8.62,0.00,0.00,0.00,29.00,0.00,12.00,7355.00,0.00,2869.29
8.63,0.00,0.00,0.00,29.00,0.00,12.00,7355.00,0.00,2799.72
8.64,0.00,0.00,0.00,29.00,0.00,12.00,7355.00,0.00,2736.21
8.65,0.00,0.00,0.00,29.00,0.00,12.00,7355.00,0.00,2678.23
8.65,0.00,0.00,0.00,29.00,0.00,12.00,7355.00,0.00,2625.29
8.66,0.00,0.00,0.00,29.00,0.00,11.00,7356.00,0.00,2561.95
8.67,0.00,0.00,0.00,29.00,0.00,9.00,7358.00,0.00,2474.07
8.67,0.00,0.00,0.00,29.00,0.00,9.00,7358.00,0.00,2393.85
8.68,0.00,0.00,0.00,29.00,0.00,9.00,7358.00,0.00,2320.61
8.69,0.00,0.00,0.00,29.00,0.00,9.00,7358.00,0.00,2253.75
8.69,0.00,0.00,0.00,29.00,0.00,9.00,7358.00,0.00,2192.71
8.70,0.00,0.00,0.00,29.00,0.00,9.00,7358.00,0.00,2136.98
8.71,0.00,0.00,0.00,29.00,0.00,9.00,7358.00,0.00,2086.11
8.72,0.00,0.00,0.00,29.00,0.00,8.00,7359.00,0.00,2024.65
8.72,0.00,0.00,0.00,29.00,0.00,8.00,7359.00,0.00,1968.53
8.73,0.00,0.00,0.00,29.00,0.00,8.00,7359.00,0.00,1917.31
8.74,0.00,0.00,0.00,29.00,0.00,8.00,7359.00,0.00,1870.54
8.74,0.00,0.00,0.00,29.00,0.00,8.00,7359.00,0.00,1827.85
8.75,0.00,0.00,0.00,29.00,0.00,8.00,7359.00,0.00,1788.87
8.76,0.00,0.00,0.00,29.00,0.00,8.00,7359.00,0.00,1753.29
8.76,0.00,0.00,0.00,29.00,0.00,8.00,7359.00,0.00,1720.80
8.77,0.00,0.00,0.00,29.00,0.00,8.00,7359.00,0.00,1691.15
8.78,0.00,0.00,0.00,29.00,0.00,8.00,7359.00,0.00,1664.07
8.78,0.00,0.00,0.00,29.00,0.00,8.00,7359.00,0.00,1639.36
8.79,0.00,0.00,0.00,29.00,0.00,8.00,7359.00,0.00,1616.79
8.80,0.00,0.00,0.00,29.00,0.00,8.00,7359.00,0.00,1596.19
8.81,0.00,0.00,0.00,29.00,0.00,7.00,7360.00,0.00,1562.37
8.81,0.00,0.00,0.00,29.00,0.00,7.00,7360.00,0.00,1531.48
8.82,0.00,0.00,0.00,29.00,0.00,7.00,7360.00,0.00,1503.29
8.83,0.00,0.00,0.00,29.00,0.00,7.00,7360.00,0.00,1477.55
8.83,0.00,0.00,0.00,29.00,0.00,7.00,7360.00,0.00,1454.05
8.84,0.00,0.00,0.00,29.00,0.00,6.00,7361.00,0.00,1417.58
8.85,0.00,0.00,0.00,29.00,0.00,6.00,7361.00,0.00,1384.28
8.85,0.00,0.00,0.00,29.00,0.00,6.00,7361.00,0.00,1353.88
8.86,0.00,0.00,0.00,29.00,0.00,6.00,7361.00,0.00,1326.13
8.87,0.00,0.00,0.00,29.00,0.00,5.00,7362.00,0.00,1285.77
8.88,0.00,0.00,0.00,29.00,0.00,4.00,7363.00,0.00,1233.90
8.88,0.00,0.00,0.00,29.00,0.00,4.00,7363.00,0.00,1186.55
8.89,0.00,0.00,0.00,29.00,0.00,4.00,7363.00,0.00,1143.33
8.90,0.00,0.00,0.00,29.00,0.00,4.00,7363.00,0.00,1103.86
8.90,0.00,0.00,0.00,29.00,0.00,4.00,7363.00,0.00,1067.83
8.91,0.00,0.00,0.00,29.00,0.00,4.00,7363.00,0.00,1034.94
8.92,0.00,0.00,0.00,29.00,0.00,4.00,7363.00,0.00,1004.92
8.92,0.00,0.00,0.00,29.00,0.00,4.00,7363.00,0.00,977.51
8.93,0.00,0.00,0.00,29.00,0.00,4.00,7363.00,0.00,952.48
8.94,0.00,0.00,0.00,29.00,0.00,4.00,7363.00,0.00,929.64
8.94,0.00,0.00,0.00,29.00,0.00,4.00,7363.00,0.00,908.78
8.95,0.00,0.00,0.00,29.00,0.00,4.00,7363.00,0.00,889.74
8.96,0.00,0.00,0.00,29.00,0.00,4.00,7363.00,0.00,872.36
8.97,0.00,0.00,0.00,29.00,0.00,4.00,7363.00,0.00,856.49
8.97,0.00,0.00,0.00,29.00,0.00,4.00,7363.00,0.00,842.00
8.98,0.00,0.00,0.00,29.00,0.00,4.00,7363.00,0.00,828.77
8.99,0.00,0.00,0.00,29.00,0.00,4.00,7363.00,0.00,816.70
8.99,0.00,0.00,0.00,29.00,0.00,4.00,7363.00,0.00,805.68
9.00,0.00,0.00,0.00,29.00,0.00,4.00,7363.00,0.00,795.62
9.01,0.00,0.00,0.00,29.00,0.00,4.00,7363.00,0.00,786.43
9.01,0.00,0.00,0.00,29.00,0.00,4.00,7363.00,0.00,778.04
9.02,0.00,0.00,0.00,29.00,0.00,4.00,7363.00,0.00,770.39
9.03,0.00,0.00,0.00,29.00,0.00,4.00,7363.00,0.00,763.40
9.03,0.00,0.00,0.00,29.00,0.00,4.00,7363.00,0.00,757.02
9.04,0.00,0.00,0.00,29.00,0.00,4.00,7363.00,0.00,751.19
9.05,0.00,0.00,0.00,29.00,0.00,4.00,7363.00,0.00,745.87
9.06,0.00,0.00,0.00,29.00,0.00,4.00,7363.00,0.00,741.02
9.06,0.00,0.00,0.00,29.00,0.00,4.00,7363.00,0.00,736.58
9.07,0.00,0.00,0.00,29.00,0.00,3.00,7364.00,0.00,717.51
9.08,0.00,0.00,0.00,29.00,0.00,3.00,7364.00,0.00,700.11
9.08,0.00,0.00,0.00,29.00,0.00,3.00,7364.00,0.00,684.21
9.09,0.00,0.00,0.00,29.00,0.00,3.00,7364.00,0.00,669.70
9.10,0.00,0.00,0.00,29.00,0.00,3.00,7364.00,0.00,656.46
9.10,0.00,0.00,0.00,29.00,0.00,3.00,7364.00,0.00,644.37
9.11,0.00,0.00,0.00,29.00,0.00,3.00,7364.00,0.00,633.33
9.12,0.00,0.00,0.00,29.00,0.00,3.00,7364.00,0.00,623.25
9.12,0.00,0.00,0.00,29.00,0.00,3.00,7364.00,0.00,614.05
9.13,0.00,0.00,0.00,29.00,0.00,3.00,7364.00,0.00,605.65
9.14,0.00,0.00,0.00,29.00,0.00,3.00,7364.00,0.00,597.98
9.15,0.00,0.00,0.00,29.00,0.00,2.00,7365.00,0.00,575.96
9.15,0.00,0.00,0.00,29.00,0.00,2.00,7365.00,0.00,555.85
9.16,0.00,0.00,0.00,29.00,0.00,2.00,7365.00,0.00,537.50
9.17,0.00,0.00,0.00,29.00,0.00,2.00,7365.00,0.00,520.74
9.17,0.00,0.00,0.00,29.00,0.00,2.00,7365.00,0.00,505.44
9.18,0.00,0.00,0.00,29.00,0.00,2.00,7365.00,0.00,491.48
9.19,0.00,0.00,0.00,29.00,0.00,2.00,7365.00,0.00,478.73
9.19,0.00,0.00,0.00,29.00,0.00,2.00,7365.00,0.00,467.09
9.20,0.00,0.00,0.00,29.00,0.00,2.00,7365.00,0.00,456.46
9.21,0.00,0.00,0.00,29.00,0.00,2.00,7365.00,0.00,446.76
9.22,0.00,0.00,0.00,29.00,0.00,2.00,7365.00,0.00,437.90
9.22,0.00,0.00,0.00,29.00,0.00,2.00,7365.00,0.00,429.82
9.23,0.00,0.00,0.00,29.00,0.00,2.00,7365.00,0.00,422.44
9.24,0.00,0.00,0.00,29.00,0.00,2.00,7365.00,0.00,415.70
9.24,0.00,0.00,0.00,29.00,0.00,2.00,7365.00,0.00,409.55
9.25,0.00,0.00,0.00,29.00,0.00,2.00,7365.00,0.00,403.93
9.26,0.00,0.00,0.00,29.00,0.00,2.00,7365.00,0.00,398.81
9.26,0.00,0.00,0.00,29.00,0.00,2.00,7365.00,0.00,394.13
9.27,0.00,0.00,0.00,29.00,0.00,2.00,7365.00,0.00,389.85
9.28,0.00,0.00,0.00,29.00,0.00,2.00,7365.00,0.00,385.95
9.28,0.00,0.00,0.00,29.00,0.00,1.00,7366.00,0.00,367.37
9.29,0.00,0.00,0.00,29.00,0.00,1.00,7366.00,0.00,350.40
9.30,0.00,0.00,0.00,29.00,0.00,1.00,7366.00,0.00,334.91
9.31,0.00,0.00,0.00,29.00,0.00,1.00,7366.00,0.00,320.77
9.31,0.00,0.00,0.00,29.00,0.00,1.00,7366.00,0.00,307.87
9.32,0.00,0.00,0.00,29.00,0.00,1.00,7366.00,0.00,296.08
9.33,0.00,0.00,0.00,29.00,0.00,1.00,7366.00,0.00,285.32
9.33,0.00,0.00,0.00,29.00,0.00,1.00,7366.00,0.00,275.50
9.34,0.00,0.00,0.00,29.00,0.00,1.00,7366.00,0.00,266.53
9.35,0.00,0.00,0.00,29.00,0.00,1.00,7366.00,0.00,258.35
9.35,0.00,0.00,0.00,29.00,0.00,1.00,7366.00,0.00,250.88
9.36,0.00,0.00,0.00,29.00,0.00,1.00,7366.00,0.00,244.05
9.37,0.00,0.00,0.00,29.00,0.00,1.00,7366.00,0.00,237.83
9.38,0.00,0.00,0.00,29.00,0.00,1.00,7366.00,0.00,232.14
9.38,0.00,0.00,0.00,29.00,0.00,1.00,7366.00,0.00,226.95
9.39,0.00,0.00,0.00,29.00,0.00,1.00,7366.00,0.00,222.21
9.40,0.00,0.00,0.00,29.00,0.00,1.00,7366.00,0.00,217.88
9.40,0.00,0.00,0.00,29.00,0.00,1.00,7366.00,0.00,213.94
9.41,0.00,0.00,0.00,29.00,0.00,1.00,7366.00,0.00,210.33
9.42,0.00,0.00,0.00,29.00,0.00,1.00,7366.00,0.00,207.04
9.42,0.00,0.00,0.00,29.00,0.00,1.00,7366.00,0.00,204.03
9.43,0.00,0.00,0.00,29.00,0.00,1.00,7366.00,0.00,201.29
9.44,0.00,0.00,0.00,29.00,0.00,1.00,7366.00,0.00,198.79
9.44,0.00,0.00,0.00,29.00,0.00,1.00,7366.00,0.00,196.50
9.45,0.00,0.00,0.00,29.00,0.00,0.00,7367.00,0.00,179.39
9.46,0.00,0.00,0.00,29.00,0.00,0.00,7367.00,0.00,163.77
9.47,0.00,0.00,0.00,29.00,0.00,0.00,7367.00,0.00,149.51
9.47,0.00,0.00,0.00,29.00,0.00,0.00,7367.00,0.00,136.49
9.48,0.00,0.00,0.00,29.00,0.00,0.00,7367.00,0.00,124.60
9.49,0.00,0.00,0.00,29.00,0.00,0.00,7367.00,0.00,113.75
9.49,0.00,0.00,0.00,29.00,0.00,0.00,7367.00,0.00,103.85
9.50,0.00,0.00,0.00,29.00,0.00,0.00,7367.00,0.00,94.81
9.51,0.00,0.00,0.00,29.00,0.00,0.00,7367.00,0.00,86.55
9.51,0.00,0.00,0.00,29.00,0.00,0.00,7367.00,0.00,79.01
9.52,0.00,0.00,0.00,29.00,0.00,0.00,7367.00,0.00,72.13
9.53,0.00,0.00,0.00,29.00,0.00,0.00,7367.00,0.00,65.85
9.53,0.00,0.00,0.00,29.00,0.00,0.00,7367.00,0.00,60.12
9.54,0.00,0.00,0.00,29.00,0.00,0.00,7367.00,0.00,54.88
9.55,0.00,0.00,0.00,29.00,0.00,0.00,7367.00,0.00,50.10
9.56,0.00,0.00,0.00,29.00,0.00,0.00,7367.00,0.00,45.74
9.56,0.00,0.00,0.00,29.00,0.00,0.00,7367.00,0.00,41.76
9.57,0.00,0.00,0.00,29.00,0.00,0.00,7367.00,0.00,38.12
9.58,0.00,0.00,0.00,29.00,0.00,0.00,7367.00,0.00,34.80
9.58,0.00,0.00,0.00,29.00,0.00,0.00,7367.00,0.00,31.77
9.59,0.00,0.00,0.00,29.00,0.00,0.00,7367.00,0.00,29.01
9.60,0.00,0.00,0.00,29.00,0.00,0.00,7367.00,0.00,26.48
9.60,0.00,0.00,0.00,29.00,0.00,0.00,7367.00,0.00,24.17
9.61,0.00,0.00,0.00,29.00,0.00,0.00,7367.00,0.00,22.07
9.62,0.00,0.00,0.00,29.00,0.00,0.00,7367.00,0.00,20.15
9.62,0.00,0.00,0.00,29.00,0.00,0.00,7367.00,0.00,18.39
9.63,0.00,0.00,0.00,29.00,0.00,0.00,7367.00,0.00,16.79
9.64,0.00,0.00,0.00,29.00,0.00,0.00,7367.00,0.00,15.33
9.65,0.00,0.00,0.00,29.00,0.00,0.00,7367.00,0.00,13.99
9.65,0.00,0.00,0.00,29.00,0.00,0.00,7367.00,0.00,12.78
9.66,0.00,0.00,0.00,29.00,0.00,0.00,7367.00,0.00,11.66
9.67,0.00,0.00,0.00,29.00,0.00,0.00,7367.00,0.00,10.65
9.67,0.00,0.00,0.00,29.00,0.00,0.00,7367.00,0.00,9.72
9.68,0.00,0.00,0.00,29.00,0.00,0.00,7367.00,0.00,8.87
9.69,0.00,0.00,0.00,29.00,0.00,0.00,7367.00,0.00,8.10
9.69,0.00,0.00,0.00,29.00,0.00,0.00,7367.00,0.00,7.40
9.70,0.00,0.00,0.00,29.00,0.00,0.00,7367.00,0.00,6.75
9.71,0.00,0.00,0.00,29.00,0.00,0.00,7367.00,0.00,6.16
9.72,0.00,0.00,0.00,29.00,0.00,0.00,7367.00,0.00,5.63
9.72,0.00,0.00,0.00,29.00,0.00,0.00,7367.00,0.00,5.14
9.73,0.00,0.00,0.00,29.00,0.00,0.00,7367.00,0.00,4.69
9.74,0.00,0.00,0.00,29.00,0.00,0.00,7367.00,0.00,4.28
9.74,0.00,0.00,0.00,29.00,0.00,0.00,7367.00,0.00,3.91
9.75,0.00,0.00,0.00,29.00,0.00,0.00,7367.00,0.00,3.57
9.76,0.00,0.00,0.00,29.00,0.00,0.00,7367.00,0.00,3.26
9.76,0.00,0.00,0.00,29.00,0.00,0.00,7367.00,0.00,2.97
9.77,0.00,0.00,0.00,29.00,0.00,0.00,7367.00,0.00,2.72
9.78,0.00,0.00,0.00,29.00,0.00,0.00,7367.00,0.00,2.48
9.78,0.00,0.00,0.00,29.00,0.00,0.00,7367.00,0.00,2.26
9.79,0.00,0.00,0.00,29.00,0.00,0.00,7367.00,0.00,2.07
9.80,0.00,0.00,0.00,29.00,0.00,0.00,7367.00,0.00,1.89
9.81,0.00,0.00,0.00,29.00,0.00,0.00,7367.00,0.00,1.72
9.81,0.00,0.00,0.00,29.00,0.00,0.00,7367.00,0.00,1.57
9.82,0.00,0.00,0.00,29.00,0.00,0.00,7367.00,0.00,1.43
9.83,0.00,0.00,0.00,29.00,0.00,0.00,7367.00,0.00,1.31
9.83,0.00,0.00,0.00,29.00,0.00,0.00,7367.00,0.00,1.20
9.84,0.00,0.00,0.00,29.00,0.00,0.00,7367.00,0.00,1.09
9.85,0.00,0.00,0.00,29.00,0.00,0.00,7367.00,0.00,1.00
9.85,0.00,0.00,0.00,29.00,0.00,0.00,7367.00,0.00,0.91
9.86,0.00,0.00,0.00,29.00,0.00,0.00,7367.00,0.00,0.83
9.87,0.00,0.00,0.00,29.00,0.00,0.00,7367.00,0.00,0.76
9.88,0.00,0.00,0.00,29.00,0.00,0.00,7367.00,0.00,0.69
9.88,0.00,0.00,0.00,29.00,0.00,0.00,7367.00,0.00,0.63
9.89,0.00,0.00,0.00,29.00,0.00,0.00,7367.00,0.00,0.58
9.90,0.00,0.00,0.00,29.00,0.00,0.00,7367.00,0.00,0.53
9.90,0.00,0.00,0.00,29.00,0.00,0.00,7367.00,0.00,0.48
9.91,0.00,0.00,0.00,29.00,0.00,0.00,7367.00,0.00,0.44
9.92,0.00,0.00,0.00,29.00,0.00,0.00,7367.00,0.00,0.40
9.92,0.00,0.00,0.00,29.00,0.00,0.00,7367.00,0.00,0.37
9.93,0.00,0.00,0.00,29.00,0.00,0.00,7367.00,0.00,0.33
9.94,0.00,0.00,0.00,29.00,0.00,0.00,7367.00,0.00,0.30
9.94,0.00,0.00,0.00,29.00,0.00,0.00,7367.00,0.00,0.28
9.95,0.00,0.00,0.00,29.00,0.00,0.00,7367.00,0.00,0.25
9.96,0.00,0.00,0.00,29.00,0.00,0.00,7367.00,0.00,0.23
9.97,0.00,0.00,0.00,29.00,0.00,0.00,7367.00,0.00,0.21
9.97,0.00,0.00,0.00,29.00,0.00,0.00,7367.00,0.00,0.19
9.98,0.00,0.00,0.00,29.00,0.00,0.00,7367.00,0.00,0.18
9.99,0.00,0.00,0.00,29.00,0.00,0.00,7367.00,0.00,0.16
9.99,0.00,0.00,0.00,29.00,0.00,0.00,7367.00,0.00,0.15
