Time,U,AI1,AI2,AD,BI2,BI2,BD,VA,VB
0.00,7394.00,0.00,0.00,0.00,2.00,0.00,0.00,75.00,75.00
0.01,7393.00,1.00,0.00,0.00,2.00,0.00,0.00,68.23,68.47
0.01,7392.00,2.00,0.00,0.00,2.00,0.00,0.00,62.07,62.51
0.02,7391.00,3.00,0.00,0.00,2.00,0.00,0.00,56.47,57.06
0.03,7390.00,4.00,0.00,0.00,2.00,0.00,0.00,51.37,52.10
0.03,7388.00,6.00,0.00,0.00,2.00,0.00,0.00,46.73,47.56
0.04,7386.00,6.00,0.00,0.00,4.00,0.00,0.00,42.51,43.42
0.05,7385.00,7.00,0.00,0.00,4.00,0.00,0.00,38.67,39.64
0.06,7384.00,7.00,0.00,0.00,5.00,0.00,0.00,35.18,36.19
0.06,7384.00,7.00,0.00,0.00,5.00,0.00,0.00,32.01,33.03
0.07,7384.00,7.00,0.00,0.00,5.00,0.00,0.00,29.12,30.16
0.08,7384.00,7.00,0.00,0.00,5.00,0.00,0.00,26.49,27.53
0.08,7383.00,8.00,0.00,0.00,4.00,1.00,0.00,24.10,40.16
0.09,7383.00,8.00,0.00,0.00,4.00,1.00,0.00,21.92,51.68
0.10,7382.00,8.00,0.00,0.00,5.00,1.00,0.00,19.94,62.21
0.10,7381.00,8.00,0.00,0.00,6.00,1.00,0.00,18.14,71.81
0.11,7381.00,8.00,0.00,0.00,6.00,1.00,0.00,16.50,80.58
0.12,7380.00,8.00,0.00,0.00,7.00,1.00,0.00,15.01,88.59
0.12,7378.00,9.00,0.00,0.00,8.00,1.00,0.00,13.66,95.90
0.13,7377.00,9.00,0.00,0.00,8.00,2.00,0.00,12.43,117.59
0.14,7377.00,9.00,0.00,0.00,8.00,2.00,0.00,11.30,137.40
0.15,7377.00,9.00,0.00,0.00,8.00,2.00,0.00,10.28,155.48
0.15,7377.00,9.00,0.00,0.00,8.00,2.00,0.00,9.36,171.99
0.16,7376.00,9.00,0.00,0.00,9.00,2.00,0.00,8.51,187.06
0.17,7375.00,8.00,1.00,0.00,10.00,1.00,1.00,1510.06,185.80
0.17,7370.00,11.00,1.00,0.00,12.00,1.00,1.00,2876.04,184.64
0.18,7367.00,12.00,2.00,0.00,12.00,2.00,1.00,5621.03,198.61
0.19,7365.00,14.00,2.00,0.00,11.00,3.00,1.00,8118.20,226.38
0.19,7361.00,17.00,2.00,0.00,12.00,3.00,1.00,10389.94,251.74
0.20,7357.00,19.00,2.00,0.00,14.00,2.00,2.00,12456.58,259.87
0.21,7356.00,20.00,1.00,1.00,12.00,4.00,2.00,12834.34,297.33
0.22,7354.00,21.00,2.00,1.00,12.00,4.00,2.00,14680.32,331.53
0.22,7351.00,23.00,2.00,1.00,12.00,4.00,3.00,16359.64,362.76
0.23,7345.00,27.00,2.00,1.00,13.00,4.00,4.00,17887.35,391.26
0.24,7343.00,26.00,2.00,2.00,15.00,4.00,4.00,19277.15,417.28
0.24,7341.00,26.00,2.00,3.00,16.00,4.00,4.00,20541.48,441.04
0.25,7333.00,27.00,3.00,3.00,22.00,4.00,4.00,23193.98,462.73
0.26,7322.00,30.00,5.00,3.00,27.00,5.00,4.00,28611.65,497.55
0.26,7314.00,34.00,7.00,3.00,28.00,6.00,4.00,36544.84,544.37
0.27,7309.00,36.00,8.00,3.00,29.00,7.00,4.00,45264.17,602.13
0.28,7298.00,41.00,9.00,3.00,30.00,11.00,4.00,54698.64,714.95
0.28,7290.00,43.00,10.00,3.00,33.00,13.00,4.00,64783.70,848.00
0.29,7285.00,45.00,10.00,3.00,35.00,14.00,4.00,73958.31,984.48
0.30,7272.00,49.00,10.00,3.00,44.00,14.00,4.00,82304.65,1109.08
0.31,7264.00,51.00,11.00,3.00,47.00,16.00,4.00,91399.82,1252.88
0.31,7258.00,49.00,13.00,4.00,52.00,16.00,4.00,102678.53,1384.15
0.32,7246.00,54.00,13.00,4.00,59.00,16.00,4.00,112939.01,1503.99
0.33,7236.00,57.00,13.00,5.00,64.00,16.00,5.00,122273.20,1613.40
0.33,7233.00,57.00,14.00,5.00,64.00,17.00,6.00,132267.04,1728.31
0.34,7219.00,66.00,13.00,7.00,64.00,21.00,6.00,139856.34,1893.30
0.35,7208.00,72.00,13.00,7.00,66.00,24.00,6.00,146760.50,2088.99
0.35,7197.00,76.00,15.00,7.00,66.00,29.00,6.00,156045.99,2342.76
0.36,7184.00,84.00,15.00,8.00,67.00,30.00,8.00,164493.21,2589.46
0.37,7175.00,84.00,20.00,8.00,68.00,32.00,9.00,179689.39,2844.72
0.38,7150.00,96.00,21.00,8.00,78.00,34.00,9.00,195016.02,3107.80
0.38,7130.00,100.00,22.00,9.00,89.00,37.00,9.00,210461.31,3393.04
0.39,7113.00,104.00,26.00,9.00,95.00,39.00,10.00,230521.48,3683.49
0.40,7094.00,108.00,32.00,9.00,102.00,41.00,10.00,257784.55,3978.69
0.40,7071.00,116.00,34.00,9.00,112.00,41.00,13.00,285590.99,4248.19
0.41,7051.00,120.00,37.00,12.00,119.00,44.00,13.00,315394.08,4539.29
0.42,7028.00,127.00,41.00,13.00,127.00,43.00,17.00,348515.86,4790.03
0.42,7004.00,138.00,43.00,14.00,133.00,47.00,17.00,381652.10,5079.02
0.43,6992.00,136.00,46.00,17.00,138.00,50.00,17.00,416303.82,5387.91
0.44,6968.00,148.00,46.00,17.00,147.00,51.00,19.00,447827.26,5684.93
0.44,6944.00,156.00,49.00,19.00,155.00,52.00,21.00,481011.78,5971.12
0.45,6924.00,163.00,50.00,21.00,161.00,56.00,21.00,512702.77,6292.47
0.46,6895.00,170.00,55.00,23.00,173.00,57.00,23.00,549044.36,6600.86
0.47,6868.00,181.00,59.00,25.00,173.00,67.00,23.00,588114.35,7032.64
0.47,6842.00,190.00,65.00,25.00,178.00,72.00,24.00,632671.07,7501.93
0.48,6818.00,196.00,69.00,28.00,182.00,77.00,26.00,679214.57,8005.47
0.49,6791.00,206.00,72.00,29.00,190.00,80.00,28.00,726063.17,8510.24
0.49,6764.00,209.00,79.00,32.00,199.00,83.00,30.00,779198.56,9016.12
0.50,6729.00,221.00,89.00,32.00,208.00,85.00,32.00,842560.15,9508.00
0.51,6697.00,234.00,90.00,35.00,221.00,85.00,34.00,901703.92,9957.04
0.51,6661.00,238.00,100.00,36.00,235.00,90.00,36.00,970531.44,10442.11
0.52,6625.00,256.00,101.00,39.00,242.00,95.00,38.00,1034647.69,10960.05
0.53,6585.00,266.00,108.00,39.00,258.00,100.00,40.00,1103491.86,11508.00
0.53,6547.00,274.00,114.00,42.00,268.00,107.00,44.00,1175134.82,12113.41
0.54,6517.00,278.00,120.00,46.00,280.00,109.00,46.00,1249323.86,12696.14
0.55,6479.00,292.00,126.00,48.00,286.00,118.00,47.00,1325829.20,13363.34
0.56,6446.00,294.00,138.00,50.00,295.00,124.00,49.00,1413455.55,14062.58
0.56,6414.00,308.00,141.00,51.00,300.00,130.00,52.00,1497678.14,14791.07
0.57,6376.00,323.00,145.00,53.00,302.00,143.00,54.00,1580306.54,15651.43
0.58,6334.00,323.00,157.00,53.00,319.00,154.00,56.00,1673503.20,16602.13
0.58,6298.00,338.00,161.00,54.00,321.00,167.00,57.00,1764295.53,17665.35
0.59,6252.00,352.00,163.00,59.00,339.00,171.00,60.00,1849895.94,18696.07
0.60,6215.00,363.00,170.00,60.00,346.00,178.00,64.00,1938284.76,19742.21
0.60,6177.00,370.00,177.00,65.00,354.00,188.00,65.00,2029210.19,20847.48
0.61,6136.00,382.00,177.00,72.00,363.00,198.00,68.00,2111927.10,22006.75
0.62,6100.00,393.00,185.00,75.00,363.00,207.00,73.00,2199195.00,23200.28
0.62,6046.00,406.00,188.00,79.00,390.00,210.00,77.00,2283091.49,24334.94
0.63,6009.00,417.00,195.00,82.00,389.00,219.00,85.00,2369930.20,25506.02
0.64,5972.00,421.00,202.00,85.00,400.00,227.00,89.00,2459445.48,26695.31
0.65,5921.00,428.00,218.00,89.00,411.00,236.00,93.00,2564916.56,27916.24
0.65,5876.00,448.00,224.00,94.00,414.00,246.00,94.00,2669879.82,29181.10
0.66,5827.00,457.00,238.00,96.00,427.00,253.00,98.00,2786399.59,30440.97
0.67,5784.00,459.00,250.00,97.00,438.00,266.00,102.00,2910428.02,31786.45
0.67,5724.00,483.00,260.00,102.00,446.00,272.00,109.00,3038282.53,33104.90
0.68,5676.00,484.00,273.00,107.00,461.00,281.00,114.00,3174124.72,34443.76
0.69,5630.00,485.00,292.00,110.00,464.00,299.00,116.00,3326247.33,35936.45
0.69,5562.00,517.00,297.00,114.00,477.00,309.00,120.00,3472148.20,37449.39
0.70,5508.00,527.00,308.00,118.00,495.00,319.00,121.00,3621402.92,38980.82
0.71,5457.00,541.00,323.00,120.00,497.00,334.00,124.00,3779717.97,40604.25
0.72,5402.00,560.00,333.00,126.00,509.00,342.00,124.00,3938763.81,42206.51
0.72,5341.00,572.00,352.00,130.00,515.00,359.00,127.00,4111995.31,43924.63
0.73,5293.00,587.00,361.00,136.00,516.00,375.00,128.00,4283108.67,45733.52
0.74,5259.00,584.00,381.00,139.00,518.00,380.00,135.00,4468820.56,47460.02
0.74,5201.00,594.00,397.00,145.00,535.00,385.00,139.00,4661803.80,49111.29
0.75,5124.00,622.00,413.00,146.00,552.00,397.00,142.00,4861401.96,50799.06
0.76,5060.00,648.00,423.00,150.00,562.00,407.00,146.00,5058003.98,52490.09
0.76,5007.00,653.00,440.00,155.00,571.00,419.00,151.00,5262396.54,54214.15
0.77,4938.00,674.00,456.00,160.00,586.00,429.00,153.00,5472373.99,55938.32
0.78,4888.00,686.00,472.00,164.00,575.00,455.00,156.00,5687432.18,57902.96
0.78,4851.00,695.00,478.00,172.00,573.00,471.00,156.00,5892089.26,59936.89
0.79,4806.00,702.00,489.00,177.00,583.00,480.00,159.00,6094795.81,61928.93
0.80,4754.00,706.00,506.00,181.00,591.00,493.00,165.00,6304741.77,63942.80
0.81,4695.00,715.00,527.00,184.00,596.00,512.00,167.00,6527282.89,66066.76
0.81,4638.00,728.00,541.00,188.00,603.00,528.00,170.00,6750765.84,68246.14
0.82,4583.00,731.00,566.00,193.00,615.00,534.00,174.00,6991631.10,70325.89
0.83,4529.00,748.00,583.00,196.00,614.00,549.00,177.00,7236290.91,72449.88
0.83,4464.00,759.00,600.00,203.00,630.00,551.00,189.00,7484402.69,74418.98
0.84,4397.00,773.00,615.00,213.00,648.00,557.00,193.00,7732650.19,76306.75
0.85,4336.00,784.00,635.00,215.00,652.00,576.00,198.00,7988532.73,78315.58
0.85,4275.00,805.00,650.00,219.00,654.00,588.00,205.00,8243849.48,80329.77
0.86,4227.00,811.00,664.00,225.00,661.00,598.00,210.00,8497149.15,82318.80
0.87,4167.00,810.00,690.00,234.00,661.00,620.00,214.00,8766641.63,84465.15
0.88,4119.00,818.00,709.00,236.00,664.00,629.00,221.00,9040348.93,86559.81
0.88,4064.00,829.00,721.00,247.00,670.00,641.00,224.00,9307374.28,88652.35
0.89,4003.00,838.00,743.00,250.00,682.00,653.00,227.00,9583344.07,90742.95
0.90,3936.00,851.00,760.00,259.00,688.00,668.00,234.00,9859939.22,92876.87
0.90,3866.00,868.00,777.00,264.00,702.00,681.00,238.00,10137103.34,95020.27
0.91,3803.00,870.00,807.00,268.00,710.00,695.00,243.00,10434315.06,97187.35
0.92,3738.00,879.00,830.00,274.00,718.00,708.00,249.00,10739248.38,99361.04
0.92,3674.00,887.00,852.00,282.00,727.00,717.00,257.00,11049703.93,101480.65
0.93,3618.00,900.00,865.00,288.00,734.00,727.00,264.00,11351662.30,103565.93
0.94,3553.00,918.00,882.00,294.00,737.00,740.00,272.00,11651899.82,105664.94
0.94,3504.00,928.00,892.00,301.00,739.00,747.00,285.00,11940055.73,107686.33
0.95,3443.00,942.00,906.00,305.00,750.00,762.00,288.00,12223229.90,109757.05
0.96,3388.00,945.00,926.00,312.00,752.00,781.00,292.00,12510886.05,111932.91
0.97,3333.00,954.00,947.00,317.00,740.00,809.00,296.00,12804121.82,114339.94
0.97,3283.00,964.00,959.00,322.00,745.00,819.00,304.00,13088912.67,116687.62
0.98,3225.00,990.00,965.00,327.00,744.00,839.00,306.00,13357007.10,119131.32
0.99,3176.00,990.00,986.00,335.00,741.00,857.00,311.00,13632447.15,121632.66
0.99,3121.00,983.00,1021.00,337.00,748.00,871.00,315.00,13935602.07,124126.52
1.00,3062.00,982.00,1054.00,339.00,755.00,883.00,321.00,14260965.16,126583.49
1.01,3001.00,984.00,1087.00,343.00,758.00,891.00,332.00,14606531.48,128946.71
1.01,2937.00,1001.00,1104.00,348.00,771.00,893.00,342.00,14946440.25,131134.19
1.02,2885.00,995.00,1140.00,354.00,764.00,908.00,350.00,15309746.06,133356.55
1.03,2826.00,1007.00,1158.00,357.00,769.00,921.00,358.00,15667295.08,135580.69
1.03,2752.00,1016.00,1191.00,365.00,780.00,925.00,367.00,16042141.66,137671.25
1.04,2696.00,1023.00,1208.00,377.00,781.00,936.00,375.00,16408687.26,139745.03
1.05,2640.00,1030.00,1225.00,384.00,779.00,955.00,383.00,16767681.36,141923.67
1.06,2587.00,1040.00,1248.00,386.00,776.00,972.00,387.00,17128819.36,144168.00
1.06,2541.00,1036.00,1275.00,391.00,773.00,988.00,392.00,17497917.09,146457.27
1.07,2481.00,1046.00,1295.00,398.00,783.00,997.00,396.00,17863739.80,148682.41
1.08,2442.00,1052.00,1312.00,405.00,771.00,1013.00,401.00,18222076.21,150954.16
1.08,2401.00,1054.00,1332.00,410.00,762.00,1029.00,408.00,18578109.00,153268.47
1.09,2351.00,1053.00,1360.00,414.00,763.00,1042.00,413.00,18944064.76,155576.56
1.10,2288.00,1055.00,1391.00,426.00,758.00,1057.00,421.00,19323554.54,157909.01
1.10,2233.00,1052.00,1424.00,430.00,756.00,1074.00,427.00,19718361.14,160293.76
1.11,2178.00,1063.00,1447.00,435.00,750.00,1088.00,435.00,20112078.70,162681.18
1.12,2127.00,1068.00,1473.00,437.00,745.00,1103.00,443.00,20509312.48,165086.05
1.12,2070.00,1081.00,1487.00,448.00,742.00,1119.00,449.00,20891717.25,167521.89
1.13,2026.00,1081.00,1504.00,459.00,747.00,1124.00,455.00,21265138.60,169820.75
1.14,1989.00,1073.00,1528.00,463.00,741.00,1141.00,461.00,21640903.94,172174.82
1.15,1946.00,1067.00,1555.00,469.00,736.00,1156.00,467.00,22023308.41,174549.25
1.15,1902.00,1068.00,1580.00,474.00,726.00,1175.00,471.00,22408748.10,177002.37
1.16,1852.00,1075.00,1604.00,478.00,715.00,1195.00,477.00,22795446.70,179542.34
1.17,1796.00,1084.00,1623.00,487.00,710.00,1215.00,481.00,23175778.89,182161.60
1.17,1754.00,1078.00,1646.00,495.00,708.00,1227.00,488.00,23556328.77,184733.07
1.18,1711.00,1071.00,1676.00,499.00,710.00,1236.00,493.00,23947592.85,187215.83
1.19,1660.00,1078.00,1706.00,504.00,703.00,1238.00,507.00,24348603.93,189512.45
1.19,1602.00,1086.00,1730.00,511.00,693.00,1261.00,513.00,24749468.08,191954.62
1.20,1541.00,1093.00,1761.00,515.00,693.00,1275.00,518.00,25160714.84,194394.46
1.21,1492.00,1096.00,1788.00,521.00,689.00,1288.00,522.00,25575397.57,196817.15
1.22,1450.00,1093.00,1815.00,529.00,684.00,1296.00,529.00,25993206.15,199149.06
1.22,1394.00,1096.00,1841.00,539.00,688.00,1303.00,535.00,26412356.02,201383.08
1.23,1357.00,1083.00,1874.00,544.00,678.00,1318.00,542.00,26843242.38,203647.92
1.24,1313.00,1081.00,1896.00,553.00,680.00,1328.00,545.00,27268280.08,205865.78
1.24,1251.00,1098.00,1918.00,563.00,672.00,1344.00,550.00,27687997.24,208130.89
1.25,1208.00,1095.00,1944.00,570.00,662.00,1364.00,553.00,28108883.44,210499.22
1.26,1168.00,1090.00,1968.00,577.00,660.00,1371.00,562.00,28527828.47,212766.49
1.26,1122.00,1092.00,1996.00,582.00,652.00,1386.00,566.00,28951016.80,215061.68
1.27,1080.00,1098.00,2010.00,592.00,641.00,1397.00,578.00,29357033.11,217322.27
1.28,1031.00,1104.00,2032.00,602.00,639.00,1401.00,587.00,29759445.98,219446.10
1.28,986.00,1103.00,2066.00,607.00,619.00,1422.00,593.00,30176608.60,221700.49
1.29,955.00,1095.00,2092.00,611.00,612.00,1433.00,598.00,30595170.91,223923.83
1.30,919.00,1098.00,2110.00,619.00,608.00,1439.00,603.00,31002987.94,226043.71
1.31,889.00,1078.00,2143.00,627.00,602.00,1453.00,604.00,31423564.42,228189.32
1.31,846.00,1073.00,2177.00,630.00,593.00,1464.00,613.00,31857250.85,230313.36
1.32,816.00,1069.00,2198.00,637.00,583.00,1473.00,620.00,32283333.67,232387.65
1.33,777.00,1071.00,2218.00,645.00,577.00,1481.00,627.00,32700996.95,234401.50
1.33,746.00,1065.00,2241.00,655.00,558.00,1496.00,635.00,33115507.62,236465.35
1.34,713.00,1064.00,2260.00,662.00,548.00,1508.00,641.00,33521141.23,238529.76
1.35,688.00,1057.00,2280.00,671.00,535.00,1516.00,649.00,33920201.38,240534.59
1.35,648.00,1059.00,2302.00,679.00,527.00,1525.00,656.00,34316286.18,242500.06
1.36,623.00,1040.00,2336.00,684.00,522.00,1531.00,660.00,34727691.98,244384.52
1.37,590.00,1035.00,2358.00,691.00,520.00,1534.00,668.00,35135007.73,246149.96
1.38,566.00,1025.00,2387.00,693.00,508.00,1545.00,672.00,35549119.08,247926.93
1.38,536.00,1025.00,2409.00,695.00,498.00,1554.00,679.00,35958896.30,249684.37
1.39,513.00,1009.00,2434.00,703.00,491.00,1565.00,681.00,36369237.63,251454.04
1.40,487.00,1002.00,2451.00,713.00,481.00,1580.00,682.00,36768073.54,253294.96
1.40,454.00,1000.00,2471.00,721.00,470.00,1590.00,690.00,37160949.61,255125.80
1.41,431.00,986.00,2497.00,728.00,463.00,1596.00,695.00,37557417.92,256887.37
1.42,407.00,980.00,2512.00,738.00,453.00,1603.00,703.00,37940628.62,258600.71
1.42,389.00,965.00,2533.00,746.00,447.00,1600.00,716.00,38320792.48,260119.78
1.43,368.00,944.00,2565.00,753.00,436.00,1603.00,727.00,38714710.06,261551.65
1.44,345.00,938.00,2587.00,757.00,427.00,1605.00,737.00,39106116.50,262888.89
1.44,325.00,932.00,2598.00,767.00,419.00,1612.00,743.00,39478713.07,264214.85
1.45,311.00,921.00,2612.00,776.00,410.00,1611.00,755.00,39838704.79,265410.32
1.46,295.00,911.00,2629.00,782.00,400.00,1616.00,763.00,40191736.65,266576.81
1.47,277.00,887.00,2658.00,790.00,392.00,1622.00,770.00,40556464.69,267731.87
1.47,262.00,874.00,2676.00,799.00,384.00,1619.00,782.00,40915307.49,268741.28
1.48,248.00,854.00,2699.00,810.00,376.00,1618.00,791.00,41276307.87,269647.77
1.49,228.00,849.00,2716.00,815.00,371.00,1618.00,799.00,41630257.41,270475.33
1.49,212.00,834.00,2739.00,821.00,361.00,1624.00,805.00,41986806.26,271320.97
1.50,206.00,823.00,2752.00,825.00,348.00,1632.00,810.00,42330696.68,272213.15
1.51,187.00,816.00,2768.00,831.00,346.00,1630.00,818.00,42667578.59,272997.60
1.51,175.00,804.00,2781.00,840.00,339.00,1634.00,823.00,42993577.58,273773.84
1.52,162.00,788.00,2802.00,847.00,328.00,1640.00,829.00,43321694.66,274572.63
1.53,152.00,771.00,2815.00,859.00,322.00,1644.00,833.00,43639720.11,275361.95
1.53,145.00,752.00,2832.00,868.00,313.00,1647.00,839.00,43954574.26,276127.61
1.54,136.00,738.00,2847.00,876.00,301.00,1654.00,844.00,44263538.75,276931.76
1.55,130.00,720.00,2861.00,884.00,299.00,1649.00,853.00,44565643.04,277590.78
1.56,123.00,706.00,2877.00,888.00,288.00,1653.00,861.00,44864511.00,278252.50
1.56,113.00,689.00,2890.00,897.00,283.00,1657.00,867.00,45155927.93,278916.69
1.57,104.00,680.00,2896.00,907.00,274.00,1662.00,873.00,45430050.26,279598.17
1.58,100.00,664.00,2911.00,911.00,265.00,1668.00,877.00,45701960.11,280310.44
1.58,99.00,650.00,2920.00,917.00,253.00,1674.00,883.00,45962843.30,281050.83
1.59,96.00,629.00,2934.00,927.00,247.00,1670.00,893.00,46221207.05,281666.66
1.60,94.00,613.00,2947.00,932.00,242.00,1671.00,897.00,46475776.20,282243.88
1.60,85.00,605.00,2956.00,940.00,234.00,1671.00,905.00,46720884.40,282770.85
1.61,81.00,589.00,2968.00,946.00,229.00,1667.00,916.00,46961892.46,283191.83
1.62,76.00,581.00,2975.00,952.00,222.00,1669.00,921.00,47191658.97,283606.21
1.62,71.00,563.00,2987.00,962.00,215.00,1669.00,929.00,47418710.52,283984.50
1.63,67.00,550.00,2994.00,972.00,208.00,1671.00,934.00,47635780.61,284359.90
1.64,63.00,539.00,3002.00,979.00,201.00,1674.00,938.00,47845272.44,284747.68
1.65,56.00,532.00,3009.00,985.00,196.00,1674.00,944.00,48046368.01,285101.69
1.65,54.00,519.00,3016.00,993.00,195.00,1671.00,948.00,48239825.35,285379.81
1.66,50.00,508.00,3022.00,1000.00,192.00,1665.00,959.00,48424831.71,285543.57
1.67,49.00,493.00,3027.00,1011.00,185.00,1668.00,963.00,48600647.54,285738.14
1.67,42.00,489.00,3032.00,1014.00,182.00,1670.00,967.00,48768102.90,285945.81
1.68,40.00,485.00,3032.00,1019.00,178.00,1665.00,977.00,48920440.58,286060.29
1.69,35.00,477.00,3037.00,1026.00,174.00,1663.00,984.00,49066537.12,286134.75
1.69,33.00,467.00,3041.00,1034.00,171.00,1663.00,987.00,49205453.68,286202.73
1.70,29.00,459.00,3039.00,1046.00,166.00,1666.00,991.00,49328824.53,286309.86
1.71,28.00,449.00,3045.00,1051.00,164.00,1662.00,997.00,49450071.59,286347.56
1.72,27.00,437.00,3049.00,1060.00,161.00,1656.00,1006.00,49566381.96,286291.85
1.72,24.00,427.00,3055.00,1066.00,159.00,1653.00,1012.00,49681206.08,286195.91
1.73,22.00,419.00,3058.00,1073.00,156.00,1650.00,1018.00,49790170.95,286063.27
1.74,22.00,403.00,3065.00,1082.00,150.00,1650.00,1024.00,49899814.97,285942.17
1.74,18.00,399.00,3066.00,1088.00,150.00,1649.00,1026.00,50001062.81,285816.59
1.75,17.00,394.00,3065.00,1095.00,147.00,1645.00,1033.00,50091668.03,285641.86
1.76,17.00,387.00,3060.00,1107.00,143.00,1644.00,1038.00,50166581.96,285467.31
1.76,17.00,374.00,3065.00,1115.00,137.00,1643.00,1045.00,50242244.41,285292.95
1.77,16.00,364.00,3068.00,1123.00,136.00,1639.00,1050.00,50315583.05,285073.67
1.78,13.00,355.00,3077.00,1126.00,130.00,1639.00,1056.00,50395821.80,284873.49
1.78,12.00,342.00,3083.00,1134.00,125.00,1638.00,1062.00,50477830.62,284675.71
1.79,12.00,332.00,3084.00,1143.00,119.00,1634.00,1072.00,50553938.12,284435.06
1.80,10.00,324.00,3085.00,1151.00,118.00,1629.00,1079.00,50624677.17,284140.26
1.81,10.00,311.00,3094.00,1155.00,115.00,1622.00,1089.00,50702550.92,283765.96
1.81,8.00,304.00,3099.00,1159.00,113.00,1618.00,1095.00,50780905.92,283364.16
1.82,5.00,294.00,3102.00,1169.00,111.00,1613.00,1102.00,50856694.15,282922.23
1.83,3.00,287.00,3104.00,1176.00,108.00,1607.00,1111.00,50928645.00,282428.65
1.83,2.00,275.00,3106.00,1187.00,105.00,1606.00,1115.00,50997104.86,281963.02
1.84,2.00,271.00,3105.00,1192.00,101.00,1606.00,1119.00,51057882.05,281537.94
1.85,1.00,262.00,3108.00,1199.00,98.00,1601.00,1127.00,51117679.36,281074.75
1.85,1.00,259.00,3106.00,1204.00,95.00,1598.00,1133.00,51169073.72,280606.83
1.86,0.00,252.00,3107.00,1211.00,93.00,1597.00,1136.00,51217330.53,280164.63
1.87,0.00,245.00,3106.00,1219.00,91.00,1594.00,1141.00,51259728.49,279715.87
1.88,0.00,241.00,3104.00,1225.00,90.00,1589.00,1147.00,51295294.24,279231.06
1.88,0.00,228.00,3106.00,1236.00,86.00,1588.00,1152.00,51330653.94,278773.45
1.89,0.00,218.00,3105.00,1247.00,84.00,1584.00,1158.00,51361318.97,278295.60
1.90,0.00,212.00,3103.00,1255.00,82.00,1579.00,1165.00,51386211.09,277784.23
1.90,0.00,209.00,3103.00,1258.00,80.00,1574.00,1172.00,51408856.01,277242.28
1.91,0.00,196.00,3107.00,1267.00,78.00,1569.00,1179.00,51435465.91,276672.41
1.92,0.00,187.00,3107.00,1276.00,75.00,1569.00,1182.00,51459673.48,276152.15
1.92,0.00,184.00,3101.00,1285.00,75.00,1564.00,1187.00,51472681.69,275602.09
1.93,0.00,178.00,3098.00,1294.00,71.00,1562.00,1193.00,51480008.56,275069.87
1.94,0.00,175.00,3091.00,1304.00,67.00,1558.00,1201.00,51476157.99,274523.90
1.94,0.00,169.00,3089.00,1312.00,65.00,1550.00,1211.00,51469650.25,273905.29
1.95,0.00,166.00,3088.00,1316.00,63.00,1544.00,1219.00,51462227.62,273250.41
1.96,0.00,159.00,3085.00,1326.00,62.00,1536.00,1228.00,51450968.29,272532.37
1.97,0.00,153.00,3079.00,1338.00,61.00,1522.00,1243.00,51431711.53,271666.53
1.97,0.00,147.00,3077.00,1346.00,58.00,1518.00,1250.00,51411188.59,270815.99
1.98,0.00,146.00,3067.00,1357.00,56.00,1513.00,1257.00,51377495.24,269964.39
1.99,0.00,145.00,3059.00,1366.00,56.00,1507.00,1263.00,51334825.25,269096.81
1.99,0.00,142.00,3053.00,1375.00,54.00,1502.00,1270.00,51286993.52,268229.66
2.00,0.00,140.00,3050.00,1380.00,54.00,1496.00,1276.00,51238972.95,267347.88
2.01,0.00,134.00,3050.00,1386.00,53.00,1491.00,1282.00,51195287.56,266467.77
2.01,0.00,132.00,3048.00,1390.00,51.00,1485.00,1290.00,51152541.37,265574.15
2.02,0.00,130.00,3041.00,1399.00,50.00,1478.00,1298.00,51103138.02,264653.19
2.03,0.00,127.00,3037.00,1406.00,47.00,1475.00,1304.00,51052185.44,263767.34
2.03,0.00,122.00,3035.00,1413.00,46.00,1473.00,1307.00,51002828.11,262928.59
2.04,0.00,118.00,3032.00,1420.00,46.00,1463.00,1317.00,50953419.73,262012.64
2.05,0.00,115.00,3027.00,1428.00,46.00,1458.00,1322.00,50900960.27,261101.34
2.06,0.00,112.00,3021.00,1437.00,45.00,1451.00,1330.00,50844222.79,260164.22
2.06,0.00,106.00,3017.00,1447.00,45.00,1443.00,1338.00,50786598.29,259188.52
2.07,0.00,103.00,3018.00,1449.00,45.00,1434.00,1347.00,50735678.24,258162.57
2.08,0.00,97.00,3019.00,1454.00,42.00,1425.00,1359.00,50690857.45,257090.75
2.08,0.00,93.00,3015.00,1462.00,41.00,1417.00,1368.00,50644073.88,255992.08
2.09,0.00,93.00,3004.00,1473.00,38.00,1415.00,1373.00,50584988.21,254959.03
2.10,0.00,92.00,2998.00,1480.00,36.00,1410.00,1380.00,50522222.79,253940.81
2.10,0.00,89.00,2993.00,1488.00,34.00,1407.00,1385.00,50457612.14,252966.19
2.11,0.00,86.00,2989.00,1495.00,30.00,1402.00,1394.00,50392825.24,252001.32
2.12,0.00,83.00,2982.00,1505.00,29.00,1398.00,1399.00,50323370.92,251060.37
2.12,0.00,83.00,2971.00,1516.00,29.00,1387.00,1410.00,50243661.28,250036.10
2.13,0.00,80.00,2962.00,1528.00,29.00,1380.00,1417.00,50157626.81,248995.86
2.14,0.00,78.00,2957.00,1535.00,28.00,1377.00,1421.00,50071847.91,248001.13
2.15,0.00,75.00,2949.00,1546.00,27.00,1371.00,1428.00,49981794.26,247002.88
2.15,0.00,73.00,2944.00,1553.00,26.00,1365.00,1435.00,49892359.02,246001.41
2.16,0.00,69.00,2941.00,1560.00,25.00,1357.00,1444.00,49806490.77,244966.97
2.17,0.00,68.00,2934.00,1568.00,25.00,1349.00,1452.00,49717858.28,243902.41
2.17,0.00,66.00,2930.00,1574.00,25.00,1343.00,1458.00,49631218.24,242840.41
2.18,0.00,66.00,2924.00,1580.00,23.00,1336.00,1467.00,49543385.90,241765.73
2.19,0.00,65.00,2916.00,1589.00,23.00,1325.00,1478.00,49451464.33,240619.36
2.19,0.00,63.00,2907.00,1600.00,23.00,1316.00,1487.00,49354320.50,239437.62
2.20,0.00,59.00,2904.00,1607.00,22.00,1313.00,1491.00,49261439.61,238313.70
2.21,0.00,57.00,2899.00,1614.00,22.00,1308.00,1496.00,49169432.17,237212.54
2.22,0.00,54.00,2894.00,1622.00,21.00,1304.00,1501.00,49078219.60,236147.16
2.22,0.00,54.00,2891.00,1625.00,21.00,1298.00,1507.00,48990734.35,235084.42
2.23,0.00,53.00,2884.00,1633.00,20.00,1291.00,1515.00,48900630.97,234009.06
2.24,0.00,49.00,2881.00,1640.00,19.00,1285.00,1522.00,48814154.92,232937.19
2.24,0.00,47.00,2874.00,1649.00,18.00,1277.00,1531.00,48724969.58,231838.47
2.25,0.00,47.00,2868.00,1655.00,18.00,1270.00,1538.00,48634821.94,230730.27
2.26,0.00,46.00,2863.00,1661.00,17.00,1261.00,1548.00,48545300.94,229583.35
2.26,0.00,46.00,2854.00,1670.00,16.00,1258.00,1552.00,48450340.87,228491.23
2.27,0.00,44.00,2851.00,1675.00,16.00,1253.00,1557.00,48359446.66,227419.10
2.28,0.00,44.00,2837.00,1689.00,16.00,1245.00,1565.00,48255725.81,226320.13
2.28,0.00,43.00,2834.00,1693.00,15.00,1240.00,1571.00,48156861.67,225241.75
2.29,0.00,42.00,2828.00,1700.00,15.00,1233.00,1578.00,48057909.01,224152.10
2.30,0.00,41.00,2818.00,1711.00,15.00,1230.00,1581.00,47952866.32,223112.27
2.31,0.00,39.00,2811.00,1720.00,15.00,1223.00,1588.00,47846790.56,222057.82
2.31,0.00,39.00,2800.00,1731.00,15.00,1215.00,1596.00,47733765.50,220975.00
2.32,0.00,38.00,2792.00,1740.00,15.00,1210.00,1601.00,47618925.64,219911.36
2.33,0.00,37.00,2787.00,1746.00,15.00,1199.00,1612.00,47506941.70,218775.07
2.33,0.00,36.00,2778.00,1756.00,14.00,1191.00,1621.00,47391546.75,217617.55
2.34,0.00,34.00,2771.00,1765.00,14.00,1183.00,1629.00,47276053.01,216440.63
2.35,0.00,31.00,2763.00,1776.00,14.00,1180.00,1632.00,47158967.32,215321.13
2.35,0.00,31.00,2753.00,1786.00,14.00,1171.00,1641.00,47037428.80,214163.90
2.36,0.00,29.00,2749.00,1792.00,13.00,1162.00,1651.00,46920853.21,212972.22
2.37,0.00,29.00,2744.00,1797.00,13.00,1148.00,1665.00,46807290.26,211673.99
2.38,0.00,28.00,2737.00,1805.00,12.00,1147.00,1667.00,46693463.43,210473.79
2.38,0.00,27.00,2732.00,1811.00,12.00,1138.00,1676.00,46582400.92,209242.88
2.39,0.00,26.00,2719.00,1825.00,12.00,1131.00,1683.00,46461834.87,208013.99
2.40,0.00,25.00,2713.00,1832.00,12.00,1124.00,1690.00,46343139.36,206786.95
2.40,0.00,25.00,2710.00,1835.00,12.00,1116.00,1698.00,46230652.47,205546.57
2.41,0.00,25.00,2703.00,1842.00,12.00,1107.00,1707.00,46117804.48,204278.99
2.42,0.00,25.00,2696.00,1849.00,12.00,1101.00,1713.00,46004627.95,203031.65
2.42,0.00,25.00,2686.00,1859.00,12.00,1089.00,1725.00,45886645.54,201712.64
2.43,0.00,25.00,2682.00,1863.00,12.00,1082.00,1732.00,45773305.13,200403.32
2.44,0.00,23.00,2679.00,1868.00,12.00,1072.00,1742.00,45665689.98,199057.78
2.44,0.00,22.00,2677.00,1871.00,11.00,1068.00,1747.00,45564785.42,197769.32
2.45,0.00,22.00,2668.00,1880.00,10.00,1063.00,1753.00,45459469.43,196517.93
2.46,0.00,20.00,2658.00,1892.00,10.00,1059.00,1757.00,45348638.09,195315.42
2.47,0.00,20.00,2649.00,1901.00,10.00,1054.00,1762.00,45234291.55,194142.50
2.47,0.00,20.00,2647.00,1903.00,10.00,1044.00,1772.00,45127263.26,192921.48
2.48,0.00,19.00,2642.00,1909.00,10.00,1036.00,1780.00,45022385.72,191686.60
2.49,0.00,19.00,2635.00,1916.00,10.00,1031.00,1785.00,44916460.01,190484.13
2.49,0.00,18.00,2628.00,1924.00,10.00,1029.00,1787.00,44809581.01,189356.33
2.50,0.00,17.00,2618.00,1935.00,10.00,1023.00,1793.00,44697327.58,188236.59
2.51,0.00,17.00,2607.00,1946.00,10.00,1019.00,1797.00,44578682.76,187154.25
2.51,0.00,17.00,2600.00,1953.00,10.00,1013.00,1803.00,44460232.63,186076.03
2.52,0.00,15.00,2595.00,1960.00,10.00,1009.00,1807.00,44344964.32,185031.60
2.53,0.00,15.00,2587.00,1968.00,9.00,998.00,1819.00,44228083.75,183912.86
2.53,0.00,14.00,2582.00,1974.00,8.00,995.00,1823.00,44114243.38,182846.47
2.54,0.00,14.00,2578.00,1978.00,8.00,989.00,1829.00,44004670.99,181782.79
2.55,0.00,12.00,2576.00,1982.00,8.00,985.00,1833.00,43901985.84,180751.65
2.56,0.00,12.00,2568.00,1990.00,8.00,982.00,1836.00,43796552.44,179765.22
2.56,0.00,12.00,2561.00,1997.00,7.00,973.00,1846.00,43690121.17,178729.48
2.57,0.00,12.00,2557.00,2001.00,7.00,966.00,1853.00,43587288.92,177678.76
2.58,0.00,12.00,2552.00,2006.00,7.00,957.00,1862.00,43486228.72,176584.33
2.58,0.00,12.00,2545.00,2013.00,7.00,953.00,1866.00,43383775.74,175525.10
2.59,0.00,12.00,2537.00,2021.00,7.00,948.00,1871.00,43278553.44,174483.00
2.60,0.00,10.00,2532.00,2028.00,7.00,945.00,1874.00,43175318.94,173486.56
2.60,0.00,10.00,2524.00,2036.00,7.00,942.00,1877.00,43069385.58,172531.82
2.61,0.00,10.00,2518.00,2042.00,7.00,938.00,1881.00,42964001.82,171600.13
2.62,0.00,9.00,2513.00,2048.00,6.00,934.00,1886.00,42860620.36,170689.47
2.62,0.00,9.00,2506.00,2055.00,6.00,925.00,1895.00,42756055.69,169722.90
2.63,0.00,9.00,2496.00,2065.00,6.00,923.00,1897.00,42645907.79,168810.44
2.64,0.00,9.00,2492.00,2069.00,6.00,911.00,1909.00,42539694.44,167797.17
2.65,0.00,8.00,2487.00,2075.00,5.00,908.00,1913.00,42435558.46,166827.05
2.65,0.00,8.00,2477.00,2085.00,5.00,907.00,1914.00,42325800.33,165926.39
2.66,0.00,8.00,2468.00,2094.00,5.00,899.00,1922.00,42212430.17,164983.96
2.67,0.00,8.00,2464.00,2098.00,5.00,892.00,1929.00,42103285.56,164018.44
2.67,0.00,8.00,2458.00,2104.00,5.00,889.00,1932.00,41994980.35,163091.93
2.68,0.00,8.00,2450.00,2112.00,5.00,886.00,1935.00,41884434.25,162201.02
2.69,0.00,8.00,2441.00,2121.00,5.00,881.00,1940.00,41770347.18,161312.57
2.69,0.00,8.00,2435.00,2127.00,5.00,877.00,1944.00,41657545.75,160441.39
2.70,0.00,8.00,2428.00,2134.00,5.00,873.00,1948.00,41544411.56,159585.98
2.71,0.00,8.00,2420.00,2142.00,5.00,868.00,1953.00,41429472.44,158729.94
2.72,0.00,8.00,2410.00,2152.00,5.00,858.00,1963.00,41309886.58,157798.20
2.72,0.00,8.00,2405.00,2157.00,4.00,847.00,1975.00,41193585.15,156782.35
2.73,0.00,8.00,2402.00,2160.00,2.00,846.00,1978.00,41083276.14,155839.93
2.74,0.00,8.00,2388.00,2174.00,2.00,838.00,1986.00,40961893.25,154859.38
2.74,0.00,8.00,2381.00,2181.00,2.00,830.00,1994.00,40840952.37,153844.04
2.75,0.00,8.00,2371.00,2191.00,2.00,824.00,2000.00,40715906.51,152826.96
2.76,0.00,8.00,2364.00,2198.00,2.00,819.00,2005.00,40591633.44,151823.33
2.76,0.00,8.00,2356.00,2206.00,1.00,815.00,2010.00,40466560.99,150847.01
2.77,0.00,8.00,2343.00,2219.00,1.00,811.00,2014.00,40333249.68,149895.60
2.78,0.00,8.00,2338.00,2224.00,1.00,801.00,2024.00,40204461.76,148876.81
2.78,0.00,8.00,2329.00,2233.00,1.00,794.00,2031.00,40073779.77,147841.57
2.79,0.00,8.00,2323.00,2239.00,1.00,787.00,2038.00,39945881.63,146791.31
2.80,0.00,8.00,2316.00,2246.00,1.00,782.00,2043.00,39819013.66,145757.39
2.81,0.00,8.00,2309.00,2253.00,1.00,779.00,2046.00,39693082.79,144768.43
2.81,0.00,8.00,2306.00,2256.00,1.00,771.00,2054.00,39574013.78,143745.40
2.82,0.00,7.00,2303.00,2260.00,1.00,763.00,2062.00,39461187.14,142691.26
2.83,0.00,6.00,2297.00,2267.00,1.00,761.00,2064.00,39349532.29,141698.87
2.83,0.00,6.00,2291.00,2273.00,1.00,757.00,2068.00,39238943.64,140732.80
2.84,0.00,5.00,2285.00,2280.00,1.00,752.00,2073.00,39129324.69,139775.74
2.85,0.00,5.00,2275.00,2290.00,1.00,746.00,2079.00,39014578.78,138811.87
2.85,0.00,5.00,2269.00,2296.00,1.00,740.00,2085.00,38901178.04,137841.79
2.86,0.00,5.00,2265.00,2300.00,1.00,736.00,2089.00,38792005.56,136896.10
2.87,0.00,4.00,2259.00,2307.00,1.00,729.00,2096.00,38683675.12,135927.59
2.88,0.00,4.00,2251.00,2315.00,1.00,722.00,2103.00,38573105.97,134938.25
2.88,0.00,4.00,2247.00,2319.00,1.00,716.00,2109.00,38466509.54,133944.92
2.89,0.00,4.00,2243.00,2323.00,0.00,710.00,2116.00,38363527.06,132947.94
2.90,0.00,4.00,2228.00,2338.00,0.00,704.00,2122.00,38247307.02,131947.64
2.90,0.00,4.00,2219.00,2347.00,0.00,699.00,2127.00,38128058.19,130959.33
2.91,0.00,4.00,2213.00,2353.00,0.00,693.00,2133.00,38010561.03,129966.94
2.92,0.00,4.00,2209.00,2357.00,0.00,687.00,2139.00,37897662.02,128970.82
2.92,0.00,4.00,2204.00,2362.00,0.00,680.00,2146.00,37787443.60,127956.27
2.93,0.00,4.00,2195.00,2371.00,0.00,675.00,2151.00,37673654.74,126954.96
2.94,0.00,4.00,2184.00,2382.00,0.00,669.00,2157.00,37553613.08,125950.69
2.94,0.00,4.00,2174.00,2392.00,0.00,664.00,2162.00,37429385.27,124958.76
2.95,0.00,4.00,2168.00,2398.00,0.00,659.00,2167.00,37307358.57,123978.09
2.96,0.00,4.00,2162.00,2404.00,0.00,651.00,2175.00,37187334.43,122962.62
2.97,0.00,4.00,2151.00,2415.00,0.00,646.00,2180.00,37061620.24,121960.46
2.97,0.00,4.00,2142.00,2424.00,0.00,640.00,2186.00,36933734.45,120955.43
2.98,0.00,3.00,2134.00,2433.00,0.00,637.00,2189.00,36805375.45,119992.84
2.99,0.00,3.00,2129.00,2438.00,0.00,627.00,2199.00,36681092.82,118963.84
2.99,0.00,3.00,2119.00,2448.00,0.00,621.00,2205.00,36553007.05,117934.30
3.00,0.00,3.00,2116.00,2451.00,0.00,619.00,2207.00,36431977.62,116964.36
3.01,0.00,3.00,2110.00,2457.00,0.00,613.00,2213.00,36312860.55,115988.74
3.01,0.00,3.00,2102.00,2465.00,0.00,608.00,2218.00,36192478.56,115022.96
3.02,0.00,3.00,2093.00,2474.00,0.00,600.00,2226.00,36069443.77,114021.09
3.03,0.00,3.00,2086.00,2481.00,0.00,597.00,2229.00,35946999.89,113061.40
3.03,0.00,3.00,2085.00,2482.00,0.00,592.00,2234.00,35834107.69,112110.15
3.04,0.00,3.00,2081.00,2486.00,0.00,586.00,2240.00,35725397.96,111151.59
3.05,0.00,3.00,2071.00,2496.00,0.00,584.00,2242.00,35611479.22,110246.46
3.06,0.00,2.00,2064.00,2504.00,0.00,581.00,2245.00,35497328.52,109375.07
3.06,0.00,2.00,2058.00,2510.00,0.00,571.00,2255.00,35384469.27,108429.32
3.07,0.00,2.00,2051.00,2517.00,0.00,562.00,2264.00,35271282.50,107430.72
3.08,0.00,2.00,2045.00,2523.00,0.00,553.00,2273.00,35159300.05,106383.87
3.08,0.00,2.00,2039.00,2529.00,0.00,549.00,2277.00,35048413.25,105368.08
3.09,0.00,2.00,2033.00,2535.00,0.00,545.00,2281.00,34938523.33,104380.65
3.10,0.00,2.00,2024.00,2544.00,0.00,537.00,2289.00,34825033.06,103359.01
3.10,0.00,2.00,2018.00,2550.00,0.00,537.00,2289.00,34712774.56,102426.34
3.11,0.00,2.00,2005.00,2563.00,0.00,534.00,2292.00,34591120.49,101529.81
3.12,0.00,2.00,1998.00,2570.00,0.00,529.00,2297.00,34469932.84,100636.23
3.12,0.00,2.00,1990.00,2578.00,0.00,524.00,2302.00,34347667.23,99745.34
3.13,0.00,2.00,1979.00,2589.00,0.00,522.00,2304.00,34219914.15,98901.98
3.14,0.00,2.00,1973.00,2595.00,0.00,518.00,2308.00,34094680.38,98071.97
3.15,0.00,2.00,1966.00,2602.00,0.00,510.00,2316.00,33970236.28,97194.04
3.15,0.00,2.00,1959.00,2609.00,0.00,508.00,2318.00,33846510.45,96362.52
3.16,0.00,2.00,1953.00,2615.00,0.00,504.00,2322.00,33724940.49,95543.31
3.17,0.00,2.00,1949.00,2619.00,0.00,499.00,2327.00,33608336.26,94720.31
3.17,0.00,2.00,1943.00,2625.00,0.00,497.00,2329.00,33493245.06,93938.94
3.18,0.00,2.00,1935.00,2633.00,0.00,492.00,2334.00,33376525.44,93150.48
3.19,0.00,2.00,1933.00,2635.00,0.00,488.00,2338.00,33267338.49,92370.59
3.19,0.00,2.00,1929.00,2639.00,0.00,485.00,2341.00,33161999.31,91613.54
3.20,0.00,2.00,1924.00,2644.00,0.00,480.00,2346.00,33058658.43,90847.30
3.21,0.00,2.00,1916.00,2652.00,0.00,473.00,2353.00,32952628.36,90042.62
3.22,0.00,2.00,1908.00,2660.00,0.00,468.00,2358.00,32844152.02,89232.88
3.22,0.00,2.00,1905.00,2663.00,0.00,465.00,2361.00,32740961.76,88448.59
3.23,0.00,2.00,1901.00,2667.00,0.00,459.00,2367.00,32641077.99,87642.45
3.24,0.00,2.00,1890.00,2678.00,0.00,457.00,2369.00,32533686.07,86876.46
3.24,0.00,2.00,1876.00,2692.00,0.00,450.00,2376.00,32414956.81,86072.01
3.25,0.00,2.00,1868.00,2700.00,0.00,444.00,2382.00,32294927.73,85247.47
3.26,0.00,2.00,1858.00,2710.00,0.00,442.00,2384.00,32170711.53,84464.68
3.26,0.00,2.00,1850.00,2718.00,0.00,437.00,2389.00,32045690.72,83674.93
3.27,0.00,2.00,1842.00,2726.00,0.00,430.00,2396.00,31919937.94,82848.80
3.28,0.00,2.00,1835.00,2733.00,0.00,424.00,2402.00,31795021.72,82004.46
3.28,0.00,2.00,1828.00,2740.00,0.00,417.00,2409.00,31670866.51,81128.48
3.29,0.00,1.00,1824.00,2745.00,0.00,411.00,2415.00,31551910.47,80238.63
3.30,0.00,1.00,1822.00,2747.00,0.00,405.00,2421.00,31440688.83,79336.14
3.31,0.00,1.00,1813.00,2756.00,0.00,401.00,2425.00,31325987.27,78452.13
3.31,0.00,1.00,1804.00,2765.00,0.00,397.00,2429.00,31208119.94,77585.01
3.32,0.00,1.00,1797.00,2772.00,0.00,392.00,2434.00,31090377.19,76718.28
3.33,0.00,1.00,1785.00,2784.00,0.00,389.00,2437.00,30965236.11,75881.95
3.33,0.00,1.00,1778.00,2791.00,0.00,384.00,2442.00,30840876.46,75043.33
3.34,0.00,1.00,1771.00,2798.00,0.00,382.00,2444.00,30717227.44,74247.69
3.35,0.00,1.00,1768.00,2801.00,0.00,380.00,2446.00,30600234.25,73491.28
3.35,0.00,1.00,1766.00,2803.00,0.00,378.00,2448.00,30490798.38,72770.70
3.36,0.00,1.00,1761.00,2808.00,0.00,375.00,2451.00,30383730.51,72067.78
3.37,0.00,1.00,1756.00,2813.00,0.00,369.00,2457.00,30278816.99,71335.94
3.38,0.00,1.00,1753.00,2816.00,0.00,365.00,2461.00,30178867.85,70607.73
3.38,0.00,1.00,1750.00,2819.00,0.00,359.00,2467.00,30083434.93,69852.79
3.39,0.00,1.00,1747.00,2822.00,0.00,355.00,2471.00,29992110.52,69103.49
3.40,0.00,1.00,1740.00,2829.00,0.00,352.00,2474.00,29898514.61,68374.38
3.40,0.00,1.00,1730.00,2839.00,0.00,351.00,2475.00,29798345.04,67693.72
3.41,0.00,1.00,1725.00,2844.00,0.00,347.00,2479.00,29699707.13,67012.25
3.42,0.00,1.00,1715.00,2854.00,0.00,345.00,2481.00,29594950.81,66360.06
3.42,0.00,1.00,1714.00,2855.00,0.00,339.00,2487.00,29498149.43,65674.53
3.43,0.00,1.00,1707.00,2862.00,0.00,336.00,2490.00,29399570.80,65003.62
3.44,0.00,1.00,1702.00,2867.00,0.00,329.00,2497.00,29302380.11,64285.97
3.44,0.00,1.00,1692.00,2877.00,0.00,320.00,2506.00,29198940.38,63495.61
3.45,0.00,1.00,1682.00,2887.00,0.00,316.00,2510.00,29089815.91,62713.97
3.46,0.00,1.00,1672.00,2897.00,0.00,309.00,2517.00,28975519.73,61895.23
3.47,0.00,1.00,1664.00,2905.00,0.00,303.00,2523.00,28859523.51,61057.64
3.47,0.00,1.00,1656.00,2913.00,0.00,300.00,2526.00,28741980.72,60247.92
3.48,0.00,1.00,1650.00,2919.00,0.00,296.00,2530.00,28626035.48,59448.62
3.49,0.00,1.00,1644.00,2925.00,0.00,290.00,2536.00,28511543.64,58628.77
3.49,0.00,1.00,1634.00,2935.00,0.00,287.00,2539.00,28392364.75,57835.25
3.50,0.00,1.00,1631.00,2938.00,0.00,281.00,2545.00,28279438.17,57020.68
3.51,0.00,1.00,1623.00,2946.00,0.00,277.00,2549.00,28164687.82,56216.95
3.51,0.00,1.00,1619.00,2950.00,0.00,274.00,2552.00,28054287.62,55438.14
3.52,0.00,1.00,1611.00,2958.00,0.00,269.00,2557.00,27941835.59,54652.03
3.53,0.00,0.00,1601.00,2969.00,0.00,268.00,2558.00,27824512.34,53919.34
3.53,0.00,0.00,1593.00,2977.00,0.00,262.00,2564.00,27705762.23,53160.32
3.54,0.00,0.00,1587.00,2983.00,0.00,259.00,2567.00,27588718.76,52422.32
3.55,0.00,0.00,1580.00,2990.00,0.00,259.00,2567.00,27471725.54,51748.58
3.56,0.00,0.00,1575.00,2995.00,0.00,255.00,2571.00,27357782.65,51073.41
3.56,0.00,0.00,1567.00,3003.00,0.00,251.00,2575.00,27242107.75,50396.95
3.57,0.00,0.00,1557.00,3013.00,0.00,248.00,2578.00,27121852.66,49734.32
3.58,0.00,0.00,1546.00,3024.00,0.00,246.00,2580.00,26995928.40,49099.34
3.58,0.00,0.00,1536.00,3034.00,0.00,242.00,2584.00,26866349.18,48459.56
3.59,0.00,0.00,1530.00,3040.00,0.00,239.00,2587.00,26739454.26,47830.42
3.60,0.00,0.00,1524.00,3046.00,0.00,236.00,2590.00,26615001.22,47210.99
3.60,0.00,0.00,1518.00,3052.00,0.00,234.00,2592.00,26492769.66,46615.46
3.61,0.00,0.00,1511.00,3059.00,0.00,231.00,2595.00,26371056.67,46026.71
3.62,0.00,0.00,1507.00,3063.00,0.00,230.00,2596.00,26254322.43,45474.21
3.62,0.00,0.00,1503.00,3067.00,0.00,223.00,2603.00,26142117.45,44864.65
3.63,0.00,0.00,1498.00,3072.00,0.00,221.00,2605.00,26032530.47,44278.12
3.64,0.00,0.00,1496.00,3074.00,0.00,217.00,2609.00,25929832.19,43682.58
3.65,0.00,0.00,1486.00,3084.00,0.00,214.00,2612.00,25821382.14,43093.82
3.65,0.00,0.00,1476.00,3094.00,0.00,212.00,2614.00,25707699.60,42526.28
3.66,0.00,0.00,1467.00,3103.00,0.00,208.00,2618.00,25590759.19,41948.07
3.67,0.00,0.00,1462.00,3108.00,0.00,204.00,2622.00,25476864.39,41360.12
3.67,0.00,0.00,1455.00,3115.00,0.00,201.00,2625.00,25362735.55,40778.29
3.68,0.00,0.00,1452.00,3118.00,0.00,199.00,2627.00,25254403.09,40217.08
3.69,0.00,0.00,1446.00,3124.00,0.00,197.00,2629.00,25146836.78,39674.69
3.69,0.00,0.00,1439.00,3131.00,0.00,191.00,2635.00,25038465.14,39089.39
3.70,0.00,0.00,1431.00,3139.00,0.00,188.00,2638.00,24927858.46,38509.99
3.71,0.00,0.00,1424.00,3146.00,0.00,187.00,2639.00,24816720.97,37966.02
3.72,0.00,0.00,1419.00,3151.00,0.00,184.00,2642.00,24708105.10,37424.34
3.72,0.00,0.00,1408.00,3162.00,0.00,180.00,2646.00,24592769.49,36869.74
3.73,0.00,0.00,1401.00,3169.00,0.00,177.00,2649.00,24477329.89,36318.36
3.74,0.00,0.00,1393.00,3177.00,0.00,175.00,2651.00,24360293.39,35784.95
3.74,0.00,0.00,1388.00,3182.00,0.00,172.00,2654.00,24246311.10,35252.92
3.75,0.00,0.00,1381.00,3189.00,0.00,167.00,2659.00,24132102.68,34692.10
3.76,0.00,0.00,1373.00,3197.00,0.00,162.00,2664.00,24016186.28,34104.99
3.76,0.00,0.00,1363.00,3207.00,0.00,161.00,2665.00,23895711.45,33553.99
3.77,0.00,0.00,1359.00,3211.00,0.00,159.00,2667.00,23780103.50,33020.91
3.78,0.00,0.00,1353.00,3217.00,0.00,158.00,2668.00,23665918.53,32519.24
3.78,0.00,0.00,1344.00,3226.00,0.00,154.00,2672.00,23548521.12,32001.15
3.79,0.00,0.00,1340.00,3230.00,0.00,147.00,2679.00,23435712.82,31423.02
3.80,0.00,0.00,1338.00,3232.00,0.00,145.00,2681.00,23330083.98,30865.18
3.81,0.00,0.00,1330.00,3240.00,0.00,143.00,2683.00,23221972.61,30325.87
3.81,0.00,0.00,1320.00,3250.00,0.00,140.00,2686.00,23108598.12,29788.45
3.82,0.00,0.00,1309.00,3261.00,0.00,137.00,2689.00,22988933.37,29252.76
3.83,0.00,0.00,1301.00,3269.00,0.00,134.00,2692.00,22868053.21,28718.64
3.83,0.00,0.00,1292.00,3278.00,0.00,131.00,2695.00,22744564.98,28185.97
3.84,0.00,0.00,1290.00,3280.00,0.00,129.00,2697.00,22629220.43,27669.63
3.85,0.00,0.00,1283.00,3287.00,0.00,127.00,2699.00,22513772.71,27168.20
3.85,0.00,0.00,1275.00,3295.00,0.00,126.00,2700.00,22396728.86,26695.42
3.86,0.00,0.00,1271.00,3299.00,0.00,124.00,2702.00,22284242.20,26233.75
3.87,0.00,0.00,1264.00,3306.00,0.00,123.00,2703.00,22171394.39,25797.27
3.88,0.00,0.00,1257.00,3313.00,0.00,121.00,2705.00,22058218.04,25368.74
3.88,0.00,0.00,1244.00,3326.00,0.00,117.00,2709.00,21935728.91,24917.44
3.89,0.00,0.00,1234.00,3336.00,0.00,114.00,2712.00,21809274.77,24460.36
3.90,0.00,0.00,1226.00,3344.00,0.00,112.00,2714.00,21682218.05,24013.04
3.90,0.00,0.00,1217.00,3353.00,0.00,111.00,2715.00,21553110.98,23589.65
3.91,0.00,0.00,1208.00,3362.00,0.00,109.00,2717.00,21422138.50,23173.07
3.92,0.00,0.00,1199.00,3371.00,0.00,108.00,2718.00,21289469.16,22777.75
3.92,0.00,0.00,1189.00,3381.00,0.00,105.00,2721.00,21153753.73,22371.78
3.93,0.00,0.00,1182.00,3388.00,0.00,100.00,2726.00,21019774.26,21926.05
3.94,0.00,0.00,1181.00,3389.00,0.00,99.00,2727.00,20896387.82,21504.10
3.94,0.00,0.00,1176.00,3394.00,0.00,97.00,2729.00,20776628.82,21088.86
3.95,0.00,0.00,1173.00,3397.00,0.00,97.00,2729.00,20663174.56,20709.76
3.96,0.00,0.00,1162.00,3408.00,0.00,95.00,2731.00,20543437.20,20333.64
3.97,0.00,0.00,1156.00,3414.00,0.00,93.00,2733.00,20425495.56,19960.22
3.97,0.00,0.00,1151.00,3419.00,0.00,88.00,2738.00,20310689.92,19544.19
3.98,0.00,0.00,1149.00,3421.00,0.00,85.00,2741.00,20203243.98,19119.33
3.99,0.00,0.00,1142.00,3428.00,0.00,85.00,2741.00,20094981.85,18731.46
3.99,0.00,0.00,1136.00,3434.00,0.00,82.00,2744.00,19987479.56,18332.29
4.00,0.00,0.00,1130.00,3440.00,0.00,82.00,2744.00,19880668.42,17967.89
4.01,0.00,0.00,1124.00,3446.00,0.00,82.00,2744.00,19774486.06,17635.21
4.01,0.00,0.00,1117.00,3453.00,0.00,80.00,2746.00,19667373.45,17301.46
4.02,0.00,0.00,1114.00,3456.00,0.00,79.00,2747.00,19565423.77,16981.74
4.03,0.00,0.00,1110.00,3460.00,0.00,78.00,2748.00,19466668.62,16674.84
4.03,0.00,0.00,1104.00,3466.00,0.00,77.00,2749.00,19367815.01,16379.64
4.04,0.00,0.00,1098.00,3472.00,0.00,75.00,2751.00,19268871.80,16080.10
4.05,0.00,0.00,1094.00,3476.00,0.00,72.00,2754.00,19172851.68,15761.58
4.06,0.00,0.00,1089.00,3481.00,0.00,70.00,2756.00,19077988.54,15440.74
4.06,0.00,0.00,1078.00,3492.00,0.00,68.00,2758.00,18975163.94,15117.79
4.07,0.00,0.00,1071.00,3499.00,0.00,67.00,2759.00,18871105.96,14807.94
4.08,0.00,0.00,1069.00,3501.00,0.00,65.00,2761.00,18773437.43,14495.03
4.08,0.00,0.00,1066.00,3504.00,0.00,65.00,2761.00,18680079.26,14209.36
4.09,0.00,0.00,1061.00,3509.00,0.00,64.00,2762.00,18587637.73,13933.55
4.10,0.00,0.00,1057.00,3513.00,0.00,62.00,2764.00,18497532.35,13651.70
4.10,0.00,0.00,1053.00,3517.00,0.00,61.00,2765.00,18409552.24,13379.38
4.11,0.00,0.00,1045.00,3525.00,0.00,61.00,2765.00,18317496.25,13130.77
4.12,0.00,0.00,1040.00,3530.00,0.00,61.00,2765.00,18226239.34,12903.80
4.12,0.00,0.00,1031.00,3539.00,0.00,59.00,2767.00,18129700.04,12666.55
4.13,0.00,0.00,1026.00,3544.00,0.00,59.00,2767.00,18034364.55,12449.96
4.14,0.00,0.00,1023.00,3547.00,0.00,56.00,2770.00,17943128.81,12207.17
4.15,0.00,0.00,1013.00,3557.00,0.00,53.00,2773.00,17845106.44,11940.44
4.15,0.00,0.00,1003.00,3567.00,0.00,51.00,2775.00,17740910.25,11666.89
4.16,0.00,0.00,999.00,3571.00,0.00,49.00,2777.00,17640111.35,11387.12
4.17,0.00,0.00,995.00,3575.00,0.00,48.00,2778.00,17542403.15,11116.68
4.17,0.00,0.00,988.00,3582.00,0.00,48.00,2778.00,17442999.57,10869.80
4.18,0.00,0.00,984.00,3586.00,0.00,48.00,2778.00,17346560.75,10644.41
4.19,0.00,0.00,975.00,3595.00,0.00,47.00,2779.00,17245307.36,10423.62
4.19,0.00,0.00,968.00,3602.00,0.00,45.00,2781.00,17142678.68,10192.01
4.20,0.00,0.00,963.00,3607.00,0.00,45.00,2781.00,17041803.59,9980.58
4.21,0.00,0.00,955.00,3615.00,0.00,45.00,2781.00,16938016.68,9787.55
4.22,0.00,0.00,947.00,3623.00,0.00,45.00,2781.00,16831580.96,9611.33
4.22,0.00,0.00,943.00,3627.00,0.00,44.00,2782.00,16728744.77,9435.43
4.23,0.00,0.00,930.00,3640.00,0.00,44.00,2782.00,16615662.34,9274.85
4.24,0.00,0.00,922.00,3648.00,0.00,44.00,2782.00,16500770.24,9128.25
4.24,0.00,0.00,913.00,3657.00,0.00,42.00,2784.00,16382729.53,8964.37
4.25,0.00,0.00,906.00,3664.00,0.00,42.00,2784.00,16264829.03,8814.76
4.26,0.00,0.00,903.00,3667.00,0.00,40.00,2786.00,16153065.41,8648.13
4.26,0.00,0.00,897.00,3673.00,0.00,40.00,2786.00,16042377.71,8496.01
4.27,0.00,0.00,891.00,3679.00,0.00,38.00,2788.00,15932668.72,8327.09
4.28,0.00,0.00,885.00,3685.00,0.00,36.00,2790.00,15823850.17,8142.83
4.28,0.00,0.00,879.00,3691.00,0.00,36.00,2790.00,15715841.66,7974.62
4.29,0.00,0.00,878.00,3692.00,0.00,36.00,2790.00,15616081.56,7821.05
4.30,0.00,0.00,872.00,3698.00,0.00,35.00,2791.00,15516313.71,7665.83
4.31,0.00,0.00,864.00,3706.00,0.00,34.00,2792.00,15413534.20,7509.11
4.31,0.00,0.00,857.00,3713.00,0.00,33.00,2793.00,15309517.16,7351.01
4.32,0.00,0.00,851.00,3719.00,0.00,33.00,2793.00,15205876.70,7206.68
4.33,0.00,0.00,844.00,3726.00,0.00,33.00,2793.00,15101076.49,7074.91
4.33,0.00,0.00,840.00,3730.00,0.00,32.00,2794.00,14999728.15,6939.60
4.34,0.00,0.00,836.00,3734.00,0.00,32.00,2794.00,14901520.05,6816.06
4.35,0.00,0.00,829.00,3741.00,0.00,31.00,2795.00,14801661.76,6688.26
4.35,0.00,0.00,821.00,3749.00,0.00,29.00,2797.00,14698799.95,6541.55
4.36,0.00,0.00,808.00,3762.00,0.00,28.00,2798.00,14585694.18,6392.58
4.37,0.00,0.00,805.00,3765.00,0.00,25.00,2801.00,14478292.45,6211.52
4.38,0.00,0.00,796.00,3774.00,0.00,25.00,2801.00,14367065.87,6046.22
4.38,0.00,0.00,791.00,3779.00,0.00,24.00,2802.00,14258369.02,5880.30
4.39,0.00,0.00,782.00,3788.00,0.00,24.00,2802.00,14145964.26,5728.82
4.40,0.00,0.00,777.00,3793.00,0.00,24.00,2802.00,14036195.57,5590.53
4.40,0.00,0.00,775.00,3795.00,0.00,24.00,2802.00,13933331.96,5464.28
4.41,0.00,0.00,772.00,3798.00,0.00,22.00,2804.00,13835247.68,5318.99
4.42,0.00,0.00,762.00,3808.00,0.00,21.00,2805.00,13730995.08,5171.31
4.42,0.00,0.00,756.00,3814.00,0.00,21.00,2805.00,13627140.35,5036.50
4.43,0.00,0.00,750.00,3820.00,0.00,21.00,2805.00,13523647.46,4913.43
4.44,0.00,0.00,742.00,3828.00,0.00,21.00,2805.00,13417479.21,4801.07
4.44,0.00,0.00,734.00,3836.00,0.00,21.00,2805.00,13308877.06,4698.50
4.45,0.00,0.00,730.00,3840.00,0.00,21.00,2805.00,13204070.00,4604.86
4.46,0.00,0.00,724.00,3846.00,0.00,20.00,2806.00,13099710.85,4504.35
4.47,0.00,0.00,718.00,3852.00,0.00,20.00,2806.00,12995759.13,4412.59
4.47,0.00,0.00,715.00,3855.00,0.00,20.00,2806.00,12896685.02,4328.82
4.48,0.00,0.00,709.00,3861.00,0.00,19.00,2807.00,12797541.16,4237.32
4.49,0.00,0.00,703.00,3867.00,0.00,18.00,2808.00,12698333.95,4138.77
4.49,0.00,0.00,696.00,3874.00,0.00,18.00,2808.00,12597566.77,4048.80
4.50,0.00,0.00,689.00,3881.00,0.00,18.00,2808.00,12495380.40,3966.66
4.51,0.00,0.00,688.00,3882.00,0.00,18.00,2808.00,12400916.90,3891.68
4.51,0.00,0.00,681.00,3889.00,0.00,18.00,2808.00,12304465.14,3823.22
4.52,0.00,0.00,677.00,3893.00,0.00,18.00,2808.00,12210711.57,3760.73
4.53,0.00,0.00,675.00,3895.00,0.00,17.00,2809.00,12122417.27,3688.65
4.53,0.00,0.00,672.00,3898.00,0.00,16.00,2810.00,12037587.02,3607.83
4.54,0.00,0.00,667.00,3903.00,0.00,16.00,2810.00,11952903.51,3534.04
4.55,0.00,0.00,661.00,3909.00,0.00,16.00,2810.00,11866851.18,3466.68
4.56,0.00,0.00,658.00,3912.00,0.00,16.00,2810.00,11784060.47,3405.19
4.56,0.00,0.00,652.00,3918.00,0.00,16.00,2810.00,11699730.07,3349.05
4.57,0.00,0.00,646.00,3924.00,0.00,15.00,2811.00,11613998.97,3282.77
4.58,0.00,0.00,640.00,3930.00,0.00,14.00,2812.00,11526993.57,3207.25
4.58,0.00,0.00,634.00,3936.00,0.00,12.00,2814.00,11438828.95,3108.25
4.59,0.00,0.00,631.00,3939.00,0.00,11.00,2815.00,11354116.71,3002.85
4.60,0.00,0.00,628.00,3942.00,0.00,11.00,2815.00,11272545.16,2906.63
4.60,0.00,0.00,625.00,3945.00,0.00,11.00,2815.00,11193830.77,2818.78
4.61,0.00,0.00,622.00,3948.00,0.00,11.00,2815.00,11117715.60,2738.59
4.62,0.00,0.00,620.00,3950.00,0.00,11.00,2815.00,11045467.29,2665.38
4.62,0.00,0.00,612.00,3958.00,0.00,11.00,2815.00,10967722.91,2598.54
4.63,0.00,0.00,611.00,3959.00,0.00,11.00,2815.00,10895494.78,2537.53
4.64,0.00,0.00,604.00,3966.00,0.00,10.00,2816.00,10819271.12,2466.80
4.65,0.00,0.00,599.00,3971.00,0.00,9.00,2817.00,10742417.13,2387.21
4.65,0.00,0.00,595.00,3975.00,0.00,9.00,2817.00,10666492.15,2314.55
4.66,0.00,0.00,589.00,3981.00,0.00,9.00,2817.00,10588407.56,2248.21
4.67,0.00,0.00,581.00,3989.00,0.00,9.00,2817.00,10505353.85,2187.66
4.67,0.00,0.00,572.00,3998.00,0.00,9.00,2817.00,10416277.16,2132.37
4.68,0.00,0.00,563.00,4007.00,0.00,9.00,2817.00,10321721.31,2081.90
4.69,0.00,0.00,557.00,4013.00,0.00,9.00,2817.00,10226687.86,2035.83
4.69,0.00,0.00,551.00,4019.00,0.00,9.00,2817.00,10131219.95,1993.76
4.70,0.00,0.00,548.00,4022.00,0.00,9.00,2817.00,10039863.75,1955.36
4.71,0.00,0.00,544.00,4026.00,0.00,9.00,2817.00,9950745.70,1920.30
4.72,0.00,0.00,541.00,4029.00,0.00,8.00,2818.00,9865166.10,1873.28
4.72,0.00,0.00,536.00,4034.00,0.00,8.00,2818.00,9779800.89,1830.34
4.73,0.00,0.00,533.00,4037.00,0.00,8.00,2818.00,9697635.30,1791.15
4.74,0.00,0.00,529.00,4041.00,0.00,7.00,2819.00,9616878.18,1740.35
4.74,0.00,0.00,523.00,4047.00,0.00,7.00,2819.00,9534397.77,1693.97
4.75,0.00,0.00,519.00,4051.00,0.00,7.00,2819.00,9453354.24,1651.62
4.76,0.00,0.00,512.00,4058.00,0.00,7.00,2819.00,9369110.95,1612.97
4.76,0.00,0.00,511.00,4059.00,0.00,7.00,2819.00,9290970.64,1577.68
4.77,0.00,0.00,502.00,4068.00,0.00,6.00,2820.00,9206363.83,1530.44
4.78,0.00,0.00,497.00,4073.00,0.00,6.00,2820.00,9121883.60,1487.31
4.78,0.00,0.00,493.00,4077.00,0.00,6.00,2820.00,9039020.79,1447.94
4.79,0.00,0.00,487.00,4083.00,0.00,6.00,2820.00,8954624.77,1412.00
4.80,0.00,0.00,474.00,4096.00,0.00,6.00,2820.00,8858317.76,1379.19
4.81,0.00,0.00,468.00,4102.00,0.00,6.00,2820.00,8761691.26,1349.23
4.81,0.00,0.00,464.00,4106.00,0.00,6.00,2820.00,8667778.70,1321.89
4.82,0.00,0.00,459.00,4111.00,0.00,6.00,2820.00,8574832.82,1296.92
4.83,0.00,0.00,452.00,4118.00,0.00,6.00,2820.00,8479761.67,1274.13
4.83,0.00,0.00,448.00,4122.00,0.00,6.00,2820.00,8387264.12,1253.32
4.84,0.00,0.00,441.00,4129.00,0.00,6.00,2820.00,8292600.80,1234.33
4.85,0.00,0.00,431.00,4139.00,0.00,6.00,2820.00,8191460.38,1216.98
4.85,0.00,0.00,428.00,4142.00,0.00,6.00,2820.00,8094943.74,1201.15
4.86,0.00,0.00,425.00,4145.00,0.00,6.00,2820.00,8002633.47,1186.70
4.87,0.00,0.00,418.00,4152.00,0.00,6.00,2820.00,7908140.58,1173.51
4.88,0.00,0.00,414.00,4156.00,0.00,6.00,2820.00,7816169.05,1161.46
4.88,0.00,0.00,406.00,4164.00,0.00,6.00,2820.00,7720481.98,1150.46
4.89,0.00,0.00,401.00,4169.00,0.00,6.00,2820.00,7625921.74,1140.42
4.90,0.00,0.00,397.00,4173.00,0.00,6.00,2820.00,7533888.96,1131.26
4.90,0.00,0.00,395.00,4175.00,0.00,6.00,2820.00,7447160.07,1122.89
4.91,0.00,0.00,387.00,4183.00,0.00,6.00,2820.00,7356242.37,1115.25
4.92,0.00,0.00,384.00,4186.00,0.00,6.00,2820.00,7269025.54,1108.28
4.92,0.00,0.00,379.00,4191.00,0.00,6.00,2820.00,7182170.93,1101.92
4.93,0.00,0.00,374.00,4196.00,0.00,6.00,2820.00,7095645.77,1096.10
4.94,0.00,0.00,366.00,4204.00,0.00,5.00,2821.00,7004913.41,1075.77
4.94,0.00,0.00,362.00,4208.00,0.00,4.00,2822.00,6916362.92,1042.19
4.95,0.00,0.00,354.00,4216.00,0.00,4.00,2822.00,6823788.04,1011.54
4.96,0.00,0.00,351.00,4219.00,0.00,4.00,2822.00,6735063.69,983.55
4.97,0.00,0.00,348.00,4222.00,0.00,4.00,2822.00,6649842.23,958.00
4.97,0.00,0.00,342.00,4228.00,0.00,4.00,2822.00,6563300.52,934.67
4.98,0.00,0.00,336.00,4234.00,0.00,4.00,2822.00,6475557.69,913.38
4.99,0.00,0.00,332.00,4238.00,0.00,4.00,2822.00,6389726.83,893.93
4.99,0.00,0.00,324.00,4246.00,0.00,4.00,2822.00,6299626.11,876.19
5.00,0.00,0.00,322.00,4248.00,0.00,4.00,2822.00,6214654.85,859.98
5.01,0.00,0.00,317.00,4253.00,0.00,4.00,2822.00,6129843.02,845.19
5.01,0.00,0.00,313.00,4257.00,0.00,4.00,2822.00,6046678.57,831.69
5.02,0.00,0.00,308.00,4262.00,0.00,4.00,2822.00,5963510.46,819.36
5.03,0.00,0.00,302.00,4268.00,0.00,4.00,2822.00,5878836.68,808.11
5.03,0.00,0.00,297.00,4273.00,0.00,4.00,2822.00,5794295.50,797.83
5.04,0.00,0.00,297.00,4273.00,0.00,4.00,2822.00,5717386.52,788.45
5.05,0.00,0.00,293.00,4277.00,0.00,4.00,2822.00,5641411.47,779.89
5.06,0.00,0.00,290.00,4280.00,0.00,4.00,2822.00,5567788.31,772.07
5.06,0.00,0.00,287.00,4283.00,0.00,4.00,2822.00,5496304.75,764.94
5.07,0.00,0.00,280.00,4290.00,0.00,4.00,2822.00,5420758.41,758.42
5.08,0.00,0.00,276.00,4294.00,0.00,4.00,2822.00,5346022.94,752.47
5.08,0.00,0.00,274.00,4296.00,0.00,3.00,2823.00,5275029.81,732.02
5.09,0.00,0.00,272.00,4298.00,0.00,3.00,2823.00,5207441.14,713.35
5.10,0.00,0.00,267.00,4303.00,0.00,3.00,2823.00,5138442.65,696.30
5.10,0.00,0.00,262.00,4308.00,0.00,3.00,2823.00,5068161.64,680.74
5.11,0.00,0.00,261.00,4309.00,0.00,3.00,2823.00,5002723.11,666.53
5.12,0.00,0.00,258.00,4312.00,0.00,3.00,2823.00,4938685.30,653.56
5.12,0.00,0.00,253.00,4317.00,0.00,3.00,2823.00,4872917.11,641.72
5.13,0.00,0.00,252.00,4318.00,0.00,3.00,2823.00,4811584.03,630.91
5.14,0.00,0.00,250.00,4320.00,0.00,3.00,2823.00,4752783.31,621.05
5.15,0.00,0.00,247.00,4323.00,0.00,3.00,2823.00,4694784.06,612.04
5.15,0.00,0.00,245.00,4325.00,0.00,3.00,2823.00,4639016.23,603.81
5.16,0.00,0.00,242.00,4328.00,0.00,3.00,2823.00,4583776.06,596.30
5.17,0.00,0.00,239.00,4331.00,0.00,3.00,2823.00,4529015.89,589.45
5.17,0.00,0.00,233.00,4337.00,0.00,2.00,2824.00,4470185.48,568.17
5.18,0.00,0.00,229.00,4341.00,0.00,2.00,2824.00,4410656.89,548.74
5.19,0.00,0.00,225.00,4345.00,0.00,2.00,2824.00,4350493.14,531.01
5.19,0.00,0.00,222.00,4348.00,0.00,2.00,2824.00,4291253.93,514.81
5.20,0.00,0.00,218.00,4352.00,0.00,1.00,2825.00,4231353.42,485.01
5.21,0.00,0.00,210.00,4360.00,0.00,1.00,2825.00,4164842.10,457.80
5.22,0.00,0.00,205.00,4365.00,0.00,1.00,2825.00,4096823.70,432.96
5.22,0.00,0.00,195.00,4375.00,0.00,1.00,2825.00,4019922.71,410.28
5.23,0.00,0.00,192.00,4378.00,0.00,1.00,2825.00,3945457.25,389.58
5.24,0.00,0.00,190.00,4380.00,0.00,1.00,2825.00,3874709.73,370.68
5.24,0.00,0.00,187.00,4383.00,0.00,1.00,2825.00,3805842.19,353.43
5.25,0.00,0.00,184.00,4386.00,0.00,1.00,2825.00,3738684.93,337.67
5.26,0.00,0.00,180.00,4390.00,0.00,1.00,2825.00,3671581.21,323.29
5.26,0.00,0.00,178.00,4392.00,0.00,0.00,2826.00,3607530.85,295.14
5.27,0.00,0.00,174.00,4396.00,0.00,0.00,2826.00,3543253.55,269.44
5.28,0.00,0.00,170.00,4400.00,0.00,0.00,2826.00,3478769.82,245.98
5.28,0.00,0.00,169.00,4401.00,0.00,0.00,2826.00,3418605.22,224.56
5.29,0.00,0.00,166.00,4404.00,0.00,0.00,2826.00,3359365.20,205.01
5.30,0.00,0.00,165.00,4405.00,0.00,0.00,2826.00,3303970.93,187.16
5.31,0.00,0.00,163.00,4407.00,0.00,0.00,2826.00,3250572.90,170.86
5.31,0.00,0.00,159.00,4411.00,0.00,0.00,2826.00,3195986.29,155.98
5.32,0.00,0.00,156.00,4414.00,0.00,0.00,2826.00,3141820.66,142.40
5.33,0.00,0.00,156.00,4414.00,0.00,0.00,2826.00,3092545.02,130.00
5.33,0.00,0.00,154.00,4416.00,0.00,0.00,2826.00,3044713.24,118.68
5.34,0.00,0.00,150.00,4420.00,0.00,0.00,2826.00,2995190.34,108.35
5.35,0.00,0.00,148.00,4422.00,0.00,0.00,2826.00,2947133.63,98.91
5.35,0.00,0.00,146.00,4424.00,0.00,0.00,2826.00,2900410.76,90.30
5.36,0.00,0.00,145.00,4425.00,0.00,0.00,2826.00,2856403.61,82.44
5.37,0.00,0.00,144.00,4426.00,0.00,0.00,2826.00,2814867.01,75.26
5.38,0.00,0.00,141.00,4429.00,0.00,0.00,2826.00,2772573.30,68.70
5.38,0.00,0.00,136.00,4434.00,0.00,0.00,2826.00,2726586.20,62.72
5.39,0.00,0.00,134.00,4436.00,0.00,0.00,2826.00,2681746.10,57.26
5.40,0.00,0.00,130.00,4440.00,0.00,0.00,2826.00,2634944.80,52.27
5.40,0.00,0.00,127.00,4443.00,0.00,0.00,2826.00,2587861.68,47.72
5.41,0.00,0.00,125.00,4445.00,0.00,0.00,2826.00,2542024.48,43.57
5.42,0.00,0.00,123.00,4447.00,0.00,0.00,2826.00,2497320.75,39.77
5.42,0.00,0.00,120.00,4450.00,0.00,0.00,2826.00,2452145.83,36.31
5.43,0.00,0.00,116.00,4454.00,0.00,0.00,2826.00,2405039.94,33.15
5.44,0.00,0.00,113.00,4457.00,0.00,0.00,2826.00,2357679.73,30.26
5.44,0.00,0.00,108.00,4462.00,0.00,0.00,2826.00,2307083.51,27.63
5.45,0.00,0.00,107.00,4463.00,0.00,0.00,2826.00,2259552.71,25.22
5.46,0.00,0.00,106.00,4464.00,0.00,0.00,2826.00,2214810.57,23.03
5.47,0.00,0.00,103.00,4467.00,0.00,0.00,2826.00,2169600.70,21.02
5.47,0.00,0.00,100.00,4470.00,0.00,0.00,2826.00,2123965.33,19.19
5.48,0.00,0.00,98.00,4472.00,0.00,0.00,2826.00,2079445.21,17.52
5.49,0.00,0.00,96.00,4474.00,0.00,0.00,2826.00,2035939.64,15.99
5.49,0.00,0.00,94.00,4476.00,0.00,0.00,2826.00,1993357.01,14.60
5.50,0.00,0.00,91.00,4479.00,0.00,0.00,2826.00,1950111.71,13.33
5.51,0.00,0.00,89.00,4481.00,0.00,0.00,2826.00,1907765.88,12.17
5.51,0.00,0.00,89.00,4481.00,0.00,0.00,2826.00,1869242.93,11.11
5.52,0.00,0.00,88.00,4482.00,0.00,0.00,2826.00,1832695.44,10.14
5.53,0.00,0.00,86.00,4484.00,0.00,0.00,2826.00,1796442.75,9.26
5.53,0.00,0.00,86.00,4484.00,0.00,0.00,2826.00,1763462.87,8.45
5.54,0.00,0.00,84.00,4486.00,0.00,0.00,2826.00,1730455.71,7.72
5.55,0.00,0.00,84.00,4486.00,0.00,0.00,2826.00,1700428.36,7.04
5.56,0.00,0.00,81.00,4489.00,0.00,0.00,2826.00,1668604.88,6.43
5.56,0.00,0.00,78.00,4492.00,0.00,0.00,2826.00,1635147.40,5.87
5.57,0.00,0.00,75.00,4495.00,0.00,0.00,2826.00,1600203.46,5.36
5.58,0.00,0.00,73.00,4497.00,0.00,0.00,2826.00,1565409.55,4.89
5.58,0.00,0.00,72.00,4498.00,0.00,0.00,2826.00,1532254.44,4.47
5.59,0.00,0.00,70.00,4500.00,0.00,0.00,2826.00,1499087.87,4.08
5.60,0.00,0.00,68.00,4502.00,0.00,0.00,2826.00,1465910.88,3.72
5.60,0.00,0.00,67.00,4503.00,0.00,0.00,2826.00,1434226.73,3.40
5.61,0.00,0.00,65.00,4505.00,0.00,0.00,2826.00,1402398.32,3.10
5.62,0.00,0.00,64.00,4506.00,0.00,0.00,2826.00,1371940.99,2.83
5.62,0.00,0.00,61.00,4509.00,0.00,0.00,2826.00,1339726.34,2.59
5.63,0.00,0.00,61.00,4509.00,0.00,0.00,2826.00,1310419.96,2.36
5.64,0.00,0.00,61.00,4509.00,0.00,0.00,2826.00,1283759.29,2.16
5.65,0.00,0.00,59.00,4511.00,0.00,0.00,2826.00,1256500.86,1.97
5.65,0.00,0.00,57.00,4513.00,0.00,0.00,2826.00,1228698.64,1.80
5.66,0.00,0.00,57.00,4513.00,0.00,0.00,2826.00,1203406.34,1.64
5.67,0.00,0.00,57.00,4513.00,0.00,0.00,2826.00,1180397.37,1.50
5.67,0.00,0.00,55.00,4515.00,0.00,0.00,2826.00,1156460.97,1.37
5.68,0.00,0.00,53.00,4517.00,0.00,0.00,2826.00,1131680.88,1.25
5.69,0.00,0.00,51.00,4519.00,0.00,0.00,2826.00,1106133.23,1.14
5.69,0.00,0.00,49.00,4521.00,0.00,0.00,2826.00,1079887.36,1.04
5.70,0.00,0.00,45.00,4525.00,0.00,0.00,2826.00,1050001.64,0.95
5.71,0.00,0.00,45.00,4525.00,0.00,0.00,2826.00,1022813.94,0.87
5.72,0.00,0.00,44.00,4526.00,0.00,0.00,2826.00,996578.38,0.79
5.72,0.00,0.00,41.00,4529.00,0.00,0.00,2826.00,968204.36,0.72
5.73,0.00,0.00,40.00,4530.00,0.00,0.00,2826.00,940889.57,0.66
5.74,0.00,0.00,39.00,4531.00,0.00,0.00,2826.00,914538.38,0.60
5.74,0.00,0.00,39.00,4531.00,0.00,0.00,2826.00,890566.13,0.55
5.75,0.00,0.00,38.00,4532.00,0.00,0.00,2826.00,867255.72,0.50
5.76,0.00,0.00,38.00,4532.00,0.00,0.00,2826.00,846049.72,0.46
5.76,0.00,0.00,37.00,4533.00,0.00,0.00,2826.00,825255.84,0.42
5.77,0.00,0.00,37.00,4533.00,0.00,0.00,2826.00,806339.18,0.38
5.78,0.00,0.00,37.00,4533.00,0.00,0.00,2826.00,789130.28,0.35
5.78,0.00,0.00,37.00,4533.00,0.00,0.00,2826.00,773474.96,0.32
5.79,0.00,0.00,37.00,4533.00,0.00,0.00,2826.00,759232.97,0.29
5.80,0.00,0.00,36.00,4534.00,0.00,0.00,2826.00,744774.40,0.27
5.81,0.00,0.00,33.00,4537.00,0.00,0.00,2826.00,727114.17,0.24
5.81,0.00,0.00,33.00,4537.00,0.00,0.00,2826.00,711048.27,0.22
5.82,0.00,0.00,33.00,4537.00,0.00,0.00,2826.00,696432.77,0.20
5.83,0.00,0.00,33.00,4537.00,0.00,0.00,2826.00,683136.72,0.18
5.83,0.00,0.00,33.00,4537.00,0.00,0.00,2826.00,671041.01,0.17
5.84,0.00,0.00,33.00,4537.00,0.00,0.00,2826.00,660037.27,0.15
5.85,0.00,0.00,33.00,4537.00,0.00,0.00,2826.00,650026.92,0.14
5.85,0.00,0.00,33.00,4537.00,0.00,0.00,2826.00,640920.28,0.13
5.86,0.00,0.00,33.00,4537.00,0.00,0.00,2826.00,632635.78,0.12
5.87,0.00,0.00,31.00,4539.00,0.00,0.00,2826.00,622094.56,0.11
5.88,0.00,0.00,31.00,4539.00,0.00,0.00,2826.00,612504.97,0.10
5.88,0.00,0.00,31.00,4539.00,0.00,0.00,2826.00,603781.11,0.09
5.89,0.00,0.00,30.00,4540.00,0.00,0.00,2826.00,594342.50,0.08
5.90,0.00,0.00,30.00,4540.00,0.00,0.00,2826.00,585756.00,0.07
5.90,0.00,0.00,30.00,4540.00,0.00,0.00,2826.00,577944.66,0.07
5.91,0.00,0.00,30.00,4540.00,0.00,0.00,2826.00,570838.51,0.06
5.92,0.00,0.00,30.00,4540.00,0.00,0.00,2826.00,564373.89,0.06
5.92,0.00,0.00,29.00,4541.00,0.00,0.00,2826.00,556990.57,0.05
5.93,0.00,0.00,27.00,4543.00,0.00,0.00,2826.00,547269.17,0.05
5.94,0.00,0.00,26.00,4544.00,0.00,0.00,2826.00,536923.08,0.04
5.94,0.00,0.00,26.00,4544.00,0.00,0.00,2826.00,527511.01,0.04
5.95,0.00,0.00,25.00,4545.00,0.00,0.00,2826.00,517446.34,0.04
5.96,0.00,0.00,24.00,4546.00,0.00,0.00,2826.00,506787.96,0.03
5.97,0.00,0.00,23.00,4547.00,0.00,0.00,2826.00,495589.49,0.03
5.97,0.00,0.00,21.00,4549.00,0.00,0.00,2826.00,482397.35,0.03
5.98,0.00,0.00,20.00,4550.00,0.00,0.00,2826.00,468893.86,0.02
5.99,0.00,0.00,20.00,4550.00,0.00,0.00,2826.00,456609.45,0.02
5.99,0.00,0.00,18.00,4552.00,0.00,0.00,2826.00,442429.41,0.02
6.00,0.00,0.00,18.00,4552.00,0.00,0.00,2826.00,429529.51,0.02
6.01,0.00,0.00,18.00,4552.00,0.00,0.00,2826.00,417794.19,0.02
6.01,0.00,0.00,17.00,4553.00,0.00,0.00,2826.00,405615.99,0.02
6.02,0.00,0.00,17.00,4553.00,0.00,0.00,2826.00,394537.21,0.01
6.03,0.00,0.00,16.00,4554.00,0.00,0.00,2826.00,382956.29,0.01
6.03,0.00,0.00,16.00,4554.00,0.00,0.00,2826.00,372420.86,0.01
6.04,0.00,0.00,16.00,4554.00,0.00,0.00,2826.00,362836.56,0.01
6.05,0.00,0.00,15.00,4555.00,0.00,0.00,2826.00,352615.19,0.01
6.06,0.00,0.00,13.00,4557.00,0.00,0.00,2826.00,340311.95,0.01
6.06,0.00,0.00,13.00,4557.00,0.00,0.00,2826.00,329119.42,0.01
6.07,0.00,0.00,12.00,4558.00,0.00,0.00,2826.00,317435.01,0.01
6.08,0.00,0.00,12.00,4558.00,0.00,0.00,2826.00,306805.45,0.01
6.08,0.00,0.00,11.00,4559.00,0.00,0.00,2826.00,295633.19,0.01
6.09,0.00,0.00,10.00,4560.00,0.00,0.00,2826.00,283967.22,0.01
6.10,0.00,0.00,10.00,4560.00,0.00,0.00,2826.00,273354.42,0.01
6.10,0.00,0.00,10.00,4560.00,0.00,0.00,2826.00,263699.73,0.00
6.11,0.00,0.00,10.00,4560.00,0.00,0.00,2826.00,254916.64,0.00
6.12,0.00,0.00,10.00,4560.00,0.00,0.00,2826.00,246926.47,0.00
6.12,0.00,0.00,10.00,4560.00,0.00,0.00,2826.00,239657.64,0.00
6.13,0.00,0.00,10.00,4560.00,0.00,0.00,2826.00,233045.02,0.00
6.14,0.00,0.00,10.00,4560.00,0.00,0.00,2826.00,227029.37,0.00
6.15,0.00,0.00,9.00,4561.00,0.00,0.00,2826.00,220054.48,0.00
6.15,0.00,0.00,9.00,4561.00,0.00,0.00,2826.00,213709.28,0.00
6.16,0.00,0.00,9.00,4561.00,0.00,0.00,2826.00,207936.90,0.00
6.17,0.00,0.00,9.00,4561.00,0.00,0.00,2826.00,202685.65,0.00
6.17,0.00,0.00,9.00,4561.00,0.00,0.00,2826.00,197908.46,0.00
6.18,0.00,0.00,9.00,4561.00,0.00,0.00,2826.00,193562.55,0.00
6.19,0.00,0.00,9.00,4561.00,0.00,0.00,2826.00,189608.97,0.00
6.19,0.00,0.00,9.00,4561.00,0.00,0.00,2826.00,186012.32,0.00
6.20,0.00,0.00,9.00,4561.00,0.00,0.00,2826.00,182740.37,0.00
6.21,0.00,0.00,9.00,4561.00,0.00,0.00,2826.00,179763.80,0.00
6.22,0.00,0.00,9.00,4561.00,0.00,0.00,2826.00,177055.95,0.00
6.22,0.00,0.00,9.00,4561.00,0.00,0.00,2826.00,174592.55,0.00
6.23,0.00,0.00,9.00,4561.00,0.00,0.00,2826.00,172351.55,0.00
6.24,0.00,0.00,8.00,4562.00,0.00,0.00,2826.00,168810.55,0.00
6.24,0.00,0.00,8.00,4562.00,0.00,0.00,2826.00,165589.22,0.00
6.25,0.00,0.00,8.00,4562.00,0.00,0.00,2826.00,162658.70,0.00
6.26,0.00,0.00,8.00,4562.00,0.00,0.00,2826.00,159992.74,0.00
6.26,0.00,0.00,7.00,4563.00,0.00,0.00,2826.00,156065.15,0.00
6.27,0.00,0.00,7.00,4563.00,0.00,0.00,2826.00,152492.13,0.00
6.28,0.00,0.00,6.00,4564.00,0.00,0.00,2826.00,147739.37,0.00
6.28,0.00,0.00,5.00,4565.00,0.00,0.00,2826.00,141913.35,0.00
6.29,0.00,0.00,5.00,4565.00,0.00,0.00,2826.00,136613.30,0.00
6.30,0.00,0.00,5.00,4565.00,0.00,0.00,2826.00,131791.72,0.00
6.31,0.00,0.00,5.00,4565.00,0.00,0.00,2826.00,127405.43,0.00
6.31,0.00,0.00,5.00,4565.00,0.00,0.00,2826.00,123415.12,0.00
6.32,0.00,0.00,5.00,4565.00,0.00,0.00,2826.00,119785.04,0.00
6.33,0.00,0.00,5.00,4565.00,0.00,0.00,2826.00,116482.69,0.00
6.33,0.00,0.00,5.00,4565.00,0.00,0.00,2826.00,113478.46,0.00
6.34,0.00,0.00,5.00,4565.00,0.00,0.00,2826.00,110745.44,0.00
6.35,0.00,0.00,5.00,4565.00,0.00,0.00,2826.00,108259.16,0.00
6.35,0.00,0.00,5.00,4565.00,0.00,0.00,2826.00,105997.33,0.00
6.36,0.00,0.00,4.00,4566.00,0.00,0.00,2826.00,102437.38,0.00
6.37,0.00,0.00,3.00,4567.00,0.00,0.00,2826.00,97696.51,0.00
6.38,0.00,0.00,3.00,4567.00,0.00,0.00,2826.00,93383.63,0.00
6.38,0.00,0.00,3.00,4567.00,0.00,0.00,2826.00,89460.10,0.00
6.39,0.00,0.00,3.00,4567.00,0.00,0.00,2826.00,85890.78,0.00
6.40,0.00,0.00,3.00,4567.00,0.00,0.00,2826.00,82643.70,0.00
6.40,0.00,0.00,2.00,4568.00,0.00,0.00,2826.00,78187.44,0.00
6.41,0.00,0.00,2.00,4568.00,0.00,0.00,2826.00,74133.47,0.00
6.42,0.00,0.00,2.00,4568.00,0.00,0.00,2826.00,70445.50,0.00
6.42,0.00,0.00,2.00,4568.00,0.00,0.00,2826.00,67090.46,0.00
6.43,0.00,0.00,2.00,4568.00,0.00,0.00,2826.00,64038.31,0.00
6.44,0.00,0.00,2.00,4568.00,0.00,0.00,2826.00,61261.70,0.00
6.44,0.00,0.00,2.00,4568.00,0.00,0.00,2826.00,58735.76,0.00
6.45,0.00,0.00,2.00,4568.00,0.00,0.00,2826.00,56437.86,0.00
6.46,0.00,0.00,2.00,4568.00,0.00,0.00,2826.00,54347.40,0.00
6.47,0.00,0.00,2.00,4568.00,0.00,0.00,2826.00,52445.66,0.00
6.47,0.00,0.00,2.00,4568.00,0.00,0.00,2826.00,50715.62,0.00
6.48,0.00,0.00,2.00,4568.00,0.00,0.00,2826.00,49141.75,0.00
6.49,0.00,0.00,2.00,4568.00,0.00,0.00,2826.00,47709.97,0.00
6.49,0.00,0.00,2.00,4568.00,0.00,0.00,2826.00,46407.45,0.00
6.50,0.00,0.00,2.00,4568.00,0.00,0.00,2826.00,45222.52,0.00
6.51,0.00,0.00,2.00,4568.00,0.00,0.00,2826.00,44144.56,0.00
6.51,0.00,0.00,2.00,4568.00,0.00,0.00,2826.00,43163.91,0.00
6.52,0.00,0.00,2.00,4568.00,0.00,0.00,2826.00,42271.80,0.00
6.53,0.00,0.00,2.00,4568.00,0.00,0.00,2826.00,41460.22,0.00
6.53,0.00,0.00,2.00,4568.00,0.00,0.00,2826.00,40721.91,0.00
6.54,0.00,0.00,2.00,4568.00,0.00,0.00,2826.00,40050.26,0.00
6.55,0.00,0.00,2.00,4568.00,0.00,0.00,2826.00,39439.24,0.00
6.56,0.00,0.00,2.00,4568.00,0.00,0.00,2826.00,38883.38,0.00
6.56,0.00,0.00,2.00,4568.00,0.00,0.00,2826.00,38377.70,0.00
6.57,0.00,0.00,2.00,4568.00,0.00,0.00,2826.00,37917.68,0.00
6.58,0.00,0.00,2.00,4568.00,0.00,0.00,2826.00,37499.18,0.00
6.58,0.00,0.00,2.00,4568.00,0.00,0.00,2826.00,37118.47,0.00
6.59,0.00,0.00,2.00,4568.00,0.00,0.00,2826.00,36772.12,0.00
6.60,0.00,0.00,1.00,4569.00,0.00,0.00,2826.00,34954.73,0.00
6.60,0.00,0.00,1.00,4569.00,0.00,0.00,2826.00,33301.41,0.00
6.61,0.00,0.00,1.00,4569.00,0.00,0.00,2826.00,31797.35,0.00
6.62,0.00,0.00,1.00,4569.00,0.00,0.00,2826.00,30429.07,0.00
6.62,0.00,0.00,1.00,4569.00,0.00,0.00,2826.00,29184.31,0.00
6.63,0.00,0.00,1.00,4569.00,0.00,0.00,2826.00,28051.93,0.00
6.64,0.00,0.00,1.00,4569.00,0.00,0.00,2826.00,27021.78,0.00
6.65,0.00,0.00,1.00,4569.00,0.00,0.00,2826.00,26084.63,0.00
6.65,0.00,0.00,1.00,4569.00,0.00,0.00,2826.00,25232.08,0.00
6.66,0.00,0.00,1.00,4569.00,0.00,0.00,2826.00,24456.50,0.00
6.67,0.00,0.00,1.00,4569.00,0.00,0.00,2826.00,23750.93,0.00
6.67,0.00,0.00,1.00,4569.00,0.00,0.00,2826.00,23109.07,0.00
6.68,0.00,0.00,1.00,4569.00,0.00,0.00,2826.00,22525.15,0.00
6.69,0.00,0.00,0.00,4570.00,0.00,0.00,2826.00,20491.63,0.00
6.69,0.00,0.00,0.00,4570.00,0.00,0.00,2826.00,18641.69,0.00
6.70,0.00,0.00,0.00,4570.00,0.00,0.00,2826.00,16958.76,0.00
6.71,0.00,0.00,0.00,4570.00,0.00,0.00,2826.00,15427.76,0.00
6.72,0.00,0.00,0.00,4570.00,0.00,0.00,2826.00,14034.97,0.00
6.72,0.00,0.00,0.00,4570.00,0.00,0.00,2826.00,12767.93,0.00
6.73,0.00,0.00,0.00,4570.00,0.00,0.00,2826.00,11615.27,0.00
6.74,0.00,0.00,0.00,4570.00,0.00,0.00,2826.00,10566.67,0.00
6.74,0.00,0.00,0.00,4570.00,0.00,0.00,2826.00,9612.73,0.00
6.75,0.00,0.00,0.00,4570.00,0.00,0.00,2826.00,8744.92,0.00
6.76,0.00,0.00,0.00,4570.00,0.00,0.00,2826.00,7955.44,0.00
6.76,0.00,0.00,0.00,4570.00,0.00,0.00,2826.00,7237.24,0.00
6.77,0.00,0.00,0.00,4570.00,0.00,0.00,2826.00,6583.88,0.00
6.78,0.00,0.00,0.00,4570.00,0.00,0.00,2826.00,5989.50,0.00
6.78,0.00,0.00,0.00,4570.00,0.00,0.00,2826.00,5448.78,0.00
6.79,0.00,0.00,0.00,4570.00,0.00,0.00,2826.00,4956.88,0.00
6.80,0.00,0.00,0.00,4570.00,0.00,0.00,2826.00,4509.38,0.00
6.81,0.00,0.00,0.00,4570.00,0.00,0.00,2826.00,4102.29,0.00
6.81,0.00,0.00,0.00,4570.00,0.00,0.00,2826.00,3731.94,0.00
6.82,0.00,0.00,0.00,4570.00,0.00,0.00,2826.00,3395.03,0.00
6.83,0.00,0.00,0.00,4570.00,0.00,0.00,2826.00,3088.53,0.00
6.83,0.00,0.00,0.00,4570.00,0.00,0.00,2826.00,2809.71,0.00
6.84,0.00,0.00,0.00,4570.00,0.00,0.00,2826.00,2556.05,0.00
6.85,0.00,0.00,0.00,4570.00,0.00,0.00,2826.00,2325.30,0.00
6.85,0.00,0.00,0.00,4570.00,0.00,0.00,2826.00,2115.38,0.00
6.86,0.00,0.00,0.00,4570.00,0.00,0.00,2826.00,1924.40,0.00
6.87,0.00,0.00,0.00,4570.00,0.00,0.00,2826.00,1750.67,0.00
6.88,0.00,0.00,0.00,4570.00,0.00,0.00,2826.00,1592.63,0.00
6.88,0.00,0.00,0.00,4570.00,0.00,0.00,2826.00,1448.85,0.00
6.89,0.00,0.00,0.00,4570.00,0.00,0.00,2826.00,1318.05,0.00
6.90,0.00,0.00,0.00,4570.00,0.00,0.00,2826.00,1199.06,0.00
6.90,0.00,0.00,0.00,4570.00,0.00,0.00,2826.00,1090.81,0.00
6.91,0.00,0.00,0.00,4570.00,0.00,0.00,2826.00,992.33,0.00
6.92,0.00,0.00,0.00,4570.00,0.00,0.00,2826.00,902.75,0.00
6.92,0.00,0.00,0.00,4570.00,0.00,0.00,2826.00,821.25,0.00
6.93,0.00,0.00,0.00,4570.00,0.00,0.00,2826.00,747.11,0.00
6.94,0.00,0.00,0.00,4570.00,0.00,0.00,2826.00,679.66,0.00
6.94,0.00,0.00,0.00,4570.00,0.00,0.00,2826.00,618.30,0.00
6.95,0.00,0.00,0.00,4570.00,0.00,0.00,2826.00,562.48,0.00
6.96,0.00,0.00,0.00,4570.00,0.00,0.00,2826.00,511.71,0.00
6.97,0.00,0.00,0.00,4570.00,0.00,0.00,2826.00,465.51,0.00
6.97,0.00,0.00,0.00,4570.00,0.00,0.00,2826.00,423.48,0.00
6.98,0.00,0.00,0.00,4570.00,0.00,0.00,2826.00,385.25,0.00
6.99,0.00,0.00,0.00,4570.00,0.00,0.00,2826.00,350.47,0.00
6.99,0.00,0.00,0.00,4570.00,0.00,0.00,2826.00,318.83,0.00
7.00,0.00,0.00,0.00,4570.00,0.00,0.00,2826.00,290.05,0.00
7.01,0.00,0.00,0.00,4570.00,0.00,0.00,2826.00,263.86,0.00
7.01,0.00,0.00,0.00,4570.00,0.00,0.00,2826.00,240.04,0.00
7.02,0.00,0.00,0.00,4570.00,0.00,0.00,2826.00,218.37,0.00
7.03,0.00,0.00,0.00,4570.00,0.00,0.00,2826.00,198.66,0.00
7.03,0.00,0.00,0.00,4570.00,0.00,0.00,2826.00,180.72,0.00
7.04,0.00,0.00,0.00,4570.00,0.00,0.00,2826.00,164.41,0.00
7.05,0.00,0.00,0.00,4570.00,0.00,0.00,2826.00,149.57,0.00
7.06,0.00,0.00,0.00,4570.00,0.00,0.00,2826.00,136.06,0.00
7.06,0.00,0.00,0.00,4570.00,0.00,0.00,2826.00,123.78,0.00
7.07,0.00,0.00,0.00,4570.00,0.00,0.00,2826.00,112.61,0.00
7.08,0.00,0.00,0.00,4570.00,0.00,0.00,2826.00,102.44,0.00
7.08,0.00,0.00,0.00,4570.00,0.00,0.00,2826.00,93.19,0.00
7.09,0.00,0.00,0.00,4570.00,0.00,0.00,2826.00,84.78,0.00
7.10,0.00,0.00,0.00,4570.00,0.00,0.00,2826.00,77.13,0.00
7.10,0.00,0.00,0.00,4570.00,0.00,0.00,2826.00,70.16,0.00
7.11,0.00,0.00,0.00,4570.00,0.00,0.00,2826.00,63.83,0.00
7.12,0.00,0.00,0.00,4570.00,0.00,0.00,2826.00,58.07,0.00
7.12,0.00,0.00,0.00,4570.00,0.00,0.00,2826.00,52.82,0.00
7.13,0.00,0.00,0.00,4570.00,0.00,0.00,2826.00,48.06,0.00
7.14,0.00,0.00,0.00,4570.00,0.00,0.00,2826.00,43.72,0.00
7.15,0.00,0.00,0.00,4570.00,0.00,0.00,2826.00,39.77,0.00
7.15,0.00,0.00,0.00,4570.00,0.00,0.00,2826.00,36.18,0.00
7.16,0.00,0.00,0.00,4570.00,0.00,0.00,2826.00,32.91,0.00
7.17,0.00,0.00,0.00,4570.00,0.00,0.00,2826.00,29.94,0.00
7.17,0.00,0.00,0.00,4570.00,0.00,0.00,2826.00,27.24,0.00
7.18,0.00,0.00,0.00,4570.00,0.00,0.00,2826.00,24.78,0.00
7.19,0.00,0.00,0.00,4570.00,0.00,0.00,2826.00,22.54,0.00
7.19,0.00,0.00,0.00,4570.00,0.00,0.00,2826.00,20.51,0.00
7.20,0.00,0.00,0.00,4570.00,0.00,0.00,2826.00,18.66,0.00
7.21,0.00,0.00,0.00,4570.00,0.00,0.00,2826.00,16.97,0.00
7.22,0.00,0.00,0.00,4570.00,0.00,0.00,2826.00,15.44,0.00
7.22,0.00,0.00,0.00,4570.00,0.00,0.00,2826.00,14.05,0.00
7.23,0.00,0.00,0.00,4570.00,0.00,0.00,2826.00,12.78,0.00
7.24,0.00,0.00,0.00,4570.00,0.00,0.00,2826.00,11.62,0.00
7.24,0.00,0.00,0.00,4570.00,0.00,0.00,2826.00,10.58,0.00
7.25,0.00,0.00,0.00,4570.00,0.00,0.00,2826.00,9.62,0.00
7.26,0.00,0.00,0.00,4570.00,0.00,0.00,2826.00,8.75,0.00
7.26,0.00,0.00,0.00,4570.00,0.00,0.00,2826.00,7.96,0.00
7.27,0.00,0.00,0.00,4570.00,0.00,0.00,2826.00,7.24,0.00
7.28,0.00,0.00,0.00,4570.00,0.00,0.00,2826.00,6.59,0.00
7.28,0.00,0.00,0.00,4570.00,0.00,0.00,2826.00,5.99,0.00
7.29,0.00,0.00,0.00,4570.00,0.00,0.00,2826.00,5.45,0.00
7.30,0.00,0.00,0.00,4570.00,0.00,0.00,2826.00,4.96,0.00
7.31,0.00,0.00,0.00,4570.00,0.00,0.00,2826.00,4.51,0.00
7.31,0.00,0.00,0.00,4570.00,0.00,0.00,2826.00,4.11,0.00
7.32,0.00,0.00,0.00,4570.00,0.00,0.00,2826.00,3.73,0.00
7.33,0.00,0.00,0.00,4570.00,0.00,0.00,2826.00,3.40,0.00
7.33,0.00,0.00,0.00,4570.00,0.00,0.00,2826.00,3.09,0.00
7.34,0.00,0.00,0.00,4570.00,0.00,0.00,2826.00,2.81,0.00
7.35,0.00,0.00,0.00,4570.00,0.00,0.00,2826.00,2.56,0.00
7.35,0.00,0.00,0.00,4570.00,0.00,0.00,2826.00,2.33,0.00
7.36,0.00,0.00,0.00,4570.00,0.00,0.00,2826.00,2.12,0.00
7.37,0.00,0.00,0.00,4570.00,0.00,0.00,2826.00,1.93,0.00
7.38,0.00,0.00,0.00,4570.00,0.00,0.00,2826.00,1.75,0.00
7.38,0.00,0.00,0.00,4570.00,0.00,0.00,2826.00,1.59,0.00
7.39,0.00,0.00,0.00,4570.00,0.00,0.00,2826.00,1.45,0.00
7.40,0.00,0.00,0.00,4570.00,0.00,0.00,2826.00,1.32,0.00
7.40,0.00,0.00,0.00,4570.00,0.00,0.00,2826.00,1.20,0.00
7.41,0.00,0.00,0.00,4570.00,0.00,0.00,2826.00,1.09,0.00
7.42,0.00,0.00,0.00,4570.00,0.00,0.00,2826.00,0.99,0.00
7.42,0.00,0.00,0.00,4570.00,0.00,0.00,2826.00,0.90,0.00
7.43,0.00,0.00,0.00,4570.00,0.00,0.00,2826.00,0.82,0.00
7.44,0.00,0.00,0.00,4570.00,0.00,0.00,2826.00,0.75,0.00
7.44,0.00,0.00,0.00,4570.00,0.00,0.00,2826.00,0.68,0.00
7.45,0.00,0.00,0.00,4570.00,0.00,0.00,2826.00,0.62,0.00
7.46,0.00,0.00,0.00,4570.00,0.00,0.00,2826.00,0.56,0.00
7.47,0.00,0.00,0.00,4570.00,0.00,0.00,2826.00,0.51,0.00
7.47,0.00,0.00,0.00,4570.00,0.00,0.00,2826.00,0.47,0.00
7.48,0.00,0.00,0.00,4570.00,0.00,0.00,2826.00,0.42,0.00
7.49,0.00,0.00,0.00,4570.00,0.00,0.00,2826.00,0.39,0.00
7.49,0.00,0.00,0.00,4570.00,0.00,0.00,2826.00,0.35,0.00
7.50,0.00,0.00,0.00,4570.00,0.00,0.00,2826.00,0.32,0.00
7.51,0.00,0.00,0.00,4570.00,0.00,0.00,2826.00,0.29,0.00
7.51,0.00,0.00,0.00,4570.00,0.00,0.00,2826.00,0.26,0.00
7.52,0.00,0.00,0.00,4570.00,0.00,0.00,2826.00,0.24,0.00
7.53,0.00,0.00,0.00,4570.00,0.00,0.00,2826.00,0.22,0.00
7.53,0.00,0.00,0.00,4570.00,0.00,0.00,2826.00,0.20,0.00
7.54,0.00,0.00,0.00,4570.00,0.00,0.00,2826.00,0.18,0.00
7.55,0.00,0.00,0.00,4570.00,0.00,0.00,2826.00,0.16,0.00
7.56,0.00,0.00,0.00,4570.00,0.00,0.00,2826.00,0.15,0.00
7.56,0.00,0.00,0.00,4570.00,0.00,0.00,2826.00,0.14,0.00
7.57,0.00,0.00,0.00,4570.00,0.00,0.00,2826.00,0.12,0.00
7.58,0.00,0.00,0.00,4570.00,0.00,0.00,2826.00,0.11,0.00
7.58,0.00,0.00,0.00,4570.00,0.00,0.00,2826.00,0.10,0.00
7.59,0.00,0.00,0.00,4570.00,0.00,0.00,2826.00,0.09,0.00
7.60,0.00,0.00,0.00,4570.00,0.00,0.00,2826.00,0.08,0.00
7.60,0.00,0.00,0.00,4570.00,0.00,0.00,2826.00,0.08,0.00
7.61,0.00,0.00,0.00,4570.00,0.00,0.00,2826.00,0.07,0.00
7.62,0.00,0.00,0.00,4570.00,0.00,0.00,2826.00,0.06,0.00
7.62,0.00,0.00,0.00,4570.00,0.00,0.00,2826.00,0.06,0.00
7.63,0.00,0.00,0.00,4570.00,0.00,0.00,2826.00,0.05,0.00
7.64,0.00,0.00,0.00,4570.00,0.00,0.00,2826.00,0.05,0.00
7.65,0.00,0.00,0.00,4570.00,0.00,0.00,2826.00,0.04,0.00
7.65,0.00,0.00,0.00,4570.00,0.00,0.00,2826.00,0.04,0.00
7.66,0.00,0.00,0.00,4570.00,0.00,0.00,2826.00,0.04,0.00
7.67,0.00,0.00,0.00,4570.00,0.00,0.00,2826.00,0.03,0.00
7.67,0.00,0.00,0.00,4570.00,0.00,0.00,2826.00,0.03,0.00
7.68,0.00,0.00,0.00,4570.00,0.00,0.00,2826.00,0.03,0.00
7.69,0.00,0.00,0.00,4570.00,0.00,0.00,2826.00,0.02,0.00
7.69,0.00,0.00,0.00,4570.00,0.00,0.00,2826.00,0.02,0.00
7.70,0.00,0.00,0.00,4570.00,0.00,0.00,2826.00,0.02,0.00
7.71,0.00,0.00,0.00,4570.00,0.00,0.00,2826.00,0.02,0.00
7.72,0.00,0.00,0.00,4570.00,0.00,0.00,2826.00,0.02,0.00
7.72,0.00,0.00,0.00,4570.00,0.00,0.00,2826.00,0.02,0.00
7.73,0.00,0.00,0.00,4570.00,0.00,0.00,2826.00,0.01,0.00
7.74,0.00,0.00,0.00,4570.00,0.00,0.00,2826.00,0.01,0.00
7.74,0.00,0.00,0.00,4570.00,0.00,0.00,2826.00,0.01,0.00
7.75,0.00,0.00,0.00,4570.00,0.00,0.00,2826.00,0.01,0.00
7.76,0.00,0.00,0.00,4570.00,0.00,0.00,2826.00,0.01,0.00
7.76,0.00,0.00,0.00,4570.00,0.00,0.00,2826.00,0.01,0.00
7.77,0.00,0.00,0.00,4570.00,0.00,0.00,2826.00,0.01,0.00
7.78,0.00,0.00,0.00,4570.00,0.00,0.00,2826.00,0.01,0.00
7.78,0.00,0.00,0.00,4570.00,0.00,0.00,2826.00,0.01,0.00
7.79,0.00,0.00,0.00,4570.00,0.00,0.00,2826.00,0.01,0.00
7.80,0.00,0.00,0.00,4570.00,0.00,0.00,2826.00,0.01,0.00
7.81,0.00,0.00,0.00,4570.00,0.00,0.00,2826.00,0.00,0.00
7.81,0.00,0.00,0.00,4570.00,0.00,0.00,2826.00,0.00,0.00
7.82,0.00,0.00,0.00,4570.00,0.00,0.00,2826.00,0.00,0.00
7.83,0.00,0.00,0.00,4570.00,0.00,0.00,2826.00,0.00,0.00
7.83,0.00,0.00,0.00,4570.00,0.00,0.00,2826.00,0.00,0.00
7.84,0.00,0.00,0.00,4570.00,0.00,0.00,2826.00,0.00,0.00
7.85,0.00,0.00,0.00,4570.00,0.00,0.00,2826.00,0.00,0.00
7.85,0.00,0.00,0.00,4570.00,0.00,0.00,2826.00,0.00,0.00
7.86,0.00,0.00,0.00,4570.00,0.00,0.00,2826.00,0.00,0.00
7.87,0.00,0.00,0.00,4570.00,0.00,0.00,2826.00,0.00,0.00
7.88,0.00,0.00,0.00,4570.00,0.00,0.00,2826.00,0.00,0.00
7.88,0.00,0.00,0.00,4570.00,0.00,0.00,2826.00,0.00,0.00
7.89,0.00,0.00,0.00,4570.00,0.00,0.00,2826.00,0.00,0.00
7.90,0.00,0.00,0.00,4570.00,0.00,0.00,2826.00,0.00,0.00
7.90,0.00,0.00,0.00,4570.00,0.00,0.00,2826.00,0.00,0.00
7.91,0.00,0.00,0.00,4570.00,0.00,0.00,2826.00,0.00,0.00
7.92,0.00,0.00,0.00,4570.00,0.00,0.00,2826.00,0.00,0.00
7.92,0.00,0.00,0.00,4570.00,0.00,0.00,2826.00,0.00,0.00
7.93,0.00,0.00,0.00,4570.00,0.00,0.00,2826.00,0.00,0.00
7.94,0.00,0.00,0.00,4570.00,0.00,0.00,2826.00,0.00,0.00
7.94,0.00,0.00,0.00,4570.00,0.00,0.00,2826.00,0.00,0.00
7.95,0.00,0.00,0.00,4570.00,0.00,0.00,2826.00,0.00,0.00
7.96,0.00,0.00,0.00,4570.00,0.00,0.00,2826.00,0.00,0.00
7.97,0.00,0.00,0.00,4570.00,0.00,0.00,2826.00,0.00,0.00
7.97,0.00,0.00,0.00,4570.00,0.00,0.00,2826.00,0.00,0.00
7.98,0.00,0.00,0.00,4570.00,0.00,0.00,2826.00,0.00,0.00
7.99,0.00,0.00,0.00,4570.00,0.00,0.00,2826.00,0.00,0.00
7.99,0.00,0.00,0.00,4570.00,0.00,0.00,2826.00,0.00,0.00
8.00,0.00,0.00,0.00,4570.00,0.00,0.00,2826.00,0.00,0.00
8.01,0.00,0.00,0.00,4570.00,0.00,0.00,2826.00,0.00,0.00
8.01,0.00,0.00,0.00,4570.00,0.00,0.00,2826.00,0.00,0.00
8.02,0.00,0.00,0.00,4570.00,0.00,0.00,2826.00,0.00,0.00
8.03,0.00,0.00,0.00,4570.00,0.00,0.00,2826.00,0.00,0.00
8.03,0.00,0.00,0.00,4570.00,0.00,0.00,2826.00,0.00,0.00
8.04,0.00,0.00,0.00,4570.00,0.00,0.00,2826.00,0.00,0.00
8.05,0.00,0.00,0.00,4570.00,0.00,0.00,2826.00,0.00,0.00
8.06,0.00,0.00,0.00,4570.00,0.00,0.00,2826.00,0.00,0.00
8.06,0.00,0.00,0.00,4570.00,0.00,0.00,2826.00,0.00,0.00
8.07,0.00,0.00,0.00,4570.00,0.00,0.00,2826.00,0.00,0.00
8.08,0.00,0.00,0.00,4570.00,0.00,0.00,2826.00,0.00,0.00
8.08,0.00,0.00,0.00,4570.00,0.00,0.00,2826.00,0.00,0.00
8.09,0.00,0.00,0.00,4570.00,0.00,0.00,2826.00,0.00,0.00
8.10,0.00,0.00,0.00,4570.00,0.00,0.00,2826.00,0.00,0.00
8.10,0.00,0.00,0.00,4570.00,0.00,0.00,2826.00,0.00,0.00
8.11,0.00,0.00,0.00,4570.00,0.00,0.00,2826.00,0.00,0.00
8.12,0.00,0.00,0.00,4570.00,0.00,0.00,2826.00,0.00,0.00
8.12,0.00,0.00,0.00,4570.00,0.00,0.00,2826.00,0.00,0.00
8.13,0.00,0.00,0.00,4570.00,0.00,0.00,2826.00,0.00,0.00
8.14,0.00,0.00,0.00,4570.00,0.00,0.00,2826.00,0.00,0.00
8.15,0.00,0.00,0.00,4570.00,0.00,0.00,2826.00,0.00,0.00
8.15,0.00,0.00,0.00,4570.00,0.00,0.00,2826.00,0.00,0.00
8.16,0.00,0.00,0.00,4570.00,0.00,0.00,2826.00,0.00,0.00
8.17,0.00,0.00,0.00,4570.00,0.00,0.00,2826.00,0.00,0.00
8.17,0.00,0.00,0.00,4570.00,0.00,0.00,2826.00,0.00,0.00
8.18,0.00,0.00,0.00,4570.00,0.00,0.00,2826.00,0.00,0.00
8.19,0.00,0.00,0.00,4570.00,0.00,0.00,2826.00,0.00,0.00
8.19,0.00,0.00,0.00,4570.00,0.00,0.00,2826.00,0.00,0.00
8.20,0.00,0.00,0.00,4570.00,0.00,0.00,2826.00,0.00,0.00
8.21,0.00,0.00,0.00,4570.00,0.00,0.00,2826.00,0.00,0.00
8.22,0.00,0.00,0.00,4570.00,0.00,0.00,2826.00,0.00,0.00
8.22,0.00,0.00,0.00,4570.00,0.00,0.00,2826.00,0.00,0.00
8.23,0.00,0.00,0.00,4570.00,0.00,0.00,2826.00,0.00,0.00
8.24,0.00,0.00,0.00,4570.00,0.00,0.00,2826.00,0.00,0.00
8.24,0.00,0.00,0.00,4570.00,0.00,0.00,2826.00,0.00,0.00
8.25,0.00,0.00,0.00,4570.00,0.00,0.00,2826.00,0.00,0.00
8.26,0.00,0.00,0.00,4570.00,0.00,0.00,2826.00,0.00,0.00
8.26,0.00,0.00,0.00,4570.00,0.00,0.00,2826.00,0.00,0.00
8.27,0.00,0.00,0.00,4570.00,0.00,0.00,2826.00,0.00,0.00
8.28,0.00,0.00,0.00,4570.00,0.00,0.00,2826.00,0.00,0.00
8.28,0.00,0.00,0.00,4570.00,0.00,0.00,2826.00,0.00,0.00
8.29,0.00,0.00,0.00,4570.00,0.00,0.00,2826.00,0.00,0.00
8.30,0.00,0.00,0.00,4570.00,0.00,0.00,2826.00,0.00,0.00
8.31,0.00,0.00,0.00,4570.00,0.00,0.00,2826.00,0.00,0.00
8.31,0.00,0.00,0.00,4570.00,0.00,0.00,2826.00,0.00,0.00
8.32,0.00,0.00,0.00,4570.00,0.00,0.00,2826.00,0.00,0.00
8.33,0.00,0.00,0.00,4570.00,0.00,0.00,2826.00,0.00,0.00
8.33,0.00,0.00,0.00,4570.00,0.00,0.00,2826.00,0.00,0.00
8.34,0.00,0.00,0.00,4570.00,0.00,0.00,2826.00,0.00,0.00
8.35,0.00,0.00,0.00,4570.00,0.00,0.00,2826.00,0.00,0.00
8.35,0.00,0.00,0.00,4570.00,0.00,0.00,2826.00,0.00,0.00
8.36,0.00,0.00,0.00,4570.00,0.00,0.00,2826.00,0.00,0.00
8.37,0.00,0.00,0.00,4570.00,0.00,0.00,2826.00,0.00,0.00
8.38,0.00,0.00,0.00,4570.00,0.00,0.00,2826.00,0.00,0.00
8.38,0.00,0.00,0.00,4570.00,0.00,0.00,2826.00,0.00,0.00
8.39,0.00,0.00,0.00,4570.00,0.00,0.00,2826.00,0.00,0.00
8.40,0.00,0.00,0.00,4570.00,0.00,0.00,2826.00,0.00,0.00
8.40,0.00,0.00,0.00,4570.00,0.00,0.00,2826.00,0.00,0.00
8.41,0.00,0.00,0.00,4570.00,0.00,0.00,2826.00,0.00,0.00
8.42,0.00,0.00,0.00,4570.00,0.00,0.00,2826.00,0.00,0.00
8.42,0.00,0.00,0.00,4570.00,0.00,0.00,2826.00,0.00,0.00
8.43,0.00,0.00,0.00,4570.00,0.00,0.00,2826.00,0.00,0.00
8.44,0.00,0.00,0.00,4570.00,0.00,0.00,2826.00,0.00,0.00
8.44,0.00,0.00,0.00,4570.00,0.00,0.00,2826.00,0.00,0.00
8.45,0.00,0.00,0.00,4570.00,0.00,0.00,2826.00,0.00,0.00
8.46,0.00,0.00,0.00,4570.00,0.00,0.00,2826.00,0.00,0.00
8.47,0.00,0.00,0.00,4570.00,0.00,0.00,2826.00,0.00,0.00
8.47,0.00,0.00,0.00,4570.00,0.00,0.00,2826.00,0.00,0.00
8.48,0.00,0.00,0.00,4570.00,0.00,0.00,2826.00,0.00,0.00
8.49,0.00,0.00,0.00,4570.00,0.00,0.00,2826.00,0.00,0.00
8.49,0.00,0.00,0.00,4570.00,0.00,0.00,2826.00,0.00,0.00
8.50,0.00,0.00,0.00,4570.00,0.00,0.00,2826.00,0.00,0.00
8.51,0.00,0.00,0.00,4570.00,0.00,0.00,2826.00,0.00,0.00
8.51,0.00,0.00,0.00,4570.00,0.00,0.00,2826.00,0.00,0.00
8.52,0.00,0.00,0.00,4570.00,0.00,0.00,2826.00,0.00,0.00
8.53,0.00,0.00,0.00,4570.00,0.00,0.00,2826.00,0.00,0.00
8.53,0.00,0.00,0.00,4570.00,0.00,0.00,2826.00,0.00,0.00
8.54,0.00,0.00,0.00,4570.00,0.00,0.00,2826.00,0.00,0.00
8.55,0.00,0.00,0.00,4570.00,0.00,0.00,2826.00,0.00,0.00
8.56,0.00,0.00,0.00,4570.00,0.00,0.00,2826.00,0.00,0.00
8.56,0.00,0.00,0.00,4570.00,0.00,0.00,2826.00,0.00,0.00
8.57,0.00,0.00,0.00,4570.00,0.00,0.00,2826.00,0.00,0.00
8.58,0.00,0.00,0.00,4570.00,0.00,0.00,2826.00,0.00,0.00
8.58,0.00,0.00,0.00,4570.00,0.00,0.00,2826.00,0.00,0.00
8.59,0.00,0.00,0.00,4570.00,0.00,0.00,2826.00,0.00,0.00
8.60,0.00,0.00,0.00,4570.00,0.00,0.00,2826.00,0.00,0.00
8.60,0.00,0.00,0.00,4570.00,0.00,0.00,2826.00,0.00,0.00
8.61,0.00,0.00,0.00,4570.00,0.00,0.00,2826.00,0.00,0.00
8.62,0.00,0.00,0.00,4570.00,0.00,0.00,2826.00,0.00,0.00
8.62,0.00,0.00,0.00,4570.00,0.00,0.00,2826.00,0.00,0.00
8.63,0.00,0.00,0.00,4570.00,0.00,0.00,2826.00,0.00,0.00
8.64,0.00,0.00,0.00,4570.00,0.00,0.00,2826.00,0.00,0.00
8.65,0.00,0.00,0.00,4570.00,0.00,0.00,2826.00,0.00,0.00
8.65,0.00,0.00,0.00,4570.00,0.00,0.00,2826.00,0.00,0.00
8.66,0.00,0.00,0.00,4570.00,0.00,0.00,2826.00,0.00,0.00
8.67,0.00,0.00,0.00,4570.00,0.00,0.00,2826.00,0.00,0.00
8.67,0.00,0.00,0.00,4570.00,0.00,0.00,2826.00,0.00,0.00
8.68,0.00,0.00,0.00,4570.00,0.00,0.00,2826.00,0.00,0.00
8.69,0.00,0.00,0.00,4570.00,0.00,0.00,2826.00,0.00,0.00
8.69,0.00,0.00,0.00,4570.00,0.00,0.00,2826.00,0.00,0.00
8.70,0.00,0.00,0.00,4570.00,0.00,0.00,2826.00,0.00,0.00
8.71,0.00,0.00,0.00,4570.00,0.00,0.00,2826.00,0.00,0.00
8.72,0.00,0.00,0.00,4570.00,0.00,0.00,2826.00,0.00,0.00
8.72,0.00,0.00,0.00,4570.00,0.00,0.00,2826.00,0.00,0.00
8.73,0.00,0.00,0.00,4570.00,0.00,0.00,2826.00,0.00,0.00
8.74,0.00,0.00,0.00,4570.00,0.00,0.00,2826.00,0.00,0.00
8.74,0.00,0.00,0.00,4570.00,0.00,0.00,2826.00,0.00,0.00
8.75,0.00,0.00,0.00,4570.00,0.00,0.00,2826.00,0.00,0.00
8.76,0.00,0.00,0.00,4570.00,0.00,0.00,2826.00,0.00,0.00
8.76,0.00,0.00,0.00,4570.00,0.00,0.00,2826.00,0.00,0.00
8.77,0.00,0.00,0.00,4570.00,0.00,0.00,2826.00,0.00,0.00
8.78,0.00,0.00,0.00,4570.00,0.00,0.00,2826.00,0.00,0.00
8.78,0.00,0.00,0.00,4570.00,0.00,0.00,2826.00,0.00,0.00
8.79,0.00,0.00,0.00,4570.00,0.00,0.00,2826.00,0.00,0.00
8.80,0.00,0.00,0.00,4570.00,0.00,0.00,2826.00,0.00,0.00
8.81,0.00,0.00,0.00,4570.00,0.00,0.00,2826.00,0.00,0.00
8.81,0.00,0.00,0.00,4570.00,0.00,0.00,2826.00,0.00,0.00
8.82,0.00,0.00,0.00,4570.00,0.00,0.00,2826.00,0.00,0.00
8.83,0.00,0.00,0.00,4570.00,0.00,0.00,2826.00,0.00,0.00
8.83,0.00,0.00,0.00,4570.00,0.00,0.00,2826.00,0.00,0.00
8.84,0.00,0.00,0.00,4570.00,0.00,0.00,2826.00,0.00,0.00
8.85,0.00,0.00,0.00,4570.00,0.00,0.00,2826.00,0.00,0.00
8.85,0.00,0.00,0.00,4570.00,0.00,0.00,2826.00,0.00,0.00
8.86,0.00,0.00,0.00,4570.00,0.00,0.00,2826.00,0.00,0.00
8.87,0.00,0.00,0.00,4570.00,0.00,0.00,2826.00,0.00,0.00
8.88,0.00,0.00,0.00,4570.00,0.00,0.00,2826.00,0.00,0.00
8.88,0.00,0.00,0.00,4570.00,0.00,0.00,2826.00,0.00,0.00
8.89,0.00,0.00,0.00,4570.00,0.00,0.00,2826.00,0.00,0.00
8.90,0.00,0.00,0.00,4570.00,0.00,0.00,2826.00,0.00,0.00
8.90,0.00,0.00,0.00,4570.00,0.00,0.00,2826.00,0.00,0.00
8.91,0.00,0.00,0.00,4570.00,0.00,0.00,2826.00,0.00,0.00
8.92,0.00,0.00,0.00,4570.00,0.00,0.00,2826.00,0.00,0.00
8.92,0.00,0.00,0.00,4570.00,0.00,0.00,2826.00,0.00,0.00
8.93,0.00,0.00,0.00,4570.00,0.00,0.00,2826.00,0.00,0.00
8.94,0.00,0.00,0.00,4570.00,0.00,0.00,2826.00,0.00,0.00
8.94,0.00,0.00,0.00,4570.00,0.00,0.00,2826.00,0.00,0.00
8.95,0.00,0.00,0.00,4570.00,0.00,0.00,2826.00,0.00,0.00
8.96,0.00,0.00,0.00,4570.00,0.00,0.00,2826.00,0.00,0.00
8.97,0.00,0.00,0.00,4570.00,0.00,0.00,2826.00,0.00,0.00
8.97,0.00,0.00,0.00,4570.00,0.00,0.00,2826.00,0.00,0.00
8.98,0.00,0.00,0.00,4570.00,0.00,0.00,2826.00,0.00,0.00
8.99,0.00,0.00,0.00,4570.00,0.00,0.00,2826.00,0.00,0.00
8.99,0.00,0.00,0.00,4570.00,0.00,0.00,2826.00,0.00,0.00
9.00,0.00,0.00,0.00,4570.00,0.00,0.00,2826.00,0.00,0.00
9.01,0.00,0.00,0.00,4570.00,0.00,0.00,2826.00,0.00,0.00
9.01,0.00,0.00,0.00,4570.00,0.00,0.00,2826.00,0.00,0.00
9.02,0.00,0.00,0.00,4570.00,0.00,0.00,2826.00,0.00,0.00
9.03,0.00,0.00,0.00,4570.00,0.00,0.00,2826.00,0.00,0.00
9.03,0.00,0.00,0.00,4570.00,0.00,0.00,2826.00,0.00,0.00
9.04,0.00,0.00,0.00,4570.00,0.00,0.00,2826.00,0.00,0.00
9.05,0.00,0.00,0.00,4570.00,0.00,0.00,2826.00,0.00,0.00
9.06,0.00,0.00,0.00,4570.00,0.00,0.00,2826.00,0.00,0.00
9.06,0.00,0.00,0.00,4570.00,0.00,0.00,2826.00,0.00,0.00
9.07,0.00,0.00,0.00,4570.00,0.00,0.00,2826.00,0.00,0.00
9.08,0.00,0.00,0.00,4570.00,0.00,0.00,2826.00,0.00,0.00
9.08,0.00,0.00,0.00,4570.00,0.00,0.00,2826.00,0.00,0.00
9.09,0.00,0.00,0.00,4570.00,0.00,0.00,2826.00,0.00,0.00
9.10,0.00,0.00,0.00,4570.00,0.00,0.00,2826.00,0.00,0.00
9.10,0.00,0.00,0.00,4570.00,0.00,0.00,2826.00,0.00,0.00
9.11,0.00,0.00,0.00,4570.00,0.00,0.00,2826.00,0.00,0.00
9.12,0.00,0.00,0.00,4570.00,0.00,0.00,2826.00,0.00,0.00
9.12,0.00,0.00,0.00,4570.00,0.00,0.00,2826.00,0.00,0.00
9.13,0.00,0.00,0.00,4570.00,0.00,0.00,2826.00,0.00,0.00
9.14,0.00,0.00,0.00,4570.00,0.00,0.00,2826.00,0.00,0.00
9.15,0.00,0.00,0.00,4570.00,0.00,0.00,2826.00,0.00,0.00
9.15,0.00,0.00,0.00,4570.00,0.00,0.00,2826.00,0.00,0.00
9.16,0.00,0.00,0.00,4570.00,0.00,0.00,2826.00,0.00,0.00
9.17,0.00,0.00,0.00,4570.00,0.00,0.00,2826.00,0.00,0.00
9.17,0.00,0.00,0.00,4570.00,0.00,0.00,2826.00,0.00,0.00
9.18,0.00,0.00,0.00,4570.00,0.00,0.00,2826.00,0.00,0.00
9.19,0.00,0.00,0.00,4570.00,0.00,0.00,2826.00,0.00,0.00
9.19,0.00,0.00,0.00,4570.00,0.00,0.00,2826.00,0.00,0.00
9.20,0.00,0.00,0.00,4570.00,0.00,0.00,2826.00,0.00,0.00
9.21,0.00,0.00,0.00,4570.00,0.00,0.00,2826.00,0.00,0.00
9.22,0.00,0.00,0.00,4570.00,0.00,0.00,2826.00,0.00,0.00
9.22,0.00,0.00,0.00,4570.00,0.00,0.00,2826.00,0.00,0.00
9.23,0.00,0.00,0.00,4570.00,0.00,0.00,2826.00,0.00,0.00
9.24,0.00,0.00,0.00,4570.00,0.00,0.00,2826.00,0.00,0.00
9.24,0.00,0.00,0.00,4570.00,0.00,0.00,2826.00,0.00,0.00
9.25,0.00,0.00,0.00,4570.00,0.00,0.00,2826.00,0.00,0.00
9.26,0.00,0.00,0.00,4570.00,0.00,0.00,2826.00,0.00,0.00
9.26,0.00,0.00,0.00,4570.00,0.00,0.00,2826.00,0.00,0.00
9.27,0.00,0.00,0.00,4570.00,0.00,0.00,2826.00,0.00,0.00
9.28,0.00,0.00,0.00,4570.00,0.00,0.00,2826.00,0.00,0.00
9.28,0.00,0.00,0.00,4570.00,0.00,0.00,2826.00,0.00,0.00
9.29,0.00,0.00,0.00,4570.00,0.00,0.00,2826.00,0.00,0.00
9.30,0.00,0.00,0.00,4570.00,0.00,0.00,2826.00,0.00,0.00
9.31,0.00,0.00,0.00,4570.00,0.00,0.00,2826.00,0.00,0.00
9.31,0.00,0.00,0.00,4570.00,0.00,0.00,2826.00,0.00,0.00
9.32,0.00,0.00,0.00,4570.00,0.00,0.00,2826.00,0.00,0.00
9.33,0.00,0.00,0.00,4570.00,0.00,0.00,2826.00,0.00,0.00
9.33,0.00,0.00,0.00,4570.00,0.00,0.00,2826.00,0.00,0.00
9.34,0.00,0.00,0.00,4570.00,0.00,0.00,2826.00,0.00,0.00
9.35,0.00,0.00,0.00,4570.00,0.00,0.00,2826.00,0.00,0.00
9.35,0.00,0.00,0.00,4570.00,0.00,0.00,2826.00,0.00,0.00
9.36,0.00,0.00,0.00,4570.00,0.00,0.00,2826.00,0.00,0.00
9.37,0.00,0.00,0.00,4570.00,0.00,0.00,2826.00,0.00,0.00
9.38,0.00,0.00,0.00,4570.00,0.00,0.00,2826.00,0.00,0.00
9.38,0.00,0.00,0.00,4570.00,0.00,0.00,2826.00,0.00,0.00
9.39,0.00,0.00,0.00,4570.00,0.00,0.00,2826.00,0.00,0.00
9.40,0.00,0.00,0.00,4570.00,0.00,0.00,2826.00,0.00,0.00
9.40,0.00,0.00,0.00,4570.00,0.00,0.00,2826.00,0.00,0.00
9.41,0.00,0.00,0.00,4570.00,0.00,0.00,2826.00,0.00,0.00
9.42,0.00,0.00,0.00,4570.00,0.00,0.00,2826.00,0.00,0.00
9.42,0.00,0.00,0.00,4570.00,0.00,0.00,2826.00,0.00,0.00
9.43,0.00,0.00,0.00,4570.00,0.00,0.00,2826.00,0.00,0.00
9.44,0.00,0.00,0.00,4570.00,0.00,0.00,2826.00,0.00,0.00
9.44,0.00,0.00,0.00,4570.00,0.00,0.00,2826.00,0.00,0.00
9.45,0.00,0.00,0.00,4570.00,0.00,0.00,2826.00,0.00,0.00
9.46,0.00,0.00,0.00,4570.00,0.00,0.00,2826.00,0.00,0.00
9.47,0.00,0.00,0.00,4570.00,0.00,0.00,2826.00,0.00,0.00
9.47,0.00,0.00,0.00,4570.00,0.00,0.00,2826.00,0.00,0.00
9.48,0.00,0.00,0.00,4570.00,0.00,0.00,2826.00,0.00,0.00
9.49,0.00,0.00,0.00,4570.00,0.00,0.00,2826.00,0.00,0.00
9.49,0.00,0.00,0.00,4570.00,0.00,0.00,2826.00,0.00,0.00
9.50,0.00,0.00,0.00,4570.00,0.00,0.00,2826.00,0.00,0.00
9.51,0.00,0.00,0.00,4570.00,0.00,0.00,2826.00,0.00,0.00
9.51,0.00,0.00,0.00,4570.00,0.00,0.00,2826.00,0.00,0.00
9.52,0.00,0.00,0.00,4570.00,0.00,0.00,2826.00,0.00,0.00
9.53,0.00,0.00,0.00,4570.00,0.00,0.00,2826.00,0.00,0.00
9.53,0.00,0.00,0.00,4570.00,0.00,0.00,2826.00,0.00,0.00
9.54,0.00,0.00,0.00,4570.00,0.00,0.00,2826.00,0.00,0.00
9.55,0.00,0.00,0.00,4570.00,0.00,0.00,2826.00,0.00,0.00
9.56,0.00,0.00,0.00,4570.00,0.00,0.00,2826.00,0.00,0.00
9.56,0.00,0.00,0.00,4570.00,0.00,0.00,2826.00,0.00,0.00
9.57,0.00,0.00,0.00,4570.00,0.00,0.00,2826.00,0.00,0.00
9.58,0.00,0.00,0.00,4570.00,0.00,0.00,2826.00,0.00,0.00
9.58,0.00,0.00,0.00,4570.00,0.00,0.00,2826.00,0.00,0.00
9.59,0.00,0.00,0.00,4570.00,0.00,0.00,2826.00,0.00,0.00
9.60,0.00,0.00,0.00,4570.00,0.00,0.00,2826.00,0.00,0.00
9.60,0.00,0.00,0.00,4570.00,0.00,0.00,2826.00,0.00,0.00
9.61,0.00,0.00,0.00,4570.00,0.00,0.00,2826.00,0.00,0.00
9.62,0.00,0.00,0.00,4570.00,0.00,0.00,2826.00,0.00,0.00
9.62,0.00,0.00,0.00,4570.00,0.00,0.00,2826.00,0.00,0.00
9.63,0.00,0.00,0.00,4570.00,0.00,0.00,2826.00,0.00,0.00
9.64,0.00,0.00,0.00,4570.00,0.00,0.00,2826.00,0.00,0.00
9.65,0.00,0.00,0.00,4570.00,0.00,0.00,2826.00,0.00,0.00
9.65,0.00,0.00,0.00,4570.00,0.00,0.00,2826.00,0.00,0.00
9.66,0.00,0.00,0.00,4570.00,0.00,0.00,2826.00,0.00,0.00
9.67,0.00,0.00,0.00,4570.00,0.00,0.00,2826.00,0.00,0.00
9.67,0.00,0.00,0.00,4570.00,0.00,0.00,2826.00,0.00,0.00
9.68,0.00,0.00,0.00,4570.00,0.00,0.00,2826.00,0.00,0.00
9.69,0.00,0.00,0.00,4570.00,0.00,0.00,2826.00,0.00,0.00
9.69,0.00,0.00,0.00,4570.00,0.00,0.00,2826.00,0.00,0.00
9.70,0.00,0.00,0.00,4570.00,0.00,0.00,2826.00,0.00,0.00
9.71,0.00,0.00,0.00,4570.00,0.00,0.00,2826.00,0.00,0.00
9.72,0.00,0.00,0.00,4570.00,0.00,0.00,2826.00,0.00,0.00
9.72,0.00,0.00,0.00,4570.00,0.00,0.00,2826.00,0.00,0.00
9.73,0.00,0.00,0.00,4570.00,0.00,0.00,2826.00,0.00,0.00
9.74,0.00,0.00,0.00,4570.00,0.00,0.00,2826.00,0.00,0.00
9.74,0.00,0.00,0.00,4570.00,0.00,0.00,2826.00,0.00,0.00
9.75,0.00,0.00,0.00,4570.00,0.00,0.00,2826.00,0.00,0.00
9.76,0.00,0.00,0.00,4570.00,0.00,0.00,2826.00,0.00,0.00
9.76,0.00,0.00,0.00,4570.00,0.00,0.00,2826.00,0.00,0.00
9.77,0.00,0.00,0.00,4570.00,0.00,0.00,2826.00,0.00,0.00
9.78,0.00,0.00,0.00,4570.00,0.00,0.00,2826.00,0.00,0.00
9.78,0.00,0.00,0.00,4570.00,0.00,0.00,2826.00,0.00,0.00
9.79,0.00,0.00,0.00,4570.00,0.00,0.00,2826.00,0.00,0.00
9.80,0.00,0.00,0.00,4570.00,0.00,0.00,2826.00,0.00,0.00
9.81,0.00,0.00,0.00,4570.00,0.00,0.00,2826.00,0.00,0.00
9.81,0.00,0.00,0.00,4570.00,0.00,0.00,2826.00,0.00,0.00
9.82,0.00,0.00,0.00,4570.00,0.00,0.00,2826.00,0.00,0.00
9.83,0.00,0.00,0.00,4570.00,0.00,0.00,2826.00,0.00,0.00
9.83,0.00,0.00,0.00,4570.00,0.00,0.00,2826.00,0.00,0.00
9.84,0.00,0.00,0.00,4570.00,0.00,0.00,2826.00,0.00,0.00
9.85,0.00,0.00,0.00,4570.00,0.00,0.00,2826.00,0.00,0.00
9.85,0.00,0.00,0.00,4570.00,0.00,0.00,2826.00,0.00,0.00
9.86,0.00,0.00,0.00,4570.00,0.00,0.00,2826.00,0.00,0.00
9.87,0.00,0.00,0.00,4570.00,0.00,0.00,2826.00,0.00,0.00
9.88,0.00,0.00,0.00,4570.00,0.00,0.00,2826.00,0.00,0.00
9.88,0.00,0.00,0.00,4570.00,0.00,0.00,2826.00,0.00,0.00
9.89,0.00,0.00,0.00,4570.00,0.00,0.00,2826.00,0.00,0.00
9.90,0.00,0.00,0.00,4570.00,0.00,0.00,2826.00,0.00,0.00
9.90,0.00,0.00,0.00,4570.00,0.00,0.00,2826.00,0.00,0.00
9.91,0.00,0.00,0.00,4570.00,0.00,0.00,2826.00,0.00,0.00
9.92,0.00,0.00,0.00,4570.00,0.00,0.00,2826.00,0.00,0.00
9.92,0.00,0.00,0.00,4570.00,0.00,0.00,2826.00,0.00,0.00
9.93,0.00,0.00,0.00,4570.00,0.00,0.00,2826.00,0.00,0.00
9.94,0.00,0.00,0.00,4570.00,0.00,0.00,2826.00,0.00,0.00
9.94,0.00,0.00,0.00,4570.00,0.00,0.00,2826.00,0.00,0.00
9.95,0.00,0.00,0.00,4570.00,0.00,0.00,2826.00,0.00,0.00
9.96,0.00,0.00,0.00,4570.00,0.00,0.00,2826.00,0.00,0.00
9.97,0.00,0.00,0.00,4570.00,0.00,0.00,2826.00,0.00,0.00
9.97,0.00,0.00,0.00,4570.00,0.00,0.00,2826.00,0.00,0.00
9.98,0.00,0.00,0.00,4570.00,0.00,0.00,2826.00,0.00,0.00
9.99,0.00,0.00,0.00,4570.00,0.00,0.00,2826.00,0.00,0.00
9.99,0.00,0.00,0.00,4570.00,0.00,0.00,2826.00,0.00,0.00
