Time,U,AI1,AI2,AD,BI2,BI2,BD,VA,VB
0.00,7396.00,0.00,0.00,0.00,0.00,0.00,0.00,75.00,75.00
0.01,7394.00,1.00,0.00,0.00,1.00,0.00,0.00,68.47,68.47
0.01,7391.00,2.00,0.00,0.00,3.00,0.00,0.00,62.51,62.51
0.02,7390.00,3.00,0.00,0.00,3.00,0.00,0.00,57.06,57.06
0.03,7388.00,3.00,0.00,0.00,5.00,0.00,0.00,52.10,52.10
0.03,7388.00,2.00,1.00,0.00,5.00,0.00,0.00,197.79,47.56
0.04,7383.00,5.00,1.00,0.00,7.00,0.00,0.00,330.80,43.42
0.05,7379.00,7.00,1.00,0.00,9.00,0.00,0.00,452.23,39.64
0.06,7377.00,8.00,2.00,0.00,9.00,0.00,0.00,713.31,36.19
0.06,7371.00,12.00,2.00,0.00,10.00,1.00,0.00,951.66,48.06
0.07,7370.00,13.00,2.00,0.00,10.00,1.00,0.00,1169.26,58.90
0.08,7369.00,14.00,2.00,0.00,10.00,1.00,0.00,1367.91,68.79
0.08,7367.00,16.00,2.00,0.00,10.00,1.00,0.00,1549.26,77.82
0.09,7364.00,18.00,2.00,0.00,11.00,1.00,0.00,1714.82,86.07
0.10,7360.00,22.00,2.00,0.00,11.00,1.00,0.00,1865.96,93.60
0.10,7356.00,26.00,2.00,0.00,11.00,0.00,1.00,2003.94,85.45
0.11,7353.00,24.00,6.00,0.00,12.00,0.00,1.00,2730.83,78.01
0.12,7348.00,28.00,6.00,0.00,12.00,1.00,1.00,3394.43,86.24
0.12,7339.00,36.00,6.00,0.00,13.00,1.00,1.00,4000.25,93.75
0.13,7334.00,39.00,7.00,0.00,14.00,1.00,1.00,4703.54,100.61
0.14,7325.00,46.00,8.00,1.00,13.00,2.00,1.00,5495.82,121.90
0.15,7315.00,54.00,10.00,1.00,12.00,3.00,1.00,6519.58,156.35
0.15,7306.00,61.00,12.00,1.00,12.00,3.00,1.00,7754.66,187.81
0.16,7296.00,69.00,14.00,1.00,12.00,3.00,1.00,9182.65,216.52
0.17,7289.00,73.00,16.00,1.00,13.00,3.00,1.00,10786.77,242.74
0.17,7277.00,82.00,18.00,1.00,14.00,3.00,1.00,12551.66,266.67
0.18,7261.00,95.00,18.00,1.00,16.00,4.00,1.00,14162.88,303.54
0.19,7244.00,104.00,21.00,2.00,20.00,4.00,1.00,16084.49,337.20
0.19,7222.00,118.00,22.00,5.00,23.00,5.00,1.00,17989.00,382.96
0.20,7205.00,120.00,27.00,6.00,31.00,5.00,2.00,20478.84,424.73
0.21,7184.00,130.00,34.00,8.00,32.00,6.00,2.00,23803.49,477.88
0.22,7158.00,149.00,33.00,9.00,36.00,9.00,2.00,26688.41,571.48
0.22,7135.00,165.00,36.00,10.00,38.00,10.00,2.00,29772.81,671.95
0.23,7110.00,180.00,39.00,12.00,43.00,10.00,2.00,33039.34,763.67
0.24,7087.00,193.00,42.00,13.00,45.00,14.00,2.00,36472.12,907.49
0.24,7064.00,203.00,52.00,14.00,47.00,14.00,2.00,41108.30,1038.80
0.25,7035.00,225.00,53.00,16.00,49.00,16.00,2.00,45491.01,1188.71
0.26,7003.00,244.00,58.00,16.00,56.00,17.00,2.00,50243.25,1340.60
0.26,6974.00,263.00,63.00,19.00,56.00,19.00,2.00,55332.84,1509.30
0.27,6946.00,280.00,69.00,20.00,59.00,19.00,3.00,60880.64,1663.32
0.28,6911.00,305.00,73.00,23.00,61.00,20.00,3.00,66546.28,1818.95
0.28,6877.00,328.00,76.00,25.00,63.00,23.00,4.00,72169.27,2006.09
0.29,6850.00,348.00,79.00,26.00,64.00,24.00,5.00,77753.33,2191.96
0.30,6807.00,374.00,85.00,28.00,71.00,25.00,6.00,83752.54,2376.68
0.31,6767.00,395.00,94.00,29.00,80.00,25.00,6.00,90581.45,2545.30
0.31,6730.00,409.00,107.00,31.00,86.00,26.00,7.00,98768.72,2714.27
0.32,6692.00,429.00,113.00,36.00,92.00,27.00,7.00,107144.47,2883.55
0.33,6638.00,466.00,119.00,39.00,98.00,28.00,8.00,115692.28,3053.11
0.33,6589.00,493.00,128.00,43.00,106.00,29.00,8.00,124847.87,3222.92
0.34,6552.00,507.00,145.00,43.00,105.00,35.00,9.00,135760.15,3468.09
0.35,6495.00,538.00,160.00,47.00,109.00,37.00,10.00,147975.71,3721.96
0.35,6441.00,567.00,173.00,48.00,118.00,38.00,11.00,161080.59,3968.75
0.36,6389.00,594.00,184.00,55.00,122.00,40.00,12.00,174696.89,4224.09
0.37,6333.00,625.00,198.00,60.00,123.00,44.00,13.00,189230.78,4517.29
0.38,6273.00,655.00,217.00,62.00,125.00,49.00,15.00,205353.51,4860.08
0.38,6216.00,679.00,236.00,65.00,132.00,53.00,15.00,222926.73,5233.11
0.39,6155.00,709.00,250.00,69.00,143.00,53.00,17.00,241072.98,5573.65
0.40,6081.00,745.00,270.00,73.00,152.00,56.00,19.00,260643.76,5929.62
0.40,6017.00,781.00,280.00,78.00,161.00,58.00,21.00,280012.70,6284.63
0.41,5963.00,800.00,299.00,82.00,170.00,59.00,23.00,300549.47,6623.76
0.42,5896.00,816.00,327.00,85.00,180.00,68.00,24.00,323504.45,7068.56
0.42,5829.00,848.00,347.00,89.00,185.00,73.00,25.00,347465.23,7549.74
0.43,5755.00,885.00,365.00,93.00,196.00,76.00,26.00,372043.77,8034.10
0.44,5689.00,921.00,385.00,94.00,202.00,79.00,26.00,397486.72,8521.35
0.44,5603.00,971.00,405.00,99.00,210.00,81.00,27.00,423718.84,8996.22
0.45,5527.00,1005.00,428.00,106.00,212.00,89.00,29.00,451122.08,9549.92
0.46,5448.00,1039.00,450.00,110.00,227.00,93.00,29.00,479444.25,10115.50
0.47,5383.00,1072.00,470.00,115.00,224.00,102.00,30.00,508304.86,10767.04
0.47,5299.00,1112.00,494.00,119.00,233.00,106.00,33.00,538257.95,11421.94
0.48,5203.00,1166.00,510.00,128.00,240.00,115.00,34.00,568006.55,12155.03
0.49,5135.00,1176.00,545.00,134.00,248.00,124.00,34.00,600422.86,12959.48
0.49,5055.00,1218.00,567.00,136.00,250.00,132.00,38.00,633321.57,13814.08
0.50,4975.00,1243.00,602.00,139.00,263.00,134.00,40.00,668613.68,14624.30
0.51,4890.00,1277.00,635.00,142.00,270.00,140.00,42.00,705790.34,15454.11
0.51,4799.00,1298.00,673.00,143.00,293.00,144.00,46.00,745438.58,16271.76
0.52,4709.00,1343.00,699.00,147.00,298.00,153.00,47.00,785540.43,17153.42
0.53,4606.00,1373.00,742.00,155.00,309.00,162.00,49.00,828610.32,18093.51
0.53,4521.00,1398.00,779.00,161.00,315.00,171.00,51.00,873488.41,19086.96
0.54,4412.00,1447.00,805.00,167.00,333.00,177.00,55.00,918364.70,20084.04
0.55,4327.00,1472.00,839.00,169.00,349.00,182.00,58.00,964441.21,21069.41
0.56,4240.00,1492.00,874.00,177.00,363.00,187.00,63.00,1011763.66,22044.09
0.56,4137.00,1530.00,910.00,182.00,373.00,196.00,68.00,1060373.78,23069.11
0.57,4051.00,1543.00,959.00,190.00,374.00,209.00,70.00,1112112.46,24200.18
0.58,3962.00,1576.00,989.00,200.00,383.00,215.00,71.00,1163852.88,25322.90
0.58,3873.00,1598.00,1025.00,203.00,395.00,229.00,73.00,1216496.27,26558.18
0.59,3772.00,1630.00,1063.00,210.00,407.00,239.00,75.00,1270264.47,27836.12
0.60,3688.00,1645.00,1110.00,214.00,419.00,239.00,81.00,1326411.63,29002.79
0.60,3596.00,1673.00,1146.00,222.00,422.00,253.00,84.00,1383078.04,30278.20
0.61,3480.00,1717.00,1177.00,230.00,442.00,264.00,86.00,1439467.33,31607.80
0.62,3384.00,1729.00,1222.00,237.00,462.00,274.00,88.00,1497706.88,32971.85
0.62,3288.00,1763.00,1256.00,244.00,469.00,280.00,96.00,1555983.02,34307.27
0.63,3193.00,1776.00,1306.00,251.00,482.00,288.00,100.00,1616696.27,35646.59
0.64,3089.00,1811.00,1334.00,260.00,505.00,293.00,104.00,1676329.32,36944.40
0.65,2991.00,1823.00,1394.00,264.00,507.00,307.00,110.00,1739783.65,38339.53
0.65,2895.00,1838.00,1441.00,271.00,517.00,319.00,115.00,1804773.49,39793.46
0.66,2791.00,1856.00,1495.00,275.00,527.00,331.00,121.00,1872216.77,41301.05
0.67,2712.00,1869.00,1529.00,282.00,535.00,345.00,124.00,1938895.22,42887.70
0.67,2630.00,1874.00,1574.00,289.00,544.00,360.00,125.00,2006527.98,44561.54
0.68,2536.00,1902.00,1614.00,290.00,555.00,371.00,128.00,2074280.80,46254.88
0.69,2450.00,1902.00,1666.00,297.00,572.00,376.00,133.00,2143946.00,47875.88
0.69,2375.00,1899.00,1721.00,301.00,573.00,388.00,139.00,2215807.75,49536.01
0.70,2292.00,1916.00,1759.00,310.00,581.00,393.00,145.00,2287120.86,51126.70
0.71,2210.00,1921.00,1806.00,315.00,584.00,410.00,150.00,2359285.16,52834.27
0.72,2141.00,1929.00,1841.00,323.00,580.00,429.00,153.00,2430423.79,54678.60
0.72,2068.00,1921.00,1893.00,329.00,586.00,438.00,161.00,2503179.98,56497.53
0.73,1997.00,1916.00,1941.00,337.00,591.00,448.00,166.00,2576811.93,58308.31
0.74,1911.00,1926.00,1986.00,347.00,599.00,454.00,173.00,2650792.72,60051.56
0.74,1835.00,1917.00,2036.00,358.00,607.00,463.00,180.00,2725843.12,61778.21
0.75,1747.00,1917.00,2091.00,364.00,613.00,480.00,184.00,2802621.14,63609.91
0.76,1677.00,1918.00,2134.00,373.00,615.00,489.00,190.00,2879173.59,65417.32
0.76,1629.00,1904.00,2179.00,379.00,606.00,506.00,193.00,2955820.56,67322.75
0.77,1554.00,1896.00,2233.00,385.00,612.00,522.00,194.00,3033905.90,69302.62
0.78,1487.00,1896.00,2274.00,393.00,617.00,530.00,199.00,3111351.38,71230.28
0.78,1422.00,1890.00,2318.00,401.00,622.00,539.00,204.00,3188663.36,73125.30
0.79,1375.00,1867.00,2360.00,411.00,617.00,557.00,209.00,3265553.05,75125.72
0.80,1329.00,1847.00,2402.00,419.00,609.00,575.00,215.00,3342057.19,77222.37
0.81,1272.00,1834.00,2444.00,423.00,609.00,597.00,217.00,3418209.38,79466.96
0.81,1216.00,1829.00,2473.00,433.00,615.00,609.00,221.00,3492087.23,81696.37
0.82,1165.00,1797.00,2528.00,442.00,613.00,627.00,224.00,3567794.82,84002.08
0.83,1120.00,1781.00,2567.00,452.00,609.00,638.00,229.00,3642769.10,86272.27
0.83,1074.00,1753.00,2617.00,458.00,608.00,651.00,235.00,3718726.48,88540.08
0.84,1022.00,1742.00,2653.00,464.00,611.00,662.00,242.00,3793478.13,90775.67
0.85,983.00,1711.00,2696.00,476.00,606.00,678.00,246.00,3868180.63,93056.96
0.85,939.00,1697.00,2738.00,479.00,599.00,691.00,253.00,3942688.05,95334.91
0.86,897.00,1681.00,2777.00,484.00,597.00,699.00,261.00,4016566.68,97534.69
0.87,849.00,1670.00,2814.00,491.00,590.00,715.00,267.00,4089570.80,99783.29
0.88,811.00,1653.00,2847.00,495.00,594.00,725.00,271.00,4161175.65,101986.33
0.88,776.00,1626.00,2892.00,503.00,584.00,742.00,273.00,4233305.83,104252.92
0.89,740.00,1610.00,2928.00,506.00,582.00,747.00,283.00,4304563.53,106397.27
0.90,701.00,1593.00,2965.00,513.00,584.00,748.00,292.00,4375174.94,108369.92
0.90,675.00,1559.00,3000.00,525.00,576.00,755.00,306.00,4444895.88,110275.95
0.91,638.00,1542.00,3036.00,533.00,574.00,763.00,310.00,4513954.12,112136.21
0.92,605.00,1524.00,3075.00,538.00,566.00,769.00,319.00,4582858.06,113924.62
0.92,582.00,1496.00,3111.00,545.00,555.00,787.00,320.00,4651170.43,115827.71
0.93,548.00,1479.00,3141.00,554.00,550.00,798.00,326.00,4718041.37,117730.35
0.94,504.00,1463.00,3183.00,557.00,552.00,801.00,336.00,4785399.18,119512.38
0.94,480.00,1431.00,3223.00,567.00,542.00,812.00,341.00,4852900.97,121304.50
0.95,452.00,1406.00,3264.00,570.00,536.00,822.00,346.00,4920684.46,123090.79
0.96,421.00,1395.00,3292.00,577.00,528.00,834.00,349.00,4986772.10,124901.82
0.97,387.00,1381.00,3321.00,580.00,525.00,847.00,355.00,5051461.79,126750.46
0.97,371.00,1352.00,3349.00,589.00,521.00,853.00,361.00,5114725.03,128528.26
0.98,347.00,1332.00,3376.00,596.00,518.00,859.00,368.00,5176535.80,130241.39
0.99,316.00,1312.00,3410.00,600.00,509.00,876.00,373.00,5238072.20,132060.75
0.99,295.00,1291.00,3436.00,611.00,502.00,883.00,378.00,5298156.26,133826.84
1.00,262.00,1275.00,3460.00,620.00,499.00,899.00,381.00,5356613.98,135679.52
1.01,243.00,1251.00,3483.00,630.00,495.00,905.00,389.00,5413436.75,137461.02
1.01,215.00,1243.00,3502.00,639.00,495.00,906.00,396.00,5468166.00,139102.41
1.02,191.00,1210.00,3544.00,649.00,488.00,911.00,403.00,5524439.37,140675.99
1.03,171.00,1201.00,3563.00,656.00,477.00,921.00,407.00,5578667.07,142262.78
1.03,157.00,1171.00,3596.00,664.00,470.00,922.00,416.00,5633130.46,143726.43
1.04,138.00,1151.00,3624.00,673.00,454.00,936.00,420.00,5687057.85,145272.94
1.05,121.00,1122.00,3655.00,682.00,451.00,939.00,426.00,5740946.64,146729.87
1.06,104.00,1096.00,3679.00,694.00,449.00,939.00,435.00,5793748.56,148059.93
1.06,85.00,1088.00,3690.00,705.00,443.00,947.00,438.00,5843605.22,149394.36
1.07,75.00,1065.00,3707.00,718.00,431.00,959.00,441.00,5891674.50,150792.87
1.08,62.00,1039.00,3736.00,725.00,423.00,960.00,451.00,5939914.81,152084.62
1.08,56.00,1013.00,3756.00,733.00,413.00,967.00,458.00,5986959.15,153369.06
1.09,41.00,995.00,3776.00,743.00,410.00,969.00,462.00,6032911.68,154571.70
1.10,34.00,978.00,3788.00,752.00,399.00,975.00,470.00,6076665.62,155759.76
1.10,28.00,958.00,3811.00,755.00,387.00,978.00,479.00,6120064.96,156889.43
1.11,25.00,931.00,3835.00,759.00,379.00,984.00,483.00,6163290.82,158010.88
1.12,21.00,906.00,3856.00,767.00,368.00,989.00,489.00,6205907.58,159109.79
1.12,14.00,889.00,3870.00,774.00,362.00,994.00,493.00,6246916.68,160188.13
1.13,11.00,862.00,3891.00,781.00,345.00,1012.00,494.00,6287509.72,161442.98
1.14,9.00,840.00,3907.00,789.00,338.00,1010.00,503.00,6326971.78,162558.53
1.15,2.00,821.00,3922.00,798.00,336.00,1006.00,511.00,6365251.12,163516.84
1.15,1.00,799.00,3935.00,807.00,331.00,1011.00,512.00,6402150.23,164466.82
1.16,1.00,779.00,3950.00,812.00,322.00,1016.00,516.00,6438089.79,165409.20
1.17,0.00,759.00,3959.00,823.00,311.00,1023.00,521.00,6472251.95,166374.68
1.17,0.00,737.00,3972.00,832.00,306.00,1020.00,529.00,6505392.41,167211.02
1.18,0.00,724.00,3979.00,838.00,301.00,1022.00,532.00,6536698.75,168004.58
1.19,0.00,702.00,3995.00,844.00,291.00,1026.00,538.00,6567682.75,168789.14
1.19,0.00,689.00,4001.00,851.00,281.00,1030.00,544.00,6596870.17,169565.47
1.20,0.00,668.00,4012.00,861.00,275.00,1029.00,551.00,6625168.61,170259.17
1.21,0.00,659.00,4012.00,870.00,267.00,1029.00,559.00,6651002.94,170892.48
1.22,0.00,646.00,4020.00,875.00,253.00,1034.00,568.00,6675789.55,171545.75
1.22,0.00,622.00,4033.00,886.00,244.00,1041.00,570.00,6700370.86,172247.30
1.23,0.00,603.00,4041.00,897.00,240.00,1043.00,572.00,6724013.57,172917.81
1.24,0.00,588.00,4047.00,906.00,231.00,1047.00,577.00,6746498.96,173590.02
1.24,0.00,570.00,4056.00,915.00,226.00,1044.00,585.00,6768378.47,174158.64
1.25,0.00,557.00,4062.00,922.00,219.00,1047.00,589.00,6789254.20,174722.80
1.26,0.00,534.00,4078.00,929.00,209.00,1051.00,595.00,6810715.85,175297.94
1.26,0.00,519.00,4086.00,936.00,204.00,1052.00,599.00,6831510.56,175838.02
1.27,0.00,506.00,4097.00,938.00,201.00,1048.00,606.00,6852147.09,176270.98
1.28,0.00,488.00,4107.00,946.00,195.00,1053.00,607.00,6872488.99,176741.35
1.28,0.00,476.00,4110.00,955.00,187.00,1051.00,617.00,6891510.28,177140.72
1.29,0.00,466.00,4104.00,971.00,181.00,1051.00,623.00,6907973.88,177505.31
1.30,0.00,456.00,4110.00,975.00,174.00,1050.00,631.00,6923905.28,177823.14
1.31,0.00,436.00,4123.00,982.00,166.00,1052.00,637.00,6940402.46,178143.33
1.31,0.00,428.00,4121.00,992.00,163.00,1047.00,645.00,6955162.65,178360.53
1.32,0.00,418.00,4124.00,999.00,157.00,1046.00,652.00,6969088.28,178543.79
1.33,0.00,408.00,4126.00,1007.00,152.00,1050.00,653.00,6982101.77,178771.19
1.33,0.00,401.00,4127.00,1013.00,147.00,1051.00,657.00,6994132.34,178993.80
1.34,0.00,388.00,4131.00,1022.00,143.00,1044.00,668.00,7005716.25,179091.88
1.35,0.00,378.00,4131.00,1032.00,138.00,1043.00,674.00,7016291.49,179166.39
1.35,0.00,365.00,4132.00,1044.00,138.00,1035.00,682.00,7026096.09,179114.22
1.36,0.00,357.00,4133.00,1051.00,137.00,1031.00,687.00,7035197.20,179006.51
1.37,0.00,350.00,4135.00,1056.00,131.00,1032.00,692.00,7043806.28,178923.20
1.38,0.00,341.00,4133.00,1067.00,129.00,1029.00,697.00,7051365.25,178802.07
1.38,0.00,330.00,4139.00,1072.00,126.00,1026.00,703.00,7059167.40,178646.42
1.39,0.00,320.00,4143.00,1078.00,122.00,1026.00,707.00,7066891.11,178504.32
1.40,0.00,315.00,4133.00,1093.00,120.00,1019.00,716.00,7072439.92,178269.44
1.40,0.00,305.00,4135.00,1101.00,115.00,1021.00,719.00,7077806.05,178085.05
1.41,0.00,297.00,4131.00,1113.00,114.00,1017.00,724.00,7082103.99,177856.63
1.42,0.00,281.00,4141.00,1119.00,111.00,1012.00,732.00,7087529.98,177572.98
1.42,0.00,274.00,4137.00,1130.00,108.00,1011.00,736.00,7091882.57,177299.01
1.43,0.00,265.00,4141.00,1135.00,106.00,1005.00,744.00,7096457.09,176958.76
1.44,0.00,261.00,4136.00,1144.00,105.00,999.00,751.00,7099882.13,176557.99
1.44,0.00,255.00,4128.00,1158.00,103.00,994.00,758.00,7101807.07,176117.01
1.45,0.00,249.00,4125.00,1167.00,100.00,992.00,763.00,7103113.70,175684.38
1.46,0.00,247.00,4120.00,1174.00,99.00,986.00,770.00,7103555.41,175199.28
1.47,0.00,238.00,4123.00,1180.00,98.00,982.00,775.00,7104409.34,174696.33
1.47,0.00,234.00,4118.00,1189.00,96.00,977.00,782.00,7104437.75,174162.06
1.48,0.00,227.00,4119.00,1195.00,93.00,972.00,790.00,7104613.93,173599.19
1.49,0.00,221.00,4117.00,1203.00,90.00,968.00,797.00,7104474.30,173025.25
1.49,0.00,214.00,4115.00,1212.00,84.00,967.00,804.00,7104046.36,172486.26
1.50,0.00,207.00,4116.00,1218.00,80.00,967.00,808.00,7103805.93,171994.20
1.51,0.00,200.00,4119.00,1222.00,79.00,961.00,815.00,7104037.11,171454.85
1.51,0.00,192.00,4120.00,1229.00,77.00,956.00,822.00,7104398.41,170887.35
1.52,0.00,186.00,4121.00,1234.00,72.00,957.00,826.00,7104878.46,170384.29
1.53,0.00,182.00,4118.00,1241.00,68.00,951.00,836.00,7104866.02,169834.89
1.53,0.00,177.00,4119.00,1245.00,67.00,945.00,843.00,7105004.91,169243.19
1.54,0.00,173.00,4122.00,1246.00,64.00,939.00,852.00,7105582.38,168612.88
1.55,0.00,167.00,4119.00,1255.00,63.00,933.00,859.00,7105658.89,167947.32
1.56,0.00,167.00,4109.00,1265.00,62.00,926.00,867.00,7104226.42,167234.54
1.56,0.00,165.00,4104.00,1272.00,60.00,922.00,873.00,7102167.52,166523.74
1.57,0.00,161.00,4100.00,1280.00,60.00,914.00,881.00,7099686.98,165754.65
1.58,0.00,156.00,4098.00,1287.00,57.00,910.00,888.00,7097121.98,164992.44
1.58,0.00,151.00,4099.00,1291.00,57.00,904.00,894.00,7094930.56,164206.46
1.59,0.00,145.00,4091.00,1305.00,57.00,899.00,899.00,7091728.11,163413.80
1.60,0.00,137.00,4088.00,1316.00,54.00,894.00,907.00,7088353.83,162615.05
1.60,0.00,133.00,4085.00,1323.00,52.00,892.00,911.00,7084822.66,161855.80
1.61,0.00,130.00,4077.00,1334.00,49.00,886.00,920.00,7080397.13,161072.53
1.62,0.00,129.00,4072.00,1340.00,44.00,887.00,924.00,7075605.79,160372.48
1.62,0.00,121.00,4074.00,1346.00,42.00,881.00,932.00,7071532.12,159643.25
1.63,0.00,118.00,4065.00,1358.00,41.00,874.00,940.00,7066461.11,158872.36
1.64,0.00,115.00,4059.00,1367.00,40.00,867.00,948.00,7060930.27,158063.44
1.65,0.00,114.00,4054.00,1373.00,37.00,863.00,955.00,7055129.86,157264.86
1.65,0.00,114.00,4044.00,1383.00,37.00,856.00,962.00,7048332.22,156430.65
1.66,0.00,108.00,4043.00,1390.00,37.00,848.00,970.00,7041976.28,155548.90
1.67,0.00,104.00,4035.00,1402.00,37.00,845.00,973.00,7034971.92,154698.86
1.67,0.00,104.00,4024.00,1413.00,36.00,844.00,975.00,7026924.95,153907.81
1.68,0.00,101.00,4018.00,1422.00,35.00,838.00,982.00,7018677.26,153095.51
1.69,0.00,96.00,4018.00,1427.00,34.00,832.00,989.00,7011147.76,152263.80
1.69,0.00,95.00,4011.00,1435.00,31.00,825.00,999.00,7003222.29,151399.35
1.70,0.00,94.00,4001.00,1446.00,28.00,824.00,1003.00,6994484.61,150595.15
1.71,0.00,89.00,3998.00,1454.00,28.00,819.00,1008.00,6986057.09,149785.86
1.72,0.00,88.00,3989.00,1464.00,28.00,812.00,1015.00,6977011.32,148941.88
1.72,0.00,86.00,3984.00,1471.00,28.00,806.00,1021.00,6968002.07,148081.25
1.73,0.00,82.00,3980.00,1479.00,26.00,806.00,1023.00,6959176.37,147295.56
1.74,0.00,81.00,3977.00,1483.00,26.00,799.00,1030.00,6950668.52,146473.12
1.74,0.00,79.00,3966.00,1496.00,24.00,800.00,1031.00,6941248.92,145737.32
1.75,0.00,77.00,3957.00,1507.00,24.00,793.00,1038.00,6931297.48,144960.43
1.76,0.00,74.00,3950.00,1517.00,23.00,786.00,1046.00,6921160.94,144146.03
1.76,0.00,72.00,3948.00,1521.00,23.00,781.00,1051.00,6911606.59,143327.43
1.77,0.00,66.00,3946.00,1529.00,22.00,776.00,1057.00,6902583.75,142504.99
1.78,0.00,64.00,3937.00,1540.00,22.00,770.00,1063.00,6892994.50,141664.02
1.78,0.00,61.00,3933.00,1547.00,22.00,766.00,1067.00,6883639.31,140836.20
1.79,0.00,61.00,3921.00,1559.00,20.00,760.00,1075.00,6873295.95,139990.31
1.80,0.00,60.00,3916.00,1565.00,20.00,753.00,1082.00,6863102.12,139112.92
1.81,0.00,59.00,3910.00,1572.00,20.00,748.00,1087.00,6852894.51,138236.82
1.81,0.00,57.00,3897.00,1587.00,19.00,745.00,1091.00,6841622.76,137391.93
1.82,0.00,54.00,3892.00,1595.00,19.00,743.00,1093.00,6830581.35,136590.57
1.83,0.00,53.00,3887.00,1601.00,19.00,737.00,1099.00,6819750.22,135768.85
1.83,0.00,49.00,3888.00,1604.00,17.00,734.00,1104.00,6810012.46,134973.61
1.84,0.00,46.00,3882.00,1613.00,16.00,729.00,1110.00,6800221.23,134172.50
1.85,0.00,44.00,3877.00,1620.00,15.00,725.00,1115.00,6790531.41,133381.06
1.85,0.00,44.00,3866.00,1631.00,14.00,720.00,1121.00,6780032.83,132583.41
1.86,0.00,43.00,3861.00,1637.00,14.00,714.00,1127.00,6769697.25,131765.09
1.87,0.00,40.00,3862.00,1639.00,14.00,709.00,1132.00,6760411.89,130942.90
1.88,0.00,39.00,3848.00,1654.00,14.00,702.00,1139.00,6749831.82,130087.15
1.88,0.00,38.00,3841.00,1662.00,13.00,698.00,1144.00,6739121.40,129245.81
1.89,0.00,38.00,3833.00,1670.00,12.00,694.00,1149.00,6728141.76,128417.65
1.90,0.00,37.00,3824.00,1680.00,12.00,689.00,1154.00,6716766.10,127586.48
1.90,0.00,36.00,3817.00,1688.00,12.00,684.00,1159.00,6705329.36,126752.57
1.91,0.00,35.00,3812.00,1694.00,11.00,683.00,1161.00,6694137.34,125976.26
1.92,0.00,33.00,3806.00,1702.00,11.00,677.00,1167.00,6683018.50,125177.40
1.92,0.00,33.00,3795.00,1713.00,10.00,668.00,1177.00,6671215.29,124312.90
1.93,0.00,30.00,3789.00,1722.00,10.00,666.00,1179.00,6659538.46,123493.62
1.94,0.00,29.00,3784.00,1728.00,10.00,662.00,1183.00,6648127.26,122685.60
1.94,0.00,29.00,3777.00,1735.00,10.00,655.00,1190.00,6636658.08,121842.77
1.95,0.00,28.00,3774.00,1739.00,9.00,650.00,1196.00,6625736.90,120998.21
1.96,0.00,28.00,3761.00,1752.00,9.00,643.00,1203.00,6613813.68,120122.04
1.97,0.00,28.00,3757.00,1756.00,8.00,638.00,1209.00,6602327.77,119247.04
1.97,0.00,28.00,3749.00,1764.00,8.00,633.00,1214.00,6590640.16,118373.12
1.98,0.00,27.00,3748.00,1766.00,8.00,629.00,1218.00,6579820.02,117515.20
1.99,0.00,26.00,3739.00,1776.00,8.00,621.00,1226.00,6568590.00,116611.81
1.99,0.00,26.00,3733.00,1782.00,8.00,614.00,1233.00,6557436.43,115681.91
2.00,0.00,26.00,3728.00,1787.00,8.00,610.00,1237.00,6546502.92,114772.89
2.01,0.00,26.00,3716.00,1799.00,8.00,606.00,1241.00,6534718.69,113882.94
2.01,0.00,25.00,3710.00,1806.00,7.00,602.00,1246.00,6523059.19,113010.39
2.02,0.00,23.00,3704.00,1814.00,7.00,599.00,1249.00,6511513.57,112168.74
2.03,0.00,22.00,3703.00,1816.00,7.00,593.00,1255.00,6500823.07,111310.24
2.03,0.00,22.00,3695.00,1824.00,7.00,587.00,1261.00,6489861.60,110436.36
2.04,0.00,21.00,3690.00,1830.00,7.00,582.00,1266.00,6479103.45,109563.46
2.05,0.00,21.00,3688.00,1832.00,7.00,578.00,1270.00,6468981.64,108706.48
2.06,0.00,20.00,3679.00,1842.00,6.00,574.00,1275.00,6458389.10,107864.02
2.06,0.00,20.00,3668.00,1853.00,6.00,569.00,1280.00,6447066.38,107019.81
2.07,0.00,20.00,3662.00,1859.00,6.00,564.00,1285.00,6435828.20,106173.99
2.08,0.00,20.00,3656.00,1865.00,6.00,555.00,1294.00,6424667.21,105266.61
2.08,0.00,19.00,3649.00,1873.00,6.00,549.00,1300.00,6413426.47,104348.11
2.09,0.00,18.00,3638.00,1885.00,6.00,542.00,1307.00,6401511.97,103404.42
2.10,0.00,18.00,3629.00,1894.00,5.00,539.00,1311.00,6389282.88,102497.84
2.10,0.00,18.00,3624.00,1899.00,5.00,532.00,1318.00,6377367.47,101565.04
2.11,0.00,17.00,3618.00,1906.00,4.00,529.00,1322.00,6365588.24,100668.39
2.12,0.00,16.00,3613.00,1912.00,4.00,522.00,1329.00,6354083.53,99744.66
2.12,0.00,15.00,3608.00,1918.00,4.00,519.00,1332.00,6342829.46,98856.29
2.13,0.00,15.00,3595.00,1931.00,4.00,515.00,1336.00,6330602.34,97985.18
2.14,0.00,14.00,3588.00,1939.00,4.00,506.00,1345.00,6318388.27,97054.72
2.15,0.00,14.00,3577.00,1950.00,4.00,502.00,1349.00,6305585.23,96145.19
2.15,0.00,13.00,3570.00,1958.00,4.00,495.00,1356.00,6292845.41,95209.70
2.16,0.00,12.00,3564.00,1965.00,4.00,488.00,1363.00,6280313.54,94250.50
2.17,0.00,12.00,3560.00,1969.00,4.00,487.00,1364.00,6268271.96,93359.80
2.17,0.00,11.00,3557.00,1973.00,3.00,477.00,1375.00,6256828.22,92396.43
2.18,0.00,10.00,3548.00,1983.00,3.00,473.00,1379.00,6245028.88,91456.85
2.19,0.00,10.00,3542.00,1989.00,3.00,472.00,1380.00,6233355.60,90584.07
2.19,0.00,9.00,3533.00,1999.00,3.00,467.00,1385.00,6221346.69,89712.16
2.20,0.00,9.00,3527.00,2005.00,3.00,462.00,1390.00,6209482.09,88841.07
2.21,0.00,9.00,3517.00,2015.00,3.00,454.00,1398.00,6197148.30,87925.64
2.22,0.00,9.00,3513.00,2019.00,3.00,452.00,1400.00,6185287.55,87059.87
2.22,0.00,9.00,3507.00,2025.00,3.00,445.00,1407.00,6173558.21,86164.34
2.23,0.00,9.00,3496.00,2036.00,3.00,443.00,1409.00,6161197.67,85316.73
2.24,0.00,9.00,3486.00,2046.00,3.00,438.00,1414.00,6148411.14,84467.82
2.24,0.00,9.00,3477.00,2055.00,3.00,436.00,1416.00,6135385.91,83662.78
2.25,0.00,9.00,3469.00,2063.00,3.00,432.00,1420.00,6122293.03,82867.74
2.26,0.00,8.00,3464.00,2069.00,2.00,432.00,1421.00,6109589.06,82141.94
2.26,0.00,8.00,3456.00,2077.00,1.00,426.00,1428.00,6096789.47,81389.20
2.27,0.00,8.00,3446.00,2087.00,1.00,418.00,1436.00,6083602.08,80581.81
2.28,0.00,8.00,3440.00,2093.00,1.00,415.00,1439.00,6070661.62,79799.67
2.28,0.00,8.00,3434.00,2099.00,1.00,412.00,1442.00,6057946.59,79040.55
2.29,0.00,8.00,3429.00,2104.00,1.00,408.00,1446.00,6045587.57,78287.45
2.30,0.00,8.00,3420.00,2113.00,1.00,405.00,1449.00,6032952.63,77554.85
2.31,0.00,8.00,3415.00,2118.00,1.00,400.00,1454.00,6020666.76,76810.94
2.31,0.00,8.00,3409.00,2124.00,1.00,396.00,1458.00,6008549.29,76071.70
2.32,0.00,8.00,3402.00,2131.00,1.00,396.00,1458.00,5996435.36,75396.84
2.33,0.00,8.00,3399.00,2134.00,1.00,395.00,1459.00,5984925.54,74765.71
2.33,0.00,8.00,3396.00,2137.00,1.00,389.00,1465.00,5973967.27,74099.41
2.34,0.00,7.00,3394.00,2140.00,1.00,386.00,1468.00,5963662.76,73446.05
2.35,0.00,7.00,3388.00,2146.00,1.00,383.00,1471.00,5953354.12,72804.52
2.35,0.00,6.00,3385.00,2150.00,1.00,382.00,1472.00,5943492.43,72203.82
2.36,0.00,6.00,3383.00,2152.00,0.00,377.00,1478.00,5934189.00,71580.32
2.37,0.00,6.00,3375.00,2160.00,0.00,371.00,1484.00,5924493.82,70920.96
2.38,0.00,5.00,3373.00,2163.00,0.00,365.00,1490.00,5915342.39,70228.89
2.38,0.00,5.00,3365.00,2171.00,0.00,360.00,1495.00,5905785.99,69521.96
2.39,0.00,5.00,3356.00,2180.00,0.00,354.00,1501.00,5895709.64,68786.45
2.40,0.00,5.00,3345.00,2191.00,0.00,349.00,1506.00,5884858.16,68039.87
2.40,0.00,5.00,3337.00,2199.00,0.00,345.00,1510.00,5873749.73,67298.20
2.41,0.00,5.00,3327.00,2209.00,0.00,340.00,1515.00,5862106.27,66546.01
2.42,0.00,5.00,3318.00,2218.00,0.00,335.00,1520.00,5850124.59,65784.19
2.42,0.00,5.00,3309.00,2227.00,0.00,334.00,1521.00,5837834.16,65073.69
2.43,0.00,5.00,3298.00,2238.00,0.00,331.00,1524.00,5824961.37,64379.98
2.44,0.00,5.00,3293.00,2243.00,0.00,322.00,1533.00,5812458.34,63611.47
2.44,0.00,5.00,3283.00,2253.00,0.00,317.00,1538.00,5799541.72,62834.77
2.45,0.00,5.00,3276.00,2260.00,0.00,313.00,1542.00,5786698.21,62065.60
2.46,0.00,5.00,3265.00,2271.00,0.00,308.00,1547.00,5773320.51,61288.30
2.47,0.00,5.00,3257.00,2279.00,0.00,303.00,1552.00,5759905.85,60503.56
2.47,0.00,5.00,3247.00,2289.00,0.00,302.00,1553.00,5746156.97,59772.14
2.48,0.00,5.00,3243.00,2293.00,0.00,297.00,1558.00,5733004.35,59029.28
2.49,0.00,5.00,3235.00,2301.00,0.00,293.00,1562.00,5719795.17,58291.02
2.49,0.00,5.00,3227.00,2309.00,0.00,291.00,1564.00,5706534.33,57587.00
2.50,0.00,5.00,3221.00,2315.00,0.00,289.00,1566.00,5693526.82,56914.24
2.51,0.00,5.00,3217.00,2319.00,0.00,289.00,1566.00,5681051.03,56300.05
2.51,0.00,5.00,3209.00,2327.00,0.00,287.00,1568.00,5668459.73,55709.30
2.52,0.00,5.00,3202.00,2334.00,0.00,282.00,1573.00,5655913.22,55094.88
2.53,0.00,5.00,3197.00,2339.00,0.00,278.00,1577.00,5643708.04,54473.87
2.53,0.00,5.00,3192.00,2344.00,0.00,275.00,1580.00,5631814.50,53861.86
2.54,0.00,5.00,3180.00,2356.00,0.00,272.00,1583.00,5619153.81,53258.07
2.55,0.00,5.00,3174.00,2362.00,0.00,269.00,1586.00,5606694.18,52661.79
2.56,0.00,5.00,3169.00,2367.00,0.00,266.00,1589.00,5594568.35,52072.36
2.56,0.00,5.00,3163.00,2373.00,0.00,261.00,1594.00,5582596.97,51459.14
2.57,0.00,5.00,3157.00,2379.00,0.00,255.00,1600.00,5570766.64,50809.18
2.58,0.00,5.00,3151.00,2385.00,0.00,252.00,1603.00,5559065.07,50170.74
2.58,0.00,5.00,3146.00,2390.00,0.00,248.00,1607.00,5547631.27,49527.81
2.59,0.00,5.00,3137.00,2399.00,0.00,243.00,1612.00,5535840.99,48865.74
2.60,0.00,4.00,3134.00,2403.00,0.00,239.00,1616.00,5524626.66,48201.23
2.60,0.00,4.00,3122.00,2415.00,0.00,239.00,1616.00,5512586.07,47594.59
2.61,0.00,4.00,3116.00,2421.00,0.00,238.00,1617.00,5500692.53,47025.74
2.62,0.00,4.00,3108.00,2429.00,0.00,234.00,1621.00,5488632.78,46446.34
2.62,0.00,4.00,3103.00,2434.00,0.00,231.00,1624.00,5476872.00,45872.32
2.63,0.00,4.00,3096.00,2441.00,0.00,228.00,1627.00,5465083.67,45303.21
2.64,0.00,4.00,3090.00,2447.00,0.00,226.00,1629.00,5453420.46,44753.61
2.65,0.00,4.00,3086.00,2451.00,0.00,223.00,1632.00,5442171.90,44206.80
2.65,0.00,4.00,3077.00,2460.00,0.00,219.00,1636.00,5430550.74,43647.51
2.66,0.00,3.00,3070.00,2468.00,0.00,215.00,1640.00,5418889.88,43076.83
2.67,0.00,3.00,3060.00,2478.00,0.00,214.00,1641.00,5406742.09,42540.82
2.67,0.00,3.00,3051.00,2487.00,0.00,210.00,1645.00,5394300.00,41991.39
2.68,0.00,3.00,3043.00,2495.00,0.00,205.00,1650.00,5381739.46,41414.69
2.69,0.00,3.00,3040.00,2498.00,0.00,204.00,1651.00,5369821.96,40873.18
2.69,0.00,3.00,3034.00,2504.00,0.00,197.00,1658.00,5358040.80,40273.66
2.70,0.00,3.00,3030.00,2508.00,0.00,193.00,1662.00,5346684.57,39666.25
2.71,0.00,3.00,3021.00,2517.00,0.00,189.00,1666.00,5334965.12,39051.64
2.72,0.00,3.00,3013.00,2525.00,0.00,187.00,1668.00,5323064.31,38460.50
2.72,0.00,3.00,3007.00,2531.00,0.00,179.00,1676.00,5311298.38,37800.66
2.73,0.00,3.00,3002.00,2536.00,0.00,174.00,1681.00,5299805.82,37123.15
2.74,0.00,3.00,2992.00,2546.00,0.00,172.00,1683.00,5287811.67,36474.59
2.74,0.00,3.00,2986.00,2552.00,0.00,171.00,1684.00,5275960.56,35867.48
2.75,0.00,3.00,2982.00,2556.00,0.00,165.00,1690.00,5264540.45,35223.10
2.76,0.00,3.00,2971.00,2567.00,0.00,162.00,1693.00,5252462.23,34589.76
2.76,0.00,1.00,2964.00,2576.00,0.00,159.00,1696.00,5240384.10,33966.49
2.77,0.00,1.00,2957.00,2583.00,0.00,157.00,1698.00,5228306.08,33367.46
2.78,0.00,1.00,2950.00,2590.00,0.00,154.00,1701.00,5216228.14,32775.51
2.78,0.00,1.00,2944.00,2596.00,0.00,154.00,1701.00,5204300.51,32235.11
2.79,0.00,1.00,2939.00,2601.00,0.00,152.00,1703.00,5192660.35,31711.72
2.80,0.00,1.00,2937.00,2603.00,0.00,148.00,1707.00,5181733.29,31173.81
2.81,0.00,1.00,2926.00,2614.00,0.00,147.00,1708.00,5170105.19,30667.72
2.81,0.00,1.00,2919.00,2621.00,0.00,141.00,1714.00,5158437.98,30115.56
2.82,0.00,1.00,2914.00,2626.00,0.00,139.00,1716.00,5147035.56,29581.43
2.83,0.00,1.00,2907.00,2633.00,0.00,136.00,1719.00,5135574.41,29048.74
2.83,0.00,1.00,2900.00,2640.00,0.00,133.00,1722.00,5124059.62,28517.36
2.84,0.00,1.00,2892.00,2648.00,0.00,129.00,1726.00,5112345.65,27972.17
2.85,0.00,1.00,2887.00,2653.00,0.00,128.00,1727.00,5100900.52,27459.42
2.85,0.00,1.00,2876.00,2664.00,0.00,125.00,1730.00,5088799.45,26946.26
2.86,0.00,1.00,2870.00,2670.00,0.00,124.00,1731.00,5076850.70,26462.75
2.87,0.00,1.00,2860.00,2680.00,0.00,121.00,1734.00,5064440.09,25976.28
2.88,0.00,1.00,2856.00,2684.00,0.00,121.00,1734.00,5052509.22,25532.16
2.88,0.00,1.00,2848.00,2692.00,0.00,117.00,1738.00,5040415.39,25066.63
2.89,0.00,1.00,2835.00,2705.00,0.00,116.00,1739.00,5027421.64,24626.61
2.90,0.00,0.00,2822.00,2719.00,0.00,115.00,1740.00,5013606.34,24209.88
2.90,0.00,0.00,2816.00,2725.00,0.00,113.00,1742.00,5000092.62,23799.39
2.91,0.00,0.00,2812.00,2729.00,0.00,112.00,1743.00,4987154.69,23409.63
2.92,0.00,0.00,2807.00,2734.00,0.00,111.00,1744.00,4974592.20,23038.78
2.92,0.00,0.00,2799.00,2742.00,0.00,109.00,1746.00,4961921.75,22670.17
2.93,0.00,0.00,2792.00,2749.00,0.00,107.00,1748.00,4949302.97,22303.62
2.94,0.00,0.00,2783.00,2758.00,0.00,106.00,1749.00,4936430.91,21953.96
2.94,0.00,0.00,2772.00,2769.00,0.00,103.00,1752.00,4923027.16,21589.68
2.95,0.00,0.00,2769.00,2772.00,0.00,102.00,1753.00,4910339.83,21242.09
2.96,0.00,0.00,2762.00,2779.00,0.00,100.00,1755.00,4897705.68,20894.73
2.97,0.00,0.00,2754.00,2787.00,0.00,96.00,1759.00,4884969.80,20517.52
2.97,0.00,0.00,2747.00,2794.00,0.00,94.00,1761.00,4872291.28,20143.11
2.98,0.00,0.00,2741.00,2800.00,0.00,91.00,1764.00,4859815.39,19756.23
2.99,0.00,0.00,2734.00,2807.00,0.00,90.00,1765.00,4847374.21,19388.02
2.99,0.00,0.00,2723.00,2818.00,0.00,86.00,1769.00,4834363.83,18991.77
3.00,0.00,0.00,2714.00,2827.00,0.00,85.00,1770.00,4821134.26,18615.01
3.01,0.00,0.00,2710.00,2831.00,0.00,81.00,1774.00,4808455.74,18210.96
3.01,0.00,0.00,2699.00,2842.00,0.00,79.00,1776.00,4795228.66,17812.05
3.02,0.00,0.00,2690.00,2851.00,0.00,77.00,1778.00,4781801.27,17417.83
3.03,0.00,0.00,2682.00,2859.00,0.00,76.00,1779.00,4768341.24,17042.91
3.03,0.00,0.00,2675.00,2866.00,0.00,76.00,1779.00,4755001.63,16700.64
3.04,0.00,0.00,2668.00,2873.00,0.00,74.00,1781.00,4741771.98,16358.12
3.05,0.00,0.00,2658.00,2883.00,0.00,74.00,1781.00,4728191.97,16045.43
3.06,0.00,0.00,2650.00,2891.00,0.00,74.00,1781.00,4714592.63,15759.97
3.06,0.00,0.00,2644.00,2897.00,0.00,73.00,1782.00,4701276.07,15484.34
3.07,0.00,0.00,2636.00,2905.00,0.00,72.00,1783.00,4687917.22,15217.69
3.08,0.00,0.00,2623.00,2918.00,0.00,71.00,1784.00,4673768.59,14959.24
3.08,0.00,0.00,2617.00,2924.00,0.00,68.00,1787.00,4659950.59,14678.22
3.09,0.00,0.00,2611.00,2930.00,0.00,66.00,1789.00,4646434.41,14391.63
3.10,0.00,0.00,2606.00,2935.00,0.00,63.00,1792.00,4633344.02,14084.92
3.10,0.00,0.00,2602.00,2939.00,0.00,62.00,1793.00,4620792.56,13789.89
3.11,0.00,0.00,2594.00,2947.00,0.00,60.00,1795.00,4608132.18,13490.51
3.12,0.00,0.00,2590.00,2951.00,0.00,58.00,1797.00,4595973.29,13187.15
3.12,0.00,0.00,2586.00,2955.00,0.00,57.00,1798.00,4584272.22,12895.18
3.13,0.00,0.00,2579.00,2962.00,0.00,57.00,1798.00,4572538.41,12628.64
3.14,0.00,0.00,2574.00,2967.00,0.00,57.00,1798.00,4561075.19,12385.31
3.15,0.00,0.00,2568.00,2973.00,0.00,57.00,1798.00,4549708.75,12163.16
3.15,0.00,0.00,2561.00,2980.00,0.00,57.00,1798.00,4538280.44,11960.36
3.16,0.00,0.00,2548.00,2993.00,0.00,57.00,1798.00,4525894.25,11775.22
3.17,0.00,0.00,2537.00,3004.00,0.00,56.00,1799.00,4512934.05,11591.17
3.17,0.00,0.00,2529.00,3012.00,0.00,53.00,1802.00,4499900.54,11378.08
3.18,0.00,0.00,2521.00,3020.00,0.00,53.00,1802.00,4486800.08,11183.55
3.19,0.00,0.00,2514.00,3027.00,0.00,52.00,1803.00,4473788.72,10990.94
3.19,0.00,0.00,2511.00,3030.00,0.00,50.00,1805.00,4461459.66,10785.04
3.20,0.00,0.00,2504.00,3037.00,0.00,50.00,1805.00,4449152.55,10597.08
3.21,0.00,0.00,2500.00,3041.00,0.00,50.00,1805.00,4437316.16,10425.49
3.22,0.00,0.00,2493.00,3048.00,0.00,50.00,1805.00,4425458.82,10268.83
3.22,0.00,0.00,2486.00,3055.00,0.00,50.00,1805.00,4413582.36,10125.82
3.23,0.00,0.00,2474.00,3067.00,0.00,49.00,1806.00,4400937.26,9980.24
3.24,0.00,0.00,2467.00,3074.00,0.00,47.00,1808.00,4388341.65,9817.28
3.24,0.00,0.00,2461.00,3080.00,0.00,46.00,1809.00,4375941.42,9653.50
3.25,0.00,0.00,2455.00,3086.00,0.00,45.00,1810.00,4363719.56,9488.95
3.26,0.00,0.00,2445.00,3096.00,0.00,44.00,1811.00,4351059.62,9323.71
3.26,0.00,0.00,2440.00,3101.00,0.00,43.00,1812.00,4338750.90,9157.83
3.27,0.00,0.00,2433.00,3108.00,0.00,42.00,1813.00,4326462.36,8991.37
3.28,0.00,0.00,2421.00,3120.00,0.00,42.00,1813.00,4313441.07,8839.41
3.28,0.00,0.00,2418.00,3123.00,0.00,42.00,1813.00,4301102.94,8700.68
3.29,0.00,0.00,2409.00,3132.00,0.00,40.00,1815.00,4288487.09,8543.99
3.30,0.00,0.00,2406.00,3135.00,0.00,40.00,1815.00,4276519.08,8400.93
3.31,0.00,0.00,2398.00,3143.00,0.00,39.00,1816.00,4264391.34,8255.32
3.31,0.00,0.00,2396.00,3145.00,0.00,38.00,1817.00,4253019.19,8107.35
3.32,0.00,0.00,2385.00,3156.00,0.00,37.00,1818.00,4240984.72,7957.25
3.33,0.00,0.00,2379.00,3162.00,0.00,36.00,1819.00,4229096.79,7805.20
3.33,0.00,0.00,2375.00,3166.00,0.00,35.00,1820.00,4217643.08,7651.36
3.34,0.00,0.00,2368.00,3173.00,0.00,34.00,1821.00,4206135.10,7495.90
3.35,0.00,0.00,2363.00,3178.00,0.00,33.00,1822.00,4194878.03,7338.95
3.35,0.00,0.00,2357.00,3184.00,0.00,33.00,1822.00,4183699.80,7195.67
3.36,0.00,0.00,2354.00,3187.00,0.00,33.00,1822.00,4173044.22,7064.86
3.37,0.00,0.00,2344.00,3197.00,0.00,33.00,1822.00,4161814.17,6945.44
3.38,0.00,0.00,2335.00,3206.00,0.00,31.00,1824.00,4150209.93,6806.38
3.38,0.00,0.00,2328.00,3213.00,0.00,30.00,1825.00,4138564.50,6664.40
3.39,0.00,0.00,2321.00,3220.00,0.00,30.00,1825.00,4126881.50,6534.78
3.40,0.00,0.00,2314.00,3227.00,0.00,29.00,1826.00,4115164.18,6401.43
3.40,0.00,0.00,2305.00,3236.00,0.00,29.00,1826.00,4103115.09,6279.69
3.41,0.00,0.00,2298.00,3243.00,0.00,29.00,1826.00,4091063.56,6168.55
3.42,0.00,0.00,2295.00,3246.00,0.00,28.00,1827.00,4079610.73,6052.06
3.42,0.00,0.00,2290.00,3251.00,0.00,27.00,1828.00,4068404.02,5930.70
3.43,0.00,0.00,2282.00,3259.00,0.00,25.00,1830.00,4056971.30,5789.86
3.44,0.00,0.00,2274.00,3267.00,0.00,22.00,1833.00,4045332.24,5616.21
3.44,0.00,0.00,2271.00,3270.00,0.00,22.00,1833.00,4034255.96,5457.68
3.45,0.00,0.00,2264.00,3277.00,0.00,22.00,1833.00,4023092.55,5312.95
3.46,0.00,0.00,2261.00,3280.00,0.00,22.00,1833.00,4012450.51,5180.83
3.47,0.00,0.00,2253.00,3288.00,0.00,22.00,1833.00,4001533.28,5060.21
3.47,0.00,0.00,2247.00,3294.00,0.00,22.00,1833.00,3990665.30,4950.10
3.48,0.00,0.00,2238.00,3303.00,0.00,20.00,1835.00,3979391.58,4819.53
3.49,0.00,0.00,2232.00,3309.00,0.00,20.00,1835.00,3968198.13,4700.32
3.49,0.00,0.00,2225.00,3316.00,0.00,18.00,1837.00,3956927.76,4561.45
3.50,0.00,0.00,2221.00,3320.00,0.00,17.00,1838.00,3946037.84,4419.65
3.51,0.00,0.00,2209.00,3332.00,0.00,17.00,1838.00,3934293.39,4290.20
3.51,0.00,0.00,2203.00,3338.00,0.00,17.00,1838.00,3922670.21,4172.02
3.52,0.00,0.00,2193.00,3348.00,0.00,16.00,1839.00,3910556.83,4049.11
3.53,0.00,0.00,2188.00,3353.00,0.00,15.00,1840.00,3898747.06,3921.87
3.53,0.00,0.00,2179.00,3362.00,0.00,15.00,1840.00,3886613.57,3805.72
3.54,0.00,0.00,2174.00,3367.00,0.00,14.00,1841.00,3874785.46,3684.66
3.55,0.00,0.00,2168.00,3373.00,0.00,14.00,1841.00,3863085.91,3574.13
3.56,0.00,0.00,2166.00,3375.00,0.00,14.00,1841.00,3852104.64,3473.24
3.56,0.00,0.00,2162.00,3379.00,0.00,14.00,1841.00,3841478.65,3381.13
3.57,0.00,0.00,2155.00,3386.00,0.00,14.00,1841.00,3830726.32,3297.03
3.58,0.00,0.00,2139.00,3402.00,0.00,13.00,1842.00,3818506.56,3205.24
3.58,0.00,0.00,2129.00,3412.00,0.00,13.00,1842.00,3805848.52,3121.44
3.59,0.00,0.00,2122.00,3419.00,0.00,12.00,1843.00,3793241.09,3029.92
3.60,0.00,0.00,2120.00,3421.00,0.00,11.00,1844.00,3781430.99,2931.34
3.60,0.00,0.00,2109.00,3432.00,0.00,11.00,1844.00,3768996.73,2841.34
3.61,0.00,0.00,2099.00,3442.00,0.00,10.00,1845.00,3756142.88,2744.16
3.62,0.00,0.00,2093.00,3448.00,0.00,10.00,1845.00,3743506.90,2655.44
3.62,0.00,0.00,2089.00,3452.00,0.00,9.00,1846.00,3731370.29,2559.42
3.63,0.00,0.00,2083.00,3458.00,0.00,8.00,1847.00,3719389.10,2456.75
3.64,0.00,0.00,2075.00,3466.00,0.00,8.00,1847.00,3707249.33,2363.01
3.65,0.00,0.00,2069.00,3472.00,0.00,8.00,1847.00,3695265.27,2277.43
3.65,0.00,0.00,2063.00,3478.00,0.00,8.00,1847.00,3683423.33,2199.31
3.66,0.00,0.00,2054.00,3487.00,0.00,8.00,1847.00,3671260.47,2127.98
3.67,0.00,0.00,2044.00,3497.00,0.00,8.00,1847.00,3658654.39,2062.87
3.67,0.00,0.00,2039.00,3502.00,0.00,8.00,1847.00,3646394.84,2003.43
3.68,0.00,0.00,2030.00,3511.00,0.00,8.00,1847.00,3633850.71,1949.16
3.69,0.00,0.00,2025.00,3516.00,0.00,8.00,1847.00,3621647.73,1899.62
3.69,0.00,0.00,2014.00,3527.00,0.00,8.00,1847.00,3608854.78,1854.40
3.70,0.00,0.00,2009.00,3532.00,0.00,8.00,1847.00,3596424.64,1813.11
3.71,0.00,0.00,1996.00,3545.00,0.00,8.00,1847.00,3583123.87,1775.42
3.72,0.00,0.00,1986.00,3555.00,0.00,8.00,1847.00,3569478.95,1741.00
3.72,0.00,0.00,1983.00,3558.00,0.00,8.00,1847.00,3556571.49,1709.59
3.73,0.00,0.00,1975.00,3566.00,0.00,8.00,1847.00,3543586.10,1680.91
3.74,0.00,0.00,1968.00,3573.00,0.00,8.00,1847.00,3530679.82,1654.73
3.74,0.00,0.00,1961.00,3580.00,0.00,8.00,1847.00,3517845.74,1630.83
3.75,0.00,0.00,1954.00,3587.00,0.00,8.00,1847.00,3505077.58,1609.01
3.76,0.00,0.00,1950.00,3591.00,0.00,7.00,1848.00,3492820.31,1574.06
3.76,0.00,0.00,1942.00,3599.00,0.00,6.00,1849.00,3480428.50,1527.14
3.77,0.00,0.00,1938.00,3603.00,0.00,6.00,1849.00,3468514.79,1484.30
3.78,0.00,0.00,1934.00,3607.00,0.00,6.00,1849.00,3457037.55,1445.19
3.78,0.00,0.00,1930.00,3611.00,0.00,6.00,1849.00,3445958.79,1409.49
3.79,0.00,0.00,1927.00,3614.00,0.00,6.00,1849.00,3435394.02,1376.89
3.80,0.00,0.00,1919.00,3622.00,0.00,6.00,1849.00,3424547.34,1347.14
3.81,0.00,0.00,1910.00,3631.00,0.00,6.00,1849.00,3413293.07,1319.97
3.81,0.00,0.00,1905.00,3636.00,0.00,6.00,1849.00,3402267.62,1295.17
3.82,0.00,0.00,1903.00,3638.00,0.00,6.00,1849.00,3391901.75,1272.53
3.83,0.00,0.00,1895.00,3646.00,0.00,5.00,1850.00,3381236.66,1236.84
3.83,0.00,0.00,1892.00,3649.00,0.00,5.00,1850.00,3371049.54,1204.26
3.84,0.00,0.00,1884.00,3657.00,0.00,5.00,1850.00,3360547.63,1174.51
3.85,0.00,0.00,1878.00,3663.00,0.00,4.00,1851.00,3350058.80,1132.33
3.85,0.00,0.00,1870.00,3671.00,0.00,4.00,1851.00,3339281.44,1093.83
3.86,0.00,0.00,1863.00,3678.00,0.00,4.00,1851.00,3328390.92,1058.67
3.87,0.00,0.00,1859.00,3682.00,0.00,4.00,1851.00,3317847.77,1026.58
3.88,0.00,0.00,1852.00,3689.00,0.00,4.00,1851.00,3307171.06,997.28
3.88,0.00,0.00,1848.00,3693.00,0.00,4.00,1851.00,3296823.11,970.54
3.89,0.00,0.00,1844.00,3697.00,0.00,4.00,1851.00,3286775.29,946.12
3.90,0.00,0.00,1839.00,3702.00,0.00,4.00,1851.00,3276851.24,923.83
3.90,0.00,0.00,1836.00,3705.00,0.00,4.00,1851.00,3267340.64,903.48
3.91,0.00,0.00,1830.00,3711.00,0.00,4.00,1851.00,3257756.80,884.90
3.92,0.00,0.00,1821.00,3720.00,0.00,3.00,1852.00,3247655.40,852.91
3.92,0.00,0.00,1818.00,3723.00,0.00,3.00,1852.00,3237982.90,823.71
3.93,0.00,0.00,1810.00,3731.00,0.00,2.00,1853.00,3227950.79,782.03
3.94,0.00,0.00,1804.00,3737.00,0.00,2.00,1853.00,3217890.85,743.98
3.94,0.00,0.00,1800.00,3741.00,0.00,2.00,1853.00,3208105.96,709.25
3.95,0.00,0.00,1792.00,3749.00,0.00,2.00,1853.00,3197971.25,677.53
3.96,0.00,0.00,1787.00,3754.00,0.00,2.00,1853.00,3187967.87,648.58
3.97,0.00,0.00,1784.00,3757.00,0.00,2.00,1853.00,3178384.86,622.15
3.97,0.00,0.00,1771.00,3770.00,0.00,2.00,1853.00,3167683.29,598.03
3.98,0.00,0.00,1761.00,3780.00,0.00,2.00,1853.00,3156411.25,576.00
3.99,0.00,0.00,1752.00,3789.00,0.00,2.00,1853.00,3144768.66,555.89
3.99,0.00,0.00,1746.00,3795.00,0.00,2.00,1853.00,3133238.47,537.53
4.00,0.00,0.00,1740.00,3801.00,0.00,2.00,1853.00,3121810.90,520.77
4.01,0.00,0.00,1731.00,3810.00,0.00,1.00,1854.00,3110026.32,490.45
4.01,0.00,0.00,1726.00,3815.00,0.00,1.00,1854.00,3098516.72,462.76
4.02,0.00,0.00,1723.00,3818.00,0.00,0.00,1855.00,3087558.65,422.47
4.03,0.00,0.00,1718.00,3823.00,0.00,0.00,1855.00,3076803.61,385.68
4.03,0.00,0.00,1710.00,3831.00,0.00,0.00,1855.00,3065783.22,352.10
4.04,0.00,0.00,1698.00,3843.00,0.00,0.00,1855.00,3053919.67,321.44
4.05,0.00,0.00,1692.00,3849.00,0.00,0.00,1855.00,3042187.77,293.45
4.06,0.00,0.00,1688.00,3853.00,0.00,0.00,1855.00,3030876.50,267.90
4.06,0.00,0.00,1682.00,3859.00,0.00,0.00,1855.00,3019648.79,244.57
4.07,0.00,0.00,1671.00,3870.00,0.00,0.00,1855.00,3007746.20,223.27
4.08,0.00,0.00,1663.00,3878.00,0.00,0.00,1855.00,2995678.19,203.83
4.08,0.00,0.00,1657.00,3884.00,0.00,0.00,1855.00,2983759.63,186.08
4.09,0.00,0.00,1651.00,3890.00,0.00,0.00,1855.00,2971977.50,169.88
4.10,0.00,0.00,1646.00,3895.00,0.00,0.00,1855.00,2960470.15,155.09
4.10,0.00,0.00,1639.00,3902.00,0.00,0.00,1855.00,2948913.20,141.58
4.11,0.00,0.00,1629.00,3912.00,0.00,0.00,1855.00,2936860.27,129.25
4.12,0.00,0.00,1623.00,3918.00,0.00,0.00,1855.00,2924955.47,118.00
4.12,0.00,0.00,1618.00,3923.00,0.00,0.00,1855.00,2913336.14,107.72
4.13,0.00,0.00,1612.00,3929.00,0.00,0.00,1855.00,2901827.18,98.34
4.14,0.00,0.00,1604.00,3937.00,0.00,0.00,1855.00,2890118.53,89.78
4.15,0.00,0.00,1599.00,3942.00,0.00,0.00,1855.00,2878678.27,81.96
4.15,0.00,0.00,1590.00,3951.00,0.00,0.00,1855.00,2866882.10,74.83
4.16,0.00,0.00,1581.00,3960.00,0.00,0.00,1855.00,2854761.01,68.31
4.17,0.00,0.00,1574.00,3967.00,0.00,0.00,1855.00,2842643.75,62.36
4.17,0.00,0.00,1569.00,3972.00,0.00,0.00,1855.00,2830830.47,56.93
4.18,0.00,0.00,1561.00,3980.00,0.00,0.00,1855.00,2818843.99,51.97
4.19,0.00,0.00,1556.00,3985.00,0.00,0.00,1855.00,2807150.09,47.45
4.19,0.00,0.00,1545.00,3996.00,0.00,0.00,1855.00,2794821.89,43.32
4.20,0.00,0.00,1541.00,4000.00,0.00,0.00,1855.00,2782966.27,39.55
4.21,0.00,0.00,1533.00,4008.00,0.00,0.00,1855.00,2770941.14,36.10
4.22,0.00,0.00,1530.00,4011.00,0.00,0.00,1855.00,2759512.41,32.96
4.22,0.00,0.00,1526.00,4015.00,0.00,0.00,1855.00,2748477.93,30.09
4.23,0.00,0.00,1521.00,4020.00,0.00,0.00,1855.00,2737653.12,27.47
4.24,0.00,0.00,1517.00,4024.00,0.00,0.00,1855.00,2727169.98,25.08
4.24,0.00,0.00,1513.00,4028.00,0.00,0.00,1855.00,2716998.74,22.89
4.25,0.00,0.00,1507.00,4034.00,0.00,0.00,1855.00,2706811.79,20.90
4.26,0.00,0.00,1502.00,4039.00,0.00,0.00,1855.00,2696760.71,19.08
4.26,0.00,0.00,1495.00,4046.00,0.00,0.00,1855.00,2686533.23,17.42
4.27,0.00,0.00,1490.00,4051.00,0.00,0.00,1855.00,2676445.15,15.90
4.28,0.00,0.00,1479.00,4062.00,0.00,0.00,1855.00,2665582.97,14.52
4.28,0.00,0.00,1473.00,4068.00,0.00,0.00,1855.00,2654765.23,13.25
4.29,0.00,0.00,1461.00,4080.00,0.00,0.00,1855.00,2643086.68,12.10
4.30,0.00,0.00,1458.00,4083.00,0.00,0.00,1855.00,2631974.36,11.05
4.31,0.00,0.00,1452.00,4089.00,0.00,0.00,1855.00,2620928.26,10.08
4.31,0.00,0.00,1440.00,4101.00,0.00,0.00,1855.00,2609041.25,9.21
4.32,0.00,0.00,1434.00,4107.00,0.00,0.00,1855.00,2597287.92,8.40
4.33,0.00,0.00,1426.00,4115.00,0.00,0.00,1855.00,2585356.17,7.67
4.33,0.00,0.00,1415.00,4126.00,0.00,0.00,1855.00,2572810.85,7.00
4.34,0.00,0.00,1411.00,4130.00,0.00,0.00,1855.00,2560757.00,6.39
4.35,0.00,0.00,1407.00,4134.00,0.00,0.00,1855.00,2549151.82,5.84
4.35,0.00,0.00,1402.00,4139.00,0.00,0.00,1855.00,2537806.03,5.33
4.36,0.00,0.00,1391.00,4150.00,0.00,0.00,1855.00,2525795.63,4.87
4.37,0.00,0.00,1388.00,4153.00,0.00,0.00,1855.00,2514380.36,4.44
4.38,0.00,0.00,1376.00,4165.00,0.00,0.00,1855.00,2502156.31,4.05
4.38,0.00,0.00,1372.00,4169.00,0.00,0.00,1855.00,2490395.76,3.70
4.39,0.00,0.00,1366.00,4175.00,0.00,0.00,1855.00,2478757.88,3.38
4.40,0.00,0.00,1363.00,4178.00,0.00,0.00,1855.00,2467682.68,3.09
4.40,0.00,0.00,1362.00,4179.00,0.00,0.00,1855.00,2457421.64,2.82
4.41,0.00,0.00,1357.00,4184.00,0.00,0.00,1855.00,2447302.94,2.57
4.42,0.00,0.00,1353.00,4188.00,0.00,0.00,1855.00,2437464.41,2.35
4.42,0.00,0.00,1348.00,4193.00,0.00,0.00,1855.00,2427731.42,2.14
4.43,0.00,0.00,1341.00,4200.00,0.00,0.00,1855.00,2417794.31,1.96
4.44,0.00,0.00,1338.00,4203.00,0.00,0.00,1855.00,2408271.81,1.79
4.44,0.00,0.00,1330.00,4211.00,0.00,0.00,1855.00,2398376.63,1.63
4.45,0.00,0.00,1323.00,4218.00,0.00,0.00,1855.00,2388291.47,1.49
4.46,0.00,0.00,1317.00,4224.00,0.00,0.00,1855.00,2378183.09,1.36
4.47,0.00,0.00,1308.00,4233.00,0.00,0.00,1855.00,2367602.84,1.24
4.47,0.00,0.00,1306.00,4235.00,0.00,0.00,1855.00,2357643.40,1.13
4.48,0.00,0.00,1299.00,4242.00,0.00,0.00,1855.00,2347499.58,1.03
4.49,0.00,0.00,1293.00,4248.00,0.00,0.00,1855.00,2337337.65,0.94
4.49,0.00,0.00,1284.00,4257.00,0.00,0.00,1855.00,2326708.50,0.86
4.50,0.00,0.00,1274.00,4267.00,0.00,0.00,1855.00,2315502.58,0.79
4.51,0.00,0.00,1269.00,4272.00,0.00,0.00,1855.00,2304521.27,0.72
4.51,0.00,0.00,1263.00,4278.00,0.00,0.00,1855.00,2293594.78,0.66
4.52,0.00,0.00,1258.00,4283.00,0.00,0.00,1855.00,2282868.57,0.60
4.53,0.00,0.00,1254.00,4287.00,0.00,0.00,1855.00,2272475.43,0.55
4.53,0.00,0.00,1246.00,4295.00,0.00,0.00,1855.00,2261785.43,0.50
4.54,0.00,0.00,1239.00,4302.00,0.00,0.00,1855.00,2250974.66,0.46
4.55,0.00,0.00,1231.00,4310.00,0.00,0.00,1855.00,2239903.40,0.42
4.56,0.00,0.00,1223.00,4318.00,0.00,0.00,1855.00,2228594.33,0.38
4.56,0.00,0.00,1220.00,4321.00,0.00,0.00,1855.00,2217819.31,0.35
4.57,0.00,0.00,1218.00,4323.00,0.00,0.00,1855.00,2207682.08,0.32
4.58,0.00,0.00,1213.00,4328.00,0.00,0.00,1855.00,2197676.40,0.29
4.58,0.00,0.00,1206.00,4335.00,0.00,0.00,1855.00,2187490.36,0.26
4.59,0.00,0.00,1199.00,4342.00,0.00,0.00,1855.00,2177139.66,0.24
4.60,0.00,0.00,1187.00,4354.00,0.00,0.00,1855.00,2165887.47,0.22
4.60,0.00,0.00,1179.00,4362.00,0.00,0.00,1855.00,2154413.24,0.20
4.61,0.00,0.00,1174.00,4367.00,0.00,0.00,1855.00,2143186.98,0.18
4.62,0.00,0.00,1165.00,4376.00,0.00,0.00,1855.00,2131586.18,0.17
4.62,0.00,0.00,1159.00,4382.00,0.00,0.00,1855.00,2120094.14,0.15
4.63,0.00,0.00,1155.00,4386.00,0.00,0.00,1855.00,2109001.85,0.14
4.64,0.00,0.00,1146.00,4395.00,0.00,0.00,1855.00,2097523.36,0.13
4.65,0.00,0.00,1144.00,4397.00,0.00,0.00,1855.00,2086743.91,0.12
4.65,0.00,0.00,1137.00,4404.00,0.00,0.00,1855.00,2075851.47,0.11
4.66,0.00,0.00,1132.00,4409.00,0.00,0.00,1855.00,2065156.34,0.10
4.67,0.00,0.00,1123.00,4418.00,0.00,0.00,1855.00,2054040.42,0.09
4.67,0.00,0.00,1113.00,4428.00,0.00,0.00,1855.00,2042390.12,0.08
4.68,0.00,0.00,1104.00,4437.00,0.00,0.00,1855.00,2030402.20,0.07
4.69,0.00,0.00,1098.00,4443.00,0.00,0.00,1855.00,2018556.75,0.07
4.69,0.00,0.00,1090.00,4451.00,0.00,0.00,1855.00,2006540.91,0.06
4.70,0.00,0.00,1082.00,4459.00,0.00,0.00,1855.00,1994369.51,0.06
4.71,0.00,0.00,1078.00,4463.00,0.00,0.00,1855.00,1982657.02,0.05
4.72,0.00,0.00,1066.00,4475.00,0.00,0.00,1855.00,1970161.63,0.05
4.72,0.00,0.00,1062.00,4479.00,0.00,0.00,1855.00,1958153.36,0.04
4.73,0.00,0.00,1059.00,4482.00,0.00,0.00,1855.00,1946740.04,0.04
4.74,0.00,0.00,1055.00,4486.00,0.00,0.00,1855.00,1935719.61,0.04
4.74,0.00,0.00,1051.00,4490.00,0.00,0.00,1855.00,1925057.88,0.03
4.75,0.00,0.00,1041.00,4500.00,0.00,0.00,1855.00,1913822.22,0.03
4.76,0.00,0.00,1036.00,4505.00,0.00,0.00,1855.00,1902813.75,0.03
4.76,0.00,0.00,1029.00,4512.00,0.00,0.00,1855.00,1891712.25,0.02
4.77,0.00,0.00,1024.00,4517.00,0.00,0.00,1855.00,1880826.25,0.02
4.78,0.00,0.00,1019.00,4522.00,0.00,0.00,1855.00,1870137.01,0.02
4.78,0.00,0.00,1013.00,4528.00,0.00,0.00,1855.00,1859477.17,0.02
4.79,0.00,0.00,1002.00,4539.00,0.00,0.00,1855.00,1848092.99,0.02
4.80,0.00,0.00,994.00,4547.00,0.00,0.00,1855.00,1836498.25,0.02
4.81,0.00,0.00,992.00,4549.00,0.00,0.00,1855.00,1825612.68,0.01
4.81,0.00,0.00,988.00,4553.00,0.00,0.00,1855.00,1815074.05,0.01
4.82,0.00,0.00,979.00,4562.00,0.00,0.00,1855.00,1804101.01,0.01
4.83,0.00,0.00,970.00,4571.00,0.00,0.00,1855.00,1792731.36,0.01
4.83,0.00,0.00,961.00,4580.00,0.00,0.00,1855.00,1780999.67,0.01
4.84,0.00,0.00,956.00,4585.00,0.00,0.00,1855.00,1769538.36,0.01
4.85,0.00,0.00,955.00,4586.00,0.00,0.00,1855.00,1758924.83,0.01
4.85,0.00,0.00,948.00,4593.00,0.00,0.00,1855.00,1748183.87,0.01
4.86,0.00,0.00,941.00,4600.00,0.00,0.00,1855.00,1737326.57,0.01
4.87,0.00,0.00,933.00,4608.00,0.00,0.00,1855.00,1726212.82,0.01
4.88,0.00,0.00,927.00,4614.00,0.00,0.00,1855.00,1715165.43,0.01
4.88,0.00,0.00,918.00,4623.00,0.00,0.00,1855.00,1703727.93,0.01
4.89,0.00,0.00,916.00,4625.00,0.00,0.00,1855.00,1692985.89,0.00
4.90,0.00,0.00,908.00,4633.00,0.00,0.00,1855.00,1681977.37,0.00
4.90,0.00,0.00,906.00,4635.00,0.00,0.00,1855.00,1671626.97,0.00
4.91,0.00,0.00,900.00,4641.00,0.00,0.00,1855.00,1661276.46,0.00
4.92,0.00,0.00,895.00,4646.00,0.00,0.00,1855.00,1651076.07,0.00
4.92,0.00,0.00,887.00,4654.00,0.00,0.00,1855.00,1640562.04,0.00
4.93,0.00,0.00,880.00,4661.00,0.00,0.00,1855.00,1629911.91,0.00
4.94,0.00,0.00,871.00,4670.00,0.00,0.00,1855.00,1618837.07,0.00
4.94,0.00,0.00,863.00,4678.00,0.00,0.00,1855.00,1607524.73,0.00
4.95,0.00,0.00,861.00,4680.00,0.00,0.00,1855.00,1596896.97,0.00
4.96,0.00,0.00,855.00,4686.00,0.00,0.00,1855.00,1586293.24,0.00
4.97,0.00,0.00,850.00,4691.00,0.00,0.00,1855.00,1575861.68,0.00
4.97,0.00,0.00,845.00,4696.00,0.00,0.00,1855.00,1565587.31,0.00
4.98,0.00,0.00,837.00,4704.00,0.00,0.00,1855.00,1555005.74,0.00
4.99,0.00,0.00,826.00,4715.00,0.00,0.00,1855.00,1543693.02,0.00
4.99,0.00,0.00,823.00,4718.00,0.00,0.00,1855.00,1532914.68,0.00
5.00,0.00,0.00,820.00,4721.00,0.00,0.00,1855.00,1522624.18,0.00
5.01,0.00,0.00,813.00,4728.00,0.00,0.00,1855.00,1512178.12,0.00
5.01,0.00,0.00,806.00,4735.00,0.00,0.00,1855.00,1501590.03,0.00
5.02,0.00,0.00,799.00,4742.00,0.00,0.00,1855.00,1490872.31,0.00
5.03,0.00,0.00,790.00,4751.00,0.00,0.00,1855.00,1479735.75,0.00
5.03,0.00,0.00,788.00,4753.00,0.00,0.00,1855.00,1469268.46,0.00
5.04,0.00,0.00,782.00,4759.00,0.00,0.00,1855.00,1458811.24,0.00
5.05,0.00,0.00,778.00,4763.00,0.00,0.00,1855.00,1448663.66,0.00
5.06,0.00,0.00,777.00,4764.00,0.00,0.00,1855.00,1439249.46,0.00
5.06,0.00,0.00,768.00,4773.00,0.00,0.00,1855.00,1429302.93,0.00
5.07,0.00,0.00,762.00,4779.00,0.00,0.00,1855.00,1419321.12,0.00
5.08,0.00,0.00,758.00,4783.00,0.00,0.00,1855.00,1409607.56,0.00
5.08,0.00,0.00,754.00,4787.00,0.00,0.00,1855.00,1400138.89,0.00
5.09,0.00,0.00,747.00,4794.00,0.00,0.00,1855.00,1390443.09,0.00
5.10,0.00,0.00,739.00,4802.00,0.00,0.00,1855.00,1380389.72,0.00
5.10,0.00,0.00,732.00,4809.00,0.00,0.00,1855.00,1370160.14,0.00
5.11,0.00,0.00,729.00,4812.00,0.00,0.00,1855.00,1360370.62,0.00
5.12,0.00,0.00,725.00,4816.00,0.00,0.00,1855.00,1350832.60,0.00
5.12,0.00,0.00,720.00,4821.00,0.00,0.00,1855.00,1341373.96,0.00
5.13,0.00,0.00,717.00,4824.00,0.00,0.00,1855.00,1332288.24,0.00
5.14,0.00,0.00,717.00,4824.00,0.00,0.00,1855.00,1323993.68,0.00
5.15,0.00,0.00,712.00,4829.00,0.00,0.00,1855.00,1315670.22,0.00
5.15,0.00,0.00,708.00,4833.00,0.00,0.00,1855.00,1307470.60,0.00
5.16,0.00,0.00,704.00,4837.00,0.00,0.00,1855.00,1299384.05,0.00
5.17,0.00,0.00,699.00,4842.00,0.00,0.00,1855.00,1291250.49,0.00
5.17,0.00,0.00,693.00,4848.00,0.00,0.00,1855.00,1282923.78,0.00
5.18,0.00,0.00,689.00,4852.00,0.00,0.00,1855.00,1274721.20,0.00
5.19,0.00,0.00,684.00,4857.00,0.00,0.00,1855.00,1266481.72,0.00
5.19,0.00,0.00,676.00,4865.00,0.00,0.00,1855.00,1257757.84,0.00
5.20,0.00,0.00,674.00,4867.00,0.00,0.00,1855.00,1249493.15,0.00
5.21,0.00,0.00,668.00,4873.00,0.00,0.00,1855.00,1241046.72,0.00
5.22,0.00,0.00,663.00,4878.00,0.00,0.00,1855.00,1232584.61,0.00
5.22,0.00,0.00,662.00,4879.00,0.00,0.00,1855.00,1224709.13,0.00
5.23,0.00,0.00,655.00,4886.00,0.00,0.00,1855.00,1216467.79,0.00
5.24,0.00,0.00,649.00,4892.00,0.00,0.00,1855.00,1208042.68,0.00
5.24,0.00,0.00,638.00,4903.00,0.00,0.00,1855.00,1198698.66,0.00
5.25,0.00,0.00,633.00,4908.00,0.00,0.00,1855.00,1189417.12,0.00
5.26,0.00,0.00,632.00,4909.00,0.00,0.00,1855.00,1180793.55,0.00
5.26,0.00,0.00,629.00,4912.00,0.00,0.00,1855.00,1172470.19,0.00
5.27,0.00,0.00,622.00,4919.00,0.00,0.00,1855.00,1163819.97,0.00
5.28,0.00,0.00,618.00,4923.00,0.00,0.00,1855.00,1155322.06,0.00
5.28,0.00,0.00,614.00,4927.00,0.00,0.00,1855.00,1146963.19,0.00
5.29,0.00,0.00,608.00,4933.00,0.00,0.00,1855.00,1138430.79,0.00
5.30,0.00,0.00,604.00,4937.00,0.00,0.00,1855.00,1130040.43,0.00
5.31,0.00,0.00,598.00,4943.00,0.00,0.00,1855.00,1121479.28,0.00
5.31,0.00,0.00,592.00,4949.00,0.00,0.00,1855.00,1112762.21,0.00
5.32,0.00,0.00,584.00,4957.00,0.00,0.00,1855.00,1103602.35,0.00
5.33,0.00,0.00,579.00,4962.00,0.00,0.00,1855.00,1094488.93,0.00
5.33,0.00,0.00,576.00,4965.00,0.00,0.00,1855.00,1085718.37,0.00
5.34,0.00,0.00,573.00,4968.00,0.00,0.00,1855.00,1077260.83,0.00
5.35,0.00,0.00,568.00,4973.00,0.00,0.00,1855.00,1068788.58,0.00
5.35,0.00,0.00,562.00,4979.00,0.00,0.00,1855.00,1060152.68,0.00
5.36,0.00,0.00,561.00,4980.00,0.00,0.00,1855.00,1052118.52,0.00
5.37,0.00,0.00,558.00,4983.00,0.00,0.00,1855.00,1044333.25,0.00
5.38,0.00,0.00,554.00,4987.00,0.00,0.00,1855.00,1036624.97,0.00
5.38,0.00,0.00,552.00,4989.00,0.00,0.00,1855.00,1029287.43,0.00
5.39,0.00,0.00,550.00,4991.00,0.00,0.00,1855.00,1022288.36,0.00
5.40,0.00,0.00,541.00,5000.00,0.00,0.00,1855.00,1014546.65,0.00
5.40,0.00,0.00,535.00,5006.00,0.00,0.00,1855.00,1006577.67,0.00
5.41,0.00,0.00,528.00,5013.00,0.00,0.00,1855.00,998250.98,0.00
5.42,0.00,0.00,522.00,5019.00,0.00,0.00,1855.00,989747.96,0.00
5.42,0.00,0.00,519.00,5022.00,0.00,0.00,1855.00,981534.66,0.00
5.43,0.00,0.00,511.00,5030.00,0.00,0.00,1855.00,972834.68,0.00
5.44,0.00,0.00,505.00,5036.00,0.00,0.00,1855.00,963990.88,0.00
5.44,0.00,0.00,502.00,5039.00,0.00,0.00,1855.00,955466.46,0.00
5.45,0.00,0.00,500.00,5041.00,0.00,0.00,1855.00,947383.86,0.00
5.46,0.00,0.00,490.00,5051.00,0.00,0.00,1855.00,938502.75,0.00
5.47,0.00,0.00,487.00,5054.00,0.00,0.00,1855.00,929944.27,0.00
5.47,0.00,0.00,482.00,5059.00,0.00,0.00,1855.00,921379.88,0.00
5.48,0.00,0.00,477.00,5064.00,0.00,0.00,1855.00,912810.08,0.00
5.49,0.00,0.00,470.00,5071.00,0.00,0.00,1855.00,903934.88,0.00
5.49,0.00,0.00,468.00,5073.00,0.00,0.00,1855.00,895532.05,0.00
5.50,0.00,0.00,464.00,5077.00,0.00,0.00,1855.00,887259.97,0.00
5.51,0.00,0.00,459.00,5082.00,0.00,0.00,1855.00,878957.03,0.00
5.51,0.00,0.00,454.00,5087.00,0.00,0.00,1855.00,870625.93,0.00
5.52,0.00,0.00,446.00,5095.00,0.00,0.00,1855.00,861818.42,0.00
5.53,0.00,0.00,445.00,5096.00,0.00,0.00,1855.00,853627.60,0.00
5.53,0.00,0.00,439.00,5102.00,0.00,0.00,1855.00,845248.61,0.00
5.54,0.00,0.00,438.00,5103.00,0.00,0.00,1855.00,837449.00,0.00
5.55,0.00,0.00,429.00,5112.00,0.00,0.00,1855.00,828976.47,0.00
5.56,0.00,0.00,426.00,5115.00,0.00,0.00,1855.00,820791.00,0.00
5.56,0.00,0.00,423.00,5118.00,0.00,0.00,1855.00,812867.60,0.00
5.57,0.00,0.00,417.00,5124.00,0.00,0.00,1855.00,804732.74,0.00
5.58,0.00,0.00,412.00,5129.00,0.00,0.00,1855.00,796555.08,0.00
5.58,0.00,0.00,405.00,5136.00,0.00,0.00,1855.00,788037.88,0.00
5.59,0.00,0.00,401.00,5140.00,0.00,0.00,1855.00,779661.40,0.00
5.60,0.00,0.00,396.00,5145.00,0.00,0.00,1855.00,771263.15,0.00
5.60,0.00,0.00,393.00,5148.00,0.00,0.00,1855.00,763145.50,0.00
5.61,0.00,0.00,391.00,5150.00,0.00,0.00,1855.00,755434.24,0.00
5.62,0.00,0.00,386.00,5155.00,0.00,0.00,1855.00,747643.28,0.00
5.62,0.00,0.00,382.00,5159.00,0.00,0.00,1855.00,739929.81,0.00
5.63,0.00,0.00,375.00,5166.00,0.00,0.00,1855.00,731836.37,0.00
5.64,0.00,0.00,371.00,5170.00,0.00,0.00,1855.00,723846.76,0.00
5.65,0.00,0.00,362.00,5179.00,0.00,0.00,1855.00,715200.77,0.00
5.65,0.00,0.00,360.00,5181.00,0.00,0.00,1855.00,707007.17,0.00
5.66,0.00,0.00,356.00,5185.00,0.00,0.00,1855.00,698926.12,0.00
5.67,0.00,0.00,352.00,5189.00,0.00,0.00,1855.00,690947.80,0.00
5.67,0.00,0.00,350.00,5191.00,0.00,0.00,1855.00,683363.75,0.00
5.68,0.00,0.00,347.00,5194.00,0.00,0.00,1855.00,675989.39,0.00
5.69,0.00,0.00,344.00,5197.00,0.00,0.00,1855.00,668806.46,0.00
5.69,0.00,0.00,342.00,5199.00,0.00,0.00,1855.00,661948.54,0.00
5.70,0.00,0.00,336.00,5205.00,0.00,0.00,1855.00,654786.38,0.00
5.71,0.00,0.00,331.00,5210.00,0.00,0.00,1855.00,647496.73,0.00
5.72,0.00,0.00,326.00,5215.00,0.00,0.00,1855.00,640090.67,0.00
5.72,0.00,0.00,321.00,5220.00,0.00,0.00,1855.00,632578.34,0.00
5.73,0.00,0.00,318.00,5223.00,0.00,0.00,1855.00,625269.47,0.00
5.74,0.00,0.00,314.00,5227.00,0.00,0.00,1855.00,617996.10,0.00
5.74,0.00,0.00,310.00,5231.00,0.00,0.00,1855.00,610755.14,0.00
5.75,0.00,0.00,307.00,5234.00,0.00,0.00,1855.00,603693.99,0.00
5.76,0.00,0.00,305.00,5236.00,0.00,0.00,1855.00,596947.25,0.00
5.76,0.00,0.00,299.00,5242.00,0.00,0.00,1855.00,589886.59,0.00
5.77,0.00,0.00,297.00,5244.00,0.00,0.00,1855.00,583140.29,0.00
5.78,0.00,0.00,289.00,5252.00,0.00,0.00,1855.00,575779.58,0.00
5.78,0.00,0.00,286.00,5255.00,0.00,0.00,1855.00,568609.11,0.00
5.79,0.00,0.00,280.00,5261.00,0.00,0.00,1855.00,561161.64,0.00
5.80,0.00,0.00,275.00,5266.00,0.00,0.00,1855.00,553611.50,0.00
5.81,0.00,0.00,273.00,5268.00,0.00,0.00,1855.00,546418.34,0.00
5.81,0.00,0.00,270.00,5271.00,0.00,0.00,1855.00,539400.83,0.00
5.82,0.00,0.00,266.00,5275.00,0.00,0.00,1855.00,532393.46,0.00
5.83,0.00,0.00,263.00,5278.00,0.00,0.00,1855.00,525545.57,0.00
5.83,0.00,0.00,261.00,5280.00,0.00,0.00,1855.00,518993.50,0.00
5.84,0.00,0.00,259.00,5282.00,0.00,0.00,1855.00,512711.50,0.00
5.85,0.00,0.00,257.00,5284.00,0.00,0.00,1855.00,506676.05,0.00
5.85,0.00,0.00,255.00,5286.00,0.00,0.00,1855.00,500865.67,0.00
5.86,0.00,0.00,252.00,5289.00,0.00,0.00,1855.00,495110.55,0.00
5.87,0.00,0.00,249.00,5292.00,0.00,0.00,1855.00,489405.87,0.00
5.88,0.00,0.00,245.00,5296.00,0.00,0.00,1855.00,483597.01,0.00
5.88,0.00,0.00,241.00,5300.00,0.00,0.00,1855.00,477693.03,0.00
5.89,0.00,0.00,237.00,5304.00,0.00,0.00,1855.00,471702.22,0.00
5.90,0.00,0.00,229.00,5312.00,0.00,0.00,1855.00,465031.22,0.00
5.90,0.00,0.00,224.00,5317.00,0.00,0.00,1855.00,458189.94,0.00
5.91,0.00,0.00,222.00,5319.00,0.00,0.00,1855.00,451643.92,0.00
5.92,0.00,0.00,216.00,5325.00,0.00,0.00,1855.00,444766.50,0.00
5.92,0.00,0.00,216.00,5325.00,0.00,0.00,1855.00,438487.95,0.00
5.93,0.00,0.00,210.00,5331.00,0.00,0.00,1855.00,431854.72,0.00
5.94,0.00,0.00,208.00,5333.00,0.00,0.00,1855.00,425498.62,0.00
5.94,0.00,0.00,205.00,5336.00,0.00,0.00,1855.00,419245.30,0.00
5.95,0.00,0.00,202.00,5339.00,0.00,0.00,1855.00,413085.79,0.00
5.96,0.00,0.00,197.00,5344.00,0.00,0.00,1855.00,406711.48,0.00
5.97,0.00,0.00,195.00,5346.00,0.00,0.00,1855.00,400591.75,0.00
5.97,0.00,0.00,194.00,5347.00,0.00,0.00,1855.00,394854.67,0.00
5.98,0.00,0.00,191.00,5350.00,0.00,0.00,1855.00,389166.46,0.00
5.99,0.00,0.00,189.00,5352.00,0.00,0.00,1855.00,383673.09,0.00
5.99,0.00,0.00,185.00,5356.00,0.00,0.00,1855.00,378057.14,0.00
6.00,0.00,0.00,177.00,5364.00,0.00,0.00,1855.00,371728.36,0.00
6.01,0.00,0.00,176.00,5365.00,0.00,0.00,1855.00,365800.42,0.00
6.01,0.00,0.00,172.00,5369.00,0.00,0.00,1855.00,359787.75,0.00
6.02,0.00,0.00,166.00,5375.00,0.00,0.00,1855.00,353397.25,0.00
6.03,0.00,0.00,161.00,5380.00,0.00,0.00,1855.00,346812.04,0.00
6.03,0.00,0.00,158.00,5383.00,0.00,0.00,1855.00,340349.56,0.00
6.04,0.00,0.00,158.00,5383.00,0.00,0.00,1855.00,334449.81,0.00
6.05,0.00,0.00,157.00,5384.00,0.00,0.00,1855.00,328913.55,0.00
6.06,0.00,0.00,153.00,5388.00,0.00,0.00,1855.00,323258.45,0.00
6.06,0.00,0.00,149.00,5392.00,0.00,0.00,1855.00,317494.84,0.00
6.07,0.00,0.00,144.00,5397.00,0.00,0.00,1855.00,311481.95,0.00
6.08,0.00,0.00,141.00,5400.00,0.00,0.00,1855.00,305541.94,0.00
6.08,0.00,0.00,138.00,5403.00,0.00,0.00,1855.00,299668.47,0.00
6.09,0.00,0.00,135.00,5406.00,0.00,0.00,1855.00,293855.75,0.00
6.10,0.00,0.00,132.00,5409.00,0.00,0.00,1855.00,288098.48,0.00
6.10,0.00,0.00,132.00,5409.00,0.00,0.00,1855.00,282842.53,0.00
6.11,0.00,0.00,131.00,5410.00,0.00,0.00,1855.00,277894.01,0.00
6.12,0.00,0.00,127.00,5414.00,0.00,0.00,1855.00,272775.47,0.00
6.12,0.00,0.00,123.00,5418.00,0.00,0.00,1855.00,267501.71,0.00
6.13,0.00,0.00,122.00,5419.00,0.00,0.00,1855.00,262536.93,0.00
6.14,0.00,0.00,119.00,5422.00,0.00,0.00,1855.00,257553.78,0.00
6.15,0.00,0.00,115.00,5426.00,0.00,0.00,1855.00,252403.61,0.00
6.15,0.00,0.00,113.00,5428.00,0.00,0.00,1855.00,247401.43,0.00
6.16,0.00,0.00,111.00,5430.00,0.00,0.00,1855.00,242534.37,0.00
6.17,0.00,0.00,111.00,5430.00,0.00,0.00,1855.00,238091.10,0.00
6.17,0.00,0.00,110.00,5431.00,0.00,0.00,1855.00,233884.51,0.00
6.18,0.00,0.00,106.00,5435.00,0.00,0.00,1855.00,229443.29,0.00
6.19,0.00,0.00,102.00,5439.00,0.00,0.00,1855.00,224787.86,0.00
6.19,0.00,0.00,98.00,5443.00,0.00,0.00,1855.00,219936.89,0.00
6.20,0.00,0.00,98.00,5443.00,0.00,0.00,1855.00,215508.32,0.00
6.21,0.00,0.00,97.00,5444.00,0.00,0.00,1855.00,211315.14,0.00
6.22,0.00,0.00,95.00,5446.00,0.00,0.00,1855.00,207186.62,0.00
6.22,0.00,0.00,94.00,5447.00,0.00,0.00,1855.00,203267.37,0.00
6.23,0.00,0.00,90.00,5451.00,0.00,0.00,1855.00,199088.47,0.00
6.24,0.00,0.00,90.00,5451.00,0.00,0.00,1855.00,195273.44,0.00
6.24,0.00,0.00,87.00,5454.00,0.00,0.00,1855.00,191339.92,0.00
6.25,0.00,0.00,85.00,5456.00,0.00,0.00,1855.00,187448.46,0.00
6.26,0.00,0.00,83.00,5458.00,0.00,0.00,1855.00,183595.38,0.00
6.26,0.00,0.00,80.00,5461.00,0.00,0.00,1855.00,179627.12,0.00
6.27,0.00,0.00,79.00,5462.00,0.00,0.00,1855.00,175854.17,0.00
6.28,0.00,0.00,77.00,5464.00,0.00,0.00,1855.00,172109.29,0.00
6.28,0.00,0.00,75.00,5466.00,0.00,0.00,1855.00,168390.04,0.00
6.29,0.00,0.00,75.00,5466.00,0.00,0.00,1855.00,164994.65,0.00
6.30,0.00,0.00,72.00,5469.00,0.00,0.00,1855.00,161444.22,0.00
6.31,0.00,0.00,71.00,5470.00,0.00,0.00,1855.00,158052.71,0.00
6.31,0.00,0.00,71.00,5470.00,0.00,0.00,1855.00,154956.53,0.00
6.32,0.00,0.00,70.00,5471.00,0.00,0.00,1855.00,151979.72,0.00
6.33,0.00,0.00,69.00,5472.00,0.00,0.00,1855.00,149111.88,0.00
6.33,0.00,0.00,69.00,5472.00,0.00,0.00,1855.00,146493.77,0.00
6.34,0.00,0.00,66.00,5475.00,0.00,0.00,1855.00,143652.93,0.00
6.35,0.00,0.00,65.00,5476.00,0.00,0.00,1855.00,140909.23,0.00
6.35,0.00,0.00,63.00,5478.00,0.00,0.00,1855.00,138103.99,0.00
6.36,0.00,0.00,63.00,5478.00,0.00,0.00,1855.00,135543.01,0.00
6.37,0.00,0.00,62.00,5479.00,0.00,0.00,1855.00,133054.80,0.00
6.38,0.00,0.00,61.00,5480.00,0.00,0.00,1855.00,130633.02,0.00
6.38,0.00,0.00,60.00,5481.00,0.00,0.00,1855.00,128271.89,0.00
6.39,0.00,0.00,60.00,5481.00,0.00,0.00,1855.00,126116.36,0.00
6.40,0.00,0.00,58.00,5483.00,0.00,0.00,1855.00,123848.06,0.00
6.40,0.00,0.00,58.00,5483.00,0.00,0.00,1855.00,121777.27,0.00
6.41,0.00,0.00,58.00,5483.00,0.00,0.00,1855.00,119886.80,0.00
6.42,0.00,0.00,56.00,5485.00,0.00,0.00,1855.00,117860.48,0.00
6.42,0.00,0.00,56.00,5485.00,0.00,0.00,1855.00,116010.61,0.00
6.43,0.00,0.00,54.00,5487.00,0.00,0.00,1855.00,114021.35,0.00
6.44,0.00,0.00,52.00,5489.00,0.00,0.00,1855.00,111904.85,0.00
6.44,0.00,0.00,51.00,5490.00,0.00,0.00,1855.00,109822.42,0.00
6.45,0.00,0.00,51.00,5490.00,0.00,0.00,1855.00,107921.31,0.00
6.46,0.00,0.00,50.00,5491.00,0.00,0.00,1855.00,106035.51,0.00
6.47,0.00,0.00,50.00,5491.00,0.00,0.00,1855.00,104313.92,0.00
6.47,0.00,0.00,50.00,5491.00,0.00,0.00,1855.00,102742.24,0.00
6.48,0.00,0.00,50.00,5491.00,0.00,0.00,1855.00,101307.42,0.00
6.49,0.00,0.00,49.00,5492.00,0.00,0.00,1855.00,99847.30,0.00
6.49,0.00,0.00,48.00,5493.00,0.00,0.00,1855.00,98364.09,0.00
6.50,0.00,0.00,47.00,5494.00,0.00,0.00,1855.00,96859.81,0.00
6.51,0.00,0.00,46.00,5495.00,0.00,0.00,1855.00,95336.28,0.00
6.51,0.00,0.00,44.00,5497.00,0.00,0.00,1855.00,93644.95,0.00
6.52,0.00,0.00,44.00,5497.00,0.00,0.00,1855.00,92100.89,0.00
6.53,0.00,0.00,43.00,5498.00,0.00,0.00,1855.00,90541.05,0.00
6.53,0.00,0.00,41.00,5500.00,0.00,0.00,1855.00,88816.58,0.00
6.54,0.00,0.00,40.00,5501.00,0.00,0.00,1855.00,87092.03,0.00
6.55,0.00,0.00,40.00,5501.00,0.00,0.00,1855.00,85517.65,0.00
6.56,0.00,0.00,40.00,5501.00,0.00,0.00,1855.00,84080.37,0.00
6.56,0.00,0.00,40.00,5501.00,0.00,0.00,1855.00,82768.23,0.00
6.57,0.00,0.00,40.00,5501.00,0.00,0.00,1855.00,81570.35,0.00
6.58,0.00,0.00,40.00,5501.00,0.00,0.00,1855.00,80476.78,0.00
6.58,0.00,0.00,39.00,5502.00,0.00,0.00,1855.00,79328.20,0.00
6.59,0.00,0.00,39.00,5502.00,0.00,0.00,1855.00,78279.63,0.00
6.60,0.00,0.00,39.00,5502.00,0.00,0.00,1855.00,77322.37,0.00
6.60,0.00,0.00,37.00,5504.00,0.00,0.00,1855.00,76148.00,0.00
6.61,0.00,0.00,36.00,5505.00,0.00,0.00,1855.00,74925.66,0.00
6.62,0.00,0.00,36.00,5505.00,0.00,0.00,1855.00,73809.76,0.00
6.62,0.00,0.00,35.00,5506.00,0.00,0.00,1855.00,72640.79,0.00
6.63,0.00,0.00,34.00,5507.00,0.00,0.00,1855.00,71423.38,0.00
6.64,0.00,0.00,32.00,5509.00,0.00,0.00,1855.00,70011.52,0.00
6.65,0.00,0.00,32.00,5509.00,0.00,0.00,1855.00,68722.59,0.00
6.65,0.00,0.00,30.00,5511.00,0.00,0.00,1855.00,67245.44,0.00
6.66,0.00,0.00,29.00,5512.00,0.00,0.00,1855.00,65746.68,0.00
6.67,0.00,0.00,28.00,5513.00,0.00,0.00,1855.00,64228.19,0.00
6.67,0.00,0.00,28.00,5513.00,0.00,0.00,1855.00,62841.93,0.00
6.68,0.00,0.00,27.00,5514.00,0.00,0.00,1855.00,61426.15,0.00
6.69,0.00,0.00,27.00,5514.00,0.00,0.00,1855.00,60133.65,0.00
6.69,0.00,0.00,27.00,5514.00,0.00,0.00,1855.00,58953.69,0.00
6.70,0.00,0.00,26.00,5515.00,0.00,0.00,1855.00,57726.25,0.00
6.71,0.00,0.00,25.00,5516.00,0.00,0.00,1855.00,56455.46,0.00
6.72,0.00,0.00,25.00,5516.00,0.00,0.00,1855.00,55295.32,0.00
6.72,0.00,0.00,25.00,5516.00,0.00,0.00,1855.00,54236.20,0.00
6.73,0.00,0.00,24.00,5517.00,0.00,0.00,1855.00,53119.08,0.00
6.74,0.00,0.00,23.00,5518.00,0.00,0.00,1855.00,51949.00,0.00
6.74,0.00,0.00,23.00,5518.00,0.00,0.00,1855.00,50880.81,0.00
6.75,0.00,0.00,23.00,5518.00,0.00,0.00,1855.00,49905.63,0.00
6.76,0.00,0.00,22.00,5519.00,0.00,0.00,1855.00,48865.13,0.00
6.76,0.00,0.00,21.00,5520.00,0.00,0.00,1855.00,47765.00,0.00
6.77,0.00,0.00,20.00,5521.00,0.00,0.00,1855.00,46610.44,0.00
6.78,0.00,0.00,18.00,5523.00,0.00,0.00,1855.00,45255.95,0.00
6.78,0.00,0.00,18.00,5523.00,0.00,0.00,1855.00,44019.40,0.00
6.79,0.00,0.00,18.00,5523.00,0.00,0.00,1855.00,42890.53,0.00
6.80,0.00,0.00,17.00,5524.00,0.00,0.00,1855.00,41709.72,0.00
6.81,0.00,0.00,17.00,5524.00,0.00,0.00,1855.00,40631.74,0.00
6.81,0.00,0.00,16.00,5525.00,0.00,0.00,1855.00,39497.39,0.00
6.82,0.00,0.00,16.00,5525.00,0.00,0.00,1855.00,38461.81,0.00
6.83,0.00,0.00,15.00,5526.00,0.00,0.00,1855.00,37366.18,0.00
6.83,0.00,0.00,15.00,5526.00,0.00,0.00,1855.00,36365.95,0.00
6.84,0.00,0.00,15.00,5526.00,0.00,0.00,1855.00,35452.81,0.00
6.85,0.00,0.00,14.00,5527.00,0.00,0.00,1855.00,34468.96,0.00
6.85,0.00,0.00,14.00,5527.00,0.00,0.00,1855.00,33570.78,0.00
6.86,0.00,0.00,14.00,5527.00,0.00,0.00,1855.00,32750.80,0.00
6.87,0.00,0.00,13.00,5528.00,0.00,0.00,1855.00,31852.00,0.00
6.88,0.00,0.00,12.00,5529.00,0.00,0.00,1855.00,30881.23,0.00
6.88,0.00,0.00,12.00,5529.00,0.00,0.00,1855.00,29994.99,0.00
6.89,0.00,0.00,12.00,5529.00,0.00,0.00,1855.00,29185.92,0.00
6.90,0.00,0.00,11.00,5530.00,0.00,0.00,1855.00,28297.07,0.00
6.90,0.00,0.00,11.00,5530.00,0.00,0.00,1855.00,27485.61,0.00
6.91,0.00,0.00,10.00,5531.00,0.00,0.00,1855.00,26594.59,0.00
6.92,0.00,0.00,10.00,5531.00,0.00,0.00,1855.00,25781.15,0.00
6.92,0.00,0.00,10.00,5531.00,0.00,0.00,1855.00,25038.54,0.00
6.93,0.00,0.00,10.00,5531.00,0.00,0.00,1855.00,24360.60,0.00
6.94,0.00,0.00,10.00,5531.00,0.00,0.00,1855.00,23741.68,0.00
6.94,0.00,0.00,10.00,5531.00,0.00,0.00,1855.00,23176.67,0.00
6.95,0.00,0.00,10.00,5531.00,0.00,0.00,1855.00,22660.85,0.00
6.96,0.00,0.00,10.00,5531.00,0.00,0.00,1855.00,22189.94,0.00
6.97,0.00,0.00,10.00,5531.00,0.00,0.00,1855.00,21760.04,0.00
6.97,0.00,0.00,10.00,5531.00,0.00,0.00,1855.00,21367.58,0.00
6.98,0.00,0.00,9.00,5532.00,0.00,0.00,1855.00,20859.05,0.00
6.99,0.00,0.00,9.00,5532.00,0.00,0.00,1855.00,20394.81,0.00
6.99,0.00,0.00,9.00,5532.00,0.00,0.00,1855.00,19970.99,0.00
7.00,0.00,0.00,9.00,5532.00,0.00,0.00,1855.00,19584.08,0.00
7.01,0.00,0.00,9.00,5532.00,0.00,0.00,1855.00,19230.86,0.00
7.01,0.00,0.00,9.00,5532.00,0.00,0.00,1855.00,18908.39,0.00
7.02,0.00,0.00,8.00,5533.00,0.00,0.00,1855.00,18463.77,0.00
7.03,0.00,0.00,8.00,5533.00,0.00,0.00,1855.00,18057.87,0.00
7.03,0.00,0.00,8.00,5533.00,0.00,0.00,1855.00,17687.31,0.00
7.04,0.00,0.00,8.00,5533.00,0.00,0.00,1855.00,17349.02,0.00
7.05,0.00,0.00,8.00,5533.00,0.00,0.00,1855.00,17040.19,0.00
7.06,0.00,0.00,7.00,5534.00,0.00,0.00,1855.00,16608.01,0.00
7.06,0.00,0.00,7.00,5534.00,0.00,0.00,1855.00,16213.47,0.00
7.07,0.00,0.00,7.00,5534.00,0.00,0.00,1855.00,15853.29,0.00
7.08,0.00,0.00,7.00,5534.00,0.00,0.00,1855.00,15524.46,0.00
7.08,0.00,0.00,7.00,5534.00,0.00,0.00,1855.00,15224.27,0.00
7.09,0.00,0.00,6.00,5535.00,0.00,0.00,1855.00,14799.99,0.00
7.10,0.00,0.00,6.00,5535.00,0.00,0.00,1855.00,14412.65,0.00
7.10,0.00,0.00,6.00,5535.00,0.00,0.00,1855.00,14059.05,0.00
7.11,0.00,0.00,6.00,5535.00,0.00,0.00,1855.00,13736.23,0.00
7.12,0.00,0.00,6.00,5535.00,0.00,0.00,1855.00,13441.52,0.00
7.12,0.00,0.00,6.00,5535.00,0.00,0.00,1855.00,13172.47,0.00
7.13,0.00,0.00,6.00,5535.00,0.00,0.00,1855.00,12926.85,0.00
7.14,0.00,0.00,6.00,5535.00,0.00,0.00,1855.00,12702.62,0.00
7.15,0.00,0.00,6.00,5535.00,0.00,0.00,1855.00,12497.91,0.00
7.15,0.00,0.00,6.00,5535.00,0.00,0.00,1855.00,12311.03,0.00
7.16,0.00,0.00,6.00,5535.00,0.00,0.00,1855.00,12140.42,0.00
7.17,0.00,0.00,6.00,5535.00,0.00,0.00,1855.00,11984.67,0.00
7.17,0.00,0.00,6.00,5535.00,0.00,0.00,1855.00,11842.48,0.00
7.18,0.00,0.00,6.00,5535.00,0.00,0.00,1855.00,11712.67,0.00
7.19,0.00,0.00,5.00,5536.00,0.00,0.00,1855.00,11443.94,0.00
7.19,0.00,0.00,5.00,5536.00,0.00,0.00,1855.00,11198.60,0.00
7.20,0.00,0.00,5.00,5536.00,0.00,0.00,1855.00,10974.63,0.00
7.21,0.00,0.00,5.00,5536.00,0.00,0.00,1855.00,10770.16,0.00
7.22,0.00,0.00,5.00,5536.00,0.00,0.00,1855.00,10583.49,0.00
7.22,0.00,0.00,5.00,5536.00,0.00,0.00,1855.00,10413.08,0.00
7.23,0.00,0.00,5.00,5536.00,0.00,0.00,1855.00,10257.50,0.00
7.24,0.00,0.00,5.00,5536.00,0.00,0.00,1855.00,10115.48,0.00
7.24,0.00,0.00,5.00,5536.00,0.00,0.00,1855.00,9985.82,0.00
7.25,0.00,0.00,4.00,5537.00,0.00,0.00,1855.00,9717.22,0.00
7.26,0.00,0.00,4.00,5537.00,0.00,0.00,1855.00,9472.01,0.00
7.26,0.00,0.00,4.00,5537.00,0.00,0.00,1855.00,9248.15,0.00
7.27,0.00,0.00,4.00,5537.00,0.00,0.00,1855.00,9043.78,0.00
7.28,0.00,0.00,4.00,5537.00,0.00,0.00,1855.00,8857.21,0.00
7.28,0.00,0.00,4.00,5537.00,0.00,0.00,1855.00,8686.88,0.00
7.29,0.00,0.00,4.00,5537.00,0.00,0.00,1855.00,8531.39,0.00
7.30,0.00,0.00,4.00,5537.00,0.00,0.00,1855.00,8389.43,0.00
7.31,0.00,0.00,4.00,5537.00,0.00,0.00,1855.00,8259.84,0.00
7.31,0.00,0.00,4.00,5537.00,0.00,0.00,1855.00,8141.53,0.00
7.32,0.00,0.00,4.00,5537.00,0.00,0.00,1855.00,8033.52,0.00
7.33,0.00,0.00,4.00,5537.00,0.00,0.00,1855.00,7934.92,0.00
7.33,0.00,0.00,4.00,5537.00,0.00,0.00,1855.00,7844.91,0.00
7.34,0.00,0.00,4.00,5537.00,0.00,0.00,1855.00,7762.73,0.00
7.35,0.00,0.00,4.00,5537.00,0.00,0.00,1855.00,7687.70,0.00
7.35,0.00,0.00,4.00,5537.00,0.00,0.00,1855.00,7619.22,0.00
7.36,0.00,0.00,4.00,5537.00,0.00,0.00,1855.00,7556.69,0.00
7.37,0.00,0.00,3.00,5538.00,0.00,0.00,1855.00,7349.38,0.00
7.38,0.00,0.00,3.00,5538.00,0.00,0.00,1855.00,7160.12,0.00
7.38,0.00,0.00,3.00,5538.00,0.00,0.00,1855.00,6987.33,0.00
7.39,0.00,0.00,3.00,5538.00,0.00,0.00,1855.00,6829.60,0.00
7.40,0.00,0.00,3.00,5538.00,0.00,0.00,1855.00,6685.60,0.00
7.40,0.00,0.00,3.00,5538.00,0.00,0.00,1855.00,6554.14,0.00
7.41,0.00,0.00,3.00,5538.00,0.00,0.00,1855.00,6434.12,0.00
7.42,0.00,0.00,3.00,5538.00,0.00,0.00,1855.00,6324.56,0.00
7.42,0.00,0.00,2.00,5539.00,0.00,0.00,1855.00,6074.30,0.00
7.43,0.00,0.00,2.00,5539.00,0.00,0.00,1855.00,5845.84,0.00
7.44,0.00,0.00,2.00,5539.00,0.00,0.00,1855.00,5637.27,0.00
7.44,0.00,0.00,2.00,5539.00,0.00,0.00,1855.00,5446.86,0.00
7.45,0.00,0.00,2.00,5539.00,0.00,0.00,1855.00,5273.03,0.00
7.46,0.00,0.00,2.00,5539.00,0.00,0.00,1855.00,5114.34,0.00
7.47,0.00,0.00,2.00,5539.00,0.00,0.00,1855.00,4969.47,0.00
7.47,0.00,0.00,2.00,5539.00,0.00,0.00,1855.00,4837.21,0.00
7.48,0.00,0.00,2.00,5539.00,0.00,0.00,1855.00,4716.46,0.00
7.49,0.00,0.00,2.00,5539.00,0.00,0.00,1855.00,4606.24,0.00
7.49,0.00,0.00,0.00,5541.00,0.00,0.00,1855.00,4205.14,0.00
7.50,0.00,0.00,0.00,5541.00,0.00,0.00,1855.00,3838.98,0.00
7.51,0.00,0.00,0.00,5541.00,0.00,0.00,1855.00,3504.69,0.00
7.51,0.00,0.00,0.00,5541.00,0.00,0.00,1855.00,3199.52,0.00
7.52,0.00,0.00,0.00,5541.00,0.00,0.00,1855.00,2920.92,0.00
7.53,0.00,0.00,0.00,5541.00,0.00,0.00,1855.00,2666.57,0.00
7.53,0.00,0.00,0.00,5541.00,0.00,0.00,1855.00,2434.38,0.00
7.54,0.00,0.00,0.00,5541.00,0.00,0.00,1855.00,2222.40,0.00
7.55,0.00,0.00,0.00,5541.00,0.00,0.00,1855.00,2028.88,0.00
7.56,0.00,0.00,0.00,5541.00,0.00,0.00,1855.00,1852.22,0.00
7.56,0.00,0.00,0.00,5541.00,0.00,0.00,1855.00,1690.93,0.00
7.57,0.00,0.00,0.00,5541.00,0.00,0.00,1855.00,1543.69,0.00
7.58,0.00,0.00,0.00,5541.00,0.00,0.00,1855.00,1409.28,0.00
7.58,0.00,0.00,0.00,5541.00,0.00,0.00,1855.00,1286.56,0.00
7.59,0.00,0.00,0.00,5541.00,0.00,0.00,1855.00,1174.53,0.00
7.60,0.00,0.00,0.00,5541.00,0.00,0.00,1855.00,1072.26,0.00
7.60,0.00,0.00,0.00,5541.00,0.00,0.00,1855.00,978.89,0.00
7.61,0.00,0.00,0.00,5541.00,0.00,0.00,1855.00,893.65,0.00
7.62,0.00,0.00,0.00,5541.00,0.00,0.00,1855.00,815.84,0.00
7.62,0.00,0.00,0.00,5541.00,0.00,0.00,1855.00,744.80,0.00
7.63,0.00,0.00,0.00,5541.00,0.00,0.00,1855.00,679.94,0.00
7.64,0.00,0.00,0.00,5541.00,0.00,0.00,1855.00,620.74,0.00
7.65,0.00,0.00,0.00,5541.00,0.00,0.00,1855.00,566.68,0.00
7.65,0.00,0.00,0.00,5541.00,0.00,0.00,1855.00,517.34,0.00
7.66,0.00,0.00,0.00,5541.00,0.00,0.00,1855.00,472.29,0.00
7.67,0.00,0.00,0.00,5541.00,0.00,0.00,1855.00,431.17,0.00
7.67,0.00,0.00,0.00,5541.00,0.00,0.00,1855.00,393.62,0.00
7.68,0.00,0.00,0.00,5541.00,0.00,0.00,1855.00,359.35,0.00
7.69,0.00,0.00,0.00,5541.00,0.00,0.00,1855.00,328.06,0.00
7.69,0.00,0.00,0.00,5541.00,0.00,0.00,1855.00,299.49,0.00
7.70,0.00,0.00,0.00,5541.00,0.00,0.00,1855.00,273.41,0.00
7.71,0.00,0.00,0.00,5541.00,0.00,0.00,1855.00,249.60,0.00
7.72,0.00,0.00,0.00,5541.00,0.00,0.00,1855.00,227.87,0.00
7.72,0.00,0.00,0.00,5541.00,0.00,0.00,1855.00,208.03,0.00
7.73,0.00,0.00,0.00,5541.00,0.00,0.00,1855.00,189.91,0.00
7.74,0.00,0.00,0.00,5541.00,0.00,0.00,1855.00,173.38,0.00
7.74,0.00,0.00,0.00,5541.00,0.00,0.00,1855.00,158.28,0.00
7.75,0.00,0.00,0.00,5541.00,0.00,0.00,1855.00,144.50,0.00
7.76,0.00,0.00,0.00,5541.00,0.00,0.00,1855.00,131.92,0.00
7.76,0.00,0.00,0.00,5541.00,0.00,0.00,1855.00,120.43,0.00
7.77,0.00,0.00,0.00,5541.00,0.00,0.00,1855.00,109.94,0.00
7.78,0.00,0.00,0.00,5541.00,0.00,0.00,1855.00,100.37,0.00
7.78,0.00,0.00,0.00,5541.00,0.00,0.00,1855.00,91.63,0.00
7.79,0.00,0.00,0.00,5541.00,0.00,0.00,1855.00,83.65,0.00
7.80,0.00,0.00,0.00,5541.00,0.00,0.00,1855.00,76.37,0.00
7.81,0.00,0.00,0.00,5541.00,0.00,0.00,1855.00,69.72,0.00
7.81,0.00,0.00,0.00,5541.00,0.00,0.00,1855.00,63.65,0.00
7.82,0.00,0.00,0.00,5541.00,0.00,0.00,1855.00,58.10,0.00
7.83,0.00,0.00,0.00,5541.00,0.00,0.00,1855.00,53.04,0.00
7.83,0.00,0.00,0.00,5541.00,0.00,0.00,1855.00,48.43,0.00
7.84,0.00,0.00,0.00,5541.00,0.00,0.00,1855.00,44.21,0.00
7.85,0.00,0.00,0.00,5541.00,0.00,0.00,1855.00,40.36,0.00
7.85,0.00,0.00,0.00,5541.00,0.00,0.00,1855.00,36.85,0.00
7.86,0.00,0.00,0.00,5541.00,0.00,0.00,1855.00,33.64,0.00
7.87,0.00,0.00,0.00,5541.00,0.00,0.00,1855.00,30.71,0.00
7.88,0.00,0.00,0.00,5541.00,0.00,0.00,1855.00,28.03,0.00
7.88,0.00,0.00,0.00,5541.00,0.00,0.00,1855.00,25.59,0.00
7.89,0.00,0.00,0.00,5541.00,0.00,0.00,1855.00,23.36,0.00
7.90,0.00,0.00,0.00,5541.00,0.00,0.00,1855.00,21.33,0.00
7.90,0.00,0.00,0.00,5541.00,0.00,0.00,1855.00,19.47,0.00
7.91,0.00,0.00,0.00,5541.00,0.00,0.00,1855.00,17.78,0.00
7.92,0.00,0.00,0.00,5541.00,0.00,0.00,1855.00,16.23,0.00
7.92,0.00,0.00,0.00,5541.00,0.00,0.00,1855.00,14.82,0.00
7.93,0.00,0.00,0.00,5541.00,0.00,0.00,1855.00,13.53,0.00
7.94,0.00,0.00,0.00,5541.00,0.00,0.00,1855.00,12.35,0.00
7.94,0.00,0.00,0.00,5541.00,0.00,0.00,1855.00,11.27,0.00
7.95,0.00,0.00,0.00,5541.00,0.00,0.00,1855.00,10.29,0.00
7.96,0.00,0.00,0.00,5541.00,0.00,0.00,1855.00,9.40,0.00
7.97,0.00,0.00,0.00,5541.00,0.00,0.00,1855.00,8.58,0.00
7.97,0.00,0.00,0.00,5541.00,0.00,0.00,1855.00,7.83,0.00
7.98,0.00,0.00,0.00,5541.00,0.00,0.00,1855.00,7.15,0.00
7.99,0.00,0.00,0.00,5541.00,0.00,0.00,1855.00,6.53,0.00
7.99,0.00,0.00,0.00,5541.00,0.00,0.00,1855.00,5.96,0.00
8.00,0.00,0.00,0.00,5541.00,0.00,0.00,1855.00,5.44,0.00
8.01,0.00,0.00,0.00,5541.00,0.00,0.00,1855.00,4.97,0.00
8.01,0.00,0.00,0.00,5541.00,0.00,0.00,1855.00,4.53,0.00
8.02,0.00,0.00,0.00,5541.00,0.00,0.00,1855.00,4.14,0.00
8.03,0.00,0.00,0.00,5541.00,0.00,0.00,1855.00,3.78,0.00
8.03,0.00,0.00,0.00,5541.00,0.00,0.00,1855.00,3.45,0.00
8.04,0.00,0.00,0.00,5541.00,0.00,0.00,1855.00,3.15,0.00
8.05,0.00,0.00,0.00,5541.00,0.00,0.00,1855.00,2.87,0.00
8.06,0.00,0.00,0.00,5541.00,0.00,0.00,1855.00,2.62,0.00
8.06,0.00,0.00,0.00,5541.00,0.00,0.00,1855.00,2.40,0.00
8.07,0.00,0.00,0.00,5541.00,0.00,0.00,1855.00,2.19,0.00
8.08,0.00,0.00,0.00,5541.00,0.00,0.00,1855.00,2.00,0.00
8.08,0.00,0.00,0.00,5541.00,0.00,0.00,1855.00,1.82,0.00
8.09,0.00,0.00,0.00,5541.00,0.00,0.00,1855.00,1.66,0.00
8.10,0.00,0.00,0.00,5541.00,0.00,0.00,1855.00,1.52,0.00
8.10,0.00,0.00,0.00,5541.00,0.00,0.00,1855.00,1.39,0.00
8.11,0.00,0.00,0.00,5541.00,0.00,0.00,1855.00,1.27,0.00
8.12,0.00,0.00,0.00,5541.00,0.00,0.00,1855.00,1.16,0.00
8.12,0.00,0.00,0.00,5541.00,0.00,0.00,1855.00,1.06,0.00
8.13,0.00,0.00,0.00,5541.00,0.00,0.00,1855.00,0.96,0.00
8.14,0.00,0.00,0.00,5541.00,0.00,0.00,1855.00,0.88,0.00
8.15,0.00,0.00,0.00,5541.00,0.00,0.00,1855.00,0.80,0.00
8.15,0.00,0.00,0.00,5541.00,0.00,0.00,1855.00,0.73,0.00
8.16,0.00,0.00,0.00,5541.00,0.00,0.00,1855.00,0.67,0.00
8.17,0.00,0.00,0.00,5541.00,0.00,0.00,1855.00,0.61,0.00
8.17,0.00,0.00,0.00,5541.00,0.00,0.00,1855.00,0.56,0.00
8.18,0.00,0.00,0.00,5541.00,0.00,0.00,1855.00,0.51,0.00
8.19,0.00,0.00,0.00,5541.00,0.00,0.00,1855.00,0.46,0.00
8.19,0.00,0.00,0.00,5541.00,0.00,0.00,1855.00,0.42,0.00
8.20,0.00,0.00,0.00,5541.00,0.00,0.00,1855.00,0.39,0.00
8.21,0.00,0.00,0.00,5541.00,0.00,0.00,1855.00,0.35,0.00
8.22,0.00,0.00,0.00,5541.00,0.00,0.00,1855.00,0.32,0.00
8.22,0.00,0.00,0.00,5541.00,0.00,0.00,1855.00,0.29,0.00
8.23,0.00,0.00,0.00,5541.00,0.00,0.00,1855.00,0.27,0.00
8.24,0.00,0.00,0.00,5541.00,0.00,0.00,1855.00,0.25,0.00
8.24,0.00,0.00,0.00,5541.00,0.00,0.00,1855.00,0.22,0.00
8.25,0.00,0.00,0.00,5541.00,0.00,0.00,1855.00,0.20,0.00
8.26,0.00,0.00,0.00,5541.00,0.00,0.00,1855.00,0.19,0.00
8.26,0.00,0.00,0.00,5541.00,0.00,0.00,1855.00,0.17,0.00
8.27,0.00,0.00,0.00,5541.00,0.00,0.00,1855.00,0.16,0.00
8.28,0.00,0.00,0.00,5541.00,0.00,0.00,1855.00,0.14,0.00
8.28,0.00,0.00,0.00,5541.00,0.00,0.00,1855.00,0.13,0.00
8.29,0.00,0.00,0.00,5541.00,0.00,0.00,1855.00,0.12,0.00
8.30,0.00,0.00,0.00,5541.00,0.00,0.00,1855.00,0.11,0.00
8.31,0.00,0.00,0.00,5541.00,0.00,0.00,1855.00,0.10,0.00
8.31,0.00,0.00,0.00,5541.00,0.00,0.00,1855.00,0.09,0.00
8.32,0.00,0.00,0.00,5541.00,0.00,0.00,1855.00,0.08,0.00
8.33,0.00,0.00,0.00,5541.00,0.00,0.00,1855.00,0.08,0.00
8.33,0.00,0.00,0.00,5541.00,0.00,0.00,1855.00,0.07,0.00
8.34,0.00,0.00,0.00,5541.00,0.00,0.00,1855.00,0.06,0.00
8.35,0.00,0.00,0.00,5541.00,0.00,0.00,1855.00,0.06,0.00
8.35,0.00,0.00,0.00,5541.00,0.00,0.00,1855.00,0.05,0.00
8.36,0.00,0.00,0.00,5541.00,0.00,0.00,1855.00,0.05,0.00
8.37,0.00,0.00,0.00,5541.00,0.00,0.00,1855.00,0.04,0.00
8.38,0.00,0.00,0.00,5541.00,0.00,0.00,1855.00,0.04,0.00
8.38,0.00,0.00,0.00,5541.00,0.00,0.00,1855.00,0.04,0.00
8.39,0.00,0.00,0.00,5541.00,0.00,0.00,1855.00,0.03,0.00
8.40,0.00,0.00,0.00,5541.00,0.00,0.00,1855.00,0.03,0.00
8.40,0.00,0.00,0.00,5541.00,0.00,0.00,1855.00,0.03,0.00
8.41,0.00,0.00,0.00,5541.00,0.00,0.00,1855.00,0.03,0.00
8.42,0.00,0.00,0.00,5541.00,0.00,0.00,1855.00,0.02,0.00
8.42,0.00,0.00,0.00,5541.00,0.00,0.00,1855.00,0.02,0.00
8.43,0.00,0.00,0.00,5541.00,0.00,0.00,1855.00,0.02,0.00
8.44,0.00,0.00,0.00,5541.00,0.00,0.00,1855.00,0.02,0.00
8.44,0.00,0.00,0.00,5541.00,0.00,0.00,1855.00,0.02,0.00
8.45,0.00,0.00,0.00,5541.00,0.00,0.00,1855.00,0.01,0.00
8.46,0.00,0.00,0.00,5541.00,0.00,0.00,1855.00,0.01,0.00
8.47,0.00,0.00,0.00,5541.00,0.00,0.00,1855.00,0.01,0.00
8.47,0.00,0.00,0.00,5541.00,0.00,0.00,1855.00,0.01,0.00
8.48,0.00,0.00,0.00,5541.00,0.00,0.00,1855.00,0.01,0.00
8.49,0.00,0.00,0.00,5541.00,0.00,0.00,1855.00,0.01,0.00
8.49,0.00,0.00,0.00,5541.00,0.00,0.00,1855.00,0.01,0.00
8.50,0.00,0.00,0.00,5541.00,0.00,0.00,1855.00,0.01,0.00
8.51,0.00,0.00,0.00,5541.00,0.00,0.00,1855.00,0.01,0.00
8.51,0.00,0.00,0.00,5541.00,0.00,0.00,1855.00,0.01,0.00
8.52,0.00,0.00,0.00,5541.00,0.00,0.00,1855.00,0.01,0.00
8.53,0.00,0.00,0.00,5541.00,0.00,0.00,1855.00,0.01,0.00
8.53,0.00,0.00,0.00,5541.00,0.00,0.00,1855.00,0.00,0.00
8.54,0.00,0.00,0.00,5541.00,0.00,0.00,1855.00,0.00,0.00
8.55,0.00,0.00,0.00,5541.00,0.00,0.00,1855.00,0.00,0.00
8.56,0.00,0.00,0.00,5541.00,0.00,0.00,1855.00,0.00,0.00
8.56,0.00,0.00,0.00,5541.00,0.00,0.00,1855.00,0.00,0.00
8.57,0.00,0.00,0.00,5541.00,0.00,0.00,1855.00,0.00,0.00
8.58,0.00,0.00,0.00,5541.00,0.00,0.00,1855.00,0.00,0.00
8.58,0.00,0.00,0.00,5541.00,0.00,0.00,1855.00,0.00,0.00
8.59,0.00,0.00,0.00,5541.00,0.00,0.00,1855.00,0.00,0.00
8.60,0.00,0.00,0.00,5541.00,0.00,0.00,1855.00,0.00,0.00
8.60,0.00,0.00,0.00,5541.00,0.00,0.00,1855.00,0.00,0.00
8.61,0.00,0.00,0.00,5541.00,0.00,0.00,1855.00,0.00,0.00
8.62,0.00,0.00,0.00,5541.00,0.00,0.00,1855.00,0.00,0.00
8.62,0.00,0.00,0.00,5541.00,0.00,0.00,1855.00,0.00,0.00
8.63,0.00,0.00,0.00,5541.00,0.00,0.00,1855.00,0.00,0.00
8.64,0.00,0.00,0.00,5541.00,0.00,0.00,1855.00,0.00,0.00
8.65,0.00,0.00,0.00,5541.00,0.00,0.00,1855.00,0.00,0.00
8.65,0.00,0.00,0.00,5541.00,0.00,0.00,1855.00,0.00,0.00
8.66,0.00,0.00,0.00,5541.00,0.00,0.00,1855.00,0.00,0.00
8.67,0.00,0.00,0.00,5541.00,0.00,0.00,1855.00,0.00,0.00
8.67,0.00,0.00,0.00,5541.00,0.00,0.00,1855.00,0.00,0.00
8.68,0.00,0.00,0.00,5541.00,0.00,0.00,1855.00,0.00,0.00
8.69,0.00,0.00,0.00,5541.00,0.00,0.00,1855.00,0.00,0.00
8.69,0.00,0.00,0.00,5541.00,0.00,0.00,1855.00,0.00,0.00
8.70,0.00,0.00,0.00,5541.00,0.00,0.00,1855.00,0.00,0.00
8.71,0.00,0.00,0.00,5541.00,0.00,0.00,1855.00,0.00,0.00
8.72,0.00,0.00,0.00,5541.00,0.00,0.00,1855.00,0.00,0.00
8.72,0.00,0.00,0.00,5541.00,0.00,0.00,1855.00,0.00,0.00
8.73,0.00,0.00,0.00,5541.00,0.00,0.00,1855.00,0.00,0.00
8.74,0.00,0.00,0.00,5541.00,0.00,0.00,1855.00,0.00,0.00
8.74,0.00,0.00,0.00,5541.00,0.00,0.00,1855.00,0.00,0.00
8.75,0.00,0.00,0.00,5541.00,0.00,0.00,1855.00,0.00,0.00
8.76,0.00,0.00,0.00,5541.00,0.00,0.00,1855.00,0.00,0.00
8.76,0.00,0.00,0.00,5541.00,0.00,0.00,1855.00,0.00,0.00
8.77,0.00,0.00,0.00,5541.00,0.00,0.00,1855.00,0.00,0.00
8.78,0.00,0.00,0.00,5541.00,0.00,0.00,1855.00,0.00,0.00
8.78,0.00,0.00,0.00,5541.00,0.00,0.00,1855.00,0.00,0.00
8.79,0.00,0.00,0.00,5541.00,0.00,0.00,1855.00,0.00,0.00
8.80,0.00,0.00,0.00,5541.00,0.00,0.00,1855.00,0.00,0.00
8.81,0.00,0.00,0.00,5541.00,0.00,0.00,1855.00,0.00,0.00
8.81,0.00,0.00,0.00,5541.00,0.00,0.00,1855.00,0.00,0.00
8.82,0.00,0.00,0.00,5541.00,0.00,0.00,1855.00,0.00,0.00
8.83,0.00,0.00,0.00,5541.00,0.00,0.00,1855.00,0.00,0.00
8.83,0.00,0.00,0.00,5541.00,0.00,0.00,1855.00,0.00,0.00
8.84,0.00,0.00,0.00,5541.00,0.00,0.00,1855.00,0.00,0.00
8.85,0.00,0.00,0.00,5541.00,0.00,0.00,1855.00,0.00,0.00
8.85,0.00,0.00,0.00,5541.00,0.00,0.00,1855.00,0.00,0.00
8.86,0.00,0.00,0.00,5541.00,0.00,0.00,1855.00,0.00,0.00
8.87,0.00,0.00,0.00,5541.00,0.00,0.00,1855.00,0.00,0.00
8.88,0.00,0.00,0.00,5541.00,0.00,0.00,1855.00,0.00,0.00
8.88,0.00,0.00,0.00,5541.00,0.00,0.00,1855.00,0.00,0.00
8.89,0.00,0.00,0.00,5541.00,0.00,0.00,1855.00,0.00,0.00
8.90,0.00,0.00,0.00,5541.00,0.00,0.00,1855.00,0.00,0.00
8.90,0.00,0.00,0.00,5541.00,0.00,0.00,1855.00,0.00,0.00
8.91,0.00,0.00,0.00,5541.00,0.00,0.00,1855.00,0.00,0.00
8.92,0.00,0.00,0.00,5541.00,0.00,0.00,1855.00,0.00,0.00
8.92,0.00,0.00,0.00,5541.00,0.00,0.00,1855.00,0.00,0.00
8.93,0.00,0.00,0.00,5541.00,0.00,0.00,1855.00,0.00,0.00
8.94,0.00,0.00,0.00,5541.00,0.00,0.00,1855.00,0.00,0.00
8.94,0.00,0.00,0.00,5541.00,0.00,0.00,1855.00,0.00,0.00
8.95,0.00,0.00,0.00,5541.00,0.00,0.00,1855.00,0.00,0.00
8.96,0.00,0.00,0.00,5541.00,0.00,0.00,1855.00,0.00,0.00
8.97,0.00,0.00,0.00,5541.00,0.00,0.00,1855.00,0.00,0.00
8.97,0.00,0.00,0.00,5541.00,0.00,0.00,1855.00,0.00,0.00
8.98,0.00,0.00,0.00,5541.00,0.00,0.00,1855.00,0.00,0.00
8.99,0.00,0.00,0.00,5541.00,0.00,0.00,1855.00,0.00,0.00
8.99,0.00,0.00,0.00,5541.00,0.00,0.00,1855.00,0.00,0.00
9.00,0.00,0.00,0.00,5541.00,0.00,0.00,1855.00,0.00,0.00
9.01,0.00,0.00,0.00,5541.00,0.00,0.00,1855.00,0.00,0.00
9.01,0.00,0.00,0.00,5541.00,0.00,0.00,1855.00,0.00,0.00
9.02,0.00,0.00,0.00,5541.00,0.00,0.00,1855.00,0.00,0.00
9.03,0.00,0.00,0.00,5541.00,0.00,0.00,1855.00,0.00,0.00
9.03,0.00,0.00,0.00,5541.00,0.00,0.00,1855.00,0.00,0.00
9.04,0.00,0.00,0.00,5541.00,0.00,0.00,1855.00,0.00,0.00
9.05,0.00,0.00,0.00,5541.00,0.00,0.00,1855.00,0.00,0.00
9.06,0.00,0.00,0.00,5541.00,0.00,0.00,1855.00,0.00,0.00
9.06,0.00,0.00,0.00,5541.00,0.00,0.00,1855.00,0.00,0.00
9.07,0.00,0.00,0.00,5541.00,0.00,0.00,1855.00,0.00,0.00
9.08,0.00,0.00,0.00,5541.00,0.00,0.00,1855.00,0.00,0.00
9.08,0.00,0.00,0.00,5541.00,0.00,0.00,1855.00,0.00,0.00
9.09,0.00,0.00,0.00,5541.00,0.00,0.00,1855.00,0.00,0.00
9.10,0.00,0.00,0.00,5541.00,0.00,0.00,1855.00,0.00,0.00
9.10,0.00,0.00,0.00,5541.00,0.00,0.00,1855.00,0.00,0.00
9.11,0.00,0.00,0.00,5541.00,0.00,0.00,1855.00,0.00,0.00
9.12,0.00,0.00,0.00,5541.00,0.00,0.00,1855.00,0.00,0.00
9.12,0.00,0.00,0.00,5541.00,0.00,0.00,1855.00,0.00,0.00
9.13,0.00,0.00,0.00,5541.00,0.00,0.00,1855.00,0.00,0.00
9.14,0.00,0.00,0.00,5541.00,0.00,0.00,1855.00,0.00,0.00
9.15,0.00,0.00,0.00,5541.00,0.00,0.00,1855.00,0.00,0.00
9.15,0.00,0.00,0.00,5541.00,0.00,0.00,1855.00,0.00,0.00
9.16,0.00,0.00,0.00,5541.00,0.00,0.00,1855.00,0.00,0.00
9.17,0.00,0.00,0.00,5541.00,0.00,0.00,1855.00,0.00,0.00
9.17,0.00,0.00,0.00,5541.00,0.00,0.00,1855.00,0.00,0.00
9.18,0.00,0.00,0.00,5541.00,0.00,0.00,1855.00,0.00,0.00
9.19,0.00,0.00,0.00,5541.00,0.00,0.00,1855.00,0.00,0.00
9.19,0.00,0.00,0.00,5541.00,0.00,0.00,1855.00,0.00,0.00
9.20,0.00,0.00,0.00,5541.00,0.00,0.00,1855.00,0.00,0.00
9.21,0.00,0.00,0.00,5541.00,0.00,0.00,1855.00,0.00,0.00
9.22,0.00,0.00,0.00,5541.00,0.00,0.00,1855.00,0.00,0.00
9.22,0.00,0.00,0.00,5541.00,0.00,0.00,1855.00,0.00,0.00
9.23,0.00,0.00,0.00,5541.00,0.00,0.00,1855.00,0.00,0.00
9.24,0.00,0.00,0.00,5541.00,0.00,0.00,1855.00,0.00,0.00
9.24,0.00,0.00,0.00,5541.00,0.00,0.00,1855.00,0.00,0.00
9.25,0.00,0.00,0.00,5541.00,0.00,0.00,1855.00,0.00,0.00
9.26,0.00,0.00,0.00,5541.00,0.00,0.00,1855.00,0.00,0.00
9.26,0.00,0.00,0.00,5541.00,0.00,0.00,1855.00,0.00,0.00
9.27,0.00,0.00,0.00,5541.00,0.00,0.00,1855.00,0.00,0.00
9.28,0.00,0.00,0.00,5541.00,0.00,0.00,1855.00,0.00,0.00
9.28,0.00,0.00,0.00,5541.00,0.00,0.00,1855.00,0.00,0.00
9.29,0.00,0.00,0.00,5541.00,0.00,0.00,1855.00,0.00,0.00
9.30,0.00,0.00,0.00,5541.00,0.00,0.00,1855.00,0.00,0.00
9.31,0.00,0.00,0.00,5541.00,0.00,0.00,1855.00,0.00,0.00
9.31,0.00,0.00,0.00,5541.00,0.00,0.00,1855.00,0.00,0.00
9.32,0.00,0.00,0.00,5541.00,0.00,0.00,1855.00,0.00,0.00
9.33,0.00,0.00,0.00,5541.00,0.00,0.00,1855.00,0.00,0.00
9.33,0.00,0.00,0.00,5541.00,0.00,0.00,1855.00,0.00,0.00
9.34,0.00,0.00,0.00,5541.00,0.00,0.00,1855.00,0.00,0.00
9.35,0.00,0.00,0.00,5541.00,0.00,0.00,1855.00,0.00,0.00
9.35,0.00,0.00,0.00,5541.00,0.00,0.00,1855.00,0.00,0.00
9.36,0.00,0.00,0.00,5541.00,0.00,0.00,1855.00,0.00,0.00
9.37,0.00,0.00,0.00,5541.00,0.00,0.00,1855.00,0.00,0.00
9.38,0.00,0.00,0.00,5541.00,0.00,0.00,1855.00,0.00,0.00
9.38,0.00,0.00,0.00,5541.00,0.00,0.00,1855.00,0.00,0.00
9.39,0.00,0.00,0.00,5541.00,0.00,0.00,1855.00,0.00,0.00
9.40,0.00,0.00,0.00,5541.00,0.00,0.00,1855.00,0.00,0.00
9.40,0.00,0.00,0.00,5541.00,0.00,0.00,1855.00,0.00,0.00
9.41,0.00,0.00,0.00,5541.00,0.00,0.00,1855.00,0.00,0.00
9.42,0.00,0.00,0.00,5541.00,0.00,0.00,1855.00,0.00,0.00
9.42,0.00,0.00,0.00,5541.00,0.00,0.00,1855.00,0.00,0.00
9.43,0.00,0.00,0.00,5541.00,0.00,0.00,1855.00,0.00,0.00
9.44,0.00,0.00,0.00,5541.00,0.00,0.00,1855.00,0.00,0.00
9.44,0.00,0.00,0.00,5541.00,0.00,0.00,1855.00,0.00,0.00
9.45,0.00,0.00,0.00,5541.00,0.00,0.00,1855.00,0.00,0.00
9.46,0.00,0.00,0.00,5541.00,0.00,0.00,1855.00,0.00,0.00
9.47,0.00,0.00,0.00,5541.00,0.00,0.00,1855.00,0.00,0.00
9.47,0.00,0.00,0.00,5541.00,0.00,0.00,1855.00,0.00,0.00
9.48,0.00,0.00,0.00,5541.00,0.00,0.00,1855.00,0.00,0.00
9.49,0.00,0.00,0.00,5541.00,0.00,0.00,1855.00,0.00,0.00
9.49,0.00,0.00,0.00,5541.00,0.00,0.00,1855.00,0.00,0.00
9.50,0.00,0.00,0.00,5541.00,0.00,0.00,1855.00,0.00,0.00
9.51,0.00,0.00,0.00,5541.00,0.00,0.00,1855.00,0.00,0.00
9.51,0.00,0.00,0.00,5541.00,0.00,0.00,1855.00,0.00,0.00
9.52,0.00,0.00,0.00,5541.00,0.00,0.00,1855.00,0.00,0.00
9.53,0.00,0.00,0.00,5541.00,0.00,0.00,1855.00,0.00,0.00
9.53,0.00,0.00,0.00,5541.00,0.00,0.00,1855.00,0.00,0.00
9.54,0.00,0.00,0.00,5541.00,0.00,0.00,1855.00,0.00,0.00
9.55,0.00,0.00,0.00,5541.00,0.00,0.00,1855.00,0.00,0.00
9.56,0.00,0.00,0.00,5541.00,0.00,0.00,1855.00,0.00,0.00
9.56,0.00,0.00,0.00,5541.00,0.00,0.00,1855.00,0.00,0.00
9.57,0.00,0.00,0.00,5541.00,0.00,0.00,1855.00,0.00,0.00
9.58,0.00,0.00,0.00,5541.00,0.00,0.00,1855.00,0.00,0.00
9.58,0.00,0.00,0.00,5541.00,0.00,0.00,1855.00,0.00,0.00
9.59,0.00,0.00,0.00,5541.00,0.00,0.00,1855.00,0.00,0.00
9.60,0.00,0.00,0.00,5541.00,0.00,0.00,1855.00,0.00,0.00
9.60,0.00,0.00,0.00,5541.00,0.00,0.00,1855.00,0.00,0.00
9.61,0.00,0.00,0.00,5541.00,0.00,0.00,1855.00,0.00,0.00
9.62,0.00,0.00,0.00,5541.00,0.00,0.00,1855.00,0.00,0.00
9.62,0.00,0.00,0.00,5541.00,0.00,0.00,1855.00,0.00,0.00
9.63,0.00,0.00,0.00,5541.00,0.00,0.00,1855.00,0.00,0.00
9.64,0.00,0.00,0.00,5541.00,0.00,0.00,1855.00,0.00,0.00
9.65,0.00,0.00,0.00,5541.00,0.00,0.00,1855.00,0.00,0.00
9.65,0.00,0.00,0.00,5541.00,0.00,0.00,1855.00,0.00,0.00
9.66,0.00,0.00,0.00,5541.00,0.00,0.00,1855.00,0.00,0.00
9.67,0.00,0.00,0.00,5541.00,0.00,0.00,1855.00,0.00,0.00
9.67,0.00,0.00,0.00,5541.00,0.00,0.00,1855.00,0.00,0.00
9.68,0.00,0.00,0.00,5541.00,0.00,0.00,1855.00,0.00,0.00
9.69,0.00,0.00,0.00,5541.00,0.00,0.00,1855.00,0.00,0.00
9.69,0.00,0.00,0.00,5541.00,0.00,0.00,1855.00,0.00,0.00
9.70,0.00,0.00,0.00,5541.00,0.00,0.00,1855.00,0.00,0.00
9.71,0.00,0.00,0.00,5541.00,0.00,0.00,1855.00,0.00,0.00
9.72,0.00,0.00,0.00,5541.00,0.00,0.00,1855.00,0.00,0.00
9.72,0.00,0.00,0.00,5541.00,0.00,0.00,1855.00,0.00,0.00
9.73,0.00,0.00,0.00,5541.00,0.00,0.00,1855.00,0.00,0.00
9.74,0.00,0.00,0.00,5541.00,0.00,0.00,1855.00,0.00,0.00
9.74,0.00,0.00,0.00,5541.00,0.00,0.00,1855.00,0.00,0.00
9.75,0.00,0.00,0.00,5541.00,0.00,0.00,1855.00,0.00,0.00
9.76,0.00,0.00,0.00,5541.00,0.00,0.00,1855.00,0.00,0.00
9.76,0.00,0.00,0.00,5541.00,0.00,0.00,1855.00,0.00,0.00
9.77,0.00,0.00,0.00,5541.00,0.00,0.00,1855.00,0.00,0.00
9.78,0.00,0.00,0.00,5541.00,0.00,0.00,1855.00,0.00,0.00
9.78,0.00,0.00,0.00,5541.00,0.00,0.00,1855.00,0.00,0.00
9.79,0.00,0.00,0.00,5541.00,0.00,0.00,1855.00,0.00,0.00
9.80,0.00,0.00,0.00,5541.00,0.00,0.00,1855.00,0.00,0.00
9.81,0.00,0.00,0.00,5541.00,0.00,0.00,1855.00,0.00,0.00
9.81,0.00,0.00,0.00,5541.00,0.00,0.00,1855.00,0.00,0.00
9.82,0.00,0.00,0.00,5541.00,0.00,0.00,1855.00,0.00,0.00
9.83,0.00,0.00,0.00,5541.00,0.00,0.00,1855.00,0.00,0.00
9.83,0.00,0.00,0.00,5541.00,0.00,0.00,1855.00,0.00,0.00
9.84,0.00,0.00,0.00,5541.00,0.00,0.00,1855.00,0.00,0.00
9.85,0.00,0.00,0.00,5541.00,0.00,0.00,1855.00,0.00,0.00
9.85,0.00,0.00,0.00,5541.00,0.00,0.00,1855.00,0.00,0.00
9.86,0.00,0.00,0.00,5541.00,0.00,0.00,1855.00,0.00,0.00
9.87,0.00,0.00,0.00,5541.00,0.00,0.00,1855.00,0.00,0.00
9.88,0.00,0.00,0.00,5541.00,0.00,0.00,1855.00,0.00,0.00
9.88,0.00,0.00,0.00,5541.00,0.00,0.00,1855.00,0.00,0.00
9.89,0.00,0.00,0.00,5541.00,0.00,0.00,1855.00,0.00,0.00
9.90,0.00,0.00,0.00,5541.00,0.00,0.00,1855.00,0.00,0.00
9.90,0.00,0.00,0.00,5541.00,0.00,0.00,1855.00,0.00,0.00
9.91,0.00,0.00,0.00,5541.00,0.00,0.00,1855.00,0.00,0.00
9.92,0.00,0.00,0.00,5541.00,0.00,0.00,1855.00,0.00,0.00
9.92,0.00,0.00,0.00,5541.00,0.00,0.00,1855.00,0.00,0.00
9.93,0.00,0.00,0.00,5541.00,0.00,0.00,1855.00,0.00,0.00
9.94,0.00,0.00,0.00,5541.00,0.00,0.00,1855.00,0.00,0.00
9.94,0.00,0.00,0.00,5541.00,0.00,0.00,1855.00,0.00,0.00
9.95,0.00,0.00,0.00,5541.00,0.00,0.00,1855.00,0.00,0.00
9.96,0.00,0.00,0.00,5541.00,0.00,0.00,1855.00,0.00,0.00
9.97,0.00,0.00,0.00,5541.00,0.00,0.00,1855.00,0.00,0.00
9.97,0.00,0.00,0.00,5541.00,0.00,0.00,1855.00,0.00,0.00
9.98,0.00,0.00,0.00,5541.00,0.00,0.00,1855.00,0.00,0.00
9.99,0.00,0.00,0.00,5541.00,0.00,0.00,1855.00,0.00,0.00
9.99,0.00,0.00,0.00,5541.00,0.00,0.00,1855.00,0.00,0.00
