Time,U,AI1,AI2,AD,BI2,BI2,BD,VA,VB
0.00,7396.00,0.00,0.00,0.00,0.00,0.00,0.00,75.00,75.00
0.01,7395.00,1.00,0.00,0.00,0.00,0.00,0.00,68.52,68.47
0.01,7391.00,2.00,0.00,0.00,3.00,0.00,0.00,62.60,62.51
0.02,7390.00,3.00,0.00,0.00,3.00,0.00,0.00,57.19,57.06
0.03,7387.00,5.00,0.00,0.00,4.00,0.00,0.00,52.25,52.10
0.03,7387.00,5.00,0.00,0.00,4.00,0.00,0.00,47.73,47.56
0.04,7386.00,5.00,0.00,0.00,5.00,0.00,0.00,43.61,43.42
0.05,7386.00,5.00,0.00,0.00,5.00,0.00,0.00,39.84,39.64
0.06,7386.00,5.00,0.00,0.00,5.00,0.00,0.00,36.40,36.19
0.06,7385.00,5.00,0.00,0.00,5.00,1.00,0.00,33.25,48.06
0.07,7385.00,5.00,0.00,0.00,5.00,0.00,1.00,30.38,43.87
0.08,7384.00,6.00,0.00,0.00,5.00,0.00,1.00,27.75,40.05
0.08,7384.00,6.00,0.00,0.00,4.00,1.00,1.00,25.36,51.59
0.09,7382.00,7.00,0.00,0.00,5.00,1.00,1.00,23.17,62.12
0.10,7380.00,7.00,0.00,0.00,7.00,1.00,1.00,21.16,71.73
0.10,7378.00,8.00,0.00,0.00,7.00,2.00,1.00,19.34,95.53
0.11,7377.00,8.00,0.00,0.00,8.00,2.00,1.00,17.66,117.26
0.12,7375.00,8.00,0.00,0.00,9.00,3.00,1.00,16.14,152.12
0.12,7372.00,8.00,0.00,0.00,12.00,3.00,1.00,14.74,183.94
0.13,7371.00,8.00,0.00,0.00,13.00,3.00,1.00,13.47,213.00
0.14,7370.00,7.00,1.00,0.00,13.00,4.00,1.00,13.81,254.54
0.15,7365.00,7.00,1.00,0.00,17.00,5.00,1.00,14.12,307.49
0.15,7363.00,7.00,1.00,0.00,19.00,5.00,1.00,14.40,355.83
0.16,7361.00,7.00,1.00,0.00,20.00,6.00,1.00,14.66,414.99
0.17,7358.00,7.00,1.00,0.00,21.00,8.00,1.00,14.89,499.04
0.17,7355.00,7.00,1.00,0.00,24.00,8.00,1.00,15.11,575.77
0.18,7349.00,8.00,1.00,0.00,26.00,11.00,1.00,15.31,690.89
0.19,7347.00,8.00,1.00,0.00,27.00,12.00,1.00,15.49,811.00
0.19,7342.00,8.00,1.00,0.00,32.00,12.00,1.00,15.65,920.66
0.20,7337.00,8.00,1.00,0.00,36.00,11.00,3.00,15.80,1005.75
0.21,7326.00,8.00,0.00,1.00,45.00,12.00,4.00,14.43,1098.45
0.22,7318.00,8.00,0.00,1.00,52.00,12.00,5.00,13.19,1183.08
0.22,7313.00,8.00,0.00,1.00,56.00,13.00,5.00,12.05,1275.36
0.23,7306.00,6.00,2.00,1.00,61.00,15.00,5.00,14.01,1389.66
0.24,7300.00,6.00,2.00,1.00,65.00,17.00,5.00,15.81,1524.04
0.24,7292.00,6.00,2.00,1.00,69.00,21.00,5.00,17.44,1706.82
0.25,7283.00,6.00,2.00,1.00,72.00,27.00,5.00,18.94,1963.82
0.26,7268.00,7.00,2.00,1.00,83.00,30.00,5.00,20.31,2243.51
0.26,7251.00,7.00,1.00,2.00,99.00,30.00,6.00,20.06,2498.85
0.27,7236.00,6.00,2.00,2.00,111.00,30.00,9.00,21.33,2731.96
0.28,7221.00,6.00,2.00,2.00,123.00,33.00,9.00,22.49,2989.83
0.28,7212.00,6.00,2.00,2.00,128.00,37.00,9.00,23.55,3285.34
0.29,7200.00,6.00,2.00,2.00,134.00,43.00,9.00,24.52,3645.26
0.30,7184.00,7.00,2.00,2.00,143.00,47.00,11.00,25.41,4033.94
0.31,7173.00,7.00,2.00,2.00,149.00,49.00,14.00,26.22,4418.81
0.31,7162.00,7.00,2.00,2.00,156.00,51.00,16.00,26.96,4800.22
0.32,7147.00,7.00,2.00,2.00,166.00,54.00,18.00,27.63,5193.48
0.33,7133.00,7.00,2.00,2.00,175.00,57.00,20.00,28.25,5597.57
0.33,7112.00,7.00,2.00,2.00,188.00,63.00,22.00,28.81,6056.62
0.34,7101.00,7.00,2.00,2.00,190.00,70.00,24.00,29.33,6580.85
0.35,7089.00,6.00,3.00,2.00,194.00,77.00,25.00,31.30,7164.60
0.35,7069.00,6.00,3.00,2.00,208.00,81.00,27.00,33.10,7757.61
0.36,7051.00,8.00,3.00,2.00,219.00,85.00,28.00,34.75,8359.07
0.37,7020.00,9.00,3.00,2.00,242.00,89.00,31.00,36.25,8968.25
0.38,6992.00,9.00,2.00,3.00,264.00,95.00,31.00,36.13,9614.53
0.38,6957.00,8.00,3.00,3.00,293.00,101.00,31.00,37.51,10294.67
0.39,6939.00,8.00,3.00,3.00,305.00,104.00,34.00,38.78,10960.66
0.40,6916.00,8.00,3.00,3.00,320.00,112.00,34.00,39.93,11688.84
0.40,6893.00,7.00,4.00,3.00,332.00,120.00,37.00,42.49,12473.80
0.41,6871.00,7.00,4.00,3.00,344.00,127.00,40.00,44.83,13295.57
0.42,6839.00,7.00,4.00,3.00,364.00,137.00,42.00,46.96,14196.01
0.42,6818.00,6.00,5.00,3.00,368.00,150.00,46.00,50.42,15213.35
0.43,6781.00,8.00,5.00,3.00,396.00,155.00,48.00,53.57,16217.21
0.44,6758.00,8.00,5.00,3.00,407.00,164.00,51.00,56.46,17268.88
0.44,6738.00,8.00,5.00,3.00,414.00,173.00,55.00,59.09,18364.17
0.45,6709.00,8.00,5.00,3.00,422.00,193.00,56.00,61.50,19664.56
0.46,6662.00,7.00,5.00,4.00,455.00,206.00,57.00,63.69,21047.01
0.47,6630.00,8.00,5.00,4.00,476.00,211.00,62.00,65.70,22384.20
0.47,6594.00,9.00,4.00,5.00,500.00,219.00,65.00,66.03,23725.14
0.48,6558.00,9.00,4.00,5.00,524.00,225.00,71.00,66.34,25039.45
0.49,6522.00,9.00,4.00,5.00,547.00,233.00,76.00,66.61,26359.50
0.49,6489.00,11.00,4.00,5.00,561.00,247.00,79.00,66.87,27774.94
0.50,6446.00,11.00,4.00,5.00,589.00,261.00,80.00,67.10,29277.44
0.51,6416.00,11.00,4.00,5.00,601.00,276.00,83.00,67.31,30874.46
0.51,6369.00,11.00,4.00,5.00,627.00,292.00,88.00,67.50,32572.79
0.52,6327.00,12.00,4.00,5.00,645.00,312.00,91.00,67.68,34423.70
0.53,6282.00,12.00,4.00,5.00,669.00,331.00,93.00,67.84,36398.87
0.53,6245.00,10.00,6.00,5.00,685.00,350.00,95.00,70.99,38487.50
0.54,6195.00,10.00,6.00,5.00,719.00,360.00,101.00,73.87,40544.49
0.55,6143.00,12.00,6.00,5.00,737.00,387.00,106.00,76.50,42827.99
0.56,6097.00,13.00,6.00,5.00,762.00,403.00,110.00,78.91,45153.02
0.56,6055.00,15.00,6.00,5.00,777.00,424.00,114.00,81.10,47591.08
0.57,6005.00,15.00,6.00,5.00,798.00,447.00,120.00,83.11,50162.37
0.58,5962.00,16.00,5.00,6.00,820.00,463.00,124.00,83.44,52750.14
0.58,5899.00,16.00,5.00,6.00,855.00,482.00,133.00,83.74,55398.02
0.59,5841.00,15.00,6.00,6.00,890.00,504.00,134.00,85.52,58145.83
0.60,5798.00,15.00,6.00,6.00,914.00,520.00,137.00,87.14,60894.75
0.60,5748.00,14.00,7.00,6.00,933.00,546.00,142.00,90.13,63794.91
0.61,5696.00,15.00,6.00,7.00,958.00,565.00,149.00,91.36,66727.97
0.62,5651.00,15.00,6.00,7.00,978.00,588.00,151.00,92.48,69751.16
0.62,5589.00,17.00,8.00,7.00,1000.00,619.00,156.00,96.50,72976.82
0.63,5534.00,16.00,10.00,7.00,1023.00,646.00,160.00,103.19,76327.23
0.64,5480.00,17.00,11.00,7.00,1038.00,678.00,165.00,110.80,79866.64
0.65,5420.00,17.00,12.00,7.00,1065.00,708.00,167.00,119.25,83548.55
0.65,5353.00,18.00,12.00,7.00,1101.00,731.00,174.00,126.97,87255.38
0.66,5291.00,19.00,12.00,7.00,1127.00,759.00,181.00,134.03,91060.08
0.67,5245.00,21.00,12.00,7.00,1134.00,791.00,186.00,140.48,95014.22
0.67,5190.00,21.00,12.00,7.00,1150.00,824.00,192.00,146.37,99119.82
0.68,5141.00,21.00,13.00,7.00,1172.00,841.00,201.00,153.25,103123.31
0.69,5080.00,21.00,13.00,8.00,1194.00,872.00,208.00,159.54,107243.91
0.69,5028.00,23.00,13.00,8.00,1212.00,896.00,216.00,165.28,111366.26
0.70,4973.00,23.00,13.00,8.00,1222.00,935.00,222.00,170.53,115715.55
0.71,4904.00,24.00,13.00,8.00,1255.00,962.00,230.00,175.33,120091.75
0.72,4844.00,24.00,13.00,8.00,1275.00,996.00,236.00,179.71,124597.67
0.72,4781.00,24.00,14.00,8.00,1300.00,1029.00,240.00,185.21,129207.00
0.73,4723.00,24.00,14.00,8.00,1329.00,1052.00,246.00,190.24,133760.50
0.74,4660.00,26.00,14.00,8.00,1348.00,1090.00,250.00,194.83,138488.37
0.74,4612.00,27.00,14.00,9.00,1353.00,1122.00,259.00,199.03,143285.30
0.75,4542.00,30.00,14.00,9.00,1380.00,1151.00,270.00,202.87,148100.21
0.76,4468.00,30.00,14.00,10.00,1410.00,1188.00,276.00,206.37,153051.71
0.76,4391.00,31.00,14.00,10.00,1447.00,1222.00,281.00,209.57,158082.83
0.77,4317.00,31.00,14.00,10.00,1478.00,1258.00,288.00,212.49,163216.70
0.78,4252.00,31.00,15.00,10.00,1483.00,1313.00,292.00,216.67,168729.81
0.78,4191.00,28.00,18.00,10.00,1506.00,1346.00,297.00,224.99,174258.61
0.79,4125.00,29.00,17.00,11.00,1526.00,1382.00,306.00,231.09,179846.83
0.80,4060.00,31.00,17.00,11.00,1559.00,1408.00,310.00,236.66,185339.04
0.81,3980.00,30.00,19.00,11.00,1590.00,1446.00,320.00,244.75,190923.90
0.81,3913.00,31.00,20.00,11.00,1607.00,1484.00,330.00,253.65,196593.32
0.82,3840.00,31.00,20.00,11.00,1632.00,1527.00,335.00,261.78,202415.07
0.83,3780.00,31.00,20.00,11.00,1650.00,1559.00,345.00,269.21,208210.63
0.83,3720.00,32.00,20.00,11.00,1668.00,1593.00,352.00,275.99,214012.31
0.84,3645.00,32.00,19.00,13.00,1678.00,1647.00,362.00,280.69,220120.06
0.85,3591.00,31.00,21.00,13.00,1680.00,1691.00,369.00,287.98,226356.99
0.85,3520.00,30.00,22.00,13.00,1703.00,1733.00,375.00,296.15,232681.80
0.86,3449.00,31.00,22.00,13.00,1725.00,1776.00,380.00,303.61,239101.86
0.87,3394.00,32.00,23.00,13.00,1730.00,1815.00,389.00,311.93,245548.80
0.88,3323.00,32.00,25.00,13.00,1750.00,1855.00,398.00,322.53,252035.28
0.88,3257.00,29.00,28.00,13.00,1774.00,1891.00,404.00,336.73,258497.79
0.89,3188.00,28.00,29.00,13.00,1797.00,1928.00,413.00,351.20,264953.41
0.90,3136.00,30.00,28.00,14.00,1789.00,1979.00,420.00,362.92,271613.09
0.90,3070.00,30.00,28.00,14.00,1807.00,2019.00,428.00,373.63,278293.79
0.91,3004.00,31.00,28.00,15.00,1831.00,2050.00,437.00,383.41,284858.48
0.92,2935.00,31.00,28.00,15.00,1850.00,2094.00,443.00,392.34,291512.56
0.92,2883.00,30.00,29.00,15.00,1854.00,2137.00,448.00,402.01,298233.23
0.93,2830.00,30.00,27.00,17.00,1867.00,2172.00,453.00,407.83,304894.49
0.94,2782.00,31.00,27.00,17.00,1867.00,2210.00,462.00,413.16,311546.60
0.94,2718.00,30.00,27.00,18.00,1885.00,2247.00,471.00,418.02,318175.32
0.95,2668.00,31.00,26.00,19.00,1881.00,2292.00,479.00,420.96,324902.89
0.96,2609.00,32.00,25.00,20.00,1875.00,2350.00,485.00,422.14,331915.98
0.97,2555.00,30.00,27.00,21.00,1864.00,2406.00,493.00,426.23,339159.70
0.97,2497.00,29.00,27.00,22.00,1871.00,2448.00,502.00,429.96,346403.63
0.98,2449.00,28.00,28.00,22.00,1874.00,2482.00,513.00,434.87,353527.58
0.99,2388.00,29.00,27.00,23.00,1876.00,2534.00,519.00,437.86,360812.40
0.99,2332.00,30.00,27.00,23.00,1881.00,2578.00,525.00,440.59,368123.91
1.00,2276.00,32.00,27.00,23.00,1887.00,2620.00,531.00,443.08,375429.73
1.01,2224.00,34.00,26.00,24.00,1894.00,2652.00,542.00,443.86,382580.13
1.01,2175.00,36.00,26.00,24.00,1882.00,2704.00,549.00,444.56,389889.10
1.02,2121.00,34.00,27.00,25.00,1891.00,2736.00,562.00,446.71,397042.38
1.03,2085.00,35.00,26.00,26.00,1874.00,2783.00,567.00,447.17,404278.87
1.03,2044.00,35.00,27.00,26.00,1863.00,2830.00,571.00,449.10,411591.32
1.04,2004.00,37.00,26.00,27.00,1837.00,2889.00,576.00,449.35,419153.39
1.05,1950.00,38.00,26.00,27.00,1840.00,2930.00,585.00,449.58,426672.94
1.06,1900.00,39.00,25.00,28.00,1837.00,2978.00,589.00,448.29,434258.82
1.06,1847.00,38.00,24.00,30.00,1849.00,3014.00,594.00,445.61,441724.99
1.07,1798.00,39.00,25.00,30.00,1841.00,3059.00,604.00,444.67,449217.07
1.08,1753.00,40.00,25.00,30.00,1839.00,3097.00,612.00,443.80,456627.65
1.08,1710.00,39.00,26.00,30.00,1822.00,3146.00,623.00,444.52,464129.08
1.09,1665.00,38.00,27.00,31.00,1813.00,3195.00,627.00,446.67,471713.45
1.10,1622.00,37.00,27.00,32.00,1792.00,3250.00,636.00,448.64,479463.68
1.10,1579.00,39.00,25.00,34.00,1773.00,3301.00,645.00,447.43,487305.22
1.11,1541.00,39.00,25.00,34.00,1765.00,3340.00,652.00,446.32,495049.86
1.12,1506.00,41.00,25.00,35.00,1741.00,3390.00,658.00,445.32,502871.28
1.12,1463.00,41.00,27.00,35.00,1726.00,3435.00,669.00,447.40,510687.68
1.13,1423.00,41.00,28.00,35.00,1712.00,3477.00,680.00,450.81,518454.43
1.14,1379.00,41.00,28.00,36.00,1713.00,3511.00,688.00,453.92,526055.67
1.15,1346.00,43.00,28.00,36.00,1699.00,3551.00,693.00,456.76,533595.95
1.15,1315.00,41.00,29.00,37.00,1697.00,3578.00,699.00,460.86,540885.28
1.16,1271.00,39.00,30.00,38.00,1687.00,3623.00,708.00,466.11,548215.92
1.17,1236.00,41.00,30.00,38.00,1670.00,3668.00,713.00,470.90,555584.28
1.17,1191.00,41.00,30.00,40.00,1663.00,3710.00,721.00,475.28,562942.00
1.18,1159.00,42.00,29.00,41.00,1648.00,3748.00,729.00,477.78,570229.92
1.19,1127.00,41.00,28.00,43.00,1631.00,3789.00,737.00,478.56,577499.19
1.19,1091.00,41.00,27.00,44.00,1631.00,3816.00,746.00,477.77,584541.10
1.20,1049.00,40.00,28.00,44.00,1623.00,3855.00,757.00,478.55,591555.73
1.21,1010.00,39.00,28.00,45.00,1611.00,3898.00,765.00,479.27,598605.55
1.22,985.00,34.00,32.00,46.00,1593.00,3938.00,768.00,485.93,605642.42
1.22,950.00,35.00,31.00,47.00,1576.00,3982.00,775.00,490.51,612727.57
1.23,924.00,32.00,34.00,47.00,1564.00,4011.00,784.00,499.21,619631.44
1.24,892.00,31.00,34.00,48.00,1546.00,4054.00,791.00,507.15,626580.15
1.24,873.00,29.00,35.00,50.00,1523.00,4086.00,800.00,515.91,633404.53
1.25,836.00,31.00,34.00,51.00,1523.00,4108.00,813.00,522.41,639965.17
1.26,806.00,32.00,34.00,51.00,1492.00,4161.00,820.00,528.35,646750.77
1.26,769.00,33.00,33.00,52.00,1493.00,4191.00,825.00,532.27,653396.20
1.27,739.00,33.00,34.00,52.00,1482.00,4222.00,834.00,537.36,659928.69
1.28,712.00,32.00,36.00,52.00,1470.00,4253.00,841.00,545.01,666358.07
1.28,680.00,33.00,36.00,52.00,1458.00,4287.00,850.00,552.00,672738.40
1.29,660.00,33.00,36.00,53.00,1447.00,4311.00,856.00,558.39,678923.70
1.30,631.00,33.00,37.00,53.00,1437.00,4343.00,862.00,565.72,685051.15
1.31,608.00,36.00,37.00,53.00,1415.00,4375.00,872.00,572.43,691125.79
1.31,583.00,35.00,38.00,53.00,1405.00,4401.00,881.00,580.05,697062.08
1.32,545.00,38.00,37.00,54.00,1405.00,4427.00,890.00,585.52,702872.05
1.33,522.00,41.00,36.00,56.00,1389.00,4455.00,897.00,589.01,708596.77
1.33,502.00,40.00,38.00,57.00,1364.00,4491.00,904.00,595.20,714363.83
1.34,481.00,41.00,37.00,58.00,1352.00,4510.00,917.00,599.36,719914.16
1.35,453.00,42.00,37.00,58.00,1344.00,4538.00,924.00,603.15,725401.84
1.35,428.00,43.00,35.00,60.00,1326.00,4577.00,927.00,603.62,730997.57
1.36,408.00,41.00,35.00,62.00,1313.00,4607.00,930.00,604.04,736556.74
1.37,390.00,43.00,34.00,63.00,1286.00,4643.00,937.00,602.93,742172.68
1.38,361.00,44.00,34.00,63.00,1276.00,4674.00,944.00,601.91,747765.32
1.38,336.00,44.00,34.00,64.00,1268.00,4699.00,951.00,600.98,753246.55
1.39,320.00,46.00,34.00,64.00,1263.00,4709.00,960.00,600.13,758400.73
1.40,297.00,46.00,35.00,64.00,1247.00,4744.00,963.00,600.85,763631.91
1.40,276.00,47.00,34.00,66.00,1233.00,4769.00,971.00,600.01,768783.16
1.41,259.00,46.00,35.00,67.00,1215.00,4794.00,980.00,600.75,773861.44
1.42,250.00,46.00,33.00,69.00,1196.00,4811.00,991.00,598.42,778752.91
1.42,224.00,45.00,32.00,72.00,1182.00,4843.00,998.00,594.78,783699.20
1.43,198.00,44.00,33.00,72.00,1174.00,4870.00,1005.00,592.96,788620.40
1.44,185.00,42.00,38.00,72.00,1149.00,4890.00,1020.00,598.82,793413.55
1.44,175.00,39.00,41.00,72.00,1126.00,4916.00,1027.00,608.67,798179.94
1.45,164.00,39.00,41.00,72.00,1113.00,4931.00,1036.00,617.67,802756.63
1.46,148.00,40.00,41.00,72.00,1100.00,4954.00,1041.00,625.89,807280.33
1.47,137.00,41.00,40.00,73.00,1071.00,4984.00,1050.00,631.90,811860.82
1.47,122.00,41.00,42.00,73.00,1057.00,5006.00,1055.00,640.40,816372.97
1.48,106.00,43.00,42.00,73.00,1035.00,5034.00,1063.00,648.16,820912.87
1.49,96.00,43.00,40.00,75.00,1019.00,5052.00,1071.00,652.25,825327.87
1.49,90.00,42.00,41.00,75.00,1001.00,5065.00,1082.00,657.48,829553.72
1.50,77.00,42.00,41.00,76.00,989.00,5082.00,1089.00,662.27,833667.00
1.51,69.00,40.00,38.00,81.00,974.00,5099.00,1095.00,662.13,837677.51
1.51,60.00,42.00,37.00,82.00,953.00,5118.00,1104.00,660.50,841624.23
1.52,58.00,42.00,37.00,82.00,924.00,5142.00,1111.00,659.02,845587.85
1.53,53.00,40.00,37.00,84.00,903.00,5158.00,1121.00,657.66,849446.69
1.53,53.00,37.00,39.00,85.00,874.00,5176.00,1132.00,659.42,853239.94
1.54,48.00,36.00,38.00,87.00,856.00,5193.00,1138.00,659.53,856958.29
1.55,41.00,36.00,37.00,88.00,845.00,5202.00,1147.00,658.13,860488.06
1.56,36.00,37.00,35.00,90.00,824.00,5216.00,1158.00,653.84,863920.80
1.56,34.00,37.00,32.00,93.00,803.00,5228.00,1169.00,645.42,867234.90
1.57,33.00,36.00,33.00,93.00,780.00,5245.00,1176.00,639.23,870515.83
1.58,32.00,36.00,32.00,94.00,753.00,5262.00,1187.00,632.07,873766.45
1.58,28.00,36.00,32.00,95.00,727.00,5285.00,1193.00,625.52,877079.55
1.59,26.00,37.00,31.00,96.00,702.00,5302.00,1202.00,618.05,880359.56
1.60,25.00,34.00,34.00,96.00,679.00,5318.00,1210.00,615.72,883594.33
1.60,23.00,34.00,33.00,97.00,663.00,5330.00,1216.00,612.09,886727.70
1.61,20.00,34.00,33.00,97.00,643.00,5349.00,1220.00,608.78,889873.67
1.62,16.00,35.00,33.00,98.00,625.00,5364.00,1225.00,605.75,892971.05
1.62,13.00,34.00,32.00,100.00,611.00,5374.00,1232.00,601.49,895948.95
1.63,12.00,33.00,32.00,101.00,590.00,5388.00,1240.00,597.59,898877.87
1.64,9.00,33.00,30.00,103.00,575.00,5402.00,1244.00,591.02,901762.08
1.65,8.00,33.00,28.00,105.00,559.00,5411.00,1252.00,582.02,904530.35
1.65,6.00,32.00,30.00,105.00,543.00,5423.00,1257.00,576.80,907237.85
1.66,5.00,32.00,30.00,105.00,526.00,5431.00,1267.00,572.03,909829.77
1.67,5.00,31.00,31.00,105.00,510.00,5434.00,1280.00,569.17,912241.07
1.67,5.00,31.00,30.00,106.00,493.00,5443.00,1288.00,565.06,914577.61
1.68,4.00,31.00,28.00,108.00,479.00,5452.00,1294.00,558.30,916845.90
1.69,4.00,30.00,29.00,108.00,462.00,5465.00,1298.00,553.62,919111.98
1.69,4.00,29.00,30.00,108.00,447.00,5472.00,1306.00,550.86,921285.90
1.70,3.00,28.00,30.00,109.00,433.00,5477.00,1316.00,548.33,923345.64
1.71,1.00,26.00,32.00,109.00,419.00,5487.00,1322.00,549.02,925376.26
1.72,1.00,26.00,31.00,110.00,409.00,5490.00,1329.00,548.15,927275.12
1.72,1.00,26.00,31.00,110.00,395.00,5498.00,1335.00,547.36,929128.83
1.73,1.00,25.00,32.00,110.00,379.00,5507.00,1342.00,548.14,930956.33
1.74,1.00,25.00,32.00,110.00,370.00,5505.00,1353.00,548.85,932594.66
1.74,1.00,23.00,31.00,113.00,356.00,5511.00,1361.00,548.00,934180.46
1.75,1.00,21.00,33.00,113.00,347.00,5512.00,1369.00,550.22,935643.20
1.76,1.00,20.00,33.00,114.00,337.00,5515.00,1376.00,552.26,937023.64
1.76,1.00,19.00,34.00,114.00,331.00,5511.00,1386.00,555.61,938223.79
1.77,1.00,18.00,32.00,117.00,322.00,5513.00,1393.00,555.68,939349.48
1.78,0.00,16.00,33.00,118.00,313.00,5516.00,1400.00,557.24,940422.21
1.78,0.00,15.00,34.00,118.00,304.00,5522.00,1403.00,560.17,941491.68
1.79,0.00,15.00,33.00,119.00,302.00,5518.00,1409.00,561.34,942407.93
1.80,0.00,14.00,34.00,119.00,294.00,5516.00,1419.00,563.92,943214.34
1.81,0.00,14.00,34.00,119.00,284.00,5516.00,1429.00,566.27,943950.54
1.81,0.00,14.00,34.00,119.00,273.00,5522.00,1434.00,568.42,944712.78
1.82,0.00,14.00,34.00,119.00,268.00,5521.00,1440.00,570.38,945393.61
1.83,0.00,14.00,32.00,121.00,262.00,5514.00,1453.00,569.17,945910.00
1.83,0.00,14.00,32.00,121.00,254.00,5518.00,1457.00,568.06,946441.52
1.84,0.00,14.00,32.00,121.00,245.00,5517.00,1467.00,567.05,946911.73
1.85,0.00,13.00,32.00,122.00,235.00,5518.00,1476.00,566.13,947356.03
1.85,0.00,13.00,32.00,122.00,231.00,5512.00,1486.00,565.29,947671.49
1.86,0.00,13.00,31.00,123.00,223.00,5517.00,1489.00,563.01,948034.60
1.87,0.00,13.00,31.00,123.00,220.00,5513.00,1496.00,560.94,948306.01
1.88,0.00,13.00,31.00,123.00,213.00,5511.00,1505.00,559.04,948523.73
1.88,0.00,12.00,30.00,125.00,209.00,5512.00,1508.00,555.80,948737.51
1.89,0.00,10.00,31.00,126.00,203.00,5504.00,1522.00,554.35,948812.50
1.90,0.00,10.00,31.00,126.00,196.00,5506.00,1527.00,553.02,948911.00
1.90,0.00,10.00,31.00,126.00,191.00,5501.00,1537.00,551.81,948925.81
1.91,0.00,10.00,30.00,127.00,188.00,5496.00,1545.00,549.20,948864.22
1.92,0.00,9.00,29.00,129.00,183.00,5495.00,1551.00,545.31,948792.96
1.92,0.00,8.00,29.00,130.00,176.00,5494.00,1559.00,541.76,948712.89
1.93,0.00,8.00,29.00,130.00,170.00,5494.00,1565.00,538.51,948639.79
1.94,0.00,8.00,27.00,132.00,166.00,5492.00,1571.00,532.54,948543.01
1.94,0.00,8.00,27.00,132.00,162.00,5489.00,1578.00,527.09,948409.58
1.95,0.00,7.00,28.00,132.00,157.00,5486.00,1586.00,523.61,948242.71
1.96,0.00,7.00,28.00,132.00,153.00,5486.00,1590.00,520.43,948090.36
1.97,0.00,7.00,27.00,133.00,149.00,5477.00,1603.00,516.02,947816.08
1.97,0.00,5.00,28.00,134.00,145.00,5475.00,1609.00,513.50,947535.63
1.98,0.00,5.00,28.00,134.00,139.00,5475.00,1615.00,511.20,947279.59
1.99,0.00,5.00,27.00,135.00,134.00,5470.00,1625.00,507.59,946970.74
1.99,0.00,5.00,27.00,135.00,129.00,5464.00,1636.00,504.29,946598.65
2.00,0.00,5.00,26.00,136.00,124.00,5459.00,1646.00,499.78,946183.84
2.01,0.00,5.00,26.00,136.00,122.00,5454.00,1653.00,495.65,945730.03
2.01,0.00,5.00,25.00,137.00,117.00,5453.00,1659.00,490.38,945300.72
2.02,0.00,5.00,24.00,138.00,115.00,5445.00,1669.00,484.06,944788.60
2.03,0.00,5.00,24.00,138.00,110.00,5447.00,1672.00,478.29,944351.12
2.03,0.00,5.00,23.00,139.00,110.00,5438.00,1681.00,471.52,943816.53
2.04,0.00,5.00,23.00,139.00,106.00,5438.00,1685.00,465.33,943328.49
2.05,0.00,5.00,22.00,140.00,104.00,5436.00,1689.00,458.17,942852.90
2.06,0.00,5.00,22.00,140.00,96.00,5434.00,1699.00,451.63,942388.67
2.06,0.00,5.00,22.00,140.00,95.00,5427.00,1707.00,445.66,941859.71
2.07,0.00,5.00,22.00,140.00,92.00,5428.00,1709.00,440.20,941391.83
2.08,0.00,5.00,22.00,140.00,91.00,5422.00,1716.00,435.22,940874.55
2.08,0.00,5.00,22.00,140.00,90.00,5410.00,1729.00,430.66,940222.04
2.09,0.00,5.00,21.00,141.00,89.00,5401.00,1739.00,425.00,939491.13
2.10,0.00,5.00,21.00,141.00,87.00,5396.00,1746.00,419.82,938748.76
2.10,0.00,5.00,21.00,141.00,85.00,5392.00,1752.00,415.10,938010.93
2.11,0.00,5.00,20.00,142.00,83.00,5387.00,1759.00,409.27,937262.24
2.12,0.00,5.00,18.00,144.00,81.00,5386.00,1762.00,400.95,936563.72
2.12,0.00,5.00,18.00,144.00,79.00,5379.00,1771.00,393.35,935820.86
2.13,0.00,5.00,18.00,144.00,77.00,5374.00,1778.00,386.40,935067.57
2.14,0.00,5.00,18.00,144.00,77.00,5367.00,1785.00,380.06,934274.71
2.15,0.00,4.00,19.00,144.00,76.00,5357.00,1796.00,375.76,933400.66
2.15,0.00,4.00,19.00,144.00,75.00,5352.00,1802.00,371.84,932527.60
2.16,0.00,3.00,20.00,144.00,74.00,5342.00,1813.00,369.75,931580.33
2.17,0.00,3.00,20.00,144.00,73.00,5340.00,1816.00,367.85,930685.50
2.17,0.00,3.00,19.00,145.00,71.00,5335.00,1823.00,364.61,929793.48
2.18,0.00,3.00,17.00,147.00,67.00,5328.00,1834.00,358.64,928873.96
2.19,0.00,3.00,17.00,147.00,66.00,5321.00,1842.00,353.19,927929.35
2.19,0.00,3.00,17.00,147.00,59.00,5318.00,1852.00,348.21,927021.93
2.20,0.00,2.00,18.00,147.00,57.00,5313.00,1859.00,345.17,926118.40
2.21,0.00,2.00,17.00,148.00,54.00,5307.00,1868.00,340.88,925203.41
2.22,0.00,2.00,17.00,148.00,53.00,5299.00,1877.00,336.97,924247.91
2.22,0.00,2.00,16.00,149.00,48.00,5300.00,1881.00,331.89,923390.63
2.23,0.00,2.00,16.00,149.00,47.00,5288.00,1894.00,327.25,922427.73
2.24,0.00,2.00,15.00,150.00,46.00,5282.00,1901.00,321.50,921458.53
2.24,0.00,2.00,15.00,150.00,44.00,5278.00,1907.00,316.26,920513.63
2.25,0.00,2.00,15.00,150.00,44.00,5270.00,1915.00,311.47,919530.83
2.26,0.00,2.00,15.00,150.00,44.00,5264.00,1921.00,307.09,918543.47
2.26,0.00,2.00,14.00,151.00,43.00,5256.00,1930.00,301.59,917521.89
2.27,0.00,2.00,14.00,151.00,41.00,5252.00,1936.00,296.56,916529.18
2.28,0.00,2.00,14.00,151.00,40.00,5245.00,1944.00,291.97,915517.75
2.28,0.00,2.00,14.00,151.00,39.00,5233.00,1957.00,287.77,914414.11
2.29,0.00,2.00,14.00,151.00,39.00,5215.00,1975.00,283.94,913136.16
2.30,0.00,2.00,14.00,151.00,35.00,5210.00,1984.00,280.44,911894.37
2.31,0.00,2.00,14.00,151.00,34.00,5202.00,1993.00,277.24,910640.52
2.31,0.00,2.00,13.00,152.00,33.00,5199.00,1997.00,272.81,909450.79
2.32,0.00,2.00,13.00,152.00,33.00,5188.00,2008.00,268.77,908199.39
2.33,0.00,2.00,13.00,152.00,33.00,5175.00,2021.00,265.07,906861.67
2.33,0.00,2.00,13.00,152.00,30.00,5173.00,2026.00,261.70,905610.38
2.34,0.00,2.00,13.00,152.00,30.00,5165.00,2034.00,258.62,904347.86
2.35,0.00,1.00,14.00,152.00,30.00,5158.00,2041.00,257.30,903090.12
2.35,0.00,1.00,14.00,152.00,29.00,5150.00,2050.00,256.10,901821.71
2.36,0.00,1.00,13.00,153.00,28.00,5143.00,2058.00,253.50,900558.59
2.37,0.00,1.00,13.00,153.00,26.00,5135.00,2068.00,251.13,899285.27
2.38,0.00,1.00,13.00,153.00,26.00,5129.00,2074.00,248.96,898032.68
2.38,0.00,1.00,13.00,153.00,25.00,5118.00,2086.00,246.98,896723.91
2.39,0.00,1.00,13.00,153.00,24.00,5111.00,2094.00,245.17,895423.95
2.40,0.00,1.00,13.00,153.00,24.00,5103.00,2102.00,243.51,894116.99
2.40,0.00,1.00,13.00,153.00,24.00,5093.00,2112.00,242.00,892773.61
2.41,0.00,1.00,13.00,153.00,23.00,5088.00,2118.00,240.62,891472.08
2.42,0.00,1.00,13.00,153.00,23.00,5081.00,2125.00,239.36,890178.73
2.42,0.00,1.00,13.00,153.00,22.00,5075.00,2132.00,238.21,888907.86
2.43,0.00,1.00,12.00,154.00,21.00,5063.00,2145.00,235.65,887567.37
2.44,0.00,1.00,12.00,154.00,21.00,5055.00,2153.00,233.32,886223.43
2.44,0.00,1.00,11.00,155.00,21.00,5047.00,2161.00,229.68,884876.32
2.45,0.00,1.00,10.00,156.00,21.00,5043.00,2165.00,224.86,883586.42
2.46,0.00,1.00,10.00,156.00,20.00,5037.00,2172.00,220.45,882318.70
2.47,0.00,1.00,10.00,156.00,19.00,5032.00,2178.00,216.43,881086.25
2.47,0.00,1.00,10.00,156.00,19.00,5028.00,2182.00,212.75,879901.03
2.48,0.00,1.00,9.00,157.00,19.00,5021.00,2189.00,207.89,878713.85
2.49,0.00,1.00,8.00,158.00,17.00,5018.00,2194.00,201.94,877584.98
2.49,0.00,1.00,8.00,158.00,17.00,5015.00,2197.00,196.51,876509.33
2.50,0.00,1.00,8.00,158.00,16.00,5011.00,2202.00,191.55,875467.26
2.51,0.00,1.00,8.00,158.00,16.00,5007.00,2206.00,187.02,874455.83
2.51,0.00,1.00,8.00,158.00,15.00,5005.00,2209.00,182.88,873502.43
2.52,0.00,0.00,9.00,158.00,15.00,5001.00,2213.00,180.60,872571.95
2.53,0.00,0.00,8.00,159.00,15.00,4994.00,2220.00,177.01,871617.33
2.53,0.00,0.00,8.00,159.00,15.00,4985.00,2229.00,173.73,870610.63
2.54,0.00,0.00,7.00,160.00,15.00,4976.00,2238.00,169.24,869556.38
2.55,0.00,0.00,7.00,160.00,15.00,4967.00,2247.00,165.13,868458.72
2.56,0.00,0.00,7.00,160.00,15.00,4959.00,2255.00,161.38,867336.46
2.56,0.00,0.00,7.00,160.00,15.00,4951.00,2263.00,157.95,866191.74
2.57,0.00,0.00,7.00,160.00,15.00,4940.00,2274.00,154.82,864981.44
2.58,0.00,0.00,7.00,160.00,15.00,4931.00,2283.00,151.96,863741.31
2.58,0.00,0.00,7.00,160.00,15.00,4926.00,2288.00,149.34,862534.06
2.59,0.00,0.00,7.00,160.00,14.00,4923.00,2292.00,146.95,861386.86
2.60,0.00,0.00,6.00,161.00,14.00,4916.00,2299.00,143.27,860234.39
2.60,0.00,0.00,6.00,161.00,14.00,4910.00,2305.00,139.90,859092.14
2.61,0.00,0.00,6.00,161.00,14.00,4901.00,2314.00,136.83,857914.14
2.62,0.00,0.00,6.00,161.00,12.00,4889.00,2328.00,134.02,856658.44
2.62,0.00,0.00,6.00,161.00,12.00,4884.00,2333.00,131.45,855436.96
2.63,0.00,0.00,5.00,162.00,12.00,4876.00,2341.00,127.61,854201.66
2.64,0.00,0.00,5.00,162.00,12.00,4874.00,2343.00,124.09,853043.88
2.65,0.00,0.00,5.00,162.00,12.00,4867.00,2350.00,120.88,851881.76
2.65,0.00,0.00,5.00,162.00,12.00,4858.00,2359.00,117.95,850685.61
2.66,0.00,0.00,5.00,162.00,11.00,4856.00,2362.00,115.27,849563.58
2.67,0.00,0.00,5.00,162.00,10.00,4848.00,2371.00,112.82,848419.06
2.67,0.00,0.00,5.00,162.00,8.00,4834.00,2387.00,110.58,847163.88
2.68,0.00,0.00,5.00,162.00,8.00,4822.00,2399.00,108.54,845837.72
2.69,0.00,0.00,5.00,162.00,8.00,4817.00,2404.00,106.67,844551.92
2.69,0.00,0.00,5.00,162.00,7.00,4809.00,2413.00,104.97,843257.90
2.70,0.00,0.00,5.00,162.00,7.00,4799.00,2423.00,103.41,841926.32
2.71,0.00,0.00,4.00,163.00,7.00,4794.00,2428.00,100.48,840635.58
2.72,0.00,0.00,4.00,163.00,7.00,4787.00,2435.00,97.81,839352.07
2.72,0.00,0.00,4.00,163.00,7.00,4778.00,2444.00,95.37,838045.11
2.73,0.00,0.00,4.00,163.00,7.00,4770.00,2452.00,93.14,836731.77
2.74,0.00,0.00,4.00,163.00,7.00,4761.00,2461.00,91.10,835397.59
2.74,0.00,0.00,3.00,164.00,6.00,4748.00,2475.00,87.73,833984.27
2.75,0.00,0.00,3.00,164.00,6.00,4737.00,2486.00,84.66,832528.77
2.76,0.00,0.00,3.00,164.00,6.00,4733.00,2490.00,81.85,831139.92
2.76,0.00,0.00,3.00,164.00,6.00,4722.00,2501.00,79.29,829706.75
2.77,0.00,0.00,3.00,164.00,6.00,4713.00,2510.00,76.94,828263.17
2.78,0.00,0.00,3.00,164.00,6.00,4704.00,2519.00,74.80,826810.07
2.78,0.00,0.00,3.00,164.00,6.00,4698.00,2525.00,72.84,825393.37
2.79,0.00,0.00,2.00,165.00,6.00,4685.00,2538.00,69.55,823904.73
2.80,0.00,0.00,2.00,165.00,6.00,4678.00,2545.00,66.55,822440.55
2.81,0.00,0.00,2.00,165.00,6.00,4674.00,2549.00,63.80,821043.78
2.81,0.00,0.00,2.00,165.00,6.00,4667.00,2556.00,61.29,819663.47
2.82,0.00,0.00,2.00,165.00,6.00,4661.00,2562.00,59.00,818313.21
2.83,0.00,0.00,1.00,166.00,6.00,4654.00,2569.00,55.41,816975.36
2.83,0.00,0.00,1.00,166.00,6.00,4649.00,2574.00,52.12,815678.90
2.84,0.00,0.00,1.00,166.00,6.00,4640.00,2583.00,49.12,814360.11
2.85,0.00,0.00,1.00,166.00,6.00,4635.00,2588.00,46.38,813081.05
2.85,0.00,0.00,1.00,166.00,6.00,4629.00,2594.00,43.87,811823.22
2.86,0.00,0.00,1.00,166.00,6.00,4617.00,2606.00,41.58,810494.64
2.87,0.00,0.00,1.00,166.00,5.00,4609.00,2615.00,39.49,809161.57
2.88,0.00,0.00,1.00,166.00,5.00,4600.00,2624.00,37.58,807809.36
2.88,0.00,0.00,1.00,166.00,4.00,4597.00,2628.00,35.84,806529.83
2.89,0.00,0.00,1.00,166.00,4.00,4583.00,2642.00,34.24,805151.39
2.90,0.00,0.00,0.00,167.00,4.00,4576.00,2649.00,31.28,803787.82
2.90,0.00,0.00,0.00,167.00,4.00,4573.00,2652.00,28.58,802497.92
2.91,0.00,0.00,0.00,167.00,4.00,4565.00,2660.00,26.11,801200.15
2.92,0.00,0.00,0.00,167.00,4.00,4559.00,2666.00,23.86,799925.24
2.92,0.00,0.00,0.00,167.00,4.00,4547.00,2678.00,21.79,798581.07
2.93,0.00,0.00,0.00,167.00,4.00,4540.00,2685.00,19.91,797248.78
2.94,0.00,0.00,0.00,167.00,4.00,4533.00,2692.00,18.19,795927.35
2.94,0.00,0.00,0.00,167.00,4.00,4531.00,2694.00,16.62,794690.93
2.95,0.00,0.00,0.00,167.00,4.00,4518.00,2707.00,15.18,793366.87
2.96,0.00,0.00,0.00,167.00,4.00,4511.00,2714.00,13.87,792052.95
2.97,0.00,0.00,0.00,167.00,4.00,4501.00,2724.00,12.67,790703.20
2.97,0.00,0.00,0.00,167.00,4.00,4493.00,2732.00,11.58,789350.80
2.98,0.00,0.00,0.00,167.00,4.00,4488.00,2737.00,10.58,788041.05
2.99,0.00,0.00,0.00,167.00,4.00,4485.00,2740.00,9.66,786800.28
2.99,0.00,0.00,0.00,167.00,4.00,4476.00,2749.00,8.83,785532.34
3.00,0.00,0.00,0.00,167.00,4.00,4462.00,2763.00,8.07,784164.48
3.01,0.00,0.00,0.00,167.00,4.00,4457.00,2768.00,7.37,782840.61
3.01,0.00,0.00,0.00,167.00,4.00,4451.00,2774.00,6.73,781541.89
3.02,0.00,0.00,0.00,167.00,4.00,4444.00,2781.00,6.15,780251.08
3.03,0.00,0.00,0.00,167.00,4.00,4438.00,2787.00,5.62,778982.54
3.03,0.00,0.00,0.00,167.00,4.00,4429.00,2796.00,5.13,777689.25
3.04,0.00,0.00,0.00,167.00,4.00,4421.00,2804.00,4.69,776388.39
3.05,0.00,0.00,0.00,167.00,4.00,4414.00,2811.00,4.28,775095.64
3.06,0.00,0.00,0.00,167.00,4.00,4409.00,2816.00,3.91,773840.34
3.06,0.00,0.00,0.00,167.00,4.00,4400.00,2825.00,3.58,772559.14
3.07,0.00,0.00,0.00,167.00,4.00,4388.00,2837.00,3.27,771209.23
3.08,0.00,0.00,0.00,167.00,4.00,4381.00,2844.00,2.98,769871.70
3.08,0.00,0.00,0.00,167.00,4.00,4372.00,2853.00,2.73,768515.42
3.09,0.00,0.00,0.00,167.00,4.00,4366.00,2859.00,2.49,767187.11
3.10,0.00,0.00,0.00,167.00,4.00,4359.00,2866.00,2.28,765869.30
3.10,0.00,0.00,0.00,167.00,4.00,4349.00,2876.00,2.08,764516.01
3.11,0.00,0.00,0.00,167.00,4.00,4341.00,2884.00,1.90,763160.37
3.12,0.00,0.00,0.00,167.00,4.00,4334.00,2891.00,1.74,761817.62
3.12,0.00,0.00,0.00,167.00,4.00,4327.00,2898.00,1.59,760486.62
3.13,0.00,0.00,0.00,167.00,4.00,4320.00,2905.00,1.45,759166.36
3.14,0.00,0.00,0.00,167.00,4.00,4312.00,2913.00,1.32,757840.88
3.15,0.00,0.00,0.00,167.00,4.00,4305.00,2920.00,1.21,756525.65
3.15,0.00,0.00,0.00,167.00,4.00,4298.00,2927.00,1.10,755219.79
3.16,0.00,0.00,0.00,167.00,4.00,4291.00,2934.00,1.01,753922.47
3.17,0.00,0.00,0.00,167.00,4.00,4280.00,2945.00,0.92,752572.86
3.17,0.00,0.00,0.00,167.00,4.00,4271.00,2954.00,0.84,751205.57
3.18,0.00,0.00,0.00,167.00,4.00,4268.00,2957.00,0.77,749912.26
3.19,0.00,0.00,0.00,167.00,4.00,4264.00,2961.00,0.70,748671.48
3.19,0.00,0.00,0.00,167.00,4.00,4257.00,2968.00,0.64,747433.58
3.20,0.00,0.00,0.00,167.00,4.00,4256.00,2969.00,0.59,746288.45
3.21,0.00,0.00,0.00,167.00,4.00,4253.00,2972.00,0.54,745197.96
3.22,0.00,0.00,0.00,167.00,4.00,4241.00,2984.00,0.49,744022.15
3.22,0.00,0.00,0.00,167.00,4.00,4233.00,2992.00,0.45,742828.54
3.23,0.00,0.00,0.00,167.00,4.00,4224.00,3001.00,0.41,741603.65
3.24,0.00,0.00,0.00,167.00,4.00,4215.00,3010.00,0.37,740350.22
3.24,0.00,0.00,0.00,167.00,4.00,4205.00,3020.00,0.34,739055.69
3.25,0.00,0.00,0.00,167.00,4.00,4198.00,3027.00,0.31,737768.73
3.26,0.00,0.00,0.00,167.00,4.00,4189.00,3036.00,0.28,736458.63
3.26,0.00,0.00,0.00,167.00,4.00,4187.00,3038.00,0.26,735232.55
3.27,0.00,0.00,0.00,167.00,4.00,4182.00,3043.00,0.24,734038.13
3.28,0.00,0.00,0.00,167.00,4.00,4174.00,3051.00,0.22,732827.52
3.28,0.00,0.00,0.00,167.00,4.00,4168.00,3057.00,0.20,731632.19
3.29,0.00,0.00,0.00,167.00,4.00,4159.00,3066.00,0.18,730405.73
3.30,0.00,0.00,0.00,167.00,4.00,4147.00,3078.00,0.17,729105.80
3.31,0.00,0.00,0.00,167.00,3.00,4138.00,3088.00,0.15,727783.84
3.31,0.00,0.00,0.00,167.00,3.00,4135.00,3091.00,0.14,726531.93
3.32,0.00,0.00,0.00,167.00,3.00,4129.00,3097.00,0.13,725298.90
3.33,0.00,0.00,0.00,167.00,3.00,4127.00,3099.00,0.12,724143.18
3.33,0.00,0.00,0.00,167.00,3.00,4120.00,3106.00,0.11,722982.94
3.34,0.00,0.00,0.00,167.00,3.00,4113.00,3113.00,0.10,721818.56
3.35,0.00,0.00,0.00,167.00,3.00,4103.00,3123.00,0.09,720605.34
3.35,0.00,0.00,0.00,167.00,3.00,4098.00,3128.00,0.08,719422.65
3.36,0.00,0.00,0.00,167.00,3.00,4085.00,3141.00,0.07,718147.64
3.37,0.00,0.00,0.00,167.00,2.00,4083.00,3144.00,0.07,716953.61
3.38,0.00,0.00,0.00,167.00,2.00,4079.00,3148.00,0.06,715803.46
3.38,0.00,0.00,0.00,167.00,2.00,4071.00,3156.00,0.06,714633.28
3.39,0.00,0.00,0.00,167.00,2.00,4065.00,3162.00,0.05,713474.85
3.40,0.00,0.00,0.00,167.00,2.00,4058.00,3169.00,0.05,712312.13
3.40,0.00,0.00,0.00,167.00,2.00,4052.00,3175.00,0.04,711160.51
3.41,0.00,0.00,0.00,167.00,2.00,4042.00,3185.00,0.04,709958.94
3.42,0.00,0.00,0.00,167.00,1.00,4032.00,3196.00,0.04,708711.77
3.42,0.00,0.00,0.00,167.00,1.00,4025.00,3203.00,0.03,707468.04
3.43,0.00,0.00,0.00,167.00,1.00,4021.00,3207.00,0.03,706272.51
3.44,0.00,0.00,0.00,167.00,1.00,4007.00,3221.00,0.03,704970.76
3.44,0.00,0.00,0.00,167.00,1.00,4005.00,3223.00,0.02,703752.32
3.45,0.00,0.00,0.00,167.00,1.00,3998.00,3230.00,0.02,702534.81
3.46,0.00,0.00,0.00,167.00,1.00,3986.00,3242.00,0.02,701243.04
3.47,0.00,0.00,0.00,167.00,1.00,3981.00,3247.00,0.02,699988.64
3.47,0.00,0.00,0.00,167.00,1.00,3975.00,3253.00,0.02,698753.32
3.48,0.00,0.00,0.00,167.00,1.00,3970.00,3258.00,0.02,697550.46
3.49,0.00,0.00,0.00,167.00,1.00,3965.00,3263.00,0.01,696377.22
3.49,0.00,0.00,0.00,167.00,1.00,3954.00,3274.00,0.01,695140.89
3.50,0.00,0.00,0.00,167.00,1.00,3939.00,3289.00,0.01,693786.86
3.51,0.00,0.00,0.00,167.00,1.00,3935.00,3293.00,0.01,692490.65
3.51,0.00,0.00,0.00,167.00,1.00,3924.00,3304.00,0.01,691142.05
3.52,0.00,0.00,0.00,167.00,1.00,3918.00,3310.00,0.01,689820.74
3.53,0.00,0.00,0.00,167.00,1.00,3910.00,3318.00,0.01,688494.31
3.53,0.00,0.00,0.00,167.00,1.00,3906.00,3322.00,0.01,687223.28
3.54,0.00,0.00,0.00,167.00,1.00,3896.00,3332.00,0.01,685912.69
3.55,0.00,0.00,0.00,167.00,1.00,3887.00,3341.00,0.01,684581.02
3.56,0.00,0.00,0.00,167.00,1.00,3880.00,3348.00,0.01,683260.15
3.56,0.00,0.00,0.00,167.00,1.00,3873.00,3355.00,0.01,681949.12
3.57,0.00,0.00,0.00,167.00,1.00,3868.00,3360.00,0.00,680677.14
3.58,0.00,0.00,0.00,167.00,1.00,3858.00,3370.00,0.00,679365.69
3.58,0.00,0.00,0.00,167.00,1.00,3850.00,3378.00,0.00,678048.25
3.59,0.00,0.00,0.00,167.00,1.00,3845.00,3383.00,0.00,676770.41
3.60,0.00,0.00,0.00,167.00,1.00,3839.00,3389.00,0.00,675513.70
3.60,0.00,0.00,0.00,167.00,1.00,3831.00,3397.00,0.00,674246.24
3.61,0.00,0.00,0.00,167.00,0.00,3826.00,3403.00,0.00,673014.03
3.62,0.00,0.00,0.00,167.00,0.00,3821.00,3408.00,0.00,671813.99
3.62,0.00,0.00,0.00,167.00,0.00,3817.00,3412.00,0.00,670658.36
3.63,0.00,0.00,0.00,167.00,0.00,3812.00,3417.00,0.00,669528.24
3.64,0.00,0.00,0.00,167.00,0.00,3800.00,3429.00,0.00,668316.25
3.65,0.00,0.00,0.00,167.00,0.00,3790.00,3439.00,0.00,667059.57
3.65,0.00,0.00,0.00,167.00,0.00,3781.00,3448.00,0.00,665777.10
3.66,0.00,0.00,0.00,167.00,0.00,3775.00,3454.00,0.00,664516.16
3.67,0.00,0.00,0.00,167.00,0.00,3764.00,3465.00,0.00,663199.77
3.67,0.00,0.00,0.00,167.00,0.00,3754.00,3475.00,0.00,661847.78
3.68,0.00,0.00,0.00,167.00,0.00,3748.00,3481.00,0.00,660523.37
3.69,0.00,0.00,0.00,167.00,0.00,3741.00,3488.00,0.00,659209.12
3.69,0.00,0.00,0.00,167.00,0.00,3726.00,3503.00,0.00,657783.97
3.70,0.00,0.00,0.00,167.00,0.00,3719.00,3510.00,0.00,656377.75
3.71,0.00,0.00,0.00,167.00,0.00,3714.00,3515.00,0.00,655018.86
3.72,0.00,0.00,0.00,167.00,0.00,3706.00,3523.00,0.00,653658.12
3.72,0.00,0.00,0.00,167.00,0.00,3699.00,3530.00,0.00,652310.70
3.73,0.00,0.00,0.00,167.00,0.00,3691.00,3538.00,0.00,650960.42
3.74,0.00,0.00,0.00,167.00,0.00,3685.00,3544.00,0.00,649637.59
3.74,0.00,0.00,0.00,167.00,0.00,3678.00,3551.00,0.00,648324.77
3.75,0.00,0.00,0.00,167.00,0.00,3665.00,3564.00,0.00,646930.97
3.76,0.00,0.00,0.00,167.00,0.00,3661.00,3568.00,0.00,645598.45
3.76,0.00,0.00,0.00,167.00,0.00,3650.00,3579.00,0.00,644216.70
3.77,0.00,0.00,0.00,167.00,0.00,3639.00,3590.00,0.00,642790.02
3.78,0.00,0.00,0.00,167.00,0.00,3629.00,3600.00,0.00,641337.33
3.78,0.00,0.00,0.00,167.00,0.00,3621.00,3608.00,0.00,639890.95
3.79,0.00,0.00,0.00,167.00,0.00,3609.00,3620.00,0.00,638390.24
3.80,0.00,0.00,0.00,167.00,0.00,3605.00,3624.00,0.00,636960.12
3.81,0.00,0.00,0.00,167.00,0.00,3593.00,3636.00,0.00,635474.24
3.81,0.00,0.00,0.00,167.00,0.00,3589.00,3640.00,0.00,634057.66
3.82,0.00,0.00,0.00,167.00,0.00,3582.00,3647.00,0.00,632659.27
3.83,0.00,0.00,0.00,167.00,0.00,3577.00,3652.00,0.00,631307.52
3.83,0.00,0.00,0.00,167.00,0.00,3568.00,3661.00,0.00,629938.28
3.84,0.00,0.00,0.00,167.00,0.00,3560.00,3669.00,0.00,628568.07
3.85,0.00,0.00,0.00,167.00,0.00,3551.00,3678.00,0.00,627181.97
3.85,0.00,0.00,0.00,167.00,0.00,3547.00,3682.00,0.00,625856.48
3.86,0.00,0.00,0.00,167.00,0.00,3544.00,3685.00,0.00,624601.33
3.87,0.00,0.00,0.00,167.00,0.00,3540.00,3689.00,0.00,623395.39
3.88,0.00,0.00,0.00,167.00,0.00,3533.00,3696.00,0.00,622189.29
3.88,0.00,0.00,0.00,167.00,0.00,3527.00,3702.00,0.00,620998.07
3.89,0.00,0.00,0.00,167.00,0.00,3519.00,3710.00,0.00,619790.40
3.90,0.00,0.00,0.00,167.00,0.00,3515.00,3714.00,0.00,618627.79
3.90,0.00,0.00,0.00,167.00,0.00,3512.00,3717.00,0.00,617521.35
3.91,0.00,0.00,0.00,167.00,0.00,3501.00,3728.00,0.00,616346.00
3.92,0.00,0.00,0.00,167.00,0.00,3493.00,3736.00,0.00,615152.81
3.92,0.00,0.00,0.00,167.00,0.00,3488.00,3741.00,0.00,613988.40
3.93,0.00,0.00,0.00,167.00,0.00,3484.00,3745.00,0.00,612865.29
3.94,0.00,0.00,0.00,167.00,0.00,3479.00,3750.00,0.00,611764.86
3.94,0.00,0.00,0.00,167.00,0.00,3473.00,3756.00,0.00,610670.12
3.95,0.00,0.00,0.00,167.00,0.00,3463.00,3766.00,0.00,609520.47
3.96,0.00,0.00,0.00,167.00,0.00,3459.00,3770.00,0.00,608410.83
3.97,0.00,0.00,0.00,167.00,0.00,3455.00,3774.00,0.00,607337.72
3.97,0.00,0.00,0.00,167.00,0.00,3447.00,3782.00,0.00,606237.87
3.98,0.00,0.00,0.00,167.00,0.00,3443.00,3786.00,0.00,605173.70
3.99,0.00,0.00,0.00,167.00,0.00,3440.00,3789.00,0.00,604157.13
3.99,0.00,0.00,0.00,167.00,0.00,3437.00,3792.00,0.00,603184.00
4.00,0.00,0.00,0.00,167.00,0.00,3434.00,3795.00,0.00,602250.54
4.01,0.00,0.00,0.00,167.00,0.00,3426.00,3803.00,0.00,601278.18
4.01,0.00,0.00,0.00,167.00,0.00,3419.00,3810.00,0.00,600285.32
4.02,0.00,0.00,0.00,167.00,0.00,3413.00,3816.00,0.00,599288.78
4.03,0.00,0.00,0.00,167.00,0.00,3406.00,3823.00,0.00,598273.85
4.03,0.00,0.00,0.00,167.00,0.00,3391.00,3838.00,0.00,597121.95
4.04,0.00,0.00,0.00,167.00,0.00,3383.00,3846.00,0.00,595950.17
4.05,0.00,0.00,0.00,167.00,0.00,3374.00,3855.00,0.00,594745.22
4.06,0.00,0.00,0.00,167.00,0.00,3366.00,3863.00,0.00,593525.00
4.06,0.00,0.00,0.00,167.00,0.00,3360.00,3869.00,0.00,592320.90
4.07,0.00,0.00,0.00,167.00,0.00,3353.00,3876.00,0.00,591116.48
4.08,0.00,0.00,0.00,167.00,0.00,3345.00,3884.00,0.00,589896.75
4.08,0.00,0.00,0.00,167.00,0.00,3338.00,3891.00,0.00,588678.07
4.09,0.00,0.00,0.00,167.00,0.00,3332.00,3897.00,0.00,587475.37
4.10,0.00,0.00,0.00,167.00,0.00,3325.00,3904.00,0.00,586272.24
4.10,0.00,0.00,0.00,167.00,0.00,3320.00,3909.00,0.00,585098.75
4.11,0.00,0.00,0.00,167.00,0.00,3311.00,3918.00,0.00,583892.24
4.12,0.00,0.00,0.00,167.00,0.00,3299.00,3930.00,0.00,582610.50
4.12,0.00,0.00,0.00,167.00,0.00,3287.00,3942.00,0.00,581260.10
4.13,0.00,0.00,0.00,167.00,0.00,3278.00,3951.00,0.00,579892.08
4.14,0.00,0.00,0.00,167.00,0.00,3272.00,3957.00,0.00,578553.04
4.15,0.00,0.00,0.00,167.00,0.00,3265.00,3964.00,0.00,577225.44
4.15,0.00,0.00,0.00,167.00,0.00,3254.00,3975.00,0.00,575848.19
4.16,0.00,0.00,0.00,167.00,0.00,3246.00,3983.00,0.00,574470.67
4.17,0.00,0.00,0.00,167.00,0.00,3236.00,3993.00,0.00,573062.88
4.17,0.00,0.00,0.00,167.00,0.00,3229.00,4000.00,0.00,571672.50
4.18,0.00,0.00,0.00,167.00,0.00,3225.00,4004.00,0.00,570343.11
4.19,0.00,0.00,0.00,167.00,0.00,3222.00,4007.00,0.00,569084.40
4.19,0.00,0.00,0.00,167.00,0.00,3214.00,4015.00,0.00,567815.11
4.20,0.00,0.00,0.00,167.00,0.00,3207.00,4022.00,0.00,566551.18
4.21,0.00,0.00,0.00,167.00,0.00,3203.00,4026.00,0.00,565337.22
4.22,0.00,0.00,0.00,167.00,0.00,3195.00,4034.00,0.00,564108.78
4.22,0.00,0.00,0.00,167.00,0.00,3187.00,4042.00,0.00,562867.12
4.23,0.00,0.00,0.00,167.00,0.00,3178.00,4051.00,0.00,561598.38
4.24,0.00,0.00,0.00,167.00,0.00,3167.00,4062.00,0.00,560274.85
4.24,0.00,0.00,0.00,167.00,0.00,3162.00,4067.00,0.00,558991.46
4.25,0.00,0.00,0.00,167.00,0.00,3155.00,4074.00,0.00,557714.66
4.26,0.00,0.00,0.00,167.00,0.00,3150.00,4079.00,0.00,556473.92
4.26,0.00,0.00,0.00,167.00,0.00,3143.00,4086.00,0.00,555236.06
4.27,0.00,0.00,0.00,167.00,0.00,3134.00,4095.00,0.00,553970.78
4.28,0.00,0.00,0.00,167.00,0.00,3125.00,4104.00,0.00,552680.47
4.28,0.00,0.00,0.00,167.00,0.00,3118.00,4111.00,0.00,551397.35
4.29,0.00,0.00,0.00,167.00,0.00,3111.00,4118.00,0.00,550120.79
4.30,0.00,0.00,0.00,167.00,0.00,3104.00,4125.00,0.00,548850.24
4.31,0.00,0.00,0.00,167.00,0.00,3095.00,4134.00,0.00,547555.11
4.31,0.00,0.00,0.00,167.00,0.00,3083.00,4146.00,0.00,546192.47
4.32,0.00,0.00,0.00,167.00,0.00,3077.00,4152.00,0.00,544858.35
4.33,0.00,0.00,0.00,167.00,0.00,3069.00,4160.00,0.00,543520.22
4.33,0.00,0.00,0.00,167.00,0.00,3061.00,4168.00,0.00,542178.42
4.34,0.00,0.00,0.00,167.00,0.00,3054.00,4175.00,0.00,540848.30
4.35,0.00,0.00,0.00,167.00,0.00,3048.00,4181.00,0.00,539543.86
4.35,0.00,0.00,0.00,167.00,0.00,3044.00,4185.00,0.00,538292.91
4.36,0.00,0.00,0.00,167.00,0.00,3041.00,4188.00,0.00,537105.82
4.37,0.00,0.00,0.00,167.00,0.00,3036.00,4193.00,0.00,535946.98
4.38,0.00,0.00,0.00,167.00,0.00,3031.00,4198.00,0.00,534813.93
4.38,0.00,0.00,0.00,167.00,0.00,3027.00,4202.00,0.00,533719.46
4.39,0.00,0.00,0.00,167.00,0.00,3018.00,4211.00,0.00,532585.07
4.40,0.00,0.00,0.00,167.00,0.00,3008.00,4221.00,0.00,531399.24
4.40,0.00,0.00,0.00,167.00,0.00,3000.00,4229.00,0.00,530196.47
4.41,0.00,0.00,0.00,167.00,0.00,2991.00,4238.00,0.00,528963.23
4.42,0.00,0.00,0.00,167.00,0.00,2984.00,4245.00,0.00,527732.22
4.42,0.00,0.00,0.00,167.00,0.00,2981.00,4248.00,0.00,526563.32
4.43,0.00,0.00,0.00,167.00,0.00,2974.00,4255.00,0.00,525391.05
4.44,0.00,0.00,0.00,167.00,0.00,2965.00,4264.00,0.00,524185.65
4.44,0.00,0.00,0.00,167.00,0.00,2959.00,4270.00,0.00,522995.07
4.45,0.00,0.00,0.00,167.00,0.00,2956.00,4273.00,0.00,521863.09
4.46,0.00,0.00,0.00,167.00,0.00,2949.00,4280.00,0.00,520724.52
4.47,0.00,0.00,0.00,167.00,0.00,2942.00,4287.00,0.00,519579.92
4.47,0.00,0.00,0.00,167.00,0.00,2938.00,4291.00,0.00,518474.90
4.48,0.00,0.00,0.00,167.00,0.00,2927.00,4302.00,0.00,517300.85
4.49,0.00,0.00,0.00,167.00,0.00,2921.00,4308.00,0.00,516138.89
4.49,0.00,0.00,0.00,167.00,0.00,2917.00,4312.00,0.00,515018.02
4.50,0.00,0.00,0.00,167.00,0.00,2907.00,4322.00,0.00,513844.52
4.51,0.00,0.00,0.00,167.00,0.00,2900.00,4329.00,0.00,512668.04
4.51,0.00,0.00,0.00,167.00,0.00,2895.00,4334.00,0.00,511518.89
4.52,0.00,0.00,0.00,167.00,0.00,2884.00,4345.00,0.00,510304.54
4.53,0.00,0.00,0.00,167.00,0.00,2877.00,4352.00,0.00,509090.78
4.53,0.00,0.00,0.00,167.00,0.00,2872.00,4357.00,0.00,507907.58
4.54,0.00,0.00,0.00,167.00,0.00,2857.00,4372.00,0.00,506602.07
4.55,0.00,0.00,0.00,167.00,0.00,2848.00,4381.00,0.00,505275.03
4.56,0.00,0.00,0.00,167.00,0.00,2841.00,4388.00,0.00,503958.39
4.56,0.00,0.00,0.00,167.00,0.00,2836.00,4393.00,0.00,502681.27
4.57,0.00,0.00,0.00,167.00,0.00,2827.00,4402.00,0.00,501380.15
4.58,0.00,0.00,0.00,167.00,0.00,2817.00,4412.00,0.00,500042.10
4.58,0.00,0.00,0.00,167.00,0.00,2811.00,4418.00,0.00,498730.42
4.59,0.00,0.00,0.00,167.00,0.00,2809.00,4420.00,0.00,497502.91
4.60,0.00,0.00,0.00,167.00,0.00,2801.00,4428.00,0.00,496262.11
4.60,0.00,0.00,0.00,167.00,0.00,2796.00,4433.00,0.00,495054.23
4.61,0.00,0.00,0.00,167.00,0.00,2790.00,4439.00,0.00,493861.39
4.62,0.00,0.00,0.00,167.00,0.00,2777.00,4452.00,0.00,492577.11
4.62,0.00,0.00,0.00,167.00,0.00,2768.00,4461.00,0.00,491269.46
4.63,0.00,0.00,0.00,167.00,0.00,2761.00,4468.00,0.00,489970.51
4.64,0.00,0.00,0.00,167.00,0.00,2756.00,4473.00,0.00,488709.56
4.65,0.00,0.00,0.00,167.00,0.00,2749.00,4480.00,0.00,487453.24
4.65,0.00,0.00,0.00,167.00,0.00,2743.00,4486.00,0.00,486216.17
4.66,0.00,0.00,0.00,167.00,0.00,2737.00,4492.00,0.00,484996.69
4.67,0.00,0.00,0.00,167.00,0.00,2730.00,4499.00,0.00,483778.23
4.67,0.00,0.00,0.00,167.00,0.00,2725.00,4504.00,0.00,482590.76
4.68,0.00,0.00,0.00,167.00,0.00,2720.00,4509.00,0.00,481431.57
4.69,0.00,0.00,0.00,167.00,0.00,2716.00,4513.00,0.00,480313.23
4.69,0.00,0.00,0.00,167.00,0.00,2709.00,4520.00,0.00,479187.10
4.70,0.00,0.00,0.00,167.00,0.00,2698.00,4531.00,0.00,477993.78
4.71,0.00,0.00,0.00,167.00,0.00,2691.00,4538.00,0.00,476799.21
4.72,0.00,0.00,0.00,167.00,0.00,2682.00,4547.00,0.00,475573.44
4.72,0.00,0.00,0.00,167.00,0.00,2672.00,4557.00,0.00,474304.18
4.73,0.00,0.00,0.00,167.00,0.00,2664.00,4565.00,0.00,473025.26
4.74,0.00,0.00,0.00,167.00,0.00,2655.00,4574.00,0.00,471722.49
4.74,0.00,0.00,0.00,167.00,0.00,2648.00,4581.00,0.00,470428.01
4.75,0.00,0.00,0.00,167.00,0.00,2643.00,4586.00,0.00,469171.12
4.76,0.00,0.00,0.00,167.00,0.00,2633.00,4596.00,0.00,467873.45
4.76,0.00,0.00,0.00,167.00,0.00,2628.00,4601.00,0.00,466613.65
4.77,0.00,0.00,0.00,167.00,0.00,2622.00,4607.00,0.00,465373.42
4.78,0.00,0.00,0.00,167.00,0.00,2613.00,4616.00,0.00,464105.98
4.78,0.00,0.00,0.00,167.00,0.00,2604.00,4625.00,0.00,462813.69
4.79,0.00,0.00,0.00,167.00,0.00,2593.00,4636.00,0.00,461468.67
4.80,0.00,0.00,0.00,167.00,0.00,2585.00,4644.00,0.00,460120.58
4.81,0.00,0.00,0.00,167.00,0.00,2577.00,4652.00,0.00,458769.70
4.81,0.00,0.00,0.00,167.00,0.00,2566.00,4663.00,0.00,457371.19
4.82,0.00,0.00,0.00,167.00,0.00,2561.00,4668.00,0.00,456019.35
4.83,0.00,0.00,0.00,167.00,0.00,2555.00,4674.00,0.00,454695.07
4.83,0.00,0.00,0.00,167.00,0.00,2551.00,4678.00,0.00,453426.02
4.84,0.00,0.00,0.00,167.00,0.00,2538.00,4691.00,0.00,452072.17
4.85,0.00,0.00,0.00,167.00,0.00,2530.00,4699.00,0.00,450716.03
4.85,0.00,0.00,0.00,167.00,0.00,2525.00,4704.00,0.00,449402.85
4.86,0.00,0.00,0.00,167.00,0.00,2521.00,4708.00,0.00,448143.93
4.87,0.00,0.00,0.00,167.00,0.00,2512.00,4717.00,0.00,446859.43
4.88,0.00,0.00,0.00,167.00,0.00,2502.00,4727.00,0.00,445536.54
4.88,0.00,0.00,0.00,167.00,0.00,2493.00,4736.00,0.00,444193.64
4.89,0.00,0.00,0.00,167.00,0.00,2486.00,4743.00,0.00,442862.50
4.90,0.00,0.00,0.00,167.00,0.00,2480.00,4749.00,0.00,441557.14
4.90,0.00,0.00,0.00,167.00,0.00,2469.00,4760.00,0.00,440200.19
4.91,0.00,0.00,0.00,167.00,0.00,2463.00,4766.00,0.00,438871.26
4.92,0.00,0.00,0.00,167.00,0.00,2456.00,4773.00,0.00,437552.89
4.92,0.00,0.00,0.00,167.00,0.00,2450.00,4779.00,0.00,436259.18
4.93,0.00,0.00,0.00,167.00,0.00,2438.00,4791.00,0.00,434897.84
4.94,0.00,0.00,0.00,167.00,0.00,2432.00,4797.00,0.00,433564.90
4.94,0.00,0.00,0.00,167.00,0.00,2426.00,4803.00,0.00,432257.89
4.95,0.00,0.00,0.00,167.00,0.00,2422.00,4807.00,0.00,431004.59
4.96,0.00,0.00,0.00,167.00,0.00,2418.00,4811.00,0.00,429800.34
4.97,0.00,0.00,0.00,167.00,0.00,2412.00,4817.00,0.00,428610.81
4.97,0.00,0.00,0.00,167.00,0.00,2409.00,4820.00,0.00,427479.79
4.98,0.00,0.00,0.00,167.00,0.00,2402.00,4827.00,0.00,426342.09
4.99,0.00,0.00,0.00,167.00,0.00,2390.00,4839.00,0.00,425123.18
4.99,0.00,0.00,0.00,167.00,0.00,2383.00,4846.00,0.00,423905.25
5.00,0.00,0.00,0.00,167.00,0.00,2372.00,4857.00,0.00,422628.11
5.01,0.00,0.00,0.00,167.00,0.00,2369.00,4860.00,0.00,421417.11
5.01,0.00,0.00,0.00,167.00,0.00,2362.00,4867.00,0.00,420206.40
5.02,0.00,0.00,0.00,167.00,0.00,2356.00,4873.00,0.00,419010.98
5.03,0.00,0.00,0.00,167.00,0.00,2352.00,4877.00,0.00,417859.56
5.03,0.00,0.00,0.00,167.00,0.00,2344.00,4885.00,0.00,416688.21
5.04,0.00,0.00,0.00,167.00,0.00,2331.00,4898.00,0.00,415423.56
5.05,0.00,0.00,0.00,167.00,0.00,2325.00,4904.00,0.00,414178.89
5.06,0.00,0.00,0.00,167.00,0.00,2317.00,4912.00,0.00,412922.41
5.06,0.00,0.00,0.00,167.00,0.00,2307.00,4922.00,0.00,411625.11
5.07,0.00,0.00,0.00,167.00,0.00,2304.00,4925.00,0.00,410395.71
5.08,0.00,0.00,0.00,167.00,0.00,2300.00,4929.00,0.00,409213.27
5.08,0.00,0.00,0.00,167.00,0.00,2292.00,4937.00,0.00,408013.60
5.09,0.00,0.00,0.00,167.00,0.00,2281.00,4948.00,0.00,406753.15
5.10,0.00,0.00,0.00,167.00,0.00,2279.00,4950.00,0.00,405572.40
5.10,0.00,0.00,0.00,167.00,0.00,2271.00,4958.00,0.00,404374.28
5.11,0.00,0.00,0.00,167.00,0.00,2264.00,4965.00,0.00,403175.32
5.12,0.00,0.00,0.00,167.00,0.00,2258.00,4971.00,0.00,401990.63
5.12,0.00,0.00,0.00,167.00,0.00,2253.00,4976.00,0.00,400833.98
5.13,0.00,0.00,0.00,167.00,0.00,2246.00,4983.00,0.00,399672.89
5.14,0.00,0.00,0.00,167.00,0.00,2238.00,4991.00,0.00,398492.71
5.15,0.00,0.00,0.00,167.00,0.00,2228.00,5001.00,0.00,397265.07
5.15,0.00,0.00,0.00,167.00,0.00,2221.00,5008.00,0.00,396039.16
5.16,0.00,0.00,0.00,167.00,0.00,2215.00,5014.00,0.00,394829.87
5.17,0.00,0.00,0.00,167.00,0.00,2212.00,5017.00,0.00,393680.80
5.17,0.00,0.00,0.00,167.00,0.00,2203.00,5026.00,0.00,392496.58
5.18,0.00,0.00,0.00,167.00,0.00,2195.00,5034.00,0.00,391295.30
5.19,0.00,0.00,0.00,167.00,0.00,2186.00,5043.00,0.00,390063.40
5.19,0.00,0.00,0.00,167.00,0.00,2179.00,5050.00,0.00,388833.62
5.20,0.00,0.00,0.00,167.00,0.00,2176.00,5053.00,0.00,387665.85
5.21,0.00,0.00,0.00,167.00,0.00,2166.00,5063.00,0.00,386449.53
5.22,0.00,0.00,0.00,167.00,0.00,2156.00,5073.00,0.00,385188.90
5.22,0.00,0.00,0.00,167.00,0.00,2148.00,5081.00,0.00,383917.85
5.23,0.00,0.00,0.00,167.00,0.00,2142.00,5087.00,0.00,382667.34
5.24,0.00,0.00,0.00,167.00,0.00,2137.00,5092.00,0.00,381450.60
5.24,0.00,0.00,0.00,167.00,0.00,2133.00,5096.00,0.00,380279.72
5.25,0.00,0.00,0.00,167.00,0.00,2125.00,5104.00,0.00,379090.61
5.26,0.00,0.00,0.00,167.00,0.00,2122.00,5107.00,0.00,377959.98
5.26,0.00,0.00,0.00,167.00,0.00,2111.00,5118.00,0.00,376762.54
5.27,0.00,0.00,0.00,167.00,0.00,2102.00,5127.00,0.00,375534.16
5.28,0.00,0.00,0.00,167.00,0.00,2096.00,5133.00,0.00,374322.60
5.28,0.00,0.00,0.00,167.00,0.00,2090.00,5139.00,0.00,373126.41
5.29,0.00,0.00,0.00,167.00,0.00,2080.00,5149.00,0.00,371884.14
5.30,0.00,0.00,0.00,167.00,0.00,2074.00,5155.00,0.00,370659.90
5.31,0.00,0.00,0.00,167.00,0.00,2069.00,5160.00,0.00,369467.16
5.31,0.00,0.00,0.00,167.00,0.00,2061.00,5168.00,0.00,368258.08
5.32,0.00,0.00,0.00,167.00,0.00,2054.00,5175.00,0.00,367049.13
5.33,0.00,0.00,0.00,167.00,0.00,2049.00,5180.00,0.00,365870.33
5.33,0.00,0.00,0.00,167.00,0.00,2041.00,5188.00,0.00,364673.99
5.34,0.00,0.00,0.00,167.00,0.00,2032.00,5197.00,0.00,363446.61
5.35,0.00,0.00,0.00,167.00,0.00,2025.00,5204.00,0.00,362220.95
5.35,0.00,0.00,0.00,167.00,0.00,2014.00,5215.00,0.00,360936.76
5.36,0.00,0.00,0.00,167.00,0.00,2008.00,5221.00,0.00,359674.25
5.37,0.00,0.00,0.00,167.00,0.00,1997.00,5232.00,0.00,358356.43
5.38,0.00,0.00,0.00,167.00,0.00,1992.00,5237.00,0.00,357078.24
5.38,0.00,0.00,0.00,167.00,0.00,1988.00,5241.00,0.00,355851.25
5.39,0.00,0.00,0.00,167.00,0.00,1977.00,5252.00,0.00,354565.85
5.40,0.00,0.00,0.00,167.00,0.00,1971.00,5258.00,0.00,353302.24
5.40,0.00,0.00,0.00,167.00,0.00,1967.00,5262.00,0.00,352088.57
5.41,0.00,0.00,0.00,167.00,0.00,1958.00,5271.00,0.00,350845.38
5.42,0.00,0.00,0.00,167.00,0.00,1950.00,5279.00,0.00,349590.25
5.42,0.00,0.00,0.00,167.00,0.00,1945.00,5284.00,0.00,348369.29
5.43,0.00,0.00,0.00,167.00,0.00,1940.00,5289.00,0.00,347179.54
5.44,0.00,0.00,0.00,167.00,0.00,1935.00,5294.00,0.00,346018.27
5.44,0.00,0.00,0.00,167.00,0.00,1931.00,5298.00,0.00,344898.02
5.45,0.00,0.00,0.00,167.00,0.00,1924.00,5305.00,0.00,343770.16
5.46,0.00,0.00,0.00,167.00,0.00,1919.00,5310.00,0.00,342665.40
5.47,0.00,0.00,0.00,167.00,0.00,1914.00,5315.00,0.00,341581.72
5.47,0.00,0.00,0.00,167.00,0.00,1911.00,5318.00,0.00,340547.33
5.48,0.00,0.00,0.00,167.00,0.00,1903.00,5326.00,0.00,339482.82
5.49,0.00,0.00,0.00,167.00,0.00,1901.00,5328.00,0.00,338480.97
5.49,0.00,0.00,0.00,167.00,0.00,1893.00,5336.00,0.00,337446.16
5.50,0.00,0.00,0.00,167.00,0.00,1886.00,5343.00,0.00,336396.30
5.51,0.00,0.00,0.00,167.00,0.00,1882.00,5347.00,0.00,335377.77
5.51,0.00,0.00,0.00,167.00,0.00,1875.00,5354.00,0.00,334342.76
5.52,0.00,0.00,0.00,167.00,0.00,1869.00,5360.00,0.00,333307.74
5.53,0.00,0.00,0.00,167.00,0.00,1862.00,5367.00,0.00,332257.68
5.53,0.00,0.00,0.00,167.00,0.00,1854.00,5375.00,0.00,331178.87
5.54,0.00,0.00,0.00,167.00,0.00,1848.00,5381.00,0.00,330103.87
5.55,0.00,0.00,0.00,167.00,0.00,1840.00,5389.00,0.00,329002.28
5.56,0.00,0.00,0.00,167.00,0.00,1830.00,5399.00,0.00,327846.39
5.56,0.00,0.00,0.00,167.00,0.00,1825.00,5404.00,0.00,326716.03
5.57,0.00,0.00,0.00,167.00,0.00,1816.00,5413.00,0.00,325548.88
5.58,0.00,0.00,0.00,167.00,0.00,1813.00,5416.00,0.00,324438.31
5.58,0.00,0.00,0.00,167.00,0.00,1808.00,5421.00,0.00,323349.31
5.59,0.00,0.00,0.00,167.00,0.00,1802.00,5427.00,0.00,322265.01
5.60,0.00,0.00,0.00,167.00,0.00,1793.00,5436.00,0.00,321139.91
5.60,0.00,0.00,0.00,167.00,0.00,1787.00,5442.00,0.00,320022.65
5.61,0.00,0.00,0.00,167.00,0.00,1774.00,5455.00,0.00,318807.37
5.62,0.00,0.00,0.00,167.00,0.00,1765.00,5464.00,0.00,317562.70
5.62,0.00,0.00,0.00,167.00,0.00,1762.00,5467.00,0.00,316381.35
5.63,0.00,0.00,0.00,167.00,0.00,1758.00,5471.00,0.00,315242.77
5.64,0.00,0.00,0.00,167.00,0.00,1753.00,5476.00,0.00,314128.22
5.65,0.00,0.00,0.00,167.00,0.00,1745.00,5484.00,0.00,312990.53
5.65,0.00,0.00,0.00,167.00,0.00,1739.00,5490.00,0.00,311861.77
5.66,0.00,0.00,0.00,167.00,0.00,1735.00,5494.00,0.00,310771.21
5.67,0.00,0.00,0.00,167.00,0.00,1723.00,5506.00,0.00,309595.33
5.67,0.00,0.00,0.00,167.00,0.00,1720.00,5509.00,0.00,308476.77
5.68,0.00,0.00,0.00,167.00,0.00,1718.00,5511.00,0.00,307425.56
5.69,0.00,0.00,0.00,167.00,0.00,1716.00,5513.00,0.00,306435.85
5.69,0.00,0.00,0.00,167.00,0.00,1709.00,5520.00,0.00,305427.15
5.70,0.00,0.00,0.00,167.00,0.00,1706.00,5523.00,0.00,304461.22
5.71,0.00,0.00,0.00,167.00,0.00,1698.00,5531.00,0.00,303459.21
5.72,0.00,0.00,0.00,167.00,0.00,1690.00,5539.00,0.00,302424.26
5.72,0.00,0.00,0.00,167.00,0.00,1687.00,5542.00,0.00,301434.37
5.73,0.00,0.00,0.00,167.00,0.00,1681.00,5548.00,0.00,300440.53
5.74,0.00,0.00,0.00,167.00,0.00,1678.00,5551.00,0.00,299488.17
5.74,0.00,0.00,0.00,167.00,0.00,1670.00,5559.00,0.00,298498.54
5.75,0.00,0.00,0.00,167.00,0.00,1669.00,5560.00,0.00,297580.07
5.76,0.00,0.00,0.00,167.00,0.00,1661.00,5568.00,0.00,296621.39
5.76,0.00,0.00,0.00,167.00,0.00,1655.00,5574.00,0.00,295656.05
5.77,0.00,0.00,0.00,167.00,0.00,1648.00,5581.00,0.00,294669.60
5.78,0.00,0.00,0.00,167.00,0.00,1646.00,5583.00,0.00,293739.00
5.78,0.00,0.00,0.00,167.00,0.00,1643.00,5586.00,0.00,292844.37
5.79,0.00,0.00,0.00,167.00,0.00,1637.00,5592.00,0.00,291937.50
5.80,0.00,0.00,0.00,167.00,0.00,1634.00,5595.00,0.00,291064.53
5.81,0.00,0.00,0.00,167.00,0.00,1631.00,5598.00,0.00,290222.50
5.81,0.00,0.00,0.00,167.00,0.00,1626.00,5603.00,0.00,289378.68
5.82,0.00,0.00,0.00,167.00,0.00,1624.00,5605.00,0.00,288578.28
5.83,0.00,0.00,0.00,167.00,0.00,1608.00,5621.00,0.00,287607.22
5.83,0.00,0.00,0.00,167.00,0.00,1603.00,5626.00,0.00,286645.59
5.84,0.00,0.00,0.00,167.00,0.00,1594.00,5635.00,0.00,285632.49
5.85,0.00,0.00,0.00,167.00,0.00,1590.00,5639.00,0.00,284647.51
5.85,0.00,0.00,0.00,167.00,0.00,1583.00,5646.00,0.00,283643.14
5.86,0.00,0.00,0.00,167.00,0.00,1582.00,5647.00,0.00,282711.21
5.87,0.00,0.00,0.00,167.00,0.00,1576.00,5653.00,0.00,281770.28
5.88,0.00,0.00,0.00,167.00,0.00,1573.00,5656.00,0.00,280866.22
5.88,0.00,0.00,0.00,167.00,0.00,1567.00,5662.00,0.00,279950.74
5.89,0.00,0.00,0.00,167.00,0.00,1563.00,5666.00,0.00,279054.88
5.90,0.00,0.00,0.00,167.00,0.00,1557.00,5672.00,0.00,278146.90
5.90,0.00,0.00,0.00,167.00,0.00,1551.00,5678.00,0.00,277227.83
5.91,0.00,0.00,0.00,167.00,0.00,1542.00,5687.00,0.00,276253.59
5.92,0.00,0.00,0.00,167.00,0.00,1536.00,5693.00,0.00,275274.04
5.92,0.00,0.00,0.00,167.00,0.00,1528.00,5701.00,0.00,274259.61
5.93,0.00,0.00,0.00,167.00,0.00,1525.00,5704.00,0.00,273288.43
5.94,0.00,0.00,0.00,167.00,0.00,1521.00,5708.00,0.00,272341.73
5.94,0.00,0.00,0.00,167.00,0.00,1513.00,5716.00,0.00,271357.28
5.95,0.00,0.00,0.00,167.00,0.00,1505.00,5724.00,0.00,270338.37
5.96,0.00,0.00,0.00,167.00,0.00,1500.00,5729.00,0.00,269333.06
5.97,0.00,0.00,0.00,167.00,0.00,1496.00,5733.00,0.00,268355.20
5.97,0.00,0.00,0.00,167.00,0.00,1490.00,5739.00,0.00,267372.35
5.98,0.00,0.00,0.00,167.00,0.00,1486.00,5743.00,0.00,266414.99
5.99,0.00,0.00,0.00,167.00,0.00,1484.00,5745.00,0.00,265510.95
5.99,0.00,0.00,0.00,167.00,0.00,1476.00,5753.00,0.00,264565.44
6.00,0.00,0.00,0.00,167.00,0.00,1465.00,5764.00,0.00,263537.01
6.01,0.00,0.00,0.00,167.00,0.00,1455.00,5774.00,0.00,262447.90
6.01,0.00,0.00,0.00,167.00,0.00,1450.00,5779.00,0.00,261378.51
6.02,0.00,0.00,0.00,167.00,0.00,1439.00,5790.00,0.00,260236.98
6.03,0.00,0.00,0.00,167.00,0.00,1431.00,5798.00,0.00,259074.67
6.03,0.00,0.00,0.00,167.00,0.00,1422.00,5807.00,0.00,257878.36
6.04,0.00,0.00,0.00,167.00,0.00,1415.00,5814.00,0.00,256681.05
6.05,0.00,0.00,0.00,167.00,0.00,1404.00,5825.00,0.00,255422.75
6.06,0.00,0.00,0.00,167.00,0.00,1397.00,5832.00,0.00,254168.86
6.06,0.00,0.00,0.00,167.00,0.00,1392.00,5837.00,0.00,252949.03
6.07,0.00,0.00,0.00,167.00,0.00,1385.00,5844.00,0.00,251730.26
6.08,0.00,0.00,0.00,167.00,0.00,1380.00,5849.00,0.00,250542.50
6.08,0.00,0.00,0.00,167.00,0.00,1369.00,5860.00,0.00,249292.91
6.09,0.00,0.00,0.00,167.00,0.00,1363.00,5866.00,0.00,248061.99
6.10,0.00,0.00,0.00,167.00,0.00,1353.00,5876.00,0.00,246788.02
6.10,0.00,0.00,0.00,167.00,0.00,1346.00,5883.00,0.00,245519.83
6.11,0.00,0.00,0.00,167.00,0.00,1338.00,5891.00,0.00,244241.88
6.12,0.00,0.00,0.00,167.00,0.00,1331.00,5898.00,0.00,242970.04
6.12,0.00,0.00,0.00,167.00,0.00,1326.00,5903.00,0.00,241733.84
6.13,0.00,0.00,0.00,167.00,0.00,1317.00,5912.00,0.00,240470.07
6.14,0.00,0.00,0.00,167.00,0.00,1310.00,5919.00,0.00,239211.18
6.15,0.00,0.00,0.00,167.00,0.00,1303.00,5926.00,0.00,237956.75
6.15,0.00,0.00,0.00,167.00,0.00,1298.00,5931.00,0.00,236736.44
6.16,0.00,0.00,0.00,167.00,0.00,1294.00,5935.00,0.00,235562.29
6.17,0.00,0.00,0.00,167.00,0.00,1291.00,5938.00,0.00,234445.31
6.17,0.00,0.00,0.00,167.00,0.00,1283.00,5946.00,0.00,233305.41
6.18,0.00,0.00,0.00,167.00,0.00,1279.00,5950.00,0.00,232204.68
6.19,0.00,0.00,0.00,167.00,0.00,1270.00,5959.00,0.00,231064.59
6.19,0.00,0.00,0.00,167.00,0.00,1260.00,5969.00,0.00,229873.54
6.20,0.00,0.00,0.00,167.00,0.00,1254.00,5975.00,0.00,228696.06
6.21,0.00,0.00,0.00,167.00,0.00,1246.00,5983.00,0.00,227500.93
6.22,0.00,0.00,0.00,167.00,0.00,1236.00,5993.00,0.00,226259.63
6.22,0.00,0.00,0.00,167.00,0.00,1230.00,5999.00,0.00,225036.28
6.23,0.00,0.00,0.00,167.00,0.00,1220.00,6009.00,0.00,223769.23
6.24,0.00,0.00,0.00,167.00,0.00,1216.00,6013.00,0.00,222552.41
6.24,0.00,0.00,0.00,167.00,0.00,1213.00,6016.00,0.00,221396.48
6.25,0.00,0.00,0.00,167.00,0.00,1206.00,6023.00,0.00,220236.04
6.26,0.00,0.00,0.00,167.00,0.00,1202.00,6027.00,0.00,219116.55
6.26,0.00,0.00,0.00,167.00,0.00,1198.00,6031.00,0.00,218034.46
6.27,0.00,0.00,0.00,167.00,0.00,1193.00,6036.00,0.00,216971.47
6.28,0.00,0.00,0.00,167.00,0.00,1186.00,6043.00,0.00,215895.88
6.28,0.00,0.00,0.00,167.00,0.00,1179.00,6050.00,0.00,214808.79
6.29,0.00,0.00,0.00,167.00,0.00,1172.00,6057.00,0.00,213711.19
6.30,0.00,0.00,0.00,167.00,0.00,1169.00,6060.00,0.00,212664.10
6.31,0.00,0.00,0.00,167.00,0.00,1162.00,6067.00,0.00,211603.03
6.31,0.00,0.00,0.00,167.00,0.00,1160.00,6069.00,0.00,210604.30
6.32,0.00,0.00,0.00,167.00,0.00,1156.00,6073.00,0.00,209632.44
6.33,0.00,0.00,0.00,167.00,0.00,1146.00,6083.00,0.00,208594.98
6.33,0.00,0.00,0.00,167.00,0.00,1141.00,6088.00,0.00,207572.74
6.34,0.00,0.00,0.00,167.00,0.00,1137.00,6092.00,0.00,206579.42
6.35,0.00,0.00,0.00,167.00,0.00,1128.00,6101.00,0.00,205537.39
6.35,0.00,0.00,0.00,167.00,0.00,1123.00,6106.00,0.00,204510.98
6.36,0.00,0.00,0.00,167.00,0.00,1116.00,6113.00,0.00,203468.78
6.37,0.00,0.00,0.00,167.00,0.00,1111.00,6118.00,0.00,202442.22
6.38,0.00,0.00,0.00,167.00,0.00,1106.00,6123.00,0.00,201429.93
6.38,0.00,0.00,0.00,167.00,0.00,1101.00,6128.00,0.00,200430.67
6.39,0.00,0.00,0.00,167.00,0.00,1097.00,6132.00,0.00,199458.33
6.40,0.00,0.00,0.00,167.00,0.00,1091.00,6138.00,0.00,198480.52
6.40,0.00,0.00,0.00,167.00,0.00,1084.00,6145.00,0.00,197482.69
6.41,0.00,0.00,0.00,167.00,0.00,1076.00,6153.00,0.00,196451.56
6.42,0.00,0.00,0.00,167.00,0.00,1070.00,6159.00,0.00,195420.08
6.42,0.00,0.00,0.00,167.00,0.00,1058.00,6171.00,0.00,194298.14
6.43,0.00,0.00,0.00,167.00,0.00,1051.00,6178.00,0.00,193168.73
6.44,0.00,0.00,0.00,167.00,0.00,1044.00,6185.00,0.00,192032.51
6.44,0.00,0.00,0.00,167.00,0.00,1037.00,6192.00,0.00,190890.06
6.45,0.00,0.00,0.00,167.00,0.00,1029.00,6200.00,0.00,189726.91
6.46,0.00,0.00,0.00,167.00,0.00,1025.00,6204.00,0.00,188604.94
6.47,0.00,0.00,0.00,167.00,0.00,1016.00,6213.00,0.00,187445.47
6.47,0.00,0.00,0.00,167.00,0.00,1015.00,6214.00,0.00,186371.93
6.48,0.00,0.00,0.00,167.00,0.00,1008.00,6221.00,0.00,185286.71
6.49,0.00,0.00,0.00,167.00,0.00,1003.00,6226.00,0.00,184220.87
6.49,0.00,0.00,0.00,167.00,0.00,998.00,6231.00,0.00,183172.73
6.50,0.00,0.00,0.00,167.00,0.00,991.00,6238.00,0.00,182110.69
6.51,0.00,0.00,0.00,167.00,0.00,979.00,6250.00,0.00,180960.85
6.51,0.00,0.00,0.00,167.00,0.00,972.00,6257.00,0.00,179805.98
6.52,0.00,0.00,0.00,167.00,0.00,964.00,6265.00,0.00,178631.48
6.53,0.00,0.00,0.00,167.00,0.00,960.00,6269.00,0.00,177499.16
6.53,0.00,0.00,0.00,167.00,0.00,950.00,6279.00,0.00,176315.20
6.54,0.00,0.00,0.00,167.00,0.00,943.00,6286.00,0.00,175129.18
6.55,0.00,0.00,0.00,167.00,0.00,937.00,6292.00,0.00,173956.29
6.56,0.00,0.00,0.00,167.00,0.00,928.00,6301.00,0.00,172750.33
6.56,0.00,0.00,0.00,167.00,0.00,922.00,6307.00,0.00,171559.24
6.57,0.00,0.00,0.00,167.00,0.00,917.00,6312.00,0.00,170396.74
6.58,0.00,0.00,0.00,167.00,0.00,911.00,6318.00,0.00,169245.34
6.58,0.00,0.00,0.00,167.00,0.00,902.00,6327.00,0.00,168058.98
6.59,0.00,0.00,0.00,167.00,0.00,895.00,6334.00,0.00,166870.77
6.60,0.00,0.00,0.00,167.00,0.00,889.00,6340.00,0.00,165695.88
6.60,0.00,0.00,0.00,167.00,0.00,882.00,6347.00,0.00,164518.14
6.61,0.00,0.00,0.00,167.00,0.00,875.00,6354.00,0.00,163337.78
6.62,0.00,0.00,0.00,167.00,0.00,870.00,6359.00,0.00,162185.10
6.62,0.00,0.00,0.00,167.00,0.00,865.00,6364.00,0.00,161057.66
6.63,0.00,0.00,0.00,167.00,0.00,857.00,6372.00,0.00,159908.22
6.64,0.00,0.00,0.00,167.00,0.00,848.00,6381.00,0.00,158723.66
6.65,0.00,0.00,0.00,167.00,0.00,844.00,6385.00,0.00,157582.15
6.65,0.00,0.00,0.00,167.00,0.00,836.00,6393.00,0.00,156419.85
6.66,0.00,0.00,0.00,167.00,0.00,826.00,6403.00,0.00,155208.53
6.67,0.00,0.00,0.00,167.00,0.00,821.00,6408.00,0.00,154027.57
6.67,0.00,0.00,0.00,167.00,0.00,814.00,6415.00,0.00,152844.29
6.68,0.00,0.00,0.00,167.00,0.00,806.00,6423.00,0.00,151643.85
6.69,0.00,0.00,0.00,167.00,0.00,802.00,6427.00,0.00,150487.85
6.69,0.00,0.00,0.00,167.00,0.00,800.00,6429.00,0.00,149402.46
6.70,0.00,0.00,0.00,167.00,0.00,792.00,6437.00,0.00,148291.41
6.71,0.00,0.00,0.00,167.00,0.00,789.00,6440.00,0.00,147232.02
6.72,0.00,0.00,0.00,167.00,0.00,784.00,6445.00,0.00,146189.77
6.72,0.00,0.00,0.00,167.00,0.00,779.00,6450.00,0.00,145163.16
6.73,0.00,0.00,0.00,167.00,0.00,774.00,6455.00,0.00,144150.83
6.74,0.00,0.00,0.00,167.00,0.00,771.00,6458.00,0.00,143181.57
6.74,0.00,0.00,0.00,167.00,0.00,766.00,6463.00,0.00,142221.60
6.75,0.00,0.00,0.00,167.00,0.00,760.00,6469.00,0.00,141255.08
6.76,0.00,0.00,0.00,167.00,0.00,755.00,6474.00,0.00,140297.61
6.76,0.00,0.00,0.00,167.00,0.00,748.00,6481.00,0.00,139318.35
6.77,0.00,0.00,0.00,167.00,0.00,738.00,6491.00,0.00,138274.13
6.78,0.00,0.00,0.00,167.00,0.00,730.00,6499.00,0.00,137200.64
6.78,0.00,0.00,0.00,167.00,0.00,725.00,6504.00,0.00,136145.52
6.79,0.00,0.00,0.00,167.00,0.00,718.00,6511.00,0.00,135077.11
6.80,0.00,0.00,0.00,167.00,0.00,709.00,6520.00,0.00,133966.53
6.81,0.00,0.00,0.00,167.00,0.00,706.00,6523.00,0.00,132907.58
6.81,0.00,0.00,0.00,167.00,0.00,698.00,6531.00,0.00,131820.66
6.82,0.00,0.00,0.00,167.00,0.00,689.00,6540.00,0.00,130693.17
6.83,0.00,0.00,0.00,167.00,0.00,685.00,6544.00,0.00,129603.77
6.83,0.00,0.00,0.00,167.00,0.00,680.00,6549.00,0.00,128534.11
6.84,0.00,0.00,0.00,167.00,0.00,674.00,6555.00,0.00,127467.45
6.85,0.00,0.00,0.00,167.00,0.00,671.00,6558.00,0.00,126448.61
6.85,0.00,0.00,0.00,167.00,0.00,663.00,6566.00,0.00,125398.30
6.86,0.00,0.00,0.00,167.00,0.00,656.00,6573.00,0.00,124334.28
6.87,0.00,0.00,0.00,167.00,0.00,651.00,6578.00,0.00,123287.80
6.88,0.00,0.00,0.00,167.00,0.00,651.00,6578.00,0.00,122332.44
6.88,0.00,0.00,0.00,167.00,0.00,644.00,6585.00,0.00,121355.11
6.89,0.00,0.00,0.00,167.00,0.00,639.00,6590.00,0.00,120387.76
6.90,0.00,0.00,0.00,167.00,0.00,632.00,6597.00,0.00,119399.49
6.90,0.00,0.00,0.00,167.00,0.00,628.00,6601.00,0.00,118437.18
6.91,0.00,0.00,0.00,167.00,0.00,625.00,6604.00,0.00,117513.59
6.92,0.00,0.00,0.00,167.00,0.00,622.00,6607.00,0.00,116625.36
6.92,0.00,0.00,0.00,167.00,0.00,617.00,6612.00,0.00,115739.35
6.93,0.00,0.00,0.00,167.00,0.00,615.00,6614.00,0.00,114900.45
6.94,0.00,0.00,0.00,167.00,0.00,609.00,6620.00,0.00,114044.46
6.94,0.00,0.00,0.00,167.00,0.00,601.00,6628.00,0.00,113142.82
6.95,0.00,0.00,0.00,167.00,0.00,596.00,6633.00,0.00,112244.57
6.96,0.00,0.00,0.00,167.00,0.00,592.00,6637.00,0.00,111364.45
6.97,0.00,0.00,0.00,167.00,0.00,586.00,6643.00,0.00,110470.82
6.97,0.00,0.00,0.00,167.00,0.00,576.00,6653.00,0.00,109504.78
6.98,0.00,0.00,0.00,167.00,0.00,570.00,6659.00,0.00,108532.72
6.99,0.00,0.00,0.00,167.00,0.00,566.00,6663.00,0.00,107585.21
6.99,0.00,0.00,0.00,167.00,0.00,562.00,6667.00,0.00,106660.11
7.00,0.00,0.00,0.00,167.00,0.00,556.00,6673.00,0.00,105725.43
7.01,0.00,0.00,0.00,167.00,0.00,548.00,6681.00,0.00,104751.95
7.01,0.00,0.00,0.00,167.00,0.00,543.00,6686.00,0.00,103788.12
7.02,0.00,0.00,0.00,167.00,0.00,540.00,6689.00,0.00,102863.15
7.03,0.00,0.00,0.00,167.00,0.00,539.00,6690.00,0.00,102003.70
7.03,0.00,0.00,0.00,167.00,0.00,535.00,6694.00,0.00,101159.00
7.04,0.00,0.00,0.00,167.00,0.00,530.00,6699.00,0.00,100312.73
7.05,0.00,0.00,0.00,167.00,0.00,524.00,6705.00,0.00,99450.01
7.06,0.00,0.00,0.00,167.00,0.00,520.00,6709.00,0.00,98602.32
7.06,0.00,0.00,0.00,167.00,0.00,510.00,6719.00,0.00,97678.22
7.07,0.00,0.00,0.00,167.00,0.00,507.00,6722.00,0.00,96789.51
7.08,0.00,0.00,0.00,167.00,0.00,498.00,6731.00,0.00,95842.98
7.08,0.00,0.00,0.00,167.00,0.00,495.00,6734.00,0.00,94933.80
7.09,0.00,0.00,0.00,167.00,0.00,493.00,6736.00,0.00,94073.74
7.10,0.00,0.00,0.00,167.00,0.00,489.00,6740.00,0.00,93228.48
7.10,0.00,0.00,0.00,167.00,0.00,484.00,6745.00,0.00,92381.71
7.11,0.00,0.00,0.00,167.00,0.00,479.00,6750.00,0.00,91533.55
7.12,0.00,0.00,0.00,167.00,0.00,474.00,6755.00,0.00,90684.13
7.12,0.00,0.00,0.00,167.00,0.00,471.00,6758.00,0.00,89863.61
7.13,0.00,0.00,0.00,167.00,0.00,465.00,6764.00,0.00,89024.40
7.14,0.00,0.00,0.00,167.00,0.00,456.00,6773.00,0.00,88123.05
7.15,0.00,0.00,0.00,167.00,0.00,451.00,6778.00,0.00,87225.07
7.15,0.00,0.00,0.00,167.00,0.00,447.00,6782.00,0.00,86345.20
7.16,0.00,0.00,0.00,167.00,0.00,442.00,6787.00,0.00,85466.82
7.17,0.00,0.00,0.00,167.00,0.00,434.00,6795.00,0.00,84544.74
7.17,0.00,0.00,0.00,167.00,0.00,428.00,6801.00,0.00,83612.82
7.18,0.00,0.00,0.00,167.00,0.00,424.00,6805.00,0.00,82701.95
7.19,0.00,0.00,0.00,167.00,0.00,421.00,6808.00,0.00,81825.33
7.19,0.00,0.00,0.00,167.00,0.00,417.00,6812.00,0.00,80964.95
7.20,0.00,0.00,0.00,167.00,0.00,414.00,6815.00,0.00,80134.41
7.21,0.00,0.00,0.00,167.00,0.00,410.00,6819.00,0.00,79316.11
7.22,0.00,0.00,0.00,167.00,0.00,405.00,6824.00,0.00,78493.94
7.22,0.00,0.00,0.00,167.00,0.00,400.00,6829.00,0.00,77668.25
7.23,0.00,0.00,0.00,167.00,0.00,394.00,6835.00,0.00,76824.32
7.24,0.00,0.00,0.00,167.00,0.00,390.00,6839.00,0.00,75993.78
7.24,0.00,0.00,0.00,167.00,0.00,386.00,6843.00,0.00,75175.47
7.25,0.00,0.00,0.00,167.00,0.00,384.00,6845.00,0.00,74398.37
7.26,0.00,0.00,0.00,167.00,0.00,384.00,6845.00,0.00,73688.93
7.26,0.00,0.00,0.00,167.00,0.00,380.00,6849.00,0.00,72981.18
7.27,0.00,0.00,0.00,167.00,0.00,376.00,6853.00,0.00,72274.96
7.28,0.00,0.00,0.00,167.00,0.00,373.00,6856.00,0.00,71585.17
7.28,0.00,0.00,0.00,167.00,0.00,371.00,6858.00,0.00,70925.40
7.29,0.00,0.00,0.00,167.00,0.00,366.00,6863.00,0.00,70247.96
7.30,0.00,0.00,0.00,167.00,0.00,361.00,6868.00,0.00,69554.39
7.31,0.00,0.00,0.00,167.00,0.00,357.00,6872.00,0.00,68861.13
7.31,0.00,0.00,0.00,167.00,0.00,355.00,6874.00,0.00,68198.18
7.32,0.00,0.00,0.00,167.00,0.00,348.00,6881.00,0.00,67487.80
7.33,0.00,0.00,0.00,167.00,0.00,346.00,6883.00,0.00,66809.23
7.33,0.00,0.00,0.00,167.00,0.00,342.00,6887.00,0.00,66129.66
7.34,0.00,0.00,0.00,167.00,0.00,338.00,6891.00,0.00,65449.17
7.35,0.00,0.00,0.00,167.00,0.00,336.00,6893.00,0.00,64797.88
7.35,0.00,0.00,0.00,167.00,0.00,333.00,6896.00,0.00,64158.24
7.36,0.00,0.00,0.00,167.00,0.00,330.00,6899.00,0.00,63529.23
7.37,0.00,0.00,0.00,167.00,0.00,325.00,6904.00,0.00,62879.87
7.38,0.00,0.00,0.00,167.00,0.00,319.00,6910.00,0.00,62196.92
7.38,0.00,0.00,0.00,167.00,0.00,317.00,6912.00,0.00,61543.39
7.39,0.00,0.00,0.00,167.00,0.00,313.00,6916.00,0.00,60886.67
7.40,0.00,0.00,0.00,167.00,0.00,311.00,6918.00,0.00,60257.09
7.40,0.00,0.00,0.00,167.00,0.00,307.00,6922.00,0.00,59622.24
7.41,0.00,0.00,0.00,167.00,0.00,307.00,6922.00,0.00,59042.67
7.42,0.00,0.00,0.00,167.00,0.00,300.00,6929.00,0.00,58408.41
7.42,0.00,0.00,0.00,167.00,0.00,299.00,6930.00,0.00,57814.35
7.43,0.00,0.00,0.00,167.00,0.00,297.00,6932.00,0.00,57241.97
7.44,0.00,0.00,0.00,167.00,0.00,293.00,6936.00,0.00,56659.35
7.44,0.00,0.00,0.00,167.00,0.00,289.00,6940.00,0.00,56067.36
7.45,0.00,0.00,0.00,167.00,0.00,288.00,6941.00,0.00,55511.89
7.46,0.00,0.00,0.00,167.00,0.00,283.00,6946.00,0.00,54929.68
7.47,0.00,0.00,0.00,167.00,0.00,281.00,6948.00,0.00,54368.12
7.47,0.00,0.00,0.00,167.00,0.00,278.00,6951.00,0.00,53810.39
7.48,0.00,0.00,0.00,167.00,0.00,276.00,6953.00,0.00,53271.18
7.49,0.00,0.00,0.00,167.00,0.00,273.00,6956.00,0.00,52733.85
7.49,0.00,0.00,0.00,167.00,0.00,268.00,6961.00,0.00,52168.19
7.50,0.00,0.00,0.00,167.00,0.00,266.00,6963.00,0.00,51621.74
7.51,0.00,0.00,0.00,167.00,0.00,262.00,6967.00,0.00,51062.78
7.51,0.00,0.00,0.00,167.00,0.00,261.00,6968.00,0.00,50537.48
7.52,0.00,0.00,0.00,167.00,0.00,258.00,6971.00,0.00,50012.84
7.53,0.00,0.00,0.00,167.00,0.00,256.00,6973.00,0.00,49503.84
7.53,0.00,0.00,0.00,167.00,0.00,251.00,6978.00,0.00,48964.04
7.54,0.00,0.00,0.00,167.00,0.00,247.00,6982.00,0.00,48411.16
7.55,0.00,0.00,0.00,167.00,0.00,240.00,6989.00,0.00,47801.26
7.56,0.00,0.00,0.00,167.00,0.00,239.00,6990.00,0.00,47229.44
7.56,0.00,0.00,0.00,167.00,0.00,237.00,6992.00,0.00,46677.37
7.57,0.00,0.00,0.00,167.00,0.00,235.00,6994.00,0.00,46143.32
7.58,0.00,0.00,0.00,167.00,0.00,232.00,6997.00,0.00,45610.71
7.58,0.00,0.00,0.00,167.00,0.00,226.00,7003.00,0.00,45034.34
7.59,0.00,0.00,0.00,167.00,0.00,221.00,7008.00,0.00,44433.04
7.60,0.00,0.00,0.00,167.00,0.00,217.00,7012.00,0.00,43824.00
7.60,0.00,0.00,0.00,167.00,0.00,215.00,7014.00,0.00,43237.95
7.61,0.00,0.00,0.00,167.00,0.00,210.00,7019.00,0.00,42627.82
7.62,0.00,0.00,0.00,167.00,0.00,206.00,7023.00,0.00,42010.72
7.62,0.00,0.00,0.00,167.00,0.00,204.00,7025.00,0.00,41417.31
7.63,0.00,0.00,0.00,167.00,0.00,201.00,7028.00,0.00,40830.50
7.64,0.00,0.00,0.00,167.00,0.00,200.00,7029.00,0.00,40279.77
7.65,0.00,0.00,0.00,167.00,0.00,196.00,7033.00,0.00,39716.90
7.65,0.00,0.00,0.00,167.00,0.00,193.00,7036.00,0.00,39157.97
7.66,0.00,0.00,0.00,167.00,0.00,190.00,7039.00,0.00,38602.65
7.67,0.00,0.00,0.00,167.00,0.00,184.00,7045.00,0.00,38005.54
7.67,0.00,0.00,0.00,167.00,0.00,178.00,7051.00,0.00,37370.28
7.68,0.00,0.00,0.00,167.00,0.00,173.00,7056.00,0.00,36715.22
7.69,0.00,0.00,0.00,167.00,0.00,170.00,7059.00,0.00,36072.14
7.69,0.00,0.00,0.00,167.00,0.00,168.00,7061.00,0.00,35455.01
7.70,0.00,0.00,0.00,167.00,0.00,167.00,7062.00,0.00,34876.59
7.71,0.00,0.00,0.00,167.00,0.00,166.00,7063.00,0.00,34333.51
7.72,0.00,0.00,0.00,167.00,0.00,163.00,7066.00,0.00,33792.65
7.72,0.00,0.00,0.00,167.00,0.00,159.00,7070.00,0.00,33238.80
7.73,0.00,0.00,0.00,167.00,0.00,157.00,7072.00,0.00,32703.13
7.74,0.00,0.00,0.00,167.00,0.00,154.00,7075.00,0.00,32169.03
7.74,0.00,0.00,0.00,167.00,0.00,154.00,7075.00,0.00,31681.44
7.75,0.00,0.00,0.00,167.00,0.00,152.00,7077.00,0.00,31206.26
7.76,0.00,0.00,0.00,167.00,0.00,146.00,7083.00,0.00,30682.32
7.76,0.00,0.00,0.00,167.00,0.00,144.00,7085.00,0.00,30173.95
7.77,0.00,0.00,0.00,167.00,0.00,143.00,7086.00,0.00,29694.83
7.78,0.00,0.00,0.00,167.00,0.00,138.00,7091.00,0.00,29182.32
7.78,0.00,0.00,0.00,167.00,0.00,135.00,7094.00,0.00,28669.36
7.79,0.00,0.00,0.00,167.00,0.00,135.00,7094.00,0.00,28201.06
7.80,0.00,0.00,0.00,167.00,0.00,132.00,7097.00,0.00,27728.48
7.81,0.00,0.00,0.00,167.00,0.00,128.00,7101.00,0.00,27236.95
7.81,0.00,0.00,0.00,167.00,0.00,125.00,7104.00,0.00,26743.16
7.82,0.00,0.00,0.00,167.00,0.00,123.00,7106.00,0.00,26262.31
7.83,0.00,0.00,0.00,167.00,0.00,123.00,7106.00,0.00,25823.34
7.83,0.00,0.00,0.00,167.00,0.00,122.00,7107.00,0.00,25407.57
7.84,0.00,0.00,0.00,167.00,0.00,121.00,7108.00,0.00,25012.97
7.85,0.00,0.00,0.00,167.00,0.00,119.00,7110.00,0.00,24622.70
7.85,0.00,0.00,0.00,167.00,0.00,116.00,7113.00,0.00,24221.33
7.86,0.00,0.00,0.00,167.00,0.00,115.00,7114.00,0.00,23839.89
7.87,0.00,0.00,0.00,167.00,0.00,112.00,7117.00,0.00,23446.60
7.88,0.00,0.00,0.00,167.00,0.00,108.00,7121.00,0.00,23027.46
7.88,0.00,0.00,0.00,167.00,0.00,103.00,7126.00,0.00,22569.70
7.89,0.00,0.00,0.00,167.00,0.00,101.00,7128.00,0.00,22121.76
7.90,0.00,0.00,0.00,167.00,0.00,101.00,7128.00,0.00,21712.82
7.90,0.00,0.00,0.00,167.00,0.00,96.00,7133.00,0.00,21264.37
7.91,0.00,0.00,0.00,167.00,0.00,95.00,7134.00,0.00,20839.95
7.92,0.00,0.00,0.00,167.00,0.00,90.00,7139.00,0.00,20377.37
7.92,0.00,0.00,0.00,167.00,0.00,88.00,7141.00,0.00,19925.03
7.93,0.00,0.00,0.00,167.00,0.00,86.00,7143.00,0.00,19482.02
7.94,0.00,0.00,0.00,167.00,0.00,85.00,7144.00,0.00,19062.57
7.94,0.00,0.00,0.00,167.00,0.00,83.00,7146.00,0.00,18649.60
7.95,0.00,0.00,0.00,167.00,0.00,83.00,7146.00,0.00,18272.58
7.96,0.00,0.00,0.00,167.00,0.00,83.00,7146.00,0.00,17928.40
7.97,0.00,0.00,0.00,167.00,0.00,83.00,7146.00,0.00,17614.18
7.97,0.00,0.00,0.00,167.00,0.00,80.00,7149.00,0.00,17282.26
7.98,0.00,0.00,0.00,167.00,0.00,80.00,7149.00,0.00,16979.24
7.99,0.00,0.00,0.00,167.00,0.00,78.00,7151.00,0.00,16672.56
7.99,0.00,0.00,0.00,167.00,0.00,76.00,7153.00,0.00,16362.54
8.00,0.00,0.00,0.00,167.00,0.00,74.00,7155.00,0.00,16049.46
8.01,0.00,0.00,0.00,167.00,0.00,72.00,7157.00,0.00,15733.60
8.01,0.00,0.00,0.00,167.00,0.00,70.00,7159.00,0.00,15415.20
8.02,0.00,0.00,0.00,167.00,0.00,69.00,7160.00,0.00,15109.50
8.03,0.00,0.00,0.00,167.00,0.00,68.00,7161.00,0.00,14815.40
8.03,0.00,0.00,0.00,167.00,0.00,67.00,7162.00,0.00,14531.88
8.04,0.00,0.00,0.00,167.00,0.00,66.00,7163.00,0.00,14258.03
8.05,0.00,0.00,0.00,167.00,0.00,66.00,7163.00,0.00,14008.02
8.06,0.00,0.00,0.00,167.00,0.00,64.00,7165.00,0.00,13749.74
8.06,0.00,0.00,0.00,167.00,0.00,61.00,7168.00,0.00,13468.88
8.07,0.00,0.00,0.00,167.00,0.00,61.00,7168.00,0.00,13212.47
8.08,0.00,0.00,0.00,167.00,0.00,60.00,7169.00,0.00,12963.37
8.08,0.00,0.00,0.00,167.00,0.00,60.00,7169.00,0.00,12735.96
8.09,0.00,0.00,0.00,167.00,0.00,59.00,7170.00,0.00,12513.33
8.10,0.00,0.00,0.00,167.00,0.00,58.00,7171.00,0.00,12295.06
8.10,0.00,0.00,0.00,167.00,0.00,57.00,7172.00,0.00,12080.77
8.11,0.00,0.00,0.00,167.00,0.00,56.00,7173.00,0.00,11870.12
8.12,0.00,0.00,0.00,167.00,0.00,56.00,7173.00,0.00,11677.81
8.12,0.00,0.00,0.00,167.00,0.00,54.00,7175.00,0.00,11472.20
8.13,0.00,0.00,0.00,167.00,0.00,53.00,7176.00,0.00,11269.47
8.14,0.00,0.00,0.00,167.00,0.00,53.00,7176.00,0.00,11084.40
8.15,0.00,0.00,0.00,167.00,0.00,53.00,7176.00,0.00,10915.44
8.15,0.00,0.00,0.00,167.00,0.00,53.00,7176.00,0.00,10761.19
8.16,0.00,0.00,0.00,167.00,0.00,52.00,7177.00,0.00,10605.35
8.17,0.00,0.00,0.00,167.00,0.00,51.00,7178.00,0.00,10448.06
8.17,0.00,0.00,0.00,167.00,0.00,51.00,7178.00,0.00,10304.46
8.18,0.00,0.00,0.00,167.00,0.00,51.00,7178.00,0.00,10173.37
8.19,0.00,0.00,0.00,167.00,0.00,51.00,7178.00,0.00,10053.69
8.19,0.00,0.00,0.00,167.00,0.00,50.00,7179.00,0.00,9929.41
8.20,0.00,0.00,0.00,167.00,0.00,49.00,7180.00,0.00,9800.93
8.21,0.00,0.00,0.00,167.00,0.00,48.00,7181.00,0.00,9668.62
8.22,0.00,0.00,0.00,167.00,0.00,46.00,7183.00,0.00,9517.78
8.22,0.00,0.00,0.00,167.00,0.00,42.00,7187.00,0.00,9319.98
8.23,0.00,0.00,0.00,167.00,0.00,42.00,7187.00,0.00,9139.40
8.24,0.00,0.00,0.00,167.00,0.00,41.00,7188.00,0.00,8959.53
8.24,0.00,0.00,0.00,167.00,0.00,41.00,7188.00,0.00,8795.31
8.25,0.00,0.00,0.00,167.00,0.00,40.00,7189.00,0.00,8630.38
8.26,0.00,0.00,0.00,167.00,0.00,39.00,7190.00,0.00,8464.78
8.26,0.00,0.00,0.00,167.00,0.00,39.00,7190.00,0.00,8313.60
8.27,0.00,0.00,0.00,167.00,0.00,39.00,7190.00,0.00,8175.59
8.28,0.00,0.00,0.00,167.00,0.00,39.00,7190.00,0.00,8049.59
8.28,0.00,0.00,0.00,167.00,0.00,38.00,7191.00,0.00,7919.55
8.29,0.00,0.00,0.00,167.00,0.00,37.00,7192.00,0.00,7785.80
8.30,0.00,0.00,0.00,167.00,0.00,37.00,7192.00,0.00,7663.70
8.31,0.00,0.00,0.00,167.00,0.00,35.00,7194.00,0.00,7522.18
8.31,0.00,0.00,0.00,167.00,0.00,33.00,7196.00,0.00,7362.94
8.32,0.00,0.00,0.00,167.00,0.00,32.00,7197.00,0.00,7202.55
8.33,0.00,0.00,0.00,167.00,0.00,30.00,7199.00,0.00,7026.07
8.33,0.00,0.00,0.00,167.00,0.00,30.00,7199.00,0.00,6864.96
8.34,0.00,0.00,0.00,167.00,0.00,28.00,7201.00,0.00,6687.84
8.35,0.00,0.00,0.00,167.00,0.00,26.00,7203.00,0.00,6496.09
8.35,0.00,0.00,0.00,167.00,0.00,25.00,7204.00,0.00,6306.01
8.36,0.00,0.00,0.00,167.00,0.00,25.00,7204.00,0.00,6132.49
8.37,0.00,0.00,0.00,167.00,0.00,25.00,7204.00,0.00,5974.07
8.38,0.00,0.00,0.00,167.00,0.00,25.00,7204.00,0.00,5829.45
8.38,0.00,0.00,0.00,167.00,0.00,24.00,7205.00,0.00,5682.40
8.39,0.00,0.00,0.00,167.00,0.00,24.00,7205.00,0.00,5548.16
8.40,0.00,0.00,0.00,167.00,0.00,24.00,7205.00,0.00,5425.60
8.40,0.00,0.00,0.00,167.00,0.00,23.00,7206.00,0.00,5298.69
8.41,0.00,0.00,0.00,167.00,0.00,22.00,7207.00,0.00,5167.81
8.42,0.00,0.00,0.00,167.00,0.00,22.00,7207.00,0.00,5048.33
8.42,0.00,0.00,0.00,167.00,0.00,22.00,7207.00,0.00,4939.25
8.43,0.00,0.00,0.00,167.00,0.00,21.00,7208.00,0.00,4824.64
8.44,0.00,0.00,0.00,167.00,0.00,21.00,7208.00,0.00,4720.02
8.44,0.00,0.00,0.00,167.00,0.00,21.00,7208.00,0.00,4624.50
8.45,0.00,0.00,0.00,167.00,0.00,21.00,7208.00,0.00,4537.31
8.46,0.00,0.00,0.00,167.00,0.00,21.00,7208.00,0.00,4457.70
8.47,0.00,0.00,0.00,167.00,0.00,21.00,7208.00,0.00,4385.03
8.47,0.00,0.00,0.00,167.00,0.00,20.00,7209.00,0.00,4303.66
8.48,0.00,0.00,0.00,167.00,0.00,20.00,7209.00,0.00,4229.38
8.49,0.00,0.00,0.00,167.00,0.00,20.00,7209.00,0.00,4161.56
8.49,0.00,0.00,0.00,167.00,0.00,20.00,7209.00,0.00,4099.65
8.50,0.00,0.00,0.00,167.00,0.00,20.00,7209.00,0.00,4043.13
8.51,0.00,0.00,0.00,167.00,0.00,20.00,7209.00,0.00,3991.53
8.51,0.00,0.00,0.00,167.00,0.00,19.00,7210.00,0.00,3929.41
8.52,0.00,0.00,0.00,167.00,0.00,18.00,7211.00,0.00,3857.67
8.53,0.00,0.00,0.00,167.00,0.00,18.00,7211.00,0.00,3792.17
8.53,0.00,0.00,0.00,167.00,0.00,17.00,7212.00,0.00,3717.36
8.54,0.00,0.00,0.00,167.00,0.00,16.00,7213.00,0.00,3634.04
8.55,0.00,0.00,0.00,167.00,0.00,15.00,7214.00,0.00,3542.94
8.56,0.00,0.00,0.00,167.00,0.00,14.00,7215.00,0.00,3444.76
8.56,0.00,0.00,0.00,167.00,0.00,13.00,7216.00,0.00,3340.11
8.57,0.00,0.00,0.00,167.00,0.00,13.00,7216.00,0.00,3244.56
8.58,0.00,0.00,0.00,167.00,0.00,13.00,7216.00,0.00,3157.34
8.58,0.00,0.00,0.00,167.00,0.00,12.00,7217.00,0.00,3062.69
8.59,0.00,0.00,0.00,167.00,0.00,12.00,7217.00,0.00,2976.28
8.60,0.00,0.00,0.00,167.00,0.00,11.00,7218.00,0.00,2882.37
8.60,0.00,0.00,0.00,167.00,0.00,11.00,7218.00,0.00,2796.64
8.61,0.00,0.00,0.00,167.00,0.00,11.00,7218.00,0.00,2718.37
8.62,0.00,0.00,0.00,167.00,0.00,11.00,7218.00,0.00,2646.92
8.62,0.00,0.00,0.00,167.00,0.00,11.00,7218.00,0.00,2581.69
8.63,0.00,0.00,0.00,167.00,0.00,11.00,7218.00,0.00,2522.15
8.64,0.00,0.00,0.00,167.00,0.00,11.00,7218.00,0.00,2467.78
8.65,0.00,0.00,0.00,167.00,0.00,11.00,7218.00,0.00,2418.15
8.65,0.00,0.00,0.00,167.00,0.00,11.00,7218.00,0.00,2372.84
8.66,0.00,0.00,0.00,167.00,0.00,10.00,7219.00,0.00,2316.46
8.67,0.00,0.00,0.00,167.00,0.00,10.00,7219.00,0.00,2264.98
8.67,0.00,0.00,0.00,167.00,0.00,9.00,7220.00,0.00,2202.96
8.68,0.00,0.00,0.00,167.00,0.00,9.00,7220.00,0.00,2146.34
8.69,0.00,0.00,0.00,167.00,0.00,9.00,7220.00,0.00,2094.66
8.69,0.00,0.00,0.00,167.00,0.00,9.00,7220.00,0.00,2047.47
8.70,0.00,0.00,0.00,167.00,0.00,9.00,7220.00,0.00,2004.39
8.71,0.00,0.00,0.00,167.00,0.00,9.00,7220.00,0.00,1965.07
8.72,0.00,0.00,0.00,167.00,0.00,9.00,7220.00,0.00,1929.17
8.72,0.00,0.00,0.00,167.00,0.00,9.00,7220.00,0.00,1896.39
8.73,0.00,0.00,0.00,167.00,0.00,9.00,7220.00,0.00,1866.47
8.74,0.00,0.00,0.00,167.00,0.00,9.00,7220.00,0.00,1839.15
8.74,0.00,0.00,0.00,167.00,0.00,9.00,7220.00,0.00,1814.21
8.75,0.00,0.00,0.00,167.00,0.00,9.00,7220.00,0.00,1791.45
8.76,0.00,0.00,0.00,167.00,0.00,8.00,7221.00,0.00,1755.64
8.76,0.00,0.00,0.00,167.00,0.00,8.00,7221.00,0.00,1722.95
8.77,0.00,0.00,0.00,167.00,0.00,8.00,7221.00,0.00,1693.11
8.78,0.00,0.00,0.00,167.00,0.00,8.00,7221.00,0.00,1665.86
8.78,0.00,0.00,0.00,167.00,0.00,8.00,7221.00,0.00,1640.99
8.79,0.00,0.00,0.00,167.00,0.00,7.00,7222.00,0.00,1603.26
8.80,0.00,0.00,0.00,167.00,0.00,7.00,7222.00,0.00,1568.82
8.81,0.00,0.00,0.00,167.00,0.00,7.00,7222.00,0.00,1537.37
8.81,0.00,0.00,0.00,167.00,0.00,7.00,7222.00,0.00,1508.67
8.82,0.00,0.00,0.00,167.00,0.00,7.00,7222.00,0.00,1482.46
8.83,0.00,0.00,0.00,167.00,0.00,7.00,7222.00,0.00,1458.54
8.83,0.00,0.00,0.00,167.00,0.00,6.00,7223.00,0.00,1421.67
8.84,0.00,0.00,0.00,167.00,0.00,5.00,7224.00,0.00,1372.99
8.85,0.00,0.00,0.00,167.00,0.00,5.00,7224.00,0.00,1328.55
8.85,0.00,0.00,0.00,167.00,0.00,5.00,7224.00,0.00,1287.98
8.86,0.00,0.00,0.00,167.00,0.00,5.00,7224.00,0.00,1250.95
8.87,0.00,0.00,0.00,167.00,0.00,4.00,7225.00,0.00,1202.11
8.88,0.00,0.00,0.00,167.00,0.00,4.00,7225.00,0.00,1157.53
8.88,0.00,0.00,0.00,167.00,0.00,4.00,7225.00,0.00,1116.83
8.89,0.00,0.00,0.00,167.00,0.00,4.00,7225.00,0.00,1079.67
8.90,0.00,0.00,0.00,167.00,0.00,4.00,7225.00,0.00,1045.75
8.90,0.00,0.00,0.00,167.00,0.00,4.00,7225.00,0.00,1014.78
8.91,0.00,0.00,0.00,167.00,0.00,4.00,7225.00,0.00,986.51
8.92,0.00,0.00,0.00,167.00,0.00,4.00,7225.00,0.00,960.70
8.92,0.00,0.00,0.00,167.00,0.00,4.00,7225.00,0.00,937.14
8.93,0.00,0.00,0.00,167.00,0.00,4.00,7225.00,0.00,915.63
8.94,0.00,0.00,0.00,167.00,0.00,3.00,7226.00,0.00,880.97
8.94,0.00,0.00,0.00,167.00,0.00,3.00,7226.00,0.00,849.33
8.95,0.00,0.00,0.00,167.00,0.00,3.00,7226.00,0.00,820.44
8.96,0.00,0.00,0.00,167.00,0.00,3.00,7226.00,0.00,794.07
8.97,0.00,0.00,0.00,167.00,0.00,3.00,7226.00,0.00,770.00
8.97,0.00,0.00,0.00,167.00,0.00,3.00,7226.00,0.00,748.02
8.98,0.00,0.00,0.00,167.00,0.00,3.00,7226.00,0.00,727.95
8.99,0.00,0.00,0.00,167.00,0.00,3.00,7226.00,0.00,709.63
8.99,0.00,0.00,0.00,167.00,0.00,3.00,7226.00,0.00,692.91
9.00,0.00,0.00,0.00,167.00,0.00,3.00,7226.00,0.00,677.64
9.01,0.00,0.00,0.00,167.00,0.00,2.00,7227.00,0.00,648.68
9.01,0.00,0.00,0.00,167.00,0.00,2.00,7227.00,0.00,622.25
9.02,0.00,0.00,0.00,167.00,0.00,2.00,7227.00,0.00,598.11
9.03,0.00,0.00,0.00,167.00,0.00,2.00,7227.00,0.00,576.07
9.03,0.00,0.00,0.00,167.00,0.00,2.00,7227.00,0.00,555.96
9.04,0.00,0.00,0.00,167.00,0.00,2.00,7227.00,0.00,537.59
9.05,0.00,0.00,0.00,167.00,0.00,2.00,7227.00,0.00,520.83
9.06,0.00,0.00,0.00,167.00,0.00,1.00,7228.00,0.00,490.50
9.06,0.00,0.00,0.00,167.00,0.00,1.00,7228.00,0.00,462.81
9.07,0.00,0.00,0.00,167.00,0.00,1.00,7228.00,0.00,437.54
9.08,0.00,0.00,0.00,167.00,0.00,1.00,7228.00,0.00,414.46
9.08,0.00,0.00,0.00,167.00,0.00,1.00,7228.00,0.00,393.39
9.09,0.00,0.00,0.00,167.00,0.00,1.00,7228.00,0.00,374.16
9.10,0.00,0.00,0.00,167.00,0.00,1.00,7228.00,0.00,356.60
9.10,0.00,0.00,0.00,167.00,0.00,1.00,7228.00,0.00,340.58
9.11,0.00,0.00,0.00,167.00,0.00,1.00,7228.00,0.00,325.94
9.12,0.00,0.00,0.00,167.00,0.00,1.00,7228.00,0.00,312.58
9.12,0.00,0.00,0.00,167.00,0.00,1.00,7228.00,0.00,300.39
9.13,0.00,0.00,0.00,167.00,0.00,1.00,7228.00,0.00,289.26
9.14,0.00,0.00,0.00,167.00,0.00,1.00,7228.00,0.00,279.09
9.15,0.00,0.00,0.00,167.00,0.00,1.00,7228.00,0.00,269.81
9.15,0.00,0.00,0.00,167.00,0.00,1.00,7228.00,0.00,261.34
9.16,0.00,0.00,0.00,167.00,0.00,1.00,7228.00,0.00,253.61
9.17,0.00,0.00,0.00,167.00,0.00,1.00,7228.00,0.00,246.55
9.17,0.00,0.00,0.00,167.00,0.00,1.00,7228.00,0.00,240.10
9.18,0.00,0.00,0.00,167.00,0.00,1.00,7228.00,0.00,234.22
9.19,0.00,0.00,0.00,167.00,0.00,1.00,7228.00,0.00,228.85
9.19,0.00,0.00,0.00,167.00,0.00,1.00,7228.00,0.00,223.94
9.20,0.00,0.00,0.00,167.00,0.00,0.00,7229.00,0.00,204.44
9.21,0.00,0.00,0.00,167.00,0.00,0.00,7229.00,0.00,186.64
9.22,0.00,0.00,0.00,167.00,0.00,0.00,7229.00,0.00,170.39
9.22,0.00,0.00,0.00,167.00,0.00,0.00,7229.00,0.00,155.55
9.23,0.00,0.00,0.00,167.00,0.00,0.00,7229.00,0.00,142.01
9.24,0.00,0.00,0.00,167.00,0.00,0.00,7229.00,0.00,129.64
9.24,0.00,0.00,0.00,167.00,0.00,0.00,7229.00,0.00,118.35
9.25,0.00,0.00,0.00,167.00,0.00,0.00,7229.00,0.00,108.05
9.26,0.00,0.00,0.00,167.00,0.00,0.00,7229.00,0.00,98.64
9.26,0.00,0.00,0.00,167.00,0.00,0.00,7229.00,0.00,90.05
9.27,0.00,0.00,0.00,167.00,0.00,0.00,7229.00,0.00,82.21
9.28,0.00,0.00,0.00,167.00,0.00,0.00,7229.00,0.00,75.05
9.28,0.00,0.00,0.00,167.00,0.00,0.00,7229.00,0.00,68.52
9.29,0.00,0.00,0.00,167.00,0.00,0.00,7229.00,0.00,62.55
9.30,0.00,0.00,0.00,167.00,0.00,0.00,7229.00,0.00,57.10
9.31,0.00,0.00,0.00,167.00,0.00,0.00,7229.00,0.00,52.13
9.31,0.00,0.00,0.00,167.00,0.00,0.00,7229.00,0.00,47.59
9.32,0.00,0.00,0.00,167.00,0.00,0.00,7229.00,0.00,43.45
9.33,0.00,0.00,0.00,167.00,0.00,0.00,7229.00,0.00,39.66
9.33,0.00,0.00,0.00,167.00,0.00,0.00,7229.00,0.00,36.21
9.34,0.00,0.00,0.00,167.00,0.00,0.00,7229.00,0.00,33.06
9.35,0.00,0.00,0.00,167.00,0.00,0.00,7229.00,0.00,30.18
9.35,0.00,0.00,0.00,167.00,0.00,0.00,7229.00,0.00,27.55
9.36,0.00,0.00,0.00,167.00,0.00,0.00,7229.00,0.00,25.15
9.37,0.00,0.00,0.00,167.00,0.00,0.00,7229.00,0.00,22.96
9.38,0.00,0.00,0.00,167.00,0.00,0.00,7229.00,0.00,20.96
9.38,0.00,0.00,0.00,167.00,0.00,0.00,7229.00,0.00,19.14
9.39,0.00,0.00,0.00,167.00,0.00,0.00,7229.00,0.00,17.47
9.40,0.00,0.00,0.00,167.00,0.00,0.00,7229.00,0.00,15.95
9.40,0.00,0.00,0.00,167.00,0.00,0.00,7229.00,0.00,14.56
9.41,0.00,0.00,0.00,167.00,0.00,0.00,7229.00,0.00,13.29
9.42,0.00,0.00,0.00,167.00,0.00,0.00,7229.00,0.00,12.14
9.42,0.00,0.00,0.00,167.00,0.00,0.00,7229.00,0.00,11.08
9.43,0.00,0.00,0.00,167.00,0.00,0.00,7229.00,0.00,10.11
9.44,0.00,0.00,0.00,167.00,0.00,0.00,7229.00,0.00,9.23
9.44,0.00,0.00,0.00,167.00,0.00,0.00,7229.00,0.00,8.43
9.45,0.00,0.00,0.00,167.00,0.00,0.00,7229.00,0.00,7.70
9.46,0.00,0.00,0.00,167.00,0.00,0.00,7229.00,0.00,7.03
9.47,0.00,0.00,0.00,167.00,0.00,0.00,7229.00,0.00,6.41
9.47,0.00,0.00,0.00,167.00,0.00,0.00,7229.00,0.00,5.85
9.48,0.00,0.00,0.00,167.00,0.00,0.00,7229.00,0.00,5.35
9.49,0.00,0.00,0.00,167.00,0.00,0.00,7229.00,0.00,4.88
9.49,0.00,0.00,0.00,167.00,0.00,0.00,7229.00,0.00,4.45
9.50,0.00,0.00,0.00,167.00,0.00,0.00,7229.00,0.00,4.07
9.51,0.00,0.00,0.00,167.00,0.00,0.00,7229.00,0.00,3.71
9.51,0.00,0.00,0.00,167.00,0.00,0.00,7229.00,0.00,3.39
9.52,0.00,0.00,0.00,167.00,0.00,0.00,7229.00,0.00,3.09
9.53,0.00,0.00,0.00,167.00,0.00,0.00,7229.00,0.00,2.82
9.53,0.00,0.00,0.00,167.00,0.00,0.00,7229.00,0.00,2.58
9.54,0.00,0.00,0.00,167.00,0.00,0.00,7229.00,0.00,2.35
9.55,0.00,0.00,0.00,167.00,0.00,0.00,7229.00,0.00,2.15
9.56,0.00,0.00,0.00,167.00,0.00,0.00,7229.00,0.00,1.96
9.56,0.00,0.00,0.00,167.00,0.00,0.00,7229.00,0.00,1.79
9.57,0.00,0.00,0.00,167.00,0.00,0.00,7229.00,0.00,1.64
9.58,0.00,0.00,0.00,167.00,0.00,0.00,7229.00,0.00,1.49
9.58,0.00,0.00,0.00,167.00,0.00,0.00,7229.00,0.00,1.36
9.59,0.00,0.00,0.00,167.00,0.00,0.00,7229.00,0.00,1.24
9.60,0.00,0.00,0.00,167.00,0.00,0.00,7229.00,0.00,1.14
9.60,0.00,0.00,0.00,167.00,0.00,0.00,7229.00,0.00,1.04
9.61,0.00,0.00,0.00,167.00,0.00,0.00,7229.00,0.00,0.95
9.62,0.00,0.00,0.00,167.00,0.00,0.00,7229.00,0.00,0.86
9.62,0.00,0.00,0.00,167.00,0.00,0.00,7229.00,0.00,0.79
9.63,0.00,0.00,0.00,167.00,0.00,0.00,7229.00,0.00,0.72
9.64,0.00,0.00,0.00,167.00,0.00,0.00,7229.00,0.00,0.66
9.65,0.00,0.00,0.00,167.00,0.00,0.00,7229.00,0.00,0.60
9.65,0.00,0.00,0.00,167.00,0.00,0.00,7229.00,0.00,0.55
9.66,0.00,0.00,0.00,167.00,0.00,0.00,7229.00,0.00,0.50
9.67,0.00,0.00,0.00,167.00,0.00,0.00,7229.00,0.00,0.46
9.67,0.00,0.00,0.00,167.00,0.00,0.00,7229.00,0.00,0.42
9.68,0.00,0.00,0.00,167.00,0.00,0.00,7229.00,0.00,0.38
9.69,0.00,0.00,0.00,167.00,0.00,0.00,7229.00,0.00,0.35
9.69,0.00,0.00,0.00,167.00,0.00,0.00,7229.00,0.00,0.32
9.70,0.00,0.00,0.00,167.00,0.00,0.00,7229.00,0.00,0.29
9.71,0.00,0.00,0.00,167.00,0.00,0.00,7229.00,0.00,0.26
9.72,0.00,0.00,0.00,167.00,0.00,0.00,7229.00,0.00,0.24
9.72,0.00,0.00,0.00,167.00,0.00,0.00,7229.00,0.00,0.22
9.73,0.00,0.00,0.00,167.00,0.00,0.00,7229.00,0.00,0.20
9.74,0.00,0.00,0.00,167.00,0.00,0.00,7229.00,0.00,0.18
9.74,0.00,0.00,0.00,167.00,0.00,0.00,7229.00,0.00,0.17
9.75,0.00,0.00,0.00,167.00,0.00,0.00,7229.00,0.00,0.15
9.76,0.00,0.00,0.00,167.00,0.00,0.00,7229.00,0.00,0.14
9.76,0.00,0.00,0.00,167.00,0.00,0.00,7229.00,0.00,0.13
9.77,0.00,0.00,0.00,167.00,0.00,0.00,7229.00,0.00,0.12
9.78,0.00,0.00,0.00,167.00,0.00,0.00,7229.00,0.00,0.11
9.78,0.00,0.00,0.00,167.00,0.00,0.00,7229.00,0.00,0.10
9.79,0.00,0.00,0.00,167.00,0.00,0.00,7229.00,0.00,0.09
9.80,0.00,0.00,0.00,167.00,0.00,0.00,7229.00,0.00,0.08
9.81,0.00,0.00,0.00,167.00,0.00,0.00,7229.00,0.00,0.07
9.81,0.00,0.00,0.00,167.00,0.00,0.00,7229.00,0.00,0.07
9.82,0.00,0.00,0.00,167.00,0.00,0.00,7229.00,0.00,0.06
9.83,0.00,0.00,0.00,167.00,0.00,0.00,7229.00,0.00,0.06
9.83,0.00,0.00,0.00,167.00,0.00,0.00,7229.00,0.00,0.05
9.84,0.00,0.00,0.00,167.00,0.00,0.00,7229.00,0.00,0.05
9.85,0.00,0.00,0.00,167.00,0.00,0.00,7229.00,0.00,0.04
9.85,0.00,0.00,0.00,167.00,0.00,0.00,7229.00,0.00,0.04
9.86,0.00,0.00,0.00,167.00,0.00,0.00,7229.00,0.00,0.04
9.87,0.00,0.00,0.00,167.00,0.00,0.00,7229.00,0.00,0.03
9.88,0.00,0.00,0.00,167.00,0.00,0.00,7229.00,0.00,0.03
9.88,0.00,0.00,0.00,167.00,0.00,0.00,7229.00,0.00,0.03
9.89,0.00,0.00,0.00,167.00,0.00,0.00,7229.00,0.00,0.02
9.90,0.00,0.00,0.00,167.00,0.00,0.00,7229.00,0.00,0.02
9.90,0.00,0.00,0.00,167.00,0.00,0.00,7229.00,0.00,0.02
9.91,0.00,0.00,0.00,167.00,0.00,0.00,7229.00,0.00,0.02
9.92,0.00,0.00,0.00,167.00,0.00,0.00,7229.00,0.00,0.02
9.92,0.00,0.00,0.00,167.00,0.00,0.00,7229.00,0.00,0.02
9.93,0.00,0.00,0.00,167.00,0.00,0.00,7229.00,0.00,0.01
9.94,0.00,0.00,0.00,167.00,0.00,0.00,7229.00,0.00,0.01
9.94,0.00,0.00,0.00,167.00,0.00,0.00,7229.00,0.00,0.01
9.95,0.00,0.00,0.00,167.00,0.00,0.00,7229.00,0.00,0.01
9.96,0.00,0.00,0.00,167.00,0.00,0.00,7229.00,0.00,0.01
9.97,0.00,0.00,0.00,167.00,0.00,0.00,7229.00,0.00,0.01
9.97,0.00,0.00,0.00,167.00,0.00,0.00,7229.00,0.00,0.01
9.98,0.00,0.00,0.00,167.00,0.00,0.00,7229.00,0.00,0.01
9.99,0.00,0.00,0.00,167.00,0.00,0.00,7229.00,0.00,0.01
9.99,0.00,0.00,0.00,167.00,0.00,0.00,7229.00,0.00,0.01
