Time,U,AI1,AI2,AD,BI2,BI2,BD,VA,VB
0.00,7395.00,0.00,0.00,0.00,1.00,0.00,0.00,75.00,75.00
0.01,7393.00,0.00,0.00,0.00,3.00,0.00,0.00,68.52,68.47
0.01,7391.00,1.00,0.00,0.00,4.00,0.00,0.00,62.61,62.51
0.02,7391.00,1.00,0.00,0.00,4.00,0.00,0.00,57.20,57.06
0.03,7390.00,1.00,0.00,0.00,5.00,0.00,0.00,52.26,52.10
0.03,7390.00,1.00,0.00,0.00,4.00,1.00,0.00,47.75,62.58
0.04,7389.00,1.00,0.00,0.00,5.00,1.00,0.00,43.63,72.16
0.05,7387.00,3.00,0.00,0.00,5.00,1.00,0.00,39.86,80.90
0.06,7387.00,3.00,0.00,0.00,3.00,3.00,0.00,36.42,118.92
0.06,7385.00,3.00,0.00,0.00,5.00,3.00,0.00,33.28,153.64
0.07,7384.00,3.00,0.00,0.00,6.00,3.00,0.00,30.40,185.33
0.08,7382.00,2.00,0.00,1.00,6.00,5.00,0.00,27.78,244.31
0.08,7380.00,2.00,0.00,1.00,8.00,5.00,0.00,25.38,298.15
0.09,7377.00,3.00,0.00,1.00,10.00,5.00,0.00,23.19,347.30
0.10,7374.00,3.00,0.00,1.00,13.00,5.00,0.00,21.19,392.18
0.10,7373.00,4.00,0.00,1.00,13.00,5.00,0.00,19.36,433.14
0.11,7368.00,4.00,0.00,1.00,18.00,5.00,0.00,17.69,470.54
0.12,7366.00,4.00,0.00,1.00,20.00,5.00,0.00,16.16,504.68
0.12,7364.00,4.00,0.00,1.00,20.00,7.00,0.00,14.76,565.90
0.13,7359.00,4.00,0.00,1.00,25.00,7.00,0.00,13.49,621.79
0.14,7358.00,4.00,0.00,1.00,24.00,9.00,0.00,12.33,702.85
0.15,7356.00,3.00,1.00,1.00,25.00,10.00,0.00,161.49,791.88
0.15,7349.00,3.00,1.00,1.00,30.00,12.00,0.00,297.78,903.21
0.16,7344.00,7.00,1.00,1.00,31.00,12.00,0.00,422.30,1004.84
0.17,7338.00,11.00,1.00,1.00,32.00,13.00,0.00,536.08,1112.64
0.17,7316.00,23.00,3.00,1.00,38.00,14.00,1.00,940.49,1226.08
0.18,7304.00,30.00,3.00,1.00,42.00,15.00,1.00,1309.99,1344.66
0.19,7288.00,41.00,6.00,1.00,43.00,15.00,2.00,2098.28,1452.92
0.19,7259.00,59.00,9.00,1.00,50.00,16.00,2.00,3269.21,1566.78
0.20,7230.00,85.00,10.00,1.00,50.00,18.00,2.00,4489.27,1700.77
0.21,7190.00,119.00,13.00,1.00,51.00,18.00,4.00,6054.70,1823.09
0.22,7127.00,170.00,16.00,1.00,59.00,19.00,4.00,7935.67,1949.78
0.22,7045.00,243.00,21.00,1.00,60.00,22.00,4.00,10405.41,2110.51
0.23,6935.00,336.00,33.00,1.00,63.00,23.00,5.00,14464.70,2272.27
0.24,6798.00,441.00,54.00,2.00,71.00,23.00,7.00,21328.39,2419.94
0.24,6610.00,605.00,69.00,4.00,77.00,24.00,7.00,29852.98,2569.77
0.25,6376.00,804.00,97.00,7.00,78.00,26.00,8.00,41848.08,2736.61
0.26,6106.00,1031.00,125.00,12.00,88.00,25.00,9.00,57014.07,2873.89
0.26,5770.00,1324.00,155.00,15.00,97.00,25.00,10.00,75377.65,2999.23
0.27,5362.00,1678.00,195.00,19.00,106.00,24.00,12.00,98165.07,3098.62
0.28,4917.00,2058.00,253.00,21.00,108.00,25.00,14.00,127698.57,3204.38
0.28,4428.00,2476.00,314.00,24.00,113.00,26.00,15.00,163846.43,3315.96
0.29,3901.00,2910.00,392.00,29.00,119.00,30.00,15.00,208591.53,3477.91
0.30,3338.00,3375.00,484.00,32.00,118.00,34.00,15.00,263294.86,3685.86
0.31,2776.00,3843.00,571.00,36.00,117.00,36.00,17.00,326345.54,3905.74
0.31,2277.00,4221.00,682.00,43.00,118.00,37.00,18.00,400628.46,4121.50
0.32,1789.00,4574.00,808.00,47.00,117.00,42.00,19.00,487427.35,4393.59
0.33,1338.00,4887.00,938.00,53.00,118.00,39.00,23.00,586262.58,4596.91
0.33,927.00,5145.00,1082.00,60.00,118.00,40.00,24.00,698198.24,4797.56
0.34,591.00,5334.00,1219.00,68.00,117.00,43.00,24.00,821051.69,5025.80
0.35,341.00,5424.00,1371.00,75.00,116.00,43.00,26.00,956133.82,5234.17
0.35,172.00,5437.00,1518.00,84.00,112.00,46.00,27.00,1101637.70,5469.46
0.36,74.00,5361.00,1682.00,94.00,112.00,46.00,27.00,1259217.50,5684.27
0.37,27.00,5260.00,1821.00,103.00,110.00,45.00,30.00,1424074.91,5865.34
0.38,12.00,5126.00,1968.00,105.00,109.00,45.00,31.00,1596783.46,6030.65
0.38,1.00,5014.00,2082.00,114.00,108.00,44.00,33.00,1771707.69,6166.54
0.39,1.00,4884.00,2200.00,126.00,105.00,47.00,33.00,1949257.20,6335.67
0.40,0.00,4771.00,2306.00,134.00,102.00,48.00,35.00,2127402.58,6505.10
0.40,0.00,4630.00,2444.00,137.00,100.00,50.00,35.00,2310899.80,6689.82
0.41,0.00,4500.00,2565.00,146.00,96.00,52.00,37.00,2496732.87,6888.50
0.42,0.00,4391.00,2663.00,157.00,93.00,55.00,37.00,2681244.82,7114.95
0.42,0.00,4272.00,2777.00,162.00,91.00,54.00,40.00,2866953.40,7306.65
0.43,0.00,4156.00,2883.00,172.00,87.00,56.00,42.00,3052553.47,7511.71
0.44,0.00,4043.00,2992.00,176.00,81.00,61.00,43.00,3238505.07,7774.03
0.44,0.00,3930.00,3102.00,179.00,78.00,64.00,43.00,3424928.04,8058.58
0.45,0.00,3814.00,3212.00,185.00,74.00,67.00,44.00,3611781.76,8363.42
0.46,0.00,3697.00,3325.00,189.00,74.00,64.00,47.00,3799479.71,8596.65
0.47,0.00,3581.00,3433.00,197.00,73.00,64.00,48.00,3987197.85,8809.57
0.47,0.00,3485.00,3523.00,203.00,70.00,64.00,51.00,4172230.25,9003.95
0.48,0.00,3380.00,3623.00,208.00,68.00,66.00,51.00,4356311.17,9211.44
0.49,0.00,3297.00,3700.00,214.00,66.00,67.00,52.00,4536067.36,9415.90
0.49,0.00,3214.00,3773.00,224.00,64.00,68.00,53.00,4711271.24,9617.57
0.50,0.00,3108.00,3873.00,230.00,63.00,68.00,54.00,4886372.14,9801.68
0.51,0.00,3016.00,3960.00,235.00,62.00,67.00,56.00,5059425.94,9954.74
0.51,0.00,2939.00,4031.00,241.00,61.00,67.00,57.00,5228205.66,10094.47
0.52,0.00,2844.00,4115.00,252.00,61.00,65.00,59.00,5395033.26,10191.99
0.53,0.00,2771.00,4182.00,258.00,58.00,67.00,60.00,5557523.36,10311.06
0.53,0.00,2681.00,4263.00,267.00,56.00,67.00,62.00,5718153.76,10419.76
0.54,0.00,2599.00,4338.00,274.00,54.00,67.00,64.00,5876183.56,10519.00
0.55,0.00,2516.00,4411.00,284.00,51.00,65.00,69.00,6031536.84,10579.55
0.56,0.00,2428.00,4495.00,288.00,50.00,64.00,71.00,6186097.26,10619.81
0.56,0.00,2364.00,4553.00,294.00,50.00,63.00,72.00,6336027.21,10641.53
0.57,0.00,2294.00,4616.00,301.00,49.00,64.00,72.00,6482477.63,10676.39
0.58,0.00,2232.00,4666.00,313.00,49.00,64.00,72.00,6623795.91,10708.21
0.58,0.00,2160.00,4728.00,323.00,48.00,63.00,74.00,6762227.90,10722.24
0.59,0.00,2085.00,4799.00,327.00,45.00,66.00,74.00,6899374.90,10780.12
0.60,0.00,2031.00,4843.00,337.00,45.00,66.00,74.00,7031291.54,10832.95
0.60,0.00,1972.00,4894.00,345.00,43.00,67.00,75.00,7159481.01,10896.21
0.61,0.00,1914.00,4946.00,351.00,42.00,64.00,79.00,7284415.33,10908.89
0.62,0.00,1858.00,4998.00,355.00,40.00,66.00,79.00,7406375.59,10950.52
0.62,0.00,1799.00,5051.00,361.00,39.00,65.00,81.00,7525768.72,10973.49
0.63,0.00,1747.00,5097.00,367.00,39.00,63.00,83.00,7641764.75,10964.42
0.64,0.00,1699.00,5136.00,376.00,38.00,62.00,85.00,7753605.34,10941.12
0.65,0.00,1624.00,5200.00,387.00,38.00,58.00,89.00,7865404.99,10859.75
0.65,0.00,1565.00,5251.00,395.00,37.00,57.00,91.00,7975214.25,10770.44
0.66,0.00,1525.00,5285.00,401.00,37.00,56.00,92.00,8080650.99,10673.89
0.67,0.00,1495.00,5304.00,412.00,36.00,55.00,94.00,8179839.27,10570.72
0.67,0.00,1447.00,5342.00,422.00,36.00,53.00,96.00,8276172.90,10446.49
0.68,0.00,1404.00,5376.00,431.00,33.00,55.00,97.00,8369297.49,10363.12
0.69,0.00,1371.00,5403.00,437.00,33.00,55.00,97.00,8458438.51,10287.02
0.69,0.00,1334.00,5437.00,440.00,33.00,55.00,97.00,8544991.45,10217.54
0.70,0.00,1304.00,5460.00,447.00,33.00,54.00,98.00,8627527.14,10139.08
0.71,0.00,1273.00,5486.00,452.00,31.00,54.00,100.00,8706843.15,10067.46
0.72,0.00,1242.00,5507.00,462.00,29.00,55.00,101.00,8782466.46,10017.10
0.72,0.00,1207.00,5533.00,471.00,28.00,56.00,101.00,8855466.89,9986.14
0.73,0.00,1174.00,5561.00,476.00,27.00,54.00,104.00,8926371.31,9927.84
0.74,0.00,1143.00,5589.00,479.00,26.00,53.00,106.00,8995360.70,9859.59
0.74,0.00,1113.00,5610.00,488.00,25.00,54.00,106.00,9061548.68,9812.30
0.75,0.00,1085.00,5628.00,498.00,24.00,55.00,106.00,9124726.62,9784.16
0.76,0.00,1054.00,5654.00,503.00,24.00,54.00,107.00,9186356.06,9743.44
0.76,0.00,1028.00,5670.00,513.00,23.00,54.00,108.00,9245068.40,9706.27
0.77,0.00,1001.00,5695.00,515.00,23.00,52.00,110.00,9302467.68,9642.29
0.78,0.00,975.00,5713.00,523.00,21.00,51.00,113.00,9357615.64,9568.86
0.78,0.00,949.00,5732.00,530.00,21.00,49.00,115.00,9410856.66,9471.77
0.79,0.00,927.00,5744.00,540.00,21.00,48.00,116.00,9461304.00,9368.12
0.80,0.00,901.00,5763.00,547.00,20.00,48.00,117.00,9510250.37,9273.49
0.81,0.00,876.00,5781.00,554.00,20.00,48.00,117.00,9557675.17,9187.10
0.81,0.00,847.00,5802.00,562.00,17.00,50.00,118.00,9604160.47,9138.28
0.82,0.00,822.00,5816.00,573.00,17.00,50.00,118.00,9648735.62,9093.71
0.83,0.00,794.00,5837.00,580.00,17.00,50.00,118.00,9692617.15,9053.02
0.83,0.00,771.00,5848.00,592.00,15.00,51.00,119.00,9734362.83,9030.90
0.84,0.00,747.00,5864.00,600.00,15.00,50.00,120.00,9774908.12,8995.68
0.85,0.00,723.00,5879.00,609.00,15.00,50.00,120.00,9814206.44,8963.53
0.85,0.00,707.00,5888.00,616.00,14.00,49.00,122.00,9851464.05,8919.15
0.86,0.00,693.00,5894.00,624.00,14.00,49.00,122.00,9886406.38,8878.64
0.87,0.00,682.00,5894.00,635.00,14.00,48.00,123.00,9918331.95,8826.64
0.88,0.00,661.00,5909.00,641.00,14.00,47.00,124.00,9949754.75,8764.13
0.88,0.00,643.00,5920.00,648.00,14.00,46.00,125.00,9980117.11,8692.05
0.89,0.00,621.00,5937.00,653.00,14.00,45.00,126.00,10010412.16,8611.22
0.90,0.00,604.00,5948.00,659.00,14.00,42.00,129.00,10039744.44,8492.36
0.90,0.00,584.00,5962.00,665.00,14.00,41.00,130.00,10068647.51,8368.83
0.91,0.00,566.00,5970.00,675.00,14.00,40.00,131.00,10096257.01,8241.03
0.92,0.00,549.00,5978.00,684.00,14.00,40.00,131.00,10122684.68,8124.36
0.92,0.00,538.00,5984.00,689.00,13.00,38.00,134.00,10147732.10,7987.80
0.93,0.00,524.00,5989.00,698.00,13.00,38.00,134.00,10171368.31,7863.13
0.94,0.00,511.00,5996.00,704.00,13.00,37.00,135.00,10194015.43,7734.30
0.94,0.00,492.00,6011.00,708.00,13.00,37.00,135.00,10216960.80,7616.68
0.95,0.00,475.00,6023.00,713.00,13.00,35.00,137.00,10239728.12,7479.26
0.96,0.00,463.00,6033.00,715.00,13.00,35.00,137.00,10262032.01,7353.81
0.97,0.00,451.00,6035.00,725.00,13.00,33.00,139.00,10282710.94,7209.23
0.97,0.00,439.00,6039.00,733.00,12.00,33.00,140.00,10302205.40,7077.24
0.98,0.00,426.00,6043.00,742.00,12.00,33.00,140.00,10320617.66,6956.75
0.99,0.00,414.00,6048.00,749.00,11.00,31.00,143.00,10338191.44,6816.70
0.99,0.00,402.00,6050.00,759.00,11.00,30.00,144.00,10354548.46,6673.82
1.00,0.00,393.00,6053.00,765.00,10.00,31.00,144.00,10369944.02,6558.41
1.01,0.00,383.00,6055.00,773.00,10.00,31.00,144.00,10384310.80,6453.04
1.01,0.00,366.00,6067.00,778.00,9.00,31.00,145.00,10399240.02,6356.85
1.02,0.00,352.00,6074.00,785.00,9.00,31.00,145.00,10413931.98,6269.04
1.03,0.00,341.00,6081.00,789.00,8.00,31.00,146.00,10428407.20,6188.88
1.03,0.00,331.00,6085.00,795.00,8.00,29.00,148.00,10442233.66,6085.64
1.04,0.00,326.00,6081.00,804.00,8.00,28.00,149.00,10454265.38,5976.38
1.05,0.00,314.00,6089.00,808.00,8.00,27.00,150.00,10466460.10,5861.60
1.06,0.00,309.00,6086.00,816.00,8.00,27.00,150.00,10477151.57,5756.82
1.06,0.00,304.00,6086.00,821.00,8.00,26.00,151.00,10486919.92,5646.14
1.07,0.00,296.00,6080.00,835.00,8.00,26.00,151.00,10494943.53,5545.10
1.08,0.00,287.00,6077.00,847.00,8.00,25.00,152.00,10501823.65,5437.83
1.08,0.00,283.00,6071.00,857.00,7.00,25.00,153.00,10507208.48,5339.91
1.09,0.00,271.00,6078.00,862.00,7.00,25.00,153.00,10513179.98,5250.51
1.10,0.00,261.00,6082.00,868.00,7.00,25.00,153.00,10519236.88,5168.89
1.10,0.00,258.00,6076.00,877.00,7.00,25.00,153.00,10523869.49,5094.38
1.11,0.00,254.00,6067.00,890.00,7.00,25.00,153.00,10526750.14,5026.36
1.12,0.00,247.00,6065.00,899.00,7.00,25.00,153.00,10529081.59,4964.26
1.12,0.00,242.00,6061.00,908.00,7.00,25.00,153.00,10530610.82,4907.57
1.13,0.00,230.00,6066.00,915.00,7.00,24.00,154.00,10532759.17,4840.80
1.14,0.00,222.00,6069.00,920.00,7.00,24.00,154.00,10535172.74,4779.83
1.15,0.00,216.00,6072.00,923.00,7.00,23.00,155.00,10537828.65,4709.16
1.15,0.00,208.00,6070.00,933.00,7.00,23.00,155.00,10539954.77,4644.63
1.16,0.00,204.00,6065.00,942.00,7.00,22.00,156.00,10541146.22,4570.71
1.17,0.00,198.00,6059.00,954.00,7.00,20.00,158.00,10541333.43,4473.17
1.17,0.00,191.00,6060.00,960.00,6.00,21.00,158.00,10541654.63,4399.15
1.18,0.00,184.00,6057.00,970.00,6.00,21.00,158.00,10541497.37,4331.57
1.19,0.00,182.00,6056.00,973.00,5.00,20.00,160.00,10541203.58,4254.86
1.19,0.00,179.00,6053.00,979.00,5.00,20.00,160.00,10540484.39,4184.83
1.20,0.00,173.00,6052.00,986.00,4.00,21.00,160.00,10539677.10,4135.91
1.21,0.00,170.00,6047.00,994.00,4.00,21.00,160.00,10538188.37,4091.26
1.22,0.00,165.00,6043.00,1003.00,4.00,21.00,160.00,10536227.27,4050.50
1.22,0.00,165.00,6031.00,1015.00,4.00,21.00,160.00,10532632.59,4013.28
1.23,0.00,164.00,6019.00,1028.00,4.00,21.00,160.00,10527545.46,3979.31
1.24,0.00,157.00,6019.00,1035.00,3.00,21.00,161.00,10522897.66,3948.29
1.24,0.00,152.00,6021.00,1038.00,3.00,20.00,162.00,10518951.52,3904.95
1.25,0.00,150.00,6012.00,1049.00,3.00,20.00,162.00,10513994.03,3865.38
1.26,0.00,147.00,6006.00,1058.00,3.00,18.00,164.00,10508563.11,3799.22
1.26,0.00,144.00,5999.00,1068.00,3.00,16.00,166.00,10502549.43,3708.77
1.27,0.00,142.00,5996.00,1073.00,3.00,16.00,166.00,10496604.20,3626.19
1.28,0.00,137.00,5988.00,1086.00,3.00,15.00,167.00,10489970.58,3535.79
1.28,0.00,131.00,5988.00,1092.00,2.00,15.00,168.00,10483909.62,3453.25
1.29,0.00,127.00,5985.00,1099.00,2.00,15.00,168.00,10477921.23,3377.90
1.30,0.00,124.00,5981.00,1106.00,2.00,14.00,169.00,10471848.88,3294.09
1.31,0.00,121.00,5980.00,1110.00,2.00,14.00,169.00,10466150.58,3217.58
1.31,0.00,118.00,5976.00,1117.00,2.00,14.00,169.00,10460343.29,3147.73
1.32,0.00,112.00,5973.00,1126.00,2.00,14.00,169.00,10454586.61,3083.96
1.33,0.00,111.00,5967.00,1133.00,2.00,14.00,169.00,10448425.56,3025.74
1.33,0.00,108.00,5963.00,1140.00,2.00,14.00,169.00,10442195.49,2972.60
1.34,0.00,105.00,5959.00,1147.00,2.00,14.00,169.00,10435902.41,2924.08
1.35,0.00,102.00,5955.00,1154.00,2.00,14.00,169.00,10429551.80,2879.79
1.35,0.00,98.00,5951.00,1162.00,2.00,14.00,169.00,10423148.43,2839.35
1.36,0.00,96.00,5945.00,1170.00,2.00,14.00,169.00,10416396.60,2802.43
1.37,0.00,94.00,5938.00,1179.00,2.00,14.00,169.00,10409176.02,2768.73
1.38,0.00,90.00,5930.00,1191.00,2.00,14.00,169.00,10401376.98,2737.97
1.38,0.00,87.00,5927.00,1197.00,2.00,14.00,169.00,10393800.46,2709.88
1.39,0.00,87.00,5918.00,1206.00,2.00,14.00,169.00,10385525.99,2684.24
1.40,0.00,82.00,5916.00,1213.00,2.00,14.00,169.00,10377665.47,2660.83
1.40,0.00,79.00,5910.00,1222.00,2.00,14.00,169.00,10369582.16,2639.46
1.41,0.00,77.00,5898.00,1236.00,2.00,14.00,169.00,10360394.06,2619.95
1.42,0.00,74.00,5894.00,1243.00,2.00,13.00,170.00,10351398.17,2587.11
1.42,0.00,73.00,5887.00,1251.00,2.00,13.00,170.00,10342127.47,2557.14
1.43,0.00,72.00,5881.00,1258.00,2.00,13.00,170.00,10332755.71,2529.77
1.44,0.00,70.00,5877.00,1264.00,2.00,11.00,172.00,10323592.08,2474.75
1.44,0.00,67.00,5872.00,1272.00,2.00,11.00,172.00,10314468.43,2424.51
1.45,0.00,65.00,5868.00,1278.00,2.00,11.00,172.00,10305531.56,2378.65
1.46,0.00,60.00,5861.00,1290.00,1.00,11.00,173.00,10296314.76,2336.78
1.47,0.00,60.00,5856.00,1295.00,1.00,10.00,174.00,10287142.47,2283.53
1.47,0.00,59.00,5851.00,1301.00,1.00,10.00,174.00,10278010.87,2234.92
1.48,0.00,59.00,5840.00,1312.00,1.00,10.00,174.00,10268015.08,2190.55
1.49,0.00,57.00,5834.00,1320.00,1.00,10.00,174.00,10257980.87,2150.03
1.49,0.00,56.00,5830.00,1325.00,1.00,10.00,174.00,10248212.03,2113.05
1.50,0.00,53.00,5827.00,1331.00,1.00,10.00,174.00,10238835.89,2079.28
1.51,0.00,51.00,5819.00,1341.00,1.00,10.00,174.00,10229067.32,2048.46
1.51,0.00,48.00,5818.00,1345.00,1.00,10.00,174.00,10219991.98,2020.32
1.52,0.00,48.00,5808.00,1355.00,1.00,9.00,175.00,10210197.83,1979.60
1.53,0.00,47.00,5803.00,1361.00,1.00,9.00,175.00,10200498.14,1942.44
1.53,0.00,44.00,5801.00,1366.00,1.00,9.00,175.00,10191335.37,1908.51
1.54,0.00,44.00,5796.00,1371.00,1.00,9.00,175.00,10182212.42,1877.53
1.55,0.00,44.00,5787.00,1380.00,1.00,9.00,175.00,10172525.07,1849.25
1.56,0.00,42.00,5781.00,1388.00,1.00,9.00,175.00,10162772.86,1823.43
1.56,0.00,41.00,5774.00,1396.00,1.00,8.00,176.00,10152810.87,1784.84
1.57,0.00,40.00,5770.00,1401.00,1.00,8.00,176.00,10143107.89,1749.61
1.58,0.00,39.00,5763.00,1409.00,1.00,8.00,176.00,10133191.02,1717.44
1.58,0.00,39.00,5758.00,1414.00,1.00,8.00,176.00,10123379.15,1688.08
1.59,0.00,39.00,5747.00,1425.00,1.00,8.00,176.00,10112761.83,1661.27
1.60,0.00,39.00,5738.00,1434.00,1.00,7.00,177.00,10101709.06,1621.78
1.60,0.00,37.00,5728.00,1446.00,1.00,6.00,178.00,10090108.22,1570.70
1.61,0.00,37.00,5715.00,1459.00,1.00,6.00,178.00,10077556.01,1524.07
1.62,0.00,37.00,5709.00,1465.00,1.00,6.00,178.00,10065186.05,1481.50
1.62,0.00,36.00,5700.00,1475.00,1.00,6.00,178.00,10052531.85,1442.63
1.63,0.00,35.00,5692.00,1484.00,1.00,6.00,178.00,10039768.40,1407.15
1.64,0.00,34.00,5685.00,1492.00,0.00,7.00,178.00,10027055.20,1389.79
1.65,0.00,32.00,5682.00,1497.00,0.00,6.00,179.00,10014988.90,1358.91
1.65,0.00,31.00,5670.00,1510.00,0.00,6.00,179.00,10002161.70,1330.72
1.66,0.00,31.00,5659.00,1521.00,0.00,6.00,179.00,9988789.30,1304.98
1.67,0.00,31.00,5650.00,1530.00,0.00,6.00,179.00,9975219.34,1281.49
1.67,0.00,30.00,5649.00,1532.00,0.00,6.00,179.00,9962670.68,1260.04
1.68,0.00,30.00,5644.00,1537.00,0.00,5.00,180.00,9950454.28,1225.44
1.69,0.00,29.00,5641.00,1541.00,0.00,5.00,180.00,9938841.87,1193.85
1.69,0.00,26.00,5637.00,1548.00,0.00,5.00,180.00,9927631.07,1165.01
1.70,0.00,25.00,5630.00,1556.00,0.00,4.00,181.00,9916336.55,1123.65
1.71,0.00,24.00,5622.00,1565.00,0.00,4.00,181.00,9904815.27,1085.90
1.72,0.00,24.00,5615.00,1572.00,0.00,4.00,181.00,9893237.02,1051.44
1.72,0.00,24.00,5605.00,1582.00,0.00,4.00,181.00,9881156.00,1019.98
1.73,0.00,23.00,5603.00,1585.00,0.00,4.00,181.00,9869817.61,991.25
1.74,0.00,23.00,5596.00,1592.00,0.00,4.00,181.00,9858406.44,965.03
1.74,0.00,22.00,5592.00,1597.00,0.00,4.00,181.00,9847379.49,941.09
1.75,0.00,22.00,5582.00,1607.00,0.00,4.00,181.00,9835802.40,919.24
1.76,0.00,22.00,5570.00,1619.00,0.00,4.00,181.00,9823421.96,899.29
1.76,0.00,22.00,5565.00,1624.00,0.00,4.00,181.00,9811359.25,881.07
1.77,0.00,21.00,5561.00,1629.00,0.00,4.00,181.00,9799737.07,864.45
1.78,0.00,20.00,5551.00,1640.00,0.00,4.00,181.00,9787615.95,849.27
1.78,0.00,20.00,5538.00,1653.00,0.00,4.00,181.00,9774588.37,835.41
1.79,0.00,19.00,5533.00,1659.00,0.00,4.00,181.00,9761934.18,822.76
1.80,0.00,18.00,5524.00,1669.00,0.00,3.00,182.00,9749020.44,796.18
1.81,0.00,18.00,5518.00,1675.00,0.00,3.00,182.00,9736320.28,771.92
1.81,0.00,18.00,5514.00,1679.00,0.00,2.00,183.00,9724115.65,734.75
1.82,0.00,17.00,5510.00,1684.00,0.00,2.00,183.00,9712363.90,700.82
1.83,0.00,17.00,5500.00,1694.00,0.00,2.00,183.00,9700124.41,669.84
1.83,0.00,17.00,5491.00,1703.00,0.00,2.00,183.00,9687589.41,641.56
1.84,0.00,16.00,5485.00,1710.00,0.00,2.00,183.00,9675235.18,615.74
1.85,0.00,16.00,5478.00,1717.00,0.00,2.00,183.00,9662895.96,592.17
1.85,0.00,16.00,5471.00,1724.00,0.00,2.00,183.00,9650570.42,570.66
1.86,0.00,15.00,5461.00,1735.00,0.00,2.00,183.00,9637806.73,551.01
1.87,0.00,15.00,5453.00,1743.00,0.00,2.00,183.00,9624943.14,533.08
1.88,0.00,13.00,5447.00,1751.00,0.00,2.00,183.00,9612288.72,516.71
1.88,0.00,13.00,5441.00,1757.00,0.00,2.00,183.00,9599825.27,501.76
1.89,0.00,12.00,5437.00,1762.00,0.00,2.00,183.00,9587837.09,488.11
1.90,0.00,10.00,5432.00,1769.00,0.00,2.00,183.00,9576132.69,475.66
1.90,0.00,9.00,5429.00,1773.00,0.00,2.00,183.00,9564988.08,464.29
1.91,0.00,9.00,5420.00,1782.00,0.00,1.00,184.00,9553453.57,438.88
1.92,0.00,9.00,5413.00,1789.00,0.00,1.00,184.00,9541863.29,415.69
1.92,0.00,9.00,5403.00,1799.00,0.00,1.00,184.00,9529771.32,394.51
1.93,0.00,9.00,5394.00,1808.00,0.00,1.00,184.00,9517371.08,375.18
1.94,0.00,9.00,5387.00,1815.00,0.00,1.00,184.00,9504989.87,357.54
1.94,0.00,8.00,5377.00,1826.00,0.00,1.00,184.00,9492175.27,341.43
1.95,0.00,7.00,5371.00,1833.00,0.00,1.00,184.00,9479565.70,326.72
1.96,0.00,7.00,5361.00,1843.00,0.00,1.00,184.00,9466542.29,313.29
1.97,0.00,7.00,5354.00,1850.00,0.00,1.00,184.00,9453591.66,301.04
1.97,0.00,7.00,5345.00,1859.00,0.00,1.00,184.00,9440407.15,289.85
1.98,0.00,7.00,5338.00,1866.00,0.00,1.00,184.00,9427309.26,279.63
1.99,0.00,5.00,5332.00,1874.00,0.00,1.00,184.00,9414440.83,270.31
1.99,0.00,5.00,5326.00,1880.00,0.00,1.00,184.00,9401781.94,261.79
2.00,0.00,5.00,5320.00,1886.00,0.00,1.00,184.00,9389314.49,254.02
2.01,0.00,5.00,5313.00,1893.00,0.00,1.00,184.00,9376871.88,246.92
2.01,0.00,5.00,5307.00,1899.00,0.00,1.00,184.00,9364602.10,240.45
2.02,0.00,4.00,5299.00,1908.00,0.00,1.00,184.00,9352189.86,234.53
2.03,0.00,4.00,5292.00,1915.00,0.00,1.00,184.00,9339797.49,229.13
2.03,0.00,4.00,5281.00,1926.00,0.00,1.00,184.00,9326822.63,224.20
2.04,0.00,4.00,5275.00,1932.00,0.00,1.00,184.00,9314066.45,219.70
2.05,0.00,4.00,5269.00,1938.00,0.00,1.00,184.00,9301510.15,215.60
2.06,0.00,4.00,5265.00,1942.00,0.00,1.00,184.00,9289437.02,211.85
2.06,0.00,4.00,5257.00,1950.00,0.00,1.00,184.00,9277204.47,208.42
2.07,0.00,4.00,5248.00,1959.00,0.00,1.00,184.00,9264675.87,205.30
2.08,0.00,3.00,5242.00,1966.00,0.00,1.00,184.00,9252327.41,202.44
2.08,0.00,3.00,5236.00,1972.00,0.00,1.00,184.00,9240143.77,199.84
2.09,0.00,3.00,5224.00,1984.00,0.00,1.00,184.00,9227209.30,197.46
2.10,0.00,3.00,5214.00,1994.00,0.00,1.00,184.00,9213889.14,195.29
2.10,0.00,3.00,5208.00,2000.00,0.00,1.00,184.00,9200817.58,193.31
2.11,0.00,3.00,5199.00,2009.00,0.00,1.00,184.00,9187522.53,191.50
2.12,0.00,2.00,5195.00,2014.00,0.00,1.00,184.00,9174774.29,189.85
2.12,0.00,2.00,5187.00,2022.00,0.00,1.00,184.00,9161924.82,188.34
2.13,0.00,2.00,5178.00,2031.00,0.00,1.00,184.00,9148832.68,186.96
2.14,0.00,2.00,5172.00,2037.00,0.00,1.00,184.00,9135969.49,185.71
2.15,0.00,2.00,5167.00,2042.00,0.00,1.00,184.00,9123465.74,184.56
2.15,0.00,2.00,5162.00,2047.00,0.00,1.00,184.00,9111290.31,183.51
2.16,0.00,2.00,5154.00,2055.00,0.00,1.00,184.00,9098964.20,182.55
2.17,0.00,2.00,5149.00,2060.00,0.00,1.00,184.00,9086951.04,181.68
2.17,0.00,2.00,5143.00,2066.00,0.00,1.00,184.00,9075073.62,180.88
2.18,0.00,2.00,5132.00,2077.00,0.00,1.00,184.00,9062569.19,180.16
2.19,0.00,2.00,5117.00,2092.00,0.00,1.00,184.00,9048890.81,179.49
2.19,0.00,2.00,5110.00,2099.00,0.00,1.00,184.00,9035341.74,178.89
2.20,0.00,2.00,5099.00,2110.00,0.00,1.00,184.00,9021309.87,178.33
2.21,0.00,1.00,5096.00,2114.00,0.00,1.00,184.00,9008038.77,177.83
2.22,0.00,1.00,5088.00,2122.00,0.00,1.00,184.00,8994711.52,177.37
2.22,0.00,1.00,5086.00,2124.00,0.00,1.00,184.00,8982234.46,176.94
2.23,0.00,1.00,5079.00,2131.00,0.00,1.00,184.00,8969782.87,176.56
2.24,0.00,1.00,5072.00,2138.00,0.00,1.00,184.00,8957354.70,176.21
2.24,0.00,1.00,5068.00,2142.00,0.00,1.00,184.00,8945398.61,175.89
2.25,0.00,1.00,5057.00,2153.00,0.00,1.00,184.00,8932822.12,175.60
2.26,0.00,1.00,5048.00,2162.00,0.00,1.00,184.00,8919979.39,175.33
2.26,0.00,1.00,5037.00,2173.00,0.00,1.00,184.00,8906592.95,175.09
2.27,0.00,1.00,5025.00,2185.00,0.00,1.00,184.00,8892559.41,174.86
2.28,0.00,1.00,5018.00,2192.00,0.00,1.00,184.00,8878685.85,174.66
2.28,0.00,1.00,5012.00,2198.00,0.00,1.00,184.00,8865108.66,174.47
2.29,0.00,1.00,5007.00,2203.00,0.00,1.00,184.00,8851952.45,174.30
2.30,0.00,1.00,4995.00,2215.00,0.00,1.00,184.00,8838129.33,174.15
2.31,0.00,1.00,4990.00,2220.00,0.00,1.00,184.00,8824748.46,174.01
2.31,0.00,1.00,4982.00,2228.00,0.00,1.00,184.00,8811320.95,173.88
2.32,0.00,1.00,4975.00,2235.00,0.00,1.00,184.00,8798001.12,173.76
2.33,0.00,1.00,4965.00,2245.00,0.00,1.00,184.00,8784328.93,173.65
2.33,0.00,1.00,4958.00,2252.00,0.00,1.00,184.00,8770785.44,173.56
2.34,0.00,1.00,4952.00,2258.00,0.00,1.00,184.00,8757509.85,173.47
2.35,0.00,1.00,4946.00,2264.00,0.00,1.00,184.00,8744479.00,173.39
2.35,0.00,1.00,4938.00,2272.00,0.00,1.00,184.00,8731371.35,173.31
2.36,0.00,1.00,4933.00,2277.00,0.00,1.00,184.00,8718644.18,173.24
2.37,0.00,1.00,4924.00,2286.00,0.00,1.00,184.00,8705663.74,173.18
2.38,0.00,1.00,4920.00,2290.00,0.00,1.00,184.00,8693202.99,173.12
2.38,0.00,1.00,4914.00,2296.00,0.00,1.00,184.00,8680916.65,173.07
2.39,0.00,1.00,4906.00,2304.00,0.00,1.00,184.00,8668489.14,173.02
2.40,0.00,1.00,4898.00,2312.00,0.00,1.00,184.00,8655932.71,172.98
2.40,0.00,1.00,4893.00,2317.00,0.00,1.00,184.00,8643709.22,172.94
2.41,0.00,1.00,4885.00,2325.00,0.00,1.00,184.00,8631339.18,172.91
2.42,0.00,1.00,4878.00,2332.00,0.00,1.00,184.00,8618985.50,172.87
2.42,0.00,0.00,4868.00,2343.00,0.00,1.00,184.00,8606196.05,172.84
2.43,0.00,0.00,4862.00,2349.00,0.00,1.00,184.00,8593609.38,172.82
2.44,0.00,0.00,4854.00,2357.00,0.00,1.00,184.00,8580907.49,172.79
2.44,0.00,0.00,4846.00,2365.00,0.00,1.00,184.00,8568100.39,172.77
2.45,0.00,0.00,4841.00,2370.00,0.00,1.00,184.00,8555647.79,172.75
2.46,0.00,0.00,4829.00,2382.00,0.00,1.00,184.00,8542467.47,172.73
2.47,0.00,0.00,4827.00,2384.00,0.00,1.00,184.00,8530124.66,172.71
2.47,0.00,0.00,4818.00,2393.00,0.00,1.00,184.00,8517495.40,172.70
2.48,0.00,0.00,4808.00,2403.00,0.00,1.00,184.00,8504454.12,172.68
2.49,0.00,0.00,4803.00,2408.00,0.00,1.00,184.00,8491787.61,172.67
2.49,0.00,0.00,4796.00,2415.00,0.00,1.00,184.00,8479163.02,172.66
2.50,0.00,0.00,4791.00,2420.00,0.00,1.00,184.00,8466877.23,172.64
2.51,0.00,0.00,4786.00,2425.00,0.00,1.00,184.00,8454900.96,172.63
2.51,0.00,0.00,4779.00,2432.00,0.00,1.00,184.00,8442907.08,172.63
2.52,0.00,0.00,4773.00,2438.00,0.00,1.00,184.00,8431047.27,172.62
2.53,0.00,0.00,4765.00,2446.00,0.00,1.00,184.00,8419009.48,172.61
2.53,0.00,0.00,4751.00,2460.00,0.00,1.00,184.00,8405907.74,172.60
2.54,0.00,0.00,4736.00,2475.00,0.00,1.00,184.00,8391683.73,172.60
2.55,0.00,0.00,4728.00,2483.00,0.00,1.00,184.00,8377485.82,172.59
2.56,0.00,0.00,4721.00,2490.00,0.00,1.00,184.00,8363462.09,172.58
2.56,0.00,0.00,4715.00,2496.00,0.00,1.00,184.00,8349747.69,172.58
2.57,0.00,0.00,4703.00,2508.00,0.00,1.00,184.00,8335414.53,172.58
2.58,0.00,0.00,4695.00,2516.00,0.00,1.00,184.00,8321116.94,172.57
2.58,0.00,0.00,4690.00,2521.00,0.00,1.00,184.00,8307302.63,172.57
2.59,0.00,0.00,4682.00,2529.00,0.00,1.00,184.00,8293479.10,172.56
2.60,0.00,0.00,4675.00,2536.00,0.00,0.00,185.00,8279797.37,157.54
2.60,0.00,0.00,4669.00,2542.00,0.00,0.00,185.00,8266395.47,143.82
2.61,0.00,0.00,4659.00,2552.00,0.00,0.00,185.00,8252648.35,131.30
2.62,0.00,0.00,4649.00,2562.00,0.00,0.00,185.00,8238585.71,119.86
2.62,0.00,0.00,4642.00,2569.00,0.00,0.00,185.00,8224685.58,109.43
2.63,0.00,0.00,4632.00,2579.00,0.00,0.00,185.00,8210483.19,99.90
2.64,0.00,0.00,4627.00,2584.00,0.00,0.00,185.00,8196755.81,91.20
2.65,0.00,0.00,4620.00,2591.00,0.00,0.00,185.00,8183161.94,83.26
2.65,0.00,0.00,4612.00,2599.00,0.00,0.00,185.00,8169539.86,76.01
2.66,0.00,0.00,4602.00,2609.00,0.00,0.00,185.00,8155591.46,69.39
2.67,0.00,0.00,4595.00,2616.00,0.00,0.00,185.00,8141795.70,63.35
2.67,0.00,0.00,4587.00,2624.00,0.00,0.00,185.00,8127989.16,57.83
2.68,0.00,0.00,4579.00,2632.00,0.00,0.00,185.00,8114172.76,52.80
2.69,0.00,0.00,4574.00,2637.00,0.00,0.00,185.00,8100798.07,48.20
2.69,0.00,0.00,4565.00,2646.00,0.00,0.00,185.00,8087225.99,44.00
2.70,0.00,0.00,4560.00,2651.00,0.00,0.00,185.00,8074074.48,40.17
2.71,0.00,0.00,4548.00,2663.00,0.00,0.00,185.00,8060255.64,36.67
2.72,0.00,0.00,4540.00,2671.00,0.00,0.00,185.00,8046427.99,33.48
2.72,0.00,0.00,4535.00,2676.00,0.00,0.00,185.00,8033042.95,30.56
2.73,0.00,0.00,4523.00,2688.00,0.00,0.00,185.00,8019010.72,27.90
2.74,0.00,0.00,4517.00,2694.00,0.00,0.00,185.00,8005288.63,25.47
2.74,0.00,0.00,4511.00,2700.00,0.00,0.00,185.00,7991849.83,23.25
2.75,0.00,0.00,4496.00,2715.00,0.00,0.00,185.00,7977317.80,21.23
2.76,0.00,0.00,4491.00,2720.00,0.00,0.00,185.00,7963289.26,19.38
2.76,0.00,0.00,4480.00,2731.00,0.00,0.00,185.00,7948819.32,17.69
2.77,0.00,0.00,4473.00,2738.00,0.00,0.00,185.00,7934547.01,16.15
2.78,0.00,0.00,4464.00,2747.00,0.00,0.00,185.00,7920154.80,14.75
2.78,0.00,0.00,4458.00,2753.00,0.00,0.00,185.00,7906103.76,13.46
2.79,0.00,0.00,4449.00,2762.00,0.00,0.00,185.00,7891913.75,12.29
2.80,0.00,0.00,4438.00,2773.00,0.00,0.00,185.00,7877296.22,11.22
2.81,0.00,0.00,4431.00,2780.00,0.00,0.00,185.00,7862889.16,10.24
2.81,0.00,0.00,4424.00,2787.00,0.00,0.00,185.00,7848674.26,9.35
2.82,0.00,0.00,4419.00,2792.00,0.00,0.00,185.00,7834935.40,8.54
2.83,0.00,0.00,4408.00,2803.00,0.00,0.00,185.00,7820730.17,7.79
2.83,0.00,0.00,4398.00,2813.00,0.00,0.00,185.00,7806249.06,7.11
2.84,0.00,0.00,4396.00,2815.00,0.00,0.00,185.00,7792717.68,6.50
2.85,0.00,0.00,4391.00,2820.00,0.00,0.00,185.00,7779603.38,5.93
2.85,0.00,0.00,4385.00,2826.00,0.00,0.00,185.00,7766719.93,5.41
2.86,0.00,0.00,4380.00,2831.00,0.00,0.00,185.00,7754197.61,4.94
2.87,0.00,0.00,4374.00,2837.00,0.00,0.00,185.00,7741854.98,4.51
2.88,0.00,0.00,4365.00,2846.00,0.00,0.00,185.00,7729225.85,4.12
2.88,0.00,0.00,4354.00,2857.00,0.00,0.00,185.00,7716034.56,3.76
2.89,0.00,0.00,4349.00,2862.00,0.00,0.00,185.00,7703230.93,3.43
2.90,0.00,0.00,4342.00,2869.00,0.00,0.00,185.00,7690481.09,3.13
2.90,0.00,0.00,4336.00,2875.00,0.00,0.00,185.00,7677930.65,2.86
2.91,0.00,0.00,4329.00,2882.00,0.00,0.00,185.00,7665412.12,2.61
2.92,0.00,0.00,4323.00,2888.00,0.00,0.00,185.00,7653072.97,2.38
2.92,0.00,0.00,4318.00,2893.00,0.00,0.00,185.00,7641047.95,2.18
2.93,0.00,0.00,4314.00,2897.00,0.00,0.00,185.00,7629460.19,1.99
2.94,0.00,0.00,4307.00,2904.00,0.00,0.00,185.00,7617821.21,1.81
2.94,0.00,0.00,4301.00,2910.00,0.00,0.00,185.00,7606285.72,1.66
2.95,0.00,0.00,4291.00,2920.00,0.00,0.00,185.00,7594243.81,1.51
2.96,0.00,0.00,4286.00,2925.00,0.00,0.00,185.00,7582490.42,1.38
2.97,0.00,0.00,4279.00,2932.00,0.00,0.00,185.00,7570700.10,1.26
2.97,0.00,0.00,4276.00,2935.00,0.00,0.00,185.00,7559477.01,1.15
2.98,0.00,0.00,4265.00,2946.00,0.00,0.00,185.00,7547570.29,1.05
2.99,0.00,0.00,4260.00,2951.00,0.00,0.00,185.00,7535940.41,0.96
2.99,0.00,0.00,4258.00,2953.00,0.00,0.00,185.00,7525014.13,0.88
3.00,0.00,0.00,4253.00,2958.00,0.00,0.00,185.00,7514280.02,0.80
3.01,0.00,0.00,4244.00,2967.00,0.00,0.00,185.00,7503120.57,0.73
3.01,0.00,0.00,4239.00,2972.00,0.00,0.00,185.00,7492173.36,0.67
3.02,0.00,0.00,4231.00,2980.00,0.00,0.00,185.00,7480969.39,0.61
3.03,0.00,0.00,4224.00,2987.00,0.00,0.00,185.00,7469681.08,0.56
3.03,0.00,0.00,4214.00,2997.00,0.00,0.00,185.00,7457865.12,0.51
3.04,0.00,0.00,4203.00,3008.00,0.00,0.00,185.00,7445416.70,0.46
3.05,0.00,0.00,4196.00,3015.00,0.00,0.00,185.00,7432991.41,0.42
3.06,0.00,0.00,4192.00,3019.00,0.00,0.00,185.00,7421037.88,0.39
3.06,0.00,0.00,4187.00,3024.00,0.00,0.00,185.00,7409365.23,0.35
3.07,0.00,0.00,4182.00,3029.00,0.00,0.00,185.00,7397949.15,0.32
3.08,0.00,0.00,4175.00,3036.00,0.00,0.00,185.00,7386467.12,0.29
3.08,0.00,0.00,4166.00,3045.00,0.00,0.00,185.00,7374624.29,0.27
3.09,0.00,0.00,4157.00,3054.00,0.00,0.00,185.00,7362451.82,0.24
3.10,0.00,0.00,4151.00,3060.00,0.00,0.00,185.00,7350428.86,0.22
3.10,0.00,0.00,4145.00,3066.00,0.00,0.00,185.00,7338542.49,0.20
3.11,0.00,0.00,4141.00,3070.00,0.00,0.00,185.00,7327081.39,0.19
3.12,0.00,0.00,4129.00,3082.00,0.00,0.00,185.00,7314807.00,0.17
3.12,0.00,0.00,4122.00,3089.00,0.00,0.00,185.00,7302540.66,0.16
3.13,0.00,0.00,4118.00,3093.00,0.00,0.00,185.00,7290732.49,0.14
3.14,0.00,0.00,4110.00,3101.00,0.00,0.00,185.00,7278741.88,0.13
3.15,0.00,0.00,4101.00,3110.00,0.00,0.00,185.00,7266434.36,0.12
3.15,0.00,0.00,4094.00,3117.00,0.00,0.00,185.00,7254137.82,0.11
3.16,0.00,0.00,4086.00,3125.00,0.00,0.00,185.00,7241701.02,0.10
3.17,0.00,0.00,4085.00,3126.00,0.00,0.00,185.00,7230187.72,0.09
3.17,0.00,0.00,4080.00,3131.00,0.00,0.00,185.00,7218917.33,0.08
3.18,0.00,0.00,4073.00,3138.00,0.00,0.00,185.00,7207568.29,0.07
3.19,0.00,0.00,4068.00,3143.00,0.00,0.00,185.00,7196447.86,0.07
3.19,0.00,0.00,4058.00,3153.00,0.00,0.00,185.00,7184785.22,0.06
3.20,0.00,0.00,4049.00,3162.00,0.00,0.00,185.00,7172777.38,0.06
3.21,0.00,0.00,4041.00,3170.00,0.00,0.00,185.00,7160604.37,0.05
3.22,0.00,0.00,4035.00,3176.00,0.00,0.00,185.00,7148581.01,0.05
3.22,0.00,0.00,4030.00,3181.00,0.00,0.00,185.00,7136844.44,0.04
3.23,0.00,0.00,4026.00,3185.00,0.00,0.00,185.00,7125520.18,0.04
3.24,0.00,0.00,4018.00,3193.00,0.00,0.00,185.00,7113971.83,0.04
3.24,0.00,0.00,4010.00,3201.00,0.00,0.00,185.00,7102218.63,0.03
3.25,0.00,0.00,4005.00,3206.00,0.00,0.00,185.00,7090728.95,0.03
3.26,0.00,0.00,3995.00,3216.00,0.00,0.00,185.00,7078728.91,0.03
3.26,0.00,0.00,3988.00,3223.00,0.00,0.00,185.00,7066713.23,0.03
3.27,0.00,0.00,3984.00,3227.00,0.00,0.00,185.00,7055133.98,0.02
3.28,0.00,0.00,3976.00,3235.00,0.00,0.00,185.00,7043352.67,0.02
3.28,0.00,0.00,3968.00,3243.00,0.00,0.00,185.00,7031386.61,0.02
3.29,0.00,0.00,3958.00,3253.00,0.00,0.00,185.00,7018951.35,0.02
3.30,0.00,0.00,3948.00,3263.00,0.00,0.00,185.00,7006087.33,0.02
3.31,0.00,0.00,3942.00,3269.00,0.00,0.00,185.00,6993432.55,0.01
3.31,0.00,0.00,3933.00,3278.00,0.00,0.00,185.00,6980518.16,0.01
3.32,0.00,0.00,3926.00,3285.00,0.00,0.00,185.00,6967667.12,0.01
3.33,0.00,0.00,3916.00,3295.00,0.00,0.00,185.00,6954423.32,0.01
3.33,0.00,0.00,3912.00,3299.00,0.00,0.00,185.00,6941721.90,0.01
3.34,0.00,0.00,3905.00,3306.00,0.00,0.00,185.00,6929065.48,0.01
3.35,0.00,0.00,3897.00,3314.00,0.00,0.00,185.00,6916299.91,0.01
3.35,0.00,0.00,3891.00,3320.00,0.00,0.00,185.00,6903735.10,0.01
3.36,0.00,0.00,3880.00,3331.00,0.00,0.00,185.00,6890602.52,0.01
3.37,0.00,0.00,3877.00,3334.00,0.00,0.00,185.00,6878152.98,0.01
3.38,0.00,0.00,3871.00,3340.00,0.00,0.00,185.00,6865876.94,0.01
3.38,0.00,0.00,3864.00,3347.00,0.00,0.00,185.00,6853609.09,0.01
3.39,0.00,0.00,3853.00,3358.00,0.00,0.00,185.00,6840747.83,0.00
3.40,0.00,0.00,3849.00,3362.00,0.00,0.00,185.00,6828396.01,0.00
3.40,0.00,0.00,3841.00,3370.00,0.00,0.00,185.00,6815908.77,0.00
3.41,0.00,0.00,3837.00,3374.00,0.00,0.00,185.00,6803898.58,0.00
3.42,0.00,0.00,3826.00,3385.00,0.00,0.00,185.00,6791272.73,0.00
3.42,0.00,0.00,3818.00,3393.00,0.00,0.00,185.00,6778535.13,0.00
3.43,0.00,0.00,3811.00,3400.00,0.00,0.00,185.00,6765845.61,0.00
3.44,0.00,0.00,3802.00,3409.00,0.00,0.00,185.00,6752899.60,0.00
3.44,0.00,0.00,3796.00,3415.00,0.00,0.00,185.00,6740169.87,0.00
3.45,0.00,0.00,3788.00,3423.00,0.00,0.00,185.00,6727337.25,0.00
3.46,0.00,0.00,3781.00,3430.00,0.00,0.00,185.00,6714560.87,0.00
3.47,0.00,0.00,3771.00,3440.00,0.00,0.00,185.00,6701385.26,0.00
3.47,0.00,0.00,3764.00,3447.00,0.00,0.00,185.00,6688295.51,0.00
3.48,0.00,0.00,3759.00,3452.00,0.00,0.00,185.00,6675584.69,0.00
3.49,0.00,0.00,3751.00,3460.00,0.00,0.00,185.00,6662769.40,0.00
3.49,0.00,0.00,3745.00,3466.00,0.00,0.00,185.00,6650159.14,0.00
3.50,0.00,0.00,3743.00,3468.00,0.00,0.00,185.00,6638337.16,0.00
3.51,0.00,0.00,3739.00,3472.00,0.00,0.00,185.00,6626934.88,0.00
3.51,0.00,0.00,3730.00,3481.00,0.00,0.00,185.00,6615164.90,0.00
3.52,0.00,0.00,3722.00,3489.00,0.00,0.00,185.00,6603209.21,0.00
3.53,0.00,0.00,3714.00,3497.00,0.00,0.00,185.00,6591083.88,0.00
3.53,0.00,0.00,3707.00,3504.00,0.00,0.00,185.00,6578953.73,0.00
3.54,0.00,0.00,3697.00,3514.00,0.00,0.00,185.00,6566368.51,0.00
3.55,0.00,0.00,3690.00,3521.00,0.00,0.00,185.00,6553818.24,0.00
3.56,0.00,0.00,3680.00,3531.00,0.00,0.00,185.00,6540849.17,0.00
3.56,0.00,0.00,3668.00,3543.00,0.00,0.00,185.00,6527197.00,0.00
3.57,0.00,0.00,3661.00,3550.00,0.00,0.00,185.00,6513671.88,0.00
3.58,0.00,0.00,3656.00,3555.00,0.00,0.00,185.00,6500563.31,0.00
3.58,0.00,0.00,3650.00,3561.00,0.00,0.00,185.00,6487685.00,0.00
3.59,0.00,0.00,3641.00,3570.00,0.00,0.00,185.00,6474566.50,0.00
3.60,0.00,0.00,3633.00,3578.00,0.00,0.00,185.00,6461378.75,0.00
3.60,0.00,0.00,3626.00,3585.00,0.00,0.00,185.00,6448277.91,0.00
3.61,0.00,0.00,3621.00,3590.00,0.00,0.00,185.00,6435556.95,0.00
3.62,0.00,0.00,3616.00,3595.00,0.00,0.00,185.00,6423183.10,0.00
3.62,0.00,0.00,3612.00,3599.00,0.00,0.00,185.00,6411276.57,0.00
3.63,0.00,0.00,3606.00,3605.00,0.00,0.00,185.00,6399496.67,0.00
3.64,0.00,0.00,3598.00,3613.00,0.00,0.00,185.00,6387531.93,0.00
3.65,0.00,0.00,3590.00,3621.00,0.00,0.00,185.00,6375398.29,0.00
3.65,0.00,0.00,3580.00,3631.00,0.00,0.00,185.00,6362809.88,0.00
3.66,0.00,0.00,3574.00,3637.00,0.00,0.00,185.00,6350406.84,0.00
3.67,0.00,0.00,3567.00,3644.00,0.00,0.00,185.00,6338023.02,0.00
3.67,0.00,0.00,3558.00,3653.00,0.00,0.00,185.00,6325356.28,0.00
3.68,0.00,0.00,3547.00,3664.00,0.00,0.00,185.00,6312130.57,0.00
3.69,0.00,0.00,3540.00,3671.00,0.00,0.00,185.00,6298995.10,0.00
3.69,0.00,0.00,3535.00,3676.00,0.00,0.00,185.00,6286242.45,0.00
3.70,0.00,0.00,3526.00,3685.00,0.00,0.00,185.00,6273238.73,0.00
3.71,0.00,0.00,3521.00,3690.00,0.00,0.00,185.00,6260606.56,0.00
3.72,0.00,0.00,3515.00,3696.00,0.00,0.00,185.00,6248163.58,0.00
3.72,0.00,0.00,3509.00,3702.00,0.00,0.00,185.00,6235893.46,0.00
3.73,0.00,0.00,3504.00,3707.00,0.00,0.00,185.00,6223931.53,0.00
3.74,0.00,0.00,3501.00,3710.00,0.00,0.00,185.00,6212551.61,0.00
3.74,0.00,0.00,3494.00,3717.00,0.00,0.00,185.00,6201102.54,0.00
3.75,0.00,0.00,3488.00,3723.00,0.00,0.00,185.00,6189740.54,0.00
3.76,0.00,0.00,3481.00,3730.00,0.00,0.00,185.00,6178307.86,0.00
3.76,0.00,0.00,3479.00,3732.00,0.00,0.00,185.00,6167561.75,0.00
3.77,0.00,0.00,3475.00,3736.00,0.00,0.00,185.00,6157142.40,0.00
3.78,0.00,0.00,3465.00,3746.00,0.00,0.00,185.00,6146120.32,0.00
3.78,0.00,0.00,3459.00,3752.00,0.00,0.00,185.00,6135148.46,0.00
3.79,0.00,0.00,3454.00,3757.00,0.00,0.00,185.00,6124372.69,0.00
3.80,0.00,0.00,3448.00,3763.00,0.00,0.00,185.00,6113625.89,0.00
3.81,0.00,0.00,3442.00,3769.00,0.00,0.00,185.00,6102905.49,0.00
3.81,0.00,0.00,3434.00,3777.00,0.00,0.00,185.00,6091908.76,0.00
3.82,0.00,0.00,3422.00,3789.00,0.00,0.00,185.00,6080058.63,0.00
3.83,0.00,0.00,3414.00,3797.00,0.00,0.00,185.00,6068029.72,0.00
3.83,0.00,0.00,3406.00,3805.00,0.00,0.00,185.00,6055837.48,0.00
3.84,0.00,0.00,3403.00,3808.00,0.00,0.00,185.00,6044247.15,0.00
3.85,0.00,0.00,3400.00,3811.00,0.00,0.00,185.00,6033206.79,0.00
3.85,0.00,0.00,3393.00,3818.00,0.00,0.00,185.00,6022067.96,0.00
3.86,0.00,0.00,3382.00,3829.00,0.00,0.00,185.00,6010238.24,0.00
3.87,0.00,0.00,3374.00,3837.00,0.00,0.00,185.00,5998227.99,0.00
3.88,0.00,0.00,3364.00,3847.00,0.00,0.00,185.00,5985752.31,0.00
3.88,0.00,0.00,3356.00,3855.00,0.00,0.00,185.00,5973151.85,0.00
3.89,0.00,0.00,3352.00,3859.00,0.00,0.00,185.00,5961038.35,0.00
3.90,0.00,0.00,3348.00,3863.00,0.00,0.00,185.00,5949369.77,0.00
3.90,0.00,0.00,3333.00,3878.00,0.00,0.00,185.00,5936455.08,0.00
3.91,0.00,0.00,3323.00,3888.00,0.00,0.00,185.00,5923153.07,0.00
3.92,0.00,0.00,3315.00,3896.00,0.00,0.00,185.00,5909797.62,0.00
3.92,0.00,0.00,3306.00,3905.00,0.00,0.00,185.00,5896243.13,0.00
3.93,0.00,0.00,3299.00,3912.00,0.00,0.00,185.00,5882807.20,0.00
3.94,0.00,0.00,3289.00,3922.00,0.00,0.00,185.00,5869028.97,0.00
3.94,0.00,0.00,3280.00,3931.00,0.00,0.00,185.00,5855088.11,0.00
3.95,0.00,0.00,3268.00,3943.00,0.00,0.00,185.00,5840548.12,0.00
3.96,0.00,0.00,3262.00,3949.00,0.00,0.00,185.00,5826362.05,0.00
3.97,0.00,0.00,3260.00,3951.00,0.00,0.00,185.00,5813100.24,0.00
3.97,0.00,0.00,3252.00,3959.00,0.00,0.00,185.00,5799781.54,0.00
3.98,0.00,0.00,3245.00,3966.00,0.00,0.00,185.00,5786561.12,0.00
3.99,0.00,0.00,3237.00,3974.00,0.00,0.00,185.00,5773280.20,0.00
3.99,0.00,0.00,3226.00,3985.00,0.00,0.00,185.00,5759493.34,0.00
4.00,0.00,0.00,3219.00,3992.00,0.00,0.00,185.00,5745845.14,0.00
4.01,0.00,0.00,3212.00,3999.00,0.00,0.00,185.00,5732323.60,0.00
4.01,0.00,0.00,3205.00,4006.00,0.00,0.00,185.00,5718917.84,0.00
4.02,0.00,0.00,3196.00,4015.00,0.00,0.00,185.00,5705317.36,0.00
4.03,0.00,0.00,3191.00,4020.00,0.00,0.00,185.00,5692139.86,0.00
4.03,0.00,0.00,3188.00,4023.00,0.00,0.00,185.00,5679649.43,0.00
4.04,0.00,0.00,3181.00,4030.00,0.00,0.00,185.00,5667185.70,0.00
4.05,0.00,0.00,3171.00,4040.00,0.00,0.00,185.00,5654295.71,0.00
4.06,0.00,0.00,3159.00,4052.00,0.00,0.00,185.00,5640715.80,0.00
4.06,0.00,0.00,3152.00,4059.00,0.00,0.00,185.00,5627256.65,0.00
4.07,0.00,0.00,3149.00,4062.00,0.00,0.00,185.00,5614508.83,0.00
4.08,0.00,0.00,3140.00,4071.00,0.00,0.00,185.00,5601509.47,0.00
4.08,0.00,0.00,3128.00,4083.00,0.00,0.00,185.00,5587829.66,0.00
4.09,0.00,0.00,3114.00,4097.00,0.00,0.00,185.00,5573227.66,0.00
4.10,0.00,0.00,3106.00,4105.00,0.00,0.00,185.00,5558684.46,0.00
4.10,0.00,0.00,3095.00,4116.00,0.00,0.00,185.00,5543744.27,0.00
4.11,0.00,0.00,3088.00,4123.00,0.00,0.00,185.00,5529042.32,0.00
4.12,0.00,0.00,3080.00,4131.00,0.00,0.00,185.00,5514407.74,0.00
4.12,0.00,0.00,3071.00,4140.00,0.00,0.00,185.00,5499684.54,0.00
4.13,0.00,0.00,3060.00,4151.00,0.00,0.00,185.00,5484579.97,0.00
4.14,0.00,0.00,3052.00,4159.00,0.00,0.00,185.00,5469577.59,0.00
4.15,0.00,0.00,3042.00,4169.00,0.00,0.00,185.00,5454368.14,0.00
4.15,0.00,0.00,3035.00,4176.00,0.00,0.00,185.00,5439420.12,0.00
4.16,0.00,0.00,3024.00,4187.00,0.00,0.00,185.00,5424110.09,0.00
4.17,0.00,0.00,3017.00,4194.00,0.00,0.00,185.00,5409070.27,0.00
4.17,0.00,0.00,3010.00,4201.00,0.00,0.00,185.00,5394277.29,0.00
4.18,0.00,0.00,3007.00,4204.00,0.00,0.00,185.00,5380310.75,0.00
4.19,0.00,0.00,3000.00,4211.00,0.00,0.00,185.00,5366498.38,0.00
4.19,0.00,0.00,2990.00,4221.00,0.00,0.00,185.00,5352376.18,0.00
4.20,0.00,0.00,2979.00,4232.00,0.00,0.00,185.00,5337820.64,0.00
4.21,0.00,0.00,2971.00,4240.00,0.00,0.00,185.00,5323319.88,0.00
4.22,0.00,0.00,2966.00,4245.00,0.00,0.00,185.00,5309319.88,0.00
4.22,0.00,0.00,2958.00,4253.00,0.00,0.00,185.00,5295326.75,0.00
4.23,0.00,0.00,2948.00,4263.00,0.00,0.00,185.00,5281039.36,0.00
4.24,0.00,0.00,2933.00,4278.00,0.00,0.00,185.00,5265731.96,0.00
4.24,0.00,0.00,2920.00,4291.00,0.00,0.00,185.00,5249793.12,0.00
4.25,0.00,0.00,2911.00,4300.00,0.00,0.00,185.00,5233878.23,0.00
4.26,0.00,0.00,2900.00,4311.00,0.00,0.00,185.00,5217684.84,0.00
4.26,0.00,0.00,2894.00,4317.00,0.00,0.00,185.00,5201988.11,0.00
4.27,0.00,0.00,2887.00,4324.00,0.00,0.00,185.00,5186594.96,0.00
4.28,0.00,0.00,2883.00,4328.00,0.00,0.00,185.00,5171929.84,0.00
4.28,0.00,0.00,2878.00,4333.00,0.00,0.00,185.00,5157779.66,0.00
4.29,0.00,0.00,2874.00,4337.00,0.00,0.00,185.00,5144250.21,0.00
4.30,0.00,0.00,2868.00,4343.00,0.00,0.00,185.00,5130987.40,0.00
4.31,0.00,0.00,2863.00,4348.00,0.00,0.00,185.00,5118118.53,0.00
4.31,0.00,0.00,2855.00,4356.00,0.00,0.00,185.00,5105158.81,0.00
4.32,0.00,0.00,2850.00,4361.00,0.00,0.00,185.00,5092566.81,0.00
4.33,0.00,0.00,2844.00,4367.00,0.00,0.00,185.00,5080160.57,0.00
4.33,0.00,0.00,2837.00,4374.00,0.00,0.00,185.00,5067773.75,0.00
4.34,0.00,0.00,2828.00,4383.00,0.00,0.00,185.00,5055104.25,0.00
4.35,0.00,0.00,2824.00,4387.00,0.00,0.00,185.00,5042927.67,0.00
4.35,0.00,0.00,2817.00,4394.00,0.00,0.00,185.00,5030750.73,0.00
4.36,0.00,0.00,2812.00,4399.00,0.00,0.00,185.00,5018873.93,0.00
4.37,0.00,0.00,2803.00,4408.00,0.00,0.00,185.00,5006670.40,0.00
4.38,0.00,0.00,2790.00,4421.00,0.00,0.00,185.00,4993567.47,0.00
4.38,0.00,0.00,2782.00,4429.00,0.00,0.00,185.00,4980393.91,0.00
4.39,0.00,0.00,2773.00,4438.00,0.00,0.00,185.00,4967005.62,0.00
4.40,0.00,0.00,2768.00,4443.00,0.00,0.00,185.00,4954022.05,0.00
4.40,0.00,0.00,2762.00,4449.00,0.00,0.00,185.00,4941258.02,0.00
4.41,0.00,0.00,2755.00,4456.00,0.00,0.00,185.00,4928544.31,0.00
4.42,0.00,0.00,2744.00,4467.00,0.00,0.00,185.00,4915275.75,0.00
4.42,0.00,0.00,2742.00,4469.00,0.00,0.00,185.00,4902852.19,0.00
4.43,0.00,0.00,2739.00,4472.00,0.00,0.00,185.00,4891050.52,0.00
4.44,0.00,0.00,2735.00,4476.00,0.00,0.00,185.00,4879666.85,0.00
4.44,0.00,0.00,2720.00,4491.00,0.00,0.00,185.00,4867012.50,0.00
4.45,0.00,0.00,2714.00,4497.00,0.00,0.00,185.00,4854549.29,0.00
4.46,0.00,0.00,2705.00,4506.00,0.00,0.00,185.00,4841810.00,0.00
4.47,0.00,0.00,2698.00,4513.00,0.00,0.00,185.00,4829118.88,0.00
4.47,0.00,0.00,2688.00,4523.00,0.00,0.00,185.00,4816021.13,0.00
4.48,0.00,0.00,2680.00,4531.00,0.00,0.00,185.00,4802852.36,0.00
4.49,0.00,0.00,2673.00,4538.00,0.00,0.00,185.00,4789768.86,0.00
4.49,0.00,0.00,2666.00,4545.00,0.00,0.00,185.00,4776763.30,0.00
4.50,0.00,0.00,2660.00,4551.00,0.00,0.00,185.00,4763979.19,0.00
4.51,0.00,0.00,2655.00,4556.00,0.00,0.00,185.00,4751547.63,0.00
4.51,0.00,0.00,2649.00,4562.00,0.00,0.00,185.00,4739287.96,0.00
4.52,0.00,0.00,2641.00,4570.00,0.00,0.00,185.00,4726884.92,0.00
4.53,0.00,0.00,2637.00,4574.00,0.00,0.00,185.00,4714951.75,0.00
4.53,0.00,0.00,2630.00,4581.00,0.00,0.00,185.00,4702997.25,0.00
4.54,0.00,0.00,2624.00,4587.00,0.00,0.00,185.00,4691173.40,0.00
4.55,0.00,0.00,2617.00,4594.00,0.00,0.00,185.00,4679318.73,0.00
4.56,0.00,0.00,2606.00,4605.00,0.00,0.00,185.00,4666834.97,0.00
4.56,0.00,0.00,2604.00,4607.00,0.00,0.00,185.00,4655128.50,0.00
4.57,0.00,0.00,2592.00,4619.00,0.00,0.00,185.00,4642630.00,0.00
4.58,0.00,0.00,2584.00,4627.00,0.00,0.00,185.00,4630008.74,0.00
4.58,0.00,0.00,2577.00,4634.00,0.00,0.00,185.00,4617425.52,0.00
4.59,0.00,0.00,2570.00,4641.00,0.00,0.00,185.00,4604877.05,0.00
4.60,0.00,0.00,2560.00,4651.00,0.00,0.00,185.00,4591909.55,0.00
4.60,0.00,0.00,2548.00,4663.00,0.00,0.00,185.00,4578258.88,0.00
4.61,0.00,0.00,2542.00,4669.00,0.00,0.00,185.00,4564885.34,0.00
4.62,0.00,0.00,2532.00,4679.00,0.00,0.00,185.00,4551164.08,0.00
4.62,0.00,0.00,2527.00,4684.00,0.00,0.00,185.00,4537876.23,0.00
4.63,0.00,0.00,2519.00,4692.00,0.00,0.00,185.00,4524533.72,0.00
4.64,0.00,0.00,2511.00,4700.00,0.00,0.00,185.00,4511141.33,0.00
4.65,0.00,0.00,2503.00,4708.00,0.00,0.00,185.00,4497703.31,0.00
4.65,0.00,0.00,2496.00,4715.00,0.00,0.00,185.00,4484373.82,0.00
4.66,0.00,0.00,2488.00,4723.00,0.00,0.00,185.00,4470993.30,0.00
4.67,0.00,0.00,2478.00,4733.00,0.00,0.00,185.00,4457265.62,0.00
4.67,0.00,0.00,2472.00,4739.00,0.00,0.00,185.00,4443821.75,0.00
4.68,0.00,0.00,2467.00,4744.00,0.00,0.00,185.00,4430787.36,0.00
4.69,0.00,0.00,2464.00,4747.00,0.00,0.00,185.00,4418427.60,0.00
4.69,0.00,0.00,2453.00,4758.00,0.00,0.00,185.00,4405482.40,0.00
4.70,0.00,0.00,2447.00,4764.00,0.00,0.00,185.00,4392753.43,0.00
4.71,0.00,0.00,2443.00,4768.00,0.00,0.00,185.00,4380522.47,0.00
4.72,0.00,0.00,2433.00,4778.00,0.00,0.00,185.00,4367845.15,0.00
4.72,0.00,0.00,2427.00,4784.00,0.00,0.00,185.00,4355360.96,0.00
4.73,0.00,0.00,2412.00,4799.00,0.00,0.00,185.00,4341701.09,0.00
4.74,0.00,0.00,2402.00,4809.00,0.00,0.00,185.00,4327718.23,0.00
4.74,0.00,0.00,2390.00,4821.00,0.00,0.00,185.00,4313139.80,0.00
4.75,0.00,0.00,2385.00,4826.00,0.00,0.00,185.00,4299068.84,0.00
4.76,0.00,0.00,2380.00,4831.00,0.00,0.00,185.00,4285461.51,0.00
4.76,0.00,0.00,2373.00,4838.00,0.00,0.00,185.00,4271977.33,0.00
4.77,0.00,0.00,2366.00,4845.00,0.00,0.00,185.00,4258605.72,0.00
4.78,0.00,0.00,2362.00,4849.00,0.00,0.00,185.00,4245787.57,0.00
4.78,0.00,0.00,2352.00,4859.00,0.00,0.00,185.00,4232573.77,0.00
4.79,0.00,0.00,2348.00,4863.00,0.00,0.00,185.00,4219899.85,0.00
4.80,0.00,0.00,2339.00,4872.00,0.00,0.00,185.00,4206968.05,0.00
4.81,0.00,0.00,2335.00,4876.00,0.00,0.00,185.00,4194551.82,0.00
4.81,0.00,0.00,2319.00,4892.00,0.00,0.00,185.00,4180803.81,0.00
4.82,0.00,0.00,2315.00,4896.00,0.00,0.00,185.00,4167641.79,0.00
4.83,0.00,0.00,2312.00,4899.00,0.00,0.00,185.00,4155165.42,0.00
4.83,0.00,0.00,2306.00,4905.00,0.00,0.00,185.00,4142864.81,0.00
4.84,0.00,0.00,2297.00,4914.00,0.00,0.00,185.00,4130274.10,0.00
4.85,0.00,0.00,2290.00,4921.00,0.00,0.00,185.00,4117718.77,0.00
4.85,0.00,0.00,2285.00,4926.00,0.00,0.00,185.00,4105496.23,0.00
4.86,0.00,0.00,2276.00,4935.00,0.00,0.00,185.00,4092976.84,0.00
4.87,0.00,0.00,2271.00,4940.00,0.00,0.00,185.00,4080787.16,0.00
4.88,0.00,0.00,2263.00,4948.00,0.00,0.00,185.00,4068448.02,0.00
4.88,0.00,0.00,2257.00,4954.00,0.00,0.00,185.00,4056272.78,0.00
4.89,0.00,0.00,2248.00,4963.00,0.00,0.00,185.00,4043796.61,0.00
4.90,0.00,0.00,2238.00,4973.00,0.00,0.00,185.00,4030895.26,0.00
4.90,0.00,0.00,2231.00,4980.00,0.00,0.00,185.00,4018056.10,0.00
4.91,0.00,0.00,2222.00,4989.00,0.00,0.00,185.00,4004973.34,0.00
4.92,0.00,0.00,2212.00,4999.00,0.00,0.00,185.00,3991517.75,0.00
4.92,0.00,0.00,2205.00,5006.00,0.00,0.00,185.00,3978172.22,0.00
4.93,0.00,0.00,2200.00,5011.00,0.00,0.00,185.00,3965227.72,0.00
4.94,0.00,0.00,2189.00,5022.00,0.00,0.00,185.00,3951748.22,0.00
4.94,0.00,0.00,2183.00,5028.00,0.00,0.00,185.00,3938531.08,0.00
4.95,0.00,0.00,2180.00,5031.00,0.00,0.00,185.00,3926004.33,0.00
4.96,0.00,0.00,2173.00,5038.00,0.00,0.00,185.00,3913507.46,0.00
4.97,0.00,0.00,2163.00,5048.00,0.00,0.00,185.00,3900587.16,0.00
4.97,0.00,0.00,2151.00,5060.00,0.00,0.00,185.00,3886979.58,0.00
4.98,0.00,0.00,2143.00,5068.00,0.00,0.00,185.00,3873344.95,0.00
4.99,0.00,0.00,2133.00,5078.00,0.00,0.00,185.00,3859385.14,0.00
4.99,0.00,0.00,2129.00,5082.00,0.00,0.00,185.00,3846029.62,0.00
5.00,0.00,0.00,2121.00,5090.00,0.00,0.00,185.00,3832625.31,0.00
5.01,0.00,0.00,2118.00,5093.00,0.00,0.00,185.00,3819927.54,0.00
5.01,0.00,0.00,2110.00,5101.00,0.00,0.00,185.00,3807124.19,0.00
5.02,0.00,0.00,2102.00,5109.00,0.00,0.00,185.00,3794224.35,0.00
5.03,0.00,0.00,2095.00,5116.00,0.00,0.00,185.00,3781386.57,0.00
5.03,0.00,0.00,2083.00,5128.00,0.00,0.00,185.00,3767854.36,0.00
5.04,0.00,0.00,2074.00,5137.00,0.00,0.00,185.00,3754138.39,0.00
5.05,0.00,0.00,2066.00,5145.00,0.00,0.00,185.00,3740404.72,0.00
5.06,0.00,0.00,2056.00,5155.00,0.00,0.00,185.00,3726354.42,0.00
5.06,0.00,0.00,2048.00,5163.00,0.00,0.00,185.00,3712315.30,0.00
5.07,0.00,0.00,2042.00,5169.00,0.00,0.00,185.00,3698586.86,0.00
5.08,0.00,0.00,2038.00,5173.00,0.00,0.00,185.00,3685442.73,0.00
5.08,0.00,0.00,2031.00,5180.00,0.00,0.00,185.00,3672381.75,0.00
5.09,0.00,0.00,2027.00,5184.00,0.00,0.00,185.00,3659847.47,0.00
5.10,0.00,0.00,2020.00,5191.00,0.00,0.00,185.00,3647343.72,0.00
5.10,0.00,0.00,2012.00,5199.00,0.00,0.00,185.00,3634717.63,0.00
5.11,0.00,0.00,2002.00,5209.00,0.00,0.00,185.00,3621679.27,0.00
5.12,0.00,0.00,1996.00,5215.00,0.00,0.00,185.00,3608865.17,0.00
5.12,0.00,0.00,1988.00,5223.00,0.00,0.00,185.00,3595955.55,0.00
5.13,0.00,0.00,1980.00,5231.00,0.00,0.00,185.00,3582958.60,0.00
5.14,0.00,0.00,1971.00,5240.00,0.00,0.00,185.00,3569731.68,0.00
5.15,0.00,0.00,1966.00,5245.00,0.00,0.00,185.00,3556895.52,0.00
5.15,0.00,0.00,1962.00,5249.00,0.00,0.00,185.00,3544566.66,0.00
5.16,0.00,0.00,1954.00,5257.00,0.00,0.00,185.00,3532100.34,0.00
5.17,0.00,0.00,1947.00,5264.00,0.00,0.00,185.00,3519658.70,0.00
5.17,0.00,0.00,1939.00,5272.00,0.00,0.00,185.00,3507089.34,0.00
5.18,0.00,0.00,1932.00,5279.00,0.00,0.00,185.00,3494553.52,0.00
5.19,0.00,0.00,1928.00,5283.00,0.00,0.00,185.00,3482499.03,0.00
5.19,0.00,0.00,1920.00,5291.00,0.00,0.00,185.00,3470283.45,0.00
5.20,0.00,0.00,1910.00,5301.00,0.00,0.00,185.00,3457620.16,0.00
5.21,0.00,0.00,1903.00,5308.00,0.00,0.00,185.00,3444998.56,0.00
5.22,0.00,0.00,1896.00,5315.00,0.00,0.00,185.00,3432415.00,0.00
5.22,0.00,0.00,1891.00,5320.00,0.00,0.00,185.00,3420166.68,0.00
5.23,0.00,0.00,1887.00,5324.00,0.00,0.00,185.00,3408374.88,0.00
5.24,0.00,0.00,1883.00,5328.00,0.00,0.00,185.00,3397000.18,0.00
5.24,0.00,0.00,1876.00,5335.00,0.00,0.00,185.00,3385555.89,0.00
5.25,0.00,0.00,1872.00,5339.00,0.00,0.00,185.00,3374498.73,0.00
5.26,0.00,0.00,1864.00,5347.00,0.00,0.00,185.00,3363194.30,0.00
5.26,0.00,0.00,1860.00,5351.00,0.00,0.00,185.00,3352264.93,0.00
5.27,0.00,0.00,1852.00,5359.00,0.00,0.00,185.00,3341077.31,0.00
5.28,0.00,0.00,1845.00,5366.00,0.00,0.00,185.00,3329803.92,0.00
5.28,0.00,0.00,1840.00,5371.00,0.00,0.00,185.00,3318752.65,0.00
5.29,0.00,0.00,1827.00,5384.00,0.00,0.00,185.00,3306702.49,0.00
5.30,0.00,0.00,1818.00,5393.00,0.00,0.00,185.00,3294340.61,0.00
5.31,0.00,0.00,1812.00,5399.00,0.00,0.00,185.00,3282144.57,0.00
5.31,0.00,0.00,1805.00,5406.00,0.00,0.00,185.00,3269949.86,0.00
5.32,0.00,0.00,1795.00,5416.00,0.00,0.00,185.00,3257305.66,0.00
5.33,0.00,0.00,1789.00,5422.00,0.00,0.00,185.00,3244851.71,0.00
5.33,0.00,0.00,1778.00,5433.00,0.00,0.00,185.00,3231820.40,0.00
5.34,0.00,0.00,1771.00,5440.00,0.00,0.00,185.00,3218862.53,0.00
5.35,0.00,0.00,1765.00,5446.00,0.00,0.00,185.00,3206121.97,0.00
5.35,0.00,0.00,1760.00,5451.00,0.00,0.00,185.00,3193730.21,0.00
5.36,0.00,0.00,1754.00,5457.00,0.00,0.00,185.00,3181506.88,0.00
5.37,0.00,0.00,1743.00,5468.00,0.00,0.00,185.00,3168686.32,0.00
5.38,0.00,0.00,1737.00,5474.00,0.00,0.00,185.00,3156071.20,0.00
5.38,0.00,0.00,1721.00,5490.00,0.00,0.00,185.00,3142141.52,0.00
5.39,0.00,0.00,1708.00,5503.00,0.00,0.00,185.00,3127461.45,0.00
5.40,0.00,0.00,1700.00,5511.00,0.00,0.00,185.00,3112846.91,0.00
5.40,0.00,0.00,1686.00,5525.00,0.00,0.00,185.00,3097390.86,0.00
5.41,0.00,0.00,1679.00,5532.00,0.00,0.00,185.00,3082217.58,0.00
5.42,0.00,0.00,1672.00,5539.00,0.00,0.00,185.00,3067302.66,0.00
5.42,0.00,0.00,1665.00,5546.00,0.00,0.00,185.00,3052623.80,0.00
5.43,0.00,0.00,1656.00,5555.00,0.00,0.00,185.00,3037860.14,0.00
5.44,0.00,0.00,1650.00,5561.00,0.00,0.00,185.00,3023469.69,0.00
5.44,0.00,0.00,1644.00,5567.00,0.00,0.00,185.00,3009420.23,0.00
5.45,0.00,0.00,1636.00,5575.00,0.00,0.00,185.00,2995381.89,0.00
5.46,0.00,0.00,1630.00,5581.00,0.00,0.00,185.00,2981654.13,0.00
5.47,0.00,0.00,1622.00,5589.00,0.00,0.00,185.00,2967909.73,0.00
5.47,0.00,0.00,1615.00,5596.00,0.00,0.00,185.00,2954300.32,0.00
5.48,0.00,0.00,1605.00,5606.00,0.00,0.00,185.00,2940363.56,0.00
5.49,0.00,0.00,1600.00,5611.00,0.00,0.00,185.00,2926878.88,0.00
5.49,0.00,0.00,1592.00,5619.00,0.00,0.00,185.00,2913356.53,0.00
5.50,0.00,0.00,1588.00,5623.00,0.00,0.00,185.00,2900400.70,0.00
5.51,0.00,0.00,1579.00,5632.00,0.00,0.00,185.00,2887211.32,0.00
5.51,0.00,0.00,1572.00,5639.00,0.00,0.00,185.00,2874109.03,0.00
5.52,0.00,0.00,1566.00,5645.00,0.00,0.00,185.00,2861236.51,0.00
5.53,0.00,0.00,1556.00,5655.00,0.00,0.00,185.00,2847973.03,0.00
5.53,0.00,0.00,1549.00,5662.00,0.00,0.00,185.00,2834803.03,0.00
5.54,0.00,0.00,1543.00,5668.00,0.00,0.00,185.00,2821868.67,0.00
5.55,0.00,0.00,1538.00,5673.00,0.00,0.00,185.00,2809299.83,0.00
5.56,0.00,0.00,1533.00,5678.00,0.00,0.00,185.00,2797064.96,0.00
5.56,0.00,0.00,1527.00,5684.00,0.00,0.00,185.00,2784984.98,0.00
5.57,0.00,0.00,1516.00,5695.00,0.00,0.00,185.00,2772295.36,0.00
5.58,0.00,0.00,1512.00,5699.00,0.00,0.00,185.00,2760100.39,0.00
5.58,0.00,0.00,1506.00,5705.00,0.00,0.00,185.00,2748056.86,0.00
5.59,0.00,0.00,1499.00,5712.00,0.00,0.00,185.00,2736001.51,0.00
5.60,0.00,0.00,1498.00,5713.00,0.00,0.00,185.00,2724836.69,0.00
5.60,0.00,0.00,1490.00,5721.00,0.00,0.00,185.00,2713433.94,0.00
5.61,0.00,0.00,1480.00,5731.00,0.00,0.00,185.00,2701513.34,0.00
5.62,0.00,0.00,1473.00,5738.00,0.00,0.00,185.00,2689570.27,0.00
5.62,0.00,0.00,1465.00,5746.00,0.00,0.00,185.00,2677456.45,0.00
5.63,0.00,0.00,1458.00,5753.00,0.00,0.00,185.00,2665336.82,0.00
5.64,0.00,0.00,1448.00,5763.00,0.00,0.00,185.00,2652761.24,0.00
5.65,0.00,0.00,1440.00,5771.00,0.00,0.00,185.00,2640069.53,0.00
5.65,0.00,0.00,1437.00,5774.00,0.00,0.00,185.00,2628022.83,0.00
5.66,0.00,0.00,1432.00,5779.00,0.00,0.00,185.00,2616265.04,0.00
5.67,0.00,0.00,1425.00,5786.00,0.00,0.00,185.00,2604470.74,0.00
5.67,0.00,0.00,1418.00,5793.00,0.00,0.00,185.00,2592643.06,0.00
5.68,0.00,0.00,1411.00,5800.00,0.00,0.00,185.00,2580784.91,0.00
5.69,0.00,0.00,1408.00,5803.00,0.00,0.00,185.00,2569499.82,0.00
5.69,0.00,0.00,1406.00,5805.00,0.00,0.00,185.00,2558888.57,0.00
5.70,0.00,0.00,1399.00,5812.00,0.00,0.00,185.00,2548141.80,0.00
5.71,0.00,0.00,1392.00,5819.00,0.00,0.00,185.00,2537271.23,0.00
5.72,0.00,0.00,1385.00,5826.00,0.00,0.00,185.00,2526287.56,0.00
5.72,0.00,0.00,1383.00,5828.00,0.00,0.00,185.00,2515951.69,0.00
5.73,0.00,0.00,1374.00,5837.00,0.00,0.00,185.00,2505156.09,0.00
5.74,0.00,0.00,1366.00,5845.00,0.00,0.00,185.00,2494090.67,0.00
5.74,0.00,0.00,1356.00,5855.00,0.00,0.00,185.00,2482478.24,0.00
5.75,0.00,0.00,1347.00,5864.00,0.00,0.00,185.00,2470516.29,0.00
5.76,0.00,0.00,1343.00,5868.00,0.00,0.00,185.00,2458986.16,0.00
5.76,0.00,0.00,1339.00,5872.00,0.00,0.00,185.00,2447850.56,0.00
5.77,0.00,0.00,1332.00,5879.00,0.00,0.00,185.00,2436624.72,0.00
5.78,0.00,0.00,1325.00,5886.00,0.00,0.00,185.00,2425316.43,0.00
5.78,0.00,0.00,1321.00,5890.00,0.00,0.00,185.00,2414383.53,0.00
5.79,0.00,0.00,1312.00,5899.00,0.00,0.00,185.00,2403042.44,0.00
5.80,0.00,0.00,1308.00,5903.00,0.00,0.00,185.00,2392079.56,0.00
5.81,0.00,0.00,1302.00,5909.00,0.00,0.00,185.00,2381161.76,0.00
5.81,0.00,0.00,1299.00,5912.00,0.00,0.00,185.00,2370735.86,0.00
5.82,0.00,0.00,1287.00,5924.00,0.00,0.00,185.00,2359407.31,0.00
5.83,0.00,0.00,1281.00,5930.00,0.00,0.00,185.00,2348155.43,0.00
5.83,0.00,0.00,1269.00,5942.00,0.00,0.00,185.00,2336072.20,0.00
5.84,0.00,0.00,1266.00,5945.00,0.00,0.00,185.00,2324581.49,0.00
5.85,0.00,0.00,1252.00,5959.00,0.00,0.00,185.00,2311979.55,0.00
5.85,0.00,0.00,1247.00,5964.00,0.00,0.00,185.00,2299714.47,0.00
5.86,0.00,0.00,1241.00,5970.00,0.00,0.00,185.00,2287606.91,0.00
5.87,0.00,0.00,1239.00,5972.00,0.00,0.00,185.00,2276244.16,0.00
5.88,0.00,0.00,1229.00,5982.00,0.00,0.00,185.00,2264360.11,0.00
5.88,0.00,0.00,1223.00,5988.00,0.00,0.00,185.00,2252600.67,0.00
5.89,0.00,0.00,1214.00,5997.00,0.00,0.00,185.00,2240504.40,0.00
5.90,0.00,0.00,1210.00,6001.00,0.00,0.00,185.00,2228851.51,0.00
5.90,0.00,0.00,1207.00,6004.00,0.00,0.00,185.00,2217753.97,0.00
5.91,0.00,0.00,1203.00,6008.00,0.00,0.00,185.00,2207013.63,0.00
5.92,0.00,0.00,1196.00,6015.00,0.00,0.00,185.00,2196148.92,0.00
5.92,0.00,0.00,1186.00,6025.00,0.00,0.00,185.00,2184719.92,0.00
5.93,0.00,0.00,1178.00,6033.00,0.00,0.00,185.00,2173075.75,0.00
5.94,0.00,0.00,1170.00,6041.00,0.00,0.00,185.00,2161235.06,0.00
5.94,0.00,0.00,1166.00,6045.00,0.00,0.00,185.00,2149815.69,0.00
5.95,0.00,0.00,1157.00,6054.00,0.00,0.00,185.00,2138030.12,0.00
5.96,0.00,0.00,1150.00,6061.00,0.00,0.00,185.00,2126210.44,0.00
5.97,0.00,0.00,1144.00,6067.00,0.00,0.00,185.00,2114509.78,0.00
5.97,0.00,0.00,1139.00,6072.00,0.00,0.00,185.00,2103068.16,0.00
5.98,0.00,0.00,1133.00,6078.00,0.00,0.00,185.00,2091712.95,0.00
5.99,0.00,0.00,1128.00,6083.00,0.00,0.00,185.00,2080586.94,0.00
5.99,0.00,0.00,1122.00,6089.00,0.00,0.00,185.00,2069520.08,0.00
6.00,0.00,0.00,1114.00,6097.00,0.00,0.00,185.00,2058206.84,0.00
6.01,0.00,0.00,1106.00,6105.00,0.00,0.00,185.00,2046668.47,0.00
6.01,0.00,0.00,1097.00,6114.00,0.00,0.00,185.00,2034774.16,0.00
6.02,0.00,0.00,1094.00,6117.00,0.00,0.00,185.00,2023456.07,0.00
6.03,0.00,0.00,1086.00,6125.00,0.00,0.00,185.00,2011913.26,0.00
6.03,0.00,0.00,1083.00,6128.00,0.00,0.00,185.00,2000916.29,0.00
6.04,0.00,0.00,1076.00,6135.00,0.00,0.00,185.00,1989817.14,0.00
6.05,0.00,0.00,1070.00,6141.00,0.00,0.00,185.00,1978774.83,0.00
6.06,0.00,0.00,1064.00,6147.00,0.00,0.00,185.00,1967784.47,0.00
6.06,0.00,0.00,1057.00,6154.00,0.00,0.00,185.00,1956691.34,0.00
6.07,0.00,0.00,1046.00,6165.00,0.00,0.00,185.00,1944903.37,0.00
6.08,0.00,0.00,1042.00,6169.00,0.00,0.00,185.00,1933532.18,0.00
6.08,0.00,0.00,1037.00,6174.00,0.00,0.00,185.00,1922391.56,0.00
6.09,0.00,0.00,1025.00,6186.00,0.00,0.00,185.00,1910409.99,0.00
6.10,0.00,0.00,1021.00,6190.00,0.00,0.00,185.00,1898861.92,0.00
6.10,0.00,0.00,1016.00,6195.00,0.00,0.00,185.00,1887559.68,0.00
6.11,0.00,0.00,1010.00,6201.00,0.00,0.00,185.00,1876331.84,0.00
6.12,0.00,0.00,1003.00,6208.00,0.00,0.00,185.00,1865021.72,0.00
6.12,0.00,0.00,995.00,6216.00,0.00,0.00,185.00,1853486.19,0.00
6.13,0.00,0.00,993.00,6218.00,0.00,0.00,185.00,1842646.12,0.00
6.14,0.00,0.00,989.00,6222.00,0.00,0.00,185.00,1832140.99,0.00
6.15,0.00,0.00,984.00,6227.00,0.00,0.00,185.00,1821791.67,0.00
6.15,0.00,0.00,981.00,6230.00,0.00,0.00,185.00,1811885.16,0.00
6.16,0.00,0.00,972.00,6239.00,0.00,0.00,185.00,1801481.83,0.00
6.17,0.00,0.00,968.00,6243.00,0.00,0.00,185.00,1791375.76,0.00
6.17,0.00,0.00,961.00,6250.00,0.00,0.00,185.00,1781090.56,0.00
6.18,0.00,0.00,954.00,6257.00,0.00,0.00,185.00,1770641.72,0.00
6.19,0.00,0.00,950.00,6261.00,0.00,0.00,185.00,1760494.04,0.00
6.19,0.00,0.00,941.00,6270.00,0.00,0.00,185.00,1749870.38,0.00
6.20,0.00,0.00,934.00,6277.00,0.00,0.00,185.00,1739112.29,0.00
6.21,0.00,0.00,924.00,6287.00,0.00,0.00,185.00,1727780.67,0.00
6.22,0.00,0.00,920.00,6291.00,0.00,0.00,185.00,1716826.44,0.00
6.22,0.00,0.00,917.00,6294.00,0.00,0.00,185.00,1706367.23,0.00
6.23,0.00,0.00,907.00,6304.00,0.00,0.00,185.00,1695308.71,0.00
6.24,0.00,0.00,902.00,6309.00,0.00,0.00,185.00,1684453.76,0.00
6.24,0.00,0.00,899.00,6312.00,0.00,0.00,185.00,1674085.28,0.00
6.25,0.00,0.00,895.00,6316.00,0.00,0.00,185.00,1664011.02,0.00
6.26,0.00,0.00,888.00,6323.00,0.00,0.00,185.00,1653754.90,0.00
6.26,0.00,0.00,875.00,6336.00,0.00,0.00,185.00,1642431.23,0.00
6.27,0.00,0.00,869.00,6342.00,0.00,0.00,185.00,1631183.78,0.00
6.28,0.00,0.00,860.00,6351.00,0.00,0.00,185.00,1619555.30,0.00
6.28,0.00,0.00,852.00,6359.00,0.00,0.00,185.00,1607728.90,0.00
6.29,0.00,0.00,844.00,6367.00,0.00,0.00,185.00,1595721.68,0.00
6.30,0.00,0.00,837.00,6374.00,0.00,0.00,185.00,1583699.48,0.00
6.31,0.00,0.00,835.00,6376.00,0.00,0.00,185.00,1572414.75,0.00
6.31,0.00,0.00,832.00,6379.00,0.00,0.00,185.00,1561653.57,0.00
6.32,0.00,0.00,823.00,6388.00,0.00,0.00,185.00,1550469.39,0.00
6.33,0.00,0.00,814.00,6397.00,0.00,0.00,185.00,1538898.70,0.00
6.33,0.00,0.00,801.00,6410.00,0.00,0.00,185.00,1526373.94,0.00
6.34,0.00,0.00,794.00,6417.00,0.00,0.00,185.00,1513878.90,0.00
6.35,0.00,0.00,792.00,6419.00,0.00,0.00,185.00,1502162.13,0.00
6.35,0.00,0.00,786.00,6425.00,0.00,0.00,185.00,1490555.54,0.00
6.36,0.00,0.00,779.00,6432.00,0.00,0.00,185.00,1478899.38,0.00
6.37,0.00,0.00,773.00,6438.00,0.00,0.00,185.00,1467348.16,0.00
6.38,0.00,0.00,765.00,6446.00,0.00,0.00,185.00,1455592.35,0.00
6.38,0.00,0.00,756.00,6455.00,0.00,0.00,185.00,1443499.39,0.00
6.39,0.00,0.00,749.00,6462.00,0.00,0.00,185.00,1431398.84,0.00
6.40,0.00,0.00,742.00,6469.00,0.00,0.00,185.00,1419291.37,0.00
6.40,0.00,0.00,738.00,6473.00,0.00,0.00,185.00,1407628.27,0.00
6.41,0.00,0.00,736.00,6475.00,0.00,0.00,185.00,1396671.63,0.00
6.42,0.00,0.00,727.00,6484.00,0.00,0.00,185.00,1385308.84,0.00
6.42,0.00,0.00,725.00,6486.00,0.00,0.00,185.00,1374626.60,0.00
6.43,0.00,0.00,718.00,6493.00,0.00,0.00,185.00,1363814.98,0.00
6.44,0.00,0.00,710.00,6501.00,0.00,0.00,185.00,1352734.92,0.00
6.44,0.00,0.00,704.00,6507.00,0.00,0.00,185.00,1341710.08,0.00
6.45,0.00,0.00,698.00,6513.00,0.00,0.00,185.00,1330735.67,0.00
6.46,0.00,0.00,695.00,6516.00,0.00,0.00,185.00,1320258.04,0.00
6.47,0.00,0.00,690.00,6521.00,0.00,0.00,185.00,1309933.83,0.00
6.47,0.00,0.00,684.00,6527.00,0.00,0.00,185.00,1299599.56,0.00
6.48,0.00,0.00,677.00,6534.00,0.00,0.00,185.00,1289105.89,0.00
6.49,0.00,0.00,672.00,6539.00,0.00,0.00,185.00,1278767.01,0.00
6.49,0.00,0.00,667.00,6544.00,0.00,0.00,185.00,1268569.59,0.00
6.50,0.00,0.00,658.00,6553.00,0.00,0.00,185.00,1257900.47,0.00
6.51,0.00,0.00,650.00,6561.00,0.00,0.00,185.00,1246950.61,0.00
6.51,0.00,0.00,648.00,6563.00,0.00,0.00,185.00,1236645.65,0.00
6.52,0.00,0.00,644.00,6567.00,0.00,0.00,185.00,1226629.43,0.00
6.53,0.00,0.00,633.00,6578.00,0.00,0.00,185.00,1215825.42,0.00
6.53,0.00,0.00,626.00,6585.00,0.00,0.00,185.00,1204902.56,0.00
6.54,0.00,0.00,620.00,6591.00,0.00,0.00,185.00,1194021.32,0.00
6.55,0.00,0.00,614.00,6597.00,0.00,0.00,185.00,1183178.15,0.00
6.56,0.00,0.00,612.00,6599.00,0.00,0.00,185.00,1172970.64,0.00
6.56,0.00,0.00,606.00,6605.00,0.00,0.00,185.00,1162743.01,0.00
6.57,0.00,0.00,602.00,6609.00,0.00,0.00,185.00,1152797.45,0.00
6.58,0.00,0.00,594.00,6617.00,0.00,0.00,185.00,1142508.69,0.00
6.58,0.00,0.00,589.00,6622.00,0.00,0.00,185.00,1132357.05,0.00
6.59,0.00,0.00,586.00,6625.00,0.00,0.00,185.00,1122631.14,0.00
6.60,0.00,0.00,579.00,6632.00,0.00,0.00,185.00,1112693.30,0.00
6.60,0.00,0.00,571.00,6640.00,0.00,0.00,185.00,1102411.59,0.00
6.61,0.00,0.00,566.00,6645.00,0.00,0.00,185.00,1092266.39,0.00
6.62,0.00,0.00,564.00,6647.00,0.00,0.00,185.00,1082696.61,0.00
6.62,0.00,0.00,559.00,6652.00,0.00,0.00,185.00,1073201.87,0.00
6.63,0.00,0.00,555.00,6656.00,0.00,0.00,185.00,1063925.93,0.00
6.64,0.00,0.00,547.00,6664.00,0.00,0.00,185.00,1054248.97,0.00
6.65,0.00,0.00,540.00,6671.00,0.00,0.00,185.00,1044355.85,0.00
6.65,0.00,0.00,536.00,6675.00,0.00,0.00,185.00,1034715.93,0.00
6.66,0.00,0.00,532.00,6679.00,0.00,0.00,185.00,1025307.33,0.00
6.67,0.00,0.00,526.00,6685.00,0.00,0.00,185.00,1015809.63,0.00
6.67,0.00,0.00,522.00,6689.00,0.00,0.00,185.00,1006530.98,0.00
6.68,0.00,0.00,518.00,6693.00,0.00,0.00,185.00,997452.48,0.00
6.69,0.00,0.00,512.00,6699.00,0.00,0.00,185.00,988256.37,0.00
6.69,0.00,0.00,505.00,6706.00,0.00,0.00,185.00,978802.59,0.00
6.70,0.00,0.00,502.00,6709.00,0.00,0.00,185.00,969714.30,0.00
6.71,0.00,0.00,498.00,6713.00,0.00,0.00,185.00,960809.72,0.00
6.72,0.00,0.00,494.00,6717.00,0.00,0.00,185.00,952072.98,0.00
6.72,0.00,0.00,491.00,6720.00,0.00,0.00,185.00,943639.83,0.00
6.73,0.00,0.00,490.00,6721.00,0.00,0.00,185.00,935784.52,0.00
6.74,0.00,0.00,486.00,6725.00,0.00,0.00,185.00,928006.47,0.00
6.74,0.00,0.00,480.00,6731.00,0.00,0.00,185.00,919998.55,0.00
6.75,0.00,0.00,477.00,6734.00,0.00,0.00,185.00,912231.29,0.00
6.76,0.00,0.00,472.00,6739.00,0.00,0.00,185.00,904383.46,0.00
6.76,0.00,0.00,467.00,6744.00,0.00,0.00,185.00,896462.00,0.00
6.77,0.00,0.00,463.00,6748.00,0.00,0.00,185.00,888623.52,0.00
6.78,0.00,0.00,459.00,6752.00,0.00,0.00,185.00,880860.85,0.00
6.78,0.00,0.00,454.00,6757.00,0.00,0.00,185.00,873017.20,0.00
6.79,0.00,0.00,451.00,6760.00,0.00,0.00,185.00,865400.04,0.00
6.80,0.00,0.00,447.00,6764.00,0.00,0.00,185.00,857839.56,0.00
6.81,0.00,0.00,441.00,6770.00,0.00,0.00,185.00,850030.43,0.00
6.81,0.00,0.00,437.00,6774.00,0.00,0.00,185.00,842294.58,0.00
6.82,0.00,0.00,434.00,6777.00,0.00,0.00,185.00,834775.91,0.00
6.83,0.00,0.00,430.00,6781.00,0.00,0.00,185.00,827305.42,0.00
6.83,0.00,0.00,426.00,6785.00,0.00,0.00,185.00,819878.97,0.00
6.84,0.00,0.00,423.00,6788.00,0.00,0.00,185.00,812642.99,0.00
6.85,0.00,0.00,417.00,6794.00,0.00,0.00,185.00,805130.33,0.00
6.85,0.00,0.00,414.00,6797.00,0.00,0.00,185.00,797815.58,0.00
6.86,0.00,0.00,406.00,6805.00,0.00,0.00,185.00,789930.49,0.00
6.87,0.00,0.00,400.00,6811.00,0.00,0.00,185.00,781824.77,0.00
6.88,0.00,0.00,396.00,6815.00,0.00,0.00,185.00,773817.93,0.00
6.88,0.00,0.00,389.00,6822.00,0.00,0.00,185.00,765450.73,0.00
6.89,0.00,0.00,383.00,6828.00,0.00,0.00,185.00,756904.52,0.00
6.90,0.00,0.00,379.00,6832.00,0.00,0.00,185.00,748495.22,0.00
6.90,0.00,0.00,375.00,6836.00,0.00,0.00,185.00,740211.00,0.00
6.91,0.00,0.00,374.00,6837.00,0.00,0.00,185.00,732491.76,0.00
6.92,0.00,0.00,365.00,6846.00,0.00,0.00,185.00,724086.89,0.00
6.92,0.00,0.00,363.00,6848.00,0.00,0.00,185.00,716107.17,0.00
6.93,0.00,0.00,362.00,6849.00,0.00,0.00,185.00,708666.15,0.00
6.94,0.00,0.00,360.00,6851.00,0.00,0.00,185.00,701567.09,0.00
6.94,0.00,0.00,353.00,6858.00,0.00,0.00,185.00,694029.30,0.00
6.95,0.00,0.00,351.00,6860.00,0.00,0.00,185.00,686841.82,0.00
6.96,0.00,0.00,348.00,6863.00,0.00,0.00,185.00,679824.17,0.00
6.97,0.00,0.00,344.00,6867.00,0.00,0.00,185.00,672811.46,0.00
6.97,0.00,0.00,338.00,6873.00,0.00,0.00,185.00,665502.80,0.00
6.98,0.00,0.00,334.00,6877.00,0.00,0.00,185.00,658224.20,0.00
6.99,0.00,0.00,331.00,6880.00,0.00,0.00,185.00,651123.30,0.00
6.99,0.00,0.00,325.00,6886.00,0.00,0.00,185.00,643734.07,0.00
7.00,0.00,0.00,324.00,6887.00,0.00,0.00,185.00,636832.55,0.00
7.01,0.00,0.00,315.00,6896.00,0.00,0.00,185.00,629174.80,0.00
7.01,0.00,0.00,308.00,6903.00,0.00,0.00,185.00,621126.55,0.00
7.02,0.00,0.00,305.00,6906.00,0.00,0.00,185.00,613322.46,0.00
7.03,0.00,0.00,300.00,6911.00,0.00,0.00,185.00,605440.97,0.00
7.03,0.00,0.00,296.00,6915.00,0.00,0.00,185.00,597639.00,0.00
7.04,0.00,0.00,291.00,6920.00,0.00,0.00,185.00,589759.46,0.00
7.05,0.00,0.00,286.00,6925.00,0.00,0.00,185.00,581809.04,0.00
7.06,0.00,0.00,285.00,6926.00,0.00,0.00,185.00,574394.78,0.00
7.06,0.00,0.00,280.00,6931.00,0.00,0.00,185.00,566869.47,0.00
7.07,0.00,0.00,279.00,6932.00,0.00,0.00,185.00,559843.63,0.00
7.08,0.00,0.00,275.00,6936.00,0.00,0.00,185.00,552823.42,0.00
7.08,0.00,0.00,268.00,6943.00,0.00,0.00,185.00,545357.69,0.00
7.09,0.00,0.00,262.00,6949.00,0.00,0.00,185.00,537635.11,0.00
7.10,0.00,0.00,260.00,6951.00,0.00,0.00,185.00,530278.80,0.00
7.10,0.00,0.00,257.00,6954.00,0.00,0.00,185.00,523106.90,0.00
7.11,0.00,0.00,253.00,6958.00,0.00,0.00,185.00,515953.26,0.00
7.12,0.00,0.00,249.00,6962.00,0.00,0.00,185.00,508816.30,0.00
7.12,0.00,0.00,241.00,6970.00,0.00,0.00,185.00,501093.65,0.00
7.13,0.00,0.00,236.00,6975.00,0.00,0.00,185.00,493286.58,0.00
7.14,0.00,0.00,233.00,6978.00,0.00,0.00,185.00,485702.83,0.00
7.15,0.00,0.00,229.00,6982.00,0.00,0.00,185.00,478172.89,0.00
7.15,0.00,0.00,226.00,6985.00,0.00,0.00,185.00,470842.35,0.00
7.16,0.00,0.00,221.00,6990.00,0.00,0.00,185.00,463393.54,0.00
7.17,0.00,0.00,218.00,6993.00,0.00,0.00,185.00,456137.12,0.00
7.17,0.00,0.00,217.00,6994.00,0.00,0.00,185.00,449356.95,0.00
7.18,0.00,0.00,215.00,6996.00,0.00,0.00,185.00,442861.68,0.00
7.19,0.00,0.00,211.00,7000.00,0.00,0.00,185.00,436326.25,0.00
7.19,0.00,0.00,207.00,7004.00,0.00,0.00,185.00,429754.13,0.00
7.20,0.00,0.00,203.00,7008.00,0.00,0.00,185.00,423148.48,0.00
7.21,0.00,0.00,200.00,7011.00,0.00,0.00,185.00,416662.43,0.00
7.22,0.00,0.00,198.00,7013.00,0.00,0.00,185.00,410435.89,0.00
7.22,0.00,0.00,195.00,7016.00,0.00,0.00,185.00,404296.21,0.00
7.23,0.00,0.00,193.00,7018.00,0.00,0.00,185.00,398386.14,0.00
7.24,0.00,0.00,190.00,7021.00,0.00,0.00,185.00,392535.62,0.00
7.24,0.00,0.00,187.00,7024.00,0.00,0.00,185.00,386739.51,0.00
7.25,0.00,0.00,184.00,7027.00,0.00,0.00,185.00,380993.10,0.00
7.26,0.00,0.00,182.00,7029.00,0.00,0.00,185.00,375442.35,0.00
7.26,0.00,0.00,180.00,7031.00,0.00,0.00,185.00,370070.35,0.00
7.27,0.00,0.00,175.00,7036.00,0.00,0.00,185.00,364410.99,0.00
7.28,0.00,0.00,169.00,7042.00,0.00,0.00,185.00,358338.84,0.00
7.28,0.00,0.00,168.00,7043.00,0.00,0.00,185.00,352640.69,0.00
7.29,0.00,0.00,165.00,7046.00,0.00,0.00,185.00,346983.79,0.00
7.30,0.00,0.00,163.00,7048.00,0.00,0.00,185.00,341514.82,0.00
7.31,0.00,0.00,160.00,7051.00,0.00,0.00,185.00,336067.32,0.00
7.31,0.00,0.00,157.00,7054.00,0.00,0.00,185.00,330639.43,0.00
7.32,0.00,0.00,151.00,7060.00,0.00,0.00,185.00,324778.76,0.00
7.33,0.00,0.00,147.00,7064.00,0.00,0.00,185.00,318823.15,0.00
7.33,0.00,0.00,141.00,7070.00,0.00,0.00,185.00,312480.33,0.00
7.34,0.00,0.00,140.00,7071.00,0.00,0.00,185.00,306534.88,0.00
7.35,0.00,0.00,137.00,7074.00,0.00,0.00,185.00,300652.03,0.00
7.35,0.00,0.00,136.00,7075.00,0.00,0.00,185.00,295126.85,0.00
7.36,0.00,0.00,132.00,7079.00,0.00,0.00,185.00,289477.75,0.00
7.37,0.00,0.00,127.00,7084.00,0.00,0.00,185.00,283565.21,0.00
7.38,0.00,0.00,127.00,7084.00,0.00,0.00,185.00,278163.12,0.00
7.38,0.00,0.00,125.00,7086.00,0.00,0.00,185.00,272926.96,0.00
7.39,0.00,0.00,124.00,7087.00,0.00,0.00,185.00,267992.63,0.00
7.40,0.00,0.00,124.00,7087.00,0.00,0.00,185.00,263484.30,0.00
7.40,0.00,0.00,121.00,7090.00,0.00,0.00,185.00,258914.51,0.00
7.41,0.00,0.00,118.00,7093.00,0.00,0.00,185.00,254288.55,0.00
7.42,0.00,0.00,117.00,7094.00,0.00,0.00,185.00,249911.74,0.00
7.42,0.00,0.00,114.00,7097.00,0.00,0.00,185.00,245462.10,0.00
7.43,0.00,0.00,112.00,7099.00,0.00,0.00,185.00,241096.16,0.00
7.44,0.00,0.00,110.00,7101.00,0.00,0.00,185.00,236806.68,0.00
7.44,0.00,0.00,109.00,7102.00,0.00,0.00,185.00,232737.31,0.00
7.45,0.00,0.00,106.00,7105.00,0.00,0.00,185.00,228568.57,0.00
7.46,0.00,0.00,104.00,7107.00,0.00,0.00,185.00,224459.27,0.00
7.47,0.00,0.00,103.00,7108.00,0.00,0.00,185.00,220554.52,0.00
7.47,0.00,0.00,103.00,7108.00,0.00,0.00,185.00,216986.87,0.00
7.48,0.00,0.00,99.00,7112.00,0.00,0.00,185.00,213126.32,0.00
7.49,0.00,0.00,98.00,7113.00,0.00,0.00,185.00,209448.83,0.00
7.49,0.00,0.00,96.00,7115.00,0.00,0.00,185.00,205788.37,0.00
7.50,0.00,0.00,94.00,7117.00,0.00,0.00,185.00,202143.47,0.00
7.51,0.00,0.00,93.00,7118.00,0.00,0.00,185.00,198663.02,0.00
7.51,0.00,0.00,93.00,7118.00,0.00,0.00,185.00,195483.05,0.00
7.52,0.00,0.00,90.00,7121.00,0.00,0.00,185.00,192126.94,0.00
7.53,0.00,0.00,89.00,7122.00,0.00,0.00,185.00,188910.33,0.00
7.53,0.00,0.00,87.00,7124.00,0.00,0.00,185.00,185670.97,0.00
7.54,0.00,0.00,87.00,7124.00,0.00,0.00,185.00,182711.28,0.00
7.55,0.00,0.00,85.00,7126.00,0.00,0.00,185.00,179706.65,0.00
7.56,0.00,0.00,83.00,7128.00,0.00,0.00,185.00,176660.96,0.00
7.56,0.00,0.00,83.00,7128.00,0.00,0.00,185.00,173878.21,0.00
7.57,0.00,0.00,80.00,7131.00,0.00,0.00,185.00,170885.02,0.00
7.58,0.00,0.00,80.00,7131.00,0.00,0.00,185.00,168150.25,0.00
7.58,0.00,0.00,80.00,7131.00,0.00,0.00,185.00,165651.58,0.00
7.59,0.00,0.00,79.00,7132.00,0.00,0.00,185.00,163218.40,0.00
7.60,0.00,0.00,76.00,7135.00,0.00,0.00,185.00,160544.59,0.00
7.60,0.00,0.00,75.00,7136.00,0.00,0.00,185.00,157951.40,0.00
7.61,0.00,0.00,74.00,7137.00,0.00,0.00,185.00,155431.86,0.00
7.62,0.00,0.00,71.00,7140.00,0.00,0.00,185.00,152679.14,0.00
7.62,0.00,0.00,70.00,7141.00,0.00,0.00,185.00,150013.85,0.00
7.63,0.00,0.00,68.00,7143.00,0.00,0.00,185.00,147278.21,0.00
7.64,0.00,0.00,68.00,7143.00,0.00,0.00,185.00,144778.74,0.00
7.65,0.00,0.00,67.00,7144.00,0.00,0.00,185.00,142344.84,0.00
7.65,0.00,0.00,67.00,7144.00,0.00,0.00,185.00,140121.06,0.00
7.66,0.00,0.00,65.00,7146.00,0.00,0.00,185.00,137788.82,0.00
7.67,0.00,0.00,65.00,7146.00,0.00,0.00,185.00,135657.92,0.00
7.67,0.00,0.00,63.00,7148.00,0.00,0.00,185.00,133410.53,0.00
7.68,0.00,0.00,62.00,7149.00,0.00,0.00,185.00,131206.94,0.00
7.69,0.00,0.00,59.00,7152.00,0.00,0.00,185.00,128742.90,0.00
7.69,0.00,0.00,59.00,7152.00,0.00,0.00,185.00,126491.59,0.00
7.70,0.00,0.00,58.00,7153.00,0.00,0.00,185.00,124284.42,0.00
7.71,0.00,0.00,57.00,7154.00,0.00,0.00,185.00,122117.57,0.00
7.72,0.00,0.00,55.00,7156.00,0.00,0.00,185.00,119837.33,0.00
7.72,0.00,0.00,54.00,7157.00,0.00,0.00,185.00,117603.72,0.00
7.73,0.00,0.00,52.00,7159.00,0.00,0.00,185.00,115262.49,0.00
7.74,0.00,0.00,51.00,7160.00,0.00,0.00,185.00,112973.16,0.00
7.74,0.00,0.00,51.00,7160.00,0.00,0.00,185.00,110881.47,0.00
7.75,0.00,0.00,50.00,7161.00,0.00,0.00,185.00,108820.14,0.00
7.76,0.00,0.00,50.00,7161.00,0.00,0.00,185.00,106936.77,0.00
7.76,0.00,0.00,49.00,7162.00,0.00,0.00,185.00,105065.77,0.00
7.77,0.00,0.00,48.00,7163.00,0.00,0.00,185.00,103206.07,0.00
7.78,0.00,0.00,47.00,7164.00,0.00,0.00,185.00,101356.69,0.00
7.78,0.00,0.00,45.00,7166.00,0.00,0.00,185.00,99366.52,0.00
7.79,0.00,0.00,44.00,7167.00,0.00,0.00,185.00,97397.93,0.00
7.80,0.00,0.00,43.00,7168.00,0.00,0.00,185.00,95449.08,0.00
7.81,0.00,0.00,41.00,7170.00,0.00,0.00,185.00,93368.01,0.00
7.81,0.00,0.00,41.00,7170.00,0.00,0.00,185.00,91466.61,0.00
7.82,0.00,0.00,39.00,7172.00,0.00,0.00,185.00,89428.90,0.00
7.83,0.00,0.00,37.00,7174.00,0.00,0.00,185.00,87266.66,0.00
7.83,0.00,0.00,36.00,7175.00,0.00,0.00,185.00,85140.86,0.00
7.84,0.00,0.00,36.00,7175.00,0.00,0.00,185.00,83198.59,0.00
7.85,0.00,0.00,36.00,7175.00,0.00,0.00,185.00,81424.01,0.00
7.85,0.00,0.00,34.00,7177.00,0.00,0.00,185.00,79502.17,0.00
7.86,0.00,0.00,34.00,7177.00,0.00,0.00,185.00,77746.25,0.00
7.87,0.00,0.00,34.00,7177.00,0.00,0.00,185.00,76141.92,0.00
7.88,0.00,0.00,34.00,7177.00,0.00,0.00,185.00,74676.11,0.00
7.88,0.00,0.00,33.00,7178.00,0.00,0.00,185.00,73186.62,0.00
7.89,0.00,0.00,32.00,7179.00,0.00,0.00,185.00,71675.49,0.00
7.90,0.00,0.00,31.00,7180.00,0.00,0.00,185.00,70144.59,0.00
7.90,0.00,0.00,30.00,7181.00,0.00,0.00,185.00,68595.63,0.00
7.91,0.00,0.00,29.00,7182.00,0.00,0.00,185.00,67030.16,0.00
7.92,0.00,0.00,27.00,7184.00,0.00,0.00,185.00,65299.39,0.00
7.92,0.00,0.00,26.00,7185.00,0.00,0.00,185.00,63567.82,0.00
7.93,0.00,0.00,26.00,7185.00,0.00,0.00,185.00,61985.73,0.00
7.94,0.00,0.00,26.00,7185.00,0.00,0.00,185.00,60540.24,0.00
7.94,0.00,0.00,25.00,7186.00,0.00,0.00,185.00,59069.31,0.00
7.95,0.00,0.00,24.00,7187.00,0.00,0.00,185.00,57575.14,0.00
7.96,0.00,0.00,23.00,7188.00,0.00,0.00,185.00,56059.74,0.00
7.97,0.00,0.00,21.00,7190.00,0.00,0.00,185.00,54374.71,0.00
7.97,0.00,0.00,21.00,7190.00,0.00,0.00,185.00,52835.15,0.00
7.98,0.00,0.00,21.00,7190.00,0.00,0.00,185.00,51428.51,0.00
7.99,0.00,0.00,21.00,7190.00,0.00,0.00,185.00,50143.32,0.00
7.99,0.00,0.00,21.00,7190.00,0.00,0.00,185.00,48969.08,0.00
8.00,0.00,0.00,20.00,7191.00,0.00,0.00,185.00,47745.98,0.00
8.01,0.00,0.00,20.00,7191.00,0.00,0.00,185.00,46628.48,0.00
8.01,0.00,0.00,19.00,7192.00,0.00,0.00,185.00,45457.23,0.00
8.02,0.00,0.00,19.00,7192.00,0.00,0.00,185.00,44387.10,0.00
8.03,0.00,0.00,19.00,7192.00,0.00,0.00,185.00,43409.35,0.00
8.03,0.00,0.00,19.00,7192.00,0.00,0.00,185.00,42516.02,0.00
8.04,0.00,0.00,18.00,7193.00,0.00,0.00,185.00,41549.59,0.00
8.05,0.00,0.00,18.00,7193.00,0.00,0.00,185.00,40666.59,0.00
8.06,0.00,0.00,18.00,7193.00,0.00,0.00,185.00,39859.82,0.00
8.06,0.00,0.00,18.00,7193.00,0.00,0.00,185.00,39122.71,0.00
8.07,0.00,0.00,18.00,7193.00,0.00,0.00,185.00,38449.23,0.00
8.08,0.00,0.00,17.00,7194.00,0.00,0.00,185.00,37683.67,0.00
8.08,0.00,0.00,17.00,7194.00,0.00,0.00,185.00,36984.20,0.00
8.09,0.00,0.00,17.00,7194.00,0.00,0.00,185.00,36345.12,0.00
8.10,0.00,0.00,15.00,7196.00,0.00,0.00,185.00,35460.75,0.00
8.10,0.00,0.00,15.00,7196.00,0.00,0.00,185.00,34652.73,0.00
8.11,0.00,0.00,15.00,7196.00,0.00,0.00,185.00,33914.48,0.00
8.12,0.00,0.00,15.00,7196.00,0.00,0.00,185.00,33239.96,0.00
8.12,0.00,0.00,15.00,7196.00,0.00,0.00,185.00,32623.67,0.00
8.13,0.00,0.00,14.00,7197.00,0.00,0.00,185.00,31910.36,0.00
8.14,0.00,0.00,14.00,7197.00,0.00,0.00,185.00,31258.63,0.00
8.15,0.00,0.00,14.00,7197.00,0.00,0.00,185.00,30663.17,0.00
8.15,0.00,0.00,14.00,7197.00,0.00,0.00,185.00,30119.12,0.00
8.16,0.00,0.00,14.00,7197.00,0.00,0.00,185.00,29622.04,0.00
8.17,0.00,0.00,14.00,7197.00,0.00,0.00,185.00,29167.88,0.00
8.17,0.00,0.00,14.00,7197.00,0.00,0.00,185.00,28752.92,0.00
8.18,0.00,0.00,14.00,7197.00,0.00,0.00,185.00,28373.79,0.00
8.19,0.00,0.00,13.00,7198.00,0.00,0.00,185.00,27877.16,0.00
8.19,0.00,0.00,13.00,7198.00,0.00,0.00,185.00,27423.41,0.00
8.20,0.00,0.00,13.00,7198.00,0.00,0.00,185.00,27008.83,0.00
8.21,0.00,0.00,13.00,7198.00,0.00,0.00,185.00,26630.04,0.00
8.22,0.00,0.00,13.00,7198.00,0.00,0.00,185.00,26283.96,0.00
8.22,0.00,0.00,13.00,7198.00,0.00,0.00,185.00,25967.76,0.00
8.23,0.00,0.00,13.00,7198.00,0.00,0.00,185.00,25678.85,0.00
8.24,0.00,0.00,13.00,7198.00,0.00,0.00,185.00,25414.89,0.00
8.24,0.00,0.00,13.00,7198.00,0.00,0.00,185.00,25173.71,0.00
8.25,0.00,0.00,13.00,7198.00,0.00,0.00,185.00,24953.36,0.00
8.26,0.00,0.00,13.00,7198.00,0.00,0.00,185.00,24752.03,0.00
8.26,0.00,0.00,12.00,7199.00,0.00,0.00,185.00,24417.85,0.00
8.27,0.00,0.00,12.00,7199.00,0.00,0.00,185.00,24112.53,0.00
8.28,0.00,0.00,12.00,7199.00,0.00,0.00,185.00,23833.56,0.00
8.28,0.00,0.00,12.00,7199.00,0.00,0.00,185.00,23578.68,0.00
8.29,0.00,0.00,11.00,7200.00,0.00,0.00,185.00,23195.57,0.00
8.30,0.00,0.00,11.00,7200.00,0.00,0.00,185.00,22845.54,0.00
8.31,0.00,0.00,11.00,7200.00,0.00,0.00,185.00,22525.72,0.00
8.31,0.00,0.00,10.00,7201.00,0.00,0.00,185.00,22083.29,0.00
8.32,0.00,0.00,10.00,7201.00,0.00,0.00,185.00,21679.05,0.00
8.33,0.00,0.00,10.00,7201.00,0.00,0.00,185.00,21309.72,0.00
8.33,0.00,0.00,10.00,7201.00,0.00,0.00,185.00,20972.27,0.00
8.34,0.00,0.00,10.00,7201.00,0.00,0.00,185.00,20663.95,0.00
8.35,0.00,0.00,10.00,7201.00,0.00,0.00,185.00,20382.25,0.00
8.35,0.00,0.00,10.00,7201.00,0.00,0.00,185.00,20124.87,0.00
8.36,0.00,0.00,10.00,7201.00,0.00,0.00,185.00,19889.72,0.00
8.37,0.00,0.00,10.00,7201.00,0.00,0.00,185.00,19674.86,0.00
8.38,0.00,0.00,10.00,7201.00,0.00,0.00,185.00,19478.56,0.00
8.38,0.00,0.00,10.00,7201.00,0.00,0.00,185.00,19299.20,0.00
8.39,0.00,0.00,9.00,7202.00,0.00,0.00,185.00,18985.09,0.00
8.40,0.00,0.00,9.00,7202.00,0.00,0.00,185.00,18698.11,0.00
8.40,0.00,0.00,9.00,7202.00,0.00,0.00,185.00,18435.90,0.00
8.41,0.00,0.00,9.00,7202.00,0.00,0.00,185.00,18196.32,0.00
8.42,0.00,0.00,8.00,7203.00,0.00,0.00,185.00,17827.20,0.00
8.42,0.00,0.00,8.00,7203.00,0.00,0.00,185.00,17489.95,0.00
8.43,0.00,0.00,6.00,7205.00,0.00,0.00,185.00,16881.35,0.00
8.44,0.00,0.00,6.00,7205.00,0.00,0.00,185.00,16325.30,0.00
8.44,0.00,0.00,6.00,7205.00,0.00,0.00,185.00,15817.25,0.00
8.45,0.00,0.00,6.00,7205.00,0.00,0.00,185.00,15353.06,0.00
8.46,0.00,0.00,6.00,7205.00,0.00,0.00,185.00,14928.95,0.00
8.47,0.00,0.00,6.00,7205.00,0.00,0.00,185.00,14541.45,0.00
8.47,0.00,0.00,6.00,7205.00,0.00,0.00,185.00,14187.41,0.00
8.48,0.00,0.00,6.00,7205.00,0.00,0.00,185.00,13863.94,0.00
8.49,0.00,0.00,6.00,7205.00,0.00,0.00,185.00,13568.39,0.00
8.49,0.00,0.00,5.00,7206.00,0.00,0.00,185.00,13148.13,0.00
8.50,0.00,0.00,5.00,7206.00,0.00,0.00,185.00,12764.15,0.00
8.51,0.00,0.00,5.00,7206.00,0.00,0.00,185.00,12413.32,0.00
8.51,0.00,0.00,4.00,7207.00,0.00,0.00,185.00,11942.55,0.00
8.52,0.00,0.00,3.00,7208.00,0.00,0.00,185.00,11362.18,0.00
8.53,0.00,0.00,3.00,7208.00,0.00,0.00,185.00,10831.93,0.00
8.53,0.00,0.00,3.00,7208.00,0.00,0.00,185.00,10347.45,0.00
8.54,0.00,0.00,3.00,7208.00,0.00,0.00,185.00,9904.80,0.00
8.55,0.00,0.00,3.00,7208.00,0.00,0.00,185.00,9500.37,0.00
8.56,0.00,0.00,3.00,7208.00,0.00,0.00,185.00,9130.86,0.00
8.56,0.00,0.00,3.00,7208.00,0.00,0.00,185.00,8793.24,0.00
8.57,0.00,0.00,3.00,7208.00,0.00,0.00,185.00,8484.78,0.00
8.58,0.00,0.00,3.00,7208.00,0.00,0.00,185.00,8202.94,0.00
8.58,0.00,0.00,3.00,7208.00,0.00,0.00,185.00,7945.44,0.00
8.59,0.00,0.00,3.00,7208.00,0.00,0.00,185.00,7710.17,0.00
8.60,0.00,0.00,3.00,7208.00,0.00,0.00,185.00,7495.21,0.00
8.60,0.00,0.00,3.00,7208.00,0.00,0.00,185.00,7298.81,0.00
8.61,0.00,0.00,3.00,7208.00,0.00,0.00,185.00,7119.36,0.00
8.62,0.00,0.00,3.00,7208.00,0.00,0.00,185.00,6955.41,0.00
8.62,0.00,0.00,3.00,7208.00,0.00,0.00,185.00,6805.61,0.00
8.63,0.00,0.00,3.00,7208.00,0.00,0.00,185.00,6668.75,0.00
8.64,0.00,0.00,2.00,7209.00,0.00,0.00,185.00,6393.47,0.00
8.65,0.00,0.00,2.00,7209.00,0.00,0.00,185.00,6141.95,0.00
8.65,0.00,0.00,2.00,7209.00,0.00,0.00,185.00,5912.15,0.00
8.66,0.00,0.00,2.00,7209.00,0.00,0.00,185.00,5702.19,0.00
8.67,0.00,0.00,2.00,7209.00,0.00,0.00,185.00,5510.36,0.00
8.67,0.00,0.00,2.00,7209.00,0.00,0.00,185.00,5335.09,0.00
8.68,0.00,0.00,2.00,7209.00,0.00,0.00,185.00,5174.95,0.00
8.69,0.00,0.00,2.00,7209.00,0.00,0.00,185.00,5028.63,0.00
8.69,0.00,0.00,2.00,7209.00,0.00,0.00,185.00,4894.95,0.00
8.70,0.00,0.00,2.00,7209.00,0.00,0.00,185.00,4772.81,0.00
8.71,0.00,0.00,2.00,7209.00,0.00,0.00,185.00,4661.22,0.00
8.72,0.00,0.00,2.00,7209.00,0.00,0.00,185.00,4559.25,0.00
8.72,0.00,0.00,2.00,7209.00,0.00,0.00,185.00,4466.10,0.00
8.73,0.00,0.00,2.00,7209.00,0.00,0.00,185.00,4380.98,0.00
8.74,0.00,0.00,2.00,7209.00,0.00,0.00,185.00,4303.21,0.00
8.74,0.00,0.00,2.00,7209.00,0.00,0.00,185.00,4232.16,0.00
8.75,0.00,0.00,2.00,7209.00,0.00,0.00,185.00,4167.24,0.00
8.76,0.00,0.00,2.00,7209.00,0.00,0.00,185.00,4107.93,0.00
8.76,0.00,0.00,2.00,7209.00,0.00,0.00,185.00,4053.74,0.00
8.77,0.00,0.00,2.00,7209.00,0.00,0.00,185.00,4004.22,0.00
8.78,0.00,0.00,2.00,7209.00,0.00,0.00,185.00,3958.98,0.00
8.78,0.00,0.00,2.00,7209.00,0.00,0.00,185.00,3917.65,0.00
8.79,0.00,0.00,2.00,7209.00,0.00,0.00,185.00,3879.88,0.00
8.80,0.00,0.00,2.00,7209.00,0.00,0.00,185.00,3845.38,0.00
8.81,0.00,0.00,2.00,7209.00,0.00,0.00,185.00,3813.85,0.00
8.81,0.00,0.00,2.00,7209.00,0.00,0.00,185.00,3785.05,0.00
8.82,0.00,0.00,2.00,7209.00,0.00,0.00,185.00,3758.73,0.00
8.83,0.00,0.00,2.00,7209.00,0.00,0.00,185.00,3734.68,0.00
8.83,0.00,0.00,2.00,7209.00,0.00,0.00,185.00,3712.71,0.00
8.84,0.00,0.00,2.00,7209.00,0.00,0.00,185.00,3692.64,0.00
8.85,0.00,0.00,2.00,7209.00,0.00,0.00,185.00,3674.30,0.00
8.85,0.00,0.00,2.00,7209.00,0.00,0.00,185.00,3657.55,0.00
8.86,0.00,0.00,2.00,7209.00,0.00,0.00,185.00,3642.24,0.00
8.87,0.00,0.00,2.00,7209.00,0.00,0.00,185.00,3628.25,0.00
8.88,0.00,0.00,2.00,7209.00,0.00,0.00,185.00,3615.47,0.00
8.88,0.00,0.00,2.00,7209.00,0.00,0.00,185.00,3603.79,0.00
8.89,0.00,0.00,2.00,7209.00,0.00,0.00,185.00,3593.12,0.00
8.90,0.00,0.00,2.00,7209.00,0.00,0.00,185.00,3583.38,0.00
8.90,0.00,0.00,2.00,7209.00,0.00,0.00,185.00,3574.47,0.00
8.91,0.00,0.00,2.00,7209.00,0.00,0.00,185.00,3566.33,0.00
8.92,0.00,0.00,2.00,7209.00,0.00,0.00,185.00,3558.90,0.00
8.92,0.00,0.00,2.00,7209.00,0.00,0.00,185.00,3552.10,0.00
8.93,0.00,0.00,2.00,7209.00,0.00,0.00,185.00,3545.90,0.00
8.94,0.00,0.00,2.00,7209.00,0.00,0.00,185.00,3540.23,0.00
8.94,0.00,0.00,2.00,7209.00,0.00,0.00,185.00,3535.05,0.00
8.95,0.00,0.00,2.00,7209.00,0.00,0.00,185.00,3530.31,0.00
8.96,0.00,0.00,2.00,7209.00,0.00,0.00,185.00,3525.99,0.00
8.97,0.00,0.00,2.00,7209.00,0.00,0.00,185.00,3522.04,0.00
8.97,0.00,0.00,2.00,7209.00,0.00,0.00,185.00,3518.43,0.00
8.98,0.00,0.00,2.00,7209.00,0.00,0.00,185.00,3515.13,0.00
8.99,0.00,0.00,2.00,7209.00,0.00,0.00,185.00,3512.11,0.00
8.99,0.00,0.00,2.00,7209.00,0.00,0.00,185.00,3509.36,0.00
9.00,0.00,0.00,1.00,7210.00,0.00,0.00,185.00,3356.61,0.00
9.01,0.00,0.00,1.00,7210.00,0.00,0.00,185.00,3217.05,0.00
9.01,0.00,0.00,1.00,7210.00,0.00,0.00,185.00,3089.54,0.00
9.02,0.00,0.00,1.00,7210.00,0.00,0.00,185.00,2973.04,0.00
9.03,0.00,0.00,1.00,7210.00,0.00,0.00,185.00,2866.59,0.00
9.03,0.00,0.00,1.00,7210.00,0.00,0.00,185.00,2769.34,0.00
9.04,0.00,0.00,1.00,7210.00,0.00,0.00,185.00,2680.48,0.00
9.05,0.00,0.00,1.00,7210.00,0.00,0.00,185.00,2599.29,0.00
9.06,0.00,0.00,1.00,7210.00,0.00,0.00,185.00,2525.11,0.00
9.06,0.00,0.00,1.00,7210.00,0.00,0.00,185.00,2457.34,0.00
9.07,0.00,0.00,1.00,7210.00,0.00,0.00,185.00,2395.42,0.00
9.08,0.00,0.00,1.00,7210.00,0.00,0.00,185.00,2338.84,0.00
9.08,0.00,0.00,1.00,7210.00,0.00,0.00,185.00,2287.15,0.00
9.09,0.00,0.00,1.00,7210.00,0.00,0.00,185.00,2239.92,0.00
9.10,0.00,0.00,1.00,7210.00,0.00,0.00,185.00,2196.77,0.00
9.10,0.00,0.00,1.00,7210.00,0.00,0.00,185.00,2157.35,0.00
9.11,0.00,0.00,1.00,7210.00,0.00,0.00,185.00,2121.32,0.00
9.12,0.00,0.00,1.00,7210.00,0.00,0.00,185.00,2088.41,0.00
9.12,0.00,0.00,1.00,7210.00,0.00,0.00,185.00,2058.34,0.00
9.13,0.00,0.00,0.00,7211.00,0.00,0.00,185.00,1880.64,0.00
9.14,0.00,0.00,0.00,7211.00,0.00,0.00,185.00,1718.27,0.00
9.15,0.00,0.00,0.00,7211.00,0.00,0.00,185.00,1569.92,0.00
9.15,0.00,0.00,0.00,7211.00,0.00,0.00,185.00,1434.39,0.00
9.16,0.00,0.00,0.00,7211.00,0.00,0.00,185.00,1310.55,0.00
9.17,0.00,0.00,0.00,7211.00,0.00,0.00,185.00,1197.40,0.00
9.17,0.00,0.00,0.00,7211.00,0.00,0.00,185.00,1094.03,0.00
9.18,0.00,0.00,0.00,7211.00,0.00,0.00,185.00,999.57,0.00
9.19,0.00,0.00,0.00,7211.00,0.00,0.00,185.00,913.28,0.00
9.19,0.00,0.00,0.00,7211.00,0.00,0.00,185.00,834.43,0.00
9.20,0.00,0.00,0.00,7211.00,0.00,0.00,185.00,762.39,0.00
9.21,0.00,0.00,0.00,7211.00,0.00,0.00,185.00,696.57,0.00
9.22,0.00,0.00,0.00,7211.00,0.00,0.00,185.00,636.43,0.00
9.22,0.00,0.00,0.00,7211.00,0.00,0.00,185.00,581.48,0.00
9.23,0.00,0.00,0.00,7211.00,0.00,0.00,185.00,531.28,0.00
9.24,0.00,0.00,0.00,7211.00,0.00,0.00,185.00,485.41,0.00
9.24,0.00,0.00,0.00,7211.00,0.00,0.00,185.00,443.51,0.00
9.25,0.00,0.00,0.00,7211.00,0.00,0.00,185.00,405.22,0.00
9.26,0.00,0.00,0.00,7211.00,0.00,0.00,185.00,370.23,0.00
9.26,0.00,0.00,0.00,7211.00,0.00,0.00,185.00,338.27,0.00
9.27,0.00,0.00,0.00,7211.00,0.00,0.00,185.00,309.06,0.00
9.28,0.00,0.00,0.00,7211.00,0.00,0.00,185.00,282.38,0.00
9.28,0.00,0.00,0.00,7211.00,0.00,0.00,185.00,258.00,0.00
9.29,0.00,0.00,0.00,7211.00,0.00,0.00,185.00,235.73,0.00
9.30,0.00,0.00,0.00,7211.00,0.00,0.00,185.00,215.38,0.00
9.31,0.00,0.00,0.00,7211.00,0.00,0.00,185.00,196.78,0.00
9.31,0.00,0.00,0.00,7211.00,0.00,0.00,185.00,179.79,0.00
9.32,0.00,0.00,0.00,7211.00,0.00,0.00,185.00,164.27,0.00
9.33,0.00,0.00,0.00,7211.00,0.00,0.00,185.00,150.09,0.00
9.33,0.00,0.00,0.00,7211.00,0.00,0.00,185.00,137.13,0.00
9.34,0.00,0.00,0.00,7211.00,0.00,0.00,185.00,125.29,0.00
9.35,0.00,0.00,0.00,7211.00,0.00,0.00,185.00,114.47,0.00
9.35,0.00,0.00,0.00,7211.00,0.00,0.00,185.00,104.59,0.00
9.36,0.00,0.00,0.00,7211.00,0.00,0.00,185.00,95.56,0.00
9.37,0.00,0.00,0.00,7211.00,0.00,0.00,185.00,87.31,0.00
9.38,0.00,0.00,0.00,7211.00,0.00,0.00,185.00,79.77,0.00
9.38,0.00,0.00,0.00,7211.00,0.00,0.00,185.00,72.89,0.00
9.39,0.00,0.00,0.00,7211.00,0.00,0.00,185.00,66.59,0.00
9.40,0.00,0.00,0.00,7211.00,0.00,0.00,185.00,60.84,0.00
9.40,0.00,0.00,0.00,7211.00,0.00,0.00,185.00,55.59,0.00
9.41,0.00,0.00,0.00,7211.00,0.00,0.00,185.00,50.79,0.00
9.42,0.00,0.00,0.00,7211.00,0.00,0.00,185.00,46.41,0.00
9.42,0.00,0.00,0.00,7211.00,0.00,0.00,185.00,42.40,0.00
9.43,0.00,0.00,0.00,7211.00,0.00,0.00,185.00,38.74,0.00
9.44,0.00,0.00,0.00,7211.00,0.00,0.00,185.00,35.40,0.00
9.44,0.00,0.00,0.00,7211.00,0.00,0.00,185.00,32.34,0.00
9.45,0.00,0.00,0.00,7211.00,0.00,0.00,185.00,29.55,0.00
9.46,0.00,0.00,0.00,7211.00,0.00,0.00,185.00,27.00,0.00
9.47,0.00,0.00,0.00,7211.00,0.00,0.00,185.00,24.67,0.00
9.47,0.00,0.00,0.00,7211.00,0.00,0.00,185.00,22.54,0.00
9.48,0.00,0.00,0.00,7211.00,0.00,0.00,185.00,20.59,0.00
9.49,0.00,0.00,0.00,7211.00,0.00,0.00,185.00,18.81,0.00
9.49,0.00,0.00,0.00,7211.00,0.00,0.00,185.00,17.19,0.00
9.50,0.00,0.00,0.00,7211.00,0.00,0.00,185.00,15.70,0.00
9.51,0.00,0.00,0.00,7211.00,0.00,0.00,185.00,14.35,0.00
9.51,0.00,0.00,0.00,7211.00,0.00,0.00,185.00,13.11,0.00
9.52,0.00,0.00,0.00,7211.00,0.00,0.00,185.00,11.98,0.00
9.53,0.00,0.00,0.00,7211.00,0.00,0.00,185.00,10.94,0.00
9.53,0.00,0.00,0.00,7211.00,0.00,0.00,185.00,10.00,0.00
9.54,0.00,0.00,0.00,7211.00,0.00,0.00,185.00,9.14,0.00
9.55,0.00,0.00,0.00,7211.00,0.00,0.00,185.00,8.35,0.00
9.56,0.00,0.00,0.00,7211.00,0.00,0.00,185.00,7.63,0.00
9.56,0.00,0.00,0.00,7211.00,0.00,0.00,185.00,6.97,0.00
9.57,0.00,0.00,0.00,7211.00,0.00,0.00,185.00,6.37,0.00
9.58,0.00,0.00,0.00,7211.00,0.00,0.00,185.00,5.82,0.00
9.58,0.00,0.00,0.00,7211.00,0.00,0.00,185.00,5.31,0.00
9.59,0.00,0.00,0.00,7211.00,0.00,0.00,185.00,4.86,0.00
9.60,0.00,0.00,0.00,7211.00,0.00,0.00,185.00,4.44,0.00
9.60,0.00,0.00,0.00,7211.00,0.00,0.00,185.00,4.05,0.00
9.61,0.00,0.00,0.00,7211.00,0.00,0.00,185.00,3.70,0.00
9.62,0.00,0.00,0.00,7211.00,0.00,0.00,185.00,3.38,0.00
9.62,0.00,0.00,0.00,7211.00,0.00,0.00,185.00,3.09,0.00
9.63,0.00,0.00,0.00,7211.00,0.00,0.00,185.00,2.82,0.00
9.64,0.00,0.00,0.00,7211.00,0.00,0.00,185.00,2.58,0.00
9.65,0.00,0.00,0.00,7211.00,0.00,0.00,185.00,2.36,0.00
9.65,0.00,0.00,0.00,7211.00,0.00,0.00,185.00,2.15,0.00
9.66,0.00,0.00,0.00,7211.00,0.00,0.00,185.00,1.97,0.00
9.67,0.00,0.00,0.00,7211.00,0.00,0.00,185.00,1.80,0.00
9.67,0.00,0.00,0.00,7211.00,0.00,0.00,185.00,1.64,0.00
9.68,0.00,0.00,0.00,7211.00,0.00,0.00,185.00,1.50,0.00
9.69,0.00,0.00,0.00,7211.00,0.00,0.00,185.00,1.37,0.00
9.69,0.00,0.00,0.00,7211.00,0.00,0.00,185.00,1.25,0.00
9.70,0.00,0.00,0.00,7211.00,0.00,0.00,185.00,1.15,0.00
9.71,0.00,0.00,0.00,7211.00,0.00,0.00,185.00,1.05,0.00
9.72,0.00,0.00,0.00,7211.00,0.00,0.00,185.00,0.96,0.00
9.72,0.00,0.00,0.00,7211.00,0.00,0.00,185.00,0.87,0.00
9.73,0.00,0.00,0.00,7211.00,0.00,0.00,185.00,0.80,0.00
9.74,0.00,0.00,0.00,7211.00,0.00,0.00,185.00,0.73,0.00
9.74,0.00,0.00,0.00,7211.00,0.00,0.00,185.00,0.67,0.00
9.75,0.00,0.00,0.00,7211.00,0.00,0.00,185.00,0.61,0.00
9.76,0.00,0.00,0.00,7211.00,0.00,0.00,185.00,0.56,0.00
9.76,0.00,0.00,0.00,7211.00,0.00,0.00,185.00,0.51,0.00
9.77,0.00,0.00,0.00,7211.00,0.00,0.00,185.00,0.46,0.00
9.78,0.00,0.00,0.00,7211.00,0.00,0.00,185.00,0.42,0.00
9.78,0.00,0.00,0.00,7211.00,0.00,0.00,185.00,0.39,0.00
9.79,0.00,0.00,0.00,7211.00,0.00,0.00,185.00,0.35,0.00
9.80,0.00,0.00,0.00,7211.00,0.00,0.00,185.00,0.32,0.00
9.81,0.00,0.00,0.00,7211.00,0.00,0.00,185.00,0.30,0.00
9.81,0.00,0.00,0.00,7211.00,0.00,0.00,185.00,0.27,0.00
9.82,0.00,0.00,0.00,7211.00,0.00,0.00,185.00,0.25,0.00
9.83,0.00,0.00,0.00,7211.00,0.00,0.00,185.00,0.23,0.00
9.83,0.00,0.00,0.00,7211.00,0.00,0.00,185.00,0.21,0.00
9.84,0.00,0.00,0.00,7211.00,0.00,0.00,185.00,0.19,0.00
9.85,0.00,0.00,0.00,7211.00,0.00,0.00,185.00,0.17,0.00
9.85,0.00,0.00,0.00,7211.00,0.00,0.00,185.00,0.16,0.00
9.86,0.00,0.00,0.00,7211.00,0.00,0.00,185.00,0.14,0.00
9.87,0.00,0.00,0.00,7211.00,0.00,0.00,185.00,0.13,0.00
9.88,0.00,0.00,0.00,7211.00,0.00,0.00,185.00,0.12,0.00
9.88,0.00,0.00,0.00,7211.00,0.00,0.00,185.00,0.11,0.00
9.89,0.00,0.00,0.00,7211.00,0.00,0.00,185.00,0.10,0.00
9.90,0.00,0.00,0.00,7211.00,0.00,0.00,185.00,0.09,0.00
9.90,0.00,0.00,0.00,7211.00,0.00,0.00,185.00,0.08,0.00
9.91,0.00,0.00,0.00,7211.00,0.00,0.00,185.00,0.08,0.00
9.92,0.00,0.00,0.00,7211.00,0.00,0.00,185.00,0.07,0.00
9.92,0.00,0.00,0.00,7211.00,0.00,0.00,185.00,0.06,0.00
9.93,0.00,0.00,0.00,7211.00,0.00,0.00,185.00,0.06,0.00
9.94,0.00,0.00,0.00,7211.00,0.00,0.00,185.00,0.05,0.00
9.94,0.00,0.00,0.00,7211.00,0.00,0.00,185.00,0.05,0.00
9.95,0.00,0.00,0.00,7211.00,0.00,0.00,185.00,0.04,0.00
9.96,0.00,0.00,0.00,7211.00,0.00,0.00,185.00,0.04,0.00
9.97,0.00,0.00,0.00,7211.00,0.00,0.00,185.00,0.04,0.00
9.97,0.00,0.00,0.00,7211.00,0.00,0.00,185.00,0.03,0.00
9.98,0.00,0.00,0.00,7211.00,0.00,0.00,185.00,0.03,0.00
9.99,0.00,0.00,0.00,7211.00,0.00,0.00,185.00,0.03,0.00
9.99,0.00,0.00,0.00,7211.00,0.00,0.00,185.00,0.03,0.00
