Time,U,AI1,AI2,AD,BI2,BI2,BD,VA,VB
0.00,7394.00,1.00,0.00,0.00,0.00,1.00,0.00,75.00,90.02
0.01,7392.00,3.00,0.00,0.00,0.00,1.00,0.00,68.23,97.21
0.01,7389.00,4.00,0.00,0.00,2.00,1.00,0.00,62.07,103.77
0.02,7386.00,4.00,0.00,0.00,5.00,1.00,0.00,56.47,109.75
0.03,7384.00,5.00,0.00,0.00,6.00,1.00,0.00,51.37,115.22
0.03,7382.00,5.00,0.00,0.00,7.00,2.00,0.00,46.73,135.23
0.04,7381.00,5.00,0.00,0.00,8.00,2.00,0.00,42.51,153.50
0.05,7379.00,4.00,1.00,0.00,10.00,2.00,0.00,38.82,170.18
0.06,7378.00,4.00,1.00,0.00,11.00,2.00,0.00,35.47,185.41
0.06,7374.00,4.00,1.00,0.00,14.00,3.00,0.00,32.42,214.34
0.07,7370.00,4.00,1.00,0.00,18.00,3.00,0.00,29.64,240.74
0.08,7367.00,5.00,1.00,0.00,20.00,3.00,0.00,27.12,264.85
0.08,7364.00,5.00,1.00,0.00,23.00,3.00,0.00,24.82,286.86
0.09,7363.00,5.00,1.00,0.00,24.00,3.00,0.00,22.73,306.95
0.10,7361.00,5.00,1.00,0.00,26.00,2.00,1.00,20.83,310.27
0.10,7358.00,6.00,2.00,0.00,27.00,2.00,1.00,19.25,313.29
0.11,7357.00,6.00,2.00,0.00,28.00,2.00,1.00,17.81,316.06
0.12,7354.00,6.00,3.00,0.00,29.00,3.00,1.00,16.65,333.61
0.12,7352.00,7.00,3.00,0.00,29.00,4.00,1.00,15.60,364.65
0.13,7351.00,7.00,3.00,0.00,29.00,5.00,1.00,14.64,408.02
0.14,7351.00,7.00,3.00,0.00,29.00,5.00,1.00,13.77,447.60
0.15,7347.00,7.00,3.00,0.00,33.00,5.00,1.00,12.98,483.74
0.15,7342.00,7.00,3.00,0.00,37.00,6.00,1.00,12.26,531.76
0.16,7337.00,7.00,3.00,0.00,41.00,6.00,2.00,11.60,575.59
0.17,7333.00,7.00,2.00,1.00,44.00,7.00,2.00,10.85,630.64
0.17,7333.00,7.00,2.00,1.00,42.00,8.00,3.00,10.18,695.91
0.18,7331.00,6.00,3.00,1.00,44.00,8.00,3.00,9.71,755.50
0.19,7329.00,5.00,4.00,1.00,46.00,8.00,3.00,9.43,809.90
0.19,7325.00,6.00,4.00,1.00,48.00,9.00,3.00,9.18,874.58
0.20,7321.00,6.00,4.00,1.00,49.00,12.00,3.00,8.95,978.70
0.21,7317.00,6.00,4.00,1.00,51.00,14.00,3.00,8.75,1103.81
0.22,7315.00,5.00,5.00,1.00,52.00,15.00,3.00,8.71,1233.04
0.22,7307.00,5.00,5.00,1.00,56.00,19.00,3.00,8.67,1411.11
0.23,7303.00,5.00,4.00,2.00,59.00,20.00,3.00,8.49,1588.70
0.24,7300.00,5.00,4.00,2.00,61.00,21.00,3.00,8.33,1765.85
0.24,7297.00,5.00,4.00,2.00,63.00,22.00,3.00,8.17,1942.59
0.25,7291.00,5.00,4.00,2.00,65.00,26.00,3.00,8.04,2164.04
0.26,7280.00,5.00,4.00,2.00,76.00,25.00,4.00,7.91,2351.18
0.26,7271.00,4.00,5.00,2.00,81.00,29.00,4.00,7.95,2582.12
0.27,7265.00,4.00,5.00,2.00,82.00,34.00,4.00,7.98,2868.07
0.28,7262.00,4.00,5.00,2.00,83.00,35.00,5.00,8.01,3144.14
0.28,7252.00,4.00,5.00,2.00,93.00,35.00,5.00,8.04,3396.17
0.29,7236.00,4.00,5.00,2.00,107.00,37.00,5.00,8.07,3656.30
0.30,7228.00,4.00,5.00,2.00,112.00,39.00,6.00,8.09,3923.82
0.31,7213.00,4.00,5.00,2.00,123.00,42.00,7.00,8.11,4213.13
0.31,7209.00,4.00,4.00,3.00,124.00,43.00,9.00,7.98,4492.26
0.32,7192.00,4.00,4.00,3.00,138.00,43.00,12.00,7.86,4747.08
0.33,7178.00,4.00,4.00,3.00,149.00,45.00,13.00,7.75,5009.77
0.33,7164.00,4.00,4.00,3.00,162.00,45.00,14.00,7.65,5249.58
0.34,7153.00,4.00,4.00,3.00,170.00,47.00,15.00,7.56,5498.55
0.35,7142.00,4.00,4.00,3.00,176.00,51.00,16.00,7.48,5785.94
0.35,7124.00,4.00,4.00,3.00,185.00,58.00,18.00,7.41,6153.46
0.36,7112.00,4.00,4.00,3.00,189.00,64.00,20.00,7.34,6579.13
0.37,7096.00,4.00,4.00,3.00,201.00,66.00,22.00,7.28,6997.77
0.38,7081.00,4.00,4.00,3.00,206.00,76.00,22.00,7.22,7530.19
0.38,7066.00,3.00,5.00,3.00,210.00,86.00,23.00,7.32,8166.48
0.39,7049.00,3.00,5.00,3.00,222.00,91.00,23.00,7.41,8822.48
0.40,7031.00,3.00,5.00,3.00,230.00,100.00,24.00,7.49,9556.57
0.40,7013.00,3.00,5.00,3.00,242.00,105.00,25.00,7.57,10301.85
0.41,6997.00,3.00,4.00,4.00,245.00,114.00,29.00,7.49,11117.44
0.42,6979.00,3.00,4.00,4.00,259.00,117.00,30.00,7.41,11907.08
0.42,6955.00,3.00,4.00,4.00,277.00,120.00,33.00,7.34,12673.04
0.43,6934.00,3.00,4.00,4.00,291.00,124.00,36.00,7.28,13432.39
0.44,6911.00,3.00,3.00,5.00,304.00,133.00,37.00,7.07,14260.82
0.44,6886.00,2.00,4.00,5.00,320.00,139.00,40.00,7.04,15107.26
0.45,6860.00,2.00,4.00,5.00,338.00,146.00,41.00,7.00,15985.16
0.46,6827.00,2.00,4.00,5.00,363.00,152.00,43.00,6.97,16876.75
0.47,6803.00,2.00,4.00,5.00,372.00,163.00,47.00,6.94,17855.96
0.47,6769.00,2.00,4.00,5.00,398.00,169.00,49.00,6.92,18840.04
0.48,6740.00,2.00,5.00,5.00,417.00,177.00,50.00,7.04,19858.62
0.49,6707.00,2.00,4.00,6.00,442.00,184.00,51.00,7.01,20893.67
0.49,6676.00,2.00,4.00,6.00,454.00,199.00,55.00,6.98,22063.93
0.50,6638.00,2.00,3.00,7.00,473.00,214.00,59.00,6.80,23357.64
0.51,6593.00,2.00,3.00,7.00,502.00,228.00,61.00,6.63,24749.02
0.51,6559.00,2.00,3.00,7.00,520.00,241.00,64.00,6.49,26214.55
0.52,6521.00,2.00,3.00,7.00,541.00,257.00,65.00,6.35,27792.84
0.53,6494.00,2.00,3.00,7.00,556.00,265.00,69.00,6.23,29353.88
0.53,6450.00,2.00,3.00,7.00,583.00,281.00,70.00,6.12,31019.36
0.54,6413.00,2.00,3.00,7.00,598.00,300.00,73.00,6.02,32825.25
0.55,6381.00,2.00,3.00,7.00,610.00,315.00,78.00,5.92,34699.25
0.56,6345.00,2.00,3.00,7.00,634.00,325.00,80.00,5.84,36560.29
0.56,6301.00,1.00,3.00,8.00,653.00,343.00,87.00,5.76,38529.70
0.57,6260.00,1.00,3.00,8.00,674.00,360.00,90.00,5.69,40583.01
0.58,6219.00,1.00,3.00,8.00,690.00,384.00,91.00,5.63,42818.09
0.58,6175.00,1.00,3.00,8.00,709.00,406.00,94.00,5.57,45189.05
0.59,6132.00,1.00,3.00,8.00,736.00,417.00,99.00,5.52,47518.81
0.60,6083.00,1.00,2.00,9.00,766.00,431.00,104.00,5.32,49856.03
0.60,6038.00,1.00,2.00,9.00,790.00,450.00,106.00,5.14,52275.17
0.61,5984.00,1.00,2.00,9.00,822.00,467.00,111.00,4.98,54739.06
0.62,5941.00,1.00,2.00,9.00,847.00,479.00,117.00,4.83,57168.68
0.62,5898.00,1.00,2.00,9.00,863.00,500.00,123.00,4.69,59702.22
0.63,5836.00,1.00,2.00,9.00,898.00,523.00,127.00,4.57,62360.68
0.64,5789.00,1.00,2.00,9.00,921.00,541.00,133.00,4.46,65058.08
0.65,5740.00,1.00,2.00,9.00,938.00,564.00,142.00,4.36,67866.12
0.65,5699.00,1.00,2.00,9.00,951.00,588.00,146.00,4.26,70790.21
0.66,5626.00,1.00,2.00,9.00,996.00,613.00,149.00,4.18,73835.26
0.67,5556.00,1.00,2.00,9.00,1037.00,636.00,155.00,4.10,76960.68
0.67,5495.00,1.00,2.00,9.00,1069.00,661.00,159.00,4.03,80189.54
0.68,5445.00,1.00,1.00,10.00,1080.00,691.00,168.00,3.82,83587.94
0.69,5393.00,1.00,1.00,10.00,1097.00,720.00,174.00,3.62,87126.08
0.69,5349.00,0.00,2.00,10.00,1112.00,747.00,176.00,3.60,90761.77
0.70,5291.00,0.00,2.00,10.00,1130.00,776.00,187.00,3.57,94516.54
0.71,5241.00,0.00,2.00,10.00,1155.00,797.00,191.00,3.55,98259.85
0.72,5188.00,0.00,2.00,10.00,1162.00,834.00,200.00,3.53,102233.06
0.72,5128.00,0.00,2.00,10.00,1194.00,859.00,203.00,3.51,106235.88
0.73,5078.00,0.00,2.00,10.00,1205.00,893.00,208.00,3.50,110400.93
0.74,5024.00,0.00,2.00,10.00,1223.00,921.00,216.00,3.48,114623.96
0.74,4970.00,0.00,2.00,10.00,1242.00,952.00,220.00,3.47,118944.98
0.75,4899.00,0.00,2.00,10.00,1274.00,989.00,222.00,3.45,123445.59
0.76,4843.00,0.00,2.00,10.00,1300.00,1011.00,230.00,3.44,127884.82
0.76,4795.00,0.00,2.00,10.00,1309.00,1041.00,239.00,3.43,132388.20
0.77,4748.00,0.00,2.00,10.00,1310.00,1082.00,244.00,3.42,137115.38
0.78,4687.00,0.00,2.00,10.00,1332.00,1112.00,253.00,3.41,141881.64
0.78,4635.00,0.00,1.00,11.00,1346.00,1147.00,256.00,3.26,146758.67
0.79,4587.00,0.00,1.00,11.00,1354.00,1182.00,261.00,3.11,151736.85
0.80,4534.00,0.00,1.00,11.00,1362.00,1215.00,273.00,2.98,156777.31
0.81,4479.00,0.00,1.00,11.00,1376.00,1250.00,279.00,2.86,161904.67
0.81,4425.00,0.00,1.00,11.00,1402.00,1273.00,284.00,2.75,166931.10
0.82,4367.00,0.00,1.00,11.00,1419.00,1308.00,290.00,2.66,172045.65
0.83,4318.00,0.00,1.00,11.00,1434.00,1338.00,294.00,2.57,177165.54
0.83,4264.00,0.00,1.00,11.00,1449.00,1374.00,297.00,2.49,182380.45
0.84,4217.00,0.00,1.00,11.00,1455.00,1412.00,300.00,2.41,187712.14
0.85,4176.00,0.00,1.00,11.00,1455.00,1446.00,307.00,2.34,193090.35
0.85,4118.00,0.00,1.00,11.00,1473.00,1478.00,315.00,2.28,198480.99
0.86,4067.00,0.00,1.00,11.00,1488.00,1509.00,320.00,2.23,203867.95
0.87,4001.00,0.00,1.00,11.00,1513.00,1543.00,327.00,2.18,209296.63
0.88,3938.00,0.00,1.00,11.00,1518.00,1593.00,335.00,2.13,215003.75
0.88,3881.00,0.00,1.00,11.00,1543.00,1617.00,343.00,2.09,220574.47
0.89,3817.00,0.00,1.00,11.00,1574.00,1642.00,351.00,2.05,226035.70
0.90,3769.00,0.00,1.00,11.00,1583.00,1673.00,359.00,2.01,231487.10
0.90,3706.00,0.00,1.00,11.00,1596.00,1717.00,365.00,1.98,237124.83
0.91,3649.00,0.00,1.00,11.00,1608.00,1754.00,373.00,1.95,242827.50
0.92,3599.00,0.00,1.00,11.00,1605.00,1796.00,384.00,1.93,248664.58
0.92,3540.00,0.00,1.00,11.00,1617.00,1835.00,392.00,1.90,254579.30
0.93,3491.00,0.00,1.00,11.00,1602.00,1894.00,397.00,1.88,260865.34
0.94,3431.00,0.00,1.00,11.00,1619.00,1926.00,408.00,1.86,267084.77
0.94,3361.00,0.00,1.00,11.00,1635.00,1972.00,416.00,1.84,273453.69
0.95,3303.00,0.00,1.00,11.00,1656.00,1998.00,427.00,1.83,279658.64
0.96,3241.00,0.00,1.00,11.00,1676.00,2031.00,436.00,1.81,285819.04
0.97,3184.00,0.00,1.00,11.00,1685.00,2072.00,443.00,1.80,292058.97
0.97,3109.00,0.00,1.00,11.00,1703.00,2122.00,450.00,1.79,298506.71
0.98,3040.00,0.00,1.00,11.00,1727.00,2157.00,460.00,1.78,304918.82
0.99,2978.00,0.00,1.00,11.00,1753.00,2189.00,464.00,1.77,311253.32
0.99,2932.00,0.00,1.00,11.00,1749.00,2233.00,470.00,1.76,317697.26
1.00,2862.00,0.00,1.00,11.00,1775.00,2266.00,481.00,1.75,324075.85
1.01,2815.00,0.00,1.00,11.00,1780.00,2297.00,492.00,1.74,330364.73
1.01,2743.00,0.00,1.00,11.00,1803.00,2339.00,499.00,1.73,336736.97
1.02,2688.00,0.00,1.00,11.00,1798.00,2392.00,506.00,1.73,343350.57
1.03,2635.00,0.00,1.00,11.00,1799.00,2440.00,510.00,1.72,350109.39
1.03,2580.00,0.00,1.00,11.00,1806.00,2481.00,517.00,1.72,356895.63
1.04,2522.00,0.00,1.00,11.00,1798.00,2538.00,526.00,1.71,363947.27
1.05,2477.00,0.00,1.00,11.00,1801.00,2576.00,530.00,1.71,370955.76
1.06,2420.00,0.00,1.00,11.00,1799.00,2627.00,538.00,1.70,378120.16
1.06,2368.00,0.00,1.00,11.00,1802.00,2670.00,544.00,1.70,385306.71
1.07,2321.00,0.00,1.00,11.00,1806.00,2705.00,552.00,1.70,392393.28
1.08,2267.00,0.00,1.00,11.00,1812.00,2747.00,558.00,1.69,399493.76
1.08,2203.00,0.00,1.00,11.00,1819.00,2792.00,570.00,1.69,406652.00
1.09,2151.00,0.00,1.00,11.00,1827.00,2826.00,580.00,1.69,413697.71
1.10,2103.00,0.00,1.00,11.00,1838.00,2855.00,588.00,1.69,420565.58
1.10,2047.00,0.00,1.00,11.00,1837.00,2905.00,595.00,1.68,427586.58
1.11,1995.00,0.00,1.00,11.00,1849.00,2938.00,602.00,1.68,434491.98
1.12,1946.00,0.00,1.00,11.00,1860.00,2971.00,607.00,1.68,441291.85
1.12,1898.00,0.00,1.00,11.00,1848.00,3023.00,615.00,1.68,448280.82
1.13,1855.00,0.00,1.00,11.00,1840.00,3065.00,624.00,1.68,455292.19
1.14,1800.00,0.00,1.00,11.00,1842.00,3114.00,628.00,1.68,462429.16
1.15,1752.00,0.00,1.00,11.00,1836.00,3159.00,637.00,1.68,469620.72
1.15,1702.00,0.00,1.00,11.00,1841.00,3194.00,647.00,1.67,476711.88
1.16,1657.00,0.00,1.00,11.00,1828.00,3243.00,656.00,1.67,483921.70
1.17,1621.00,0.00,1.00,11.00,1802.00,3297.00,664.00,1.67,491314.96
1.17,1554.00,0.00,1.00,11.00,1814.00,3342.00,674.00,1.67,498740.49
1.18,1507.00,0.00,1.00,11.00,1810.00,3389.00,678.00,1.67,506225.53
1.19,1473.00,0.00,1.00,11.00,1797.00,3427.00,687.00,1.67,513629.67
1.19,1433.00,0.00,1.00,11.00,1774.00,3484.00,693.00,1.67,521245.41
1.20,1400.00,0.00,1.00,11.00,1751.00,3532.00,701.00,1.67,528919.11
1.21,1363.00,0.00,1.00,11.00,1730.00,3583.00,708.00,1.67,536690.79
1.22,1329.00,0.00,1.00,11.00,1721.00,3615.00,719.00,1.67,544266.49
1.22,1293.00,0.00,1.00,11.00,1713.00,3648.00,730.00,1.67,551678.28
1.23,1266.00,0.00,1.00,11.00,1694.00,3685.00,739.00,1.67,559000.55
1.24,1240.00,0.00,1.00,11.00,1672.00,3728.00,744.00,1.67,566331.21
1.24,1193.00,0.00,1.00,11.00,1676.00,3767.00,748.00,1.67,573609.45
1.25,1166.00,0.00,0.00,12.00,1665.00,3797.00,756.00,1.52,580704.63
1.26,1129.00,0.00,0.00,12.00,1658.00,3832.00,765.00,1.38,587707.79
1.26,1098.00,0.00,0.00,12.00,1645.00,3871.00,770.00,1.26,594687.05
1.27,1060.00,0.00,0.00,12.00,1646.00,3899.00,779.00,1.14,601479.23
1.28,1033.00,0.00,0.00,12.00,1618.00,3951.00,782.00,1.04,608461.17
1.28,1008.00,0.00,0.00,12.00,1596.00,3989.00,791.00,0.95,615406.04
1.29,973.00,0.00,0.00,12.00,1579.00,4032.00,800.00,0.86,622392.16
1.30,953.00,0.00,0.00,12.00,1550.00,4075.00,806.00,0.78,629415.96
1.31,931.00,0.00,0.00,12.00,1530.00,4109.00,814.00,0.71,636338.94
1.31,897.00,0.00,0.00,12.00,1529.00,4131.00,827.00,0.65,642989.60
1.32,875.00,0.00,0.00,12.00,1507.00,4171.00,831.00,0.59,649662.08
1.33,852.00,0.00,0.00,12.00,1484.00,4206.00,842.00,0.54,656279.35
1.33,833.00,0.00,0.00,12.00,1470.00,4232.00,849.00,0.49,662711.02
1.34,813.00,0.00,0.00,12.00,1452.00,4261.00,858.00,0.44,669018.31
1.35,793.00,0.00,0.00,12.00,1430.00,4297.00,864.00,0.40,675317.22
1.35,774.00,0.00,0.00,12.00,1416.00,4316.00,878.00,0.37,681353.09
1.36,753.00,0.00,0.00,12.00,1403.00,4343.00,885.00,0.33,687269.00
1.37,734.00,0.00,0.00,12.00,1394.00,4367.00,889.00,0.30,693030.33
1.38,711.00,0.00,0.00,12.00,1376.00,4400.00,897.00,0.28,698785.75
1.38,690.00,0.00,0.00,12.00,1366.00,4422.00,906.00,0.25,704370.53
1.39,664.00,0.00,0.00,12.00,1348.00,4455.00,917.00,0.23,709964.76
1.40,650.00,0.00,0.00,12.00,1329.00,4480.00,925.00,0.21,715447.45
1.40,633.00,0.00,0.00,12.00,1314.00,4504.00,933.00,0.19,720813.28
1.41,606.00,0.00,0.00,12.00,1293.00,4545.00,940.00,0.17,726327.83
1.42,595.00,0.00,0.00,12.00,1256.00,4586.00,947.00,0.16,731978.14
1.42,586.00,0.00,0.00,12.00,1222.00,4622.00,954.00,0.14,737677.27
1.43,565.00,0.00,0.00,12.00,1203.00,4657.00,959.00,0.13,743405.96
1.44,544.00,0.00,0.00,12.00,1201.00,4666.00,973.00,0.12,748771.02
1.44,535.00,0.00,0.00,12.00,1175.00,4696.00,978.00,0.11,754119.61
1.45,521.00,0.00,0.00,12.00,1159.00,4722.00,982.00,0.10,759393.07
1.46,511.00,0.00,0.00,12.00,1137.00,4746.00,990.00,0.09,764567.89
1.47,500.00,0.00,0.00,12.00,1126.00,4762.00,996.00,0.08,769532.47
1.47,477.00,0.00,0.00,12.00,1126.00,4779.00,1002.00,0.07,774320.16
1.48,454.00,0.00,0.00,12.00,1103.00,4823.00,1004.00,0.07,779351.96
1.49,439.00,0.00,0.00,12.00,1086.00,4845.00,1014.00,0.06,784276.13
1.49,420.00,0.00,0.00,12.00,1073.00,4870.00,1021.00,0.06,789147.10
1.50,406.00,0.00,0.00,12.00,1064.00,4883.00,1031.00,0.05,793789.23
1.51,394.00,0.00,0.00,12.00,1037.00,4916.00,1037.00,0.05,798522.90
1.51,377.00,0.00,0.00,12.00,1029.00,4933.00,1045.00,0.04,803099.77
1.52,359.00,0.00,0.00,12.00,1024.00,4952.00,1049.00,0.04,807563.55
1.53,344.00,0.00,0.00,12.00,1016.00,4966.00,1058.00,0.03,811848.96
1.53,329.00,0.00,0.00,12.00,1012.00,4972.00,1071.00,0.03,815851.36
1.54,312.00,0.00,0.00,12.00,1005.00,4988.00,1079.00,0.03,819745.61
1.55,303.00,0.00,0.00,12.00,979.00,5020.00,1082.00,0.03,823781.51
1.56,286.00,0.00,0.00,12.00,972.00,5034.00,1092.00,0.02,827676.30
1.56,277.00,0.00,0.00,12.00,960.00,5048.00,1099.00,0.02,831442.27
1.57,264.00,0.00,0.00,12.00,945.00,5072.00,1103.00,0.02,835240.87
1.58,258.00,0.00,0.00,12.00,923.00,5094.00,1109.00,0.02,839039.21
1.58,244.00,0.00,0.00,12.00,918.00,5104.00,1118.00,0.02,842657.04
1.59,231.00,0.00,0.00,12.00,903.00,5116.00,1134.00,0.01,846140.12
1.60,219.00,0.00,0.00,12.00,892.00,5134.00,1139.00,0.01,849590.32
1.60,210.00,0.00,0.00,12.00,881.00,5148.00,1145.00,0.01,852950.42
1.61,202.00,0.00,0.00,12.00,858.00,5173.00,1151.00,0.01,856393.51
1.62,193.00,0.00,0.00,12.00,837.00,5189.00,1165.00,0.01,859777.17
1.62,188.00,0.00,0.00,12.00,821.00,5204.00,1171.00,0.01,863091.53
1.63,175.00,0.00,0.00,12.00,818.00,5209.00,1182.00,0.01,866192.41
1.64,163.00,0.00,0.00,12.00,809.00,5229.00,1183.00,0.01,869323.73
1.65,154.00,0.00,0.00,12.00,781.00,5256.00,1193.00,0.01,872588.02
1.65,144.00,0.00,0.00,12.00,767.00,5270.00,1203.00,0.01,875778.39
1.66,134.00,0.00,0.00,12.00,764.00,5276.00,1210.00,0.01,878781.10
1.67,123.00,0.00,0.00,12.00,758.00,5284.00,1219.00,0.01,881642.53
1.67,112.00,0.00,0.00,12.00,751.00,5293.00,1228.00,0.00,884390.00
1.68,105.00,0.00,0.00,12.00,737.00,5305.00,1237.00,0.00,887078.51
1.69,99.00,0.00,0.00,12.00,729.00,5314.00,1242.00,0.00,889668.13
1.69,87.00,0.00,0.00,12.00,716.00,5333.00,1248.00,0.00,892317.69
1.70,80.00,0.00,0.00,12.00,707.00,5344.00,1253.00,0.00,894901.79
1.71,69.00,0.00,0.00,12.00,700.00,5350.00,1265.00,0.00,897351.01
1.72,63.00,0.00,0.00,12.00,685.00,5366.00,1270.00,0.00,899827.34
1.72,58.00,0.00,0.00,12.00,669.00,5379.00,1278.00,0.00,902283.34
1.73,52.00,0.00,0.00,12.00,653.00,5395.00,1284.00,0.00,904765.85
1.74,45.00,0.00,0.00,12.00,642.00,5404.00,1293.00,0.00,907167.41
1.74,39.00,0.00,0.00,12.00,632.00,5408.00,1305.00,0.00,909419.93
1.75,36.00,0.00,0.00,12.00,620.00,5418.00,1310.00,0.00,911626.55
1.76,33.00,0.00,0.00,12.00,608.00,5427.00,1316.00,0.00,913776.23
1.76,27.00,0.00,0.00,12.00,603.00,5433.00,1321.00,0.00,915828.87
1.77,25.00,0.00,0.00,12.00,584.00,5441.00,1334.00,0.00,917822.95
1.78,21.00,0.00,0.00,12.00,575.00,5447.00,1341.00,0.00,919733.54
1.78,16.00,0.00,0.00,12.00,558.00,5464.00,1346.00,0.00,921733.15
1.79,14.00,0.00,0.00,12.00,547.00,5469.00,1354.00,0.00,923633.76
1.80,12.00,0.00,0.00,12.00,534.00,5481.00,1357.00,0.00,925549.15
1.81,10.00,0.00,0.00,12.00,519.00,5492.00,1363.00,0.00,927463.01
1.81,6.00,0.00,0.00,12.00,503.00,5505.00,1370.00,0.00,929405.52
1.82,6.00,0.00,0.00,12.00,498.00,5503.00,1377.00,0.00,931148.84
1.83,5.00,0.00,0.00,12.00,484.00,5510.00,1385.00,0.00,932845.52
1.83,3.00,0.00,0.00,12.00,472.00,5518.00,1391.00,0.00,934514.64
1.84,3.00,0.00,0.00,12.00,455.00,5524.00,1402.00,0.00,936128.56
1.85,3.00,0.00,0.00,12.00,438.00,5534.00,1409.00,0.00,937752.18
1.85,3.00,0.00,0.00,12.00,429.00,5536.00,1416.00,0.00,939264.46
1.86,3.00,0.00,0.00,12.00,419.00,5542.00,1420.00,0.00,940735.21
1.87,2.00,0.00,0.00,12.00,408.00,5545.00,1429.00,0.00,942122.95
1.88,0.00,0.00,0.00,12.00,398.00,5548.00,1438.00,0.00,943434.92
1.88,0.00,0.00,0.00,12.00,389.00,5546.00,1449.00,0.00,944602.61
1.89,0.00,0.00,0.00,12.00,372.00,5557.00,1455.00,0.00,945833.87
1.90,0.00,0.00,0.00,12.00,365.00,5558.00,1461.00,0.00,946972.95
1.90,0.00,0.00,0.00,12.00,353.00,5568.00,1463.00,0.00,948163.06
1.91,0.00,0.00,0.00,12.00,339.00,5575.00,1470.00,0.00,949354.72
1.92,0.00,0.00,0.00,12.00,332.00,5574.00,1478.00,0.00,950427.58
1.92,0.00,0.00,0.00,12.00,324.00,5569.00,1491.00,0.00,951331.90
1.93,0.00,0.00,0.00,12.00,316.00,5567.00,1501.00,0.00,952127.44
1.94,0.00,0.00,0.00,12.00,297.00,5573.00,1514.00,0.00,952943.84
1.94,0.00,0.00,0.00,12.00,289.00,5575.00,1520.00,0.00,953719.20
1.95,0.00,0.00,0.00,12.00,281.00,5579.00,1524.00,0.00,954487.13
1.96,0.00,0.00,0.00,12.00,277.00,5577.00,1530.00,0.00,955158.15
1.97,0.00,0.00,0.00,12.00,273.00,5573.00,1538.00,0.00,955710.65
1.97,0.00,0.00,0.00,12.00,267.00,5571.00,1546.00,0.00,956184.99
1.98,0.00,0.00,0.00,12.00,261.00,5569.00,1554.00,0.00,956587.99
1.99,0.00,0.00,0.00,12.00,254.00,5568.00,1562.00,0.00,956940.87
1.99,0.00,0.00,0.00,12.00,242.00,5575.00,1567.00,0.00,957368.18
2.00,0.00,0.00,0.00,12.00,238.00,5570.00,1576.00,0.00,957683.17
2.01,0.00,0.00,0.00,12.00,231.00,5564.00,1589.00,0.00,957880.59
2.01,0.00,0.00,0.00,12.00,220.00,5566.00,1598.00,0.00,958090.87
2.02,0.00,0.00,0.00,12.00,216.00,5563.00,1605.00,0.00,958237.76
2.03,0.00,0.00,0.00,12.00,213.00,5561.00,1610.00,0.00,958341.82
2.03,0.00,0.00,0.00,12.00,204.00,5561.00,1619.00,0.00,958436.82
2.04,0.00,0.00,0.00,12.00,200.00,5558.00,1626.00,0.00,958478.48
2.05,0.00,0.00,0.00,12.00,191.00,5561.00,1632.00,0.00,958561.58
2.06,0.00,0.00,0.00,12.00,185.00,5561.00,1638.00,0.00,958637.44
2.06,0.00,0.00,0.00,12.00,180.00,5557.00,1647.00,0.00,958646.61
2.07,0.00,0.00,0.00,12.00,174.00,5556.00,1654.00,0.00,958639.95
2.08,0.00,0.00,0.00,12.00,170.00,5555.00,1659.00,0.00,958618.85
2.08,0.00,0.00,0.00,12.00,165.00,5555.00,1664.00,0.00,958599.59
2.09,0.00,0.00,0.00,12.00,163.00,5550.00,1671.00,0.00,958506.89
2.10,0.00,0.00,0.00,12.00,155.00,5556.00,1673.00,0.00,958512.40
2.10,0.00,0.00,0.00,12.00,151.00,5548.00,1685.00,0.00,958397.25
2.11,0.00,0.00,0.00,12.00,149.00,5542.00,1693.00,0.00,958201.98
2.12,0.00,0.00,0.00,12.00,146.00,5537.00,1701.00,0.00,957948.60
2.12,0.00,0.00,0.00,12.00,144.00,5536.00,1704.00,0.00,957702.26
2.13,0.00,0.00,0.00,12.00,141.00,5533.00,1710.00,0.00,957432.31
2.14,0.00,0.00,0.00,12.00,134.00,5534.00,1716.00,0.00,957200.88
2.15,0.00,0.00,0.00,12.00,131.00,5529.00,1724.00,0.00,956914.49
2.15,0.00,0.00,0.00,12.00,129.00,5527.00,1728.00,0.00,956622.99
2.16,0.00,0.00,0.00,12.00,126.00,5523.00,1735.00,0.00,956296.77
2.17,0.00,0.00,0.00,12.00,125.00,5518.00,1741.00,0.00,955923.85
2.17,0.00,0.00,0.00,12.00,117.00,5519.00,1748.00,0.00,955598.43
2.18,0.00,0.00,0.00,12.00,111.00,5521.00,1752.00,0.00,955331.39
2.19,0.00,0.00,0.00,12.00,108.00,5519.00,1757.00,0.00,955057.55
2.19,0.00,0.00,0.00,12.00,105.00,5515.00,1764.00,0.00,954747.47
2.20,0.00,0.00,0.00,12.00,102.00,5512.00,1770.00,0.00,954419.31
2.21,0.00,0.00,0.00,12.00,101.00,5511.00,1772.00,0.00,954104.71
2.22,0.00,0.00,0.00,12.00,98.00,5508.00,1778.00,0.00,953772.44
2.22,0.00,0.00,0.00,12.00,97.00,5502.00,1785.00,0.00,953378.95
2.23,0.00,0.00,0.00,12.00,94.00,5496.00,1794.00,0.00,952929.60
2.24,0.00,0.00,0.00,12.00,89.00,5491.00,1804.00,0.00,952444.25
2.24,0.00,0.00,0.00,12.00,88.00,5487.00,1809.00,0.00,951941.08
2.25,0.00,0.00,0.00,12.00,85.00,5479.00,1820.00,0.00,951361.53
2.26,0.00,0.00,0.00,12.00,81.00,5474.00,1829.00,0.00,950757.33
2.26,0.00,0.00,0.00,12.00,77.00,5472.00,1835.00,0.00,950175.70
2.27,0.00,0.00,0.00,12.00,75.00,5468.00,1841.00,0.00,949584.62
2.28,0.00,0.00,0.00,12.00,72.00,5466.00,1846.00,0.00,949014.96
2.28,0.00,0.00,0.00,12.00,70.00,5460.00,1854.00,0.00,948404.77
2.29,0.00,0.00,0.00,12.00,68.00,5453.00,1863.00,0.00,947742.55
2.30,0.00,0.00,0.00,12.00,68.00,5440.00,1876.00,0.00,946942.69
2.31,0.00,0.00,0.00,12.00,67.00,5436.00,1881.00,0.00,946152.39
2.31,0.00,0.00,0.00,12.00,65.00,5429.00,1890.00,0.00,945325.74
2.32,0.00,0.00,0.00,12.00,63.00,5427.00,1894.00,0.00,944541.03
2.33,0.00,0.00,0.00,12.00,61.00,5420.00,1903.00,0.00,943719.49
2.33,0.00,0.00,0.00,12.00,59.00,5415.00,1910.00,0.00,942894.36
2.34,0.00,0.00,0.00,12.00,58.00,5408.00,1918.00,0.00,942035.93
2.35,0.00,0.00,0.00,12.00,58.00,5401.00,1925.00,0.00,941147.08
2.35,0.00,0.00,0.00,12.00,55.00,5397.00,1932.00,0.00,940275.53
2.36,0.00,0.00,0.00,12.00,54.00,5392.00,1938.00,0.00,939404.76
2.37,0.00,0.00,0.00,12.00,52.00,5385.00,1947.00,0.00,938504.65
2.38,0.00,0.00,0.00,12.00,50.00,5379.00,1955.00,0.00,937592.78
2.38,0.00,0.00,0.00,12.00,49.00,5373.00,1962.00,0.00,936670.18
2.39,0.00,0.00,0.00,12.00,49.00,5366.00,1969.00,0.00,935722.74
2.40,0.00,0.00,0.00,12.00,48.00,5357.00,1979.00,0.00,934722.60
2.40,0.00,0.00,0.00,12.00,48.00,5351.00,1985.00,0.00,933719.41
2.41,0.00,0.00,0.00,12.00,47.00,5344.00,1993.00,0.00,932698.41
2.42,0.00,0.00,0.00,12.00,46.00,5334.00,2004.00,0.00,931616.09
2.42,0.00,0.00,0.00,12.00,44.00,5317.00,2023.00,0.00,930372.61
2.43,0.00,0.00,0.00,12.00,42.00,5308.00,2034.00,0.00,929102.21
2.44,0.00,0.00,0.00,12.00,40.00,5304.00,2040.00,0.00,927882.33
2.44,0.00,0.00,0.00,12.00,38.00,5290.00,2056.00,0.00,926558.35
2.45,0.00,0.00,0.00,12.00,36.00,5284.00,2064.00,0.00,925259.52
2.46,0.00,0.00,0.00,12.00,33.00,5280.00,2071.00,0.00,924013.69
2.47,0.00,0.00,0.00,12.00,33.00,5269.00,2082.00,0.00,922711.10
2.47,0.00,0.00,0.00,12.00,30.00,5263.00,2091.00,0.00,921431.78
2.48,0.00,0.00,0.00,12.00,28.00,5261.00,2095.00,0.00,920233.82
2.49,0.00,0.00,0.00,12.00,27.00,5253.00,2104.00,0.00,919019.99
2.49,0.00,0.00,0.00,12.00,27.00,5244.00,2113.00,0.00,917776.65
2.50,0.00,0.00,0.00,12.00,26.00,5237.00,2121.00,0.00,916536.40
2.51,0.00,0.00,0.00,12.00,25.00,5230.00,2129.00,0.00,915298.99
2.51,0.00,0.00,0.00,12.00,24.00,5226.00,2134.00,0.00,914109.24
2.52,0.00,0.00,0.00,12.00,23.00,5220.00,2141.00,0.00,912932.95
2.53,0.00,0.00,0.00,12.00,20.00,5213.00,2151.00,0.00,911753.92
2.53,0.00,0.00,0.00,12.00,20.00,5204.00,2160.00,0.00,910542.36
2.54,0.00,0.00,0.00,12.00,20.00,5198.00,2166.00,0.00,909346.14
2.55,0.00,0.00,0.00,12.00,19.00,5194.00,2171.00,0.00,908194.00
2.56,0.00,0.00,0.00,12.00,19.00,5185.00,2180.00,0.00,907006.98
2.56,0.00,0.00,0.00,12.00,18.00,5175.00,2191.00,0.00,905773.08
2.57,0.00,0.00,0.00,12.00,17.00,5168.00,2199.00,0.00,904541.46
2.58,0.00,0.00,0.00,12.00,17.00,5161.00,2206.00,0.00,903311.93
2.58,0.00,0.00,0.00,12.00,17.00,5156.00,2211.00,0.00,902114.35
2.59,0.00,0.00,0.00,12.00,17.00,5149.00,2218.00,0.00,900915.88
2.60,0.00,0.00,0.00,12.00,16.00,5143.00,2225.00,0.00,899731.63
2.60,0.00,0.00,0.00,12.00,16.00,5139.00,2229.00,0.00,898590.41
2.61,0.00,0.00,0.00,12.00,16.00,5136.00,2232.00,0.00,897503.50
2.62,0.00,0.00,0.00,12.00,15.00,5129.00,2240.00,0.00,896406.06
2.62,0.00,0.00,0.00,12.00,14.00,5119.00,2251.00,0.00,895253.96
2.63,0.00,0.00,0.00,12.00,14.00,5107.00,2263.00,0.00,894021.90
2.64,0.00,0.00,0.00,12.00,14.00,5093.00,2277.00,0.00,892686.79
2.65,0.00,0.00,0.00,12.00,13.00,5088.00,2283.00,0.00,891392.83
2.65,0.00,0.00,0.00,12.00,13.00,5074.00,2297.00,0.00,890001.22
2.66,0.00,0.00,0.00,12.00,12.00,5070.00,2302.00,0.00,888670.69
2.67,0.00,0.00,0.00,12.00,12.00,5064.00,2308.00,0.00,887365.87
2.67,0.00,0.00,0.00,12.00,11.00,5058.00,2315.00,0.00,886084.54
2.68,0.00,0.00,0.00,12.00,11.00,5052.00,2321.00,0.00,884824.64
2.69,0.00,0.00,0.00,12.00,11.00,5039.00,2334.00,0.00,883479.15
2.69,0.00,0.00,0.00,12.00,10.00,5026.00,2348.00,0.00,882055.52
2.70,0.00,0.00,0.00,12.00,10.00,5017.00,2357.00,0.00,880620.64
2.71,0.00,0.00,0.00,12.00,10.00,5007.00,2367.00,0.00,879160.48
2.72,0.00,0.00,0.00,12.00,10.00,5001.00,2373.00,0.00,877737.32
2.72,0.00,0.00,0.00,12.00,10.00,4989.00,2385.00,0.00,876257.81
2.73,0.00,0.00,0.00,12.00,9.00,4978.00,2397.00,0.00,874741.87
2.74,0.00,0.00,0.00,12.00,9.00,4972.00,2403.00,0.00,873267.80
2.74,0.00,0.00,0.00,12.00,9.00,4963.00,2412.00,0.00,871786.87
2.75,0.00,0.00,0.00,12.00,9.00,4956.00,2419.00,0.00,870329.74
2.76,0.00,0.00,0.00,12.00,9.00,4949.00,2426.00,0.00,868894.32
2.76,0.00,0.00,0.00,12.00,9.00,4941.00,2434.00,0.00,867463.71
2.77,0.00,0.00,0.00,12.00,9.00,4927.00,2448.00,0.00,865947.35
2.78,0.00,0.00,0.00,12.00,9.00,4921.00,2454.00,0.00,864472.89
2.78,0.00,0.00,0.00,12.00,9.00,4912.00,2463.00,0.00,862991.61
2.79,0.00,0.00,0.00,12.00,9.00,4903.00,2472.00,0.00,861504.10
2.80,0.00,0.00,0.00,12.00,9.00,4897.00,2478.00,0.00,860055.99
2.81,0.00,0.00,0.00,12.00,9.00,4890.00,2485.00,0.00,858628.81
2.81,0.00,0.00,0.00,12.00,9.00,4884.00,2491.00,0.00,857235.76
2.82,0.00,0.00,0.00,12.00,9.00,4875.00,2500.00,0.00,855828.80
2.83,0.00,0.00,0.00,12.00,8.00,4868.00,2508.00,0.00,854439.20
2.83,0.00,0.00,0.00,12.00,8.00,4865.00,2511.00,0.00,853125.53
2.84,0.00,0.00,0.00,12.00,8.00,4852.00,2524.00,0.00,851730.94
2.85,0.00,0.00,0.00,12.00,8.00,4839.00,2537.00,0.00,850262.49
2.85,0.00,0.00,0.00,12.00,8.00,4829.00,2547.00,0.00,848771.68
2.86,0.00,0.00,0.00,12.00,8.00,4821.00,2555.00,0.00,847290.49
2.87,0.00,0.00,0.00,12.00,8.00,4814.00,2562.00,0.00,845833.12
2.88,0.00,0.00,0.00,12.00,8.00,4804.00,2572.00,0.00,844352.42
2.88,0.00,0.00,0.00,12.00,8.00,4801.00,2575.00,0.00,842955.58
2.89,0.00,0.00,0.00,12.00,8.00,4794.00,2582.00,0.00,841575.21
2.90,0.00,0.00,0.00,12.00,8.00,4784.00,2592.00,0.00,840164.81
2.90,0.00,0.00,0.00,12.00,7.00,4774.00,2603.00,0.00,838726.99
2.91,0.00,0.00,0.00,12.00,7.00,4765.00,2612.00,0.00,837279.16
2.92,0.00,0.00,0.00,12.00,7.00,4760.00,2617.00,0.00,835882.29
2.92,0.00,0.00,0.00,12.00,7.00,4749.00,2628.00,0.00,834441.79
2.93,0.00,0.00,0.00,12.00,7.00,4740.00,2637.00,0.00,832991.52
2.94,0.00,0.00,0.00,12.00,6.00,4733.00,2645.00,0.00,831562.38
2.94,0.00,0.00,0.00,12.00,6.00,4727.00,2651.00,0.00,830167.53
2.95,0.00,0.00,0.00,12.00,6.00,4721.00,2657.00,0.00,828804.01
2.96,0.00,0.00,0.00,12.00,6.00,4716.00,2662.00,0.00,827484.10
2.97,0.00,0.00,0.00,12.00,6.00,4712.00,2666.00,0.00,826219.03
2.97,0.00,0.00,0.00,12.00,6.00,4705.00,2673.00,0.00,824958.96
2.98,0.00,0.00,0.00,12.00,5.00,4698.00,2681.00,0.00,823703.45
2.99,0.00,0.00,0.00,12.00,5.00,4690.00,2689.00,0.00,822437.07
2.99,0.00,0.00,0.00,12.00,5.00,4683.00,2696.00,0.00,821175.81
3.00,0.00,0.00,0.00,12.00,4.00,4675.00,2705.00,0.00,819904.18
3.01,0.00,0.00,0.00,12.00,4.00,4672.00,2708.00,0.00,818698.22
3.01,0.00,0.00,0.00,12.00,4.00,4663.00,2717.00,0.00,817462.06
3.02,0.00,0.00,0.00,12.00,4.00,4657.00,2723.00,0.00,816243.40
3.03,0.00,0.00,0.00,12.00,4.00,4650.00,2730.00,0.00,815025.69
3.03,0.00,0.00,0.00,12.00,4.00,4642.00,2738.00,0.00,813793.83
3.04,0.00,0.00,0.00,12.00,4.00,4636.00,2744.00,0.00,812579.10
3.05,0.00,0.00,0.00,12.00,4.00,4630.00,2750.00,0.00,811380.00
3.06,0.00,0.00,0.00,12.00,4.00,4626.00,2754.00,0.00,810225.22
3.06,0.00,0.00,0.00,12.00,3.00,4616.00,2765.00,0.00,809020.77
3.07,0.00,0.00,0.00,12.00,2.00,4608.00,2774.00,0.00,807801.01
3.08,0.00,0.00,0.00,12.00,2.00,4597.00,2785.00,0.00,806522.21
3.08,0.00,0.00,0.00,12.00,2.00,4594.00,2788.00,0.00,805309.69
3.09,0.00,0.00,0.00,12.00,2.00,4583.00,2799.00,0.00,804037.49
3.10,0.00,0.00,0.00,12.00,2.00,4579.00,2803.00,0.00,802815.99
3.10,0.00,0.00,0.00,12.00,2.00,4566.00,2816.00,0.00,801505.54
3.11,0.00,0.00,0.00,12.00,2.00,4556.00,2826.00,0.00,800158.97
3.12,0.00,0.00,0.00,12.00,2.00,4553.00,2829.00,0.00,798884.59
3.12,0.00,0.00,0.00,12.00,2.00,4548.00,2834.00,0.00,797646.06
3.13,0.00,0.00,0.00,12.00,2.00,4543.00,2839.00,0.00,796440.26
3.14,0.00,0.00,0.00,12.00,2.00,4538.00,2844.00,0.00,795264.34
3.15,0.00,0.00,0.00,12.00,2.00,4526.00,2856.00,0.00,794010.54
3.15,0.00,0.00,0.00,12.00,2.00,4520.00,2862.00,0.00,792775.78
3.16,0.00,0.00,0.00,12.00,2.00,4517.00,2865.00,0.00,791603.46
3.17,0.00,0.00,0.00,12.00,2.00,4511.00,2871.00,0.00,790443.09
3.17,0.00,0.00,0.00,12.00,2.00,4502.00,2880.00,0.00,789248.55
3.18,0.00,0.00,0.00,12.00,2.00,4496.00,2886.00,0.00,788067.88
3.19,0.00,0.00,0.00,12.00,2.00,4491.00,2891.00,0.00,786914.91
3.19,0.00,0.00,0.00,12.00,2.00,4480.00,2902.00,0.00,785697.08
3.20,0.00,0.00,0.00,12.00,1.00,4474.00,2909.00,0.00,784495.16
3.21,0.00,0.00,0.00,12.00,1.00,4470.00,2913.00,0.00,783337.80
3.22,0.00,0.00,0.00,12.00,1.00,4466.00,2917.00,0.00,782221.12
3.22,0.00,0.00,0.00,12.00,1.00,4460.00,2923.00,0.00,781111.55
3.23,0.00,0.00,0.00,12.00,1.00,4450.00,2933.00,0.00,779948.36
3.24,0.00,0.00,0.00,12.00,1.00,4443.00,2940.00,0.00,778781.29
3.24,0.00,0.00,0.00,12.00,1.00,4438.00,2945.00,0.00,777640.73
3.25,0.00,0.00,0.00,12.00,1.00,4429.00,2954.00,0.00,776464.28
3.26,0.00,0.00,0.00,12.00,1.00,4416.00,2967.00,0.00,775194.97
3.26,0.00,0.00,0.00,12.00,1.00,4406.00,2977.00,0.00,773885.95
3.27,0.00,0.00,0.00,12.00,1.00,4397.00,2986.00,0.00,772555.71
3.28,0.00,0.00,0.00,12.00,1.00,4391.00,2992.00,0.00,771251.17
3.28,0.00,0.00,0.00,12.00,1.00,4381.00,3002.00,0.00,769909.98
3.29,0.00,0.00,0.00,12.00,1.00,4373.00,3010.00,0.00,768565.40
3.30,0.00,0.00,0.00,12.00,1.00,4366.00,3017.00,0.00,767232.74
3.31,0.00,0.00,0.00,12.00,1.00,4359.00,3024.00,0.00,765910.95
3.31,0.00,0.00,0.00,12.00,1.00,4353.00,3030.00,0.00,764614.13
3.32,0.00,0.00,0.00,12.00,1.00,4348.00,3035.00,0.00,763355.11
3.33,0.00,0.00,0.00,12.00,1.00,4342.00,3041.00,0.00,762115.58
3.33,0.00,0.00,0.00,12.00,1.00,4336.00,3047.00,0.00,760893.85
3.34,0.00,0.00,0.00,12.00,1.00,4327.00,3056.00,0.00,759643.29
3.35,0.00,0.00,0.00,12.00,1.00,4320.00,3063.00,0.00,758396.46
3.35,0.00,0.00,0.00,12.00,1.00,4311.00,3072.00,0.00,757123.00
3.36,0.00,0.00,0.00,12.00,1.00,4298.00,3085.00,0.00,755765.12
3.37,0.00,0.00,0.00,12.00,1.00,4291.00,3092.00,0.00,754420.32
3.38,0.00,0.00,0.00,12.00,1.00,4280.00,3103.00,0.00,753027.36
3.38,0.00,0.00,0.00,12.00,1.00,4273.00,3110.00,0.00,751650.54
3.39,0.00,0.00,0.00,12.00,1.00,4266.00,3117.00,0.00,750288.44
3.40,0.00,0.00,0.00,12.00,1.00,4258.00,3125.00,0.00,748924.76
3.40,0.00,0.00,0.00,12.00,1.00,4254.00,3129.00,0.00,747619.74
3.41,0.00,0.00,0.00,12.00,1.00,4248.00,3135.00,0.00,746338.21
3.42,0.00,0.00,0.00,12.00,1.00,4240.00,3143.00,0.00,745048.09
3.42,0.00,0.00,0.00,12.00,1.00,4236.00,3147.00,0.00,743810.21
3.43,0.00,0.00,0.00,12.00,1.00,4229.00,3154.00,0.00,742574.96
3.44,0.00,0.00,0.00,12.00,1.00,4221.00,3162.00,0.00,741327.09
3.44,0.00,0.00,0.00,12.00,1.00,4208.00,3175.00,0.00,739992.57
3.45,0.00,0.00,0.00,12.00,1.00,4196.00,3187.00,0.00,738593.99
3.46,0.00,0.00,0.00,12.00,0.00,4193.00,3191.00,0.00,737272.11
3.47,0.00,0.00,0.00,12.00,0.00,4186.00,3198.00,0.00,735960.18
3.47,0.00,0.00,0.00,12.00,0.00,4180.00,3204.00,0.00,734672.35
3.48,0.00,0.00,0.00,12.00,0.00,4172.00,3212.00,0.00,733376.47
3.49,0.00,0.00,0.00,12.00,0.00,4167.00,3217.00,0.00,732118.32
3.49,0.00,0.00,0.00,12.00,0.00,4155.00,3229.00,0.00,730789.44
3.50,0.00,0.00,0.00,12.00,0.00,4146.00,3238.00,0.00,729441.07
3.51,0.00,0.00,0.00,12.00,0.00,4137.00,3247.00,0.00,728074.90
3.51,0.00,0.00,0.00,12.00,0.00,4130.00,3254.00,0.00,726722.53
3.52,0.00,0.00,0.00,12.00,0.00,4121.00,3263.00,0.00,725352.71
3.53,0.00,0.00,0.00,12.00,0.00,4111.00,3273.00,0.00,723951.94
3.53,0.00,0.00,0.00,12.00,0.00,4104.00,3280.00,0.00,722567.98
3.54,0.00,0.00,0.00,12.00,0.00,4091.00,3293.00,0.00,721109.23
3.55,0.00,0.00,0.00,12.00,0.00,4084.00,3300.00,0.00,719672.34
3.56,0.00,0.00,0.00,12.00,0.00,4078.00,3306.00,0.00,718270.43
3.56,0.00,0.00,0.00,12.00,0.00,4072.00,3312.00,0.00,716900.45
3.57,0.00,0.00,0.00,12.00,0.00,4061.00,3323.00,0.00,715484.51
3.58,0.00,0.00,0.00,12.00,0.00,4051.00,3333.00,0.00,714041.63
3.58,0.00,0.00,0.00,12.00,0.00,4045.00,3339.00,0.00,712634.26
3.59,0.00,0.00,0.00,12.00,0.00,4038.00,3346.00,0.00,711244.27
3.60,0.00,0.00,0.00,12.00,0.00,4034.00,3350.00,0.00,709915.23
3.60,0.00,0.00,0.00,12.00,0.00,4028.00,3356.00,0.00,708611.77
3.61,0.00,0.00,0.00,12.00,0.00,4018.00,3366.00,0.00,707271.58
3.62,0.00,0.00,0.00,12.00,0.00,4003.00,3381.00,0.00,705822.74
3.62,0.00,0.00,0.00,12.00,0.00,3996.00,3388.00,0.00,704394.90
3.63,0.00,0.00,0.00,12.00,0.00,3987.00,3397.00,0.00,702956.19
3.64,0.00,0.00,0.00,12.00,0.00,3980.00,3404.00,0.00,701537.59
3.65,0.00,0.00,0.00,12.00,0.00,3975.00,3409.00,0.00,700167.40
3.65,0.00,0.00,0.00,12.00,0.00,3970.00,3414.00,0.00,698841.40
3.66,0.00,0.00,0.00,12.00,0.00,3963.00,3421.00,0.00,697525.70
3.67,0.00,0.00,0.00,12.00,0.00,3958.00,3426.00,0.00,696249.46
3.67,0.00,0.00,0.00,12.00,0.00,3952.00,3432.00,0.00,694994.21
3.68,0.00,0.00,0.00,12.00,0.00,3945.00,3439.00,0.00,693743.09
3.69,0.00,0.00,0.00,12.00,0.00,3938.00,3446.00,0.00,692495.76
3.69,0.00,0.00,0.00,12.00,0.00,3932.00,3452.00,0.00,691266.90
3.70,0.00,0.00,0.00,12.00,0.00,3926.00,3458.00,0.00,690054.91
3.71,0.00,0.00,0.00,12.00,0.00,3922.00,3462.00,0.00,688888.36
3.72,0.00,0.00,0.00,12.00,0.00,3911.00,3473.00,0.00,687658.13
3.72,0.00,0.00,0.00,12.00,0.00,3904.00,3480.00,0.00,686429.87
3.73,0.00,0.00,0.00,12.00,0.00,3895.00,3489.00,0.00,685173.35
3.74,0.00,0.00,0.00,12.00,0.00,3890.00,3494.00,0.00,683951.12
3.74,0.00,0.00,0.00,12.00,0.00,3881.00,3503.00,0.00,682700.12
3.75,0.00,0.00,0.00,12.00,0.00,3869.00,3515.00,0.00,681377.77
3.76,0.00,0.00,0.00,12.00,0.00,3865.00,3519.00,0.00,680110.47
3.76,0.00,0.00,0.00,12.00,0.00,3855.00,3529.00,0.00,678803.29
3.77,0.00,0.00,0.00,12.00,0.00,3848.00,3536.00,0.00,677504.78
3.78,0.00,0.00,0.00,12.00,0.00,3840.00,3544.00,0.00,676199.15
3.78,0.00,0.00,0.00,12.00,0.00,3834.00,3550.00,0.00,674917.07
3.79,0.00,0.00,0.00,12.00,0.00,3828.00,3556.00,0.00,673656.49
3.80,0.00,0.00,0.00,12.00,0.00,3816.00,3568.00,0.00,672325.39
3.81,0.00,0.00,0.00,12.00,0.00,3806.00,3578.00,0.00,670959.98
3.81,0.00,0.00,0.00,12.00,0.00,3800.00,3584.00,0.00,669623.32
3.82,0.00,0.00,0.00,12.00,0.00,3794.00,3590.00,0.00,668312.91
3.83,0.00,0.00,0.00,12.00,0.00,3790.00,3594.00,0.00,667056.51
3.83,0.00,0.00,0.00,12.00,0.00,3782.00,3602.00,0.00,665789.33
3.84,0.00,0.00,0.00,12.00,0.00,3778.00,3606.00,0.00,664572.40
3.85,0.00,0.00,0.00,12.00,0.00,3771.00,3613.00,0.00,663356.28
3.85,0.00,0.00,0.00,12.00,0.00,3764.00,3620.00,0.00,662140.88
3.86,0.00,0.00,0.00,12.00,0.00,3757.00,3627.00,0.00,660926.16
3.87,0.00,0.00,0.00,12.00,0.00,3755.00,3629.00,0.00,659787.17
3.88,0.00,0.00,0.00,12.00,0.00,3747.00,3637.00,0.00,658627.16
3.88,0.00,0.00,0.00,12.00,0.00,3737.00,3647.00,0.00,657417.94
3.89,0.00,0.00,0.00,12.00,0.00,3734.00,3650.00,0.00,656268.94
3.90,0.00,0.00,0.00,12.00,0.00,3725.00,3659.00,0.00,655084.78
3.90,0.00,0.00,0.00,12.00,0.00,3716.00,3668.00,0.00,653868.53
3.91,0.00,0.00,0.00,12.00,0.00,3707.00,3677.00,0.00,652622.97
3.92,0.00,0.00,0.00,12.00,0.00,3698.00,3686.00,0.00,651350.67
3.92,0.00,0.00,0.00,12.00,0.00,3695.00,3689.00,0.00,650144.08
3.93,0.00,0.00,0.00,12.00,0.00,3688.00,3696.00,0.00,648937.39
3.94,0.00,0.00,0.00,12.00,0.00,3677.00,3707.00,0.00,647670.53
3.94,0.00,0.00,0.00,12.00,0.00,3672.00,3712.00,0.00,646438.86
3.95,0.00,0.00,0.00,12.00,0.00,3662.00,3722.00,0.00,645164.21
3.96,0.00,0.00,0.00,12.00,0.00,3655.00,3729.00,0.00,643895.39
3.97,0.00,0.00,0.00,12.00,0.00,3652.00,3732.00,0.00,642691.99
3.97,0.00,0.00,0.00,12.00,0.00,3646.00,3738.00,0.00,641503.23
3.98,0.00,0.00,0.00,12.00,0.00,3642.00,3742.00,0.00,640357.89
3.99,0.00,0.00,0.00,12.00,0.00,3637.00,3747.00,0.00,639237.17
3.99,0.00,0.00,0.00,12.00,0.00,3630.00,3754.00,0.00,638108.87
4.00,0.00,0.00,0.00,12.00,0.00,3623.00,3761.00,0.00,636973.67
4.01,0.00,0.00,0.00,12.00,0.00,3619.00,3765.00,0.00,635877.21
4.01,0.00,0.00,0.00,12.00,0.00,3609.00,3775.00,0.00,634726.00
4.02,0.00,0.00,0.00,12.00,0.00,3598.00,3786.00,0.00,633509.78
4.03,0.00,0.00,0.00,12.00,0.00,3593.00,3791.00,0.00,632324.35
4.03,0.00,0.00,0.00,12.00,0.00,3586.00,3798.00,0.00,631136.98
4.04,0.00,0.00,0.00,12.00,0.00,3581.00,3803.00,0.00,629977.88
4.05,0.00,0.00,0.00,12.00,0.00,3573.00,3811.00,0.00,628799.53
4.06,0.00,0.00,0.00,12.00,0.00,3562.00,3822.00,0.00,627558.53
4.06,0.00,0.00,0.00,12.00,0.00,3554.00,3830.00,0.00,626305.41
4.07,0.00,0.00,0.00,12.00,0.00,3551.00,3833.00,0.00,625116.33
4.08,0.00,0.00,0.00,12.00,0.00,3544.00,3840.00,0.00,623925.64
4.08,0.00,0.00,0.00,12.00,0.00,3539.00,3845.00,0.00,622763.50
4.09,0.00,0.00,0.00,12.00,0.00,3525.00,3859.00,0.00,621492.24
4.10,0.00,0.00,0.00,12.00,0.00,3518.00,3866.00,0.00,620226.51
4.10,0.00,0.00,0.00,12.00,0.00,3511.00,3873.00,0.00,618965.84
4.11,0.00,0.00,0.00,12.00,0.00,3507.00,3877.00,0.00,617754.85
4.12,0.00,0.00,0.00,12.00,0.00,3499.00,3885.00,0.00,616529.12
4.12,0.00,0.00,0.00,12.00,0.00,3488.00,3896.00,0.00,615244.86
4.13,0.00,0.00,0.00,12.00,0.00,3481.00,3903.00,0.00,613967.28
4.14,0.00,0.00,0.00,12.00,0.00,3474.00,3910.00,0.00,612695.78
4.15,0.00,0.00,0.00,12.00,0.00,3467.00,3917.00,0.00,611429.83
4.15,0.00,0.00,0.00,12.00,0.00,3462.00,3922.00,0.00,610199.00
4.16,0.00,0.00,0.00,12.00,0.00,3453.00,3931.00,0.00,608940.14
4.17,0.00,0.00,0.00,12.00,0.00,3448.00,3936.00,0.00,607715.79
4.17,0.00,0.00,0.00,12.00,0.00,3442.00,3942.00,0.00,606507.90
4.18,0.00,0.00,0.00,12.00,0.00,3436.00,3948.00,0.00,605315.05
4.19,0.00,0.00,0.00,12.00,0.00,3431.00,3953.00,0.00,604150.96
4.19,0.00,0.00,0.00,12.00,0.00,3428.00,3956.00,0.00,603043.16
4.20,0.00,0.00,0.00,12.00,0.00,3419.00,3965.00,0.00,601896.62
4.21,0.00,0.00,0.00,12.00,0.00,3411.00,3973.00,0.00,600729.73
4.22,0.00,0.00,0.00,12.00,0.00,3406.00,3978.00,0.00,599589.33
4.22,0.00,0.00,0.00,12.00,0.00,3396.00,3988.00,0.00,598398.00
4.23,0.00,0.00,0.00,12.00,0.00,3386.00,3998.00,0.00,597160.17
4.24,0.00,0.00,0.00,12.00,0.00,3382.00,4002.00,0.00,595970.04
4.24,0.00,0.00,0.00,12.00,0.00,3374.00,4010.00,0.00,594763.36
4.25,0.00,0.00,0.00,12.00,0.00,3368.00,4016.00,0.00,593571.61
4.26,0.00,0.00,0.00,12.00,0.00,3360.00,4024.00,0.00,592363.44
4.26,0.00,0.00,0.00,12.00,0.00,3350.00,4034.00,0.00,591110.25
4.27,0.00,0.00,0.00,12.00,0.00,3345.00,4039.00,0.00,589891.07
4.28,0.00,0.00,0.00,12.00,0.00,3341.00,4043.00,0.00,588717.95
4.28,0.00,0.00,0.00,12.00,0.00,3334.00,4050.00,0.00,587541.83
4.29,0.00,0.00,0.00,12.00,0.00,3323.00,4061.00,0.00,586302.86
4.30,0.00,0.00,0.00,12.00,0.00,3318.00,4066.00,0.00,585096.66
4.31,0.00,0.00,0.00,12.00,0.00,3306.00,4078.00,0.00,583815.21
4.31,0.00,0.00,0.00,12.00,0.00,3300.00,4084.00,0.00,582555.21
4.32,0.00,0.00,0.00,12.00,0.00,3293.00,4091.00,0.00,581299.76
4.33,0.00,0.00,0.00,12.00,0.00,3287.00,4097.00,0.00,580063.49
4.33,0.00,0.00,0.00,12.00,0.00,3279.00,4105.00,0.00,578814.69
4.34,0.00,0.00,0.00,12.00,0.00,3272.00,4112.00,0.00,577569.47
4.35,0.00,0.00,0.00,12.00,0.00,3266.00,4118.00,0.00,576342.54
4.35,0.00,0.00,0.00,12.00,0.00,3257.00,4127.00,0.00,575087.23
4.36,0.00,0.00,0.00,12.00,0.00,3246.00,4138.00,0.00,573775.98
4.37,0.00,0.00,0.00,12.00,0.00,3237.00,4147.00,0.00,572443.70
4.38,0.00,0.00,0.00,12.00,0.00,3231.00,4153.00,0.00,571137.28
4.38,0.00,0.00,0.00,12.00,0.00,3225.00,4159.00,0.00,569854.49
4.39,0.00,0.00,0.00,12.00,0.00,3222.00,4162.00,0.00,568638.33
4.40,0.00,0.00,0.00,12.00,0.00,3213.00,4171.00,0.00,567392.86
4.40,0.00,0.00,0.00,12.00,0.00,3205.00,4179.00,0.00,566135.65
4.41,0.00,0.00,0.00,12.00,0.00,3200.00,4184.00,0.00,564912.81
4.42,0.00,0.00,0.00,12.00,0.00,3186.00,4198.00,0.00,563586.11
4.42,0.00,0.00,0.00,12.00,0.00,3182.00,4202.00,0.00,562314.85
4.43,0.00,0.00,0.00,12.00,0.00,3172.00,4212.00,0.00,561004.06
4.44,0.00,0.00,0.00,12.00,0.00,3165.00,4219.00,0.00,559702.24
4.44,0.00,0.00,0.00,12.00,0.00,3158.00,4226.00,0.00,558408.62
4.45,0.00,0.00,0.00,12.00,0.00,3147.00,4237.00,0.00,557062.38
4.46,0.00,0.00,0.00,12.00,0.00,3133.00,4251.00,0.00,555623.05
4.47,0.00,0.00,0.00,12.00,0.00,3124.00,4260.00,0.00,554173.84
4.47,0.00,0.00,0.00,12.00,0.00,3118.00,4266.00,0.00,552760.68
4.48,0.00,0.00,0.00,12.00,0.00,3111.00,4273.00,0.00,551365.41
4.49,0.00,0.00,0.00,12.00,0.00,3098.00,4286.00,0.00,549896.34
4.49,0.00,0.00,0.00,12.00,0.00,3090.00,4294.00,0.00,548435.00
4.50,0.00,0.00,0.00,12.00,0.00,3078.00,4306.00,0.00,546920.64
4.51,0.00,0.00,0.00,12.00,0.00,3072.00,4312.00,0.00,545448.00
4.51,0.00,0.00,0.00,12.00,0.00,3067.00,4317.00,0.00,544028.47
4.52,0.00,0.00,0.00,12.00,0.00,3061.00,4323.00,0.00,542642.41
4.53,0.00,0.00,0.00,12.00,0.00,3054.00,4330.00,0.00,541271.89
4.53,0.00,0.00,0.00,12.00,0.00,3049.00,4335.00,0.00,539945.59
4.54,0.00,0.00,0.00,12.00,0.00,3045.00,4339.00,0.00,538674.68
4.55,0.00,0.00,0.00,12.00,0.00,3037.00,4347.00,0.00,537394.25
4.56,0.00,0.00,0.00,12.00,0.00,3027.00,4357.00,0.00,536075.09
4.56,0.00,0.00,0.00,12.00,0.00,3019.00,4365.00,0.00,534750.61
4.57,0.00,0.00,0.00,12.00,0.00,3011.00,4373.00,0.00,533421.28
4.58,0.00,0.00,0.00,12.00,0.00,3007.00,4377.00,0.00,532147.61
4.58,0.00,0.00,0.00,12.00,0.00,2996.00,4388.00,0.00,530819.59
4.59,0.00,0.00,0.00,12.00,0.00,2988.00,4396.00,0.00,529487.02
4.60,0.00,0.00,0.00,12.00,0.00,2974.00,4410.00,0.00,528060.16
4.60,0.00,0.00,0.00,12.00,0.00,2972.00,4412.00,0.00,526727.50
4.61,0.00,0.00,0.00,12.00,0.00,2968.00,4416.00,0.00,525450.80
4.62,0.00,0.00,0.00,12.00,0.00,2960.00,4424.00,0.00,524165.07
4.62,0.00,0.00,0.00,12.00,0.00,2950.00,4434.00,0.00,522841.08
4.63,0.00,0.00,0.00,12.00,0.00,2936.00,4448.00,0.00,521422.04
4.64,0.00,0.00,0.00,12.00,0.00,2931.00,4453.00,0.00,520051.46
4.65,0.00,0.00,0.00,12.00,0.00,2925.00,4459.00,0.00,518710.08
4.65,0.00,0.00,0.00,12.00,0.00,2920.00,4464.00,0.00,517410.39
4.66,0.00,0.00,0.00,12.00,0.00,2919.00,4465.00,0.00,516208.84
4.67,0.00,0.00,0.00,12.00,0.00,2915.00,4469.00,0.00,515051.83
4.67,0.00,0.00,0.00,12.00,0.00,2910.00,4474.00,0.00,513920.46
4.68,0.00,0.00,0.00,12.00,0.00,2902.00,4482.00,0.00,512767.41
4.69,0.00,0.00,0.00,12.00,0.00,2896.00,4488.00,0.00,511624.63
4.69,0.00,0.00,0.00,12.00,0.00,2887.00,4497.00,0.00,510446.15
4.70,0.00,0.00,0.00,12.00,0.00,2880.00,4504.00,0.00,509265.12
4.71,0.00,0.00,0.00,12.00,0.00,2874.00,4510.00,0.00,508096.79
4.72,0.00,0.00,0.00,12.00,0.00,2869.00,4515.00,0.00,506955.09
4.72,0.00,0.00,0.00,12.00,0.00,2863.00,4521.00,0.00,505822.65
4.73,0.00,0.00,0.00,12.00,0.00,2857.00,4527.00,0.00,504698.69
4.74,0.00,0.00,0.00,12.00,0.00,2852.00,4532.00,0.00,503597.48
4.74,0.00,0.00,0.00,12.00,0.00,2845.00,4539.00,0.00,502487.00
4.75,0.00,0.00,0.00,12.00,0.00,2841.00,4543.00,0.00,501413.12
4.76,0.00,0.00,0.00,12.00,0.00,2830.00,4554.00,0.00,500267.50
4.76,0.00,0.00,0.00,12.00,0.00,2823.00,4561.00,0.00,499116.47
4.77,0.00,0.00,0.00,12.00,0.00,2817.00,4567.00,0.00,497975.53
4.78,0.00,0.00,0.00,12.00,0.00,2806.00,4578.00,0.00,496768.69
4.78,0.00,0.00,0.00,12.00,0.00,2800.00,4584.00,0.00,495576.79
4.79,0.00,0.00,0.00,12.00,0.00,2792.00,4592.00,0.00,494368.49
4.80,0.00,0.00,0.00,12.00,0.00,2785.00,4599.00,0.00,493160.25
4.81,0.00,0.00,0.00,12.00,0.00,2776.00,4608.00,0.00,491922.00
4.81,0.00,0.00,0.00,12.00,0.00,2769.00,4615.00,0.00,490686.42
4.82,0.00,0.00,0.00,12.00,0.00,2761.00,4623.00,0.00,489438.24
4.83,0.00,0.00,0.00,12.00,0.00,2756.00,4628.00,0.00,488223.63
4.83,0.00,0.00,0.00,12.00,0.00,2752.00,4632.00,0.00,487054.69
4.84,0.00,0.00,0.00,12.00,0.00,2740.00,4644.00,0.00,485807.26
4.85,0.00,0.00,0.00,12.00,0.00,2735.00,4649.00,0.00,484593.34
4.85,0.00,0.00,0.00,12.00,0.00,2725.00,4659.00,0.00,483334.89
4.86,0.00,0.00,0.00,12.00,0.00,2716.00,4668.00,0.00,482050.81
4.87,0.00,0.00,0.00,12.00,0.00,2703.00,4681.00,0.00,480683.25
4.88,0.00,0.00,0.00,12.00,0.00,2696.00,4688.00,0.00,479329.60
4.88,0.00,0.00,0.00,12.00,0.00,2685.00,4699.00,0.00,477928.57
4.89,0.00,0.00,0.00,12.00,0.00,2676.00,4708.00,0.00,476514.33
4.90,0.00,0.00,0.00,12.00,0.00,2667.00,4717.00,0.00,475088.02
4.90,0.00,0.00,0.00,12.00,0.00,2655.00,4729.00,0.00,473605.64
4.91,0.00,0.00,0.00,12.00,0.00,2652.00,4732.00,0.00,472207.27
4.92,0.00,0.00,0.00,12.00,0.00,2650.00,4734.00,0.00,470900.61
4.92,0.00,0.00,0.00,12.00,0.00,2645.00,4739.00,0.00,469632.62
4.93,0.00,0.00,0.00,12.00,0.00,2639.00,4745.00,0.00,468384.90
4.94,0.00,0.00,0.00,12.00,0.00,2627.00,4757.00,0.00,467065.55
4.94,0.00,0.00,0.00,12.00,0.00,2624.00,4760.00,0.00,465816.01
4.95,0.00,0.00,0.00,12.00,0.00,2610.00,4774.00,0.00,464464.96
4.96,0.00,0.00,0.00,12.00,0.00,2601.00,4783.00,0.00,463096.34
4.97,0.00,0.00,0.00,12.00,0.00,2590.00,4794.00,0.00,461681.64
4.97,0.00,0.00,0.00,12.00,0.00,2580.00,4804.00,0.00,460239.90
4.98,0.00,0.00,0.00,12.00,0.00,2573.00,4811.00,0.00,458818.53
4.99,0.00,0.00,0.00,12.00,0.00,2567.00,4817.00,0.00,457430.80
4.99,0.00,0.00,0.00,12.00,0.00,2560.00,4824.00,0.00,456058.74
5.00,0.00,0.00,0.00,12.00,0.00,2552.00,4832.00,0.00,454685.97
5.01,0.00,0.00,0.00,12.00,0.00,2549.00,4835.00,0.00,453387.66
5.01,0.00,0.00,0.00,12.00,0.00,2544.00,4840.00,0.00,452127.29
5.02,0.00,0.00,0.00,12.00,0.00,2539.00,4845.00,0.00,450901.55
5.03,0.00,0.00,0.00,12.00,0.00,2528.00,4856.00,0.00,449617.30
5.03,0.00,0.00,0.00,12.00,0.00,2521.00,4863.00,0.00,448339.70
5.04,0.00,0.00,0.00,12.00,0.00,2510.00,4874.00,0.00,447008.10
5.05,0.00,0.00,0.00,12.00,0.00,2504.00,4880.00,0.00,445702.31
5.06,0.00,0.00,0.00,12.00,0.00,2497.00,4887.00,0.00,444405.07
5.06,0.00,0.00,0.00,12.00,0.00,2494.00,4890.00,0.00,443175.71
5.07,0.00,0.00,0.00,12.00,0.00,2487.00,4897.00,0.00,441948.24
5.08,0.00,0.00,0.00,12.00,0.00,2483.00,4901.00,0.00,440767.56
5.08,0.00,0.00,0.00,12.00,0.00,2473.00,4911.00,0.00,439539.46
5.09,0.00,0.00,0.00,12.00,0.00,2465.00,4919.00,0.00,438298.11
5.10,0.00,0.00,0.00,12.00,0.00,2456.00,4928.00,0.00,437029.64
5.10,0.00,0.00,0.00,12.00,0.00,2450.00,4934.00,0.00,435781.49
5.11,0.00,0.00,0.00,12.00,0.00,2439.00,4945.00,0.00,434476.77
5.12,0.00,0.00,0.00,12.00,0.00,2433.00,4951.00,0.00,433195.52
5.12,0.00,0.00,0.00,12.00,0.00,2423.00,4961.00,0.00,431875.60
5.13,0.00,0.00,0.00,12.00,0.00,2416.00,4968.00,0.00,430565.46
5.14,0.00,0.00,0.00,12.00,0.00,2412.00,4972.00,0.00,429309.30
5.15,0.00,0.00,0.00,12.00,0.00,2409.00,4975.00,0.00,428117.46
5.15,0.00,0.00,0.00,12.00,0.00,2401.00,4983.00,0.00,426909.21
5.16,0.00,0.00,0.00,12.00,0.00,2392.00,4992.00,0.00,425670.97
5.17,0.00,0.00,0.00,12.00,0.00,2386.00,4998.00,0.00,424450.40
5.17,0.00,0.00,0.00,12.00,0.00,2382.00,5002.00,0.00,423276.03
5.18,0.00,0.00,0.00,12.00,0.00,2373.00,5011.00,0.00,422068.71
5.19,0.00,0.00,0.00,12.00,0.00,2367.00,5017.00,0.00,420876.37
5.19,0.00,0.00,0.00,12.00,0.00,2359.00,5025.00,0.00,419667.68
5.20,0.00,0.00,0.00,12.00,0.00,2351.00,5033.00,0.00,418444.05
5.21,0.00,0.00,0.00,12.00,0.00,2343.00,5041.00,0.00,417206.78
5.22,0.00,0.00,0.00,12.00,0.00,2331.00,5053.00,0.00,415896.98
5.22,0.00,0.00,0.00,12.00,0.00,2318.00,5066.00,0.00,414505.92
5.23,0.00,0.00,0.00,12.00,0.00,2310.00,5074.00,0.00,413115.81
5.24,0.00,0.00,0.00,12.00,0.00,2302.00,5082.00,0.00,411726.56
5.24,0.00,0.00,0.00,12.00,0.00,2294.00,5090.00,0.00,410338.09
5.25,0.00,0.00,0.00,12.00,0.00,2288.00,5096.00,0.00,408980.39
5.26,0.00,0.00,0.00,12.00,0.00,2285.00,5099.00,0.00,407695.84
5.26,0.00,0.00,0.00,12.00,0.00,2274.00,5110.00,0.00,406357.89
5.27,0.00,0.00,0.00,12.00,0.00,2268.00,5116.00,0.00,405046.30
5.28,0.00,0.00,0.00,12.00,0.00,2259.00,5125.00,0.00,403713.71
5.28,0.00,0.00,0.00,12.00,0.00,2254.00,5130.00,0.00,402422.05
5.29,0.00,0.00,0.00,12.00,0.00,2244.00,5140.00,0.00,401092.62
5.30,0.00,0.00,0.00,12.00,0.00,2242.00,5142.00,0.00,399848.92
5.31,0.00,0.00,0.00,12.00,0.00,2235.00,5149.00,0.00,398608.34
5.31,0.00,0.00,0.00,12.00,0.00,2225.00,5159.00,0.00,397325.56
5.32,0.00,0.00,0.00,12.00,0.00,2220.00,5164.00,0.00,396079.37
5.33,0.00,0.00,0.00,12.00,0.00,2213.00,5171.00,0.00,394836.52
5.33,0.00,0.00,0.00,12.00,0.00,2206.00,5178.00,0.00,393596.74
5.34,0.00,0.00,0.00,12.00,0.00,2202.00,5182.00,0.00,392404.81
5.35,0.00,0.00,0.00,12.00,0.00,2197.00,5187.00,0.00,391241.57
5.35,0.00,0.00,0.00,12.00,0.00,2193.00,5191.00,0.00,390119.52
5.36,0.00,0.00,0.00,12.00,0.00,2185.00,5199.00,0.00,388974.98
5.37,0.00,0.00,0.00,12.00,0.00,2181.00,5203.00,0.00,387870.02
5.38,0.00,0.00,0.00,12.00,0.00,2177.00,5207.00,0.00,386801.18
5.38,0.00,0.00,0.00,12.00,0.00,2170.00,5214.00,0.00,385720.25
5.39,0.00,0.00,0.00,12.00,0.00,2161.00,5223.00,0.00,384598.23
5.40,0.00,0.00,0.00,12.00,0.00,2155.00,5229.00,0.00,383483.78
5.40,0.00,0.00,0.00,12.00,0.00,2148.00,5236.00,0.00,382361.20
5.41,0.00,0.00,0.00,12.00,0.00,2144.00,5240.00,0.00,381276.29
5.42,0.00,0.00,0.00,12.00,0.00,2137.00,5247.00,0.00,380180.68
5.42,0.00,0.00,0.00,12.00,0.00,2126.00,5258.00,0.00,379015.22
5.43,0.00,0.00,0.00,12.00,0.00,2122.00,5262.00,0.00,377891.15
5.44,0.00,0.00,0.00,12.00,0.00,2115.00,5269.00,0.00,376759.79
5.44,0.00,0.00,0.00,12.00,0.00,2111.00,5273.00,0.00,375666.86
5.45,0.00,0.00,0.00,12.00,0.00,2108.00,5276.00,0.00,374624.03
5.46,0.00,0.00,0.00,12.00,0.00,2101.00,5283.00,0.00,373566.84
5.47,0.00,0.00,0.00,12.00,0.00,2093.00,5291.00,0.00,372481.52
5.47,0.00,0.00,0.00,12.00,0.00,2089.00,5295.00,0.00,371430.62
5.48,0.00,0.00,0.00,12.00,0.00,2080.00,5304.00,0.00,370336.01
5.49,0.00,0.00,0.00,12.00,0.00,2074.00,5310.00,0.00,369246.58
5.49,0.00,0.00,0.00,12.00,0.00,2066.00,5318.00,0.00,368131.83
5.50,0.00,0.00,0.00,12.00,0.00,2055.00,5329.00,0.00,366948.89
5.51,0.00,0.00,0.00,12.00,0.00,2048.00,5336.00,0.00,365763.80
5.51,0.00,0.00,0.00,12.00,0.00,2045.00,5339.00,0.00,364636.83
5.52,0.00,0.00,0.00,12.00,0.00,2034.00,5350.00,0.00,363442.74
5.53,0.00,0.00,0.00,12.00,0.00,2032.00,5352.00,0.00,362322.57
5.53,0.00,0.00,0.00,12.00,0.00,2025.00,5359.00,0.00,361194.79
5.54,0.00,0.00,0.00,12.00,0.00,2015.00,5369.00,0.00,360014.98
5.55,0.00,0.00,0.00,12.00,0.00,2010.00,5374.00,0.00,358862.78
5.56,0.00,0.00,0.00,12.00,0.00,2001.00,5383.00,0.00,357675.71
5.56,0.00,0.00,0.00,12.00,0.00,1992.00,5392.00,0.00,356456.79
5.57,0.00,0.00,0.00,12.00,0.00,1988.00,5396.00,0.00,355283.92
5.58,0.00,0.00,0.00,12.00,0.00,1986.00,5398.00,0.00,354183.13
5.58,0.00,0.00,0.00,12.00,0.00,1981.00,5403.00,0.00,353103.08
5.59,0.00,0.00,0.00,12.00,0.00,1976.00,5408.00,0.00,352041.96
5.60,0.00,0.00,0.00,12.00,0.00,1970.00,5414.00,0.00,350983.10
5.60,0.00,0.00,0.00,12.00,0.00,1962.00,5422.00,0.00,349896.25
5.61,0.00,0.00,0.00,12.00,0.00,1955.00,5429.00,0.00,348798.88
5.62,0.00,0.00,0.00,12.00,0.00,1947.00,5437.00,0.00,347676.88
5.62,0.00,0.00,0.00,12.00,0.00,1942.00,5442.00,0.00,346577.47
5.63,0.00,0.00,0.00,12.00,0.00,1933.00,5451.00,0.00,345438.58
5.64,0.00,0.00,0.00,12.00,0.00,1928.00,5456.00,0.00,344323.74
5.65,0.00,0.00,0.00,12.00,0.00,1922.00,5462.00,0.00,343215.84
5.65,0.00,0.00,0.00,12.00,0.00,1917.00,5467.00,0.00,342129.30
5.66,0.00,0.00,0.00,12.00,0.00,1910.00,5474.00,0.00,341032.20
5.67,0.00,0.00,0.00,12.00,0.00,1904.00,5480.00,0.00,339940.50
5.67,0.00,0.00,0.00,12.00,0.00,1899.00,5485.00,0.00,338868.74
5.68,0.00,0.00,0.00,12.00,0.00,1898.00,5486.00,0.00,337875.29
5.69,0.00,0.00,0.00,12.00,0.00,1890.00,5494.00,0.00,336848.16
5.69,0.00,0.00,0.00,12.00,0.00,1881.00,5503.00,0.00,335775.25
5.70,0.00,0.00,0.00,12.00,0.00,1871.00,5513.00,0.00,334645.54
5.71,0.00,0.00,0.00,12.00,0.00,1864.00,5520.00,0.00,333509.04
5.72,0.00,0.00,0.00,12.00,0.00,1857.00,5527.00,0.00,332366.34
5.72,0.00,0.00,0.00,12.00,0.00,1852.00,5532.00,0.00,331248.02
5.73,0.00,0.00,0.00,12.00,0.00,1846.00,5538.00,0.00,330136.95
5.74,0.00,0.00,0.00,12.00,0.00,1834.00,5550.00,0.00,328942.34
5.74,0.00,0.00,0.00,12.00,0.00,1830.00,5554.00,0.00,327791.67
5.75,0.00,0.00,0.00,12.00,0.00,1826.00,5558.00,0.00,326681.09
5.76,0.00,0.00,0.00,12.00,0.00,1820.00,5564.00,0.00,325577.09
5.76,0.00,0.00,0.00,12.00,0.00,1817.00,5567.00,0.00,324524.14
5.77,0.00,0.00,0.00,12.00,0.00,1809.00,5575.00,0.00,323442.70
5.78,0.00,0.00,0.00,12.00,0.00,1799.00,5585.00,0.00,322305.20
5.78,0.00,0.00,0.00,12.00,0.00,1792.00,5592.00,0.00,321161.58
5.79,0.00,0.00,0.00,12.00,0.00,1787.00,5597.00,0.00,320042.42
5.80,0.00,0.00,0.00,12.00,0.00,1779.00,5605.00,0.00,318900.54
5.81,0.00,0.00,0.00,12.00,0.00,1769.00,5615.00,0.00,317707.85
5.81,0.00,0.00,0.00,12.00,0.00,1765.00,5619.00,0.00,316558.93
5.82,0.00,0.00,0.00,12.00,0.00,1758.00,5626.00,0.00,315404.89
5.83,0.00,0.00,0.00,12.00,0.00,1750.00,5634.00,0.00,314231.15
5.83,0.00,0.00,0.00,12.00,0.00,1741.00,5643.00,0.00,313024.41
5.84,0.00,0.00,0.00,12.00,0.00,1737.00,5647.00,0.00,311862.65
5.85,0.00,0.00,0.00,12.00,0.00,1735.00,5649.00,0.00,310772.01
5.85,0.00,0.00,0.00,12.00,0.00,1730.00,5654.00,0.00,309701.22
5.86,0.00,0.00,0.00,12.00,0.00,1720.00,5664.00,0.00,308573.44
5.87,0.00,0.00,0.00,12.00,0.00,1711.00,5673.00,0.00,307408.66
5.88,0.00,0.00,0.00,12.00,0.00,1707.00,5677.00,0.00,306285.20
5.88,0.00,0.00,0.00,12.00,0.00,1702.00,5682.00,0.00,305184.46
5.89,0.00,0.00,0.00,12.00,0.00,1695.00,5689.00,0.00,304074.41
5.90,0.00,0.00,0.00,12.00,0.00,1682.00,5702.00,0.00,302865.71
5.90,0.00,0.00,0.00,12.00,0.00,1673.00,5711.00,0.00,301627.05
5.91,0.00,0.00,0.00,12.00,0.00,1663.00,5721.00,0.00,300346.02
5.92,0.00,0.00,0.00,12.00,0.00,1651.00,5733.00,0.00,298996.26
5.92,0.00,0.00,0.00,12.00,0.00,1646.00,5738.00,0.00,297688.91
5.93,0.00,0.00,0.00,12.00,0.00,1640.00,5744.00,0.00,296405.27
5.94,0.00,0.00,0.00,12.00,0.00,1625.00,5759.00,0.00,295008.05
5.94,0.00,0.00,0.00,12.00,0.00,1621.00,5763.00,0.00,293672.41
5.95,0.00,0.00,0.00,12.00,0.00,1612.00,5772.00,0.00,292317.85
5.96,0.00,0.00,0.00,12.00,0.00,1600.00,5784.00,0.00,290900.97
5.97,0.00,0.00,0.00,12.00,0.00,1588.00,5796.00,0.00,289427.19
5.97,0.00,0.00,0.00,12.00,0.00,1583.00,5801.00,0.00,288006.63
5.98,0.00,0.00,0.00,12.00,0.00,1577.00,5807.00,0.00,286619.62
5.99,0.00,0.00,0.00,12.00,0.00,1569.00,5815.00,0.00,285233.20
5.99,0.00,0.00,0.00,12.00,0.00,1565.00,5819.00,0.00,283907.42
6.00,0.00,0.00,0.00,12.00,0.00,1560.00,5824.00,0.00,282621.96
6.01,0.00,0.00,0.00,12.00,0.00,1549.00,5835.00,0.00,281283.18
6.01,0.00,0.00,0.00,12.00,0.00,1541.00,5843.00,0.00,279940.79
6.02,0.00,0.00,0.00,12.00,0.00,1536.00,5848.00,0.00,278640.18
6.03,0.00,0.00,0.00,12.00,0.00,1531.00,5853.00,0.00,277377.70
6.03,0.00,0.00,0.00,12.00,0.00,1524.00,5860.00,0.00,276119.99
6.04,0.00,0.00,0.00,12.00,0.00,1516.00,5868.00,0.00,274851.62
6.05,0.00,0.00,0.00,12.00,0.00,1506.00,5878.00,0.00,273543.45
6.06,0.00,0.00,0.00,12.00,0.00,1497.00,5887.00,0.00,272213.99
6.06,0.00,0.00,0.00,12.00,0.00,1489.00,5895.00,0.00,270880.11
6.07,0.00,0.00,0.00,12.00,0.00,1484.00,5900.00,0.00,269587.26
6.08,0.00,0.00,0.00,12.00,0.00,1479.00,5905.00,0.00,268331.87
6.08,0.00,0.00,0.00,12.00,0.00,1473.00,5911.00,0.00,267095.66
6.09,0.00,0.00,0.00,12.00,0.00,1468.00,5916.00,0.00,265891.98
6.10,0.00,0.00,0.00,12.00,0.00,1458.00,5926.00,0.00,264642.87
6.10,0.00,0.00,0.00,12.00,0.00,1451.00,5933.00,0.00,263397.38
6.11,0.00,0.00,0.00,12.00,0.00,1443.00,5941.00,0.00,262140.15
6.12,0.00,0.00,0.00,12.00,0.00,1438.00,5946.00,0.00,260917.27
6.12,0.00,0.00,0.00,12.00,0.00,1434.00,5950.00,0.00,259740.79
6.13,0.00,0.00,0.00,12.00,0.00,1424.00,5960.00,0.00,258516.53
6.14,0.00,0.00,0.00,12.00,0.00,1417.00,5967.00,0.00,257293.70
6.15,0.00,0.00,0.00,12.00,0.00,1410.00,5974.00,0.00,256072.19
6.15,0.00,0.00,0.00,12.00,0.00,1407.00,5977.00,0.00,254911.98
6.16,0.00,0.00,0.00,12.00,0.00,1401.00,5983.00,0.00,253762.65
6.17,0.00,0.00,0.00,12.00,0.00,1399.00,5985.00,0.00,252683.36
6.17,0.00,0.00,0.00,12.00,0.00,1392.00,5992.00,0.00,251592.88
6.18,0.00,0.00,0.00,12.00,0.00,1389.00,5995.00,0.00,250552.29
6.19,0.00,0.00,0.00,12.00,0.00,1386.00,5998.00,0.00,249557.24
6.19,0.00,0.00,0.00,12.00,0.00,1380.00,6004.00,0.00,248558.70
6.20,0.00,0.00,0.00,12.00,0.00,1374.00,6010.00,0.00,247556.97
6.21,0.00,0.00,0.00,12.00,0.00,1368.00,6016.00,0.00,246552.32
6.22,0.00,0.00,0.00,12.00,0.00,1365.00,6019.00,0.00,245590.09
6.22,0.00,0.00,0.00,12.00,0.00,1361.00,6023.00,0.00,244651.55
6.23,0.00,0.00,0.00,12.00,0.00,1354.00,6030.00,0.00,243689.58
6.24,0.00,0.00,0.00,12.00,0.00,1349.00,6035.00,0.00,242736.25
6.24,0.00,0.00,0.00,12.00,0.00,1341.00,6043.00,0.00,241745.75
6.25,0.00,0.00,0.00,12.00,0.00,1333.00,6051.00,0.00,240721.31
6.26,0.00,0.00,0.00,12.00,0.00,1330.00,6054.00,0.00,239741.01
6.26,0.00,0.00,0.00,12.00,0.00,1317.00,6067.00,0.00,238650.77
6.27,0.00,0.00,0.00,12.00,0.00,1307.00,6077.00,0.00,237505.23
6.28,0.00,0.00,0.00,12.00,0.00,1303.00,6081.00,0.00,236399.35
6.28,0.00,0.00,0.00,12.00,0.00,1300.00,6084.00,0.00,235344.69
6.29,0.00,0.00,0.00,12.00,0.00,1292.00,6092.00,0.00,234261.69
6.30,0.00,0.00,0.00,12.00,0.00,1284.00,6100.00,0.00,233152.80
6.31,0.00,0.00,0.00,12.00,0.00,1274.00,6110.00,0.00,231990.24
6.31,0.00,0.00,0.00,12.00,0.00,1265.00,6119.00,0.00,230793.70
6.32,0.00,0.00,0.00,12.00,0.00,1261.00,6123.00,0.00,229641.26
6.33,0.00,0.00,0.00,12.00,0.00,1251.00,6133.00,0.00,228438.94
6.33,0.00,0.00,0.00,12.00,0.00,1246.00,6138.00,0.00,227266.20
6.34,0.00,0.00,0.00,12.00,0.00,1242.00,6142.00,0.00,226135.48
6.35,0.00,0.00,0.00,12.00,0.00,1242.00,6142.00,0.00,225103.22
6.35,0.00,0.00,0.00,12.00,0.00,1238.00,6146.00,0.00,224100.75
6.36,0.00,0.00,0.00,12.00,0.00,1231.00,6153.00,0.00,223080.41
6.37,0.00,0.00,0.00,12.00,0.00,1224.00,6160.00,0.00,222043.76
6.38,0.00,0.00,0.00,12.00,0.00,1216.00,6168.00,0.00,220977.19
6.38,0.00,0.00,0.00,12.00,0.00,1209.00,6175.00,0.00,219898.33
6.39,0.00,0.00,0.00,12.00,0.00,1206.00,6178.00,0.00,218868.34
6.40,0.00,0.00,0.00,12.00,0.00,1199.00,6185.00,0.00,217822.88
6.40,0.00,0.00,0.00,12.00,0.00,1192.00,6192.00,0.00,216763.30
6.41,0.00,0.00,0.00,12.00,0.00,1186.00,6198.00,0.00,215705.83
6.42,0.00,0.00,0.00,12.00,0.00,1183.00,6201.00,0.00,214695.38
6.42,0.00,0.00,0.00,12.00,0.00,1178.00,6206.00,0.00,213697.80
6.43,0.00,0.00,0.00,12.00,0.00,1165.00,6219.00,0.00,212591.78
6.44,0.00,0.00,0.00,12.00,0.00,1157.00,6227.00,0.00,211461.89
6.44,0.00,0.00,0.00,12.00,0.00,1151.00,6233.00,0.00,210340.24
6.45,0.00,0.00,0.00,12.00,0.00,1147.00,6237.00,0.00,209256.17
6.46,0.00,0.00,0.00,12.00,0.00,1139.00,6245.00,0.00,208146.31
6.47,0.00,0.00,0.00,12.00,0.00,1131.00,6253.00,0.00,207012.91
6.47,0.00,0.00,0.00,12.00,0.00,1124.00,6260.00,0.00,205873.04
6.48,0.00,0.00,0.00,12.00,0.00,1114.00,6270.00,0.00,204682.19
6.49,0.00,0.00,0.00,12.00,0.00,1107.00,6277.00,0.00,203489.88
6.49,0.00,0.00,0.00,12.00,0.00,1098.00,6286.00,0.00,202266.18
6.50,0.00,0.00,0.00,12.00,0.00,1090.00,6294.00,0.00,201028.85
6.51,0.00,0.00,0.00,12.00,0.00,1083.00,6301.00,0.00,199794.10
6.51,0.00,0.00,0.00,12.00,0.00,1078.00,6306.00,0.00,198591.75
6.52,0.00,0.00,0.00,12.00,0.00,1068.00,6316.00,0.00,197343.86
6.53,0.00,0.00,0.00,12.00,0.00,1064.00,6320.00,0.00,196144.55
6.53,0.00,0.00,0.00,12.00,0.00,1056.00,6328.00,0.00,194929.48
6.54,0.00,0.00,0.00,12.00,0.00,1052.00,6332.00,0.00,193760.12
6.55,0.00,0.00,0.00,12.00,0.00,1045.00,6339.00,0.00,192587.42
6.56,0.00,0.00,0.00,12.00,0.00,1039.00,6345.00,0.00,191426.70
6.56,0.00,0.00,0.00,12.00,0.00,1034.00,6350.00,0.00,190291.93
6.57,0.00,0.00,0.00,12.00,0.00,1030.00,6354.00,0.00,189195.88
6.58,0.00,0.00,0.00,12.00,0.00,1023.00,6361.00,0.00,188090.11
6.58,0.00,0.00,0.00,12.00,0.00,1016.00,6368.00,0.00,186975.46
6.59,0.00,0.00,0.00,12.00,0.00,1014.00,6370.00,0.00,185927.83
6.60,0.00,0.00,0.00,12.00,0.00,1003.00,6381.00,0.00,184806.17
6.60,0.00,0.00,0.00,12.00,0.00,998.00,6386.00,0.00,183707.06
6.61,0.00,0.00,0.00,12.00,0.00,990.00,6394.00,0.00,182583.47
6.62,0.00,0.00,0.00,12.00,0.00,983.00,6401.00,0.00,181452.56
6.62,0.00,0.00,0.00,12.00,0.00,978.00,6406.00,0.00,180345.00
6.63,0.00,0.00,0.00,12.00,0.00,976.00,6408.00,0.00,179303.84
6.64,0.00,0.00,0.00,12.00,0.00,967.00,6417.00,0.00,178218.14
6.65,0.00,0.00,0.00,12.00,0.00,962.00,6422.00,0.00,177151.86
6.65,0.00,0.00,0.00,12.00,0.00,957.00,6427.00,0.00,176103.30
6.66,0.00,0.00,0.00,12.00,0.00,947.00,6437.00,0.00,174995.83
6.67,0.00,0.00,0.00,12.00,0.00,942.00,6442.00,0.00,173909.67
6.67,0.00,0.00,0.00,12.00,0.00,938.00,6446.00,0.00,172857.99
6.68,0.00,0.00,0.00,12.00,0.00,935.00,6449.00,0.00,171852.83
6.69,0.00,0.00,0.00,12.00,0.00,930.00,6454.00,0.00,170860.07
6.69,0.00,0.00,0.00,12.00,0.00,925.00,6459.00,0.00,169878.64
6.70,0.00,0.00,0.00,12.00,0.00,920.00,6464.00,0.00,168907.56
6.71,0.00,0.00,0.00,12.00,0.00,913.00,6471.00,0.00,167915.87
6.72,0.00,0.00,0.00,12.00,0.00,904.00,6480.00,0.00,166875.33
6.72,0.00,0.00,0.00,12.00,0.00,895.00,6489.00,0.00,165790.18
6.73,0.00,0.00,0.00,12.00,0.00,888.00,6496.00,0.00,164694.37
6.74,0.00,0.00,0.00,12.00,0.00,880.00,6504.00,0.00,163573.78
6.74,0.00,0.00,0.00,12.00,0.00,875.00,6509.00,0.00,162475.66
6.75,0.00,0.00,0.00,12.00,0.00,872.00,6512.00,0.00,161428.09
6.76,0.00,0.00,0.00,12.00,0.00,871.00,6513.00,0.00,160456.71
6.76,0.00,0.00,0.00,12.00,0.00,867.00,6517.00,0.00,159509.83
6.77,0.00,0.00,0.00,12.00,0.00,861.00,6523.00,0.00,158555.25
6.78,0.00,0.00,0.00,12.00,0.00,858.00,6526.00,0.00,157638.73
6.78,0.00,0.00,0.00,12.00,0.00,852.00,6532.00,0.00,156711.88
6.79,0.00,0.00,0.00,12.00,0.00,847.00,6537.00,0.00,155790.62
6.80,0.00,0.00,0.00,12.00,0.00,838.00,6546.00,0.00,154814.37
6.81,0.00,0.00,0.00,12.00,0.00,831.00,6553.00,0.00,153817.96
6.81,0.00,0.00,0.00,12.00,0.00,827.00,6557.00,0.00,152848.23
6.82,0.00,0.00,0.00,12.00,0.00,822.00,6562.00,0.00,151887.82
6.83,0.00,0.00,0.00,12.00,0.00,817.00,6567.00,0.00,150935.92
6.83,0.00,0.00,0.00,12.00,0.00,807.00,6577.00,0.00,149916.68
6.84,0.00,0.00,0.00,12.00,0.00,799.00,6585.00,0.00,148866.01
6.85,0.00,0.00,0.00,12.00,0.00,795.00,6589.00,0.00,147846.73
6.85,0.00,0.00,0.00,12.00,0.00,785.00,6599.00,0.00,146765.98
6.86,0.00,0.00,0.00,12.00,0.00,780.00,6604.00,0.00,145704.21
6.87,0.00,0.00,0.00,12.00,0.00,774.00,6610.00,0.00,144644.77
6.88,0.00,0.00,0.00,12.00,0.00,769.00,6615.00,0.00,143602.46
6.88,0.00,0.00,0.00,12.00,0.00,765.00,6619.00,0.00,142590.82
6.89,0.00,0.00,0.00,12.00,0.00,763.00,6621.00,0.00,141637.22
6.90,0.00,0.00,0.00,12.00,0.00,753.00,6631.00,0.00,140616.42
6.90,0.00,0.00,0.00,12.00,0.00,745.00,6639.00,0.00,139564.33
6.91,0.00,0.00,0.00,12.00,0.00,737.00,6647.00,0.00,138483.66
6.92,0.00,0.00,0.00,12.00,0.00,732.00,6652.00,0.00,137421.98
6.92,0.00,0.00,0.00,12.00,0.00,727.00,6657.00,0.00,136377.63
6.93,0.00,0.00,0.00,12.00,0.00,725.00,6659.00,0.00,135394.18
6.94,0.00,0.00,0.00,12.00,0.00,723.00,6661.00,0.00,134466.31
6.94,0.00,0.00,0.00,12.00,0.00,721.00,6663.00,0.00,133589.19
6.95,0.00,0.00,0.00,12.00,0.00,718.00,6666.00,0.00,132743.37
6.96,0.00,0.00,0.00,12.00,0.00,712.00,6672.00,0.00,131881.07
6.97,0.00,0.00,0.00,12.00,0.00,708.00,6676.00,0.00,131033.76
6.97,0.00,0.00,0.00,12.00,0.00,699.00,6685.00,0.00,130125.03
6.98,0.00,0.00,0.00,12.00,0.00,692.00,6692.00,0.00,129190.26
6.99,0.00,0.00,0.00,12.00,0.00,688.00,6696.00,0.00,128276.79
6.99,0.00,0.00,0.00,12.00,0.00,684.00,6700.00,0.00,127382.78
7.00,0.00,0.00,0.00,12.00,0.00,681.00,6703.00,0.00,126521.54
7.01,0.00,0.00,0.00,12.00,0.00,677.00,6707.00,0.00,125675.20
7.01,0.00,0.00,0.00,12.00,0.00,671.00,6713.00,0.00,124812.42
7.02,0.00,0.00,0.00,12.00,0.00,668.00,6716.00,0.00,123979.69
7.03,0.00,0.00,0.00,12.00,0.00,664.00,6720.00,0.00,123159.39
7.03,0.00,0.00,0.00,12.00,0.00,660.00,6724.00,0.00,122350.42
7.04,0.00,0.00,0.00,12.00,0.00,655.00,6729.00,0.00,121536.78
7.05,0.00,0.00,0.00,12.00,0.00,647.00,6737.00,0.00,120673.80
7.06,0.00,0.00,0.00,12.00,0.00,642.00,6742.00,0.00,119810.85
7.06,0.00,0.00,0.00,12.00,0.00,638.00,6746.00,0.00,118962.95
7.07,0.00,0.00,0.00,12.00,0.00,634.00,6750.00,0.00,118128.79
7.08,0.00,0.00,0.00,12.00,0.00,626.00,6758.00,0.00,117247.08
7.08,0.00,0.00,0.00,12.00,0.00,617.00,6767.00,0.00,116306.94
7.09,0.00,0.00,0.00,12.00,0.00,615.00,6769.00,0.00,115418.61
7.10,0.00,0.00,0.00,12.00,0.00,613.00,6771.00,0.00,114577.59
7.10,0.00,0.00,0.00,12.00,0.00,607.00,6777.00,0.00,113719.67
7.11,0.00,0.00,0.00,12.00,0.00,604.00,6780.00,0.00,112891.37
7.12,0.00,0.00,0.00,12.00,0.00,604.00,6780.00,0.00,112135.21
7.12,0.00,0.00,0.00,12.00,0.00,600.00,6784.00,0.00,111384.79
7.13,0.00,0.00,0.00,12.00,0.00,594.00,6790.00,0.00,110609.58
7.14,0.00,0.00,0.00,12.00,0.00,588.00,6796.00,0.00,109811.74
7.15,0.00,0.00,0.00,12.00,0.00,581.00,6803.00,0.00,108978.20
7.15,0.00,0.00,0.00,12.00,0.00,580.00,6804.00,0.00,108202.23
7.16,0.00,0.00,0.00,12.00,0.00,573.00,6811.00,0.00,107388.66
7.17,0.00,0.00,0.00,12.00,0.00,568.00,6816.00,0.00,106570.81
7.17,0.00,0.00,0.00,12.00,0.00,562.00,6822.00,0.00,105734.04
7.18,0.00,0.00,0.00,12.00,0.00,561.00,6823.00,0.00,104955.12
7.19,0.00,0.00,0.00,12.00,0.00,558.00,6826.00,0.00,104198.94
7.19,0.00,0.00,0.00,12.00,0.00,556.00,6828.00,0.00,103478.57
7.20,0.00,0.00,0.00,12.00,0.00,553.00,6831.00,0.00,102775.86
7.21,0.00,0.00,0.00,12.00,0.00,547.00,6837.00,0.00,102044.19
7.22,0.00,0.00,0.00,12.00,0.00,539.00,6845.00,0.00,101256.05
7.22,0.00,0.00,0.00,12.00,0.00,531.00,6853.00,0.00,100416.36
7.23,0.00,0.00,0.00,12.00,0.00,525.00,6859.00,0.00,99559.64
7.24,0.00,0.00,0.00,12.00,0.00,519.00,6865.00,0.00,98687.38
7.24,0.00,0.00,0.00,12.00,0.00,512.00,6872.00,0.00,97785.92
7.25,0.00,0.00,0.00,12.00,0.00,503.00,6881.00,0.00,96827.74
7.26,0.00,0.00,0.00,12.00,0.00,497.00,6887.00,0.00,95862.85
7.26,0.00,0.00,0.00,12.00,0.00,488.00,6896.00,0.00,94846.78
7.27,0.00,0.00,0.00,12.00,0.00,478.00,6906.00,0.00,93768.95
7.28,0.00,0.00,0.00,12.00,0.00,475.00,6909.00,0.00,92739.91
7.28,0.00,0.00,0.00,12.00,0.00,474.00,6910.00,0.00,91785.45
7.29,0.00,0.00,0.00,12.00,0.00,471.00,6913.00,0.00,90869.03
7.30,0.00,0.00,0.00,12.00,0.00,464.00,6920.00,0.00,89927.24
7.31,0.00,0.00,0.00,12.00,0.00,462.00,6922.00,0.00,89037.42
7.31,0.00,0.00,0.00,12.00,0.00,458.00,6926.00,0.00,88164.98
7.32,0.00,0.00,0.00,12.00,0.00,455.00,6929.00,0.00,87323.45
7.33,0.00,0.00,0.00,12.00,0.00,446.00,6938.00,0.00,86419.98
7.33,0.00,0.00,0.00,12.00,0.00,441.00,6943.00,0.00,85520.07
7.34,0.00,0.00,0.00,12.00,0.00,437.00,6947.00,0.00,84638.43
7.35,0.00,0.00,0.00,12.00,0.00,430.00,6954.00,0.00,83728.39
7.35,0.00,0.00,0.00,12.00,0.00,427.00,6957.00,0.00,82852.53
7.36,0.00,0.00,0.00,12.00,0.00,421.00,6963.00,0.00,81962.80
7.37,0.00,0.00,0.00,12.00,0.00,419.00,6965.00,0.00,81120.49
7.38,0.00,0.00,0.00,12.00,0.00,416.00,6968.00,0.00,80306.46
7.38,0.00,0.00,0.00,12.00,0.00,411.00,6973.00,0.00,79488.19
7.39,0.00,0.00,0.00,12.00,0.00,405.00,6979.00,0.00,78651.04
7.40,0.00,0.00,0.00,12.00,0.00,401.00,6983.00,0.00,77826.70
7.40,0.00,0.00,0.00,12.00,0.00,395.00,6989.00,0.00,76983.99
7.41,0.00,0.00,0.00,12.00,0.00,390.00,6994.00,0.00,76139.55
7.42,0.00,0.00,0.00,12.00,0.00,385.00,6999.00,0.00,75293.52
7.42,0.00,0.00,0.00,12.00,0.00,380.00,7004.00,0.00,74446.05
7.43,0.00,0.00,0.00,12.00,0.00,372.00,7012.00,0.00,73552.18
7.44,0.00,0.00,0.00,12.00,0.00,369.00,7015.00,0.00,72691.08
7.44,0.00,0.00,0.00,12.00,0.00,364.00,7020.00,0.00,71829.85
7.45,0.00,0.00,0.00,12.00,0.00,360.00,7024.00,0.00,70983.52
7.46,0.00,0.00,0.00,12.00,0.00,358.00,7026.00,0.00,70180.83
7.47,0.00,0.00,0.00,12.00,0.00,353.00,7031.00,0.00,69372.92
7.47,0.00,0.00,0.00,12.00,0.00,349.00,7035.00,0.00,68575.28
7.48,0.00,0.00,0.00,12.00,0.00,348.00,7036.00,0.00,67832.06
7.49,0.00,0.00,0.00,12.00,0.00,344.00,7040.00,0.00,67093.47
7.49,0.00,0.00,0.00,12.00,0.00,340.00,7044.00,0.00,66359.10
7.50,0.00,0.00,0.00,12.00,0.00,336.00,7048.00,0.00,65628.58
7.51,0.00,0.00,0.00,12.00,0.00,336.00,7048.00,0.00,64961.67
7.51,0.00,0.00,0.00,12.00,0.00,334.00,7050.00,0.00,64322.79
7.52,0.00,0.00,0.00,12.00,0.00,330.00,7054.00,0.00,63679.45
7.53,0.00,0.00,0.00,12.00,0.00,326.00,7058.00,0.00,63032.03
7.53,0.00,0.00,0.00,12.00,0.00,321.00,7063.00,0.00,62365.88
7.54,0.00,0.00,0.00,12.00,0.00,317.00,7067.00,0.00,61697.63
7.55,0.00,0.00,0.00,12.00,0.00,317.00,7067.00,0.00,61087.58
7.56,0.00,0.00,0.00,12.00,0.00,312.00,7072.00,0.00,60455.53
7.56,0.00,0.00,0.00,12.00,0.00,306.00,7078.00,0.00,59788.38
7.57,0.00,0.00,0.00,12.00,0.00,302.00,7082.00,0.00,59119.23
7.58,0.00,0.00,0.00,12.00,0.00,297.00,7087.00,0.00,58433.23
7.58,0.00,0.00,0.00,12.00,0.00,292.00,7092.00,0.00,57731.85
7.59,0.00,0.00,0.00,12.00,0.00,290.00,7094.00,0.00,57061.49
7.60,0.00,0.00,0.00,12.00,0.00,284.00,7100.00,0.00,56359.37
7.60,0.00,0.00,0.00,12.00,0.00,280.00,7104.00,0.00,55658.29
7.61,0.00,0.00,0.00,12.00,0.00,275.00,7109.00,0.00,54943.15
7.62,0.00,0.00,0.00,12.00,0.00,274.00,7110.00,0.00,54275.25
7.62,0.00,0.00,0.00,12.00,0.00,269.00,7115.00,0.00,53590.40
7.63,0.00,0.00,0.00,12.00,0.00,266.00,7118.00,0.00,52920.11
7.64,0.00,0.00,0.00,12.00,0.00,263.00,7121.00,0.00,52263.12
7.65,0.00,0.00,0.00,12.00,0.00,260.00,7124.00,0.00,51618.27
7.65,0.00,0.00,0.00,12.00,0.00,260.00,7124.00,0.00,51029.57
7.66,0.00,0.00,0.00,12.00,0.00,259.00,7125.00,0.00,50477.10
7.67,0.00,0.00,0.00,12.00,0.00,254.00,7130.00,0.00,49897.63
7.67,0.00,0.00,0.00,12.00,0.00,248.00,7136.00,0.00,49278.48
7.68,0.00,0.00,0.00,12.00,0.00,241.00,7143.00,0.00,48608.08
7.69,0.00,0.00,0.00,12.00,0.00,235.00,7149.00,0.00,47905.91
7.69,0.00,0.00,0.00,12.00,0.00,230.00,7154.00,0.00,47189.77
7.70,0.00,0.00,0.00,12.00,0.00,228.00,7156.00,0.00,46505.95
7.71,0.00,0.00,0.00,12.00,0.00,221.00,7163.00,0.00,45776.50
7.72,0.00,0.00,0.00,12.00,0.00,216.00,7168.00,0.00,45035.46
7.72,0.00,0.00,0.00,12.00,0.00,212.00,7172.00,0.00,44298.86
7.73,0.00,0.00,0.00,12.00,0.00,211.00,7173.00,0.00,43611.37
7.74,0.00,0.00,0.00,12.00,0.00,203.00,7181.00,0.00,42863.56
7.74,0.00,0.00,0.00,12.00,0.00,201.00,7183.00,0.00,42150.81
7.75,0.00,0.00,0.00,12.00,0.00,200.00,7184.00,0.00,41485.11
7.76,0.00,0.00,0.00,12.00,0.00,198.00,7186.00,0.00,40847.33
7.76,0.00,0.00,0.00,12.00,0.00,197.00,7187.00,0.00,40250.06
7.77,0.00,0.00,0.00,12.00,0.00,192.00,7192.00,0.00,39629.69
7.78,0.00,0.00,0.00,12.00,0.00,191.00,7193.00,0.00,39048.31
7.78,0.00,0.00,0.00,12.00,0.00,186.00,7198.00,0.00,38442.44
7.79,0.00,0.00,0.00,12.00,0.00,181.00,7203.00,0.00,37814.21
7.80,0.00,0.00,0.00,12.00,0.00,179.00,7205.00,0.00,37210.64
7.81,0.00,0.00,0.00,12.00,0.00,177.00,7207.00,0.00,36629.57
7.81,0.00,0.00,0.00,12.00,0.00,173.00,7211.00,0.00,36039.02
7.82,0.00,0.00,0.00,12.00,0.00,172.00,7212.00,0.00,35484.86
7.83,0.00,0.00,0.00,12.00,0.00,170.00,7214.00,0.00,34948.91
7.83,0.00,0.00,0.00,12.00,0.00,163.00,7221.00,0.00,34354.47
7.84,0.00,0.00,0.00,12.00,0.00,160.00,7224.00,0.00,33766.72
7.85,0.00,0.00,0.00,12.00,0.00,159.00,7225.00,0.00,33215.12
7.85,0.00,0.00,0.00,12.00,0.00,154.00,7230.00,0.00,32636.44
7.86,0.00,0.00,0.00,12.00,0.00,152.00,7232.00,0.00,32078.10
7.87,0.00,0.00,0.00,12.00,0.00,148.00,7236.00,0.00,31508.29
7.88,0.00,0.00,0.00,12.00,0.00,148.00,7236.00,0.00,30988.10
7.88,0.00,0.00,0.00,12.00,0.00,141.00,7243.00,0.00,30408.04
7.89,0.00,0.00,0.00,12.00,0.00,141.00,7243.00,0.00,29878.49
7.90,0.00,0.00,0.00,12.00,0.00,140.00,7244.00,0.00,29380.02
7.90,0.00,0.00,0.00,12.00,0.00,137.00,7247.00,0.00,28879.90
7.91,0.00,0.00,0.00,12.00,0.00,136.00,7248.00,0.00,28408.29
7.92,0.00,0.00,0.00,12.00,0.00,132.00,7252.00,0.00,27917.66
7.92,0.00,0.00,0.00,12.00,0.00,131.00,7253.00,0.00,27454.73
7.93,0.00,0.00,0.00,12.00,0.00,130.00,7254.00,0.00,27017.09
7.94,0.00,0.00,0.00,12.00,0.00,129.00,7255.00,0.00,26602.53
7.94,0.00,0.00,0.00,12.00,0.00,125.00,7259.00,0.00,26163.98
7.95,0.00,0.00,0.00,12.00,0.00,120.00,7264.00,0.00,25688.50
7.96,0.00,0.00,0.00,12.00,0.00,117.00,7267.00,0.00,25209.35
7.97,0.00,0.00,0.00,12.00,0.00,113.00,7271.00,0.00,24711.83
7.97,0.00,0.00,0.00,12.00,0.00,111.00,7273.00,0.00,24227.59
7.98,0.00,0.00,0.00,12.00,0.00,109.00,7275.00,0.00,23755.47
7.99,0.00,0.00,0.00,12.00,0.00,106.00,7278.00,0.00,23279.39
7.99,0.00,0.00,0.00,12.00,0.00,103.00,7281.00,0.00,22799.69
8.00,0.00,0.00,0.00,12.00,0.00,103.00,7281.00,0.00,22361.77
8.01,0.00,0.00,0.00,12.00,0.00,101.00,7283.00,0.00,21931.93
8.01,0.00,0.00,0.00,12.00,0.00,97.00,7287.00,0.00,21479.43
8.02,0.00,0.00,0.00,12.00,0.00,94.00,7290.00,0.00,21021.26
8.03,0.00,0.00,0.00,12.00,0.00,91.00,7293.00,0.00,20557.91
8.03,0.00,0.00,0.00,12.00,0.00,90.00,7294.00,0.00,20119.89
8.04,0.00,0.00,0.00,12.00,0.00,87.00,7297.00,0.00,19674.94
8.05,0.00,0.00,0.00,12.00,0.00,86.00,7298.00,0.00,19253.72
8.06,0.00,0.00,0.00,12.00,0.00,84.00,7300.00,0.00,18839.12
8.06,0.00,0.00,0.00,12.00,0.00,82.00,7302.00,0.00,18430.58
8.07,0.00,0.00,0.00,12.00,0.00,81.00,7303.00,0.00,18042.59
8.08,0.00,0.00,0.00,12.00,0.00,78.00,7306.00,0.00,17643.32
8.08,0.00,0.00,0.00,12.00,0.00,77.00,7307.00,0.00,17263.79
8.09,0.00,0.00,0.00,12.00,0.00,76.00,7308.00,0.00,16902.28
8.10,0.00,0.00,0.00,12.00,0.00,73.00,7311.00,0.00,16527.19
8.10,0.00,0.00,0.00,12.00,0.00,72.00,7312.00,0.00,16169.73
8.11,0.00,0.00,0.00,12.00,0.00,70.00,7314.00,0.00,15813.35
8.12,0.00,0.00,0.00,12.00,0.00,69.00,7315.00,0.00,15472.99
8.12,0.00,0.00,0.00,12.00,0.00,66.00,7318.00,0.00,15117.19
8.13,0.00,0.00,0.00,12.00,0.00,63.00,7321.00,0.00,14747.30
8.14,0.00,0.00,0.00,12.00,0.00,61.00,7323.00,0.00,14379.57
8.15,0.00,0.00,0.00,12.00,0.00,60.00,7324.00,0.00,14028.84
8.15,0.00,0.00,0.00,12.00,0.00,60.00,7324.00,0.00,13708.65
8.16,0.00,0.00,0.00,12.00,0.00,60.00,7324.00,0.00,13416.35
8.17,0.00,0.00,0.00,12.00,0.00,56.00,7328.00,0.00,13089.40
8.17,0.00,0.00,0.00,12.00,0.00,56.00,7328.00,0.00,12790.92
8.18,0.00,0.00,0.00,12.00,0.00,54.00,7330.00,0.00,12488.39
8.19,0.00,0.00,0.00,12.00,0.00,52.00,7332.00,0.00,12182.15
8.19,0.00,0.00,0.00,12.00,0.00,50.00,7334.00,0.00,11872.53
8.20,0.00,0.00,0.00,12.00,0.00,48.00,7336.00,0.00,11559.83
8.21,0.00,0.00,0.00,12.00,0.00,47.00,7337.00,0.00,11259.33
8.22,0.00,0.00,0.00,12.00,0.00,47.00,7337.00,0.00,10985.00
8.22,0.00,0.00,0.00,12.00,0.00,45.00,7339.00,0.00,10704.51
8.23,0.00,0.00,0.00,12.00,0.00,45.00,7339.00,0.00,10448.45
8.24,0.00,0.00,0.00,12.00,0.00,45.00,7339.00,0.00,10214.68
8.24,0.00,0.00,0.00,12.00,0.00,43.00,7341.00,0.00,9971.22
8.25,0.00,0.00,0.00,12.00,0.00,42.00,7342.00,0.00,9733.93
8.26,0.00,0.00,0.00,12.00,0.00,41.00,7343.00,0.00,9502.29
8.26,0.00,0.00,0.00,12.00,0.00,38.00,7346.00,0.00,9245.75
8.27,0.00,0.00,0.00,12.00,0.00,36.00,7348.00,0.00,8981.50
8.28,0.00,0.00,0.00,12.00,0.00,35.00,7349.00,0.00,8725.23
8.28,0.00,0.00,0.00,12.00,0.00,34.00,7350.00,0.00,8476.26
8.29,0.00,0.00,0.00,12.00,0.00,29.00,7355.00,0.00,8173.85
8.30,0.00,0.00,0.00,12.00,0.00,28.00,7356.00,0.00,7882.75
8.31,0.00,0.00,0.00,12.00,0.00,28.00,7356.00,0.00,7617.00
8.31,0.00,0.00,0.00,12.00,0.00,27.00,7357.00,0.00,7359.37
8.32,0.00,0.00,0.00,12.00,0.00,25.00,7359.00,0.00,7094.12
8.33,0.00,0.00,0.00,12.00,0.00,25.00,7359.00,0.00,6851.97
8.33,0.00,0.00,0.00,12.00,0.00,24.00,7360.00,0.00,6615.88
8.34,0.00,0.00,0.00,12.00,0.00,22.00,7362.00,0.00,6370.31
8.35,0.00,0.00,0.00,12.00,0.00,20.00,7364.00,0.00,6116.07
8.35,0.00,0.00,0.00,12.00,0.00,20.00,7364.00,0.00,5883.97
8.36,0.00,0.00,0.00,12.00,0.00,19.00,7365.00,0.00,5657.05
8.37,0.00,0.00,0.00,12.00,0.00,19.00,7365.00,0.00,5449.90
8.38,0.00,0.00,0.00,12.00,0.00,19.00,7365.00,0.00,5260.78
8.38,0.00,0.00,0.00,12.00,0.00,17.00,7367.00,0.00,5058.09
8.39,0.00,0.00,0.00,12.00,0.00,17.00,7367.00,0.00,4873.04
8.40,0.00,0.00,0.00,12.00,0.00,17.00,7367.00,0.00,4704.11
8.40,0.00,0.00,0.00,12.00,0.00,17.00,7367.00,0.00,4549.89
8.41,0.00,0.00,0.00,12.00,0.00,17.00,7367.00,0.00,4409.10
8.42,0.00,0.00,0.00,12.00,0.00,17.00,7367.00,0.00,4280.56
8.42,0.00,0.00,0.00,12.00,0.00,16.00,7368.00,0.00,4148.20
8.43,0.00,0.00,0.00,12.00,0.00,16.00,7368.00,0.00,4027.36
8.44,0.00,0.00,0.00,12.00,0.00,16.00,7368.00,0.00,3917.04
8.44,0.00,0.00,0.00,12.00,0.00,16.00,7368.00,0.00,3816.33
8.45,0.00,0.00,0.00,12.00,0.00,15.00,7369.00,0.00,3709.37
8.46,0.00,0.00,0.00,12.00,0.00,15.00,7369.00,0.00,3611.72
8.47,0.00,0.00,0.00,12.00,0.00,15.00,7369.00,0.00,3522.57
8.47,0.00,0.00,0.00,12.00,0.00,15.00,7369.00,0.00,3441.19
8.48,0.00,0.00,0.00,12.00,0.00,15.00,7369.00,0.00,3366.89
8.49,0.00,0.00,0.00,12.00,0.00,14.00,7370.00,0.00,3284.04
8.49,0.00,0.00,0.00,12.00,0.00,12.00,7372.00,0.00,3178.35
8.50,0.00,0.00,0.00,12.00,0.00,12.00,7372.00,0.00,3081.87
8.51,0.00,0.00,0.00,12.00,0.00,12.00,7372.00,0.00,2993.79
8.51,0.00,0.00,0.00,12.00,0.00,11.00,7373.00,0.00,2898.36
8.52,0.00,0.00,0.00,12.00,0.00,10.00,7374.00,0.00,2796.21
8.53,0.00,0.00,0.00,12.00,0.00,10.00,7374.00,0.00,2702.96
8.53,0.00,0.00,0.00,12.00,0.00,10.00,7374.00,0.00,2617.83
8.54,0.00,0.00,0.00,12.00,0.00,9.00,7375.00,0.00,2525.09
8.55,0.00,0.00,0.00,12.00,0.00,9.00,7375.00,0.00,2440.42
8.56,0.00,0.00,0.00,12.00,0.00,8.00,7376.00,0.00,2348.10
8.56,0.00,0.00,0.00,12.00,0.00,8.00,7376.00,0.00,2263.82
8.57,0.00,0.00,0.00,12.00,0.00,7.00,7377.00,0.00,2171.86
8.58,0.00,0.00,0.00,12.00,0.00,7.00,7377.00,0.00,2087.91
8.58,0.00,0.00,0.00,12.00,0.00,7.00,7377.00,0.00,2011.26
8.59,0.00,0.00,0.00,12.00,0.00,7.00,7377.00,0.00,1941.29
8.60,0.00,0.00,0.00,12.00,0.00,7.00,7377.00,0.00,1877.41
8.60,0.00,0.00,0.00,12.00,0.00,7.00,7377.00,0.00,1819.10
8.61,0.00,0.00,0.00,12.00,0.00,7.00,7377.00,0.00,1765.86
8.62,0.00,0.00,0.00,12.00,0.00,7.00,7377.00,0.00,1717.26
8.62,0.00,0.00,0.00,12.00,0.00,7.00,7377.00,0.00,1672.89
8.63,0.00,0.00,0.00,12.00,0.00,7.00,7377.00,0.00,1632.38
8.64,0.00,0.00,0.00,12.00,0.00,7.00,7377.00,0.00,1595.40
8.65,0.00,0.00,0.00,12.00,0.00,7.00,7377.00,0.00,1561.64
8.65,0.00,0.00,0.00,12.00,0.00,7.00,7377.00,0.00,1530.82
8.66,0.00,0.00,0.00,12.00,0.00,7.00,7377.00,0.00,1502.69
8.67,0.00,0.00,0.00,12.00,0.00,7.00,7377.00,0.00,1477.00
8.67,0.00,0.00,0.00,12.00,0.00,7.00,7377.00,0.00,1453.55
8.68,0.00,0.00,0.00,12.00,0.00,7.00,7377.00,0.00,1432.14
8.69,0.00,0.00,0.00,12.00,0.00,7.00,7377.00,0.00,1412.60
8.69,0.00,0.00,0.00,12.00,0.00,7.00,7377.00,0.00,1394.76
8.70,0.00,0.00,0.00,12.00,0.00,7.00,7377.00,0.00,1378.47
8.71,0.00,0.00,0.00,12.00,0.00,5.00,7379.00,0.00,1333.55
8.72,0.00,0.00,0.00,12.00,0.00,5.00,7379.00,0.00,1292.55
8.72,0.00,0.00,0.00,12.00,0.00,5.00,7379.00,0.00,1255.11
8.73,0.00,0.00,0.00,12.00,0.00,5.00,7379.00,0.00,1220.94
8.74,0.00,0.00,0.00,12.00,0.00,5.00,7379.00,0.00,1189.74
8.74,0.00,0.00,0.00,12.00,0.00,5.00,7379.00,0.00,1161.26
8.75,0.00,0.00,0.00,12.00,0.00,4.00,7380.00,0.00,1120.23
8.76,0.00,0.00,0.00,12.00,0.00,4.00,7380.00,0.00,1082.78
8.76,0.00,0.00,0.00,12.00,0.00,4.00,7380.00,0.00,1048.59
8.77,0.00,0.00,0.00,12.00,0.00,3.00,7381.00,0.00,1002.35
8.78,0.00,0.00,0.00,12.00,0.00,3.00,7381.00,0.00,960.14
8.78,0.00,0.00,0.00,12.00,0.00,3.00,7381.00,0.00,921.60
8.79,0.00,0.00,0.00,12.00,0.00,3.00,7381.00,0.00,886.42
8.80,0.00,0.00,0.00,12.00,0.00,3.00,7381.00,0.00,854.31
8.81,0.00,0.00,0.00,12.00,0.00,3.00,7381.00,0.00,824.99
8.81,0.00,0.00,0.00,12.00,0.00,3.00,7381.00,0.00,798.22
8.82,0.00,0.00,0.00,12.00,0.00,3.00,7381.00,0.00,773.78
8.83,0.00,0.00,0.00,12.00,0.00,3.00,7381.00,0.00,751.47
8.83,0.00,0.00,0.00,12.00,0.00,3.00,7381.00,0.00,731.11
8.84,0.00,0.00,0.00,12.00,0.00,3.00,7381.00,0.00,712.52
8.85,0.00,0.00,0.00,12.00,0.00,3.00,7381.00,0.00,695.54
8.85,0.00,0.00,0.00,12.00,0.00,2.00,7382.00,0.00,665.02
8.86,0.00,0.00,0.00,12.00,0.00,2.00,7382.00,0.00,637.16
8.87,0.00,0.00,0.00,12.00,0.00,2.00,7382.00,0.00,611.73
8.88,0.00,0.00,0.00,12.00,0.00,2.00,7382.00,0.00,588.51
8.88,0.00,0.00,0.00,12.00,0.00,2.00,7382.00,0.00,567.31
8.89,0.00,0.00,0.00,12.00,0.00,2.00,7382.00,0.00,547.95
8.90,0.00,0.00,0.00,12.00,0.00,2.00,7382.00,0.00,530.29
8.90,0.00,0.00,0.00,12.00,0.00,2.00,7382.00,0.00,514.16
8.91,0.00,0.00,0.00,12.00,0.00,2.00,7382.00,0.00,499.43
8.92,0.00,0.00,0.00,12.00,0.00,2.00,7382.00,0.00,485.99
8.92,0.00,0.00,0.00,12.00,0.00,2.00,7382.00,0.00,473.72
8.93,0.00,0.00,0.00,12.00,0.00,2.00,7382.00,0.00,462.52
8.94,0.00,0.00,0.00,12.00,0.00,2.00,7382.00,0.00,452.29
8.94,0.00,0.00,0.00,12.00,0.00,2.00,7382.00,0.00,442.95
8.95,0.00,0.00,0.00,12.00,0.00,2.00,7382.00,0.00,434.43
8.96,0.00,0.00,0.00,12.00,0.00,2.00,7382.00,0.00,426.64
8.97,0.00,0.00,0.00,12.00,0.00,1.00,7383.00,0.00,404.52
8.97,0.00,0.00,0.00,12.00,0.00,1.00,7383.00,0.00,384.32
8.98,0.00,0.00,0.00,12.00,0.00,1.00,7383.00,0.00,365.88
8.99,0.00,0.00,0.00,12.00,0.00,1.00,7383.00,0.00,349.04
8.99,0.00,0.00,0.00,12.00,0.00,1.00,7383.00,0.00,333.67
9.00,0.00,0.00,0.00,12.00,0.00,1.00,7383.00,0.00,319.64
9.01,0.00,0.00,0.00,12.00,0.00,1.00,7383.00,0.00,306.83
9.01,0.00,0.00,0.00,12.00,0.00,1.00,7383.00,0.00,295.13
9.02,0.00,0.00,0.00,12.00,0.00,1.00,7383.00,0.00,284.46
9.03,0.00,0.00,0.00,12.00,0.00,1.00,7383.00,0.00,274.71
9.03,0.00,0.00,0.00,12.00,0.00,1.00,7383.00,0.00,265.81
9.04,0.00,0.00,0.00,12.00,0.00,1.00,7383.00,0.00,257.69
9.05,0.00,0.00,0.00,12.00,0.00,1.00,7383.00,0.00,250.28
9.06,0.00,0.00,0.00,12.00,0.00,1.00,7383.00,0.00,243.51
9.06,0.00,0.00,0.00,12.00,0.00,1.00,7383.00,0.00,237.33
9.07,0.00,0.00,0.00,12.00,0.00,1.00,7383.00,0.00,231.68
9.08,0.00,0.00,0.00,12.00,0.00,1.00,7383.00,0.00,226.53
9.08,0.00,0.00,0.00,12.00,0.00,1.00,7383.00,0.00,221.83
9.09,0.00,0.00,0.00,12.00,0.00,1.00,7383.00,0.00,217.54
9.10,0.00,0.00,0.00,12.00,0.00,1.00,7383.00,0.00,213.62
9.10,0.00,0.00,0.00,12.00,0.00,1.00,7383.00,0.00,210.04
9.11,0.00,0.00,0.00,12.00,0.00,1.00,7383.00,0.00,206.77
9.12,0.00,0.00,0.00,12.00,0.00,1.00,7383.00,0.00,203.79
9.12,0.00,0.00,0.00,12.00,0.00,1.00,7383.00,0.00,201.07
9.13,0.00,0.00,0.00,12.00,0.00,1.00,7383.00,0.00,198.58
9.14,0.00,0.00,0.00,12.00,0.00,1.00,7383.00,0.00,196.32
9.15,0.00,0.00,0.00,12.00,0.00,1.00,7383.00,0.00,194.24
9.15,0.00,0.00,0.00,12.00,0.00,1.00,7383.00,0.00,192.35
9.16,0.00,0.00,0.00,12.00,0.00,1.00,7383.00,0.00,190.63
9.17,0.00,0.00,0.00,12.00,0.00,1.00,7383.00,0.00,189.05
9.17,0.00,0.00,0.00,12.00,0.00,1.00,7383.00,0.00,187.61
9.18,0.00,0.00,0.00,12.00,0.00,1.00,7383.00,0.00,186.30
9.19,0.00,0.00,0.00,12.00,0.00,1.00,7383.00,0.00,185.10
9.19,0.00,0.00,0.00,12.00,0.00,1.00,7383.00,0.00,184.01
9.20,0.00,0.00,0.00,12.00,0.00,1.00,7383.00,0.00,183.01
9.21,0.00,0.00,0.00,12.00,0.00,1.00,7383.00,0.00,182.09
9.22,0.00,0.00,0.00,12.00,0.00,1.00,7383.00,0.00,181.26
9.22,0.00,0.00,0.00,12.00,0.00,1.00,7383.00,0.00,180.50
9.23,0.00,0.00,0.00,12.00,0.00,1.00,7383.00,0.00,179.81
9.24,0.00,0.00,0.00,12.00,0.00,1.00,7383.00,0.00,179.17
9.24,0.00,0.00,0.00,12.00,0.00,1.00,7383.00,0.00,178.59
9.25,0.00,0.00,0.00,12.00,0.00,1.00,7383.00,0.00,178.07
9.26,0.00,0.00,0.00,12.00,0.00,1.00,7383.00,0.00,177.58
9.26,0.00,0.00,0.00,12.00,0.00,1.00,7383.00,0.00,177.14
9.27,0.00,0.00,0.00,12.00,0.00,1.00,7383.00,0.00,176.74
9.28,0.00,0.00,0.00,12.00,0.00,1.00,7383.00,0.00,176.37
9.28,0.00,0.00,0.00,12.00,0.00,1.00,7383.00,0.00,176.04
9.29,0.00,0.00,0.00,12.00,0.00,1.00,7383.00,0.00,175.73
9.30,0.00,0.00,0.00,12.00,0.00,1.00,7383.00,0.00,175.46
9.31,0.00,0.00,0.00,12.00,0.00,1.00,7383.00,0.00,175.20
9.31,0.00,0.00,0.00,12.00,0.00,1.00,7383.00,0.00,174.97
9.32,0.00,0.00,0.00,12.00,0.00,1.00,7383.00,0.00,174.76
9.33,0.00,0.00,0.00,12.00,0.00,1.00,7383.00,0.00,174.56
9.33,0.00,0.00,0.00,12.00,0.00,1.00,7383.00,0.00,174.38
9.34,0.00,0.00,0.00,12.00,0.00,1.00,7383.00,0.00,174.22
9.35,0.00,0.00,0.00,12.00,0.00,1.00,7383.00,0.00,174.08
9.35,0.00,0.00,0.00,12.00,0.00,1.00,7383.00,0.00,173.94
9.36,0.00,0.00,0.00,12.00,0.00,1.00,7383.00,0.00,173.82
9.37,0.00,0.00,0.00,12.00,0.00,1.00,7383.00,0.00,173.71
9.38,0.00,0.00,0.00,12.00,0.00,1.00,7383.00,0.00,173.60
9.38,0.00,0.00,0.00,12.00,0.00,1.00,7383.00,0.00,173.51
9.39,0.00,0.00,0.00,12.00,0.00,1.00,7383.00,0.00,173.42
9.40,0.00,0.00,0.00,12.00,0.00,1.00,7383.00,0.00,173.35
9.40,0.00,0.00,0.00,12.00,0.00,1.00,7383.00,0.00,173.28
9.41,0.00,0.00,0.00,12.00,0.00,1.00,7383.00,0.00,173.21
9.42,0.00,0.00,0.00,12.00,0.00,1.00,7383.00,0.00,173.15
9.42,0.00,0.00,0.00,12.00,0.00,1.00,7383.00,0.00,173.10
9.43,0.00,0.00,0.00,12.00,0.00,1.00,7383.00,0.00,173.05
9.44,0.00,0.00,0.00,12.00,0.00,1.00,7383.00,0.00,173.00
9.44,0.00,0.00,0.00,12.00,0.00,1.00,7383.00,0.00,172.96
9.45,0.00,0.00,0.00,12.00,0.00,1.00,7383.00,0.00,172.92
9.46,0.00,0.00,0.00,12.00,0.00,1.00,7383.00,0.00,172.89
9.47,0.00,0.00,0.00,12.00,0.00,1.00,7383.00,0.00,172.86
9.47,0.00,0.00,0.00,12.00,0.00,1.00,7383.00,0.00,172.83
9.48,0.00,0.00,0.00,12.00,0.00,1.00,7383.00,0.00,172.80
9.49,0.00,0.00,0.00,12.00,0.00,1.00,7383.00,0.00,172.78
9.49,0.00,0.00,0.00,12.00,0.00,1.00,7383.00,0.00,172.76
9.50,0.00,0.00,0.00,12.00,0.00,1.00,7383.00,0.00,172.74
9.51,0.00,0.00,0.00,12.00,0.00,1.00,7383.00,0.00,172.72
9.51,0.00,0.00,0.00,12.00,0.00,1.00,7383.00,0.00,172.70
9.52,0.00,0.00,0.00,12.00,0.00,0.00,7384.00,0.00,157.66
9.53,0.00,0.00,0.00,12.00,0.00,0.00,7384.00,0.00,143.94
9.53,0.00,0.00,0.00,12.00,0.00,0.00,7384.00,0.00,131.40
9.54,0.00,0.00,0.00,12.00,0.00,0.00,7384.00,0.00,119.96
9.55,0.00,0.00,0.00,12.00,0.00,0.00,7384.00,0.00,109.51
9.56,0.00,0.00,0.00,12.00,0.00,0.00,7384.00,0.00,99.98
9.56,0.00,0.00,0.00,12.00,0.00,0.00,7384.00,0.00,91.27
9.57,0.00,0.00,0.00,12.00,0.00,0.00,7384.00,0.00,83.33
9.58,0.00,0.00,0.00,12.00,0.00,0.00,7384.00,0.00,76.07
9.58,0.00,0.00,0.00,12.00,0.00,0.00,7384.00,0.00,69.45
9.59,0.00,0.00,0.00,12.00,0.00,0.00,7384.00,0.00,63.40
9.60,0.00,0.00,0.00,12.00,0.00,0.00,7384.00,0.00,57.88
9.60,0.00,0.00,0.00,12.00,0.00,0.00,7384.00,0.00,52.84
9.61,0.00,0.00,0.00,12.00,0.00,0.00,7384.00,0.00,48.24
9.62,0.00,0.00,0.00,12.00,0.00,0.00,7384.00,0.00,44.04
9.62,0.00,0.00,0.00,12.00,0.00,0.00,7384.00,0.00,40.20
9.63,0.00,0.00,0.00,12.00,0.00,0.00,7384.00,0.00,36.70
9.64,0.00,0.00,0.00,12.00,0.00,0.00,7384.00,0.00,33.51
9.65,0.00,0.00,0.00,12.00,0.00,0.00,7384.00,0.00,30.59
9.65,0.00,0.00,0.00,12.00,0.00,0.00,7384.00,0.00,27.92
9.66,0.00,0.00,0.00,12.00,0.00,0.00,7384.00,0.00,25.49
9.67,0.00,0.00,0.00,12.00,0.00,0.00,7384.00,0.00,23.27
9.67,0.00,0.00,0.00,12.00,0.00,0.00,7384.00,0.00,21.25
9.68,0.00,0.00,0.00,12.00,0.00,0.00,7384.00,0.00,19.40
9.69,0.00,0.00,0.00,12.00,0.00,0.00,7384.00,0.00,17.71
9.69,0.00,0.00,0.00,12.00,0.00,0.00,7384.00,0.00,16.17
9.70,0.00,0.00,0.00,12.00,0.00,0.00,7384.00,0.00,14.76
9.71,0.00,0.00,0.00,12.00,0.00,0.00,7384.00,0.00,13.47
9.72,0.00,0.00,0.00,12.00,0.00,0.00,7384.00,0.00,12.30
9.72,0.00,0.00,0.00,12.00,0.00,0.00,7384.00,0.00,11.23
9.73,0.00,0.00,0.00,12.00,0.00,0.00,7384.00,0.00,10.25
9.74,0.00,0.00,0.00,12.00,0.00,0.00,7384.00,0.00,9.36
9.74,0.00,0.00,0.00,12.00,0.00,0.00,7384.00,0.00,8.54
9.75,0.00,0.00,0.00,12.00,0.00,0.00,7384.00,0.00,7.80
9.76,0.00,0.00,0.00,12.00,0.00,0.00,7384.00,0.00,7.12
9.76,0.00,0.00,0.00,12.00,0.00,0.00,7384.00,0.00,6.50
9.77,0.00,0.00,0.00,12.00,0.00,0.00,7384.00,0.00,5.93
9.78,0.00,0.00,0.00,12.00,0.00,0.00,7384.00,0.00,5.42
9.78,0.00,0.00,0.00,12.00,0.00,0.00,7384.00,0.00,4.95
9.79,0.00,0.00,0.00,12.00,0.00,0.00,7384.00,0.00,4.52
9.80,0.00,0.00,0.00,12.00,0.00,0.00,7384.00,0.00,4.12
9.81,0.00,0.00,0.00,12.00,0.00,0.00,7384.00,0.00,3.76
9.81,0.00,0.00,0.00,12.00,0.00,0.00,7384.00,0.00,3.44
9.82,0.00,0.00,0.00,12.00,0.00,0.00,7384.00,0.00,3.14
9.83,0.00,0.00,0.00,12.00,0.00,0.00,7384.00,0.00,2.86
9.83,0.00,0.00,0.00,12.00,0.00,0.00,7384.00,0.00,2.61
9.84,0.00,0.00,0.00,12.00,0.00,0.00,7384.00,0.00,2.39
9.85,0.00,0.00,0.00,12.00,0.00,0.00,7384.00,0.00,2.18
9.85,0.00,0.00,0.00,12.00,0.00,0.00,7384.00,0.00,1.99
9.86,0.00,0.00,0.00,12.00,0.00,0.00,7384.00,0.00,1.82
9.87,0.00,0.00,0.00,12.00,0.00,0.00,7384.00,0.00,1.66
9.88,0.00,0.00,0.00,12.00,0.00,0.00,7384.00,0.00,1.51
9.88,0.00,0.00,0.00,12.00,0.00,0.00,7384.00,0.00,1.38
9.89,0.00,0.00,0.00,12.00,0.00,0.00,7384.00,0.00,1.26
9.90,0.00,0.00,0.00,12.00,0.00,0.00,7384.00,0.00,1.15
9.90,0.00,0.00,0.00,12.00,0.00,0.00,7384.00,0.00,1.05
9.91,0.00,0.00,0.00,12.00,0.00,0.00,7384.00,0.00,0.96
9.92,0.00,0.00,0.00,12.00,0.00,0.00,7384.00,0.00,0.88
9.92,0.00,0.00,0.00,12.00,0.00,0.00,7384.00,0.00,0.80
9.93,0.00,0.00,0.00,12.00,0.00,0.00,7384.00,0.00,0.73
9.94,0.00,0.00,0.00,12.00,0.00,0.00,7384.00,0.00,0.67
9.94,0.00,0.00,0.00,12.00,0.00,0.00,7384.00,0.00,0.61
9.95,0.00,0.00,0.00,12.00,0.00,0.00,7384.00,0.00,0.56
9.96,0.00,0.00,0.00,12.00,0.00,0.00,7384.00,0.00,0.51
9.97,0.00,0.00,0.00,12.00,0.00,0.00,7384.00,0.00,0.46
9.97,0.00,0.00,0.00,12.00,0.00,0.00,7384.00,0.00,0.42
9.98,0.00,0.00,0.00,12.00,0.00,0.00,7384.00,0.00,0.39
9.99,0.00,0.00,0.00,12.00,0.00,0.00,7384.00,0.00,0.35
9.99,0.00,0.00,0.00,12.00,0.00,0.00,7384.00,0.00,0.32
