Time,U,AI1,AI2,AD,BI2,BI2,BD,VA,VB
0.00,7395.00,1.00,0.00,0.00,0.00,0.00,0.00,75.00,75.00
0.01,7394.00,2.00,0.00,0.00,0.00,0.00,0.00,68.52,68.47
0.01,7393.00,3.00,0.00,0.00,0.00,0.00,0.00,62.60,62.51
0.02,7389.00,4.00,0.00,0.00,3.00,0.00,0.00,57.19,57.06
0.03,7389.00,3.00,1.00,0.00,3.00,0.00,0.00,52.40,52.10
0.03,7387.00,4.00,1.00,0.00,4.00,0.00,0.00,48.02,47.56
0.04,7386.00,3.00,2.00,0.00,5.00,0.00,0.00,44.17,43.42
0.05,7386.00,3.00,2.00,0.00,5.00,0.00,0.00,40.66,39.64
0.06,7385.00,4.00,2.00,0.00,5.00,0.00,0.00,37.44,36.19
0.06,7385.00,4.00,2.00,0.00,5.00,0.00,0.00,34.51,33.03
0.07,7384.00,4.00,2.00,0.00,5.00,1.00,0.00,31.83,45.18
0.08,7384.00,4.00,2.00,0.00,5.00,1.00,0.00,29.38,56.27
0.08,7383.00,4.00,1.00,1.00,6.00,1.00,0.00,26.99,66.39
0.09,7381.00,6.00,1.00,1.00,6.00,1.00,0.00,24.81,75.64
0.10,7381.00,5.00,2.00,1.00,5.00,2.00,0.00,22.96,99.10
0.10,7379.00,5.00,2.00,1.00,7.00,2.00,0.00,21.28,120.51
0.11,7377.00,7.00,2.00,1.00,7.00,2.00,0.00,19.74,140.07
0.12,7377.00,7.00,1.00,2.00,7.00,2.00,0.00,18.19,157.92
0.12,7375.00,7.00,1.00,2.00,8.00,3.00,0.00,16.77,189.23
0.13,7372.00,8.00,1.00,2.00,9.00,4.00,0.00,15.47,232.85
0.14,7368.00,8.00,1.00,2.00,12.00,5.00,0.00,14.28,287.69
0.15,7365.00,8.00,1.00,2.00,15.00,5.00,0.00,13.20,337.75
0.15,7362.00,8.00,1.00,2.00,18.00,4.00,1.00,12.21,368.44
0.16,7361.00,9.00,1.00,2.00,15.00,7.00,1.00,11.30,441.52
0.17,7359.00,9.00,1.00,2.00,17.00,7.00,1.00,10.48,508.23
0.17,7358.00,8.00,2.00,2.00,18.00,7.00,1.00,9.87,569.14
0.18,7351.00,8.00,2.00,2.00,25.00,7.00,1.00,9.32,624.74
0.19,7349.00,7.00,3.00,2.00,27.00,7.00,1.00,8.96,675.50
0.19,7342.00,6.00,3.00,3.00,34.00,7.00,1.00,8.64,721.85
0.20,7339.00,6.00,3.00,3.00,37.00,7.00,1.00,8.34,764.15
0.21,7334.00,6.00,3.00,3.00,40.00,9.00,1.00,8.07,832.82
0.22,7327.00,7.00,3.00,3.00,44.00,10.00,2.00,7.83,910.53
0.22,7324.00,7.00,3.00,3.00,47.00,9.00,3.00,7.60,966.46
0.23,7318.00,7.00,3.00,3.00,53.00,9.00,3.00,7.40,1017.51
0.24,7317.00,7.00,3.00,3.00,52.00,10.00,4.00,7.21,1079.14
0.24,7312.00,7.00,3.00,3.00,55.00,11.00,5.00,7.04,1150.43
0.25,7310.00,7.00,3.00,3.00,53.00,14.00,6.00,6.88,1260.58
0.26,7304.00,7.00,3.00,3.00,57.00,16.00,6.00,6.73,1391.18
0.26,7300.00,7.00,3.00,3.00,59.00,18.00,6.00,6.60,1540.46
0.27,7294.00,7.00,3.00,3.00,64.00,18.00,7.00,6.48,1676.74
0.28,7286.00,6.00,3.00,4.00,72.00,17.00,8.00,6.37,1786.13
0.28,7278.00,6.00,3.00,4.00,78.00,19.00,8.00,6.27,1916.04
0.29,7272.00,6.00,3.00,4.00,83.00,20.00,8.00,6.18,2049.66
0.30,7267.00,6.00,3.00,4.00,84.00,24.00,8.00,6.10,2231.74
0.31,7261.00,6.00,3.00,4.00,89.00,24.00,9.00,6.02,2397.96
0.31,7254.00,6.00,3.00,4.00,95.00,24.00,10.00,5.95,2549.71
0.32,7245.00,6.00,3.00,4.00,104.00,24.00,10.00,5.89,2688.25
0.33,7235.00,6.00,3.00,4.00,111.00,27.00,10.00,5.83,2859.79
0.33,7230.00,6.00,3.00,4.00,113.00,30.00,10.00,5.78,3061.47
0.34,7216.00,6.00,3.00,4.00,120.00,33.00,14.00,5.73,3290.65
0.35,7206.00,6.00,3.00,4.00,126.00,36.00,15.00,5.68,3544.95
0.35,7198.00,6.00,3.00,4.00,129.00,40.00,16.00,5.64,3837.19
0.36,7188.00,6.00,3.00,4.00,136.00,39.00,20.00,5.61,4088.97
0.37,7181.00,6.00,3.00,4.00,138.00,44.00,20.00,5.57,4393.93
0.38,7173.00,6.00,3.00,4.00,141.00,49.00,20.00,5.54,4747.46
0.38,7161.00,6.00,3.00,4.00,149.00,53.00,20.00,5.51,5130.30
0.39,7150.00,6.00,3.00,4.00,154.00,55.00,24.00,5.49,5509.84
0.40,7137.00,6.00,3.00,4.00,162.00,58.00,26.00,5.47,5901.41
0.40,7124.00,5.00,3.00,5.00,172.00,60.00,27.00,5.44,6288.92
0.41,7113.00,5.00,3.00,5.00,172.00,71.00,27.00,5.42,6807.95
0.42,7102.00,5.00,3.00,5.00,181.00,71.00,29.00,5.41,7281.79
0.42,7088.00,5.00,3.00,5.00,193.00,72.00,30.00,5.39,7729.38
0.43,7078.00,5.00,3.00,5.00,198.00,77.00,30.00,5.37,8213.12
0.44,7068.00,5.00,3.00,5.00,206.00,78.00,31.00,5.36,8669.76
0.44,7055.00,5.00,3.00,5.00,216.00,79.00,33.00,5.35,9101.66
0.45,7039.00,5.00,3.00,5.00,228.00,82.00,34.00,5.34,9541.02
0.46,7028.00,5.00,3.00,5.00,227.00,92.00,36.00,5.33,10092.35
0.47,7016.00,5.00,3.00,5.00,229.00,102.00,36.00,5.32,10745.91
0.47,7006.00,5.00,2.00,6.00,237.00,104.00,36.00,5.16,11372.60
0.48,6996.00,5.00,2.00,6.00,242.00,106.00,39.00,5.01,11974.77
0.49,6983.00,5.00,2.00,6.00,249.00,108.00,43.00,4.88,12554.56
0.49,6965.00,5.00,2.00,6.00,258.00,116.00,44.00,4.76,13204.04
0.50,6954.00,5.00,1.00,7.00,262.00,120.00,47.00,4.50,13857.06
0.51,6938.00,5.00,1.00,7.00,274.00,124.00,47.00,4.26,14513.31
0.51,6923.00,5.00,1.00,7.00,281.00,132.00,47.00,4.04,15232.60
0.52,6904.00,5.00,1.00,7.00,294.00,137.00,48.00,3.84,15964.37
0.53,6892.00,5.00,1.00,7.00,296.00,143.00,52.00,3.66,16722.57
0.53,6874.00,4.00,2.00,7.00,305.00,149.00,55.00,3.64,17504.88
0.54,6854.00,4.00,2.00,7.00,319.00,153.00,57.00,3.63,18279.16
0.55,6835.00,4.00,2.00,7.00,327.00,159.00,62.00,3.62,19076.16
0.56,6822.00,4.00,2.00,7.00,331.00,165.00,65.00,3.61,19893.90
0.56,6804.00,4.00,2.00,7.00,344.00,168.00,67.00,3.59,20685.51
0.57,6789.00,5.00,2.00,7.00,349.00,175.00,69.00,3.58,21513.34
0.58,6772.00,5.00,2.00,7.00,359.00,177.00,74.00,3.57,22299.14
0.58,6750.00,5.00,2.00,7.00,364.00,191.00,77.00,3.57,23226.84
0.59,6733.00,5.00,2.00,7.00,368.00,200.00,81.00,3.56,24208.96
0.60,6713.00,5.00,2.00,7.00,382.00,205.00,82.00,3.55,25180.68
0.60,6695.00,5.00,1.00,8.00,380.00,218.00,89.00,3.39,26263.09
0.61,6671.00,5.00,1.00,8.00,387.00,230.00,94.00,3.25,27431.52
0.62,6652.00,5.00,1.00,8.00,392.00,237.00,101.00,3.12,28603.38
0.62,6633.00,5.00,1.00,8.00,404.00,241.00,104.00,3.00,29733.28
0.63,6609.00,5.00,1.00,8.00,418.00,248.00,107.00,2.89,30869.96
0.64,6584.00,5.00,1.00,8.00,428.00,260.00,110.00,2.79,32087.94
0.65,6562.00,5.00,1.00,8.00,436.00,268.00,116.00,2.70,33320.05
0.65,6543.00,5.00,1.00,8.00,445.00,275.00,119.00,2.62,34550.03
0.66,6516.00,5.00,1.00,8.00,463.00,282.00,121.00,2.54,35778.07
0.67,6489.00,4.00,2.00,8.00,478.00,289.00,126.00,2.62,37004.35
0.67,6459.00,4.00,2.00,8.00,493.00,301.00,129.00,2.70,38304.12
0.68,6421.00,4.00,2.00,8.00,512.00,316.00,133.00,2.76,39716.05
0.69,6392.00,4.00,1.00,9.00,523.00,328.00,139.00,2.68,41185.32
0.69,6371.00,4.00,1.00,9.00,533.00,332.00,146.00,2.59,42586.75
0.70,6341.00,4.00,1.00,9.00,552.00,341.00,148.00,2.52,44001.35
0.71,6315.00,4.00,1.00,9.00,562.00,355.00,150.00,2.45,45503.10
0.72,6289.00,3.00,2.00,9.00,569.00,373.00,151.00,2.54,47144.49
0.72,6257.00,3.00,2.00,9.00,586.00,380.00,159.00,2.62,48748.13
0.73,6226.00,3.00,2.00,9.00,601.00,390.00,165.00,2.70,50362.35
0.74,6202.00,3.00,2.00,9.00,599.00,413.00,168.00,2.76,52181.55
0.74,6167.00,3.00,2.00,9.00,616.00,423.00,176.00,2.83,53992.57
0.75,6127.00,3.00,2.00,9.00,640.00,437.00,178.00,2.88,55856.22
0.76,6095.00,3.00,2.00,9.00,655.00,450.00,182.00,2.93,57752.89
0.76,6065.00,3.00,2.00,9.00,660.00,468.00,189.00,2.98,59754.82
0.77,6040.00,3.00,2.00,9.00,665.00,485.00,192.00,3.02,61837.83
0.78,6014.00,3.00,2.00,9.00,664.00,510.00,194.00,3.06,64115.03
0.78,5973.00,3.00,2.00,9.00,679.00,531.00,199.00,3.10,66509.43
0.79,5940.00,3.00,2.00,9.00,693.00,540.00,209.00,3.13,68830.54
0.80,5903.00,3.00,2.00,9.00,707.00,560.00,212.00,3.16,71250.00
0.81,5871.00,3.00,2.00,9.00,718.00,578.00,215.00,3.19,73729.20
0.81,5831.00,3.00,2.00,9.00,733.00,597.00,221.00,3.21,76277.96
0.82,5791.00,3.00,2.00,9.00,745.00,616.00,230.00,3.24,78890.23
0.83,5756.00,3.00,2.00,9.00,761.00,629.00,236.00,3.26,81470.33
0.83,5720.00,3.00,2.00,9.00,771.00,650.00,241.00,3.28,84141.25
0.84,5676.00,3.00,2.00,9.00,795.00,664.00,247.00,3.29,86789.92
0.85,5636.00,3.00,2.00,9.00,812.00,683.00,251.00,3.31,89493.39
0.85,5593.00,3.00,2.00,9.00,831.00,702.00,256.00,3.32,92246.90
0.86,5545.00,3.00,2.00,9.00,850.00,725.00,262.00,3.34,95106.17
0.87,5495.00,3.00,2.00,9.00,874.00,748.00,265.00,3.35,98062.00
0.88,5449.00,3.00,2.00,9.00,896.00,764.00,273.00,3.36,101000.82
0.88,5411.00,3.00,1.00,10.00,908.00,781.00,282.00,3.22,103939.13
0.89,5368.00,3.00,1.00,10.00,925.00,803.00,286.00,3.09,106952.10
0.90,5332.00,3.00,1.00,10.00,942.00,814.00,294.00,2.98,109867.96
0.90,5277.00,3.00,1.00,10.00,966.00,834.00,305.00,2.87,112830.38
0.91,5237.00,3.00,1.00,10.00,960.00,877.00,308.00,2.77,116180.84
0.92,5189.00,3.00,1.00,10.00,979.00,898.00,316.00,2.68,119555.05
0.92,5148.00,3.00,1.00,10.00,991.00,921.00,322.00,2.60,122980.97
0.93,5092.00,3.00,1.00,10.00,1022.00,937.00,331.00,2.53,126348.94
0.94,5049.00,3.00,1.00,10.00,1034.00,962.00,337.00,2.46,129799.23
0.94,5008.00,3.00,1.00,10.00,1040.00,995.00,339.00,2.40,133444.84
0.95,4955.00,3.00,0.00,11.00,1057.00,1023.00,347.00,2.19,137193.65
0.96,4904.00,3.00,0.00,11.00,1080.00,1043.00,355.00,2.00,140916.49
0.97,4864.00,3.00,0.00,11.00,1083.00,1072.00,363.00,1.83,144750.84
0.97,4822.00,3.00,0.00,11.00,1103.00,1087.00,370.00,1.67,148476.65
0.98,4768.00,3.00,0.00,11.00,1124.00,1111.00,379.00,1.52,152238.58
0.99,4726.00,3.00,0.00,11.00,1136.00,1138.00,382.00,1.39,156078.57
0.99,4663.00,3.00,0.00,11.00,1175.00,1159.00,385.00,1.27,159899.67
1.00,4617.00,3.00,0.00,11.00,1186.00,1185.00,394.00,1.16,163778.65
1.01,4551.00,3.00,0.00,11.00,1218.00,1213.00,400.00,1.06,167740.51
1.01,4504.00,3.00,0.00,11.00,1216.00,1256.00,406.00,0.97,172003.38
1.02,4462.00,2.00,1.00,11.00,1227.00,1279.00,414.00,1.04,176240.59
1.03,4410.00,2.00,1.00,11.00,1245.00,1304.00,423.00,1.10,180484.41
1.03,4357.00,2.00,1.00,11.00,1269.00,1325.00,431.00,1.15,184674.19
1.04,4310.00,2.00,1.00,11.00,1287.00,1346.00,439.00,1.20,188814.62
1.05,4257.00,2.00,1.00,11.00,1290.00,1390.00,445.00,1.25,193255.54
1.06,4214.00,2.00,1.00,11.00,1288.00,1425.00,455.00,1.29,197835.57
1.06,4160.00,2.00,1.00,11.00,1307.00,1451.00,464.00,1.33,202407.39
1.07,4107.00,2.00,1.00,11.00,1318.00,1487.00,470.00,1.37,207121.95
1.08,4044.00,2.00,1.00,11.00,1350.00,1511.00,477.00,1.40,211786.54
1.08,3989.00,2.00,1.00,11.00,1365.00,1545.00,483.00,1.43,216555.74
1.09,3930.00,2.00,1.00,11.00,1382.00,1580.00,490.00,1.45,221435.46
1.10,3876.00,2.00,1.00,11.00,1402.00,1610.00,494.00,1.48,226340.97
1.10,3818.00,2.00,1.00,11.00,1413.00,1646.00,505.00,1.50,231360.17
1.11,3758.00,2.00,1.00,11.00,1444.00,1665.00,515.00,1.52,236227.75
1.12,3711.00,2.00,1.00,11.00,1445.00,1708.00,518.00,1.54,241317.47
1.12,3656.00,2.00,1.00,11.00,1458.00,1741.00,527.00,1.56,246459.77
1.13,3602.00,2.00,1.00,11.00,1465.00,1780.00,535.00,1.57,251740.20
1.14,3546.00,2.00,1.00,11.00,1478.00,1814.00,544.00,1.59,257071.61
1.15,3485.00,2.00,0.00,12.00,1488.00,1859.00,550.00,1.45,262614.83
1.15,3432.00,2.00,0.00,12.00,1497.00,1896.00,557.00,1.33,268231.22
1.16,3373.00,2.00,0.00,12.00,1520.00,1924.00,565.00,1.21,273779.20
1.17,3314.00,2.00,0.00,12.00,1533.00,1961.00,574.00,1.11,279399.95
1.17,3265.00,2.00,0.00,12.00,1535.00,2001.00,581.00,1.01,285132.19
1.18,3216.00,2.00,0.00,12.00,1535.00,2044.00,587.00,0.92,291011.28
1.19,3160.00,2.00,0.00,12.00,1548.00,2079.00,595.00,0.84,296904.25
1.19,3101.00,2.00,0.00,12.00,1564.00,2116.00,601.00,0.77,302839.94
1.20,3052.00,2.00,0.00,12.00,1572.00,2152.00,606.00,0.70,308799.61
1.21,2985.00,2.00,0.00,12.00,1584.00,2201.00,612.00,0.64,314976.47
1.22,2927.00,2.00,0.00,12.00,1606.00,2231.00,618.00,0.59,321066.16
1.22,2882.00,2.00,0.00,12.00,1604.00,2268.00,628.00,0.54,327181.44
1.23,2835.00,2.00,0.00,12.00,1600.00,2314.00,633.00,0.49,333455.30
1.24,2785.00,1.00,0.00,13.00,1606.00,2349.00,642.00,0.45,339708.66
1.24,2724.00,1.00,0.00,13.00,1631.00,2379.00,648.00,0.41,345868.19
1.25,2663.00,1.00,0.00,13.00,1645.00,2420.00,654.00,0.37,352107.33
1.26,2610.00,1.00,0.00,13.00,1658.00,2455.00,659.00,0.34,358328.99
1.26,2557.00,1.00,0.00,13.00,1658.00,2499.00,668.00,0.31,364669.92
1.27,2500.00,1.00,0.00,13.00,1665.00,2546.00,671.00,0.29,371164.79
1.28,2452.00,1.00,0.00,13.00,1660.00,2591.00,679.00,0.26,377770.15
1.28,2380.00,1.00,0.00,13.00,1683.00,2632.00,687.00,0.24,384416.30
1.29,2310.00,1.00,0.00,13.00,1710.00,2668.00,694.00,0.22,391024.55
1.30,2270.00,1.00,0.00,13.00,1703.00,2707.00,702.00,0.20,397643.29
1.31,2199.00,1.00,0.00,13.00,1728.00,2749.00,706.00,0.18,404316.66
1.31,2154.00,1.00,0.00,13.00,1732.00,2784.00,712.00,0.17,410934.75
1.32,2118.00,1.00,0.00,13.00,1714.00,2831.00,719.00,0.15,417682.66
1.33,2058.00,1.00,0.00,13.00,1719.00,2881.00,724.00,0.14,424594.14
1.33,2001.00,1.00,0.00,13.00,1716.00,2933.00,732.00,0.13,431684.99
1.34,1955.00,1.00,0.00,13.00,1723.00,2962.00,742.00,0.12,438594.08
1.35,1902.00,1.00,0.00,13.00,1732.00,3002.00,746.00,0.11,445502.47
1.35,1855.00,1.00,0.00,13.00,1724.00,3047.00,756.00,0.10,452485.35
1.36,1809.00,1.00,0.00,13.00,1722.00,3089.00,762.00,0.09,459491.16
1.37,1757.00,1.00,0.00,13.00,1743.00,3115.00,767.00,0.08,466277.53
1.38,1709.00,1.00,0.00,13.00,1758.00,3139.00,776.00,0.07,472833.52
1.38,1655.00,1.00,0.00,13.00,1771.00,3173.00,783.00,0.07,479329.44
1.39,1605.00,1.00,0.00,13.00,1771.00,3216.00,790.00,0.06,485905.70
1.40,1561.00,1.00,0.00,13.00,1773.00,3249.00,799.00,0.06,492405.10
1.40,1517.00,1.00,0.00,13.00,1777.00,3276.00,812.00,0.05,498744.18
1.41,1479.00,1.00,0.00,13.00,1767.00,3320.00,816.00,0.05,505192.29
1.42,1423.00,0.00,1.00,13.00,1772.00,3362.00,825.00,0.19,511709.90
1.42,1390.00,0.00,1.00,13.00,1756.00,3407.00,829.00,0.33,518336.02
1.43,1357.00,0.00,1.00,13.00,1736.00,3452.00,837.00,0.45,525061.21
1.44,1323.00,0.00,1.00,13.00,1716.00,3494.00,849.00,0.56,531831.77
1.44,1288.00,0.00,1.00,13.00,1710.00,3527.00,857.00,0.66,538508.53
1.45,1257.00,0.00,1.00,13.00,1679.00,3584.00,862.00,0.75,545460.23
1.46,1218.00,0.00,1.00,13.00,1672.00,3623.00,869.00,0.84,552392.50
1.47,1187.00,0.00,1.00,13.00,1656.00,3662.00,877.00,0.92,559307.04
1.47,1150.00,0.00,1.00,13.00,1642.00,3706.00,884.00,0.99,566280.51
1.48,1114.00,0.00,1.00,13.00,1639.00,3739.00,890.00,1.05,573142.52
1.49,1072.00,0.00,1.00,13.00,1616.00,3795.00,899.00,1.11,580248.31
1.49,1032.00,0.00,1.00,13.00,1617.00,3829.00,904.00,1.17,587246.14
1.50,988.00,0.00,1.00,13.00,1612.00,3871.00,911.00,1.22,594265.59
1.51,952.00,0.00,1.00,13.00,1594.00,3917.00,919.00,1.26,601364.89
1.51,915.00,0.00,1.00,13.00,1580.00,3959.00,928.00,1.30,608476.97
1.52,886.00,0.00,1.00,13.00,1551.00,4009.00,936.00,1.34,615720.93
1.53,856.00,0.00,1.00,13.00,1535.00,4047.00,944.00,1.37,622904.98
1.53,820.00,0.00,0.00,14.00,1523.00,4088.00,951.00,1.26,630079.43
1.54,794.00,0.00,0.00,14.00,1491.00,4140.00,957.00,1.15,637410.35
1.55,754.00,0.00,0.00,14.00,1492.00,4175.00,961.00,1.05,644628.74
1.56,719.00,0.00,0.00,14.00,1488.00,4203.00,972.00,0.96,651639.22
1.56,693.00,0.00,0.00,14.00,1478.00,4232.00,979.00,0.87,658474.93
1.57,664.00,0.00,0.00,14.00,1474.00,4257.00,987.00,0.80,665091.00
1.58,644.00,0.00,0.00,14.00,1455.00,4287.00,996.00,0.73,671581.65
1.58,619.00,0.00,0.00,14.00,1450.00,4307.00,1006.00,0.67,677807.59
1.59,600.00,0.00,0.00,14.00,1424.00,4342.00,1016.00,0.61,684017.20
1.60,584.00,0.00,0.00,14.00,1390.00,4387.00,1021.00,0.56,690362.15
1.60,564.00,0.00,0.00,14.00,1363.00,4429.00,1026.00,0.51,696785.58
1.61,532.00,0.00,0.00,14.00,1356.00,4460.00,1034.00,0.46,703115.40
1.62,498.00,0.00,0.00,14.00,1344.00,4502.00,1038.00,0.42,709525.01
1.62,463.00,0.00,0.00,14.00,1354.00,4519.00,1046.00,0.39,715631.89
1.63,446.00,0.00,0.00,14.00,1330.00,4553.00,1053.00,0.35,721717.80
1.64,426.00,0.00,0.00,14.00,1316.00,4577.00,1063.00,0.32,727634.32
1.65,403.00,0.00,0.00,14.00,1302.00,4608.00,1069.00,0.30,733501.38
1.65,386.00,0.00,0.00,14.00,1269.00,4649.00,1078.00,0.27,739473.50
1.66,361.00,0.00,0.00,14.00,1255.00,4682.00,1084.00,0.25,745421.36
1.67,340.00,0.00,0.00,14.00,1250.00,4701.00,1091.00,0.23,751136.74
1.67,316.00,0.00,0.00,14.00,1236.00,4731.00,1099.00,0.21,756805.14
1.68,292.00,0.00,0.00,14.00,1226.00,4758.00,1106.00,0.19,762385.58
1.69,268.00,0.00,0.00,14.00,1211.00,4784.00,1119.00,0.17,767870.70
1.69,251.00,0.00,0.00,14.00,1188.00,4819.00,1124.00,0.16,773404.01
1.70,233.00,0.00,0.00,14.00,1181.00,4833.00,1135.00,0.14,778665.83
1.71,212.00,0.00,0.00,14.00,1172.00,4850.00,1148.00,0.13,783724.86
1.72,196.00,0.00,0.00,14.00,1155.00,4874.00,1157.00,0.12,788703.92
1.72,185.00,0.00,0.00,14.00,1133.00,4901.00,1163.00,0.11,793655.05
1.73,169.00,0.00,0.00,14.00,1119.00,4922.00,1172.00,0.10,798490.54
1.74,154.00,0.00,0.00,14.00,1103.00,4942.00,1183.00,0.09,803205.44
1.74,143.00,0.00,0.00,14.00,1085.00,4967.00,1187.00,0.08,807885.37
1.75,129.00,0.00,0.00,14.00,1071.00,4985.00,1197.00,0.08,812428.19
1.76,116.00,0.00,0.00,14.00,1048.00,5019.00,1199.00,0.07,817086.24
1.76,105.00,0.00,0.00,14.00,1029.00,5048.00,1200.00,0.06,821774.35
1.77,98.00,0.00,0.00,14.00,1007.00,5069.00,1208.00,0.06,826369.73
1.78,93.00,0.00,0.00,14.00,981.00,5087.00,1221.00,0.05,830835.37
1.78,82.00,0.00,0.00,14.00,976.00,5092.00,1232.00,0.05,834987.28
1.79,73.00,0.00,0.00,14.00,953.00,5115.00,1241.00,0.04,839123.19
1.80,62.00,0.00,0.00,14.00,947.00,5122.00,1251.00,0.04,843004.12
1.81,55.00,0.00,0.00,14.00,936.00,5135.00,1256.00,0.04,846742.42
1.81,49.00,0.00,0.00,14.00,920.00,5149.00,1264.00,0.03,850365.52
1.82,46.00,0.00,0.00,14.00,889.00,5175.00,1272.00,0.03,854063.75
1.83,40.00,0.00,0.00,14.00,871.00,5196.00,1275.00,0.03,857755.42
1.83,36.00,0.00,0.00,14.00,853.00,5207.00,1286.00,0.03,861290.90
1.84,27.00,0.00,0.00,14.00,840.00,5224.00,1291.00,0.02,864773.92
1.85,24.00,0.00,0.00,14.00,825.00,5235.00,1298.00,0.02,868118.90
1.85,19.00,0.00,0.00,14.00,807.00,5249.00,1307.00,0.02,871382.94
1.86,17.00,0.00,0.00,14.00,785.00,5270.00,1310.00,0.02,874678.24
1.87,14.00,0.00,0.00,14.00,763.00,5284.00,1321.00,0.02,877896.93
1.88,11.00,0.00,0.00,14.00,745.00,5289.00,1337.00,0.01,880910.46
1.88,9.00,0.00,0.00,14.00,726.00,5304.00,1343.00,0.01,883886.93
1.89,8.00,0.00,0.00,14.00,705.00,5316.00,1353.00,0.01,886784.50
1.90,5.00,0.00,0.00,14.00,679.00,5338.00,1360.00,0.01,889760.27
1.90,3.00,0.00,0.00,14.00,660.00,5351.00,1368.00,0.01,892672.22
1.91,2.00,0.00,0.00,14.00,644.00,5362.00,1374.00,0.01,895495.87
1.92,1.00,0.00,0.00,14.00,631.00,5368.00,1382.00,0.01,898163.78
1.92,1.00,0.00,0.00,14.00,618.00,5372.00,1391.00,0.01,900659.47
1.93,1.00,0.00,0.00,14.00,605.00,5372.00,1404.00,0.01,902937.85
1.94,1.00,0.00,0.00,14.00,592.00,5377.00,1412.00,0.01,905092.95
1.94,1.00,0.00,0.00,14.00,578.00,5386.00,1417.00,0.01,907195.61
1.95,0.00,0.00,0.00,14.00,565.00,5389.00,1428.00,0.01,909160.24
1.96,0.00,0.00,0.00,14.00,548.00,5400.00,1434.00,0.01,911119.05
1.97,0.00,0.00,0.00,14.00,531.00,5408.00,1443.00,0.00,913027.48
1.97,0.00,0.00,0.00,14.00,517.00,5417.00,1448.00,0.00,914904.95
1.98,0.00,0.00,0.00,14.00,506.00,5418.00,1458.00,0.00,916633.95
1.99,0.00,0.00,0.00,14.00,500.00,5415.00,1467.00,0.00,918167.33
1.99,0.00,0.00,0.00,14.00,494.00,5414.00,1474.00,0.00,919552.16
2.00,0.00,0.00,0.00,14.00,488.00,5409.00,1485.00,0.00,920741.30
2.01,0.00,0.00,0.00,14.00,475.00,5414.00,1493.00,0.00,921902.00
2.01,0.00,0.00,0.00,14.00,462.00,5417.00,1503.00,0.00,923006.71
2.02,0.00,0.00,0.00,14.00,450.00,5419.00,1513.00,0.00,924045.26
2.03,0.00,0.00,0.00,14.00,441.00,5417.00,1524.00,0.00,924963.34
2.03,0.00,0.00,0.00,14.00,426.00,5422.00,1534.00,0.00,925876.59
2.04,0.00,0.00,0.00,14.00,419.00,5418.00,1545.00,0.00,926650.23
2.05,0.00,0.00,0.00,14.00,408.00,5421.00,1553.00,0.00,927401.57
2.06,0.00,0.00,0.00,14.00,398.00,5424.00,1560.00,0.00,928132.55
2.06,0.00,0.00,0.00,14.00,391.00,5423.00,1568.00,0.00,928784.86
2.07,0.00,0.00,0.00,14.00,383.00,5423.00,1576.00,0.00,929380.37
2.08,0.00,0.00,0.00,14.00,378.00,5424.00,1580.00,0.00,929939.05
2.08,0.00,0.00,0.00,14.00,369.00,5431.00,1582.00,0.00,930554.24
2.09,0.00,0.00,0.00,14.00,362.00,5435.00,1585.00,0.00,931175.96
2.10,0.00,0.00,0.00,14.00,353.00,5438.00,1591.00,0.00,931788.61
2.10,0.00,0.00,0.00,14.00,338.00,5443.00,1601.00,0.00,932423.03
2.11,0.00,0.00,0.00,14.00,332.00,5440.00,1610.00,0.00,932957.14
2.12,0.00,0.00,0.00,14.00,322.00,5445.00,1615.00,0.00,933519.85
2.12,0.00,0.00,0.00,14.00,307.00,5454.00,1621.00,0.00,934168.78
2.13,0.00,0.00,0.00,14.00,301.00,5452.00,1629.00,0.00,934731.15
2.14,0.00,0.00,0.00,14.00,293.00,5447.00,1642.00,0.00,935169.43
2.15,0.00,0.00,0.00,14.00,284.00,5444.00,1654.00,0.00,935524.49
2.15,0.00,0.00,0.00,14.00,277.00,5445.00,1660.00,0.00,935863.65
2.16,0.00,0.00,0.00,14.00,268.00,5446.00,1668.00,0.00,936188.30
2.17,0.00,0.00,0.00,14.00,255.00,5452.00,1675.00,0.00,936574.82
2.17,0.00,0.00,0.00,14.00,247.00,5456.00,1679.00,0.00,936987.77
2.18,0.00,0.00,0.00,14.00,240.00,5455.00,1687.00,0.00,937349.75
2.19,0.00,0.00,0.00,14.00,228.00,5461.00,1693.00,0.00,937770.34
2.19,0.00,0.00,0.00,14.00,222.00,5454.00,1706.00,0.00,938049.15
2.20,0.00,0.00,0.00,14.00,215.00,5455.00,1712.00,0.00,938318.70
2.21,0.00,0.00,0.00,14.00,209.00,5452.00,1721.00,0.00,938519.71
2.22,0.00,0.00,0.00,14.00,198.00,5455.00,1729.00,0.00,938748.29
2.22,0.00,0.00,0.00,14.00,194.00,5449.00,1739.00,0.00,938866.83
2.23,0.00,0.00,0.00,14.00,186.00,5450.00,1746.00,0.00,938990.07
2.24,0.00,0.00,0.00,14.00,183.00,5446.00,1753.00,0.00,939042.48
2.24,0.00,0.00,0.00,14.00,180.00,5436.00,1766.00,0.00,938940.10
2.25,0.00,0.00,0.00,14.00,177.00,5431.00,1774.00,0.00,938771.52
2.26,0.00,0.00,0.00,14.00,171.00,5423.00,1788.00,0.00,938497.43
2.26,0.00,0.00,0.00,14.00,166.00,5418.00,1798.00,0.00,938172.09
2.27,0.00,0.00,0.00,14.00,163.00,5412.00,1807.00,0.00,937784.95
2.28,0.00,0.00,0.00,14.00,160.00,5406.00,1816.00,0.00,937341.37
2.28,0.00,0.00,0.00,14.00,158.00,5400.00,1824.00,0.00,936846.29
2.29,0.00,0.00,0.00,14.00,158.00,5391.00,1833.00,0.00,936259.10
2.30,0.00,0.00,0.00,14.00,156.00,5381.00,1845.00,0.00,935572.81
2.31,0.00,0.00,0.00,14.00,151.00,5379.00,1852.00,0.00,934916.24
2.31,0.00,0.00,0.00,14.00,146.00,5375.00,1861.00,0.00,934256.74
2.32,0.00,0.00,0.00,14.00,145.00,5368.00,1869.00,0.00,933549.51
2.33,0.00,0.00,0.00,14.00,145.00,5362.00,1875.00,0.00,932813.72
2.33,0.00,0.00,0.00,14.00,144.00,5353.00,1885.00,0.00,932006.80
2.34,0.00,0.00,0.00,14.00,138.00,5356.00,1888.00,0.00,931315.21
2.35,0.00,0.00,0.00,14.00,133.00,5352.00,1897.00,0.00,930623.74
2.35,0.00,0.00,0.00,14.00,128.00,5349.00,1905.00,0.00,929947.42
2.36,0.00,0.00,0.00,14.00,124.00,5342.00,1916.00,0.00,929224.83
2.37,0.00,0.00,0.00,14.00,118.00,5339.00,1925.00,0.00,928520.08
2.38,0.00,0.00,0.00,14.00,116.00,5337.00,1929.00,0.00,927846.66
2.38,0.00,0.00,0.00,14.00,113.00,5331.00,1938.00,0.00,927141.74
2.39,0.00,0.00,0.00,14.00,108.00,5332.00,1942.00,0.00,926513.22
2.40,0.00,0.00,0.00,14.00,108.00,5325.00,1949.00,0.00,925834.27
2.40,0.00,0.00,0.00,14.00,104.00,5319.00,1959.00,0.00,925124.30
2.41,0.00,0.00,0.00,14.00,100.00,5314.00,1968.00,0.00,924401.04
2.42,0.00,0.00,0.00,14.00,96.00,5312.00,1974.00,0.00,923710.71
2.42,0.00,0.00,0.00,14.00,95.00,5308.00,1979.00,0.00,923020.40
2.43,0.00,0.00,0.00,14.00,93.00,5301.00,1988.00,0.00,922285.03
2.44,0.00,0.00,0.00,14.00,93.00,5294.00,1995.00,0.00,921508.54
2.44,0.00,0.00,0.00,14.00,90.00,5287.00,2005.00,0.00,920694.50
2.45,0.00,0.00,0.00,14.00,88.00,5283.00,2011.00,0.00,919891.24
2.46,0.00,0.00,0.00,14.00,80.00,5284.00,2018.00,0.00,919172.96
2.47,0.00,0.00,0.00,14.00,78.00,5280.00,2024.00,0.00,918457.13
2.47,0.00,0.00,0.00,14.00,72.00,5279.00,2031.00,0.00,917788.61
2.48,0.00,0.00,0.00,14.00,69.00,5276.00,2037.00,0.00,917133.23
2.49,0.00,0.00,0.00,14.00,67.00,5272.00,2043.00,0.00,916474.83
2.49,0.00,0.00,0.00,14.00,66.00,5268.00,2048.00,0.00,915813.66
2.50,0.00,0.00,0.00,14.00,64.00,5258.00,2060.00,0.00,915059.83
2.51,0.00,0.00,0.00,14.00,61.00,5258.00,2063.00,0.00,914371.65
2.51,0.00,0.00,0.00,14.00,60.00,5253.00,2069.00,0.00,913668.27
2.52,0.00,0.00,0.00,14.00,58.00,5248.00,2076.00,0.00,912951.03
2.53,0.00,0.00,0.00,14.00,57.00,5239.00,2086.00,0.00,912161.03
2.53,0.00,0.00,0.00,14.00,57.00,5234.00,2091.00,0.00,911364.71
2.54,0.00,0.00,0.00,14.00,54.00,5229.00,2099.00,0.00,910562.61
2.55,0.00,0.00,0.00,14.00,52.00,5222.00,2108.00,0.00,909725.19
2.56,0.00,0.00,0.00,14.00,50.00,5215.00,2117.00,0.00,908855.53
2.56,0.00,0.00,0.00,14.00,45.00,5214.00,2123.00,0.00,908046.57
2.57,0.00,0.00,0.00,14.00,45.00,5208.00,2129.00,0.00,907217.92
2.58,0.00,0.00,0.00,14.00,45.00,5198.00,2139.00,0.00,906311.19
2.58,0.00,0.00,0.00,14.00,42.00,5187.00,2153.00,0.00,905318.16
2.59,0.00,0.00,0.00,14.00,39.00,5184.00,2159.00,0.00,904366.53
2.60,0.00,0.00,0.00,14.00,38.00,5178.00,2166.00,0.00,903407.62
2.60,0.00,0.00,0.00,14.00,37.00,5173.00,2172.00,0.00,902457.10
2.61,0.00,0.00,0.00,14.00,35.00,5160.00,2187.00,0.00,901394.04
2.62,0.00,0.00,0.00,14.00,33.00,5152.00,2197.00,0.00,900303.37
2.62,0.00,0.00,0.00,14.00,33.00,5139.00,2210.00,0.00,899112.36
2.63,0.00,0.00,0.00,14.00,33.00,5128.00,2221.00,0.00,897859.81
2.64,0.00,0.00,0.00,14.00,33.00,5119.00,2230.00,0.00,896581.12
2.65,0.00,0.00,0.00,14.00,30.00,5119.00,2233.00,0.00,895413.77
2.65,0.00,0.00,0.00,14.00,30.00,5112.00,2240.00,0.00,894242.91
2.66,0.00,0.00,0.00,14.00,30.00,5104.00,2248.00,0.00,893053.82
2.67,0.00,0.00,0.00,14.00,30.00,5100.00,2252.00,0.00,891908.18
2.67,0.00,0.00,0.00,14.00,29.00,5089.00,2264.00,0.00,890697.03
2.68,0.00,0.00,0.00,14.00,27.00,5084.00,2271.00,0.00,889516.24
2.69,0.00,0.00,0.00,14.00,27.00,5073.00,2282.00,0.00,888273.01
2.69,0.00,0.00,0.00,14.00,27.00,5067.00,2288.00,0.00,887047.90
2.70,0.00,0.00,0.00,14.00,27.00,5056.00,2299.00,0.00,885764.21
2.71,0.00,0.00,0.00,14.00,27.00,5051.00,2304.00,0.00,884517.18
2.72,0.00,0.00,0.00,14.00,27.00,5042.00,2313.00,0.00,883243.53
2.72,0.00,0.00,0.00,14.00,27.00,5027.00,2328.00,0.00,881855.44
2.73,0.00,0.00,0.00,14.00,27.00,5023.00,2332.00,0.00,880528.12
2.74,0.00,0.00,0.00,14.00,26.00,5017.00,2339.00,0.00,879226.25
2.74,0.00,0.00,0.00,14.00,26.00,5010.00,2346.00,0.00,877932.57
2.75,0.00,0.00,0.00,14.00,26.00,5003.00,2353.00,0.00,876646.38
2.76,0.00,0.00,0.00,14.00,25.00,4994.00,2363.00,0.00,875336.98
2.76,0.00,0.00,0.00,14.00,23.00,4989.00,2370.00,0.00,874066.48
2.77,0.00,0.00,0.00,14.00,22.00,4981.00,2379.00,0.00,872786.43
2.78,0.00,0.00,0.00,14.00,21.00,4974.00,2387.00,0.00,871512.67
2.78,0.00,0.00,0.00,14.00,20.00,4966.00,2396.00,0.00,870229.65
2.79,0.00,0.00,0.00,14.00,19.00,4960.00,2403.00,0.00,868968.20
2.80,0.00,0.00,0.00,14.00,18.00,4955.00,2409.00,0.00,867741.48
2.81,0.00,0.00,0.00,14.00,18.00,4944.00,2420.00,0.00,866456.33
2.81,0.00,0.00,0.00,14.00,18.00,4932.00,2432.00,0.00,865102.80
2.82,0.00,0.00,0.00,14.00,17.00,4924.00,2441.00,0.00,863746.95
2.83,0.00,0.00,0.00,14.00,16.00,4915.00,2451.00,0.00,862373.95
2.83,0.00,0.00,0.00,14.00,15.00,4908.00,2459.00,0.00,861015.35
2.84,0.00,0.00,0.00,14.00,15.00,4898.00,2469.00,0.00,859624.82
2.85,0.00,0.00,0.00,14.00,15.00,4895.00,2472.00,0.00,858310.29
2.85,0.00,0.00,0.00,14.00,14.00,4890.00,2478.00,0.00,857035.12
2.86,0.00,0.00,0.00,14.00,14.00,4885.00,2483.00,0.00,855795.87
2.87,0.00,0.00,0.00,14.00,13.00,4879.00,2490.00,0.00,854574.39
2.88,0.00,0.00,0.00,14.00,13.00,4872.00,2497.00,0.00,853354.11
2.88,0.00,0.00,0.00,14.00,13.00,4864.00,2505.00,0.00,852119.90
2.89,0.00,0.00,0.00,14.00,11.00,4858.00,2513.00,0.00,850903.02
2.90,0.00,0.00,0.00,14.00,11.00,4852.00,2519.00,0.00,849701.96
2.90,0.00,0.00,0.00,14.00,10.00,4843.00,2529.00,0.00,848470.28
2.91,0.00,0.00,0.00,14.00,9.00,4831.00,2542.00,0.00,847165.57
2.92,0.00,0.00,0.00,14.00,9.00,4818.00,2555.00,0.00,845779.17
2.92,0.00,0.00,0.00,14.00,9.00,4811.00,2562.00,0.00,844408.33
2.93,0.00,0.00,0.00,14.00,8.00,4804.00,2570.00,0.00,843051.70
2.94,0.00,0.00,0.00,14.00,8.00,4794.00,2580.00,0.00,841662.96
2.94,0.00,0.00,0.00,14.00,8.00,4784.00,2590.00,0.00,840244.92
2.95,0.00,0.00,0.00,14.00,8.00,4778.00,2596.00,0.00,838860.22
2.96,0.00,0.00,0.00,14.00,8.00,4771.00,2603.00,0.00,837490.93
2.97,0.00,0.00,0.00,14.00,8.00,4765.00,2609.00,0.00,836150.73
2.97,0.00,0.00,0.00,14.00,8.00,4758.00,2616.00,0.00,834822.07
2.98,0.00,0.00,0.00,14.00,8.00,4751.00,2623.00,0.00,833503.94
2.99,0.00,0.00,0.00,14.00,7.00,4745.00,2630.00,0.00,832210.45
2.99,0.00,0.00,0.00,14.00,7.00,4737.00,2638.00,0.00,830909.41
3.00,0.00,0.00,0.00,14.00,7.00,4730.00,2645.00,0.00,829616.50
3.01,0.00,0.00,0.00,14.00,7.00,4723.00,2652.00,0.00,828331.00
3.01,0.00,0.00,0.00,14.00,7.00,4719.00,2656.00,0.00,827097.35
3.02,0.00,0.00,0.00,14.00,7.00,4710.00,2665.00,0.00,825835.91
3.03,0.00,0.00,0.00,14.00,7.00,4706.00,2669.00,0.00,824624.23
3.03,0.00,0.00,0.00,14.00,7.00,4700.00,2675.00,0.00,823427.91
3.04,0.00,0.00,0.00,14.00,6.00,4692.00,2684.00,0.00,822215.57
3.05,0.00,0.00,0.00,14.00,6.00,4683.00,2693.00,0.00,820973.60
3.06,0.00,0.00,0.00,14.00,6.00,4674.00,2702.00,0.00,819704.56
3.06,0.00,0.00,0.00,14.00,6.00,4667.00,2709.00,0.00,818440.86
3.07,0.00,0.00,0.00,14.00,6.00,4664.00,2712.00,0.00,817242.13
3.08,0.00,0.00,0.00,14.00,6.00,4655.00,2721.00,0.00,816012.57
3.08,0.00,0.00,0.00,14.00,6.00,4645.00,2731.00,0.00,814739.85
3.09,0.00,0.00,0.00,14.00,4.00,4634.00,2744.00,0.00,813412.70
3.10,0.00,0.00,0.00,14.00,4.00,4627.00,2751.00,0.00,812095.95
3.10,0.00,0.00,0.00,14.00,4.00,4621.00,2757.00,0.00,810803.71
3.11,0.00,0.00,0.00,14.00,4.00,4616.00,2762.00,0.00,809548.88
3.12,0.00,0.00,0.00,14.00,3.00,4612.00,2767.00,0.00,808343.23
3.12,0.00,0.00,0.00,14.00,3.00,4606.00,2773.00,0.00,807152.42
3.13,0.00,0.00,0.00,14.00,3.00,4601.00,2778.00,0.00,805990.19
3.14,0.00,0.00,0.00,14.00,2.00,4600.00,2780.00,0.00,804914.13
3.15,0.00,0.00,0.00,14.00,1.00,4592.00,2789.00,0.00,803811.59
3.15,0.00,0.00,0.00,14.00,1.00,4581.00,2800.00,0.00,802639.80
3.16,0.00,0.00,0.00,14.00,1.00,4576.00,2805.00,0.00,801494.93
3.17,0.00,0.00,0.00,14.00,1.00,4571.00,2810.00,0.00,800374.64
3.17,0.00,0.00,0.00,14.00,1.00,4565.00,2816.00,0.00,799261.76
3.18,0.00,0.00,0.00,14.00,1.00,4556.00,2825.00,0.00,798110.57
3.19,0.00,0.00,0.00,14.00,1.00,4549.00,2832.00,0.00,796954.46
3.19,0.00,0.00,0.00,14.00,1.00,4540.00,2841.00,0.00,795763.81
3.20,0.00,0.00,0.00,14.00,1.00,4528.00,2853.00,0.00,794496.57
3.21,0.00,0.00,0.00,14.00,1.00,4522.00,2859.00,0.00,793249.53
3.22,0.00,0.00,0.00,14.00,1.00,4511.00,2870.00,0.00,791945.82
3.22,0.00,0.00,0.00,14.00,1.00,4501.00,2880.00,0.00,790605.40
3.23,0.00,0.00,0.00,14.00,1.00,4493.00,2888.00,0.00,789261.52
3.24,0.00,0.00,0.00,14.00,1.00,4485.00,2896.00,0.00,787914.47
3.24,0.00,0.00,0.00,14.00,1.00,4477.00,2904.00,0.00,786564.54
3.25,0.00,0.00,0.00,14.00,1.00,4466.00,2915.00,0.00,785166.89
3.26,0.00,0.00,0.00,14.00,1.00,4460.00,2921.00,0.00,783800.81
3.26,0.00,0.00,0.00,14.00,1.00,4454.00,2927.00,0.00,782463.54
3.27,0.00,0.00,0.00,14.00,1.00,4453.00,2928.00,0.00,781227.70
3.28,0.00,0.00,0.00,14.00,1.00,4447.00,2934.00,0.00,780009.32
3.28,0.00,0.00,0.00,14.00,1.00,4441.00,2940.00,0.00,778806.90
3.29,0.00,0.00,0.00,14.00,1.00,4431.00,2950.00,0.00,777558.95
3.30,0.00,0.00,0.00,14.00,1.00,4425.00,2956.00,0.00,776329.53
3.31,0.00,0.00,0.00,14.00,1.00,4415.00,2966.00,0.00,775056.93
3.31,0.00,0.00,0.00,14.00,1.00,4410.00,2971.00,0.00,773820.03
3.32,0.00,0.00,0.00,14.00,1.00,4406.00,2975.00,0.00,772630.74
3.33,0.00,0.00,0.00,14.00,1.00,4398.00,2983.00,0.00,771424.82
3.33,0.00,0.00,0.00,14.00,1.00,4393.00,2988.00,0.00,770248.79
3.34,0.00,0.00,0.00,14.00,1.00,4386.00,2995.00,0.00,769070.01
3.35,0.00,0.00,0.00,14.00,1.00,4379.00,3002.00,0.00,767888.70
3.35,0.00,0.00,0.00,14.00,1.00,4370.00,3011.00,0.00,766675.06
3.36,0.00,0.00,0.00,14.00,1.00,4364.00,3017.00,0.00,765476.95
3.37,0.00,0.00,0.00,14.00,1.00,4356.00,3025.00,0.00,764262.98
3.38,0.00,0.00,0.00,14.00,1.00,4353.00,3028.00,0.00,763109.66
3.38,0.00,0.00,0.00,14.00,1.00,4343.00,3038.00,0.00,761906.53
3.39,0.00,0.00,0.00,14.00,1.00,4330.00,3051.00,0.00,760612.86
3.40,0.00,0.00,0.00,14.00,1.00,4323.00,3058.00,0.00,759326.67
3.40,0.00,0.00,0.00,14.00,1.00,4318.00,3063.00,0.00,758077.37
3.41,0.00,0.00,0.00,14.00,1.00,4316.00,3065.00,0.00,756906.81
3.42,0.00,0.00,0.00,14.00,1.00,4314.00,3067.00,0.00,755808.12
3.42,0.00,0.00,0.00,14.00,1.00,4308.00,3073.00,0.00,754714.97
3.43,0.00,0.00,0.00,14.00,0.00,4300.00,3082.00,0.00,753596.82
3.44,0.00,0.00,0.00,14.00,0.00,4291.00,3091.00,0.00,752440.83
3.44,0.00,0.00,0.00,14.00,0.00,4284.00,3098.00,0.00,751280.33
3.45,0.00,0.00,0.00,14.00,0.00,4281.00,3101.00,0.00,750175.81
3.46,0.00,0.00,0.00,14.00,0.00,4271.00,3111.00,0.00,749017.24
3.47,0.00,0.00,0.00,14.00,0.00,4261.00,3121.00,0.00,747809.33
3.47,0.00,0.00,0.00,14.00,0.00,4254.00,3128.00,0.00,746601.43
3.48,0.00,0.00,0.00,14.00,0.00,4247.00,3135.00,0.00,745393.55
3.49,0.00,0.00,0.00,14.00,0.00,4243.00,3139.00,0.00,744230.75
3.49,0.00,0.00,0.00,14.00,0.00,4238.00,3144.00,0.00,743094.09
3.50,0.00,0.00,0.00,14.00,0.00,4226.00,3156.00,0.00,741876.13
3.51,0.00,0.00,0.00,14.00,0.00,4216.00,3166.00,0.00,740613.99
3.51,0.00,0.00,0.00,14.00,0.00,4207.00,3175.00,0.00,739326.55
3.52,0.00,0.00,0.00,14.00,0.00,4202.00,3180.00,0.00,738076.10
3.53,0.00,0.00,0.00,14.00,0.00,4192.00,3190.00,0.00,736784.29
3.53,0.00,0.00,0.00,14.00,0.00,4188.00,3194.00,0.00,735544.88
3.54,0.00,0.00,0.00,14.00,0.00,4180.00,3202.00,0.00,734293.21
3.55,0.00,0.00,0.00,14.00,0.00,4171.00,3211.00,0.00,733015.33
3.56,0.00,0.00,0.00,14.00,0.00,4166.00,3216.00,0.00,731773.60
3.56,0.00,0.00,0.00,14.00,0.00,4162.00,3220.00,0.00,730579.90
3.57,0.00,0.00,0.00,14.00,0.00,4157.00,3225.00,0.00,729415.03
3.58,0.00,0.00,0.00,14.00,0.00,4150.00,3232.00,0.00,728246.43
3.58,0.00,0.00,0.00,14.00,0.00,4145.00,3237.00,0.00,727104.47
3.59,0.00,0.00,0.00,14.00,0.00,4137.00,3245.00,0.00,725941.76
3.60,0.00,0.00,0.00,14.00,0.00,4126.00,3256.00,0.00,724715.04
3.60,0.00,0.00,0.00,14.00,0.00,4121.00,3261.00,0.00,723520.03
3.61,0.00,0.00,0.00,14.00,0.00,4114.00,3268.00,0.00,722323.91
3.62,0.00,0.00,0.00,14.00,0.00,4109.00,3273.00,0.00,721156.82
3.62,0.00,0.00,0.00,14.00,0.00,4097.00,3285.00,0.00,719911.09
3.63,0.00,0.00,0.00,14.00,0.00,4085.00,3297.00,0.00,718593.55
3.64,0.00,0.00,0.00,14.00,0.00,4078.00,3304.00,0.00,717285.58
3.65,0.00,0.00,0.00,14.00,0.00,4071.00,3311.00,0.00,715986.33
3.65,0.00,0.00,0.00,14.00,0.00,4059.00,3323.00,0.00,714619.95
3.66,0.00,0.00,0.00,14.00,0.00,4055.00,3327.00,0.00,713312.44
3.67,0.00,0.00,0.00,14.00,0.00,4048.00,3334.00,0.00,712013.63
3.67,0.00,0.00,0.00,14.00,0.00,4039.00,3343.00,0.00,710692.71
3.68,0.00,0.00,0.00,14.00,0.00,4032.00,3350.00,0.00,709381.65
3.69,0.00,0.00,0.00,14.00,0.00,4028.00,3354.00,0.00,708124.65
3.69,0.00,0.00,0.00,14.00,0.00,4019.00,3363.00,0.00,706841.90
3.70,0.00,0.00,0.00,14.00,0.00,4010.00,3372.00,0.00,705535.64
3.71,0.00,0.00,0.00,14.00,0.00,3999.00,3383.00,0.00,704177.87
3.72,0.00,0.00,0.00,14.00,0.00,3989.00,3393.00,0.00,702788.10
3.72,0.00,0.00,0.00,14.00,0.00,3977.00,3405.00,0.00,701339.07
3.73,0.00,0.00,0.00,14.00,0.00,3973.00,3409.00,0.00,699956.11
3.74,0.00,0.00,0.00,14.00,0.00,3962.00,3420.00,0.00,698528.33
3.74,0.00,0.00,0.00,14.00,0.00,3952.00,3430.00,0.00,697074.64
3.75,0.00,0.00,0.00,14.00,0.00,3942.00,3440.00,0.00,695597.30
3.76,0.00,0.00,0.00,14.00,0.00,3932.00,3450.00,0.00,694098.37
3.76,0.00,0.00,0.00,14.00,0.00,3926.00,3456.00,0.00,692639.83
3.77,0.00,0.00,0.00,14.00,0.00,3918.00,3464.00,0.00,691188.10
3.78,0.00,0.00,0.00,14.00,0.00,3912.00,3470.00,0.00,689772.65
3.78,0.00,0.00,0.00,14.00,0.00,3902.00,3480.00,0.00,688330.21
3.79,0.00,0.00,0.00,14.00,0.00,3898.00,3484.00,0.00,686953.29
3.80,0.00,0.00,0.00,14.00,0.00,3891.00,3491.00,0.00,685591.10
3.81,0.00,0.00,0.00,14.00,0.00,3880.00,3502.00,0.00,684182.27
3.81,0.00,0.00,0.00,14.00,0.00,3871.00,3511.00,0.00,682760.90
3.82,0.00,0.00,0.00,14.00,0.00,3860.00,3522.00,0.00,681298.05
3.83,0.00,0.00,0.00,14.00,0.00,3853.00,3529.00,0.00,679857.42
3.83,0.00,0.00,0.00,14.00,0.00,3842.00,3540.00,0.00,678376.97
3.84,0.00,0.00,0.00,14.00,0.00,3833.00,3549.00,0.00,676890.23
3.85,0.00,0.00,0.00,14.00,0.00,3828.00,3554.00,0.00,675457.84
3.85,0.00,0.00,0.00,14.00,0.00,3824.00,3558.00,0.00,674090.08
3.86,0.00,0.00,0.00,14.00,0.00,3820.00,3562.00,0.00,672781.32
3.87,0.00,0.00,0.00,14.00,0.00,3813.00,3569.00,0.00,671481.37
3.88,0.00,0.00,0.00,14.00,0.00,3807.00,3575.00,0.00,670204.47
3.88,0.00,0.00,0.00,14.00,0.00,3798.00,3584.00,0.00,668903.55
3.89,0.00,0.00,0.00,14.00,0.00,3791.00,3591.00,0.00,667610.74
3.90,0.00,0.00,0.00,14.00,0.00,3784.00,3598.00,0.00,666325.35
3.90,0.00,0.00,0.00,14.00,0.00,3777.00,3605.00,0.00,665046.72
3.91,0.00,0.00,0.00,14.00,0.00,3770.00,3612.00,0.00,663774.27
3.92,0.00,0.00,0.00,14.00,0.00,3761.00,3621.00,0.00,662477.41
3.92,0.00,0.00,0.00,14.00,0.00,3754.00,3628.00,0.00,661188.32
3.93,0.00,0.00,0.00,14.00,0.00,3746.00,3636.00,0.00,659891.28
3.94,0.00,0.00,0.00,14.00,0.00,3740.00,3642.00,0.00,658617.05
3.94,0.00,0.00,0.00,14.00,0.00,3733.00,3649.00,0.00,657348.62
3.95,0.00,0.00,0.00,14.00,0.00,3719.00,3663.00,0.00,655980.31
3.96,0.00,0.00,0.00,14.00,0.00,3714.00,3668.00,0.00,654656.03
3.97,0.00,0.00,0.00,14.00,0.00,3707.00,3675.00,0.00,653341.90
3.97,0.00,0.00,0.00,14.00,0.00,3702.00,3680.00,0.00,652067.08
3.98,0.00,0.00,0.00,14.00,0.00,3697.00,3685.00,0.00,650828.16
3.99,0.00,0.00,0.00,14.00,0.00,3690.00,3692.00,0.00,649591.95
3.99,0.00,0.00,0.00,14.00,0.00,3686.00,3696.00,0.00,648403.30
4.00,0.00,0.00,0.00,14.00,0.00,3681.00,3701.00,0.00,647243.03
4.01,0.00,0.00,0.00,14.00,0.00,3674.00,3708.00,0.00,646078.64
4.01,0.00,0.00,0.00,14.00,0.00,3666.00,3716.00,0.00,644895.45
4.02,0.00,0.00,0.00,14.00,0.00,3656.00,3726.00,0.00,643665.05
4.03,0.00,0.00,0.00,14.00,0.00,3645.00,3737.00,0.00,642376.54
4.03,0.00,0.00,0.00,14.00,0.00,3642.00,3740.00,0.00,641155.16
4.04,0.00,0.00,0.00,14.00,0.00,3636.00,3746.00,0.00,639949.99
4.05,0.00,0.00,0.00,14.00,0.00,3630.00,3752.00,0.00,638759.63
4.06,0.00,0.00,0.00,14.00,0.00,3618.00,3764.00,0.00,637492.64
4.06,0.00,0.00,0.00,14.00,0.00,3610.00,3772.00,0.00,636215.79
4.07,0.00,0.00,0.00,14.00,0.00,3599.00,3783.00,0.00,634884.86
4.08,0.00,0.00,0.00,14.00,0.00,3592.00,3790.00,0.00,633564.67
4.08,0.00,0.00,0.00,14.00,0.00,3582.00,3800.00,0.00,632209.20
4.09,0.00,0.00,0.00,14.00,0.00,3579.00,3803.00,0.00,630926.70
4.10,0.00,0.00,0.00,14.00,0.00,3575.00,3807.00,0.00,629695.77
4.10,0.00,0.00,0.00,14.00,0.00,3565.00,3817.00,0.00,628421.80
4.11,0.00,0.00,0.00,14.00,0.00,3562.00,3820.00,0.00,627213.69
4.12,0.00,0.00,0.00,14.00,0.00,3556.00,3826.00,0.00,626020.64
4.12,0.00,0.00,0.00,14.00,0.00,3552.00,3830.00,0.00,624871.39
4.13,0.00,0.00,0.00,14.00,0.00,3541.00,3841.00,0.00,623656.95
4.14,0.00,0.00,0.00,14.00,0.00,3530.00,3852.00,0.00,622383.00
4.15,0.00,0.00,0.00,14.00,0.00,3523.00,3859.00,0.00,621114.83
4.15,0.00,0.00,0.00,14.00,0.00,3513.00,3869.00,0.00,619806.85
4.16,0.00,0.00,0.00,14.00,0.00,3501.00,3881.00,0.00,618432.49
4.17,0.00,0.00,0.00,14.00,0.00,3494.00,3888.00,0.00,617072.63
4.17,0.00,0.00,0.00,14.00,0.00,3489.00,3893.00,0.00,615756.08
4.18,0.00,0.00,0.00,14.00,0.00,3483.00,3899.00,0.00,614464.02
4.19,0.00,0.00,0.00,14.00,0.00,3478.00,3904.00,0.00,613209.36
4.19,0.00,0.00,0.00,14.00,0.00,3474.00,3908.00,0.00,612003.86
4.20,0.00,0.00,0.00,14.00,0.00,3466.00,3916.00,0.00,610783.14
4.21,0.00,0.00,0.00,14.00,0.00,3461.00,3921.00,0.00,609593.60
4.22,0.00,0.00,0.00,14.00,0.00,3456.00,3926.00,0.00,608432.53
4.22,0.00,0.00,0.00,14.00,0.00,3444.00,3938.00,0.00,607192.27
4.23,0.00,0.00,0.00,14.00,0.00,3439.00,3943.00,0.00,605984.90
4.24,0.00,0.00,0.00,14.00,0.00,3432.00,3950.00,0.00,604777.51
4.24,0.00,0.00,0.00,14.00,0.00,3421.00,3961.00,0.00,603509.99
4.25,0.00,0.00,0.00,14.00,0.00,3414.00,3968.00,0.00,602247.68
4.26,0.00,0.00,0.00,14.00,0.00,3404.00,3978.00,0.00,600945.06
4.26,0.00,0.00,0.00,14.00,0.00,3401.00,3981.00,0.00,599710.79
4.27,0.00,0.00,0.00,14.00,0.00,3387.00,3995.00,0.00,598373.68
4.28,0.00,0.00,0.00,14.00,0.00,3383.00,3999.00,0.00,597092.90
4.28,0.00,0.00,0.00,14.00,0.00,3375.00,4007.00,0.00,595803.47
4.29,0.00,0.00,0.00,14.00,0.00,3363.00,4019.00,0.00,594446.03
4.30,0.00,0.00,0.00,14.00,0.00,3352.00,4030.00,0.00,593041.54
4.31,0.00,0.00,0.00,14.00,0.00,3348.00,4034.00,0.00,591699.26
4.31,0.00,0.00,0.00,14.00,0.00,3342.00,4040.00,0.00,590383.71
4.32,0.00,0.00,0.00,14.00,0.00,3339.00,4043.00,0.00,589137.66
4.33,0.00,0.00,0.00,14.00,0.00,3331.00,4051.00,0.00,587879.91
4.33,0.00,0.00,0.00,14.00,0.00,3323.00,4059.00,0.00,586611.50
4.34,0.00,0.00,0.00,14.00,0.00,3317.00,4065.00,0.00,585363.41
4.35,0.00,0.00,0.00,14.00,0.00,3308.00,4074.00,0.00,584088.78
4.35,0.00,0.00,0.00,14.00,0.00,3303.00,4079.00,0.00,582850.02
4.36,0.00,0.00,0.00,14.00,0.00,3296.00,4086.00,0.00,581613.97
4.37,0.00,0.00,0.00,14.00,0.00,3285.00,4097.00,0.00,580320.30
4.38,0.00,0.00,0.00,14.00,0.00,3277.00,4105.00,0.00,579019.09
4.38,0.00,0.00,0.00,14.00,0.00,3266.00,4116.00,0.00,577665.93
4.39,0.00,0.00,0.00,14.00,0.00,3263.00,4119.00,0.00,576385.53
4.40,0.00,0.00,0.00,14.00,0.00,3257.00,4125.00,0.00,575126.48
4.40,0.00,0.00,0.00,14.00,0.00,3249.00,4133.00,0.00,573856.88
4.41,0.00,0.00,0.00,14.00,0.00,3245.00,4137.00,0.00,572637.74
4.42,0.00,0.00,0.00,14.00,0.00,3240.00,4142.00,0.00,571449.64
4.42,0.00,0.00,0.00,14.00,0.00,3230.00,4152.00,0.00,570214.76
4.43,0.00,0.00,0.00,14.00,0.00,3225.00,4157.00,0.00,569012.30
4.44,0.00,0.00,0.00,14.00,0.00,3219.00,4163.00,0.00,567824.40
4.44,0.00,0.00,0.00,14.00,0.00,3210.00,4172.00,0.00,566604.74
4.45,0.00,0.00,0.00,14.00,0.00,3209.00,4173.00,0.00,565476.25
4.46,0.00,0.00,0.00,14.00,0.00,3198.00,4184.00,0.00,564280.77
4.47,0.00,0.00,0.00,14.00,0.00,3188.00,4194.00,0.00,563039.16
4.47,0.00,0.00,0.00,14.00,0.00,3184.00,4198.00,0.00,561845.57
4.48,0.00,0.00,0.00,14.00,0.00,3177.00,4205.00,0.00,560650.76
4.49,0.00,0.00,0.00,14.00,0.00,3168.00,4214.00,0.00,559424.77
4.49,0.00,0.00,0.00,14.00,0.00,3160.00,4222.00,0.00,558185.36
4.50,0.00,0.00,0.00,14.00,0.00,3154.00,4228.00,0.00,556963.72
4.51,0.00,0.00,0.00,14.00,0.00,3143.00,4239.00,0.00,555683.21
4.51,0.00,0.00,0.00,14.00,0.00,3137.00,4245.00,0.00,554424.07
4.52,0.00,0.00,0.00,14.00,0.00,3130.00,4252.00,0.00,553169.40
4.53,0.00,0.00,0.00,14.00,0.00,3125.00,4257.00,0.00,551948.86
4.53,0.00,0.00,0.00,14.00,0.00,3111.00,4271.00,0.00,550624.29
4.54,0.00,0.00,0.00,14.00,0.00,3102.00,4280.00,0.00,549279.84
4.55,0.00,0.00,0.00,14.00,0.00,3093.00,4289.00,0.00,547917.26
4.56,0.00,0.00,0.00,14.00,0.00,3085.00,4297.00,0.00,546553.13
4.56,0.00,0.00,0.00,14.00,0.00,3079.00,4303.00,0.00,545217.66
4.57,0.00,0.00,0.00,14.00,0.00,3073.00,4309.00,0.00,543908.33
4.58,0.00,0.00,0.00,14.00,0.00,3055.00,4327.00,0.00,542442.59
4.58,0.00,0.00,0.00,14.00,0.00,3051.00,4331.00,0.00,541044.40
4.59,0.00,0.00,0.00,14.00,0.00,3042.00,4340.00,0.00,539632.74
4.60,0.00,0.00,0.00,14.00,0.00,3035.00,4347.00,0.00,538238.85
4.60,0.00,0.00,0.00,14.00,0.00,3028.00,4354.00,0.00,536861.16
4.61,0.00,0.00,0.00,14.00,0.00,3020.00,4362.00,0.00,535483.26
4.62,0.00,0.00,0.00,14.00,0.00,3016.00,4366.00,0.00,534165.25
4.62,0.00,0.00,0.00,14.00,0.00,3011.00,4371.00,0.00,532886.88
4.63,0.00,0.00,0.00,14.00,0.00,3008.00,4374.00,0.00,531674.77
4.64,0.00,0.00,0.00,14.00,0.00,3002.00,4380.00,0.00,530478.06
4.65,0.00,0.00,0.00,14.00,0.00,2996.00,4386.00,0.00,529295.41
4.65,0.00,0.00,0.00,14.00,0.00,2993.00,4389.00,0.00,528170.68
4.66,0.00,0.00,0.00,14.00,0.00,2985.00,4397.00,0.00,527023.70
4.67,0.00,0.00,0.00,14.00,0.00,2984.00,4398.00,0.00,525961.57
4.67,0.00,0.00,0.00,14.00,0.00,2978.00,4404.00,0.00,524901.79
4.68,0.00,0.00,0.00,14.00,0.00,2971.00,4411.00,0.00,523829.13
4.69,0.00,0.00,0.00,14.00,0.00,2960.00,4422.00,0.00,522684.61
4.69,0.00,0.00,0.00,14.00,0.00,2953.00,4429.00,0.00,521534.60
4.70,0.00,0.00,0.00,14.00,0.00,2946.00,4436.00,0.00,520379.56
4.71,0.00,0.00,0.00,14.00,0.00,2940.00,4442.00,0.00,519234.96
4.72,0.00,0.00,0.00,14.00,0.00,2933.00,4449.00,0.00,518084.86
4.72,0.00,0.00,0.00,14.00,0.00,2925.00,4457.00,0.00,516914.73
4.73,0.00,0.00,0.00,14.00,0.00,2918.00,4464.00,0.00,515741.32
4.74,0.00,0.00,0.00,14.00,0.00,2912.00,4470.00,0.00,514579.95
4.74,0.00,0.00,0.00,14.00,0.00,2902.00,4480.00,0.00,513369.48
4.75,0.00,0.00,0.00,14.00,0.00,2895.00,4487.00,0.00,512159.25
4.76,0.00,0.00,0.00,14.00,0.00,2888.00,4494.00,0.00,510949.24
4.76,0.00,0.00,0.00,14.00,0.00,2883.00,4499.00,0.00,509769.47
4.77,0.00,0.00,0.00,14.00,0.00,2874.00,4508.00,0.00,508557.23
4.78,0.00,0.00,0.00,14.00,0.00,2865.00,4517.00,0.00,507315.33
4.78,0.00,0.00,0.00,14.00,0.00,2856.00,4526.00,0.00,506046.37
4.79,0.00,0.00,0.00,14.00,0.00,2847.00,4535.00,0.00,504752.70
4.80,0.00,0.00,0.00,14.00,0.00,2841.00,4541.00,0.00,503481.53
4.81,0.00,0.00,0.00,14.00,0.00,2836.00,4546.00,0.00,502245.94
4.81,0.00,0.00,0.00,14.00,0.00,2828.00,4554.00,0.00,500997.75
4.82,0.00,0.00,0.00,14.00,0.00,2823.00,4559.00,0.00,499783.13
4.83,0.00,0.00,0.00,14.00,0.00,2812.00,4570.00,0.00,498509.03
4.83,0.00,0.00,0.00,14.00,0.00,2810.00,4572.00,0.00,497315.82
4.84,0.00,0.00,0.00,14.00,0.00,2803.00,4579.00,0.00,496121.35
4.85,0.00,0.00,0.00,14.00,0.00,2798.00,4584.00,0.00,494955.77
4.85,0.00,0.00,0.00,14.00,0.00,2795.00,4587.00,0.00,493846.62
4.86,0.00,0.00,0.00,14.00,0.00,2786.00,4596.00,0.00,492698.84
4.87,0.00,0.00,0.00,14.00,0.00,2781.00,4601.00,0.00,491575.89
4.88,0.00,0.00,0.00,14.00,0.00,2775.00,4607.00,0.00,490460.58
4.88,0.00,0.00,0.00,14.00,0.00,2767.00,4615.00,0.00,489322.21
4.89,0.00,0.00,0.00,14.00,0.00,2766.00,4616.00,0.00,488267.94
4.90,0.00,0.00,0.00,14.00,0.00,2755.00,4627.00,0.00,487140.21
4.90,0.00,0.00,0.00,14.00,0.00,2748.00,4634.00,0.00,486005.52
4.91,0.00,0.00,0.00,14.00,0.00,2741.00,4641.00,0.00,484864.47
4.92,0.00,0.00,0.00,14.00,0.00,2731.00,4651.00,0.00,483672.55
4.92,0.00,0.00,0.00,14.00,0.00,2729.00,4653.00,0.00,482554.37
4.93,0.00,0.00,0.00,14.00,0.00,2720.00,4662.00,0.00,481398.35
4.94,0.00,0.00,0.00,14.00,0.00,2715.00,4667.00,0.00,480267.88
4.94,0.00,0.00,0.00,14.00,0.00,2707.00,4675.00,0.00,479115.65
4.95,0.00,0.00,0.00,14.00,0.00,2702.00,4680.00,0.00,477988.65
4.96,0.00,0.00,0.00,14.00,0.00,2696.00,4686.00,0.00,476869.64
4.97,0.00,0.00,0.00,14.00,0.00,2687.00,4695.00,0.00,475712.86
4.97,0.00,0.00,0.00,14.00,0.00,2679.00,4703.00,0.00,474536.62
4.98,0.00,0.00,0.00,14.00,0.00,2675.00,4707.00,0.00,473402.71
4.99,0.00,0.00,0.00,14.00,0.00,2667.00,4715.00,0.00,472247.35
4.99,0.00,0.00,0.00,14.00,0.00,2664.00,4718.00,0.00,471147.53
5.00,0.00,0.00,0.00,14.00,0.00,2660.00,4722.00,0.00,470083.39
5.01,0.00,0.00,0.00,14.00,0.00,2653.00,4729.00,0.00,469006.74
5.01,0.00,0.00,0.00,14.00,0.00,2646.00,4736.00,0.00,467918.68
5.02,0.00,0.00,0.00,14.00,0.00,2642.00,4740.00,0.00,466865.28
5.03,0.00,0.00,0.00,14.00,0.00,2636.00,4746.00,0.00,465813.46
5.03,0.00,0.00,0.00,14.00,0.00,2621.00,4761.00,0.00,464627.88
5.04,0.00,0.00,0.00,14.00,0.00,2611.00,4771.00,0.00,463395.30
5.05,0.00,0.00,0.00,14.00,0.00,2608.00,4774.00,0.00,462224.99
5.06,0.00,0.00,0.00,14.00,0.00,2598.00,4784.00,0.00,461006.35
5.06,0.00,0.00,0.00,14.00,0.00,2593.00,4789.00,0.00,459818.71
5.07,0.00,0.00,0.00,14.00,0.00,2586.00,4796.00,0.00,458629.32
5.08,0.00,0.00,0.00,14.00,0.00,2578.00,4804.00,0.00,457423.31
5.08,0.00,0.00,0.00,14.00,0.00,2570.00,4812.00,0.00,456202.14
5.09,0.00,0.00,0.00,14.00,0.00,2560.00,4822.00,0.00,454937.06
5.10,0.00,0.00,0.00,14.00,0.00,2553.00,4829.00,0.00,453676.99
5.10,0.00,0.00,0.00,14.00,0.00,2541.00,4841.00,0.00,452346.35
5.11,0.00,0.00,0.00,14.00,0.00,2528.00,4854.00,0.00,450936.29
5.12,0.00,0.00,0.00,14.00,0.00,2518.00,4864.00,0.00,449498.77
5.12,0.00,0.00,0.00,14.00,0.00,2506.00,4876.00,0.00,448006.15
5.13,0.00,0.00,0.00,14.00,0.00,2502.00,4880.00,0.00,446583.41
5.14,0.00,0.00,0.00,14.00,0.00,2496.00,4886.00,0.00,445194.42
5.15,0.00,0.00,0.00,14.00,0.00,2494.00,4888.00,0.00,443896.33
5.15,0.00,0.00,0.00,14.00,0.00,2491.00,4891.00,0.00,442666.20
5.16,0.00,0.00,0.00,14.00,0.00,2486.00,4896.00,0.00,441468.07
5.17,0.00,0.00,0.00,14.00,0.00,2481.00,4901.00,0.00,440299.16
5.17,0.00,0.00,0.00,14.00,0.00,2477.00,4905.00,0.00,439171.93
5.18,0.00,0.00,0.00,14.00,0.00,2473.00,4909.00,0.00,438082.77
5.19,0.00,0.00,0.00,14.00,0.00,2465.00,4917.00,0.00,436968.26
5.19,0.00,0.00,0.00,14.00,0.00,2458.00,4924.00,0.00,435845.64
5.20,0.00,0.00,0.00,14.00,0.00,2451.00,4931.00,0.00,434715.61
5.21,0.00,0.00,0.00,14.00,0.00,2445.00,4937.00,0.00,433593.84
5.22,0.00,0.00,0.00,14.00,0.00,2438.00,4944.00,0.00,432464.59
5.22,0.00,0.00,0.00,14.00,0.00,2426.00,4956.00,0.00,431253.39
5.23,0.00,0.00,0.00,14.00,0.00,2415.00,4967.00,0.00,429982.40
5.24,0.00,0.00,0.00,14.00,0.00,2405.00,4977.00,0.00,428671.85
5.24,0.00,0.00,0.00,14.00,0.00,2398.00,4984.00,0.00,427370.26
5.25,0.00,0.00,0.00,14.00,0.00,2390.00,4992.00,0.00,426061.82
5.26,0.00,0.00,0.00,14.00,0.00,2381.00,5001.00,0.00,424732.11
5.26,0.00,0.00,0.00,14.00,0.00,2376.00,5006.00,0.00,423443.07
5.27,0.00,0.00,0.00,14.00,0.00,2369.00,5013.00,0.00,422161.11
5.28,0.00,0.00,0.00,14.00,0.00,2362.00,5020.00,0.00,420885.61
5.28,0.00,0.00,0.00,14.00,0.00,2353.00,5029.00,0.00,419585.98
5.29,0.00,0.00,0.00,14.00,0.00,2345.00,5037.00,0.00,418279.32
5.30,0.00,0.00,0.00,14.00,0.00,2339.00,5043.00,0.00,416996.31
5.31,0.00,0.00,0.00,14.00,0.00,2333.00,5049.00,0.00,415734.87
5.31,0.00,0.00,0.00,14.00,0.00,2326.00,5056.00,0.00,414478.12
5.32,0.00,0.00,0.00,14.00,0.00,2320.00,5062.00,0.00,413240.66
5.33,0.00,0.00,0.00,14.00,0.00,2314.00,5068.00,0.00,412020.81
5.33,0.00,0.00,0.00,14.00,0.00,2303.00,5079.00,0.00,410741.93
5.34,0.00,0.00,0.00,14.00,0.00,2299.00,5083.00,0.00,409514.32
5.35,0.00,0.00,0.00,14.00,0.00,2295.00,5087.00,0.00,408333.51
5.35,0.00,0.00,0.00,14.00,0.00,2288.00,5094.00,0.00,407150.35
5.36,0.00,0.00,0.00,14.00,0.00,2276.00,5106.00,0.00,405889.95
5.37,0.00,0.00,0.00,14.00,0.00,2267.00,5115.00,0.00,404604.09
5.38,0.00,0.00,0.00,14.00,0.00,2261.00,5121.00,0.00,403340.05
5.38,0.00,0.00,0.00,14.00,0.00,2254.00,5128.00,0.00,402080.92
5.39,0.00,0.00,0.00,14.00,0.00,2244.00,5138.00,0.00,400781.20
5.40,0.00,0.00,0.00,14.00,0.00,2242.00,5140.00,0.00,399564.61
5.40,0.00,0.00,0.00,14.00,0.00,2240.00,5142.00,0.00,398423.91
5.41,0.00,0.00,0.00,14.00,0.00,2232.00,5150.00,0.00,397262.35
5.42,0.00,0.00,0.00,14.00,0.00,2227.00,5155.00,0.00,396126.82
5.42,0.00,0.00,0.00,14.00,0.00,2222.00,5160.00,0.00,395015.05
5.43,0.00,0.00,0.00,14.00,0.00,2214.00,5168.00,0.00,393879.91
5.44,0.00,0.00,0.00,14.00,0.00,2209.00,5173.00,0.00,392768.49
5.44,0.00,0.00,0.00,14.00,0.00,2205.00,5177.00,0.00,391693.76
5.45,0.00,0.00,0.00,14.00,0.00,2202.00,5180.00,0.00,390667.54
5.46,0.00,0.00,0.00,14.00,0.00,2194.00,5188.00,0.00,389610.50
5.47,0.00,0.00,0.00,14.00,0.00,2189.00,5193.00,0.00,388570.38
5.47,0.00,0.00,0.00,14.00,0.00,2183.00,5199.00,0.00,387530.70
5.48,0.00,0.00,0.00,14.00,0.00,2173.00,5209.00,0.00,386431.31
5.49,0.00,0.00,0.00,14.00,0.00,2162.00,5220.00,0.00,385262.40
5.49,0.00,0.00,0.00,14.00,0.00,2155.00,5227.00,0.00,384090.11
5.50,0.00,0.00,0.00,14.00,0.00,2147.00,5235.00,0.00,382899.72
5.51,0.00,0.00,0.00,14.00,0.00,2142.00,5240.00,0.00,381737.87
5.51,0.00,0.00,0.00,14.00,0.00,2136.00,5246.00,0.00,380587.04
5.52,0.00,0.00,0.00,14.00,0.00,2132.00,5250.00,0.00,379476.33
5.53,0.00,0.00,0.00,14.00,0.00,2122.00,5260.00,0.00,378312.11
5.53,0.00,0.00,0.00,14.00,0.00,2113.00,5269.00,0.00,377114.06
5.54,0.00,0.00,0.00,14.00,0.00,2102.00,5280.00,0.00,375855.07
5.55,0.00,0.00,0.00,14.00,0.00,2093.00,5289.00,0.00,374570.50
5.56,0.00,0.00,0.00,14.00,0.00,2087.00,5295.00,0.00,373307.65
5.56,0.00,0.00,0.00,14.00,0.00,2081.00,5301.00,0.00,372064.62
5.57,0.00,0.00,0.00,14.00,0.00,2069.00,5313.00,0.00,370749.56
5.58,0.00,0.00,0.00,14.00,0.00,2062.00,5320.00,0.00,369443.84
5.58,0.00,0.00,0.00,14.00,0.00,2058.00,5324.00,0.00,368191.73
5.59,0.00,0.00,0.00,14.00,0.00,2048.00,5334.00,0.00,366898.41
5.60,0.00,0.00,0.00,14.00,0.00,2038.00,5344.00,0.00,365567.48
5.60,0.00,0.00,0.00,14.00,0.00,2031.00,5351.00,0.00,364247.28
5.61,0.00,0.00,0.00,14.00,0.00,2025.00,5357.00,0.00,362951.90
5.62,0.00,0.00,0.00,14.00,0.00,2021.00,5361.00,0.00,361709.22
5.62,0.00,0.00,0.00,14.00,0.00,2009.00,5373.00,0.00,360394.48
5.63,0.00,0.00,0.00,14.00,0.00,2002.00,5380.00,0.00,359089.05
5.64,0.00,0.00,0.00,14.00,0.00,1994.00,5388.00,0.00,357777.11
5.65,0.00,0.00,0.00,14.00,0.00,1990.00,5392.00,0.00,356519.32
5.65,0.00,0.00,0.00,14.00,0.00,1981.00,5401.00,0.00,355235.84
5.66,0.00,0.00,0.00,14.00,0.00,1974.00,5408.00,0.00,353958.96
5.67,0.00,0.00,0.00,14.00,0.00,1969.00,5413.00,0.00,352718.15
5.67,0.00,0.00,0.00,14.00,0.00,1963.00,5419.00,0.00,351495.25
5.68,0.00,0.00,0.00,14.00,0.00,1960.00,5422.00,0.00,350333.76
5.69,0.00,0.00,0.00,14.00,0.00,1953.00,5429.00,0.00,349168.25
5.69,0.00,0.00,0.00,14.00,0.00,1947.00,5435.00,0.00,348014.09
5.70,0.00,0.00,0.00,14.00,0.00,1937.00,5445.00,0.00,346810.20
5.71,0.00,0.00,0.00,14.00,0.00,1932.00,5450.00,0.00,345636.02
5.72,0.00,0.00,0.00,14.00,0.00,1927.00,5455.00,0.00,344488.97
5.72,0.00,0.00,0.00,14.00,0.00,1920.00,5462.00,0.00,343336.63
5.73,0.00,0.00,0.00,14.00,0.00,1918.00,5464.00,0.00,342254.59
5.74,0.00,0.00,0.00,14.00,0.00,1907.00,5475.00,0.00,341101.52
5.74,0.00,0.00,0.00,14.00,0.00,1900.00,5482.00,0.00,339943.69
5.75,0.00,0.00,0.00,14.00,0.00,1892.00,5490.00,0.00,338766.49
5.76,0.00,0.00,0.00,14.00,0.00,1878.00,5504.00,0.00,337481.48
5.76,0.00,0.00,0.00,14.00,0.00,1870.00,5512.00,0.00,336188.17
5.77,0.00,0.00,0.00,14.00,0.00,1865.00,5517.00,0.00,334932.37
5.78,0.00,0.00,0.00,14.00,0.00,1858.00,5524.00,0.00,333680.75
5.78,0.00,0.00,0.00,14.00,0.00,1850.00,5532.00,0.00,332417.94
5.79,0.00,0.00,0.00,14.00,0.00,1843.00,5539.00,0.00,331159.92
5.80,0.00,0.00,0.00,14.00,0.00,1836.00,5546.00,0.00,329906.29
5.81,0.00,0.00,0.00,14.00,0.00,1825.00,5557.00,0.00,328596.56
5.81,0.00,0.00,0.00,14.00,0.00,1817.00,5565.00,0.00,327280.69
5.82,0.00,0.00,0.00,14.00,0.00,1813.00,5569.00,0.00,326019.31
5.83,0.00,0.00,0.00,14.00,0.00,1808.00,5574.00,0.00,324792.65
5.83,0.00,0.00,0.00,14.00,0.00,1801.00,5581.00,0.00,323567.65
5.84,0.00,0.00,0.00,14.00,0.00,1792.00,5590.00,0.00,322314.10
5.85,0.00,0.00,0.00,14.00,0.00,1782.00,5600.00,0.00,321019.47
5.85,0.00,0.00,0.00,14.00,0.00,1779.00,5603.00,0.00,319792.51
5.86,0.00,0.00,0.00,14.00,0.00,1770.00,5612.00,0.00,318537.18
5.87,0.00,0.00,0.00,14.00,0.00,1766.00,5616.00,0.00,317331.06
5.88,0.00,0.00,0.00,14.00,0.00,1758.00,5624.00,0.00,316109.79
5.88,0.00,0.00,0.00,14.00,0.00,1750.00,5632.00,0.00,314874.67
5.89,0.00,0.00,0.00,14.00,0.00,1743.00,5639.00,0.00,313641.94
5.90,0.00,0.00,0.00,14.00,0.00,1732.00,5650.00,0.00,312351.29
5.90,0.00,0.00,0.00,14.00,0.00,1723.00,5659.00,0.00,311037.83
5.91,0.00,0.00,0.00,14.00,0.00,1719.00,5663.00,0.00,309778.64
5.92,0.00,0.00,0.00,14.00,0.00,1710.00,5672.00,0.00,308493.89
5.92,0.00,0.00,0.00,14.00,0.00,1702.00,5680.00,0.00,307200.82
5.93,0.00,0.00,0.00,14.00,0.00,1697.00,5685.00,0.00,305945.23
5.94,0.00,0.00,0.00,14.00,0.00,1691.00,5691.00,0.00,304708.84
5.94,0.00,0.00,0.00,14.00,0.00,1687.00,5695.00,0.00,303520.01
5.95,0.00,0.00,0.00,14.00,0.00,1682.00,5700.00,0.00,302359.59
5.96,0.00,0.00,0.00,14.00,0.00,1673.00,5709.00,0.00,301165.01
5.97,0.00,0.00,0.00,14.00,0.00,1668.00,5714.00,0.00,299999.32
5.97,0.00,0.00,0.00,14.00,0.00,1660.00,5722.00,0.00,298814.96
5.98,0.00,0.00,0.00,14.00,0.00,1653.00,5729.00,0.00,297628.56
5.99,0.00,0.00,0.00,14.00,0.00,1648.00,5734.00,0.00,296470.36
5.99,0.00,0.00,0.00,14.00,0.00,1643.00,5739.00,0.00,295337.89
6.00,0.00,0.00,0.00,14.00,0.00,1640.00,5742.00,0.00,294258.96
6.01,0.00,0.00,0.00,14.00,0.00,1632.00,5750.00,0.00,293153.80
6.01,0.00,0.00,0.00,14.00,0.00,1625.00,5757.00,0.00,292039.71
6.02,0.00,0.00,0.00,14.00,0.00,1614.00,5768.00,0.00,290857.37
6.03,0.00,0.00,0.00,14.00,0.00,1610.00,5772.00,0.00,289717.89
6.03,0.00,0.00,0.00,14.00,0.00,1607.00,5775.00,0.00,288632.57
6.04,0.00,0.00,0.00,14.00,0.00,1605.00,5777.00,0.00,287611.71
6.05,0.00,0.00,0.00,14.00,0.00,1598.00,5784.00,0.00,286574.57
6.06,0.00,0.00,0.00,14.00,0.00,1594.00,5788.00,0.00,285567.66
6.06,0.00,0.00,0.00,14.00,0.00,1591.00,5791.00,0.00,284603.35
6.07,0.00,0.00,0.00,14.00,0.00,1582.00,5800.00,0.00,283587.80
6.08,0.00,0.00,0.00,14.00,0.00,1578.00,5804.00,0.00,282600.59
6.08,0.00,0.00,0.00,14.00,0.00,1573.00,5809.00,0.00,281624.23
6.09,0.00,0.00,0.00,14.00,0.00,1567.00,5815.00,0.00,280642.74
6.10,0.00,0.00,0.00,14.00,0.00,1564.00,5818.00,0.00,279701.65
6.10,0.00,0.00,0.00,14.00,0.00,1558.00,5824.00,0.00,278752.37
6.11,0.00,0.00,0.00,14.00,0.00,1550.00,5832.00,0.00,277765.56
6.12,0.00,0.00,0.00,14.00,0.00,1543.00,5839.00,0.00,276759.52
6.12,0.00,0.00,0.00,14.00,0.00,1535.00,5847.00,0.00,275720.90
6.13,0.00,0.00,0.00,14.00,0.00,1529.00,5853.00,0.00,274682.57
6.14,0.00,0.00,0.00,14.00,0.00,1520.00,5862.00,0.00,273599.45
6.15,0.00,0.00,0.00,14.00,0.00,1511.00,5871.00,0.00,272475.44
6.15,0.00,0.00,0.00,14.00,0.00,1510.00,5872.00,0.00,271434.28
6.16,0.00,0.00,0.00,14.00,0.00,1500.00,5882.00,0.00,270333.54
6.17,0.00,0.00,0.00,14.00,0.00,1495.00,5887.00,0.00,269253.54
6.17,0.00,0.00,0.00,14.00,0.00,1491.00,5891.00,0.00,268207.49
6.18,0.00,0.00,0.00,14.00,0.00,1486.00,5896.00,0.00,267177.41
6.19,0.00,0.00,0.00,14.00,0.00,1477.00,5905.00,0.00,266101.82
6.19,0.00,0.00,0.00,14.00,0.00,1470.00,5912.00,0.00,265014.72
6.20,0.00,0.00,0.00,14.00,0.00,1465.00,5917.00,0.00,263947.17
6.21,0.00,0.00,0.00,14.00,0.00,1455.00,5927.00,0.00,262822.34
6.22,0.00,0.00,0.00,14.00,0.00,1449.00,5933.00,0.00,261705.32
6.22,0.00,0.00,0.00,14.00,0.00,1433.00,5949.00,0.00,260445.20
6.23,0.00,0.00,0.00,14.00,0.00,1429.00,5953.00,0.00,259234.71
6.24,0.00,0.00,0.00,14.00,0.00,1423.00,5959.00,0.00,258039.48
6.24,0.00,0.00,0.00,14.00,0.00,1414.00,5968.00,0.00,256813.13
6.25,0.00,0.00,0.00,14.00,0.00,1411.00,5971.00,0.00,255648.49
6.26,0.00,0.00,0.00,14.00,0.00,1406.00,5976.00,0.00,254510.14
6.26,0.00,0.00,0.00,14.00,0.00,1397.00,5985.00,0.00,253335.72
6.27,0.00,0.00,0.00,14.00,0.00,1390.00,5992.00,0.00,252158.39
6.28,0.00,0.00,0.00,14.00,0.00,1387.00,5995.00,0.00,251038.51
6.28,0.00,0.00,0.00,14.00,0.00,1381.00,6001.00,0.00,249926.01
6.29,0.00,0.00,0.00,14.00,0.00,1373.00,6009.00,0.00,248790.19
6.30,0.00,0.00,0.00,14.00,0.00,1367.00,6015.00,0.00,247663.14
6.31,0.00,0.00,0.00,14.00,0.00,1363.00,6019.00,0.00,246574.14
6.31,0.00,0.00,0.00,14.00,0.00,1355.00,6027.00,0.00,245459.77
6.32,0.00,0.00,0.00,14.00,0.00,1350.00,6032.00,0.00,244367.33
6.33,0.00,0.00,0.00,14.00,0.00,1348.00,6034.00,0.00,243339.96
6.33,0.00,0.00,0.00,14.00,0.00,1344.00,6038.00,0.00,242341.96
6.34,0.00,0.00,0.00,14.00,0.00,1340.00,6042.00,0.00,241370.77
6.35,0.00,0.00,0.00,14.00,0.00,1334.00,6048.00,0.00,240394.01
6.35,0.00,0.00,0.00,14.00,0.00,1325.00,6057.00,0.00,239367.09
6.36,0.00,0.00,0.00,14.00,0.00,1319.00,6063.00,0.00,238339.46
6.37,0.00,0.00,0.00,14.00,0.00,1312.00,6070.00,0.00,237296.14
6.38,0.00,0.00,0.00,14.00,0.00,1305.00,6077.00,0.00,236238.51
6.38,0.00,0.00,0.00,14.00,0.00,1297.00,6085.00,0.00,235152.79
6.39,0.00,0.00,0.00,14.00,0.00,1289.00,6093.00,0.00,234041.43
6.40,0.00,0.00,0.00,14.00,0.00,1286.00,6096.00,0.00,232981.77
6.40,0.00,0.00,0.00,14.00,0.00,1283.00,6099.00,0.00,231969.31
6.41,0.00,0.00,0.00,14.00,0.00,1275.00,6107.00,0.00,230924.82
6.42,0.00,0.00,0.00,14.00,0.00,1266.00,6116.00,0.00,229836.08
6.42,0.00,0.00,0.00,14.00,0.00,1260.00,6122.00,0.00,228752.01
6.43,0.00,0.00,0.00,14.00,0.00,1252.00,6130.00,0.00,227642.14
6.44,0.00,0.00,0.00,14.00,0.00,1244.00,6138.00,0.00,226508.73
6.44,0.00,0.00,0.00,14.00,0.00,1242.00,6140.00,0.00,225443.97
6.45,0.00,0.00,0.00,14.00,0.00,1236.00,6146.00,0.00,224381.79
6.46,0.00,0.00,0.00,14.00,0.00,1228.00,6154.00,0.00,223291.91
6.47,0.00,0.00,0.00,14.00,0.00,1224.00,6158.00,0.00,222236.84
6.47,0.00,0.00,0.00,14.00,0.00,1215.00,6167.00,0.00,221138.43
6.48,0.00,0.00,0.00,14.00,0.00,1204.00,6178.00,0.00,219970.42
6.49,0.00,0.00,0.00,14.00,0.00,1190.00,6192.00,0.00,218693.78
6.49,0.00,0.00,0.00,14.00,0.00,1177.00,6205.00,0.00,217333.01
6.50,0.00,0.00,0.00,14.00,0.00,1171.00,6211.00,0.00,216000.60
6.51,0.00,0.00,0.00,14.00,0.00,1166.00,6216.00,0.00,214709.08
6.51,0.00,0.00,0.00,14.00,0.00,1158.00,6224.00,0.00,213409.85
6.52,0.00,0.00,0.00,14.00,0.00,1152.00,6230.00,0.00,212133.60
6.53,0.00,0.00,0.00,14.00,0.00,1148.00,6234.00,0.00,210908.40
6.53,0.00,0.00,0.00,14.00,0.00,1143.00,6239.00,0.00,209714.76
6.54,0.00,0.00,0.00,14.00,0.00,1139.00,6243.00,0.00,208564.97
6.55,0.00,0.00,0.00,14.00,0.00,1135.00,6247.00,0.00,207455.21
6.56,0.00,0.00,0.00,14.00,0.00,1131.00,6251.00,0.00,206381.98
6.56,0.00,0.00,0.00,14.00,0.00,1124.00,6258.00,0.00,205297.05
6.57,0.00,0.00,0.00,14.00,0.00,1117.00,6265.00,0.00,204201.43
6.58,0.00,0.00,0.00,14.00,0.00,1113.00,6269.00,0.00,203141.12
6.58,0.00,0.00,0.00,14.00,0.00,1107.00,6275.00,0.00,202082.99
6.59,0.00,0.00,0.00,14.00,0.00,1097.00,6285.00,0.00,200966.77
6.60,0.00,0.00,0.00,14.00,0.00,1091.00,6291.00,0.00,199857.61
6.60,0.00,0.00,0.00,14.00,0.00,1087.00,6295.00,0.00,198784.94
6.61,0.00,0.00,0.00,14.00,0.00,1081.00,6301.00,0.00,197715.53
6.62,0.00,0.00,0.00,14.00,0.00,1077.00,6305.00,0.00,196679.16
6.62,0.00,0.00,0.00,14.00,0.00,1070.00,6312.00,0.00,195627.86
6.63,0.00,0.00,0.00,14.00,0.00,1066.00,6316.00,0.00,194608.01
6.64,0.00,0.00,0.00,14.00,0.00,1063.00,6319.00,0.00,193631.90
6.65,0.00,0.00,0.00,14.00,0.00,1055.00,6327.00,0.00,192620.60
6.65,0.00,0.00,0.00,14.00,0.00,1045.00,6337.00,0.00,191547.12
6.66,0.00,0.00,0.00,14.00,0.00,1039.00,6343.00,0.00,190476.99
6.67,0.00,0.00,0.00,14.00,0.00,1029.00,6353.00,0.00,189349.80
6.67,0.00,0.00,0.00,14.00,0.00,1022.00,6360.00,0.00,188215.61
6.68,0.00,0.00,0.00,14.00,0.00,1016.00,6366.00,0.00,187090.03
6.69,0.00,0.00,0.00,14.00,0.00,1010.00,6372.00,0.00,185972.33
6.69,0.00,0.00,0.00,14.00,0.00,999.00,6383.00,0.00,184786.70
6.70,0.00,0.00,0.00,14.00,0.00,993.00,6389.00,0.00,183614.17
6.71,0.00,0.00,0.00,14.00,0.00,987.00,6395.00,0.00,182453.60
6.72,0.00,0.00,0.00,14.00,0.00,981.00,6401.00,0.00,181303.95
6.72,0.00,0.00,0.00,14.00,0.00,971.00,6411.00,0.00,180104.17
6.73,0.00,0.00,0.00,14.00,0.00,965.00,6417.00,0.00,178918.73
6.74,0.00,0.00,0.00,14.00,0.00,957.00,6425.00,0.00,177716.33
6.74,0.00,0.00,0.00,14.00,0.00,955.00,6427.00,0.00,176588.58
6.75,0.00,0.00,0.00,14.00,0.00,949.00,6433.00,0.00,175468.89
6.76,0.00,0.00,0.00,14.00,0.00,943.00,6439.00,0.00,174356.56
6.76,0.00,0.00,0.00,14.00,0.00,940.00,6442.00,0.00,173296.02
6.77,0.00,0.00,0.00,14.00,0.00,933.00,6449.00,0.00,172222.67
6.78,0.00,0.00,0.00,14.00,0.00,928.00,6454.00,0.00,171167.66
6.78,0.00,0.00,0.00,14.00,0.00,922.00,6460.00,0.00,170114.38
6.79,0.00,0.00,0.00,14.00,0.00,918.00,6464.00,0.00,169092.72
6.80,0.00,0.00,0.00,14.00,0.00,910.00,6472.00,0.00,168039.84
6.81,0.00,0.00,0.00,14.00,0.00,903.00,6479.00,0.00,166973.48
6.81,0.00,0.00,0.00,14.00,0.00,900.00,6482.00,0.00,165954.90
6.82,0.00,0.00,0.00,14.00,0.00,894.00,6488.00,0.00,164934.88
6.83,0.00,0.00,0.00,14.00,0.00,890.00,6492.00,0.00,163943.59
6.83,0.00,0.00,0.00,14.00,0.00,883.00,6499.00,0.00,162933.45
6.84,0.00,0.00,0.00,14.00,0.00,876.00,6506.00,0.00,161906.11
6.85,0.00,0.00,0.00,14.00,0.00,868.00,6514.00,0.00,160848.04
6.85,0.00,0.00,0.00,14.00,0.00,863.00,6519.00,0.00,159806.99
6.86,0.00,0.00,0.00,14.00,0.00,860.00,6522.00,0.00,158811.51
6.87,0.00,0.00,0.00,14.00,0.00,854.00,6528.00,0.00,157812.59
6.88,0.00,0.00,0.00,14.00,0.00,846.00,6536.00,0.00,156780.45
6.88,0.00,0.00,0.00,14.00,0.00,842.00,6540.00,0.00,155778.11
6.89,0.00,0.00,0.00,14.00,0.00,835.00,6547.00,0.00,154757.87
6.90,0.00,0.00,0.00,14.00,0.00,831.00,6551.00,0.00,153766.39
6.90,0.00,0.00,0.00,14.00,0.00,824.00,6558.00,0.00,152756.08
6.91,0.00,0.00,0.00,14.00,0.00,822.00,6560.00,0.00,151803.69
6.92,0.00,0.00,0.00,14.00,0.00,816.00,6566.00,0.00,150844.10
6.92,0.00,0.00,0.00,14.00,0.00,813.00,6569.00,0.00,149922.99
6.93,0.00,0.00,0.00,14.00,0.00,810.00,6572.00,0.00,149037.02
6.94,0.00,0.00,0.00,14.00,0.00,803.00,6579.00,0.00,148123.04
6.94,0.00,0.00,0.00,14.00,0.00,797.00,6585.00,0.00,147198.50
6.95,0.00,0.00,0.00,14.00,0.00,789.00,6593.00,0.00,146234.29
6.96,0.00,0.00,0.00,14.00,0.00,785.00,6597.00,0.00,145293.94
6.97,0.00,0.00,0.00,14.00,0.00,780.00,6602.00,0.00,144360.36
6.97,0.00,0.00,0.00,14.00,0.00,773.00,6609.00,0.00,143402.90
6.98,0.00,0.00,0.00,14.00,0.00,769.00,6613.00,0.00,142468.73
6.99,0.00,0.00,0.00,14.00,0.00,769.00,6613.00,0.00,141615.90
6.99,0.00,0.00,0.00,14.00,0.00,762.00,6620.00,0.00,140732.17
7.00,0.00,0.00,0.00,14.00,0.00,757.00,6625.00,0.00,139850.28
7.01,0.00,0.00,0.00,14.00,0.00,754.00,6628.00,0.00,139000.11
7.01,0.00,0.00,0.00,14.00,0.00,751.00,6631.00,0.00,138178.89
7.02,0.00,0.00,0.00,14.00,0.00,746.00,6636.00,0.00,137354.08
7.03,0.00,0.00,0.00,14.00,0.00,739.00,6643.00,0.00,136495.92
7.03,0.00,0.00,0.00,14.00,0.00,736.00,6646.00,0.00,135667.41
7.04,0.00,0.00,0.00,14.00,0.00,730.00,6652.00,0.00,134820.91
7.05,0.00,0.00,0.00,14.00,0.00,726.00,6656.00,0.00,133988.03
7.06,0.00,0.00,0.00,14.00,0.00,723.00,6659.00,0.00,133182.60
7.06,0.00,0.00,0.00,14.00,0.00,719.00,6663.00,0.00,132387.22
7.07,0.00,0.00,0.00,14.00,0.00,714.00,6668.00,0.00,131585.98
7.08,0.00,0.00,0.00,14.00,0.00,711.00,6671.00,0.00,130809.43
7.08,0.00,0.00,0.00,14.00,0.00,700.00,6682.00,0.00,129935.25
7.09,0.00,0.00,0.00,14.00,0.00,697.00,6685.00,0.00,129092.12
7.10,0.00,0.00,0.00,14.00,0.00,695.00,6687.00,0.00,128292.37
7.10,0.00,0.00,0.00,14.00,0.00,692.00,6690.00,0.00,127517.18
7.11,0.00,0.00,0.00,14.00,0.00,687.00,6695.00,0.00,126734.37
7.12,0.00,0.00,0.00,14.00,0.00,684.00,6698.00,0.00,125974.66
7.12,0.00,0.00,0.00,14.00,0.00,675.00,6707.00,0.00,125145.90
7.13,0.00,0.00,0.00,14.00,0.00,671.00,6711.00,0.00,124329.21
7.14,0.00,0.00,0.00,14.00,0.00,666.00,6716.00,0.00,123508.51
7.15,0.00,0.00,0.00,14.00,0.00,659.00,6723.00,0.00,122654.12
7.15,0.00,0.00,0.00,14.00,0.00,656.00,6726.00,0.00,121829.06
7.16,0.00,0.00,0.00,14.00,0.00,651.00,6731.00,0.00,121000.72
7.17,0.00,0.00,0.00,14.00,0.00,647.00,6735.00,0.00,120184.42
7.17,0.00,0.00,0.00,14.00,0.00,641.00,6741.00,0.00,119349.06
7.18,0.00,0.00,0.00,14.00,0.00,636.00,6746.00,0.00,118511.32
7.19,0.00,0.00,0.00,14.00,0.00,632.00,6750.00,0.00,117686.44
7.19,0.00,0.00,0.00,14.00,0.00,626.00,6756.00,0.00,116843.25
7.20,0.00,0.00,0.00,14.00,0.00,620.00,6762.00,0.00,115983.34
7.21,0.00,0.00,0.00,14.00,0.00,614.00,6768.00,0.00,115108.17
7.22,0.00,0.00,0.00,14.00,0.00,609.00,6773.00,0.00,114234.09
7.22,0.00,0.00,0.00,14.00,0.00,606.00,6776.00,0.00,113391.05
7.23,0.00,0.00,0.00,14.00,0.00,605.00,6777.00,0.00,112606.40
7.24,0.00,0.00,0.00,14.00,0.00,601.00,6781.00,0.00,111829.98
7.24,0.00,0.00,0.00,14.00,0.00,595.00,6787.00,0.00,111031.03
7.25,0.00,0.00,0.00,14.00,0.00,588.00,6794.00,0.00,110196.48
7.26,0.00,0.00,0.00,14.00,0.00,585.00,6797.00,0.00,109389.54
7.26,0.00,0.00,0.00,14.00,0.00,580.00,6802.00,0.00,108577.74
7.27,0.00,0.00,0.00,14.00,0.00,572.00,6810.00,0.00,107716.45
7.28,0.00,0.00,0.00,14.00,0.00,569.00,6813.00,0.00,106885.09
7.28,0.00,0.00,0.00,14.00,0.00,561.00,6821.00,0.00,106005.93
7.29,0.00,0.00,0.00,14.00,0.00,550.00,6832.00,0.00,105038.07
7.30,0.00,0.00,0.00,14.00,0.00,547.00,6835.00,0.00,104109.42
7.31,0.00,0.00,0.00,14.00,0.00,539.00,6843.00,0.00,103141.45
7.31,0.00,0.00,0.00,14.00,0.00,537.00,6845.00,0.00,102227.72
7.32,0.00,0.00,0.00,14.00,0.00,533.00,6849.00,0.00,101333.46
7.33,0.00,0.00,0.00,14.00,0.00,528.00,6854.00,0.00,100441.96
7.33,0.00,0.00,0.00,14.00,0.00,525.00,6857.00,0.00,99583.01
7.34,0.00,0.00,0.00,14.00,0.00,518.00,6864.00,0.00,98693.69
7.35,0.00,0.00,0.00,14.00,0.00,511.00,6871.00,0.00,97776.65
7.35,0.00,0.00,0.00,14.00,0.00,508.00,6874.00,0.00,96894.40
7.36,0.00,0.00,0.00,14.00,0.00,503.00,6879.00,0.00,96013.85
7.37,0.00,0.00,0.00,14.00,0.00,494.00,6888.00,0.00,95074.77
7.38,0.00,0.00,0.00,14.00,0.00,487.00,6895.00,0.00,94112.30
7.38,0.00,0.00,0.00,14.00,0.00,483.00,6899.00,0.00,93173.54
7.39,0.00,0.00,0.00,14.00,0.00,475.00,6907.00,0.00,92196.34
7.40,0.00,0.00,0.00,14.00,0.00,472.00,6910.00,0.00,91259.16
7.40,0.00,0.00,0.00,14.00,0.00,470.00,6912.00,0.00,90373.55
7.41,0.00,0.00,0.00,14.00,0.00,458.00,6924.00,0.00,89384.77
7.42,0.00,0.00,0.00,14.00,0.00,451.00,6931.00,0.00,88376.93
7.42,0.00,0.00,0.00,14.00,0.00,448.00,6934.00,0.00,87411.77
7.43,0.00,0.00,0.00,14.00,0.00,444.00,6938.00,0.00,86470.57
7.44,0.00,0.00,0.00,14.00,0.00,440.00,6942.00,0.00,85551.23
7.44,0.00,0.00,0.00,14.00,0.00,432.00,6950.00,0.00,84591.76
7.45,0.00,0.00,0.00,14.00,0.00,425.00,6957.00,0.00,83610.67
7.46,0.00,0.00,0.00,14.00,0.00,422.00,6960.00,0.00,82669.94
7.47,0.00,0.00,0.00,14.00,0.00,415.00,6967.00,0.00,81705.97
7.47,0.00,0.00,0.00,14.00,0.00,410.00,6972.00,0.00,80750.82
7.48,0.00,0.00,0.00,14.00,0.00,405.00,6977.00,0.00,79803.72
7.49,0.00,0.00,0.00,14.00,0.00,404.00,6978.00,0.00,78924.07
7.49,0.00,0.00,0.00,14.00,0.00,402.00,6980.00,0.00,78090.97
7.50,0.00,0.00,0.00,14.00,0.00,396.00,6986.00,0.00,77240.28
7.51,0.00,0.00,0.00,14.00,0.00,392.00,6990.00,0.00,76403.57
7.51,0.00,0.00,0.00,14.00,0.00,389.00,6993.00,0.00,75594.64
7.52,0.00,0.00,0.00,14.00,0.00,382.00,7000.00,0.00,74750.99
7.53,0.00,0.00,0.00,14.00,0.00,374.00,7008.00,0.00,73860.62
7.53,0.00,0.00,0.00,14.00,0.00,373.00,7009.00,0.00,73032.76
7.54,0.00,0.00,0.00,14.00,0.00,366.00,7016.00,0.00,72171.82
7.55,0.00,0.00,0.00,14.00,0.00,365.00,7017.00,0.00,71370.82
7.56,0.00,0.00,0.00,14.00,0.00,362.00,7020.00,0.00,70594.51
7.56,0.00,0.00,0.00,14.00,0.00,358.00,7024.00,0.00,69825.69
7.57,0.00,0.00,0.00,14.00,0.00,350.00,7032.00,0.00,69003.64
7.58,0.00,0.00,0.00,14.00,0.00,347.00,7035.00,0.00,68208.10
7.58,0.00,0.00,0.00,14.00,0.00,342.00,7040.00,0.00,67406.72
7.59,0.00,0.00,0.00,14.00,0.00,338.00,7044.00,0.00,66615.03
7.60,0.00,0.00,0.00,14.00,0.00,334.00,7048.00,0.00,65832.18
7.60,0.00,0.00,0.00,14.00,0.00,331.00,7051.00,0.00,65072.43
7.61,0.00,0.00,0.00,14.00,0.00,326.00,7056.00,0.00,64303.72
7.62,0.00,0.00,0.00,14.00,0.00,323.00,7059.00,0.00,63556.87
7.62,0.00,0.00,0.00,14.00,0.00,317.00,7065.00,0.00,62784.92
7.63,0.00,0.00,0.00,14.00,0.00,312.00,7070.00,0.00,62005.08
7.64,0.00,0.00,0.00,14.00,0.00,309.00,7073.00,0.00,61248.07
7.65,0.00,0.00,0.00,14.00,0.00,303.00,7079.00,0.00,60466.83
7.65,0.00,0.00,0.00,14.00,0.00,301.00,7081.00,0.00,59723.58
7.66,0.00,0.00,0.00,14.00,0.00,300.00,7082.00,0.00,59030.03
7.67,0.00,0.00,0.00,14.00,0.00,299.00,7083.00,0.00,58381.84
7.67,0.00,0.00,0.00,14.00,0.00,295.00,7087.00,0.00,57730.00
7.68,0.00,0.00,0.00,14.00,0.00,290.00,7092.00,0.00,57059.81
7.69,0.00,0.00,0.00,14.00,0.00,285.00,7097.00,0.00,56372.86
7.69,0.00,0.00,0.00,14.00,0.00,282.00,7100.00,0.00,55700.65
7.70,0.00,0.00,0.00,14.00,0.00,280.00,7102.00,0.00,55056.94
7.71,0.00,0.00,0.00,14.00,0.00,277.00,7105.00,0.00,54424.20
7.72,0.00,0.00,0.00,14.00,0.00,269.00,7113.00,0.00,53726.38
7.72,0.00,0.00,0.00,14.00,0.00,269.00,7113.00,0.00,53089.32
7.73,0.00,0.00,0.00,14.00,0.00,261.00,7121.00,0.00,52387.55
7.74,0.00,0.00,0.00,14.00,0.00,258.00,7124.00,0.00,51701.81
7.74,0.00,0.00,0.00,14.00,0.00,254.00,7128.00,0.00,51015.70
7.75,0.00,0.00,0.00,14.00,0.00,248.00,7134.00,0.00,50299.19
7.76,0.00,0.00,0.00,14.00,0.00,242.00,7140.00,0.00,49554.93
7.76,0.00,0.00,0.00,14.00,0.00,238.00,7144.00,0.00,48815.39
7.77,0.00,0.00,0.00,14.00,0.00,238.00,7144.00,0.00,48140.24
7.78,0.00,0.00,0.00,14.00,0.00,233.00,7149.00,0.00,47448.77
7.78,0.00,0.00,0.00,14.00,0.00,230.00,7152.00,0.00,46772.43
7.79,0.00,0.00,0.00,14.00,0.00,226.00,7156.00,0.00,46094.90
7.80,0.00,0.00,0.00,14.00,0.00,226.00,7156.00,0.00,45476.37
7.81,0.00,0.00,0.00,14.00,0.00,222.00,7160.00,0.00,44851.60
7.81,0.00,0.00,0.00,14.00,0.00,217.00,7165.00,0.00,44206.12
7.82,0.00,0.00,0.00,14.00,0.00,211.00,7171.00,0.00,43526.70
7.83,0.00,0.00,0.00,14.00,0.00,206.00,7176.00,0.00,42831.33
7.83,0.00,0.00,0.00,14.00,0.00,204.00,7178.00,0.00,42166.47
7.84,0.00,0.00,0.00,14.00,0.00,203.00,7179.00,0.00,41544.47
7.85,0.00,0.00,0.00,14.00,0.00,200.00,7182.00,0.00,40931.57
7.85,0.00,0.00,0.00,14.00,0.00,197.00,7185.00,0.00,40326.97
7.86,0.00,0.00,0.00,14.00,0.00,194.00,7188.00,0.00,39729.94
7.87,0.00,0.00,0.00,14.00,0.00,193.00,7189.00,0.00,39169.88
7.88,0.00,0.00,0.00,14.00,0.00,191.00,7191.00,0.00,38628.54
7.88,0.00,0.00,0.00,14.00,0.00,189.00,7193.00,0.00,38104.29
7.89,0.00,0.00,0.00,14.00,0.00,188.00,7194.00,0.00,37610.67
7.90,0.00,0.00,0.00,14.00,0.00,185.00,7197.00,0.00,37114.96
7.90,0.00,0.00,0.00,14.00,0.00,184.00,7198.00,0.00,36647.39
7.91,0.00,0.00,0.00,14.00,0.00,181.00,7201.00,0.00,36175.46
7.92,0.00,0.00,0.00,14.00,0.00,176.00,7206.00,0.00,35669.52
7.92,0.00,0.00,0.00,14.00,0.00,174.00,7208.00,0.00,35177.58
7.93,0.00,0.00,0.00,14.00,0.00,170.00,7212.00,0.00,34668.39
7.94,0.00,0.00,0.00,14.00,0.00,168.00,7214.00,0.00,34173.49
7.94,0.00,0.00,0.00,14.00,0.00,166.00,7216.00,0.00,33691.63
7.95,0.00,0.00,0.00,14.00,0.00,165.00,7217.00,0.00,33236.72
7.96,0.00,0.00,0.00,14.00,0.00,162.00,7220.00,0.00,32776.34
7.97,0.00,0.00,0.00,14.00,0.00,161.00,7221.00,0.00,32341.03
7.97,0.00,0.00,0.00,14.00,0.00,156.00,7226.00,0.00,31868.51
7.98,0.00,0.00,0.00,14.00,0.00,153.00,7229.00,0.00,31392.06
7.99,0.00,0.00,0.00,14.00,0.00,152.00,7230.00,0.00,30942.08
7.99,0.00,0.00,0.00,14.00,0.00,148.00,7234.00,0.00,30471.19
8.00,0.00,0.00,0.00,14.00,0.00,146.00,7236.00,0.00,30011.26
8.01,0.00,0.00,0.00,14.00,0.00,144.00,7238.00,0.00,29561.32
8.01,0.00,0.00,0.00,14.00,0.00,139.00,7243.00,0.00,29075.46
8.02,0.00,0.00,0.00,14.00,0.00,138.00,7244.00,0.00,28616.87
8.03,0.00,0.00,0.00,14.00,0.00,134.00,7248.00,0.00,28138.13
8.03,0.00,0.00,0.00,14.00,0.00,130.00,7252.00,0.00,27640.98
8.04,0.00,0.00,0.00,14.00,0.00,128.00,7254.00,0.00,27157.07
8.05,0.00,0.00,0.00,14.00,0.00,126.00,7256.00,0.00,26685.25
8.06,0.00,0.00,0.00,14.00,0.00,124.00,7258.00,0.00,26224.47
8.06,0.00,0.00,0.00,14.00,0.00,124.00,7258.00,0.00,25803.82
8.07,0.00,0.00,0.00,14.00,0.00,120.00,7262.00,0.00,25359.70
8.08,0.00,0.00,0.00,14.00,0.00,117.00,7265.00,0.00,24909.18
8.08,0.00,0.00,0.00,14.00,0.00,116.00,7266.00,0.00,24482.87
8.09,0.00,0.00,0.00,14.00,0.00,112.00,7270.00,0.00,24033.59
8.10,0.00,0.00,0.00,14.00,0.00,110.00,7272.00,0.00,23593.38
8.10,0.00,0.00,0.00,14.00,0.00,109.00,7273.00,0.00,23176.49
8.11,0.00,0.00,0.00,14.00,0.00,107.00,7275.00,0.00,22765.84
8.12,0.00,0.00,0.00,14.00,0.00,106.00,7276.00,0.00,22375.94
8.12,0.00,0.00,0.00,14.00,0.00,103.00,7279.00,0.00,21974.91
8.13,0.00,0.00,0.00,14.00,0.00,100.00,7282.00,0.00,21563.73
8.14,0.00,0.00,0.00,14.00,0.00,97.00,7285.00,0.00,21143.29
8.15,0.00,0.00,0.00,14.00,0.00,91.00,7291.00,0.00,20669.32
8.15,0.00,0.00,0.00,14.00,0.00,89.00,7293.00,0.00,20206.58
8.16,0.00,0.00,0.00,14.00,0.00,89.00,7293.00,0.00,19784.13
8.17,0.00,0.00,0.00,14.00,0.00,89.00,7293.00,0.00,19398.46
8.17,0.00,0.00,0.00,14.00,0.00,88.00,7294.00,0.00,19031.36
8.18,0.00,0.00,0.00,14.00,0.00,88.00,7294.00,0.00,18696.22
8.19,0.00,0.00,0.00,14.00,0.00,84.00,7298.00,0.00,18330.17
8.19,0.00,0.00,0.00,14.00,0.00,84.00,7298.00,0.00,17995.99
8.20,0.00,0.00,0.00,14.00,0.00,82.00,7300.00,0.00,17660.87
8.21,0.00,0.00,0.00,14.00,0.00,76.00,7306.00,0.00,17264.79
8.22,0.00,0.00,0.00,14.00,0.00,70.00,7312.00,0.00,16813.06
8.22,0.00,0.00,0.00,14.00,0.00,68.00,7314.00,0.00,16370.61
8.23,0.00,0.00,0.00,14.00,0.00,67.00,7315.00,0.00,15951.67
8.24,0.00,0.00,0.00,14.00,0.00,66.00,7316.00,0.00,15554.19
8.24,0.00,0.00,0.00,14.00,0.00,61.00,7321.00,0.00,15116.21
8.25,0.00,0.00,0.00,14.00,0.00,58.00,7324.00,0.00,14671.29
8.26,0.00,0.00,0.00,14.00,0.00,58.00,7324.00,0.00,14265.11
8.26,0.00,0.00,0.00,14.00,0.00,57.00,7325.00,0.00,13879.28
8.27,0.00,0.00,0.00,14.00,0.00,57.00,7325.00,0.00,13527.04
8.28,0.00,0.00,0.00,14.00,0.00,55.00,7327.00,0.00,13175.43
8.28,0.00,0.00,0.00,14.00,0.00,55.00,7327.00,0.00,12854.44
8.29,0.00,0.00,0.00,14.00,0.00,52.00,7330.00,0.00,12516.33
8.30,0.00,0.00,0.00,14.00,0.00,52.00,7330.00,0.00,12207.66
8.31,0.00,0.00,0.00,14.00,0.00,51.00,7331.00,0.00,11910.85
8.31,0.00,0.00,0.00,14.00,0.00,50.00,7332.00,0.00,11624.85
8.32,0.00,0.00,0.00,14.00,0.00,47.00,7335.00,0.00,11318.69
8.33,0.00,0.00,0.00,14.00,0.00,47.00,7335.00,0.00,11039.19
8.33,0.00,0.00,0.00,14.00,0.00,46.00,7336.00,0.00,10769.01
8.34,0.00,0.00,0.00,14.00,0.00,45.00,7337.00,0.00,10507.33
8.35,0.00,0.00,0.00,14.00,0.00,44.00,7338.00,0.00,10253.41
8.35,0.00,0.00,0.00,14.00,0.00,43.00,7339.00,0.00,10006.57
8.36,0.00,0.00,0.00,14.00,0.00,43.00,7339.00,0.00,9781.24
8.37,0.00,0.00,0.00,14.00,0.00,43.00,7339.00,0.00,9575.52
8.38,0.00,0.00,0.00,14.00,0.00,43.00,7339.00,0.00,9387.72
8.38,0.00,0.00,0.00,14.00,0.00,41.00,7341.00,0.00,9186.22
8.39,0.00,0.00,0.00,14.00,0.00,39.00,7343.00,0.00,8972.22
8.40,0.00,0.00,0.00,14.00,0.00,37.00,7345.00,0.00,8746.81
8.40,0.00,0.00,0.00,14.00,0.00,37.00,7345.00,0.00,8541.03
8.41,0.00,0.00,0.00,14.00,0.00,37.00,7345.00,0.00,8353.17
8.42,0.00,0.00,0.00,14.00,0.00,37.00,7345.00,0.00,8181.66
8.42,0.00,0.00,0.00,14.00,0.00,36.00,7346.00,0.00,8010.07
8.43,0.00,0.00,0.00,14.00,0.00,36.00,7346.00,0.00,7853.41
8.44,0.00,0.00,0.00,14.00,0.00,35.00,7347.00,0.00,7695.38
8.44,0.00,0.00,0.00,14.00,0.00,35.00,7347.00,0.00,7551.11
8.45,0.00,0.00,0.00,14.00,0.00,35.00,7347.00,0.00,7419.39
8.46,0.00,0.00,0.00,14.00,0.00,33.00,7349.00,0.00,7269.11
8.47,0.00,0.00,0.00,14.00,0.00,33.00,7349.00,0.00,7131.90
8.47,0.00,0.00,0.00,14.00,0.00,33.00,7349.00,0.00,7006.65
8.48,0.00,0.00,0.00,14.00,0.00,33.00,7349.00,0.00,6892.30
8.49,0.00,0.00,0.00,14.00,0.00,33.00,7349.00,0.00,6787.91
8.49,0.00,0.00,0.00,14.00,0.00,32.00,7350.00,0.00,6677.59
8.50,0.00,0.00,0.00,14.00,0.00,32.00,7350.00,0.00,6576.87
8.51,0.00,0.00,0.00,14.00,0.00,31.00,7351.00,0.00,6469.90
8.51,0.00,0.00,0.00,14.00,0.00,31.00,7351.00,0.00,6372.24
8.52,0.00,0.00,0.00,14.00,0.00,31.00,7351.00,0.00,6283.09
8.53,0.00,0.00,0.00,14.00,0.00,30.00,7352.00,0.00,6186.68
8.53,0.00,0.00,0.00,14.00,0.00,29.00,7353.00,0.00,6083.64
8.54,0.00,0.00,0.00,14.00,0.00,29.00,7353.00,0.00,5989.57
8.55,0.00,0.00,0.00,14.00,0.00,29.00,7353.00,0.00,5903.69
8.56,0.00,0.00,0.00,14.00,0.00,28.00,7354.00,0.00,5810.27
8.56,0.00,0.00,0.00,14.00,0.00,28.00,7354.00,0.00,5724.98
8.57,0.00,0.00,0.00,14.00,0.00,27.00,7355.00,0.00,5632.10
8.58,0.00,0.00,0.00,14.00,0.00,27.00,7355.00,0.00,5547.30
8.58,0.00,0.00,0.00,14.00,0.00,27.00,7355.00,0.00,5469.89
8.59,0.00,0.00,0.00,14.00,0.00,27.00,7355.00,0.00,5399.22
8.60,0.00,0.00,0.00,14.00,0.00,27.00,7355.00,0.00,5334.70
8.60,0.00,0.00,0.00,14.00,0.00,27.00,7355.00,0.00,5275.80
8.61,0.00,0.00,0.00,14.00,0.00,27.00,7355.00,0.00,5222.03
8.62,0.00,0.00,0.00,14.00,0.00,26.00,7356.00,0.00,5157.91
8.62,0.00,0.00,0.00,14.00,0.00,24.00,7358.00,0.00,5069.34
8.63,0.00,0.00,0.00,14.00,0.00,24.00,7358.00,0.00,4988.48
8.64,0.00,0.00,0.00,14.00,0.00,24.00,7358.00,0.00,4914.65
8.65,0.00,0.00,0.00,14.00,0.00,24.00,7358.00,0.00,4847.26
8.65,0.00,0.00,0.00,14.00,0.00,24.00,7358.00,0.00,4785.74
8.66,0.00,0.00,0.00,14.00,0.00,24.00,7358.00,0.00,4729.57
8.67,0.00,0.00,0.00,14.00,0.00,24.00,7358.00,0.00,4678.29
8.67,0.00,0.00,0.00,14.00,0.00,24.00,7358.00,0.00,4631.48
8.68,0.00,0.00,0.00,14.00,0.00,22.00,7360.00,0.00,4558.70
8.69,0.00,0.00,0.00,14.00,0.00,22.00,7360.00,0.00,4492.25
8.69,0.00,0.00,0.00,14.00,0.00,20.00,7362.00,0.00,4401.55
8.70,0.00,0.00,0.00,14.00,0.00,20.00,7362.00,0.00,4318.74
8.71,0.00,0.00,0.00,14.00,0.00,20.00,7362.00,0.00,4243.14
8.72,0.00,0.00,0.00,14.00,0.00,20.00,7362.00,0.00,4174.13
8.72,0.00,0.00,0.00,14.00,0.00,20.00,7362.00,0.00,4111.13
8.73,0.00,0.00,0.00,14.00,0.00,20.00,7362.00,0.00,4053.61
8.74,0.00,0.00,0.00,14.00,0.00,20.00,7362.00,0.00,4001.10
8.74,0.00,0.00,0.00,14.00,0.00,17.00,7365.00,0.00,3908.09
8.75,0.00,0.00,0.00,14.00,0.00,16.00,7366.00,0.00,3808.16
8.76,0.00,0.00,0.00,14.00,0.00,16.00,7366.00,0.00,3716.93
8.76,0.00,0.00,0.00,14.00,0.00,15.00,7367.00,0.00,3618.62
8.77,0.00,0.00,0.00,14.00,0.00,14.00,7368.00,0.00,3513.85
8.78,0.00,0.00,0.00,14.00,0.00,14.00,7368.00,0.00,3418.20
8.78,0.00,0.00,0.00,14.00,0.00,14.00,7368.00,0.00,3330.88
8.79,0.00,0.00,0.00,14.00,0.00,14.00,7368.00,0.00,3251.17
8.80,0.00,0.00,0.00,14.00,0.00,14.00,7368.00,0.00,3178.39
8.81,0.00,0.00,0.00,14.00,0.00,14.00,7368.00,0.00,3111.95
8.81,0.00,0.00,0.00,14.00,0.00,13.00,7369.00,0.00,3036.28
8.82,0.00,0.00,0.00,14.00,0.00,13.00,7369.00,0.00,2967.19
8.83,0.00,0.00,0.00,14.00,0.00,13.00,7369.00,0.00,2904.12
8.83,0.00,0.00,0.00,14.00,0.00,13.00,7369.00,0.00,2846.54
8.84,0.00,0.00,0.00,14.00,0.00,12.00,7370.00,0.00,2778.95
8.85,0.00,0.00,0.00,14.00,0.00,12.00,7370.00,0.00,2717.25
8.85,0.00,0.00,0.00,14.00,0.00,12.00,7370.00,0.00,2660.92
8.86,0.00,0.00,0.00,14.00,0.00,12.00,7370.00,0.00,2609.50
8.87,0.00,0.00,0.00,14.00,0.00,12.00,7370.00,0.00,2562.55
8.88,0.00,0.00,0.00,14.00,0.00,12.00,7370.00,0.00,2519.69
8.88,0.00,0.00,0.00,14.00,0.00,12.00,7370.00,0.00,2480.56
8.89,0.00,0.00,0.00,14.00,0.00,11.00,7371.00,0.00,2429.82
8.90,0.00,0.00,0.00,14.00,0.00,11.00,7371.00,0.00,2383.49
8.90,0.00,0.00,0.00,14.00,0.00,11.00,7371.00,0.00,2341.20
8.91,0.00,0.00,0.00,14.00,0.00,11.00,7371.00,0.00,2302.60
8.92,0.00,0.00,0.00,14.00,0.00,11.00,7371.00,0.00,2267.35
8.92,0.00,0.00,0.00,14.00,0.00,11.00,7371.00,0.00,2235.17
8.93,0.00,0.00,0.00,14.00,0.00,11.00,7371.00,0.00,2205.80
8.94,0.00,0.00,0.00,14.00,0.00,11.00,7371.00,0.00,2178.98
8.94,0.00,0.00,0.00,14.00,0.00,11.00,7371.00,0.00,2154.50
8.95,0.00,0.00,0.00,14.00,0.00,11.00,7371.00,0.00,2132.15
8.96,0.00,0.00,0.00,14.00,0.00,10.00,7372.00,0.00,2096.72
8.97,0.00,0.00,0.00,14.00,0.00,8.00,7374.00,0.00,2034.33
8.97,0.00,0.00,0.00,14.00,0.00,8.00,7374.00,0.00,1977.37
8.98,0.00,0.00,0.00,14.00,0.00,8.00,7374.00,0.00,1925.38
8.99,0.00,0.00,0.00,14.00,0.00,7.00,7375.00,0.00,1862.88
8.99,0.00,0.00,0.00,14.00,0.00,7.00,7375.00,0.00,1805.83
9.00,0.00,0.00,0.00,14.00,0.00,7.00,7375.00,0.00,1753.75
9.01,0.00,0.00,0.00,14.00,0.00,7.00,7375.00,0.00,1706.20
9.01,0.00,0.00,0.00,14.00,0.00,7.00,7375.00,0.00,1662.79
9.02,0.00,0.00,0.00,14.00,0.00,7.00,7375.00,0.00,1623.17
9.03,0.00,0.00,0.00,14.00,0.00,7.00,7375.00,0.00,1586.99
9.03,0.00,0.00,0.00,14.00,0.00,7.00,7375.00,0.00,1553.96
9.04,0.00,0.00,0.00,14.00,0.00,6.00,7376.00,0.00,1508.79
9.05,0.00,0.00,0.00,14.00,0.00,6.00,7376.00,0.00,1467.55
9.06,0.00,0.00,0.00,14.00,0.00,6.00,7376.00,0.00,1429.90
9.06,0.00,0.00,0.00,14.00,0.00,6.00,7376.00,0.00,1395.53
9.07,0.00,0.00,0.00,14.00,0.00,6.00,7376.00,0.00,1364.15
9.08,0.00,0.00,0.00,14.00,0.00,6.00,7376.00,0.00,1335.50
9.08,0.00,0.00,0.00,14.00,0.00,6.00,7376.00,0.00,1309.35
9.09,0.00,0.00,0.00,14.00,0.00,6.00,7376.00,0.00,1285.48
9.10,0.00,0.00,0.00,14.00,0.00,6.00,7376.00,0.00,1263.68
9.10,0.00,0.00,0.00,14.00,0.00,6.00,7376.00,0.00,1243.78
9.11,0.00,0.00,0.00,14.00,0.00,6.00,7376.00,0.00,1225.62
9.12,0.00,0.00,0.00,14.00,0.00,6.00,7376.00,0.00,1209.04
9.12,0.00,0.00,0.00,14.00,0.00,6.00,7376.00,0.00,1193.90
9.13,0.00,0.00,0.00,14.00,0.00,6.00,7376.00,0.00,1180.08
9.14,0.00,0.00,0.00,14.00,0.00,6.00,7376.00,0.00,1167.46
9.15,0.00,0.00,0.00,14.00,0.00,6.00,7376.00,0.00,1155.94
9.15,0.00,0.00,0.00,14.00,0.00,6.00,7376.00,0.00,1145.42
9.16,0.00,0.00,0.00,14.00,0.00,6.00,7376.00,0.00,1135.82
9.17,0.00,0.00,0.00,14.00,0.00,5.00,7377.00,0.00,1112.04
9.17,0.00,0.00,0.00,14.00,0.00,4.00,7378.00,0.00,1075.30
9.18,0.00,0.00,0.00,14.00,0.00,4.00,7378.00,0.00,1041.76
9.19,0.00,0.00,0.00,14.00,0.00,4.00,7378.00,0.00,1011.14
9.19,0.00,0.00,0.00,14.00,0.00,4.00,7378.00,0.00,983.18
9.20,0.00,0.00,0.00,14.00,0.00,4.00,7378.00,0.00,957.66
9.21,0.00,0.00,0.00,14.00,0.00,4.00,7378.00,0.00,934.37
9.22,0.00,0.00,0.00,14.00,0.00,4.00,7378.00,0.00,913.10
9.22,0.00,0.00,0.00,14.00,0.00,4.00,7378.00,0.00,893.68
9.23,0.00,0.00,0.00,14.00,0.00,4.00,7378.00,0.00,875.96
9.24,0.00,0.00,0.00,14.00,0.00,4.00,7378.00,0.00,859.77
9.24,0.00,0.00,0.00,14.00,0.00,4.00,7378.00,0.00,845.00
9.25,0.00,0.00,0.00,14.00,0.00,4.00,7378.00,0.00,831.51
9.26,0.00,0.00,0.00,14.00,0.00,4.00,7378.00,0.00,819.20
9.26,0.00,0.00,0.00,14.00,0.00,4.00,7378.00,0.00,807.96
9.27,0.00,0.00,0.00,14.00,0.00,4.00,7378.00,0.00,797.70
9.28,0.00,0.00,0.00,14.00,0.00,3.00,7379.00,0.00,773.31
9.28,0.00,0.00,0.00,14.00,0.00,3.00,7379.00,0.00,751.04
9.29,0.00,0.00,0.00,14.00,0.00,3.00,7379.00,0.00,730.71
9.30,0.00,0.00,0.00,14.00,0.00,3.00,7379.00,0.00,712.15
9.31,0.00,0.00,0.00,14.00,0.00,3.00,7379.00,0.00,695.21
9.31,0.00,0.00,0.00,14.00,0.00,3.00,7379.00,0.00,679.75
9.32,0.00,0.00,0.00,14.00,0.00,3.00,7379.00,0.00,665.63
9.33,0.00,0.00,0.00,14.00,0.00,3.00,7379.00,0.00,652.73
9.33,0.00,0.00,0.00,14.00,0.00,3.00,7379.00,0.00,640.97
9.34,0.00,0.00,0.00,14.00,0.00,3.00,7379.00,0.00,630.22
9.35,0.00,0.00,0.00,14.00,0.00,3.00,7379.00,0.00,620.42
9.35,0.00,0.00,0.00,14.00,0.00,3.00,7379.00,0.00,611.46
9.36,0.00,0.00,0.00,14.00,0.00,3.00,7379.00,0.00,603.29
9.37,0.00,0.00,0.00,14.00,0.00,3.00,7379.00,0.00,595.82
9.38,0.00,0.00,0.00,14.00,0.00,3.00,7379.00,0.00,589.01
9.38,0.00,0.00,0.00,14.00,0.00,3.00,7379.00,0.00,582.79
9.39,0.00,0.00,0.00,14.00,0.00,3.00,7379.00,0.00,577.11
9.40,0.00,0.00,0.00,14.00,0.00,3.00,7379.00,0.00,571.93
9.40,0.00,0.00,0.00,14.00,0.00,3.00,7379.00,0.00,567.20
9.41,0.00,0.00,0.00,14.00,0.00,3.00,7379.00,0.00,562.88
9.42,0.00,0.00,0.00,14.00,0.00,3.00,7379.00,0.00,558.93
9.42,0.00,0.00,0.00,14.00,0.00,3.00,7379.00,0.00,555.33
9.43,0.00,0.00,0.00,14.00,0.00,3.00,7379.00,0.00,552.05
9.44,0.00,0.00,0.00,14.00,0.00,3.00,7379.00,0.00,549.05
9.44,0.00,0.00,0.00,14.00,0.00,2.00,7380.00,0.00,531.28
9.45,0.00,0.00,0.00,14.00,0.00,2.00,7380.00,0.00,515.07
9.46,0.00,0.00,0.00,14.00,0.00,2.00,7380.00,0.00,500.26
9.47,0.00,0.00,0.00,14.00,0.00,2.00,7380.00,0.00,486.75
9.47,0.00,0.00,0.00,14.00,0.00,2.00,7380.00,0.00,474.41
9.48,0.00,0.00,0.00,14.00,0.00,2.00,7380.00,0.00,463.15
9.49,0.00,0.00,0.00,14.00,0.00,2.00,7380.00,0.00,452.87
9.49,0.00,0.00,0.00,14.00,0.00,2.00,7380.00,0.00,443.48
9.50,0.00,0.00,0.00,14.00,0.00,2.00,7380.00,0.00,434.91
9.51,0.00,0.00,0.00,14.00,0.00,2.00,7380.00,0.00,427.08
9.51,0.00,0.00,0.00,14.00,0.00,2.00,7380.00,0.00,419.94
9.52,0.00,0.00,0.00,14.00,0.00,2.00,7380.00,0.00,413.42
9.53,0.00,0.00,0.00,14.00,0.00,2.00,7380.00,0.00,407.47
9.53,0.00,0.00,0.00,14.00,0.00,2.00,7380.00,0.00,402.03
9.54,0.00,0.00,0.00,14.00,0.00,2.00,7380.00,0.00,397.07
9.55,0.00,0.00,0.00,14.00,0.00,2.00,7380.00,0.00,392.54
9.56,0.00,0.00,0.00,14.00,0.00,1.00,7381.00,0.00,373.39
9.56,0.00,0.00,0.00,14.00,0.00,1.00,7381.00,0.00,355.90
9.57,0.00,0.00,0.00,14.00,0.00,1.00,7381.00,0.00,339.93
9.58,0.00,0.00,0.00,14.00,0.00,1.00,7381.00,0.00,325.35
9.58,0.00,0.00,0.00,14.00,0.00,1.00,7381.00,0.00,312.04
9.59,0.00,0.00,0.00,14.00,0.00,1.00,7381.00,0.00,299.90
9.60,0.00,0.00,0.00,14.00,0.00,1.00,7381.00,0.00,288.81
9.60,0.00,0.00,0.00,14.00,0.00,1.00,7381.00,0.00,278.68
9.61,0.00,0.00,0.00,14.00,0.00,1.00,7381.00,0.00,269.44
9.62,0.00,0.00,0.00,14.00,0.00,1.00,7381.00,0.00,261.00
9.62,0.00,0.00,0.00,14.00,0.00,1.00,7381.00,0.00,253.30
9.63,0.00,0.00,0.00,14.00,0.00,1.00,7381.00,0.00,246.26
9.64,0.00,0.00,0.00,14.00,0.00,1.00,7381.00,0.00,239.84
9.65,0.00,0.00,0.00,14.00,0.00,1.00,7381.00,0.00,233.98
9.65,0.00,0.00,0.00,14.00,0.00,1.00,7381.00,0.00,228.63
9.66,0.00,0.00,0.00,14.00,0.00,1.00,7381.00,0.00,223.74
9.67,0.00,0.00,0.00,14.00,0.00,1.00,7381.00,0.00,219.28
9.67,0.00,0.00,0.00,14.00,0.00,1.00,7381.00,0.00,215.21
9.68,0.00,0.00,0.00,14.00,0.00,1.00,7381.00,0.00,211.50
9.69,0.00,0.00,0.00,14.00,0.00,1.00,7381.00,0.00,208.10
9.69,0.00,0.00,0.00,14.00,0.00,1.00,7381.00,0.00,205.01
9.70,0.00,0.00,0.00,14.00,0.00,1.00,7381.00,0.00,202.18
9.71,0.00,0.00,0.00,14.00,0.00,1.00,7381.00,0.00,199.60
9.72,0.00,0.00,0.00,14.00,0.00,1.00,7381.00,0.00,197.24
9.72,0.00,0.00,0.00,14.00,0.00,1.00,7381.00,0.00,195.09
9.73,0.00,0.00,0.00,14.00,0.00,1.00,7381.00,0.00,193.12
9.74,0.00,0.00,0.00,14.00,0.00,1.00,7381.00,0.00,191.33
9.74,0.00,0.00,0.00,14.00,0.00,1.00,7381.00,0.00,189.69
9.75,0.00,0.00,0.00,14.00,0.00,1.00,7381.00,0.00,188.20
9.76,0.00,0.00,0.00,14.00,0.00,1.00,7381.00,0.00,186.83
9.76,0.00,0.00,0.00,14.00,0.00,1.00,7381.00,0.00,185.59
9.77,0.00,0.00,0.00,14.00,0.00,1.00,7381.00,0.00,184.45
9.78,0.00,0.00,0.00,14.00,0.00,1.00,7381.00,0.00,183.41
9.78,0.00,0.00,0.00,14.00,0.00,1.00,7381.00,0.00,182.47
9.79,0.00,0.00,0.00,14.00,0.00,1.00,7381.00,0.00,181.60
9.80,0.00,0.00,0.00,14.00,0.00,1.00,7381.00,0.00,180.81
9.81,0.00,0.00,0.00,14.00,0.00,1.00,7381.00,0.00,180.09
9.81,0.00,0.00,0.00,14.00,0.00,1.00,7381.00,0.00,179.43
9.82,0.00,0.00,0.00,14.00,0.00,1.00,7381.00,0.00,178.83
9.83,0.00,0.00,0.00,14.00,0.00,1.00,7381.00,0.00,178.28
9.83,0.00,0.00,0.00,14.00,0.00,1.00,7381.00,0.00,177.78
9.84,0.00,0.00,0.00,14.00,0.00,1.00,7381.00,0.00,177.32
9.85,0.00,0.00,0.00,14.00,0.00,1.00,7381.00,0.00,176.91
9.85,0.00,0.00,0.00,14.00,0.00,1.00,7381.00,0.00,176.52
9.86,0.00,0.00,0.00,14.00,0.00,1.00,7381.00,0.00,176.18
9.87,0.00,0.00,0.00,14.00,0.00,1.00,7381.00,0.00,175.86
9.88,0.00,0.00,0.00,14.00,0.00,1.00,7381.00,0.00,175.57
9.88,0.00,0.00,0.00,14.00,0.00,1.00,7381.00,0.00,175.30
9.89,0.00,0.00,0.00,14.00,0.00,1.00,7381.00,0.00,175.06
9.90,0.00,0.00,0.00,14.00,0.00,1.00,7381.00,0.00,174.84
9.90,0.00,0.00,0.00,14.00,0.00,1.00,7381.00,0.00,174.64
9.91,0.00,0.00,0.00,14.00,0.00,1.00,7381.00,0.00,174.46
9.92,0.00,0.00,0.00,14.00,0.00,1.00,7381.00,0.00,174.29
9.92,0.00,0.00,0.00,14.00,0.00,1.00,7381.00,0.00,174.14
9.93,0.00,0.00,0.00,14.00,0.00,1.00,7381.00,0.00,174.00
9.94,0.00,0.00,0.00,14.00,0.00,1.00,7381.00,0.00,173.87
9.94,0.00,0.00,0.00,14.00,0.00,1.00,7381.00,0.00,173.75
9.95,0.00,0.00,0.00,14.00,0.00,1.00,7381.00,0.00,173.64
9.96,0.00,0.00,0.00,14.00,0.00,0.00,7382.00,0.00,158.52
9.97,0.00,0.00,0.00,14.00,0.00,0.00,7382.00,0.00,144.72
9.97,0.00,0.00,0.00,14.00,0.00,0.00,7382.00,0.00,132.12
9.98,0.00,0.00,0.00,14.00,0.00,0.00,7382.00,0.00,120.61
9.99,0.00,0.00,0.00,14.00,0.00,0.00,7382.00,0.00,110.11
9.99,0.00,0.00,0.00,14.00,0.00,0.00,7382.00,0.00,100.52
