Time,U,AI1,AI2,AD,BI2,BI2,BD,VA,VB
0.00,7395.00,1.00,0.00,0.00,0.00,0.00,0.00,75.00,75.00
0.01,7394.00,1.00,1.00,0.00,0.00,0.00,0.00,218.75,68.47
0.01,7390.00,4.00,1.00,0.00,1.00,0.00,0.00,350.08,62.51
0.02,7387.00,5.00,2.00,0.00,2.00,0.00,0.00,620.29,57.06
0.03,7384.00,7.00,2.00,0.00,2.00,1.00,0.00,867.16,67.12
0.03,7376.00,15.00,2.00,0.00,2.00,1.00,0.00,1092.69,76.30
0.04,7363.00,27.00,2.00,0.00,2.00,2.00,0.00,1298.74,99.70
0.05,7351.00,39.00,2.00,0.00,2.00,2.00,0.00,1486.98,121.06
0.06,7336.00,50.00,5.00,0.00,3.00,2.00,0.00,2109.65,140.57
0.06,7321.00,62.00,7.00,0.00,4.00,2.00,0.00,2978.98,158.38
0.07,7292.00,89.00,6.00,1.00,6.00,2.00,0.00,3622.96,174.63
0.08,7264.00,113.00,8.00,1.00,8.00,2.00,0.00,4511.76,189.47
0.08,7248.00,125.00,10.00,3.00,7.00,3.00,0.00,5624.23,218.04
0.09,7214.00,154.00,14.00,3.00,8.00,3.00,0.00,7241.49,244.13
0.10,7178.00,183.00,18.00,3.00,11.00,3.00,0.00,9319.93,267.94
0.10,7130.00,229.00,20.00,3.00,11.00,3.00,0.00,11519.25,289.68
0.11,7076.00,277.00,25.00,3.00,12.00,3.00,0.00,14279.68,309.52
0.12,7018.00,320.00,34.00,3.00,17.00,4.00,0.00,18153.68,342.66
0.12,6941.00,380.00,45.00,4.00,21.00,5.00,0.00,23345.48,387.94
0.13,6862.00,453.00,48.00,6.00,21.00,6.00,0.00,28539.36,444.30
0.14,6784.00,522.00,52.00,7.00,24.00,7.00,0.00,33885.37,510.77
0.15,6700.00,592.00,65.00,7.00,25.00,7.00,0.00,40722.46,571.46
0.15,6612.00,663.00,79.00,8.00,26.00,8.00,0.00,49072.01,641.88
0.16,6516.00,732.00,99.00,11.00,30.00,7.00,1.00,59704.73,691.15
0.17,6412.00,796.00,133.00,12.00,34.00,7.00,2.00,74526.56,736.13
0.17,6282.00,910.00,145.00,15.00,34.00,8.00,2.00,89870.45,792.22
0.18,6135.00,1021.00,176.00,15.00,39.00,8.00,2.00,108545.69,843.42
0.19,5977.00,1135.00,212.00,19.00,40.00,11.00,2.00,131015.58,935.23
0.19,5805.00,1271.00,244.00,19.00,43.00,12.00,2.00,156351.30,1034.07
0.20,5634.00,1405.00,270.00,24.00,49.00,12.00,2.00,183403.85,1124.31
0.21,5451.00,1534.00,312.00,28.00,55.00,14.00,2.00,214428.56,1236.73
0.22,5236.00,1695.00,360.00,29.00,58.00,16.00,2.00,249983.61,1369.41
0.22,5028.00,1848.00,408.00,33.00,60.00,17.00,2.00,289677.55,1505.56
0.23,4791.00,2028.00,454.00,36.00,67.00,17.00,3.00,332852.27,1629.86
0.24,4557.00,2191.00,518.00,39.00,68.00,20.00,3.00,381911.19,1788.40
0.24,4339.00,2336.00,571.00,50.00,77.00,20.00,3.00,434693.30,1933.13
0.25,4092.00,2498.00,644.00,57.00,79.00,23.00,3.00,493881.53,2110.34
0.26,3851.00,2663.00,710.00,61.00,83.00,25.00,3.00,557870.73,2302.16
0.26,3623.00,2794.00,792.00,69.00,86.00,29.00,3.00,628649.75,2537.36
0.27,3408.00,2921.00,871.00,74.00,87.00,32.00,3.00,705181.21,2797.16
0.28,3166.00,3075.00,943.00,81.00,90.00,37.00,4.00,785916.44,3109.45
0.28,2933.00,3197.00,1043.00,85.00,95.00,39.00,4.00,874698.67,3424.59
0.29,2697.00,3318.00,1142.00,89.00,104.00,39.00,7.00,970682.35,3712.30
0.30,2465.00,3435.00,1245.00,94.00,107.00,43.00,7.00,1073846.15,4035.04
0.31,2251.00,3546.00,1337.00,99.00,111.00,43.00,9.00,1181917.12,4329.68
0.31,2046.00,3634.00,1439.00,108.00,112.00,47.00,10.00,1295973.54,4658.75
0.32,1826.00,3737.00,1538.00,119.00,112.00,50.00,14.00,1415047.54,5004.24
0.33,1622.00,3826.00,1640.00,124.00,115.00,54.00,15.00,1539156.24,5379.74
0.33,1412.00,3910.00,1755.00,131.00,114.00,56.00,18.00,1669817.64,5752.59
0.34,1207.00,3998.00,1860.00,137.00,113.00,61.00,20.00,1804963.20,6168.09
0.35,1052.00,4029.00,1974.00,145.00,113.00,62.00,21.00,1945557.54,6562.43
0.35,880.00,4080.00,2090.00,149.00,110.00,66.00,21.00,2091430.33,6982.53
0.36,722.00,4113.00,2203.00,157.00,111.00,68.00,22.00,2241674.75,7396.09
0.37,589.00,4122.00,2319.00,162.00,110.00,72.00,22.00,2396363.77,7833.73
0.38,477.00,4119.00,2413.00,178.00,112.00,73.00,24.00,2551808.24,8248.29
0.38,360.00,4114.00,2527.00,184.00,110.00,76.00,25.00,2710947.52,8671.82
0.39,279.00,4092.00,2620.00,194.00,104.00,80.00,27.00,2870307.49,9118.56
0.40,208.00,4030.00,2750.00,196.00,98.00,86.00,28.00,3035427.65,9616.54
0.40,149.00,3978.00,2852.00,205.00,97.00,84.00,31.00,3201603.79,10041.12
0.41,105.00,3914.00,2951.00,214.00,95.00,84.00,33.00,3368293.96,10428.72
0.42,64.00,3834.00,3065.00,220.00,96.00,81.00,36.00,3537707.24,10737.50
0.42,42.00,3744.00,3167.00,229.00,92.00,83.00,39.00,3707805.55,11049.44
0.43,19.00,3661.00,3267.00,235.00,90.00,81.00,43.00,3878229.21,11304.17
0.44,10.00,3557.00,3374.00,241.00,87.00,82.00,45.00,4050001.75,11551.75
0.44,6.00,3473.00,3456.00,247.00,86.00,82.00,46.00,4219250.83,11777.76
0.45,0.00,3372.00,3556.00,254.00,84.00,83.00,47.00,4388898.66,11999.12
0.46,0.00,3267.00,3655.00,260.00,81.00,85.00,48.00,4558760.55,12231.25
0.47,0.00,3172.00,3737.00,273.00,76.00,89.00,49.00,4726264.08,12503.26
0.47,0.00,3090.00,3809.00,283.00,75.00,86.00,53.00,4890110.71,12706.52
0.48,0.00,3003.00,3888.00,291.00,72.00,87.00,55.00,5051668.05,12907.09
0.49,0.00,2928.00,3955.00,299.00,71.00,84.00,59.00,5209331.10,13045.14
0.49,0.00,2847.00,4024.00,311.00,71.00,82.00,61.00,5363736.88,13141.12
0.50,0.00,2771.00,4089.00,322.00,68.00,85.00,61.00,5514565.86,13273.81
0.51,0.00,2689.00,4163.00,330.00,64.00,85.00,65.00,5663479.20,13394.94
0.51,0.00,2616.00,4227.00,339.00,63.00,86.00,65.00,5809140.12,13520.55
0.52,0.00,2534.00,4302.00,346.00,62.00,84.00,68.00,5953482.21,13605.18
0.53,0.00,2468.00,4363.00,351.00,61.00,85.00,68.00,6094516.16,13697.46
0.53,0.00,2403.00,4420.00,359.00,59.00,85.00,70.00,6231926.90,13781.70
0.54,0.00,2337.00,4477.00,368.00,57.00,85.00,72.00,6366027.52,13858.61
0.55,0.00,2253.00,4556.00,373.00,56.00,84.00,74.00,6500409.12,13913.80
0.56,0.00,2192.00,4613.00,377.00,54.00,83.00,77.00,6631742.32,13949.16
0.56,0.00,2119.00,4683.00,380.00,52.00,83.00,79.00,6762243.55,13981.45
0.57,0.00,2046.00,4748.00,388.00,51.00,81.00,82.00,6891233.51,13980.87
0.58,0.00,1981.00,4804.00,397.00,49.00,83.00,82.00,7017490.74,14010.39
0.58,0.00,1916.00,4862.00,404.00,48.00,82.00,84.00,7141551.79,14022.32
0.59,0.00,1860.00,4910.00,412.00,46.00,81.00,87.00,7262104.14,14018.18
0.60,0.00,1815.00,4943.00,424.00,46.00,81.00,87.00,7377197.51,14014.41
0.60,0.00,1751.00,5003.00,428.00,42.00,84.00,88.00,7491359.83,14056.03
0.61,0.00,1698.00,5053.00,431.00,37.00,88.00,89.00,7603169.21,14154.12
0.62,0.00,1649.00,5092.00,441.00,35.00,86.00,93.00,7711176.43,14213.63
0.62,0.00,1599.00,5137.00,446.00,34.00,86.00,94.00,7816611.44,14267.95
0.63,0.00,1559.00,5164.00,459.00,33.00,86.00,95.00,7916992.29,14317.54
0.64,0.00,1515.00,5199.00,468.00,32.00,86.00,96.00,8013957.58,14362.82
0.65,0.00,1473.00,5230.00,479.00,32.00,84.00,98.00,8107201.49,14374.10
0.65,0.00,1424.00,5265.00,493.00,30.00,84.00,100.00,8197646.50,14384.40
0.66,0.00,1382.00,5299.00,501.00,30.00,80.00,104.00,8285384.25,14333.72
0.67,0.00,1345.00,5324.00,513.00,28.00,81.00,105.00,8369296.59,14302.47
0.67,0.00,1305.00,5359.00,518.00,27.00,79.00,108.00,8451216.35,14243.89
0.68,0.00,1263.00,5393.00,526.00,26.00,79.00,109.00,8531165.47,14190.42
0.69,0.00,1219.00,5425.00,538.00,24.00,79.00,111.00,8609013.80,14141.60
0.69,0.00,1189.00,5443.00,550.00,24.00,79.00,111.00,8682839.61,14097.03
0.70,0.00,1157.00,5461.00,564.00,23.00,77.00,114.00,8752990.46,14026.30
0.71,0.00,1123.00,5492.00,567.00,22.00,76.00,116.00,8821736.92,13946.70
0.72,0.00,1094.00,5514.00,574.00,22.00,76.00,116.00,8887848.24,13874.04
0.72,0.00,1066.00,5537.00,579.00,22.00,75.00,117.00,8951702.35,13792.67
0.73,0.00,1037.00,5556.00,589.00,22.00,73.00,119.00,9012893.38,13688.35
0.74,0.00,1019.00,5567.00,596.00,20.00,74.00,120.00,9070449.57,13608.13
0.74,0.00,991.00,5588.00,603.00,20.00,74.00,120.00,9126187.33,13534.90
0.75,0.00,961.00,5609.00,612.00,20.00,72.00,122.00,9180263.79,13438.00
0.76,0.00,939.00,5618.00,625.00,19.00,72.00,123.00,9231019.72,13349.54
0.76,0.00,911.00,5640.00,631.00,18.00,73.00,123.00,9280695.02,13283.80
0.77,0.00,883.00,5662.00,637.00,18.00,69.00,127.00,9329383.09,13163.70
0.78,0.00,861.00,5680.00,641.00,17.00,68.00,129.00,9376568.30,13039.03
0.78,0.00,841.00,5688.00,653.00,17.00,64.00,133.00,9420878.20,12865.12
0.79,0.00,821.00,5697.00,664.00,17.00,64.00,133.00,9462711.49,12706.36
0.80,0.00,793.00,5715.00,674.00,17.00,63.00,134.00,9503634.18,12546.39
0.81,0.00,770.00,5731.00,681.00,17.00,61.00,136.00,9543424.56,12370.31
0.81,0.00,751.00,5744.00,687.00,17.00,60.00,137.00,9581729.76,12194.54
0.82,0.00,739.00,5747.00,696.00,16.00,59.00,139.00,9617175.78,12019.06
0.83,0.00,723.00,5761.00,698.00,16.00,58.00,140.00,9651662.26,11843.83
0.83,0.00,714.00,5763.00,705.00,15.00,59.00,140.00,9683469.30,11698.88
0.84,0.00,697.00,5771.00,714.00,14.00,58.00,142.00,9713729.83,11551.53
0.85,0.00,681.00,5783.00,718.00,13.00,55.00,146.00,9743178.41,11371.94
0.85,0.00,664.00,5795.00,723.00,12.00,55.00,147.00,9771885.18,11207.99
0.86,0.00,644.00,5811.00,727.00,11.00,55.00,148.00,9800515.19,11058.31
0.87,0.00,629.00,5820.00,733.00,10.00,55.00,149.00,9828023.38,10921.67
0.88,0.00,606.00,5834.00,742.00,9.00,53.00,152.00,9855257.93,10766.88
0.88,0.00,595.00,5837.00,750.00,9.00,51.00,154.00,9880589.88,10595.52
0.89,0.00,575.00,5850.00,757.00,9.00,50.00,155.00,9905685.97,10424.06
0.90,0.00,558.00,5860.00,764.00,9.00,50.00,155.00,9930115.88,10267.53
0.90,0.00,536.00,5874.00,772.00,8.00,51.00,155.00,9954538.13,10139.65
0.91,0.00,523.00,5881.00,778.00,8.00,50.00,156.00,9977901.73,10007.89
0.92,0.00,512.00,5884.00,786.00,8.00,50.00,156.00,9999697.20,9887.60
0.92,0.00,491.00,5893.00,798.00,8.00,49.00,157.00,10020961.47,9762.76
0.93,0.00,480.00,5898.00,804.00,7.00,49.00,158.00,10041139.52,9648.79
0.94,0.00,467.00,5902.00,813.00,7.00,48.00,159.00,10060174.92,9529.72
0.94,0.00,454.00,5907.00,821.00,7.00,47.00,160.00,10078316.70,9406.00
0.95,0.00,442.00,5915.00,825.00,7.00,47.00,160.00,10096092.76,9293.05
0.96,0.00,427.00,5923.00,832.00,7.00,47.00,160.00,10113534.67,9189.93
0.97,0.00,415.00,5927.00,840.00,6.00,47.00,161.00,10130070.37,9095.80
0.97,0.00,403.00,5932.00,847.00,5.00,46.00,163.00,10145928.44,8994.83
0.98,0.00,393.00,5933.00,856.00,5.00,46.00,163.00,10160566.47,8902.66
0.99,0.00,386.00,5928.00,868.00,5.00,45.00,164.00,10173188.53,8803.50
0.99,0.00,371.00,5937.00,874.00,5.00,45.00,164.00,10186072.03,8712.96
1.00,0.00,363.00,5939.00,880.00,5.00,45.00,164.00,10198142.74,8630.31
1.01,0.00,350.00,5944.00,888.00,3.00,47.00,164.00,10209921.60,8584.91
1.01,0.00,343.00,5941.00,898.00,3.00,47.00,164.00,10220232.00,8543.45
1.02,0.00,332.00,5942.00,908.00,3.00,46.00,165.00,10229801.76,8490.59
1.03,0.00,323.00,5940.00,919.00,3.00,45.00,166.00,10238244.13,8427.30
1.03,0.00,310.00,5947.00,925.00,3.00,44.00,167.00,10247008.66,8354.50
1.04,0.00,303.00,5948.00,931.00,2.00,45.00,167.00,10255166.08,8303.07
1.05,0.00,293.00,5952.00,937.00,2.00,45.00,167.00,10263219.58,8256.11
1.06,0.00,285.00,5952.00,945.00,2.00,45.00,167.00,10270577.20,8213.24
1.06,0.00,275.00,5954.00,953.00,2.00,45.00,167.00,10277599.51,8174.10
1.07,0.00,269.00,5944.00,969.00,2.00,44.00,168.00,10282512.72,8123.35
1.08,0.00,263.00,5942.00,977.00,2.00,44.00,168.00,10286700.95,8077.02
1.08,0.00,255.00,5944.00,983.00,2.00,44.00,168.00,10290827.72,8034.72
1.09,0.00,249.00,5938.00,995.00,2.00,43.00,169.00,10293696.54,7981.09
1.10,0.00,240.00,5938.00,1004.00,2.00,41.00,171.00,10296317.44,7902.07
1.10,0.00,233.00,5939.00,1010.00,2.00,40.00,172.00,10298862.13,7814.92
1.11,0.00,222.00,5946.00,1014.00,2.00,39.00,173.00,10302238.57,7720.33
1.12,0.00,214.00,5948.00,1020.00,2.00,39.00,173.00,10305623.69,7633.97
1.12,0.00,210.00,5948.00,1024.00,1.00,40.00,173.00,10308716.36,7570.16
1.13,0.00,204.00,5946.00,1032.00,1.00,40.00,173.00,10311241.34,7511.91
1.14,0.00,199.00,5944.00,1039.00,1.00,40.00,173.00,10313247.64,7458.73
1.15,0.00,196.00,5934.00,1052.00,1.00,40.00,173.00,10313578.26,7410.17
1.15,0.00,193.00,5931.00,1058.00,1.00,39.00,174.00,10313429.64,7350.83
1.16,0.00,188.00,5930.00,1064.00,1.00,38.00,175.00,10313143.62,7281.63
1.17,0.00,183.00,5928.00,1071.00,1.00,35.00,178.00,10312581.84,7173.38
1.17,0.00,179.00,5918.00,1085.00,1.00,34.00,179.00,10310566.33,7059.54
1.18,0.00,175.00,5917.00,1090.00,1.00,32.00,181.00,10308574.70,6925.56
1.19,0.00,169.00,5915.00,1098.00,1.00,31.00,182.00,10306454.72,6788.23
1.19,0.00,161.00,5915.00,1106.00,1.00,29.00,184.00,10304517.94,6632.80
1.20,0.00,155.00,5908.00,1119.00,1.00,28.00,185.00,10301696.86,6475.89
1.21,0.00,152.00,5902.00,1128.00,1.00,28.00,185.00,10298218.16,6332.65
1.22,0.00,147.00,5899.00,1136.00,1.00,28.00,185.00,10294589.39,6201.87
1.22,0.00,142.00,5884.00,1156.00,1.00,28.00,185.00,10289020.66,6082.49
1.23,0.00,137.00,5883.00,1162.00,1.00,28.00,185.00,10283782.91,5973.49
1.24,0.00,137.00,5875.00,1170.00,1.00,28.00,185.00,10277795.85,5873.99
1.24,0.00,131.00,5873.00,1178.00,1.00,27.00,186.00,10272025.65,5768.13
1.25,0.00,129.00,5864.00,1189.00,1.00,27.00,186.00,10265401.99,5671.49
1.26,0.00,126.00,5865.00,1191.00,1.00,26.00,187.00,10259500.89,5568.24
1.26,0.00,123.00,5859.00,1200.00,1.00,26.00,187.00,10253208.30,5473.98
1.27,0.00,118.00,5858.00,1206.00,1.00,26.00,187.00,10247309.22,5387.93
1.28,0.00,112.00,5854.00,1216.00,1.00,26.00,187.00,10241318.94,5309.37
1.28,0.00,111.00,5849.00,1222.00,1.00,25.00,188.00,10235095.11,5222.63
1.29,0.00,109.00,5845.00,1228.00,1.00,25.00,188.00,10228808.09,5143.44
1.30,0.00,105.00,5836.00,1241.00,1.00,25.00,188.00,10221712.30,5071.15
1.31,0.00,103.00,5829.00,1250.00,1.00,24.00,189.00,10214177.98,4990.13
1.31,0.00,102.00,5821.00,1259.00,1.00,23.00,190.00,10206092.85,4901.14
1.32,0.00,102.00,5813.00,1267.00,0.00,24.00,190.00,10197504.45,4834.92
1.33,0.00,96.00,5813.00,1273.00,0.00,24.00,190.00,10189658.17,4774.47
1.33,0.00,93.00,5804.00,1285.00,0.00,24.00,190.00,10181137.81,4719.29
1.34,0.00,93.00,5800.00,1289.00,0.00,24.00,190.00,10172752.73,4668.90
1.35,0.00,89.00,5801.00,1292.00,0.00,24.00,190.00,10165242.44,4622.91
1.35,0.00,87.00,5791.00,1304.00,0.00,24.00,190.00,10156878.78,4580.92
1.36,0.00,86.00,5786.00,1310.00,0.00,23.00,191.00,10148486.62,4527.56
1.37,0.00,83.00,5784.00,1315.00,0.00,23.00,191.00,10140519.12,4478.85
1.38,0.00,81.00,5780.00,1321.00,0.00,22.00,192.00,10132639.19,4419.36
1.38,0.00,76.00,5776.00,1330.00,0.00,20.00,194.00,10124839.23,4335.00
1.39,0.00,74.00,5770.00,1338.00,0.00,18.00,196.00,10116811.84,4227.94
1.40,0.00,71.00,5770.00,1341.00,0.00,18.00,196.00,10109478.08,4130.21
1.40,0.00,68.00,5762.00,1352.00,0.00,18.00,196.00,10101576.16,4040.98
1.41,0.00,66.00,5754.00,1362.00,0.00,18.00,196.00,10093155.17,3959.53
1.42,0.00,63.00,5747.00,1372.00,0.00,17.00,197.00,10084410.21,3870.14
1.42,0.00,60.00,5740.00,1382.00,0.00,17.00,197.00,10075369.24,3788.54
1.43,0.00,56.00,5736.00,1390.00,0.00,17.00,197.00,10066508.55,3714.04
1.44,0.00,54.00,5729.00,1399.00,0.00,17.00,197.00,10057361.88,3646.03
1.44,0.00,52.00,5723.00,1407.00,0.00,17.00,197.00,10048104.16,3583.94
1.45,0.00,51.00,5711.00,1420.00,0.00,17.00,197.00,10037843.57,3527.26
1.46,0.00,49.00,5705.00,1428.00,0.00,17.00,197.00,10027568.22,3475.51
1.47,0.00,46.00,5699.00,1437.00,0.00,17.00,197.00,10017279.35,3428.27
1.47,0.00,46.00,5692.00,1444.00,0.00,15.00,199.00,10006827.90,3355.10
1.48,0.00,43.00,5688.00,1451.00,0.00,15.00,199.00,9996678.61,3288.29
1.49,0.00,43.00,5683.00,1456.00,0.00,14.00,200.00,9986655.12,3212.29
1.49,0.00,40.00,5680.00,1462.00,0.00,14.00,200.00,9977047.05,3142.90
1.50,0.00,39.00,5675.00,1468.00,0.00,14.00,200.00,9967518.04,3079.55
1.51,0.00,38.00,5667.00,1477.00,0.00,14.00,200.00,9957610.53,3021.72
1.51,0.00,36.00,5661.00,1485.00,0.00,13.00,201.00,9947657.73,2953.90
1.52,0.00,36.00,5654.00,1492.00,0.00,12.00,202.00,9937513.30,2876.96
1.53,0.00,35.00,5650.00,1497.00,0.00,12.00,202.00,9927644.51,2806.73
1.53,0.00,34.00,5641.00,1507.00,0.00,12.00,202.00,9917276.42,2742.61
1.54,0.00,34.00,5627.00,1521.00,0.00,12.00,202.00,9905700.92,2684.07
1.55,0.00,33.00,5625.00,1524.00,0.00,11.00,203.00,9894825.18,2615.60
1.56,0.00,33.00,5617.00,1532.00,0.00,11.00,203.00,9883687.33,2553.10
1.56,0.00,31.00,5612.00,1539.00,0.00,11.00,203.00,9872760.73,2496.04
1.57,0.00,31.00,5606.00,1545.00,0.00,10.00,204.00,9861876.88,2428.93
1.58,0.00,31.00,5600.00,1551.00,0.00,10.00,204.00,9851032.08,2367.66
1.58,0.00,30.00,5589.00,1563.00,0.00,10.00,204.00,9839471.80,2311.72
1.59,0.00,29.00,5583.00,1570.00,0.00,10.00,204.00,9828009.06,2260.66
1.60,0.00,28.00,5575.00,1579.00,0.00,10.00,204.00,9816334.89,2214.04
1.60,0.00,25.00,5569.00,1588.00,0.00,9.00,205.00,9804768.08,2156.46
1.61,0.00,24.00,5562.00,1596.00,0.00,9.00,205.00,9793149.15,2103.89
1.62,0.00,23.00,5553.00,1606.00,0.00,9.00,205.00,9781182.07,2055.90
1.62,0.00,23.00,5549.00,1610.00,0.00,9.00,205.00,9769648.15,2012.09
1.63,0.00,22.00,5539.00,1621.00,0.00,9.00,205.00,9757608.51,1972.09
1.64,0.00,22.00,5523.00,1637.00,0.00,9.00,205.00,9744205.47,1935.58
1.65,0.00,22.00,5514.00,1646.00,0.00,8.00,206.00,9730608.52,1887.22
1.65,0.00,22.00,5508.00,1652.00,0.00,8.00,206.00,9717285.02,1843.07
1.66,0.00,21.00,5501.00,1660.00,0.00,8.00,206.00,9704061.14,1802.77
1.67,0.00,21.00,5498.00,1663.00,0.00,8.00,206.00,9691529.20,1765.98
1.67,0.00,21.00,5491.00,1670.00,0.00,8.00,206.00,9679028.55,1732.39
1.68,0.00,20.00,5482.00,1680.00,0.00,8.00,206.00,9666255.94,1701.72
1.69,0.00,20.00,5468.00,1694.00,0.00,8.00,206.00,9652483.72,1673.73
1.69,0.00,20.00,5464.00,1698.00,0.00,8.00,206.00,9639300.62,1648.17
1.70,0.00,18.00,5457.00,1707.00,0.00,7.00,207.00,9626205.03,1609.82
1.71,0.00,17.00,5452.00,1713.00,0.00,7.00,207.00,9613489.85,1574.80
1.72,0.00,17.00,5443.00,1722.00,0.00,7.00,207.00,9600521.24,1542.84
1.72,0.00,17.00,5428.00,1737.00,0.00,7.00,207.00,9586419.77,1513.66
1.73,0.00,17.00,5422.00,1743.00,0.00,7.00,207.00,9572635.37,1487.01
1.74,0.00,17.00,5412.00,1753.00,0.00,7.00,207.00,9558539.72,1462.69
1.74,0.00,16.00,5406.00,1760.00,0.00,6.00,208.00,9544760.69,1425.47
1.75,0.00,15.00,5397.00,1770.00,0.00,6.00,208.00,9530820.18,1391.48
1.76,0.00,15.00,5390.00,1777.00,0.00,6.00,208.00,9517032.60,1360.46
1.76,0.00,15.00,5380.00,1787.00,0.00,6.00,208.00,9502934.06,1332.13
1.77,0.00,14.00,5376.00,1792.00,0.00,6.00,208.00,9489452.86,1306.27
1.78,0.00,14.00,5367.00,1801.00,0.00,6.00,208.00,9475784.44,1282.67
1.78,0.00,14.00,5360.00,1808.00,0.00,6.00,208.00,9462245.45,1261.12
1.79,0.00,12.00,5357.00,1813.00,0.00,6.00,208.00,9449425.64,1241.44
1.80,0.00,12.00,5348.00,1822.00,0.00,6.00,208.00,9436361.48,1223.48
1.81,0.00,12.00,5343.00,1827.00,0.00,5.00,209.00,9423674.97,1192.06
1.81,0.00,11.00,5343.00,1828.00,0.00,3.00,211.00,9412084.67,1133.33
1.82,0.00,11.00,5332.00,1839.00,0.00,3.00,211.00,9399843.36,1079.71
1.83,0.00,11.00,5325.00,1846.00,0.00,3.00,211.00,9387608.16,1030.77
1.83,0.00,10.00,5319.00,1853.00,0.00,3.00,211.00,9375528.78,986.08
1.84,0.00,10.00,5312.00,1860.00,0.00,3.00,211.00,9363441.53,945.29
1.85,0.00,10.00,5300.00,1872.00,0.00,3.00,211.00,9350595.94,908.04
1.85,0.00,10.00,5290.00,1882.00,0.00,3.00,211.00,9337357.99,874.04
1.86,0.00,9.00,5283.00,1890.00,0.00,3.00,211.00,9324212.27,843.00
1.87,0.00,9.00,5275.00,1898.00,0.00,2.00,212.00,9311000.60,799.65
1.88,0.00,9.00,5270.00,1903.00,0.00,2.00,212.00,9298179.34,760.06
1.88,0.00,9.00,5260.00,1913.00,0.00,2.00,212.00,9284963.64,723.92
1.89,0.00,9.00,5255.00,1918.00,0.00,2.00,212.00,9272138.68,690.93
1.90,0.00,9.00,5247.00,1926.00,0.00,2.00,212.00,9259220.07,660.82
1.90,0.00,9.00,5242.00,1931.00,0.00,2.00,212.00,9246666.60,633.32
1.91,0.00,9.00,5232.00,1941.00,0.00,2.00,212.00,9233695.54,608.22
1.92,0.00,9.00,5223.00,1950.00,0.00,2.00,212.00,9220493.16,585.31
1.92,0.00,9.00,5220.00,1953.00,0.00,2.00,212.00,9207980.88,564.39
1.93,0.00,9.00,5210.00,1963.00,0.00,2.00,212.00,9195047.49,545.29
1.94,0.00,8.00,5201.00,1973.00,0.00,2.00,212.00,9181879.52,527.85
1.94,0.00,6.00,5195.00,1981.00,0.00,2.00,212.00,9168947.95,511.94
1.95,0.00,6.00,5188.00,1988.00,0.00,2.00,212.00,9156082.17,497.40
1.96,0.00,6.00,5177.00,1999.00,0.00,2.00,212.00,9142675.51,484.14
1.97,0.00,6.00,5172.00,2004.00,0.00,2.00,212.00,9129676.18,472.03
1.97,0.00,5.00,5168.00,2009.00,0.00,2.00,212.00,9117199.16,460.97
1.98,0.00,5.00,5159.00,2018.00,0.00,2.00,212.00,9104448.15,450.88
1.99,0.00,4.00,5154.00,2024.00,0.00,2.00,212.00,9092047.78,441.66
1.99,0.00,4.00,5147.00,2031.00,0.00,2.00,212.00,9079667.27,433.25
2.00,0.00,4.00,5140.00,2038.00,0.00,2.00,212.00,9067304.92,425.57
2.01,0.00,4.00,5130.00,2048.00,0.00,2.00,212.00,9054508.46,418.56
2.01,0.00,3.00,5124.00,2055.00,0.00,2.00,212.00,9041916.32,412.16
2.02,0.00,3.00,5114.00,2065.00,0.00,2.00,212.00,9028909.91,406.32
2.03,0.00,3.00,5103.00,2076.00,0.00,2.00,212.00,9015374.85,400.98
2.03,0.00,3.00,5100.00,2079.00,0.00,2.00,212.00,9002558.63,396.11
2.04,0.00,3.00,5089.00,2090.00,0.00,2.00,212.00,8989197.24,391.67
2.05,0.00,3.00,5077.00,2102.00,0.00,2.00,212.00,8975187.64,387.61
2.06,0.00,3.00,5068.00,2111.00,0.00,2.00,212.00,8961036.47,383.90
2.06,0.00,3.00,5060.00,2119.00,0.00,1.00,213.00,8946906.22,365.50
2.07,0.00,3.00,5052.00,2127.00,0.00,1.00,213.00,8932795.08,348.70
2.08,0.00,3.00,5049.00,2130.00,0.00,1.00,213.00,8919452.57,333.36
2.08,0.00,3.00,5041.00,2138.00,0.00,1.00,213.00,8906061.08,319.35
2.09,0.00,3.00,5031.00,2148.00,0.00,1.00,213.00,8892324.41,306.57
2.10,0.00,3.00,5024.00,2155.00,0.00,1.00,213.00,8878723.08,294.90
2.10,0.00,3.00,5017.00,2162.00,0.00,1.00,213.00,8865245.39,284.24
2.11,0.00,3.00,5010.00,2169.00,0.00,1.00,213.00,8851880.66,274.51
2.12,0.00,3.00,5002.00,2177.00,0.00,1.00,213.00,8838468.89,265.63
2.12,0.00,3.00,4995.00,2184.00,0.00,1.00,213.00,8825164.36,257.53
2.13,0.00,3.00,4984.00,2195.00,0.00,1.00,213.00,8811356.90,250.12
2.14,0.00,3.00,4978.00,2201.00,0.00,1.00,213.00,8797841.16,243.37
2.15,0.00,3.00,4970.00,2209.00,0.00,1.00,213.00,8784291.41,237.20
2.15,0.00,2.00,4964.00,2216.00,0.00,1.00,213.00,8771011.08,231.57
2.16,0.00,2.00,4954.00,2226.00,0.00,1.00,213.00,8757375.94,226.43
2.17,0.00,2.00,4949.00,2231.00,0.00,1.00,213.00,8744167.84,221.73
2.17,0.00,2.00,4941.00,2239.00,0.00,1.00,213.00,8730899.17,217.45
2.18,0.00,2.00,4933.00,2247.00,0.00,1.00,213.00,8717575.14,213.54
2.19,0.00,2.00,4925.00,2255.00,0.00,1.00,213.00,8704200.59,209.97
2.19,0.00,2.00,4918.00,2262.00,0.00,1.00,213.00,8690930.09,206.71
2.20,0.00,2.00,4912.00,2268.00,0.00,1.00,213.00,8677904.83,203.73
2.21,0.00,2.00,4904.00,2276.00,0.00,1.00,213.00,8664803.25,201.01
2.22,0.00,2.00,4897.00,2283.00,0.00,1.00,213.00,8651782.11,198.53
2.22,0.00,2.00,4887.00,2293.00,0.00,1.00,213.00,8638383.77,196.27
2.23,0.00,2.00,4882.00,2298.00,0.00,1.00,213.00,8625392.01,194.20
2.24,0.00,2.00,4877.00,2303.00,0.00,1.00,213.00,8612771.67,192.31
2.24,0.00,2.00,4869.00,2311.00,0.00,1.00,213.00,8600039.97,190.59
2.25,0.00,2.00,4862.00,2318.00,0.00,1.00,213.00,8587356.76,189.02
2.26,0.00,2.00,4857.00,2323.00,0.00,1.00,213.00,8575018.33,187.58
2.26,0.00,2.00,4845.00,2335.00,0.00,1.00,213.00,8561943.26,186.27
2.27,0.00,2.00,4838.00,2342.00,0.00,1.00,213.00,8548946.34,185.08
2.28,0.00,2.00,4831.00,2349.00,0.00,1.00,213.00,8536020.87,183.98
2.28,0.00,2.00,4822.00,2358.00,0.00,1.00,213.00,8522860.14,182.99
2.29,0.00,2.00,4819.00,2361.00,0.00,1.00,213.00,8510385.94,182.08
2.30,0.00,2.00,4808.00,2372.00,0.00,1.00,213.00,8497337.04,181.24
2.31,0.00,2.00,4796.00,2384.00,0.00,1.00,213.00,8483612.87,180.48
2.31,0.00,2.00,4784.00,2396.00,0.00,1.00,213.00,8469271.81,179.79
2.32,0.00,2.00,4776.00,2404.00,0.00,1.00,213.00,8454968.09,179.16
2.33,0.00,2.00,4773.00,2407.00,0.00,1.00,213.00,8441449.60,178.58
2.33,0.00,2.00,4769.00,2411.00,0.00,1.00,213.00,8428498.33,178.06
2.34,0.00,2.00,4765.00,2415.00,0.00,1.00,213.00,8416065.20,177.57
2.35,0.00,2.00,4755.00,2425.00,0.00,1.00,213.00,8403204.07,177.13
2.35,0.00,2.00,4746.00,2434.00,0.00,1.00,213.00,8390102.16,176.73
2.36,0.00,2.00,4733.00,2447.00,0.00,1.00,213.00,8376179.35,176.37
2.37,0.00,2.00,4729.00,2451.00,0.00,1.00,213.00,8362858.62,176.03
2.38,0.00,2.00,4721.00,2459.00,0.00,1.00,213.00,8349487.07,175.73
2.38,0.00,2.00,4714.00,2466.00,0.00,1.00,213.00,8336219.32,175.45
2.39,0.00,2.00,4703.00,2477.00,0.00,1.00,213.00,8322445.45,175.20
2.40,0.00,2.00,4698.00,2482.00,0.00,1.00,213.00,8309110.60,174.96
2.40,0.00,2.00,4694.00,2486.00,0.00,0.00,214.00,8296327.05,159.73
2.41,0.00,2.00,4689.00,2491.00,0.00,0.00,214.00,8283896.94,145.82
2.42,0.00,2.00,4683.00,2497.00,0.00,0.00,214.00,8271639.48,133.12
2.42,0.00,2.00,4674.00,2506.00,0.00,0.00,214.00,8259089.10,121.53
2.43,0.00,2.00,4668.00,2512.00,0.00,0.00,214.00,8246721.77,110.95
2.44,0.00,2.00,4657.00,2523.00,0.00,0.00,214.00,8233770.55,101.29
2.44,0.00,1.00,4653.00,2528.00,0.00,0.00,214.00,8221337.46,92.47
2.45,0.00,1.00,4647.00,2534.00,0.00,0.00,214.00,8209077.30,84.42
2.46,0.00,1.00,4641.00,2540.00,0.00,0.00,214.00,8196975.15,77.07
2.47,0.00,1.00,4637.00,2544.00,0.00,0.00,214.00,8185317.77,70.35
2.47,0.00,1.00,4628.00,2553.00,0.00,0.00,214.00,8173315.60,64.23
2.48,0.00,1.00,4623.00,2558.00,0.00,0.00,214.00,8161599.35,58.64
2.49,0.00,1.00,4615.00,2566.00,0.00,0.00,214.00,8149693.63,53.53
2.49,0.00,1.00,4609.00,2572.00,0.00,0.00,214.00,8137915.24,48.87
2.50,0.00,1.00,4600.00,2581.00,0.00,0.00,214.00,8125802.54,44.61
2.51,0.00,1.00,4593.00,2588.00,0.00,0.00,214.00,8113684.85,40.73
2.51,0.00,1.00,4591.00,2590.00,0.00,0.00,214.00,8102313.75,37.18
2.52,0.00,1.00,4587.00,2594.00,0.00,0.00,214.00,8091324.27,33.94
2.53,0.00,1.00,4579.00,2602.00,0.00,0.00,214.00,8080082.51,30.99
2.53,0.00,1.00,4570.00,2611.00,0.00,0.00,214.00,8068460.07,28.29
2.54,0.00,1.00,4562.00,2619.00,0.00,0.00,214.00,8056640.02,25.83
2.55,0.00,1.00,4552.00,2629.00,0.00,0.00,214.00,8044339.01,23.58
2.56,0.00,1.00,4546.00,2635.00,0.00,0.00,214.00,8032199.50,21.52
2.56,0.00,1.00,4541.00,2640.00,0.00,0.00,214.00,8020357.77,19.65
2.57,0.00,1.00,4529.00,2652.00,0.00,0.00,214.00,8007736.49,17.94
2.58,0.00,1.00,4522.00,2659.00,0.00,0.00,214.00,7995154.17,16.38
2.58,0.00,1.00,4520.00,2661.00,0.00,0.00,214.00,7983358.60,14.95
2.59,0.00,1.00,4507.00,2674.00,0.00,0.00,214.00,7970629.25,13.65
2.60,0.00,1.00,4503.00,2678.00,0.00,0.00,214.00,7958398.86,12.46
2.60,0.00,0.00,4496.00,2686.00,0.00,0.00,214.00,7946173.68,11.38
2.61,0.00,0.00,4488.00,2694.00,0.00,0.00,214.00,7933803.00,10.39
2.62,0.00,0.00,4476.00,2706.00,0.00,0.00,214.00,7920698.45,9.48
2.62,0.00,0.00,4471.00,2711.00,0.00,0.00,214.00,7907975.07,8.66
2.63,0.00,0.00,4467.00,2715.00,0.00,0.00,214.00,7895750.19,7.90
2.64,0.00,0.00,4456.00,2726.00,0.00,0.00,214.00,7882929.04,7.21
2.65,0.00,0.00,4452.00,2730.00,0.00,0.00,214.00,7870614.84,6.59
2.65,0.00,0.00,4443.00,2739.00,0.00,0.00,214.00,7858012.59,6.01
2.66,0.00,0.00,4436.00,2746.00,0.00,0.00,214.00,7845447.65,5.49
2.67,0.00,0.00,4426.00,2756.00,0.00,0.00,214.00,7832466.12,5.01
2.67,0.00,0.00,4417.00,2765.00,0.00,0.00,214.00,7819254.21,4.57
2.68,0.00,0.00,4409.00,2773.00,0.00,0.00,214.00,7805982.06,4.18
2.69,0.00,0.00,4398.00,2784.00,0.00,0.00,214.00,7792204.17,3.81
2.69,0.00,0.00,4390.00,2792.00,0.00,0.00,214.00,7778414.95,3.48
2.70,0.00,0.00,4382.00,2800.00,0.00,0.00,214.00,7764615.36,3.18
2.71,0.00,0.00,4374.00,2808.00,0.00,0.00,214.00,7750806.31,2.90
2.72,0.00,0.00,4370.00,2812.00,0.00,0.00,214.00,7737589.55,2.65
2.72,0.00,0.00,4360.00,2822.00,0.00,0.00,214.00,7724012.51,2.42
2.73,0.00,0.00,4352.00,2830.00,0.00,0.00,214.00,7710406.77,2.21
2.74,0.00,0.00,4346.00,2836.00,0.00,0.00,214.00,7697075.29,2.01
2.74,0.00,0.00,4339.00,2843.00,0.00,0.00,214.00,7683844.12,1.84
2.75,0.00,0.00,4330.00,2852.00,0.00,0.00,214.00,7670404.14,1.68
2.76,0.00,0.00,4324.00,2858.00,0.00,0.00,214.00,7657224.08,1.53
2.76,0.00,0.00,4318.00,2864.00,0.00,0.00,214.00,7644281.50,1.40
2.77,0.00,0.00,4312.00,2870.00,0.00,0.00,214.00,7631555.87,1.28
2.78,0.00,0.00,4304.00,2878.00,0.00,0.00,214.00,7618727.99,1.17
2.78,0.00,0.00,4297.00,2885.00,0.00,0.00,214.00,7605956.89,1.06
2.79,0.00,0.00,4293.00,2889.00,0.00,0.00,214.00,7593688.42,0.97
2.80,0.00,0.00,4280.00,2902.00,0.00,0.00,214.00,7580527.03,0.89
2.81,0.00,0.00,4271.00,2911.00,0.00,0.00,214.00,7567150.79,0.81
2.81,0.00,0.00,4263.00,2919.00,0.00,0.00,214.00,7553728.51,0.74
2.82,0.00,0.00,4254.00,2928.00,0.00,0.00,214.00,7540113.94,0.68
2.83,0.00,0.00,4246.00,2936.00,0.00,0.00,214.00,7526473.92,0.62
2.83,0.00,0.00,4238.00,2944.00,0.00,0.00,214.00,7512810.66,0.56
2.84,0.00,0.00,4232.00,2950.00,0.00,0.00,214.00,7499426.62,0.51
2.85,0.00,0.00,4221.00,2961.00,0.00,0.00,214.00,7485546.50,0.47
2.85,0.00,0.00,4213.00,2969.00,0.00,0.00,214.00,7471663.89,0.43
2.86,0.00,0.00,4209.00,2973.00,0.00,0.00,214.00,7458379.90,0.39
2.87,0.00,0.00,4202.00,2980.00,0.00,0.00,214.00,7445192.13,0.36
2.88,0.00,0.00,4195.00,2987.00,0.00,0.00,214.00,7432092.28,0.33
2.88,0.00,0.00,4186.00,2996.00,0.00,0.00,214.00,7418772.28,0.30
2.89,0.00,0.00,4175.00,3007.00,0.00,0.00,214.00,7404950.67,0.27
2.90,0.00,0.00,4161.00,3021.00,0.00,0.00,214.00,7390220.11,0.25
2.90,0.00,0.00,4156.00,3026.00,0.00,0.00,214.00,7376011.21,0.23
2.91,0.00,0.00,4150.00,3032.00,0.00,0.00,214.00,7362128.71,0.21
2.92,0.00,0.00,4139.00,3043.00,0.00,0.00,214.00,7347793.19,0.19
2.92,0.00,0.00,4128.00,3054.00,0.00,0.00,214.00,7333043.84,0.17
2.93,0.00,0.00,4122.00,3060.00,0.00,0.00,214.00,7318667.57,0.16
2.94,0.00,0.00,4116.00,3066.00,0.00,0.00,214.00,7304632.11,0.14
2.94,0.00,0.00,4107.00,3075.00,0.00,0.00,214.00,7290457.34,0.13
2.95,0.00,0.00,4100.00,3082.00,0.00,0.00,214.00,7276455.76,0.12
2.96,0.00,0.00,4088.00,3094.00,0.00,0.00,214.00,7261861.24,0.11
2.97,0.00,0.00,4084.00,3098.00,0.00,0.00,214.00,7247926.86,0.10
2.97,0.00,0.00,4077.00,3105.00,0.00,0.00,214.00,7234144.93,0.09
2.98,0.00,0.00,4072.00,3110.00,0.00,0.00,214.00,7220802.68,0.08
2.99,0.00,0.00,4060.00,3122.00,0.00,0.00,214.00,7206810.53,0.08
2.99,0.00,0.00,4049.00,3133.00,0.00,0.00,214.00,7192374.85,0.07
3.00,0.00,0.00,4042.00,3140.00,0.00,0.00,214.00,7178134.91,0.06
3.01,0.00,0.00,4037.00,3145.00,0.00,0.00,214.00,7164374.28,0.06
3.01,0.00,0.00,4030.00,3152.00,0.00,0.00,214.00,7150751.02,0.05
3.02,0.00,0.00,4018.00,3164.00,0.00,0.00,214.00,7136502.13,0.05
3.03,0.00,0.00,4010.00,3172.00,0.00,0.00,214.00,7122282.61,0.04
3.03,0.00,0.00,4006.00,3176.00,0.00,0.00,214.00,7108690.85,0.04
3.04,0.00,0.00,3999.00,3183.00,0.00,0.00,214.00,7095221.90,0.04
3.05,0.00,0.00,3993.00,3189.00,0.00,0.00,214.00,7082015.37,0.03
3.06,0.00,0.00,3985.00,3197.00,0.00,0.00,214.00,7068748.15,0.03
3.06,0.00,0.00,3980.00,3202.00,0.00,0.00,214.00,7055876.16,0.03
3.07,0.00,0.00,3974.00,3208.00,0.00,0.00,214.00,7043215.01,0.03
3.08,0.00,0.00,3966.00,3216.00,0.00,0.00,214.00,7030446.02,0.02
3.08,0.00,0.00,3958.00,3224.00,0.00,0.00,214.00,7017578.54,0.02
3.09,0.00,0.00,3951.00,3231.00,0.00,0.00,214.00,7004771.27,0.02
3.10,0.00,0.00,3944.00,3238.00,0.00,0.00,214.00,6992019.03,0.02
3.10,0.00,0.00,3933.00,3249.00,0.00,0.00,214.00,6978716.14,0.02
3.11,0.00,0.00,3922.00,3260.00,0.00,0.00,214.00,6964910.16,0.01
3.12,0.00,0.00,3914.00,3268.00,0.00,0.00,214.00,6951095.28,0.01
3.12,0.00,0.00,3904.00,3278.00,0.00,0.00,214.00,6936971.79,0.01
3.13,0.00,0.00,3897.00,3285.00,0.00,0.00,214.00,6923017.08,0.01
3.14,0.00,0.00,3885.00,3297.00,0.00,0.00,214.00,6908465.36,0.01
3.15,0.00,0.00,3880.00,3302.00,0.00,0.00,214.00,6894419.86,0.01
3.15,0.00,0.00,3875.00,3307.00,0.00,0.00,214.00,6880836.85,0.01
3.16,0.00,0.00,3867.00,3315.00,0.00,0.00,214.00,6867225.66,0.01
3.17,0.00,0.00,3857.00,3325.00,0.00,0.00,214.00,6853288.26,0.01
3.17,0.00,0.00,3851.00,3331.00,0.00,0.00,214.00,6839653.76,0.01
3.18,0.00,0.00,3847.00,3335.00,0.00,0.00,214.00,6826596.48,0.01
3.19,0.00,0.00,3838.00,3344.00,0.00,0.00,214.00,6813315.35,0.01
3.19,0.00,0.00,3829.00,3353.00,0.00,0.00,214.00,6799829.73,0.00
3.20,0.00,0.00,3819.00,3363.00,0.00,0.00,214.00,6786007.06,0.00
3.21,0.00,0.00,3812.00,3370.00,0.00,0.00,214.00,6772327.15,0.00
3.22,0.00,0.00,3805.00,3377.00,0.00,0.00,214.00,6758777.65,0.00
3.22,0.00,0.00,3797.00,3385.00,0.00,0.00,214.00,6745197.10,0.00
3.23,0.00,0.00,3789.00,3393.00,0.00,0.00,214.00,6731588.16,0.00
3.24,0.00,0.00,3783.00,3399.00,0.00,0.00,214.00,6718253.74,0.00
3.24,0.00,0.00,3771.00,3411.00,0.00,0.00,214.00,6704268.74,0.00
3.25,0.00,0.00,3759.00,3423.00,0.00,0.00,214.00,6689689.36,0.00
3.26,0.00,0.00,3751.00,3431.00,0.00,0.00,214.00,6675167.91,0.00
3.26,0.00,0.00,3747.00,3435.00,0.00,0.00,214.00,6661300.30,0.00
3.27,0.00,0.00,3739.00,3443.00,0.00,0.00,214.00,6647429.09,0.00
3.28,0.00,0.00,3733.00,3449.00,0.00,0.00,214.00,6633855.07,0.00
3.28,0.00,0.00,3726.00,3456.00,0.00,0.00,214.00,6620402.35,0.00
3.29,0.00,0.00,3715.00,3467.00,0.00,0.00,214.00,6606459.48,0.00
3.30,0.00,0.00,3708.00,3474.00,0.00,0.00,214.00,6592669.78,0.00
3.31,0.00,0.00,3697.00,3485.00,0.00,0.00,214.00,6578419.05,0.00
3.31,0.00,0.00,3690.00,3492.00,0.00,0.00,214.00,6564348.07,0.00
3.32,0.00,0.00,3686.00,3496.00,0.00,0.00,214.00,6550892.00,0.00
3.33,0.00,0.00,3677.00,3505.00,0.00,0.00,214.00,6537246.54,0.00
3.33,0.00,0.00,3669.00,3513.00,0.00,0.00,214.00,6523578.33,0.00
3.34,0.00,0.00,3660.00,3522.00,0.00,0.00,214.00,6509739.04,0.00
3.35,0.00,0.00,3656.00,3526.00,0.00,0.00,214.00,6496494.67,0.00
3.35,0.00,0.00,3650.00,3532.00,0.00,0.00,214.00,6483493.32,0.00
3.36,0.00,0.00,3637.00,3545.00,0.00,0.00,214.00,6469662.39,0.00
3.37,0.00,0.00,3634.00,3548.00,0.00,0.00,214.00,6456575.85,0.00
3.38,0.00,0.00,3618.00,3564.00,0.00,0.00,214.00,6442216.36,0.00
3.38,0.00,0.00,3614.00,3568.00,0.00,0.00,214.00,6428496.74,0.00
3.39,0.00,0.00,3600.00,3582.00,0.00,0.00,214.00,6413859.34,0.00
3.40,0.00,0.00,3593.00,3589.00,0.00,0.00,214.00,6399435.12,0.00
3.40,0.00,0.00,3591.00,3591.00,0.00,0.00,214.00,6385956.79,0.00
3.41,0.00,0.00,3583.00,3599.00,0.00,0.00,214.00,6372441.24,0.00
3.42,0.00,0.00,3567.00,3615.00,0.00,0.00,214.00,6357689.82,0.00
3.42,0.00,0.00,3560.00,3622.00,0.00,0.00,214.00,6343161.43,0.00
3.43,0.00,0.00,3552.00,3630.00,0.00,0.00,214.00,6328686.55,0.00
3.44,0.00,0.00,3543.00,3639.00,0.00,0.00,214.00,6314110.34,0.00
3.44,0.00,0.00,3533.00,3649.00,0.00,0.00,214.00,6299291.30,0.00
3.45,0.00,0.00,3524.00,3658.00,0.00,0.00,214.00,6284400.65,0.00
3.46,0.00,0.00,3518.00,3664.00,0.00,0.00,214.00,6269895.28,0.00
3.47,0.00,0.00,3510.00,3672.00,0.00,0.00,214.00,6255441.42,0.00
3.47,0.00,0.00,3504.00,3678.00,0.00,0.00,214.00,6241335.09,0.00
3.48,0.00,0.00,3498.00,3684.00,0.00,0.00,214.00,6227546.26,0.00
3.49,0.00,0.00,3490.00,3692.00,0.00,0.00,214.00,6213747.06,0.00
3.49,0.00,0.00,3488.00,3694.00,0.00,0.00,214.00,6200839.76,0.00
3.50,0.00,0.00,3475.00,3707.00,0.00,0.00,214.00,6187094.71,0.00
3.51,0.00,0.00,3464.00,3718.00,0.00,0.00,214.00,6172884.82,0.00
3.51,0.00,0.00,3462.00,3720.00,0.00,0.00,214.00,6159602.30,0.00
3.52,0.00,0.00,3458.00,3724.00,0.00,0.00,214.00,6146866.55,0.00
3.53,0.00,0.00,3449.00,3733.00,0.00,0.00,214.00,6133879.20,0.00
3.53,0.00,0.00,3441.00,3741.00,0.00,0.00,214.00,6120812.19,0.00
3.54,0.00,0.00,3437.00,3745.00,0.00,0.00,214.00,6108273.36,0.00
3.55,0.00,0.00,3428.00,3754.00,0.00,0.00,214.00,6095465.88,0.00
3.56,0.00,0.00,3417.00,3765.00,0.00,0.00,214.00,6082112.51,0.00
3.56,0.00,0.00,3407.00,3775.00,0.00,0.00,214.00,6068410.66,0.00
3.57,0.00,0.00,3398.00,3784.00,0.00,0.00,214.00,6054540.68,0.00
3.58,0.00,0.00,3391.00,3791.00,0.00,0.00,214.00,6040817.55,0.00
3.58,0.00,0.00,3380.00,3802.00,0.00,0.00,214.00,6026627.65,0.00
3.59,0.00,0.00,3374.00,3808.00,0.00,0.00,214.00,6012762.49,0.00
3.60,0.00,0.00,3368.00,3814.00,0.00,0.00,214.00,5999193.98,0.00
3.60,0.00,0.00,3362.00,3820.00,0.00,0.00,214.00,5985896.50,0.00
3.61,0.00,0.00,3353.00,3829.00,0.00,0.00,214.00,5972395.95,0.00
3.62,0.00,0.00,3342.00,3840.00,0.00,0.00,214.00,5958409.40,0.00
3.62,0.00,0.00,3332.00,3850.00,0.00,0.00,214.00,5944129.07,0.00
3.63,0.00,0.00,3326.00,3856.00,0.00,0.00,214.00,5930181.29,0.00
3.64,0.00,0.00,3318.00,3864.00,0.00,0.00,214.00,5916236.86,0.00
3.65,0.00,0.00,3311.00,3871.00,0.00,0.00,214.00,5902445.69,0.00
3.65,0.00,0.00,3306.00,3876.00,0.00,0.00,214.00,5889095.03,0.00
3.66,0.00,0.00,3302.00,3880.00,0.00,0.00,214.00,5876297.04,0.00
3.67,0.00,0.00,3290.00,3892.00,0.00,0.00,214.00,5862802.12,0.00
3.67,0.00,0.00,3283.00,3899.00,0.00,0.00,214.00,5849421.66,0.00
3.68,0.00,0.00,3273.00,3909.00,0.00,0.00,214.00,5835695.04,0.00
3.69,0.00,0.00,3265.00,3917.00,0.00,0.00,214.00,5821952.64,0.00
3.69,0.00,0.00,3256.00,3926.00,0.00,0.00,214.00,5808045.62,0.00
3.70,0.00,0.00,3249.00,3933.00,0.00,0.00,214.00,5794288.67,0.00
3.71,0.00,0.00,3241.00,3941.00,0.00,0.00,214.00,5780518.53,0.00
3.72,0.00,0.00,3232.00,3950.00,0.00,0.00,214.00,5766586.18,0.00
3.72,0.00,0.00,3225.00,3957.00,0.00,0.00,214.00,5752806.04,0.00
3.73,0.00,0.00,3223.00,3959.00,0.00,0.00,214.00,5739916.18,0.00
3.74,0.00,0.00,3218.00,3964.00,0.00,0.00,214.00,5727388.92,0.00
3.74,0.00,0.00,3214.00,3968.00,0.00,0.00,214.00,5715343.21,0.00
3.75,0.00,0.00,3210.00,3972.00,0.00,0.00,214.00,5703737.39,0.00
3.76,0.00,0.00,3206.00,3976.00,0.00,0.00,214.00,5692533.49,0.00
3.76,0.00,0.00,3202.00,3980.00,0.00,0.00,214.00,5681696.75,0.00
3.77,0.00,0.00,3194.00,3988.00,0.00,0.00,214.00,5670594.55,0.00
3.78,0.00,0.00,3190.00,3992.00,0.00,0.00,214.00,5659850.74,0.00
3.78,0.00,0.00,3186.00,3996.00,0.00,0.00,214.00,5649434.35,0.00
3.79,0.00,0.00,3183.00,3999.00,0.00,0.00,214.00,5639467.32,0.00
3.80,0.00,0.00,3176.00,4006.00,0.00,0.00,214.00,5629309.89,0.00
3.81,0.00,0.00,3167.00,4015.00,0.00,0.00,214.00,5618678.06,0.00
3.81,0.00,0.00,3159.00,4023.00,0.00,0.00,214.00,5607763.04,0.00
3.82,0.00,0.00,3150.00,4032.00,0.00,0.00,214.00,5596439.09,0.00
3.83,0.00,0.00,3142.00,4040.00,0.00,0.00,214.00,5584891.75,0.00
3.83,0.00,0.00,3137.00,4045.00,0.00,0.00,214.00,5573591.03,0.00
3.84,0.00,0.00,3131.00,4051.00,0.00,0.00,214.00,5562365.41,0.00
3.85,0.00,0.00,3126.00,4056.00,0.00,0.00,214.00,5551358.59,0.00
3.85,0.00,0.00,3121.00,4061.00,0.00,0.00,214.00,5540551.68,0.00
3.86,0.00,0.00,3115.00,4067.00,0.00,0.00,214.00,5529777.19,0.00
3.87,0.00,0.00,3107.00,4075.00,0.00,0.00,214.00,5518731.86,0.00
3.88,0.00,0.00,3101.00,4081.00,0.00,0.00,214.00,5507739.51,0.00
3.88,0.00,0.00,3092.00,4090.00,0.00,0.00,214.00,5496344.90,0.00
3.89,0.00,0.00,3088.00,4094.00,0.00,0.00,214.00,5485333.98,0.00
3.90,0.00,0.00,3082.00,4100.00,0.00,0.00,214.00,5474373.08,0.00
3.90,0.00,0.00,3077.00,4105.00,0.00,0.00,214.00,5463608.11,0.00
3.91,0.00,0.00,3065.00,4117.00,0.00,0.00,214.00,5451970.55,0.00
3.92,0.00,0.00,3058.00,4124.00,0.00,0.00,214.00,5440286.92,0.00
3.92,0.00,0.00,3046.00,4136.00,0.00,0.00,214.00,5427810.09,0.00
3.93,0.00,0.00,3038.00,4144.00,0.00,0.00,214.00,5415209.52,0.00
3.94,0.00,0.00,3031.00,4151.00,0.00,0.00,214.00,5402646.09,0.00
3.94,0.00,0.00,3020.00,4162.00,0.00,0.00,214.00,5389515.69,0.00
3.95,0.00,0.00,3010.00,4172.00,0.00,0.00,214.00,5376017.54,0.00
3.96,0.00,0.00,3006.00,4176.00,0.00,0.00,214.00,5363084.81,0.00
3.97,0.00,0.00,3001.00,4181.00,0.00,0.00,214.00,5350518.41,0.00
3.97,0.00,0.00,2992.00,4190.00,0.00,0.00,214.00,5337685.76,0.00
3.98,0.00,0.00,2982.00,4200.00,0.00,0.00,214.00,5324459.63,0.00
3.99,0.00,0.00,2966.00,4216.00,0.00,0.00,214.00,5309972.63,0.00
3.99,0.00,0.00,2964.00,4218.00,0.00,0.00,214.00,5296436.95,0.00
4.00,0.00,0.00,2952.00,4230.00,0.00,0.00,214.00,5282268.08,0.00
4.01,0.00,0.00,2948.00,4234.00,0.00,0.00,214.00,5268722.59,0.00
4.01,0.00,0.00,2935.00,4247.00,0.00,0.00,214.00,5254394.51,0.00
4.02,0.00,0.00,2929.00,4253.00,0.00,0.00,214.00,5240403.11,0.00
4.03,0.00,0.00,2923.00,4259.00,0.00,0.00,214.00,5226719.27,0.00
4.03,0.00,0.00,2918.00,4264.00,0.00,0.00,214.00,5213466.67,0.00
4.04,0.00,0.00,2913.00,4269.00,0.00,0.00,214.00,5200608.03,0.00
4.05,0.00,0.00,2909.00,4273.00,0.00,0.00,214.00,5188259.55,0.00
4.06,0.00,0.00,2896.00,4286.00,0.00,0.00,214.00,5175025.07,0.00
4.06,0.00,0.00,2888.00,4294.00,0.00,0.00,214.00,5161732.29,0.00
4.07,0.00,0.00,2884.00,4298.00,0.00,0.00,214.00,5148987.18,0.00
4.08,0.00,0.00,2878.00,4304.00,0.00,0.00,214.00,5136441.97,0.00
4.08,0.00,0.00,2867.00,4315.00,0.00,0.00,214.00,5123328.22,0.00
4.09,0.00,0.00,2857.00,4325.00,0.00,0.00,214.00,5109845.27,0.00
4.10,0.00,0.00,2850.00,4332.00,0.00,0.00,214.00,5096475.71,0.00
4.10,0.00,0.00,2843.00,4339.00,0.00,0.00,214.00,5083209.79,0.00
4.11,0.00,0.00,2839.00,4343.00,0.00,0.00,214.00,5070489.20,0.00
4.12,0.00,0.00,2835.00,4347.00,0.00,0.00,214.00,5058266.86,0.00
4.12,0.00,0.00,2827.00,4355.00,0.00,0.00,214.00,5045898.75,0.00
4.13,0.00,0.00,2820.00,4362.00,0.00,0.00,214.00,5033547.72,0.00
4.14,0.00,0.00,2814.00,4368.00,0.00,0.00,214.00,5021362.55,0.00
4.15,0.00,0.00,2807.00,4375.00,0.00,0.00,214.00,5009178.61,0.00
4.15,0.00,0.00,2804.00,4378.00,0.00,0.00,214.00,4997596.77,0.00
4.16,0.00,0.00,2799.00,4383.00,0.00,0.00,214.00,4986264.54,0.00
4.17,0.00,0.00,2790.00,4392.00,0.00,0.00,214.00,4974559.42,0.00
4.17,0.00,0.00,2784.00,4398.00,0.00,0.00,214.00,4962964.31,0.00
4.18,0.00,0.00,2774.00,4408.00,0.00,0.00,214.00,4950868.79,0.00
4.19,0.00,0.00,2767.00,4415.00,0.00,0.00,214.00,4938766.80,0.00
4.19,0.00,0.00,2760.00,4422.00,0.00,0.00,214.00,4926658.90,0.00
4.20,0.00,0.00,2752.00,4430.00,0.00,0.00,214.00,4914395.34,0.00
4.21,0.00,0.00,2742.00,4440.00,0.00,0.00,214.00,4901689.15,0.00
4.22,0.00,0.00,2736.00,4446.00,0.00,0.00,214.00,4889179.48,0.00
4.22,0.00,0.00,2727.00,4455.00,0.00,0.00,214.00,4876398.65,0.00
4.23,0.00,0.00,2721.00,4461.00,0.00,0.00,214.00,4863820.78,0.00
4.24,0.00,0.00,2715.00,4467.00,0.00,0.00,214.00,4851428.37,0.00
4.24,0.00,0.00,2702.00,4480.00,0.00,0.00,214.00,4838153.75,0.00
4.25,0.00,0.00,2690.00,4492.00,0.00,0.00,214.00,4824223.36,0.00
4.26,0.00,0.00,2685.00,4497.00,0.00,0.00,214.00,4810745.51,0.00
4.26,0.00,0.00,2678.00,4504.00,0.00,0.00,214.00,4797380.62,0.00
4.27,0.00,0.00,2671.00,4511.00,0.00,0.00,214.00,4784118.95,0.00
4.28,0.00,0.00,2662.00,4520.00,0.00,0.00,214.00,4770651.10,0.00
4.28,0.00,0.00,2655.00,4527.00,0.00,0.00,214.00,4757295.36,0.00
4.29,0.00,0.00,2649.00,4533.00,0.00,0.00,214.00,4744192.26,0.00
4.30,0.00,0.00,2641.00,4541.00,0.00,0.00,214.00,4731019.51,0.00
4.31,0.00,0.00,2634.00,4548.00,0.00,0.00,214.00,4717933.37,0.00
4.31,0.00,0.00,2628.00,4554.00,0.00,0.00,214.00,4705076.58,0.00
4.32,0.00,0.00,2619.00,4563.00,0.00,0.00,214.00,4691978.62,0.00
4.33,0.00,0.00,2606.00,4576.00,0.00,0.00,214.00,4678059.43,0.00
4.33,0.00,0.00,2598.00,4584.00,0.00,0.00,214.00,4664141.11,0.00
4.34,0.00,0.00,2593.00,4589.00,0.00,0.00,214.00,4650674.27,0.00
4.35,0.00,0.00,2586.00,4596.00,0.00,0.00,214.00,4637319.45,0.00
4.35,0.00,0.00,2581.00,4601.00,0.00,0.00,214.00,4624367.43,0.00
4.36,0.00,0.00,2575.00,4607.00,0.00,0.00,214.00,4611633.16,0.00
4.37,0.00,0.00,2565.00,4617.00,0.00,0.00,214.00,4598496.95,0.00
4.38,0.00,0.00,2559.00,4623.00,0.00,0.00,214.00,4585594.39,0.00
4.38,0.00,0.00,2551.00,4631.00,0.00,0.00,214.00,4572604.85,0.00
4.39,0.00,0.00,2546.00,4636.00,0.00,0.00,214.00,4559986.56,0.00
4.40,0.00,0.00,2541.00,4641.00,0.00,0.00,214.00,4547707.44,0.00
4.40,0.00,0.00,2529.00,4653.00,0.00,0.00,214.00,4534686.54,0.00
4.41,0.00,0.00,2519.00,4663.00,0.00,0.00,214.00,4521288.41,0.00
4.42,0.00,0.00,2506.00,4676.00,0.00,0.00,214.00,4507095.00,0.00
4.42,0.00,0.00,2501.00,4681.00,0.00,0.00,214.00,4493376.84,0.00
4.43,0.00,0.00,2488.00,4694.00,0.00,0.00,214.00,4478891.02,0.00
4.44,0.00,0.00,2483.00,4699.00,0.00,0.00,214.00,4464905.73,0.00
4.44,0.00,0.00,2476.00,4706.00,0.00,0.00,214.00,4451077.25,0.00
4.45,0.00,0.00,2471.00,4711.00,0.00,0.00,214.00,4437692.49,0.00
4.46,0.00,0.00,2465.00,4717.00,0.00,0.00,214.00,4424562.90,0.00
4.47,0.00,0.00,2452.00,4730.00,0.00,0.00,214.00,4410614.79,0.00
4.47,0.00,0.00,2444.00,4738.00,0.00,0.00,214.00,4396670.06,0.00
4.48,0.00,0.00,2440.00,4742.00,0.00,0.00,214.00,4383329.32,0.00
4.49,0.00,0.00,2428.00,4754.00,0.00,0.00,214.00,4369338.55,0.00
4.49,0.00,0.00,2422.00,4760.00,0.00,0.00,214.00,4355655.29,0.00
4.50,0.00,0.00,2414.00,4768.00,0.00,0.00,214.00,4341952.52,0.00
4.51,0.00,0.00,2403.00,4779.00,0.00,0.00,214.00,4327781.22,0.00
4.51,0.00,0.00,2394.00,4788.00,0.00,0.00,214.00,4313482.36,0.00
4.52,0.00,0.00,2390.00,4792.00,0.00,0.00,214.00,4299818.09,0.00
4.53,0.00,0.00,2381.00,4801.00,0.00,0.00,214.00,4285982.43,0.00
4.53,0.00,0.00,2373.00,4809.00,0.00,0.00,214.00,4272140.43,0.00
4.54,0.00,0.00,2364.00,4818.00,0.00,0.00,214.00,4258142.39,0.00
4.55,0.00,0.00,2357.00,4825.00,0.00,0.00,214.00,4244302.27,0.00
4.56,0.00,0.00,2344.00,4838.00,0.00,0.00,214.00,4229705.03,0.00
4.56,0.00,0.00,2340.00,4842.00,0.00,0.00,214.00,4215768.17,0.00
4.57,0.00,0.00,2336.00,4846.00,0.00,0.00,214.00,4202434.65,0.00
4.58,0.00,0.00,2323.00,4859.00,0.00,0.00,214.00,4188300.23,0.00
4.58,0.00,0.00,2314.00,4868.00,0.00,0.00,214.00,4174035.05,0.00
4.59,0.00,0.00,2304.00,4878.00,0.00,0.00,214.00,4159500.18,0.00
4.60,0.00,0.00,2295.00,4887.00,0.00,0.00,214.00,4144869.15,0.00
4.60,0.00,0.00,2285.00,4897.00,0.00,0.00,214.00,4130000.02,0.00
4.61,0.00,0.00,2281.00,4901.00,0.00,0.00,214.00,4115814.78,0.00
4.62,0.00,0.00,2275.00,4907.00,0.00,0.00,214.00,4101953.86,0.00
4.62,0.00,0.00,2265.00,4917.00,0.00,0.00,214.00,4087788.31,0.00
4.63,0.00,0.00,2261.00,4921.00,0.00,0.00,214.00,4074245.86,0.00
4.64,0.00,0.00,2255.00,4927.00,0.00,0.00,214.00,4060972.18,0.00
4.65,0.00,0.00,2242.00,4940.00,0.00,0.00,214.00,4046892.44,0.00
4.65,0.00,0.00,2234.00,4948.00,0.00,0.00,214.00,4032827.44,0.00
4.66,0.00,0.00,2225.00,4957.00,0.00,0.00,214.00,4018625.68,0.00
4.67,0.00,0.00,2220.00,4962.00,0.00,0.00,214.00,4004899.90,0.00
4.67,0.00,0.00,2212.00,4970.00,0.00,0.00,214.00,3991158.28,0.00
4.68,0.00,0.00,2203.00,4979.00,0.00,0.00,214.00,3977251.95,0.00
4.69,0.00,0.00,2197.00,4985.00,0.00,0.00,214.00,3963645.86,0.00
4.69,0.00,0.00,2193.00,4989.00,0.00,0.00,214.00,3950614.49,0.00
4.70,0.00,0.00,2190.00,4992.00,0.00,0.00,214.00,3938258.45,0.00
4.71,0.00,0.00,2186.00,4996.00,0.00,0.00,214.00,3926369.14,0.00
4.72,0.00,0.00,2181.00,5001.00,0.00,0.00,214.00,3914755.98,0.00
4.72,0.00,0.00,2176.00,5006.00,0.00,0.00,214.00,3903395.16,0.00
4.73,0.00,0.00,2171.00,5011.00,0.00,0.00,214.00,3892264.81,0.00
4.74,0.00,0.00,2163.00,5019.00,0.00,0.00,214.00,3880894.36,0.00
4.74,0.00,0.00,2155.00,5027.00,0.00,0.00,214.00,3869304.56,0.00
4.75,0.00,0.00,2148.00,5034.00,0.00,0.00,214.00,3857664.57,0.00
4.76,0.00,0.00,2139.00,5043.00,0.00,0.00,214.00,3845678.30,0.00
4.76,0.00,0.00,2132.00,5050.00,0.00,0.00,214.00,3833676.11,0.00
4.77,0.00,0.00,2125.00,5057.00,0.00,0.00,214.00,3821659.38,0.00
4.78,0.00,0.00,2119.00,5063.00,0.00,0.00,214.00,3809779.59,0.00
4.78,0.00,0.00,2112.00,5070.00,0.00,0.00,214.00,3797874.69,0.00
4.79,0.00,0.00,2106.00,5076.00,0.00,0.00,214.00,3786097.07,0.00
4.80,0.00,0.00,2102.00,5080.00,0.00,0.00,214.00,3774736.20,0.00
4.81,0.00,0.00,2096.00,5086.00,0.00,0.00,214.00,3763455.61,0.00
4.81,0.00,0.00,2090.00,5092.00,0.00,0.00,214.00,3752248.36,0.00
4.82,0.00,0.00,2082.00,5100.00,0.00,0.00,214.00,3740807.65,0.00
4.83,0.00,0.00,2073.00,5109.00,0.00,0.00,214.00,3729003.42,0.00
4.83,0.00,0.00,2064.00,5118.00,0.00,0.00,214.00,3716867.08,0.00
4.84,0.00,0.00,2054.00,5128.00,0.00,0.00,214.00,3704277.09,0.00
4.85,0.00,0.00,2050.00,5132.00,0.00,0.00,214.00,3692174.05,0.00
4.85,0.00,0.00,2044.00,5138.00,0.00,0.00,214.00,3680215.41,0.00
4.86,0.00,0.00,2037.00,5145.00,0.00,0.00,214.00,3668238.48,0.00
4.87,0.00,0.00,2025.00,5157.00,0.00,0.00,214.00,3655493.65,0.00
4.88,0.00,0.00,2021.00,5161.00,0.00,0.00,214.00,3643249.16,0.00
4.88,0.00,0.00,2015.00,5167.00,0.00,0.00,214.00,3631161.29,0.00
4.89,0.00,0.00,2013.00,5169.00,0.00,0.00,214.00,3619817.44,0.00
4.90,0.00,0.00,2002.00,5180.00,0.00,0.00,214.00,3607801.25,0.00
4.90,0.00,0.00,1995.00,5187.00,0.00,0.00,214.00,3595771.72,0.00
4.91,0.00,0.00,1989.00,5193.00,0.00,0.00,214.00,3583880.25,0.00
4.92,0.00,0.00,1984.00,5198.00,0.00,0.00,214.00,3572265.13,0.00
4.92,0.00,0.00,1976.00,5206.00,0.00,0.00,214.00,3560451.78,0.00
4.93,0.00,0.00,1972.00,5210.00,0.00,0.00,214.00,3549058.29,0.00
4.94,0.00,0.00,1959.00,5223.00,0.00,0.00,214.00,3536696.26,0.00
4.94,0.00,0.00,1953.00,5229.00,0.00,0.00,214.00,3524501.02,0.00
4.95,0.00,0.00,1941.00,5241.00,0.00,0.00,214.00,3511556.76,0.00
4.96,0.00,0.00,1933.00,5249.00,0.00,0.00,214.00,3498529.13,0.00
4.97,0.00,0.00,1928.00,5254.00,0.00,0.00,214.00,3485876.02,0.00
4.97,0.00,0.00,1922.00,5260.00,0.00,0.00,214.00,3473414.86,0.00
4.98,0.00,0.00,1918.00,5264.00,0.00,0.00,214.00,3461429.51,0.00
4.99,0.00,0.00,1911.00,5271.00,0.00,0.00,214.00,3449428.16,0.00
4.99,0.00,0.00,1907.00,5275.00,0.00,0.00,214.00,3437862.90,0.00
5.00,0.00,0.00,1901.00,5281.00,0.00,0.00,214.00,3426395.56,0.00
5.01,0.00,0.00,1892.00,5290.00,0.00,0.00,214.00,3414567.02,0.00
5.01,0.00,0.00,1888.00,5294.00,0.00,0.00,214.00,3403159.62,0.00
5.02,0.00,0.00,1876.00,5306.00,0.00,0.00,214.00,3390935.12,0.00
5.03,0.00,0.00,1869.00,5313.00,0.00,0.00,214.00,3378715.31,0.00
5.03,0.00,0.00,1864.00,5318.00,0.00,0.00,214.00,3366800.22,0.00
5.04,0.00,0.00,1857.00,5325.00,0.00,0.00,214.00,3354863.05,0.00
5.05,0.00,0.00,1850.00,5332.00,0.00,0.00,214.00,3342905.73,0.00
5.06,0.00,0.00,1842.00,5340.00,0.00,0.00,214.00,3330779.76,0.00
5.06,0.00,0.00,1832.00,5350.00,0.00,0.00,214.00,3318199.26,0.00
5.07,0.00,0.00,1823.00,5359.00,0.00,0.00,214.00,3305353.72,0.00
5.08,0.00,0.00,1814.00,5368.00,0.00,0.00,214.00,3292266.04,0.00
5.08,0.00,0.00,1794.00,5388.00,0.00,0.00,214.00,3277304.61,0.00
5.09,0.00,0.00,1789.00,5393.00,0.00,0.00,214.00,3262884.81,0.00
5.10,0.00,0.00,1784.00,5398.00,0.00,0.00,214.00,3248959.84,0.00
5.10,0.00,0.00,1781.00,5401.00,0.00,0.00,214.00,3235787.38,0.00
5.11,0.00,0.00,1773.00,5409.00,0.00,0.00,214.00,3222551.28,0.00
5.12,0.00,0.00,1764.00,5418.00,0.00,0.00,214.00,3209106.79,0.00
5.12,0.00,0.00,1758.00,5424.00,0.00,0.00,214.00,3195922.62,0.00
5.13,0.00,0.00,1754.00,5428.00,0.00,0.00,214.00,3183276.74,0.00
5.14,0.00,0.00,1750.00,5432.00,0.00,0.00,214.00,3171122.63,0.00
5.15,0.00,0.00,1743.00,5439.00,0.00,0.00,214.00,3158967.10,0.00
5.15,0.00,0.00,1734.00,5448.00,0.00,0.00,214.00,3146509.82,0.00
5.16,0.00,0.00,1720.00,5462.00,0.00,0.00,214.00,3133025.71,0.00
5.17,0.00,0.00,1712.00,5470.00,0.00,0.00,214.00,3119504.87,0.00
5.17,0.00,0.00,1706.00,5476.00,0.00,0.00,214.00,3106250.95,0.00
5.18,0.00,0.00,1700.00,5482.00,0.00,0.00,214.00,3093240.87,0.00
5.19,0.00,0.00,1696.00,5486.00,0.00,0.00,214.00,3080754.05,0.00
5.19,0.00,0.00,1691.00,5491.00,0.00,0.00,214.00,3068595.02,0.00
5.20,0.00,0.00,1685.00,5497.00,0.00,0.00,214.00,3056585.23,0.00
5.21,0.00,0.00,1680.00,5502.00,0.00,0.00,214.00,3044862.03,0.00
5.22,0.00,0.00,1670.00,5512.00,0.00,0.00,214.00,3032649.48,0.00
5.22,0.00,0.00,1660.00,5522.00,0.00,0.00,214.00,3019989.87,0.00
5.23,0.00,0.00,1655.00,5527.00,0.00,0.00,214.00,3007672.99,0.00
5.24,0.00,0.00,1649.00,5533.00,0.00,0.00,214.00,2995518.99,0.00
5.24,0.00,0.00,1639.00,5543.00,0.00,0.00,214.00,2982912.88,0.00
5.25,0.00,0.00,1631.00,5551.00,0.00,0.00,214.00,2970194.18,0.00
5.26,0.00,0.00,1622.00,5560.00,0.00,0.00,214.00,2957222.39,0.00
5.26,0.00,0.00,1608.00,5574.00,0.00,0.00,214.00,2943268.22,0.00
5.27,0.00,0.00,1599.00,5583.00,0.00,0.00,214.00,2929167.72,0.00
5.28,0.00,0.00,1596.00,5586.00,0.00,0.00,214.00,2915834.90,0.00
5.28,0.00,0.00,1591.00,5591.00,0.00,0.00,214.00,2902902.98,0.00
5.29,0.00,0.00,1583.00,5599.00,0.00,0.00,214.00,2889886.63,0.00
5.30,0.00,0.00,1580.00,5602.00,0.00,0.00,214.00,2877544.30,0.00
5.31,0.00,0.00,1571.00,5611.00,0.00,0.00,214.00,2864916.35,0.00
5.31,0.00,0.00,1562.00,5620.00,0.00,0.00,214.00,2852027.46,0.00
5.32,0.00,0.00,1555.00,5627.00,0.00,0.00,214.00,2839200.66,0.00
5.33,0.00,0.00,1553.00,5629.00,0.00,0.00,214.00,2827181.73,0.00
5.33,0.00,0.00,1546.00,5636.00,0.00,0.00,214.00,2815149.71,0.00
5.34,0.00,0.00,1537.00,5645.00,0.00,0.00,214.00,2802805.26,0.00
5.35,0.00,0.00,1531.00,5651.00,0.00,0.00,214.00,2790626.08,0.00
5.35,0.00,0.00,1523.00,5659.00,0.00,0.00,214.00,2778297.41,0.00
5.36,0.00,0.00,1519.00,5663.00,0.00,0.00,214.00,2766433.11,0.00
5.37,0.00,0.00,1512.00,5670.00,0.00,0.00,214.00,2754542.35,0.00
5.38,0.00,0.00,1507.00,5675.00,0.00,0.00,214.00,2742927.89,0.00
5.38,0.00,0.00,1501.00,5681.00,0.00,0.00,214.00,2731415.61,0.00
5.39,0.00,0.00,1493.00,5689.00,0.00,0.00,214.00,2719696.22,0.00
5.40,0.00,0.00,1489.00,5693.00,0.00,0.00,214.00,2708388.57,0.00
5.40,0.00,0.00,1483.00,5699.00,0.00,0.00,214.00,2697156.58,0.00
5.41,0.00,0.00,1474.00,5708.00,0.00,0.00,214.00,2685543.04,0.00
5.42,0.00,0.00,1466.00,5716.00,0.00,0.00,214.00,2673731.15,0.00
5.42,0.00,0.00,1455.00,5727.00,0.00,0.00,214.00,2661287.35,0.00
5.43,0.00,0.00,1450.00,5732.00,0.00,0.00,214.00,2649167.63,0.00
5.44,0.00,0.00,1447.00,5735.00,0.00,0.00,214.00,2637644.44,0.00
5.44,0.00,0.00,1439.00,5743.00,0.00,0.00,214.00,2625915.10,0.00
5.45,0.00,0.00,1432.00,5750.00,0.00,0.00,214.00,2614147.65,0.00
5.46,0.00,0.00,1419.00,5763.00,0.00,0.00,214.00,2601443.98,0.00
5.47,0.00,0.00,1413.00,5769.00,0.00,0.00,214.00,2588936.62,0.00
5.47,0.00,0.00,1406.00,5776.00,0.00,0.00,214.00,2576458.37,0.00
5.48,0.00,0.00,1399.00,5783.00,0.00,0.00,214.00,2564006.71,0.00
5.49,0.00,0.00,1392.00,5790.00,0.00,0.00,214.00,2551579.35,0.00
5.49,0.00,0.00,1386.00,5796.00,0.00,0.00,214.00,2539324.42,0.00
5.50,0.00,0.00,1380.00,5802.00,0.00,0.00,214.00,2527227.02,0.00
5.51,0.00,0.00,1372.00,5810.00,0.00,0.00,214.00,2514973.07,0.00
5.51,0.00,0.00,1368.00,5814.00,0.00,0.00,214.00,2503177.03,0.00
5.52,0.00,0.00,1359.00,5823.00,0.00,0.00,214.00,2491048.18,0.00
5.53,0.00,0.00,1355.00,5827.00,0.00,0.00,214.00,2479366.42,0.00
5.53,0.00,0.00,1346.00,5836.00,0.00,0.00,214.00,2467341.97,0.00
5.54,0.00,0.00,1343.00,5839.00,0.00,0.00,214.00,2455905.83,0.00
5.55,0.00,0.00,1333.00,5849.00,0.00,0.00,214.00,2443955.55,0.00
5.56,0.00,0.00,1327.00,5855.00,0.00,0.00,214.00,2432136.47,0.00
5.56,0.00,0.00,1318.00,5864.00,0.00,0.00,214.00,2419986.57,0.00
5.57,0.00,0.00,1316.00,5866.00,0.00,0.00,214.00,2408586.04,0.00
5.58,0.00,0.00,1309.00,5873.00,0.00,0.00,214.00,2397118.99,0.00
5.58,0.00,0.00,1303.00,5879.00,0.00,0.00,214.00,2385741.39,0.00
5.59,0.00,0.00,1296.00,5886.00,0.00,0.00,214.00,2374295.27,0.00
5.60,0.00,0.00,1285.00,5897.00,0.00,0.00,214.00,2362185.64,0.00
5.60,0.00,0.00,1276.00,5906.00,0.00,0.00,214.00,2349770.30,0.00
5.61,0.00,0.00,1272.00,5910.00,0.00,0.00,214.00,2337826.81,0.00
5.62,0.00,0.00,1264.00,5918.00,0.00,0.00,214.00,2325713.46,0.00
5.62,0.00,0.00,1252.00,5930.00,0.00,0.00,214.00,2312844.04,0.00
5.63,0.00,0.00,1240.00,5942.00,0.00,0.00,214.00,2299283.85,0.00
5.64,0.00,0.00,1234.00,5948.00,0.00,0.00,214.00,2285993.98,0.00
5.65,0.00,0.00,1229.00,5953.00,0.00,0.00,214.00,2273101.30,0.00
5.65,0.00,0.00,1223.00,5959.00,0.00,0.00,214.00,2260421.24,0.00
5.66,0.00,0.00,1215.00,5967.00,0.00,0.00,214.00,2247635.00,0.00
5.67,0.00,0.00,1210.00,5972.00,0.00,0.00,214.00,2235202.42,0.00
5.67,0.00,0.00,1202.00,5980.00,0.00,0.00,214.00,2222642.26,0.00
5.68,0.00,0.00,1199.00,5983.00,0.00,0.00,214.00,2210716.70,0.00
5.69,0.00,0.00,1194.00,5988.00,0.00,0.00,214.00,2199070.44,0.00
5.69,0.00,0.00,1186.00,5996.00,0.00,0.00,214.00,2187228.65,0.00
5.70,0.00,0.00,1176.00,6006.00,0.00,0.00,214.00,2174907.76,0.00
5.71,0.00,0.00,1171.00,6011.00,0.00,0.00,214.00,2162900.34,0.00
5.72,0.00,0.00,1166.00,6016.00,0.00,0.00,214.00,2151179.29,0.00
5.72,0.00,0.00,1160.00,6022.00,0.00,0.00,214.00,2139569.64,0.00
5.73,0.00,0.00,1156.00,6026.00,0.00,0.00,214.00,2128362.22,0.00
5.74,0.00,0.00,1149.00,6033.00,0.00,0.00,214.00,2117071.59,0.00
5.74,0.00,0.00,1146.00,6036.00,0.00,0.00,214.00,2106305.86,0.00
5.75,0.00,0.00,1142.00,6040.00,0.00,0.00,214.00,2095869.44,0.00
5.76,0.00,0.00,1136.00,6046.00,0.00,0.00,214.00,2085433.42,0.00
5.76,0.00,0.00,1131.00,6051.00,0.00,0.00,214.00,2075148.00,0.00
5.77,0.00,0.00,1125.00,6057.00,0.00,0.00,214.00,2064849.92,0.00
5.78,0.00,0.00,1117.00,6065.00,0.00,0.00,214.00,2054239.83,0.00
5.78,0.00,0.00,1103.00,6079.00,0.00,0.00,214.00,2042443.28,0.00
5.79,0.00,0.00,1099.00,6083.00,0.00,0.00,214.00,2031065.12,0.00
5.80,0.00,0.00,1094.00,6088.00,0.00,0.00,214.00,2019918.96,0.00
5.81,0.00,0.00,1086.00,6096.00,0.00,0.00,214.00,2008534.06,0.00
5.81,0.00,0.00,1079.00,6103.00,0.00,0.00,214.00,1997081.29,0.00
5.82,0.00,0.00,1072.00,6110.00,0.00,0.00,214.00,1985566.50,0.00
5.83,0.00,0.00,1067.00,6115.00,0.00,0.00,214.00,1974295.52,0.00
5.83,0.00,0.00,1059.00,6123.00,0.00,0.00,214.00,1962796.59,0.00
5.84,0.00,0.00,1051.00,6131.00,0.00,0.00,214.00,1951089.39,0.00
5.85,0.00,0.00,1044.00,6138.00,0.00,0.00,214.00,1939342.17,0.00
5.85,0.00,0.00,1040.00,6142.00,0.00,0.00,214.00,1928009.08,0.00
5.86,0.00,0.00,1034.00,6148.00,0.00,0.00,214.00,1916753.85,0.00
5.87,0.00,0.00,1026.00,6156.00,0.00,0.00,214.00,1905269.31,0.00
5.88,0.00,0.00,1021.00,6161.00,0.00,0.00,214.00,1894025.97,0.00
5.88,0.00,0.00,1013.00,6169.00,0.00,0.00,214.00,1882552.29,0.00
5.89,0.00,0.00,1008.00,6174.00,0.00,0.00,214.00,1871318.86,0.00
5.90,0.00,0.00,1004.00,6178.00,0.00,0.00,214.00,1860455.15,0.00
5.90,0.00,0.00,996.00,6186.00,0.00,0.00,214.00,1849328.30,0.00
5.91,0.00,0.00,992.00,6190.00,0.00,0.00,214.00,1838561.97,0.00
5.92,0.00,0.00,986.00,6196.00,0.00,0.00,214.00,1827824.55,0.00
5.92,0.00,0.00,975.00,6207.00,0.00,0.00,214.00,1816362.37,0.00
5.93,0.00,0.00,967.00,6215.00,0.00,0.00,214.00,1804688.75,0.00
5.94,0.00,0.00,961.00,6221.00,0.00,0.00,214.00,1793122.45,0.00
5.94,0.00,0.00,956.00,6226.00,0.00,0.00,214.00,1781804.40,0.00
5.95,0.00,0.00,953.00,6229.00,0.00,0.00,214.00,1771013.62,0.00
5.96,0.00,0.00,951.00,6231.00,0.00,0.00,214.00,1760854.78,0.00
5.97,0.00,0.00,945.00,6237.00,0.00,0.00,214.00,1750672.35,0.00
5.97,0.00,0.00,941.00,6241.00,0.00,0.00,214.00,1740768.84,0.00
5.98,0.00,0.00,937.00,6245.00,0.00,0.00,214.00,1731120.13,0.00
5.99,0.00,0.00,931.00,6251.00,0.00,0.00,214.00,1721403.77,0.00
5.99,0.00,0.00,929.00,6253.00,0.00,0.00,214.00,1712226.50,0.00
6.00,0.00,0.00,922.00,6260.00,0.00,0.00,214.00,1702790.60,0.00
6.01,0.00,0.00,918.00,6264.00,0.00,0.00,214.00,1693569.10,0.00
6.01,0.00,0.00,911.00,6271.00,0.00,0.00,214.00,1684092.80,0.00
6.02,0.00,0.00,906.00,6276.00,0.00,0.00,214.00,1674684.15,0.00
6.03,0.00,0.00,900.00,6282.00,0.00,0.00,214.00,1665187.10,0.00
6.03,0.00,0.00,894.00,6288.00,0.00,0.00,214.00,1655609.28,0.00
6.04,0.00,0.00,890.00,6292.00,0.00,0.00,214.00,1646258.12,0.00
6.05,0.00,0.00,888.00,6294.00,0.00,0.00,214.00,1637414.52,0.00
6.06,0.00,0.00,881.00,6301.00,0.00,0.00,214.00,1628283.45,0.00
6.06,0.00,0.00,877.00,6305.00,0.00,0.00,214.00,1619340.44,0.00
6.07,0.00,0.00,869.00,6313.00,0.00,0.00,214.00,1609968.33,0.00
6.08,0.00,0.00,860.00,6322.00,0.00,0.00,214.00,1600053.96,0.00
6.08,0.00,0.00,852.00,6330.00,0.00,0.00,214.00,1589794.42,0.00
6.09,0.00,0.00,844.00,6338.00,0.00,0.00,214.00,1579219.51,0.00
6.10,0.00,0.00,838.00,6344.00,0.00,0.00,214.00,1568656.98,0.00
6.10,0.00,0.00,832.00,6350.00,0.00,0.00,214.00,1558105.74,0.00
6.11,0.00,0.00,823.00,6359.00,0.00,0.00,214.00,1547114.12,0.00
6.12,0.00,0.00,816.00,6366.00,0.00,0.00,214.00,1536020.64,0.00
6.12,0.00,0.00,809.00,6373.00,0.00,0.00,214.00,1524834.11,0.00
6.13,0.00,0.00,802.00,6380.00,0.00,0.00,214.00,1513562.55,0.00
6.14,0.00,0.00,799.00,6383.00,0.00,0.00,214.00,1502814.25,0.00
6.15,0.00,0.00,792.00,6390.00,0.00,0.00,214.00,1491943.06,0.00
6.15,0.00,0.00,788.00,6394.00,0.00,0.00,214.00,1481410.30,0.00
6.16,0.00,0.00,780.00,6402.00,0.00,0.00,214.00,1470585.80,0.00
6.17,0.00,0.00,769.00,6413.00,0.00,0.00,214.00,1459044.07,0.00
6.17,0.00,0.00,761.00,6421.00,0.00,0.00,214.00,1447297.77,0.00
6.18,0.00,0.00,753.00,6429.00,0.00,0.00,214.00,1435364.60,0.00
6.19,0.00,0.00,749.00,6433.00,0.00,0.00,214.00,1423861.62,0.00
6.19,0.00,0.00,743.00,6439.00,0.00,0.00,214.00,1412451.19,0.00
6.20,0.00,0.00,740.00,6442.00,0.00,0.00,214.00,1401576.02,0.00
6.21,0.00,0.00,736.00,6446.00,0.00,0.00,214.00,1391039.62,0.00
6.22,0.00,0.00,726.00,6456.00,0.00,0.00,214.00,1379911.32,0.00
6.22,0.00,0.00,721.00,6461.00,0.00,0.00,214.00,1368993.44,0.00
6.23,0.00,0.00,716.00,6466.00,0.00,0.00,214.00,1358267.79,0.00
6.24,0.00,0.00,706.00,6476.00,0.00,0.00,214.00,1346966.60,0.00
6.24,0.00,0.00,703.00,6479.00,0.00,0.00,214.00,1336191.23,0.00
6.25,0.00,0.00,699.00,6483.00,0.00,0.00,214.00,1325746.00,0.00
6.26,0.00,0.00,695.00,6487.00,0.00,0.00,214.00,1315602.40,0.00
6.26,0.00,0.00,690.00,6492.00,0.00,0.00,214.00,1305584.12,0.00
6.27,0.00,0.00,682.00,6500.00,0.00,0.00,214.00,1295229.64,0.00
6.28,0.00,0.00,677.00,6505.00,0.00,0.00,214.00,1285018.71,0.00
6.28,0.00,0.00,671.00,6511.00,0.00,0.00,214.00,1274788.70,0.00
6.29,0.00,0.00,667.00,6515.00,0.00,0.00,214.00,1264841.71,0.00
6.30,0.00,0.00,661.00,6521.00,0.00,0.00,214.00,1254852.82,0.00
6.31,0.00,0.00,659.00,6523.00,0.00,0.00,214.00,1245426.59,0.00
6.31,0.00,0.00,653.00,6529.00,0.00,0.00,214.00,1235913.47,0.00
6.32,0.00,0.00,645.00,6537.00,0.00,0.00,214.00,1226020.50,0.00
6.33,0.00,0.00,638.00,6544.00,0.00,0.00,214.00,1215930.74,0.00
6.33,0.00,0.00,630.00,6552.00,0.00,0.00,214.00,1205510.95,0.00
6.34,0.00,0.00,624.00,6558.00,0.00,0.00,214.00,1195090.13,0.00
6.35,0.00,0.00,619.00,6563.00,0.00,0.00,214.00,1184818.59,0.00
6.35,0.00,0.00,612.00,6570.00,0.00,0.00,214.00,1174382.97,0.00
6.36,0.00,0.00,608.00,6574.00,0.00,0.00,214.00,1164248.14,0.00
6.37,0.00,0.00,602.00,6580.00,0.00,0.00,214.00,1154087.65,0.00
6.38,0.00,0.00,592.00,6590.00,0.00,0.00,214.00,1143302.78,0.00
6.38,0.00,0.00,587.00,6595.00,0.00,0.00,214.00,1132698.65,0.00
6.39,0.00,0.00,576.00,6606.00,0.00,0.00,214.00,1121358.25,0.00
6.40,0.00,0.00,571.00,6611.00,0.00,0.00,214.00,1110246.59,0.00
6.40,0.00,0.00,569.00,6613.00,0.00,0.00,214.00,1099794.60,0.00
6.41,0.00,0.00,565.00,6617.00,0.00,0.00,214.00,1089644.81,0.00
6.42,0.00,0.00,560.00,6622.00,0.00,0.00,214.00,1079620.89,0.00
6.42,0.00,0.00,552.00,6630.00,0.00,0.00,214.00,1069261.26,0.00
6.43,0.00,0.00,548.00,6634.00,0.00,0.00,214.00,1059195.85,0.00
6.44,0.00,0.00,542.00,6640.00,0.00,0.00,214.00,1049098.78,0.00
6.44,0.00,0.00,535.00,6647.00,0.00,0.00,214.00,1038822.55,0.00
6.45,0.00,0.00,532.00,6650.00,0.00,0.00,214.00,1028983.58,0.00
6.46,0.00,0.00,526.00,6656.00,0.00,0.00,214.00,1019093.37,0.00
6.47,0.00,0.00,521.00,6661.00,0.00,0.00,214.00,1009306.59,0.00
6.47,0.00,0.00,517.00,6665.00,0.00,0.00,214.00,999764.55,0.00
6.48,0.00,0.00,510.00,6672.00,0.00,0.00,214.00,989995.38,0.00
6.49,0.00,0.00,501.00,6681.00,0.00,0.00,214.00,979718.26,0.00
6.49,0.00,0.00,496.00,6686.00,0.00,0.00,214.00,969578.01,0.00
6.50,0.00,0.00,492.00,6690.00,0.00,0.00,214.00,959713.02,0.00
6.51,0.00,0.00,486.00,6696.00,0.00,0.00,214.00,949799.06,0.00
6.51,0.00,0.00,484.00,6698.00,0.00,0.00,214.00,940441.28,0.00
6.52,0.00,0.00,478.00,6704.00,0.00,0.00,214.00,930990.68,0.00
6.53,0.00,0.00,473.00,6709.00,0.00,0.00,214.00,921605.54,0.00
6.53,0.00,0.00,466.00,6716.00,0.00,0.00,214.00,911979.72,0.00
6.54,0.00,0.00,460.00,6722.00,0.00,0.00,214.00,902284.25,0.00
6.55,0.00,0.00,456.00,6726.00,0.00,0.00,214.00,892825.63,0.00
6.56,0.00,0.00,451.00,6731.00,0.00,0.00,214.00,883433.14,0.00
6.56,0.00,0.00,444.00,6738.00,0.00,0.00,214.00,873800.61,0.00
6.57,0.00,0.00,437.00,6745.00,0.00,0.00,214.00,863948.79,0.00
6.58,0.00,0.00,433.00,6749.00,0.00,0.00,214.00,854347.31,0.00
6.58,0.00,0.00,431.00,6751.00,0.00,0.00,214.00,845275.01,0.00
6.59,0.00,0.00,425.00,6757.00,0.00,0.00,214.00,836085.23,0.00
6.60,0.00,0.00,418.00,6764.00,0.00,0.00,214.00,826637.90,0.00
6.60,0.00,0.00,411.00,6771.00,0.00,0.00,214.00,816955.28,0.00
6.61,0.00,0.00,405.00,6777.00,0.00,0.00,214.00,807207.91,0.00
6.62,0.00,0.00,402.00,6780.00,0.00,0.00,214.00,797852.10,0.00
6.62,0.00,0.00,395.00,6787.00,0.00,0.00,214.00,788253.08,0.00
6.63,0.00,0.00,388.00,6794.00,0.00,0.00,214.00,778431.87,0.00
6.64,0.00,0.00,385.00,6797.00,0.00,0.00,214.00,769008.59,0.00
6.65,0.00,0.00,381.00,6801.00,0.00,0.00,214.00,759798.62,0.00
6.65,0.00,0.00,375.00,6807.00,0.00,0.00,214.00,750483.08,0.00
6.66,0.00,0.00,369.00,6813.00,0.00,0.00,214.00,741071.09,0.00
6.67,0.00,0.00,369.00,6813.00,0.00,0.00,214.00,732472.36,0.00
6.67,0.00,0.00,363.00,6819.00,0.00,0.00,214.00,723715.23,0.00
6.68,0.00,0.00,357.00,6825.00,0.00,0.00,214.00,714813.40,0.00
6.69,0.00,0.00,353.00,6829.00,0.00,0.00,214.00,706079.83,0.00
6.69,0.00,0.00,349.00,6833.00,0.00,0.00,214.00,697499.98,0.00
6.70,0.00,0.00,346.00,6836.00,0.00,0.00,214.00,689210.80,0.00
6.71,0.00,0.00,341.00,6841.00,0.00,0.00,214.00,680886.71,0.00
6.72,0.00,0.00,338.00,6844.00,0.00,0.00,214.00,672831.19,0.00
6.72,0.00,0.00,335.00,6847.00,0.00,0.00,214.00,665021.03,0.00
6.73,0.00,0.00,328.00,6854.00,0.00,0.00,214.00,656834.11,0.00
6.74,0.00,0.00,325.00,6857.00,0.00,0.00,214.00,648903.91,0.00
6.74,0.00,0.00,323.00,6859.00,0.00,0.00,214.00,641358.47,0.00
6.75,0.00,0.00,319.00,6863.00,0.00,0.00,214.00,633864.09,0.00
6.76,0.00,0.00,318.00,6864.00,0.00,0.00,214.00,626867.05,0.00
6.76,0.00,0.00,315.00,6867.00,0.00,0.00,214.00,620023.92,0.00
6.77,0.00,0.00,309.00,6873.00,0.00,0.00,214.00,612870.69,0.00
6.78,0.00,0.00,305.00,6877.00,0.00,0.00,214.00,605734.63,0.00
6.78,0.00,0.00,301.00,6881.00,0.00,0.00,214.00,598614.25,0.00
6.79,0.00,0.00,294.00,6888.00,0.00,0.00,214.00,591057.51,0.00
6.80,0.00,0.00,289.00,6893.00,0.00,0.00,214.00,583402.57,0.00
6.81,0.00,0.00,284.00,6898.00,0.00,0.00,214.00,575657.92,0.00
6.81,0.00,0.00,282.00,6900.00,0.00,0.00,214.00,568282.00,0.00
6.82,0.00,0.00,280.00,6902.00,0.00,0.00,214.00,561242.95,0.00
6.83,0.00,0.00,276.00,6906.00,0.00,0.00,214.00,554211.20,0.00
6.83,0.00,0.00,274.00,6908.00,0.00,0.00,214.00,547486.59,0.00
6.84,0.00,0.00,272.00,6910.00,0.00,0.00,214.00,541042.57,0.00
6.85,0.00,0.00,269.00,6913.00,0.00,0.00,214.00,534704.67,0.00
6.85,0.00,0.00,264.00,6918.00,0.00,0.00,214.00,528163.26,0.00
6.86,0.00,0.00,259.00,6923.00,0.00,0.00,214.00,521435.91,0.00
6.87,0.00,0.00,257.00,6925.00,0.00,0.00,214.00,514989.39,0.00
6.88,0.00,0.00,253.00,6929.00,0.00,0.00,214.00,508498.98,0.00
6.88,0.00,0.00,247.00,6935.00,0.00,0.00,214.00,501668.00,0.00
6.89,0.00,0.00,245.00,6937.00,0.00,0.00,214.00,495126.80,0.00
6.90,0.00,0.00,243.00,6939.00,0.00,0.00,214.00,488850.35,0.00
6.90,0.00,0.00,237.00,6945.00,0.00,0.00,214.00,482214.85,0.00
6.91,0.00,0.00,233.00,6949.00,0.00,0.00,214.00,475551.77,0.00
6.92,0.00,0.00,231.00,6951.00,0.00,0.00,214.00,469163.98,0.00
6.92,0.00,0.00,230.00,6952.00,0.00,0.00,214.00,463177.90,0.00
6.93,0.00,0.00,229.00,6953.00,0.00,0.00,214.00,457558.84,0.00
6.94,0.00,0.00,228.00,6954.00,0.00,0.00,214.00,452275.07,0.00
6.94,0.00,0.00,223.00,6959.00,0.00,0.00,214.00,446696.71,0.00
6.95,0.00,0.00,219.00,6963.00,0.00,0.00,214.00,440999.43,0.00
6.96,0.00,0.00,218.00,6964.00,0.00,0.00,214.00,435644.21,0.00
6.97,0.00,0.00,215.00,6967.00,0.00,0.00,214.00,430301.02,0.00
6.97,0.00,0.00,211.00,6971.00,0.00,0.00,214.00,424818.60,0.00
6.98,0.00,0.00,210.00,6972.00,0.00,0.00,214.00,419659.67,0.00
6.99,0.00,0.00,205.00,6977.00,0.00,0.00,214.00,414195.36,0.00
6.99,0.00,0.00,203.00,6979.00,0.00,0.00,214.00,408902.74,0.00
7.00,0.00,0.00,201.00,6981.00,0.00,0.00,214.00,403766.98,0.00
7.01,0.00,0.00,197.00,6985.00,0.00,0.00,214.00,398474.06,0.00
7.01,0.00,0.00,197.00,6985.00,0.00,0.00,214.00,393638.49,0.00
7.02,0.00,0.00,193.00,6989.00,0.00,0.00,214.00,388619.82,0.00
7.03,0.00,0.00,191.00,6991.00,0.00,0.00,214.00,383734.34,0.00
7.03,0.00,0.00,188.00,6994.00,0.00,0.00,214.00,378820.31,0.00
7.04,0.00,0.00,182.00,7000.00,0.00,0.00,214.00,373429.50,0.00
7.05,0.00,0.00,179.00,7003.00,0.00,0.00,214.00,368053.81,0.00
7.06,0.00,0.00,177.00,7005.00,0.00,0.00,214.00,362842.15,0.00
7.06,0.00,0.00,175.00,7007.00,0.00,0.00,214.00,357780.35,0.00
7.07,0.00,0.00,171.00,7011.00,0.00,0.00,214.00,352555.01,0.00
7.08,0.00,0.00,169.00,7013.00,0.00,0.00,214.00,347480.71,0.00
7.08,0.00,0.00,167.00,7015.00,0.00,0.00,214.00,342544.40,0.00
7.09,0.00,0.00,162.00,7020.00,0.00,0.00,214.00,337283.48,0.00
7.10,0.00,0.00,159.00,7023.00,0.00,0.00,214.00,332026.44,0.00
7.10,0.00,0.00,158.00,7024.00,0.00,0.00,214.00,327073.42,0.00
7.11,0.00,0.00,156.00,7026.00,0.00,0.00,214.00,322247.92,0.00
7.12,0.00,0.00,155.00,7027.00,0.00,0.00,214.00,317689.14,0.00
7.12,0.00,0.00,154.00,7028.00,0.00,0.00,214.00,313374.05,0.00
7.13,0.00,0.00,153.00,7029.00,0.00,0.00,214.00,309281.57,0.00
7.14,0.00,0.00,151.00,7031.00,0.00,0.00,214.00,305242.26,0.00
7.15,0.00,0.00,145.00,7037.00,0.00,0.00,214.00,300650.59,0.00
7.15,0.00,0.00,142.00,7040.00,0.00,0.00,214.00,296004.98,0.00
7.16,0.00,0.00,141.00,7041.00,0.00,0.00,214.00,291610.55,0.00
7.17,0.00,0.00,139.00,7043.00,0.00,0.00,214.00,287295.37,0.00
7.17,0.00,0.00,138.00,7044.00,0.00,0.00,214.00,283202.82,0.00
7.18,0.00,0.00,137.00,7045.00,0.00,0.00,214.00,279313.67,0.00
7.19,0.00,0.00,136.00,7046.00,0.00,0.00,214.00,275610.34,0.00
7.19,0.00,0.00,135.00,7047.00,0.00,0.00,214.00,272076.77,0.00
7.20,0.00,0.00,132.00,7050.00,0.00,0.00,214.00,268397.83,0.00
7.21,0.00,0.00,130.00,7052.00,0.00,0.00,214.00,264736.32,0.00
7.22,0.00,0.00,126.00,7056.00,0.00,0.00,214.00,260790.27,0.00
7.22,0.00,0.00,121.00,7061.00,0.00,0.00,214.00,256434.03,0.00
7.23,0.00,0.00,121.00,7061.00,0.00,0.00,214.00,252454.20,0.00
7.24,0.00,0.00,118.00,7064.00,0.00,0.00,214.00,248367.56,0.00
7.24,0.00,0.00,115.00,7067.00,0.00,0.00,214.00,244183.35,0.00
7.25,0.00,0.00,115.00,7067.00,0.00,0.00,214.00,240360.68,0.00
7.26,0.00,0.00,114.00,7068.00,0.00,0.00,214.00,236718.09,0.00
7.26,0.00,0.00,112.00,7070.00,0.00,0.00,214.00,233089.78,0.00
7.27,0.00,0.00,108.00,7074.00,0.00,0.00,214.00,229174.06,0.00
7.28,0.00,0.00,108.00,7074.00,0.00,0.00,214.00,225596.69,0.00
7.28,0.00,0.00,107.00,7075.00,0.00,0.00,214.00,222178.20,0.00
7.29,0.00,0.00,105.00,7077.00,0.00,0.00,214.00,218754.63,0.00
7.30,0.00,0.00,104.00,7078.00,0.00,0.00,214.00,215476.65,0.00
7.31,0.00,0.00,103.00,7079.00,0.00,0.00,214.00,212331.68,0.00
7.31,0.00,0.00,101.00,7081.00,0.00,0.00,214.00,209158.00,0.00
7.32,0.00,0.00,100.00,7082.00,0.00,0.00,214.00,206108.32,0.00
7.33,0.00,0.00,98.00,7084.00,0.00,0.00,214.00,203021.68,0.00
7.33,0.00,0.00,96.00,7086.00,0.00,0.00,214.00,199901.30,0.00
7.34,0.00,0.00,96.00,7086.00,0.00,0.00,214.00,197050.54,0.00
7.35,0.00,0.00,95.00,7087.00,0.00,0.00,214.00,194295.87,0.00
7.35,0.00,0.00,89.00,7093.00,0.00,0.00,214.00,190877.84,0.00
7.36,0.00,0.00,87.00,7095.00,0.00,0.00,214.00,187454.69,0.00
7.37,0.00,0.00,87.00,7095.00,0.00,0.00,214.00,184327.33,0.00
7.38,0.00,0.00,86.00,7096.00,0.00,0.00,214.00,181319.96,0.00
7.38,0.00,0.00,82.00,7100.00,0.00,0.00,214.00,177971.53,0.00
7.39,0.00,0.00,79.00,7103.00,0.00,0.00,214.00,174461.73,0.00
7.40,0.00,0.00,78.00,7104.00,0.00,0.00,214.00,171104.97,0.00
7.40,0.00,0.00,77.00,7105.00,0.00,0.00,214.00,167888.03,0.00
7.41,0.00,0.00,75.00,7107.00,0.00,0.00,214.00,164648.60,0.00
7.42,0.00,0.00,75.00,7107.00,0.00,0.00,214.00,161689.08,0.00
7.42,0.00,0.00,75.00,7107.00,0.00,0.00,214.00,158985.28,0.00
7.43,0.00,0.00,74.00,7108.00,0.00,0.00,214.00,156364.88,0.00
7.44,0.00,0.00,73.00,7109.00,0.00,0.00,214.00,153820.67,0.00
7.44,0.00,0.00,72.00,7110.00,0.00,0.00,214.00,151346.07,0.00
7.45,0.00,0.00,72.00,7110.00,0.00,0.00,214.00,149085.29,0.00
7.46,0.00,0.00,71.00,7111.00,0.00,0.00,214.00,146869.63,0.00
7.47,0.00,0.00,70.00,7112.00,0.00,0.00,214.00,144695.19,0.00
7.47,0.00,0.00,68.00,7114.00,0.00,0.00,214.00,142408.17,0.00
7.48,0.00,0.00,64.00,7118.00,0.00,0.00,214.00,139717.84,0.00
7.49,0.00,0.00,63.00,7119.00,0.00,0.00,214.00,137109.75,0.00
7.49,0.00,0.00,62.00,7120.00,0.00,0.00,214.00,134576.78,0.00
7.50,0.00,0.00,62.00,7120.00,0.00,0.00,214.00,132262.68,0.00
7.51,0.00,0.00,59.00,7123.00,0.00,0.00,214.00,129697.84,0.00
7.51,0.00,0.00,58.00,7124.00,0.00,0.00,214.00,127204.40,0.00
7.52,0.00,0.00,56.00,7126.00,0.00,0.00,214.00,124625.94,0.00
7.53,0.00,0.00,54.00,7128.00,0.00,0.00,214.00,121969.81,0.00
7.53,0.00,0.00,53.00,7129.00,0.00,0.00,214.00,119392.97,0.00
7.54,0.00,0.00,50.00,7132.00,0.00,0.00,214.00,116588.09,0.00
7.55,0.00,0.00,48.00,7134.00,0.00,0.00,214.00,113725.11,0.00
7.56,0.00,0.00,46.00,7136.00,0.00,0.00,214.00,110809.05,0.00
7.56,0.00,0.00,46.00,7136.00,0.00,0.00,214.00,108144.96,0.00
7.57,0.00,0.00,45.00,7137.00,0.00,0.00,214.00,105560.83,0.00
7.58,0.00,0.00,45.00,7137.00,0.00,0.00,214.00,103200.00,0.00
7.58,0.00,0.00,44.00,7138.00,0.00,0.00,214.00,100892.92,0.00
7.59,0.00,0.00,43.00,7139.00,0.00,0.00,214.00,98634.97,0.00
7.60,0.00,0.00,41.00,7141.00,0.00,0.00,214.00,96271.65,0.00
7.60,0.00,0.00,39.00,7143.00,0.00,0.00,214.00,93812.08,0.00
7.61,0.00,0.00,38.00,7144.00,0.00,0.00,214.00,91414.80,0.00
7.62,0.00,0.00,38.00,7144.00,0.00,0.00,214.00,89224.67,0.00
7.62,0.00,0.00,37.00,7145.00,0.00,0.00,214.00,87073.55,0.00
7.63,0.00,0.00,36.00,7146.00,0.00,0.00,214.00,84958.07,0.00
7.64,0.00,0.00,36.00,7146.00,0.00,0.00,214.00,83025.39,0.00
7.65,0.00,0.00,36.00,7146.00,0.00,0.00,214.00,81259.70,0.00
7.65,0.00,0.00,35.00,7147.00,0.00,0.00,214.00,79496.35,0.00
7.66,0.00,0.00,35.00,7147.00,0.00,0.00,214.00,77885.36,0.00
7.67,0.00,0.00,33.00,7149.00,0.00,0.00,214.00,76113.12,0.00
7.67,0.00,0.00,33.00,7149.00,0.00,0.00,214.00,74494.01,0.00
7.68,0.00,0.00,33.00,7149.00,0.00,0.00,214.00,73014.80,0.00
7.69,0.00,0.00,33.00,7149.00,0.00,0.00,214.00,71663.41,0.00
7.69,0.00,0.00,32.00,7150.00,0.00,0.00,214.00,70278.56,0.00
7.70,0.00,0.00,31.00,7151.00,0.00,0.00,214.00,68863.14,0.00
7.71,0.00,0.00,31.00,7151.00,0.00,0.00,214.00,67570.02,0.00
7.72,0.00,0.00,28.00,7154.00,0.00,0.00,214.00,65937.94,0.00
7.72,0.00,0.00,27.00,7155.00,0.00,0.00,214.00,64296.65,0.00
7.73,0.00,0.00,27.00,7155.00,0.00,0.00,214.00,62797.19,0.00
7.74,0.00,0.00,26.00,7156.00,0.00,0.00,214.00,61277.05,0.00
7.74,0.00,0.00,26.00,7156.00,0.00,0.00,214.00,59888.27,0.00
7.75,0.00,0.00,24.00,7158.00,0.00,0.00,214.00,58319.03,0.00
7.76,0.00,0.00,24.00,7158.00,0.00,0.00,214.00,56885.38,0.00
7.76,0.00,0.00,24.00,7158.00,0.00,0.00,214.00,55575.61,0.00
7.77,0.00,0.00,24.00,7158.00,0.00,0.00,214.00,54379.01,0.00
7.78,0.00,0.00,23.00,7159.00,0.00,0.00,214.00,53135.58,0.00
7.78,0.00,0.00,23.00,7159.00,0.00,0.00,214.00,51999.59,0.00
7.79,0.00,0.00,22.00,7160.00,0.00,0.00,214.00,50811.52,0.00
7.80,0.00,0.00,21.00,7161.00,0.00,0.00,214.00,49575.88,0.00
7.81,0.00,0.00,20.00,7162.00,0.00,0.00,214.00,48296.78,0.00
7.81,0.00,0.00,19.00,7163.00,0.00,0.00,214.00,46977.97,0.00
7.82,0.00,0.00,18.00,7164.00,0.00,0.00,214.00,45622.89,0.00
7.83,0.00,0.00,17.00,7165.00,0.00,0.00,214.00,44234.66,0.00
7.83,0.00,0.00,17.00,7165.00,0.00,0.00,214.00,42966.39,0.00
7.84,0.00,0.00,17.00,7165.00,0.00,0.00,214.00,41807.70,0.00
7.85,0.00,0.00,17.00,7165.00,0.00,0.00,214.00,40749.14,0.00
7.85,0.00,0.00,17.00,7165.00,0.00,0.00,214.00,39782.04,0.00
7.86,0.00,0.00,15.00,7167.00,0.00,0.00,214.00,38598.04,0.00
7.87,0.00,0.00,15.00,7167.00,0.00,0.00,214.00,37516.35,0.00
7.88,0.00,0.00,15.00,7167.00,0.00,0.00,214.00,36528.13,0.00
7.88,0.00,0.00,15.00,7167.00,0.00,0.00,214.00,35625.29,0.00
7.89,0.00,0.00,15.00,7167.00,0.00,0.00,214.00,34800.47,0.00
7.90,0.00,0.00,15.00,7167.00,0.00,0.00,214.00,34046.92,0.00
7.90,0.00,0.00,15.00,7167.00,0.00,0.00,214.00,33358.48,0.00
7.91,0.00,0.00,15.00,7167.00,0.00,0.00,214.00,32729.53,0.00
7.92,0.00,0.00,14.00,7168.00,0.00,0.00,214.00,32004.69,0.00
7.92,0.00,0.00,14.00,7168.00,0.00,0.00,214.00,31342.48,0.00
7.93,0.00,0.00,13.00,7169.00,0.00,0.00,214.00,30587.27,0.00
7.94,0.00,0.00,13.00,7169.00,0.00,0.00,214.00,29897.30,0.00
7.94,0.00,0.00,13.00,7169.00,0.00,0.00,214.00,29266.96,0.00
7.95,0.00,0.00,12.00,7170.00,0.00,0.00,214.00,28540.85,0.00
7.96,0.00,0.00,12.00,7170.00,0.00,0.00,214.00,27877.48,0.00
7.97,0.00,0.00,12.00,7170.00,0.00,0.00,214.00,27271.44,0.00
7.97,0.00,0.00,12.00,7170.00,0.00,0.00,214.00,26717.76,0.00
7.98,0.00,0.00,12.00,7170.00,0.00,0.00,214.00,26211.92,0.00
7.99,0.00,0.00,12.00,7170.00,0.00,0.00,214.00,25749.79,0.00
7.99,0.00,0.00,12.00,7170.00,0.00,0.00,214.00,25327.59,0.00
8.00,0.00,0.00,12.00,7170.00,0.00,0.00,214.00,24941.87,0.00
8.01,0.00,0.00,11.00,7171.00,0.00,0.00,214.00,24439.25,0.00
8.01,0.00,0.00,11.00,7171.00,0.00,0.00,214.00,23980.06,0.00
8.02,0.00,0.00,10.00,7172.00,0.00,0.00,214.00,23410.32,0.00
8.03,0.00,0.00,10.00,7172.00,0.00,0.00,214.00,22889.81,0.00
8.03,0.00,0.00,10.00,7172.00,0.00,0.00,214.00,22414.27,0.00
8.04,0.00,0.00,10.00,7172.00,0.00,0.00,214.00,21979.82,0.00
8.05,0.00,0.00,9.00,7173.00,0.00,0.00,214.00,21432.68,0.00
8.06,0.00,0.00,9.00,7173.00,0.00,0.00,214.00,20932.82,0.00
8.06,0.00,0.00,9.00,7173.00,0.00,0.00,214.00,20476.15,0.00
8.07,0.00,0.00,9.00,7173.00,0.00,0.00,214.00,20058.94,0.00
8.08,0.00,0.00,9.00,7173.00,0.00,0.00,214.00,19677.78,0.00
8.08,0.00,0.00,9.00,7173.00,0.00,0.00,214.00,19329.55,0.00
8.09,0.00,0.00,8.00,7174.00,0.00,0.00,214.00,18861.18,0.00
8.10,0.00,0.00,8.00,7174.00,0.00,0.00,214.00,18433.29,0.00
8.10,0.00,0.00,7.00,7175.00,0.00,0.00,214.00,17892.13,0.00
8.11,0.00,0.00,7.00,7175.00,0.00,0.00,214.00,17397.74,0.00
8.12,0.00,0.00,7.00,7175.00,0.00,0.00,214.00,16946.06,0.00
8.12,0.00,0.00,7.00,7175.00,0.00,0.00,214.00,16533.41,0.00
8.13,0.00,0.00,7.00,7175.00,0.00,0.00,214.00,16156.42,0.00
8.14,0.00,0.00,7.00,7175.00,0.00,0.00,214.00,15812.01,0.00
8.15,0.00,0.00,7.00,7175.00,0.00,0.00,214.00,15497.35,0.00
8.15,0.00,0.00,7.00,7175.00,0.00,0.00,214.00,15209.88,0.00
8.16,0.00,0.00,7.00,7175.00,0.00,0.00,214.00,14947.25,0.00
8.17,0.00,0.00,7.00,7175.00,0.00,0.00,214.00,14707.32,0.00
8.17,0.00,0.00,7.00,7175.00,0.00,0.00,214.00,14488.12,0.00
8.18,0.00,0.00,7.00,7175.00,0.00,0.00,214.00,14287.85,0.00
8.19,0.00,0.00,7.00,7175.00,0.00,0.00,214.00,14104.89,0.00
8.19,0.00,0.00,7.00,7175.00,0.00,0.00,214.00,13937.75,0.00
8.20,0.00,0.00,7.00,7175.00,0.00,0.00,214.00,13785.04,0.00
8.21,0.00,0.00,7.00,7175.00,0.00,0.00,214.00,13645.53,0.00
8.22,0.00,0.00,7.00,7175.00,0.00,0.00,214.00,13518.07,0.00
8.22,0.00,0.00,7.00,7175.00,0.00,0.00,214.00,13401.63,0.00
8.23,0.00,0.00,6.00,7176.00,0.00,0.00,214.00,13145.01,0.00
8.24,0.00,0.00,6.00,7176.00,0.00,0.00,214.00,12910.57,0.00
8.24,0.00,0.00,6.00,7176.00,0.00,0.00,214.00,12696.39,0.00
8.25,0.00,0.00,6.00,7176.00,0.00,0.00,214.00,12500.72,0.00
8.26,0.00,0.00,6.00,7176.00,0.00,0.00,214.00,12321.95,0.00
8.26,0.00,0.00,6.00,7176.00,0.00,0.00,214.00,12158.63,0.00
8.27,0.00,0.00,6.00,7176.00,0.00,0.00,214.00,12009.42,0.00
8.28,0.00,0.00,6.00,7176.00,0.00,0.00,214.00,11873.10,0.00
8.28,0.00,0.00,6.00,7176.00,0.00,0.00,214.00,11748.57,0.00
8.29,0.00,0.00,6.00,7176.00,0.00,0.00,214.00,11634.79,0.00
8.30,0.00,0.00,5.00,7177.00,0.00,0.00,214.00,11380.61,0.00
8.31,0.00,0.00,5.00,7177.00,0.00,0.00,214.00,11148.40,0.00
8.31,0.00,0.00,5.00,7177.00,0.00,0.00,214.00,10936.25,0.00
8.32,0.00,0.00,5.00,7177.00,0.00,0.00,214.00,10742.43,0.00
8.33,0.00,0.00,5.00,7177.00,0.00,0.00,214.00,10565.36,0.00
8.33,0.00,0.00,5.00,7177.00,0.00,0.00,214.00,10403.59,0.00
8.34,0.00,0.00,5.00,7177.00,0.00,0.00,214.00,10255.80,0.00
8.35,0.00,0.00,5.00,7177.00,0.00,0.00,214.00,10120.78,0.00
8.35,0.00,0.00,5.00,7177.00,0.00,0.00,214.00,9997.43,0.00
8.36,0.00,0.00,5.00,7177.00,0.00,0.00,214.00,9884.73,0.00
8.37,0.00,0.00,5.00,7177.00,0.00,0.00,214.00,9781.77,0.00
8.38,0.00,0.00,5.00,7177.00,0.00,0.00,214.00,9687.71,0.00
8.38,0.00,0.00,5.00,7177.00,0.00,0.00,214.00,9601.78,0.00
8.39,0.00,0.00,5.00,7177.00,0.00,0.00,214.00,9523.27,0.00
8.40,0.00,0.00,5.00,7177.00,0.00,0.00,214.00,9451.54,0.00
8.40,0.00,0.00,5.00,7177.00,0.00,0.00,214.00,9386.02,0.00
8.41,0.00,0.00,5.00,7177.00,0.00,0.00,214.00,9326.15,0.00
8.42,0.00,0.00,5.00,7177.00,0.00,0.00,214.00,9271.46,0.00
8.42,0.00,0.00,5.00,7177.00,0.00,0.00,214.00,9221.49,0.00
8.43,0.00,0.00,5.00,7177.00,0.00,0.00,214.00,9175.84,0.00
8.44,0.00,0.00,5.00,7177.00,0.00,0.00,214.00,9134.14,0.00
8.44,0.00,0.00,5.00,7177.00,0.00,0.00,214.00,9096.04,0.00
8.45,0.00,0.00,5.00,7177.00,0.00,0.00,214.00,9061.23,0.00
8.46,0.00,0.00,5.00,7177.00,0.00,0.00,214.00,9029.43,0.00
8.47,0.00,0.00,5.00,7177.00,0.00,0.00,214.00,9000.37,0.00
8.47,0.00,0.00,5.00,7177.00,0.00,0.00,214.00,8973.83,0.00
8.48,0.00,0.00,5.00,7177.00,0.00,0.00,214.00,8949.58,0.00
8.49,0.00,0.00,5.00,7177.00,0.00,0.00,214.00,8927.43,0.00
8.49,0.00,0.00,5.00,7177.00,0.00,0.00,214.00,8907.19,0.00
8.50,0.00,0.00,5.00,7177.00,0.00,0.00,214.00,8888.69,0.00
8.51,0.00,0.00,5.00,7177.00,0.00,0.00,214.00,8871.80,0.00
8.51,0.00,0.00,5.00,7177.00,0.00,0.00,214.00,8856.37,0.00
8.52,0.00,0.00,5.00,7177.00,0.00,0.00,214.00,8842.27,0.00
8.53,0.00,0.00,5.00,7177.00,0.00,0.00,214.00,8829.39,0.00
8.53,0.00,0.00,5.00,7177.00,0.00,0.00,214.00,8817.62,0.00
8.54,0.00,0.00,5.00,7177.00,0.00,0.00,214.00,8806.87,0.00
8.55,0.00,0.00,5.00,7177.00,0.00,0.00,214.00,8797.04,0.00
8.56,0.00,0.00,5.00,7177.00,0.00,0.00,214.00,8788.07,0.00
8.56,0.00,0.00,5.00,7177.00,0.00,0.00,214.00,8779.87,0.00
8.57,0.00,0.00,5.00,7177.00,0.00,0.00,214.00,8772.38,0.00
8.58,0.00,0.00,5.00,7177.00,0.00,0.00,214.00,8765.54,0.00
8.58,0.00,0.00,5.00,7177.00,0.00,0.00,214.00,8759.29,0.00
8.59,0.00,0.00,5.00,7177.00,0.00,0.00,214.00,8753.58,0.00
8.60,0.00,0.00,5.00,7177.00,0.00,0.00,214.00,8748.36,0.00
8.60,0.00,0.00,5.00,7177.00,0.00,0.00,214.00,8743.59,0.00
8.61,0.00,0.00,5.00,7177.00,0.00,0.00,214.00,8739.24,0.00
8.62,0.00,0.00,5.00,7177.00,0.00,0.00,214.00,8735.26,0.00
8.62,0.00,0.00,5.00,7177.00,0.00,0.00,214.00,8731.62,0.00
8.63,0.00,0.00,5.00,7177.00,0.00,0.00,214.00,8728.30,0.00
8.64,0.00,0.00,5.00,7177.00,0.00,0.00,214.00,8725.27,0.00
8.65,0.00,0.00,5.00,7177.00,0.00,0.00,214.00,8722.50,0.00
8.65,0.00,0.00,5.00,7177.00,0.00,0.00,214.00,8719.96,0.00
8.66,0.00,0.00,5.00,7177.00,0.00,0.00,214.00,8717.65,0.00
8.67,0.00,0.00,5.00,7177.00,0.00,0.00,214.00,8715.54,0.00
8.67,0.00,0.00,5.00,7177.00,0.00,0.00,214.00,8713.61,0.00
8.68,0.00,0.00,5.00,7177.00,0.00,0.00,214.00,8711.84,0.00
8.69,0.00,0.00,5.00,7177.00,0.00,0.00,214.00,8710.23,0.00
8.69,0.00,0.00,5.00,7177.00,0.00,0.00,214.00,8708.76,0.00
8.70,0.00,0.00,5.00,7177.00,0.00,0.00,214.00,8707.41,0.00
8.71,0.00,0.00,5.00,7177.00,0.00,0.00,214.00,8706.18,0.00
8.72,0.00,0.00,5.00,7177.00,0.00,0.00,214.00,8705.06,0.00
8.72,0.00,0.00,5.00,7177.00,0.00,0.00,214.00,8704.03,0.00
8.73,0.00,0.00,5.00,7177.00,0.00,0.00,214.00,8703.10,0.00
8.74,0.00,0.00,4.00,7178.00,0.00,0.00,214.00,8552.01,0.00
8.74,0.00,0.00,4.00,7178.00,0.00,0.00,214.00,8413.98,0.00
8.75,0.00,0.00,4.00,7178.00,0.00,0.00,214.00,8287.87,0.00
8.76,0.00,0.00,4.00,7178.00,0.00,0.00,214.00,8172.66,0.00
8.76,0.00,0.00,4.00,7178.00,0.00,0.00,214.00,8067.41,0.00
8.77,0.00,0.00,4.00,7178.00,0.00,0.00,214.00,7971.25,0.00
8.78,0.00,0.00,4.00,7178.00,0.00,0.00,214.00,7883.40,0.00
8.78,0.00,0.00,4.00,7178.00,0.00,0.00,214.00,7803.14,0.00
8.79,0.00,0.00,4.00,7178.00,0.00,0.00,214.00,7729.82,0.00
8.80,0.00,0.00,4.00,7178.00,0.00,0.00,214.00,7662.83,0.00
8.81,0.00,0.00,4.00,7178.00,0.00,0.00,214.00,7601.63,0.00
8.81,0.00,0.00,4.00,7178.00,0.00,0.00,214.00,7545.71,0.00
8.82,0.00,0.00,4.00,7178.00,0.00,0.00,214.00,7494.63,0.00
8.83,0.00,0.00,4.00,7178.00,0.00,0.00,214.00,7447.97,0.00
8.83,0.00,0.00,4.00,7178.00,0.00,0.00,214.00,7405.33,0.00
8.84,0.00,0.00,4.00,7178.00,0.00,0.00,214.00,7366.38,0.00
8.85,0.00,0.00,4.00,7178.00,0.00,0.00,214.00,7330.80,0.00
8.85,0.00,0.00,4.00,7178.00,0.00,0.00,214.00,7298.29,0.00
8.86,0.00,0.00,4.00,7178.00,0.00,0.00,214.00,7268.58,0.00
8.87,0.00,0.00,4.00,7178.00,0.00,0.00,214.00,7241.45,0.00
8.88,0.00,0.00,4.00,7178.00,0.00,0.00,214.00,7216.66,0.00
8.88,0.00,0.00,4.00,7178.00,0.00,0.00,214.00,7194.01,0.00
8.89,0.00,0.00,4.00,7178.00,0.00,0.00,214.00,7173.32,0.00
8.90,0.00,0.00,4.00,7178.00,0.00,0.00,214.00,7154.42,0.00
8.90,0.00,0.00,4.00,7178.00,0.00,0.00,214.00,7137.15,0.00
8.91,0.00,0.00,4.00,7178.00,0.00,0.00,214.00,7121.37,0.00
8.92,0.00,0.00,4.00,7178.00,0.00,0.00,214.00,7106.96,0.00
8.92,0.00,0.00,4.00,7178.00,0.00,0.00,214.00,7093.79,0.00
8.93,0.00,0.00,4.00,7178.00,0.00,0.00,214.00,7081.76,0.00
8.94,0.00,0.00,4.00,7178.00,0.00,0.00,214.00,7070.76,0.00
8.94,0.00,0.00,4.00,7178.00,0.00,0.00,214.00,7060.72,0.00
8.95,0.00,0.00,4.00,7178.00,0.00,0.00,214.00,7051.55,0.00
8.96,0.00,0.00,4.00,7178.00,0.00,0.00,214.00,7043.17,0.00
8.97,0.00,0.00,4.00,7178.00,0.00,0.00,214.00,7035.51,0.00
8.97,0.00,0.00,4.00,7178.00,0.00,0.00,214.00,7028.51,0.00
8.98,0.00,0.00,4.00,7178.00,0.00,0.00,214.00,7022.12,0.00
8.99,0.00,0.00,4.00,7178.00,0.00,0.00,214.00,7016.28,0.00
8.99,0.00,0.00,4.00,7178.00,0.00,0.00,214.00,7010.95,0.00
9.00,0.00,0.00,3.00,7179.00,0.00,0.00,214.00,6855.85,0.00
9.01,0.00,0.00,3.00,7179.00,0.00,0.00,214.00,6714.14,0.00
9.01,0.00,0.00,3.00,7179.00,0.00,0.00,214.00,6584.69,0.00
9.02,0.00,0.00,2.00,7180.00,0.00,0.00,214.00,6316.18,0.00
9.03,0.00,0.00,2.00,7180.00,0.00,0.00,214.00,6070.88,0.00
9.03,0.00,0.00,2.00,7180.00,0.00,0.00,214.00,5846.77,0.00
9.04,0.00,0.00,2.00,7180.00,0.00,0.00,214.00,5642.03,0.00
9.05,0.00,0.00,2.00,7180.00,0.00,0.00,214.00,5454.98,0.00
9.06,0.00,0.00,2.00,7180.00,0.00,0.00,214.00,5284.09,0.00
9.06,0.00,0.00,2.00,7180.00,0.00,0.00,214.00,5127.97,0.00
9.07,0.00,0.00,2.00,7180.00,0.00,0.00,214.00,4985.34,0.00
9.08,0.00,0.00,2.00,7180.00,0.00,0.00,214.00,4855.03,0.00
9.08,0.00,0.00,1.00,7181.00,0.00,0.00,214.00,4585.75,0.00
9.09,0.00,0.00,1.00,7181.00,0.00,0.00,214.00,4339.74,0.00
9.10,0.00,0.00,1.00,7181.00,0.00,0.00,214.00,4114.98,0.00
9.10,0.00,0.00,1.00,7181.00,0.00,0.00,214.00,3909.65,0.00
9.11,0.00,0.00,1.00,7181.00,0.00,0.00,214.00,3722.06,0.00
9.12,0.00,0.00,1.00,7181.00,0.00,0.00,214.00,3550.67,0.00
9.12,0.00,0.00,1.00,7181.00,0.00,0.00,214.00,3394.10,0.00
9.13,0.00,0.00,1.00,7181.00,0.00,0.00,214.00,3251.06,0.00
9.14,0.00,0.00,1.00,7181.00,0.00,0.00,214.00,3120.37,0.00
9.15,0.00,0.00,1.00,7181.00,0.00,0.00,214.00,3000.98,0.00
9.15,0.00,0.00,1.00,7181.00,0.00,0.00,214.00,2891.90,0.00
9.16,0.00,0.00,1.00,7181.00,0.00,0.00,214.00,2792.25,0.00
9.17,0.00,0.00,1.00,7181.00,0.00,0.00,214.00,2701.21,0.00
9.17,0.00,0.00,1.00,7181.00,0.00,0.00,214.00,2618.04,0.00
9.18,0.00,0.00,1.00,7181.00,0.00,0.00,214.00,2542.05,0.00
9.19,0.00,0.00,1.00,7181.00,0.00,0.00,214.00,2472.63,0.00
9.19,0.00,0.00,1.00,7181.00,0.00,0.00,214.00,2409.21,0.00
9.20,0.00,0.00,1.00,7181.00,0.00,0.00,214.00,2351.27,0.00
9.21,0.00,0.00,1.00,7181.00,0.00,0.00,214.00,2298.33,0.00
9.22,0.00,0.00,1.00,7181.00,0.00,0.00,214.00,2249.97,0.00
9.22,0.00,0.00,1.00,7181.00,0.00,0.00,214.00,2205.79,0.00
9.23,0.00,0.00,1.00,7181.00,0.00,0.00,214.00,2165.42,0.00
9.24,0.00,0.00,1.00,7181.00,0.00,0.00,214.00,2128.54,0.00
9.24,0.00,0.00,1.00,7181.00,0.00,0.00,214.00,2094.85,0.00
9.25,0.00,0.00,1.00,7181.00,0.00,0.00,214.00,2064.07,0.00
9.26,0.00,0.00,1.00,7181.00,0.00,0.00,214.00,2035.95,0.00
9.26,0.00,0.00,1.00,7181.00,0.00,0.00,214.00,2010.26,0.00
9.27,0.00,0.00,1.00,7181.00,0.00,0.00,214.00,1986.79,0.00
9.28,0.00,0.00,1.00,7181.00,0.00,0.00,214.00,1965.35,0.00
9.28,0.00,0.00,1.00,7181.00,0.00,0.00,214.00,1945.76,0.00
9.29,0.00,0.00,1.00,7181.00,0.00,0.00,214.00,1927.86,0.00
9.30,0.00,0.00,1.00,7181.00,0.00,0.00,214.00,1911.51,0.00
9.31,0.00,0.00,1.00,7181.00,0.00,0.00,214.00,1896.58,0.00
9.31,0.00,0.00,1.00,7181.00,0.00,0.00,214.00,1882.93,0.00
9.32,0.00,0.00,1.00,7181.00,0.00,0.00,214.00,1870.46,0.00
9.33,0.00,0.00,1.00,7181.00,0.00,0.00,214.00,1859.07,0.00
9.33,0.00,0.00,1.00,7181.00,0.00,0.00,214.00,1848.66,0.00
9.34,0.00,0.00,1.00,7181.00,0.00,0.00,214.00,1839.16,0.00
9.35,0.00,0.00,1.00,7181.00,0.00,0.00,214.00,1830.47,0.00
9.35,0.00,0.00,1.00,7181.00,0.00,0.00,214.00,1822.54,0.00
9.36,0.00,0.00,1.00,7181.00,0.00,0.00,214.00,1815.29,0.00
9.37,0.00,0.00,1.00,7181.00,0.00,0.00,214.00,1808.66,0.00
9.38,0.00,0.00,1.00,7181.00,0.00,0.00,214.00,1802.61,0.00
9.38,0.00,0.00,1.00,7181.00,0.00,0.00,214.00,1797.09,0.00
9.39,0.00,0.00,1.00,7181.00,0.00,0.00,214.00,1792.03,0.00
9.40,0.00,0.00,0.00,7182.00,0.00,0.00,214.00,1637.19,0.00
9.40,0.00,0.00,0.00,7182.00,0.00,0.00,214.00,1495.72,0.00
9.41,0.00,0.00,0.00,7182.00,0.00,0.00,214.00,1366.48,0.00
9.42,0.00,0.00,0.00,7182.00,0.00,0.00,214.00,1248.41,0.00
9.42,0.00,0.00,0.00,7182.00,0.00,0.00,214.00,1140.54,0.00
9.43,0.00,0.00,0.00,7182.00,0.00,0.00,214.00,1041.99,0.00
9.44,0.00,0.00,0.00,7182.00,0.00,0.00,214.00,951.95,0.00
9.44,0.00,0.00,0.00,7182.00,0.00,0.00,214.00,869.69,0.00
9.45,0.00,0.00,0.00,7182.00,0.00,0.00,214.00,794.55,0.00
9.46,0.00,0.00,0.00,7182.00,0.00,0.00,214.00,725.89,0.00
9.47,0.00,0.00,0.00,7182.00,0.00,0.00,214.00,663.17,0.00
9.47,0.00,0.00,0.00,7182.00,0.00,0.00,214.00,605.87,0.00
9.48,0.00,0.00,0.00,7182.00,0.00,0.00,214.00,553.51,0.00
9.49,0.00,0.00,0.00,7182.00,0.00,0.00,214.00,505.69,0.00
9.49,0.00,0.00,0.00,7182.00,0.00,0.00,214.00,461.99,0.00
9.50,0.00,0.00,0.00,7182.00,0.00,0.00,214.00,422.07,0.00
9.51,0.00,0.00,0.00,7182.00,0.00,0.00,214.00,385.60,0.00
9.51,0.00,0.00,0.00,7182.00,0.00,0.00,214.00,352.28,0.00
9.52,0.00,0.00,0.00,7182.00,0.00,0.00,214.00,321.84,0.00
9.53,0.00,0.00,0.00,7182.00,0.00,0.00,214.00,294.03,0.00
9.53,0.00,0.00,0.00,7182.00,0.00,0.00,214.00,268.63,0.00
9.54,0.00,0.00,0.00,7182.00,0.00,0.00,214.00,245.42,0.00
9.55,0.00,0.00,0.00,7182.00,0.00,0.00,214.00,224.21,0.00
9.56,0.00,0.00,0.00,7182.00,0.00,0.00,214.00,204.84,0.00
9.56,0.00,0.00,0.00,7182.00,0.00,0.00,214.00,187.14,0.00
9.57,0.00,0.00,0.00,7182.00,0.00,0.00,214.00,170.97,0.00
9.58,0.00,0.00,0.00,7182.00,0.00,0.00,214.00,156.19,0.00
9.58,0.00,0.00,0.00,7182.00,0.00,0.00,214.00,142.70,0.00
9.59,0.00,0.00,0.00,7182.00,0.00,0.00,214.00,130.37,0.00
9.60,0.00,0.00,0.00,7182.00,0.00,0.00,214.00,119.10,0.00
9.60,0.00,0.00,0.00,7182.00,0.00,0.00,214.00,108.81,0.00
9.61,0.00,0.00,0.00,7182.00,0.00,0.00,214.00,99.41,0.00
9.62,0.00,0.00,0.00,7182.00,0.00,0.00,214.00,90.82,0.00
9.62,0.00,0.00,0.00,7182.00,0.00,0.00,214.00,82.97,0.00
9.63,0.00,0.00,0.00,7182.00,0.00,0.00,214.00,75.80,0.00
9.64,0.00,0.00,0.00,7182.00,0.00,0.00,214.00,69.25,0.00
9.65,0.00,0.00,0.00,7182.00,0.00,0.00,214.00,63.27,0.00
9.65,0.00,0.00,0.00,7182.00,0.00,0.00,214.00,57.80,0.00
9.66,0.00,0.00,0.00,7182.00,0.00,0.00,214.00,52.81,0.00
9.67,0.00,0.00,0.00,7182.00,0.00,0.00,214.00,48.24,0.00
9.67,0.00,0.00,0.00,7182.00,0.00,0.00,214.00,44.08,0.00
9.68,0.00,0.00,0.00,7182.00,0.00,0.00,214.00,40.27,0.00
9.69,0.00,0.00,0.00,7182.00,0.00,0.00,214.00,36.79,0.00
9.69,0.00,0.00,0.00,7182.00,0.00,0.00,214.00,33.61,0.00
9.70,0.00,0.00,0.00,7182.00,0.00,0.00,214.00,30.71,0.00
9.71,0.00,0.00,0.00,7182.00,0.00,0.00,214.00,28.05,0.00
9.72,0.00,0.00,0.00,7182.00,0.00,0.00,214.00,25.63,0.00
9.72,0.00,0.00,0.00,7182.00,0.00,0.00,214.00,23.41,0.00
9.73,0.00,0.00,0.00,7182.00,0.00,0.00,214.00,21.39,0.00
9.74,0.00,0.00,0.00,7182.00,0.00,0.00,214.00,19.54,0.00
9.74,0.00,0.00,0.00,7182.00,0.00,0.00,214.00,17.85,0.00
9.75,0.00,0.00,0.00,7182.00,0.00,0.00,214.00,16.31,0.00
9.76,0.00,0.00,0.00,7182.00,0.00,0.00,214.00,14.90,0.00
9.76,0.00,0.00,0.00,7182.00,0.00,0.00,214.00,13.61,0.00
9.77,0.00,0.00,0.00,7182.00,0.00,0.00,214.00,12.44,0.00
9.78,0.00,0.00,0.00,7182.00,0.00,0.00,214.00,11.36,0.00
9.78,0.00,0.00,0.00,7182.00,0.00,0.00,214.00,10.38,0.00
9.79,0.00,0.00,0.00,7182.00,0.00,0.00,214.00,9.48,0.00
9.80,0.00,0.00,0.00,7182.00,0.00,0.00,214.00,8.66,0.00
9.81,0.00,0.00,0.00,7182.00,0.00,0.00,214.00,7.92,0.00
9.81,0.00,0.00,0.00,7182.00,0.00,0.00,214.00,7.23,0.00
9.82,0.00,0.00,0.00,7182.00,0.00,0.00,214.00,6.61,0.00
9.83,0.00,0.00,0.00,7182.00,0.00,0.00,214.00,6.04,0.00
9.83,0.00,0.00,0.00,7182.00,0.00,0.00,214.00,5.51,0.00
9.84,0.00,0.00,0.00,7182.00,0.00,0.00,214.00,5.04,0.00
9.85,0.00,0.00,0.00,7182.00,0.00,0.00,214.00,4.60,0.00
9.85,0.00,0.00,0.00,7182.00,0.00,0.00,214.00,4.20,0.00
9.86,0.00,0.00,0.00,7182.00,0.00,0.00,214.00,3.84,0.00
9.87,0.00,0.00,0.00,7182.00,0.00,0.00,214.00,3.51,0.00
9.88,0.00,0.00,0.00,7182.00,0.00,0.00,214.00,3.21,0.00
9.88,0.00,0.00,0.00,7182.00,0.00,0.00,214.00,2.93,0.00
9.89,0.00,0.00,0.00,7182.00,0.00,0.00,214.00,2.68,0.00
9.90,0.00,0.00,0.00,7182.00,0.00,0.00,214.00,2.45,0.00
9.90,0.00,0.00,0.00,7182.00,0.00,0.00,214.00,2.23,0.00
9.91,0.00,0.00,0.00,7182.00,0.00,0.00,214.00,2.04,0.00
9.92,0.00,0.00,0.00,7182.00,0.00,0.00,214.00,1.86,0.00
9.92,0.00,0.00,0.00,7182.00,0.00,0.00,214.00,1.70,0.00
9.93,0.00,0.00,0.00,7182.00,0.00,0.00,214.00,1.56,0.00
9.94,0.00,0.00,0.00,7182.00,0.00,0.00,214.00,1.42,0.00
9.94,0.00,0.00,0.00,7182.00,0.00,0.00,214.00,1.30,0.00
9.95,0.00,0.00,0.00,7182.00,0.00,0.00,214.00,1.19,0.00
9.96,0.00,0.00,0.00,7182.00,0.00,0.00,214.00,1.08,0.00
9.97,0.00,0.00,0.00,7182.00,0.00,0.00,214.00,0.99,0.00
9.97,0.00,0.00,0.00,7182.00,0.00,0.00,214.00,0.90,0.00
9.98,0.00,0.00,0.00,7182.00,0.00,0.00,214.00,0.83,0.00
9.99,0.00,0.00,0.00,7182.00,0.00,0.00,214.00,0.76,0.00
9.99,0.00,0.00,0.00,7182.00,0.00,0.00,214.00,0.69,0.00
