Time,U,AI1,AI2,AD,BI2,BI2,BD,VA,VB
0.00,7394.00,1.00,0.00,0.00,1.00,0.00,0.00,75.00,75.00
0.01,7392.00,1.00,0.00,0.00,3.00,0.00,0.00,68.23,68.47
0.01,7391.00,2.00,0.00,0.00,3.00,0.00,0.00,62.07,62.51
0.02,7390.00,3.00,0.00,0.00,3.00,0.00,0.00,56.47,57.06
0.03,7388.00,3.00,0.00,0.00,5.00,0.00,0.00,51.37,52.10
0.03,7387.00,3.00,1.00,0.00,5.00,0.00,0.00,61.75,47.56
0.04,7385.00,4.00,1.00,0.00,6.00,0.00,0.00,71.20,43.42
0.05,7384.00,4.00,1.00,0.00,7.00,0.00,0.00,79.80,39.64
0.06,7384.00,4.00,1.00,0.00,7.00,0.00,0.00,87.62,36.19
0.06,7382.00,6.00,1.00,0.00,7.00,0.00,0.00,94.73,33.03
0.07,7382.00,5.00,2.00,0.00,6.00,1.00,0.00,116.22,45.18
0.08,7379.00,5.00,3.00,0.00,8.00,1.00,0.00,150.80,56.27
0.08,7376.00,4.00,4.00,0.00,11.00,1.00,0.00,197.28,66.39
0.09,7376.00,4.00,4.00,0.00,11.00,1.00,0.00,239.56,75.64
0.10,7375.00,4.00,3.00,1.00,12.00,1.00,0.00,263.00,84.07
0.10,7371.00,8.00,3.00,1.00,11.00,2.00,0.00,284.33,106.80
0.11,7368.00,9.00,3.00,1.00,13.00,2.00,0.00,303.73,127.54
0.12,7363.00,12.00,3.00,1.00,15.00,2.00,0.00,321.38,146.49
0.12,7360.00,13.00,2.00,2.00,17.00,2.00,0.00,322.41,163.78
0.13,7358.00,14.00,2.00,2.00,16.00,4.00,0.00,323.35,209.61
0.14,7357.00,14.00,2.00,2.00,16.00,5.00,0.00,324.21,266.47
0.15,7349.00,16.00,3.00,2.00,21.00,5.00,0.00,340.01,318.38
0.15,7348.00,16.00,3.00,2.00,22.00,5.00,0.00,354.38,365.78
0.16,7347.00,16.00,3.00,2.00,23.00,5.00,0.00,367.46,409.04
0.17,7345.00,16.00,3.00,2.00,23.00,7.00,0.00,379.35,478.59
0.17,7337.00,19.00,4.00,2.00,26.00,8.00,0.00,405.20,557.10
0.18,7333.00,19.00,5.00,2.00,27.00,10.00,0.00,443.74,658.82
0.19,7329.00,20.00,4.00,3.00,29.00,10.00,1.00,463.77,751.68
0.19,7321.00,19.00,5.00,3.00,37.00,10.00,1.00,497.02,836.46
0.20,7313.00,22.00,6.00,3.00,41.00,10.00,1.00,542.29,913.86
0.21,7309.00,23.00,6.00,3.00,42.00,12.00,1.00,583.47,1014.56
0.22,7304.00,23.00,6.00,3.00,45.00,14.00,1.00,620.93,1136.54
0.22,7301.00,22.00,8.00,3.00,46.00,15.00,1.00,685.06,1262.92
0.23,7291.00,22.00,9.00,3.00,55.00,15.00,1.00,758.42,1378.30
0.24,7282.00,24.00,10.00,3.00,59.00,17.00,1.00,840.19,1513.67
0.24,7279.00,25.00,10.00,3.00,59.00,19.00,1.00,914.57,1667.31
0.25,7264.00,24.00,12.00,3.00,71.00,20.00,2.00,1012.28,1822.59
0.26,7253.00,24.00,13.00,3.00,79.00,22.00,2.00,1116.19,1994.39
0.26,7245.00,25.00,14.00,3.00,79.00,28.00,2.00,1225.75,2241.38
0.27,7233.00,28.00,13.00,4.00,83.00,32.00,3.00,1310.39,2526.95
0.28,7218.00,31.00,13.00,5.00,90.00,35.00,4.00,1387.39,2832.72
0.28,7203.00,33.00,13.00,5.00,101.00,36.00,5.00,1457.44,3126.89
0.29,7188.00,36.00,12.00,6.00,109.00,40.00,5.00,1506.15,3455.54
0.30,7174.00,36.00,11.00,7.00,119.00,43.00,6.00,1535.43,3800.64
0.31,7154.00,37.00,11.00,7.00,135.00,46.00,6.00,1562.07,4160.76
0.31,7132.00,40.00,12.00,8.00,151.00,45.00,8.00,1601.33,4474.50
0.32,7114.00,41.00,12.00,8.00,163.00,49.00,9.00,1637.04,4821.01
0.33,7101.00,43.00,11.00,9.00,173.00,50.00,9.00,1654.51,5152.37
0.33,7081.00,44.00,12.00,9.00,189.00,52.00,9.00,1685.42,5484.93
0.34,7062.00,43.00,14.00,10.00,201.00,54.00,12.00,1743.59,5818.57
0.35,7042.00,43.00,15.00,10.00,215.00,58.00,13.00,1811.53,6183.25
0.35,7026.00,42.00,15.00,12.00,228.00,57.00,16.00,1873.33,6501.16
0.36,7001.00,45.00,15.00,12.00,245.00,62.00,16.00,1929.56,6866.50
0.37,6987.00,47.00,15.00,12.00,254.00,65.00,16.00,1980.71,7245.09
0.38,6964.00,47.00,16.00,12.00,272.00,68.00,17.00,2042.27,7635.79
0.38,6937.00,47.00,17.00,13.00,292.00,72.00,18.00,2113.29,8052.56
0.39,6918.00,47.00,17.00,14.00,299.00,82.00,19.00,2177.90,8583.27
0.40,6900.00,47.00,17.00,16.00,307.00,88.00,21.00,2236.68,9157.91
0.40,6886.00,47.00,19.00,16.00,308.00,99.00,21.00,2320.19,9847.77
0.41,6852.00,45.00,20.00,18.00,333.00,104.00,24.00,2411.19,10552.67
0.42,6834.00,48.00,21.00,18.00,340.00,109.00,26.00,2509.00,11271.31
0.42,6810.00,52.00,21.00,18.00,344.00,123.00,28.00,2597.98,12137.69
0.43,6783.00,55.00,21.00,18.00,356.00,132.00,31.00,2678.93,13063.84
0.44,6751.00,58.00,22.00,18.00,374.00,139.00,34.00,2767.59,14014.51
0.44,6722.00,57.00,25.00,18.00,392.00,145.00,37.00,2893.32,14972.53
0.45,6695.00,59.00,25.00,19.00,403.00,154.00,41.00,3007.69,15982.35
0.46,6671.00,59.00,25.00,20.00,418.00,159.00,44.00,3111.74,16979.35
0.47,6644.00,59.00,27.00,20.00,425.00,171.00,50.00,3236.45,18069.81
0.47,6616.00,60.00,28.00,20.00,442.00,178.00,52.00,3364.91,19170.48
0.48,6583.00,61.00,29.00,20.00,463.00,184.00,56.00,3496.81,20265.44
0.49,6557.00,62.00,30.00,20.00,479.00,191.00,57.00,3631.82,21370.23
0.49,6513.00,65.00,28.00,22.00,505.00,202.00,61.00,3724.59,22544.06
0.50,6479.00,66.00,30.00,23.00,522.00,213.00,63.00,3839.04,23780.94
0.51,6445.00,66.00,31.00,24.00,535.00,230.00,65.00,3958.18,25165.51
0.51,6411.00,66.00,32.00,24.00,555.00,238.00,70.00,4081.58,26549.70
0.52,6364.00,67.00,36.00,24.00,578.00,255.00,72.00,4253.94,28068.76
0.53,6323.00,67.00,38.00,24.00,606.00,259.00,79.00,4440.78,29515.63
0.53,6283.00,67.00,40.00,26.00,630.00,265.00,85.00,4640.80,30926.66
0.54,6243.00,70.00,39.00,28.00,647.00,278.00,91.00,4807.74,32410.12
0.55,6202.00,70.00,41.00,29.00,668.00,294.00,92.00,4989.66,34004.77
0.56,6157.00,74.00,42.00,29.00,684.00,312.00,98.00,5170.18,35730.99
0.56,6113.00,76.00,44.00,30.00,704.00,328.00,101.00,5364.44,37547.26
0.57,6072.00,76.00,47.00,30.00,720.00,345.00,106.00,5586.24,39460.78
0.58,6004.00,81.00,45.00,32.00,762.00,360.00,112.00,5757.97,41433.01
0.58,5953.00,86.00,45.00,32.00,781.00,380.00,119.00,5914.19,43533.98
0.59,5903.00,85.00,50.00,32.00,803.00,399.00,124.00,6131.43,45737.44
0.60,5849.00,90.00,47.00,36.00,822.00,424.00,128.00,6283.98,48124.61
0.60,5792.00,90.00,47.00,40.00,851.00,445.00,131.00,6422.77,50619.41
0.61,5748.00,92.00,48.00,40.00,868.00,466.00,134.00,6564.04,53212.45
0.62,5698.00,94.00,47.00,42.00,885.00,495.00,135.00,6677.54,56015.37
0.62,5652.00,93.00,50.00,42.00,907.00,514.00,138.00,6825.87,58859.66
0.63,5592.00,96.00,50.00,44.00,932.00,539.00,143.00,6960.80,61831.86
0.64,5533.00,97.00,51.00,45.00,956.00,570.00,144.00,7098.57,65010.97
0.65,5479.00,99.00,50.00,48.00,983.00,587.00,150.00,7208.89,68168.65
0.65,5416.00,99.00,54.00,49.00,1008.00,616.00,154.00,7369.33,71487.04
0.66,5360.00,95.00,60.00,51.00,1023.00,648.00,159.00,7605.43,74997.22
0.67,5302.00,98.00,60.00,53.00,1045.00,672.00,166.00,7820.22,78562.30
0.67,5256.00,98.00,62.00,54.00,1056.00,697.00,173.00,8045.66,82192.53
0.68,5189.00,99.00,67.00,54.00,1086.00,720.00,181.00,8325.87,85852.18
0.69,5131.00,99.00,68.00,57.00,1107.00,747.00,187.00,8595.80,89598.79
0.69,5066.00,98.00,68.00,61.00,1140.00,770.00,193.00,8841.36,93364.69
0.70,5001.00,101.00,71.00,61.00,1164.00,798.00,200.00,9109.83,97223.32
0.71,4920.00,105.00,72.00,61.00,1199.00,833.00,206.00,9369.08,101271.77
0.72,4852.00,103.00,76.00,63.00,1230.00,858.00,214.00,9665.02,105343.27
0.72,4775.00,104.00,76.00,67.00,1276.00,879.00,219.00,9934.24,109375.73
0.73,4713.00,107.00,75.00,71.00,1299.00,908.00,223.00,10164.13,113492.72
0.74,4648.00,108.00,75.00,74.00,1321.00,940.00,230.00,10373.27,117731.97
0.74,4578.00,108.00,74.00,78.00,1349.00,975.00,234.00,10548.51,122127.88
0.75,4502.00,112.00,77.00,80.00,1375.00,1014.00,236.00,10752.99,126726.92
0.76,4428.00,117.00,77.00,81.00,1400.00,1045.00,248.00,10939.02,131391.22
0.76,4348.00,121.00,78.00,82.00,1429.00,1077.00,261.00,11123.27,136130.10
0.77,4276.00,122.00,81.00,83.00,1455.00,1114.00,265.00,11335.96,141012.19
0.78,4199.00,120.00,83.00,86.00,1481.00,1158.00,269.00,11559.50,146130.19
0.78,4127.00,123.00,84.00,87.00,1512.00,1192.00,271.00,11777.87,151313.33
0.79,4049.00,123.00,88.00,88.00,1546.00,1220.00,282.00,12036.63,156465.78
0.80,3993.00,126.00,87.00,89.00,1556.00,1259.00,286.00,12257.00,161755.48
0.81,3920.00,131.00,88.00,89.00,1576.00,1299.00,293.00,12472.50,167185.49
0.81,3856.00,129.00,94.00,90.00,1594.00,1335.00,298.00,12758.69,172683.52
0.82,3783.00,134.00,95.00,92.00,1614.00,1373.00,305.00,13034.06,178273.68
0.83,3700.00,142.00,94.00,95.00,1643.00,1415.00,307.00,13269.55,184008.04
0.83,3621.00,143.00,96.00,96.00,1667.00,1457.00,316.00,13513.82,189874.05
0.84,3547.00,143.00,95.00,99.00,1693.00,1497.00,322.00,13721.02,195830.19
0.85,3473.00,142.00,98.00,101.00,1705.00,1551.00,326.00,13954.59,202078.95
0.85,3400.00,142.00,98.00,104.00,1725.00,1598.00,329.00,14167.06,208489.67
0.86,3319.00,147.00,96.00,107.00,1745.00,1640.00,342.00,14330.31,214973.15
0.87,3249.00,139.00,105.00,108.00,1761.00,1678.00,356.00,14614.03,221462.95
0.88,3157.00,140.00,106.00,111.00,1804.00,1710.00,368.00,14887.16,227868.38
0.88,3079.00,143.00,107.00,112.00,1833.00,1753.00,369.00,15150.66,234362.05
0.89,3011.00,143.00,111.00,114.00,1848.00,1790.00,379.00,15450.46,240846.13
0.90,2940.00,143.00,108.00,121.00,1848.00,1850.00,386.00,15678.12,247666.99
0.90,2868.00,141.00,110.00,125.00,1862.00,1900.00,390.00,15915.28,254645.07
0.91,2786.00,141.00,113.00,126.00,1882.00,1951.00,397.00,16176.10,261781.71
0.92,2726.00,137.00,118.00,127.00,1886.00,2000.00,402.00,16488.49,269033.05
0.92,2657.00,140.00,115.00,131.00,1898.00,2049.00,406.00,16727.60,276389.11
0.93,2579.00,137.00,119.00,133.00,1915.00,2097.00,416.00,17005.23,283825.74
0.94,2511.00,134.00,124.00,136.00,1932.00,2139.00,420.00,17332.90,291245.79
0.94,2435.00,136.00,125.00,138.00,1956.00,2179.00,427.00,17646.02,298620.66
0.95,2382.00,136.00,126.00,141.00,1960.00,2216.00,435.00,17945.89,305909.20
0.96,2313.00,134.00,130.00,143.00,1972.00,2261.00,443.00,18278.78,313239.13
0.97,2258.00,133.00,132.00,144.00,1963.00,2318.00,448.00,18611.67,320787.12
0.97,2205.00,132.00,135.00,145.00,1962.00,2359.00,458.00,18959.57,328293.81
0.98,2137.00,139.00,140.00,146.00,1958.00,2411.00,465.00,19351.18,335928.04
0.99,2075.00,137.00,142.00,148.00,1959.00,2463.00,472.00,19737.48,343678.72
0.99,2008.00,137.00,143.00,151.00,1963.00,2514.00,480.00,20103.94,351520.69
1.00,1953.00,138.00,141.00,154.00,1961.00,2561.00,488.00,20407.26,359385.89
1.01,1902.00,138.00,139.00,158.00,1952.00,2610.00,497.00,20653.15,367302.35
1.01,1848.00,135.00,145.00,158.00,1937.00,2667.00,506.00,20966.99,375385.80
1.02,1794.00,138.00,146.00,160.00,1927.00,2719.00,512.00,21267.51,383546.57
1.03,1743.00,136.00,149.00,165.00,1936.00,2751.00,516.00,21585.97,391477.48
1.03,1691.00,138.00,144.00,172.00,1921.00,2807.00,523.00,21800.57,399559.09
1.04,1638.00,139.00,141.00,176.00,1925.00,2851.00,526.00,21950.73,407598.01
1.05,1592.00,139.00,143.00,177.00,1916.00,2900.00,529.00,22117.37,415673.06
1.06,1547.00,142.00,144.00,178.00,1899.00,2944.00,542.00,22284.00,423705.98
1.06,1497.00,142.00,143.00,181.00,1898.00,2982.00,553.00,22420.55,431610.31
1.07,1451.00,141.00,142.00,186.00,1887.00,3032.00,557.00,22529.76,439577.51
1.08,1408.00,139.00,140.00,192.00,1875.00,3079.00,563.00,22599.06,447557.05
1.08,1368.00,136.00,140.00,195.00,1860.00,3127.00,570.00,22662.11,455562.88
1.09,1314.00,132.00,138.00,204.00,1856.00,3174.00,578.00,22689.42,463577.67
1.10,1266.00,132.00,142.00,204.00,1851.00,3217.00,584.00,22774.35,471540.56
1.10,1238.00,132.00,141.00,207.00,1821.00,3269.00,588.00,22836.59,479591.28
1.11,1191.00,134.00,143.00,207.00,1818.00,3306.00,597.00,22923.27,487496.83
1.12,1142.00,130.00,145.00,211.00,1821.00,3342.00,605.00,23032.16,495254.83
1.12,1098.00,130.00,143.00,214.00,1810.00,3391.00,610.00,23101.17,503073.42
1.13,1064.00,127.00,147.00,214.00,1785.00,3440.00,619.00,23224.05,510947.34
1.14,1019.00,128.00,147.00,216.00,1781.00,3480.00,625.00,23335.84,518736.55
1.15,980.00,127.00,148.00,219.00,1752.00,3538.00,632.00,23452.55,526718.85
1.15,944.00,125.00,151.00,219.00,1747.00,3572.00,638.00,23603.80,534516.87
1.16,913.00,123.00,150.00,223.00,1728.00,3614.00,645.00,23726.37,542266.84
1.17,881.00,118.00,151.00,228.00,1710.00,3659.00,649.00,23852.90,550018.01
1.17,854.00,119.00,145.00,236.00,1674.00,3711.00,657.00,23877.87,557875.45
1.18,824.00,115.00,150.00,238.00,1648.00,3758.00,663.00,23975.70,565754.77
1.19,794.00,115.00,147.00,243.00,1629.00,3799.00,669.00,24019.63,573563.95
1.19,764.00,116.00,149.00,243.00,1612.00,3838.00,674.00,24089.63,581279.03
1.20,735.00,113.00,153.00,245.00,1602.00,3865.00,683.00,24213.42,588727.94
1.21,705.00,111.00,154.00,248.00,1596.00,3892.00,690.00,24341.04,595933.85
1.22,677.00,108.00,156.00,251.00,1568.00,3941.00,695.00,24487.20,603248.44
1.22,650.00,109.00,156.00,252.00,1544.00,3981.00,704.00,24620.16,610527.02
1.23,625.00,107.00,157.00,255.00,1524.00,4016.00,712.00,24756.14,617697.62
1.24,601.00,105.00,157.00,260.00,1507.00,4048.00,718.00,24879.84,624724.58
1.24,579.00,103.00,158.00,261.00,1485.00,4087.00,723.00,25007.40,631725.56
1.25,552.00,102.00,159.00,263.00,1465.00,4118.00,737.00,25138.46,638582.63
1.26,531.00,104.00,160.00,263.00,1452.00,4139.00,747.00,25272.72,645158.11
1.26,500.00,104.00,156.00,268.00,1442.00,4174.00,752.00,25334.76,651686.83
1.27,487.00,104.00,155.00,271.00,1405.00,4217.00,757.00,25376.18,658293.04
1.28,467.00,104.00,156.00,272.00,1390.00,4242.00,765.00,25428.89,664699.60
1.28,445.00,99.00,160.00,273.00,1375.00,4270.00,774.00,25536.92,670968.94
1.29,425.00,97.00,160.00,275.00,1361.00,4298.00,780.00,25635.21,677113.02
1.30,406.00,95.00,159.00,278.00,1351.00,4321.00,786.00,25709.60,683067.63
1.31,383.00,93.00,158.00,282.00,1341.00,4348.00,791.00,25762.25,688909.36
1.31,371.00,93.00,153.00,287.00,1318.00,4372.00,802.00,25735.03,694602.97
1.32,351.00,92.00,154.00,288.00,1295.00,4403.00,813.00,25725.29,700266.52
1.33,332.00,91.00,154.00,290.00,1270.00,4442.00,817.00,25716.43,706022.82
1.33,314.00,90.00,153.00,292.00,1255.00,4470.00,822.00,25693.35,711698.52
1.34,298.00,88.00,153.00,294.00,1228.00,4504.00,831.00,25672.35,717390.80
1.35,277.00,87.00,151.00,297.00,1215.00,4534.00,835.00,25623.20,723038.11
1.35,263.00,84.00,149.00,302.00,1183.00,4572.00,843.00,25548.44,728764.55
1.36,247.00,83.00,147.00,306.00,1164.00,4600.00,849.00,25450.38,734413.00
1.37,241.00,81.00,146.00,310.00,1130.00,4632.00,856.00,25346.16,740050.35
1.38,228.00,76.00,147.00,314.00,1111.00,4655.00,865.00,25266.36,745542.35
1.38,215.00,76.00,145.00,316.00,1093.00,4679.00,872.00,25163.73,750916.69
1.39,203.00,74.00,147.00,316.00,1075.00,4700.00,881.00,25100.40,756138.53
1.40,192.00,72.00,149.00,316.00,1063.00,4718.00,886.00,25072.84,761176.09
1.40,180.00,68.00,152.00,317.00,1048.00,4741.00,890.00,25092.84,766120.54
1.41,168.00,68.00,150.00,319.00,1038.00,4760.00,893.00,25080.98,770919.88
1.42,153.00,65.00,150.00,322.00,1020.00,4790.00,896.00,25070.20,775752.01
1.42,140.00,61.00,152.00,324.00,1006.00,4813.00,900.00,25090.43,780508.91
1.43,123.00,60.00,151.00,326.00,998.00,4824.00,914.00,25093.81,785016.85
1.44,112.00,59.00,150.00,328.00,978.00,4850.00,919.00,25081.87,789522.85
1.44,100.00,54.00,154.00,329.00,962.00,4870.00,927.00,25131.10,793936.96
1.45,93.00,54.00,150.00,333.00,933.00,4896.00,937.00,25115.79,798357.30
1.46,84.00,51.00,150.00,336.00,916.00,4917.00,942.00,25101.86,802708.23
1.47,74.00,51.00,146.00,340.00,900.00,4933.00,952.00,25029.10,806920.66
1.47,66.00,49.00,148.00,340.00,892.00,4945.00,956.00,24992.95,810946.57
1.48,60.00,48.00,146.00,343.00,877.00,4956.00,966.00,24930.02,814787.17
1.49,56.00,47.00,143.00,347.00,857.00,4970.00,976.00,24827.70,818503.67
1.49,50.00,44.00,145.00,348.00,842.00,4981.00,986.00,24764.67,822061.81
1.50,43.00,43.00,144.00,350.00,837.00,4990.00,989.00,24692.30,825445.33
1.51,39.00,42.00,143.00,352.00,816.00,5009.00,995.00,24611.44,828819.66
1.51,33.00,40.00,145.00,352.00,795.00,5027.00,1004.00,24567.93,832170.59
1.52,23.00,37.00,147.00,353.00,788.00,5035.00,1013.00,24558.39,835349.91
1.53,18.00,37.00,144.00,356.00,782.00,5036.00,1023.00,24504.64,838267.42
1.53,13.00,37.00,142.00,358.00,764.00,5051.00,1031.00,24425.70,841156.22
1.54,12.00,37.00,141.00,359.00,745.00,5063.00,1039.00,24338.87,843973.76
1.55,7.00,36.00,139.00,362.00,731.00,5075.00,1046.00,24229.82,846726.24
1.56,7.00,36.00,137.00,364.00,708.00,5089.00,1055.00,24100.58,849449.37
1.56,6.00,35.00,138.00,364.00,690.00,5096.00,1067.00,23998.02,852040.53
1.57,5.00,33.00,138.00,366.00,669.00,5105.00,1080.00,23904.73,854541.28
1.58,5.00,33.00,135.00,369.00,645.00,5121.00,1088.00,23774.79,857064.65
1.58,3.00,33.00,134.00,370.00,633.00,5129.00,1094.00,23641.55,859488.47
1.59,3.00,32.00,135.00,370.00,622.00,5136.00,1098.00,23535.37,861806.40
1.60,2.00,31.00,130.00,376.00,617.00,5136.00,1104.00,23363.65,863922.49
1.60,2.00,30.00,130.00,377.00,595.00,5151.00,1111.00,23207.44,866079.67
1.61,2.00,30.00,126.00,381.00,577.00,5155.00,1125.00,23005.24,868109.10
1.62,2.00,30.00,125.00,382.00,561.00,5166.00,1130.00,22806.27,870127.07
1.62,1.00,29.00,125.00,383.00,550.00,5169.00,1139.00,22625.26,872014.40
1.63,1.00,28.00,124.00,385.00,537.00,5178.00,1143.00,22445.57,873872.59
1.64,0.00,28.00,124.00,385.00,524.00,5178.00,1157.00,22282.10,875568.98
1.65,0.00,27.00,124.00,386.00,506.00,5188.00,1165.00,22133.39,877267.88
1.65,0.00,26.00,124.00,387.00,492.00,5188.00,1179.00,21998.11,878818.85
1.66,0.00,23.00,125.00,389.00,479.00,5191.00,1189.00,21890.06,880279.84
1.67,0.00,23.00,125.00,389.00,465.00,5195.00,1199.00,21791.77,881673.70
1.67,0.00,23.00,123.00,391.00,449.00,5201.00,1209.00,21672.30,883036.33
1.68,0.00,22.00,117.00,398.00,438.00,5206.00,1215.00,21473.48,884355.42
1.69,0.00,21.00,117.00,399.00,428.00,5208.00,1223.00,21292.61,885589.70
1.69,0.00,19.00,118.00,400.00,420.00,5210.00,1229.00,21143.09,886746.55
1.70,0.00,19.00,118.00,400.00,409.00,5211.00,1239.00,21007.07,887817.69
1.71,0.00,19.00,114.00,404.00,397.00,5219.00,1243.00,20823.23,888915.74
1.72,0.00,17.00,113.00,407.00,390.00,5217.00,1252.00,20640.97,889888.13
1.72,0.00,17.00,110.00,410.00,375.00,5227.00,1257.00,20430.09,890926.08
1.73,0.00,16.00,109.00,412.00,363.00,5231.00,1265.00,20223.23,891933.74
1.74,0.00,16.00,109.00,412.00,357.00,5231.00,1271.00,20035.05,892853.66
1.74,0.00,15.00,108.00,414.00,347.00,5234.00,1278.00,19848.82,893738.55
1.75,0.00,15.00,105.00,417.00,331.00,5242.00,1286.00,19634.35,894666.57
1.76,0.00,14.00,100.00,423.00,318.00,5246.00,1295.00,19364.11,895573.87
1.76,0.00,14.00,99.00,424.00,307.00,5250.00,1302.00,19103.25,896462.26
1.77,0.00,14.00,99.00,424.00,294.00,5248.00,1317.00,18865.95,897243.25
1.78,0.00,14.00,97.00,426.00,283.00,5252.00,1324.00,18620.01,898016.32
1.78,0.00,14.00,93.00,430.00,271.00,5250.00,1338.00,18336.19,898692.03
1.79,0.00,14.00,91.00,432.00,256.00,5260.00,1343.00,18047.95,899459.14
1.80,0.00,13.00,87.00,437.00,243.00,5269.00,1347.00,17725.63,900294.66
1.81,0.00,11.00,89.00,437.00,239.00,5265.00,1355.00,17462.46,900997.33
1.81,0.00,11.00,88.00,438.00,232.00,5259.00,1368.00,17208.02,901548.67
1.82,0.00,11.00,86.00,440.00,226.00,5256.00,1377.00,16946.51,902006.94
1.83,0.00,11.00,83.00,443.00,220.00,5257.00,1382.00,16663.54,902440.33
1.83,0.00,11.00,82.00,444.00,214.00,5257.00,1388.00,16391.09,902835.98
1.84,0.00,11.00,81.00,445.00,210.00,5251.00,1398.00,16128.21,903107.03
1.85,0.00,11.00,81.00,445.00,206.00,5248.00,1405.00,15889.06,903309.42
1.85,0.00,11.00,79.00,447.00,198.00,5246.00,1415.00,15641.46,903464.14
1.86,0.00,11.00,78.00,448.00,194.00,5242.00,1423.00,15401.19,903545.29
1.87,0.00,10.00,79.00,448.00,191.00,5243.00,1425.00,15197.63,903634.40
1.88,0.00,10.00,78.00,449.00,189.00,5238.00,1432.00,14997.43,903640.63
1.88,0.00,9.00,78.00,450.00,186.00,5234.00,1439.00,14815.30,903586.23
1.89,0.00,9.00,77.00,451.00,179.00,5234.00,1446.00,14634.59,903536.57
1.90,0.00,9.00,76.00,452.00,172.00,5233.00,1454.00,14455.17,903476.20
1.90,0.00,9.00,76.00,452.00,165.00,5235.00,1459.00,14291.94,903451.14
1.91,0.00,8.00,74.00,455.00,155.00,5238.00,1466.00,14113.41,903473.33
1.92,0.00,8.00,74.00,455.00,151.00,5236.00,1472.00,13951.00,903463.55
1.92,0.00,7.00,74.00,456.00,149.00,5232.00,1478.00,13803.24,903394.52
1.93,0.00,7.00,72.00,458.00,142.00,5235.00,1482.00,13638.78,903376.57
1.94,0.00,7.00,69.00,461.00,137.00,5228.00,1494.00,13444.10,903255.03
1.94,0.00,7.00,68.00,462.00,134.00,5218.00,1507.00,13251.97,902993.83
1.95,0.00,7.00,68.00,462.00,130.00,5212.00,1517.00,13077.18,902665.24
1.96,0.00,7.00,67.00,463.00,129.00,5208.00,1522.00,12903.15,902305.17
1.97,0.00,6.00,67.00,464.00,129.00,5201.00,1529.00,12744.84,901871.30
1.97,0.00,6.00,65.00,466.00,125.00,5201.00,1533.00,12570.76,901475.20
1.98,0.00,6.00,65.00,466.00,122.00,5199.00,1538.00,12412.41,901083.55
1.99,0.00,6.00,63.00,468.00,118.00,5198.00,1543.00,12238.30,900710.97
1.99,0.00,6.00,61.00,470.00,116.00,5189.00,1554.00,12049.86,900235.63
2.00,0.00,6.00,59.00,472.00,113.00,5184.00,1562.00,11848.39,899726.57
2.01,0.00,5.00,58.00,474.00,107.00,5182.00,1570.00,11650.09,899231.79
2.01,0.00,5.00,58.00,474.00,102.00,5178.00,1579.00,11469.69,898720.00
2.02,0.00,4.00,56.00,477.00,98.00,5176.00,1585.00,11275.52,898222.72
2.03,0.00,4.00,54.00,479.00,96.00,5170.00,1593.00,11068.84,897678.61
2.03,0.00,4.00,54.00,479.00,95.00,5165.00,1599.00,10880.82,897106.76
2.04,0.00,4.00,54.00,479.00,93.00,5158.00,1608.00,10709.78,896479.55
2.05,0.00,4.00,54.00,479.00,92.00,5152.00,1615.00,10554.17,895816.81
2.06,0.00,4.00,54.00,479.00,90.00,5152.00,1617.00,10412.61,895211.78
2.06,0.00,4.00,54.00,479.00,88.00,5143.00,1628.00,10283.83,894524.22
2.07,0.00,4.00,52.00,481.00,88.00,5134.00,1637.00,10136.64,893761.33
2.08,0.00,4.00,52.00,481.00,85.00,5126.00,1648.00,10002.73,892944.68
2.08,0.00,4.00,50.00,483.00,83.00,5118.00,1658.00,9850.86,892078.96
2.09,0.00,4.00,49.00,484.00,83.00,5114.00,1662.00,9697.68,891228.53
2.10,0.00,4.00,48.00,485.00,80.00,5113.00,1666.00,9543.30,890437.12
2.10,0.00,4.00,47.00,486.00,73.00,5111.00,1675.00,9387.84,889684.59
2.11,0.00,4.00,46.00,487.00,72.00,5109.00,1678.00,9231.39,888967.53
2.12,0.00,4.00,44.00,489.00,69.00,5103.00,1687.00,9059.02,888222.77
2.12,0.00,4.00,43.00,490.00,68.00,5100.00,1691.00,8887.19,887497.80
2.13,0.00,4.00,42.00,491.00,67.00,5091.00,1701.00,8715.84,886700.74
2.14,0.00,4.00,41.00,492.00,64.00,5088.00,1707.00,8544.95,885928.02
2.15,0.00,4.00,41.00,492.00,62.00,5081.00,1716.00,8389.48,885117.43
2.15,0.00,4.00,41.00,492.00,60.00,5070.00,1729.00,8248.04,884212.16
2.16,0.00,4.00,41.00,492.00,59.00,5063.00,1737.00,8119.37,883280.56
2.17,0.00,4.00,40.00,493.00,58.00,5055.00,1746.00,7987.30,882309.89
2.17,0.00,4.00,40.00,493.00,53.00,5053.00,1753.00,7867.15,881393.70
2.18,0.00,4.00,37.00,496.00,52.00,5040.00,1767.00,7712.78,880361.98
2.19,0.00,4.00,36.00,497.00,50.00,5028.00,1781.00,7557.32,879239.83
2.19,0.00,3.00,36.00,498.00,49.00,5024.00,1786.00,7415.89,878155.30
2.20,0.00,2.00,36.00,499.00,49.00,5021.00,1789.00,7287.23,877120.13
2.21,0.00,2.00,35.00,500.00,46.00,5017.00,1796.00,7155.17,876115.01
2.22,0.00,2.00,34.00,501.00,45.00,5012.00,1802.00,7020.00,875122.29
2.22,0.00,2.00,32.00,503.00,42.00,5004.00,1813.00,6866.99,874095.84
2.23,0.00,1.00,32.00,504.00,42.00,4996.00,1821.00,6727.80,873038.57
2.24,0.00,1.00,31.00,505.00,39.00,4995.00,1825.00,6586.14,872058.35
2.24,0.00,1.00,30.00,506.00,38.00,4985.00,1836.00,6442.25,871013.25
2.25,0.00,1.00,29.00,507.00,37.00,4977.00,1845.00,6296.33,869938.96
2.26,0.00,1.00,29.00,507.00,37.00,4969.00,1853.00,6163.58,868838.04
2.26,0.00,1.00,29.00,507.00,36.00,4957.00,1866.00,6042.82,867652.70
2.27,0.00,1.00,27.00,509.00,35.00,4951.00,1873.00,5902.91,866480.44
2.28,0.00,1.00,27.00,509.00,35.00,4946.00,1878.00,5775.64,865335.14
2.28,0.00,1.00,26.00,510.00,34.00,4941.00,1884.00,5644.83,864214.45
2.29,0.00,1.00,24.00,512.00,33.00,4932.00,1894.00,5495.78,863056.14
2.30,0.00,1.00,24.00,512.00,32.00,4922.00,1905.00,5360.19,861848.46
2.31,0.00,1.00,24.00,512.00,31.00,4910.00,1918.00,5236.84,860565.66
2.31,0.00,1.00,23.00,513.00,30.00,4902.00,1927.00,5109.60,859274.37
2.32,0.00,1.00,23.00,513.00,30.00,4895.00,1934.00,4993.85,857990.37
2.33,0.00,1.00,23.00,513.00,30.00,4885.00,1944.00,4888.55,856667.94
2.33,0.00,1.00,22.00,514.00,29.00,4877.00,1953.00,4777.73,855340.47
2.34,0.00,1.00,20.00,516.00,28.00,4871.00,1960.00,4646.87,854038.46
2.35,0.00,1.00,20.00,516.00,26.00,4865.00,1968.00,4527.82,852759.68
2.35,0.00,1.00,19.00,517.00,26.00,4858.00,1975.00,4404.50,851487.10
2.36,0.00,1.00,19.00,517.00,25.00,4855.00,1979.00,4292.31,850280.25
2.37,0.00,1.00,19.00,517.00,25.00,4853.00,1981.00,4190.25,849148.45
2.38,0.00,1.00,17.00,519.00,25.00,4847.00,1987.00,4067.36,848025.06
2.38,0.00,1.00,17.00,519.00,25.00,4837.00,1997.00,3955.56,846849.26
2.39,0.00,1.00,17.00,519.00,23.00,4835.00,2001.00,3853.85,845745.79
2.40,0.00,1.00,17.00,519.00,23.00,4830.00,2006.00,3761.33,844663.30
2.40,0.00,1.00,17.00,519.00,23.00,4823.00,2013.00,3677.16,843569.90
2.41,0.00,1.00,17.00,519.00,22.00,4815.00,2022.00,3600.58,842451.53
2.42,0.00,1.00,16.00,520.00,22.00,4812.00,2025.00,3515.90,841385.47
2.42,0.00,1.00,15.00,521.00,21.00,4805.00,2033.00,3423.84,840307.08
2.43,0.00,1.00,14.00,522.00,21.00,4798.00,2040.00,3325.07,839217.43
2.44,0.00,1.00,14.00,522.00,21.00,4792.00,2046.00,3235.21,838132.52
2.44,0.00,1.00,12.00,524.00,20.00,4787.00,2052.00,3123.42,837066.96
2.45,0.00,1.00,12.00,524.00,20.00,4782.00,2057.00,3021.72,836019.08
2.46,0.00,1.00,12.00,524.00,18.00,4779.00,2062.00,2929.21,835017.37
2.47,0.00,1.00,12.00,524.00,17.00,4774.00,2068.00,2845.04,834027.77
2.47,0.00,1.00,11.00,525.00,17.00,4768.00,2074.00,2753.45,833034.20
2.48,0.00,1.00,11.00,525.00,17.00,4762.00,2080.00,2670.13,832037.01
2.49,0.00,1.00,11.00,525.00,15.00,4759.00,2085.00,2594.33,831081.58
2.49,0.00,0.00,12.00,525.00,14.00,4750.00,2095.00,2540.40,830074.14
2.50,0.00,0.00,12.00,525.00,14.00,4739.00,2106.00,2491.34,828989.16
2.51,0.00,0.00,11.00,526.00,14.00,4729.00,2116.00,2431.68,827848.43
2.51,0.00,0.00,11.00,526.00,14.00,4721.00,2124.00,2377.41,826686.85
2.52,0.00,0.00,10.00,527.00,14.00,4711.00,2134.00,2313.01,825476.18
2.53,0.00,0.00,10.00,527.00,13.00,4707.00,2139.00,2254.43,824310.84
2.53,0.00,0.00,10.00,527.00,12.00,4703.00,2144.00,2201.13,823186.88
2.54,0.00,0.00,9.00,528.00,12.00,4697.00,2150.00,2137.63,822070.65
2.55,0.00,0.00,9.00,528.00,11.00,4683.00,2165.00,2079.86,820841.29
2.56,0.00,0.00,9.00,528.00,11.00,4681.00,2167.00,2027.30,819688.94
2.56,0.00,0.00,9.00,528.00,11.00,4674.00,2174.00,1979.49,818531.76
2.57,0.00,0.00,9.00,528.00,11.00,4663.00,2185.00,1935.99,817310.10
2.58,0.00,0.00,9.00,528.00,11.00,4656.00,2192.00,1896.42,816089.65
2.58,0.00,0.00,8.00,529.00,11.00,4646.00,2202.00,1845.40,814825.24
2.59,0.00,0.00,8.00,529.00,10.00,4637.00,2212.00,1798.99,813535.72
2.60,0.00,0.00,8.00,529.00,10.00,4627.00,2222.00,1756.77,812208.26
2.60,0.00,0.00,8.00,529.00,9.00,4618.00,2232.00,1718.35,810861.17
2.61,0.00,0.00,8.00,529.00,9.00,4610.00,2240.00,1683.41,809511.20
2.62,0.00,0.00,8.00,529.00,8.00,4603.00,2248.00,1651.62,808173.63
2.62,0.00,0.00,8.00,529.00,7.00,4598.00,2254.00,1622.70,806877.40
2.63,0.00,0.00,8.00,529.00,7.00,4592.00,2260.00,1596.39,805603.91
2.64,0.00,0.00,8.00,529.00,7.00,4578.00,2274.00,1572.46,804230.98
2.65,0.00,0.00,7.00,530.00,7.00,4566.00,2286.00,1535.66,802797.33
2.65,0.00,0.00,7.00,530.00,7.00,4561.00,2291.00,1502.19,801413.39
2.66,0.00,0.00,6.00,531.00,6.00,4556.00,2297.00,1456.71,800074.85
2.67,0.00,0.00,6.00,531.00,6.00,4550.00,2303.00,1415.34,798762.72
2.67,0.00,0.00,6.00,531.00,5.00,4540.00,2314.00,1377.71,797414.62
2.68,0.00,0.00,6.00,531.00,5.00,4529.00,2325.00,1343.47,796018.65
2.69,0.00,0.00,6.00,531.00,5.00,4521.00,2333.00,1312.32,794624.05
2.69,0.00,0.00,6.00,531.00,5.00,4516.00,2338.00,1283.99,793275.77
2.70,0.00,0.00,6.00,531.00,5.00,4511.00,2343.00,1258.21,791969.78
2.71,0.00,0.00,5.00,532.00,5.00,4503.00,2351.00,1219.74,790657.33
2.72,0.00,0.00,5.00,532.00,5.00,4493.00,2361.00,1184.74,789308.92
2.72,0.00,0.00,5.00,532.00,5.00,4489.00,2365.00,1152.90,788017.84
2.73,0.00,0.00,5.00,532.00,5.00,4483.00,2371.00,1123.93,786749.04
2.74,0.00,0.00,5.00,532.00,5.00,4477.00,2377.00,1097.58,785500.59
2.74,0.00,0.00,5.00,532.00,5.00,4466.00,2388.00,1073.61,784195.59
2.75,0.00,0.00,5.00,532.00,5.00,4457.00,2397.00,1051.80,782869.01
2.76,0.00,0.00,4.00,533.00,5.00,4456.00,2398.00,1016.94,781642.93
2.76,0.00,0.00,4.00,533.00,5.00,4447.00,2407.00,985.23,780388.40
2.77,0.00,0.00,4.00,533.00,5.00,4441.00,2413.00,956.38,779152.97
2.78,0.00,0.00,4.00,533.00,5.00,4433.00,2421.00,930.13,777904.93
2.78,0.00,0.00,4.00,533.00,5.00,4427.00,2427.00,906.25,776675.43
2.79,0.00,0.00,4.00,533.00,5.00,4420.00,2434.00,884.53,775447.83
2.80,0.00,0.00,4.00,533.00,5.00,4410.00,2444.00,864.77,774176.89
2.81,0.00,0.00,4.00,533.00,5.00,4400.00,2454.00,846.79,772866.38
2.81,0.00,0.00,4.00,533.00,5.00,4393.00,2461.00,830.44,771564.83
2.82,0.00,0.00,4.00,533.00,5.00,4386.00,2468.00,815.56,770271.45
2.83,0.00,0.00,4.00,533.00,5.00,4379.00,2475.00,802.03,768985.53
2.83,0.00,0.00,4.00,533.00,5.00,4369.00,2485.00,789.71,767661.35
2.84,0.00,0.00,4.00,533.00,5.00,4361.00,2493.00,778.51,766332.30
2.85,0.00,0.00,3.00,534.00,5.00,4348.00,2506.00,753.30,764923.67
2.85,0.00,0.00,2.00,535.00,5.00,4339.00,2515.00,715.34,763502.48
2.86,0.00,0.00,2.00,535.00,4.00,4332.00,2523.00,680.81,762099.89
2.87,0.00,0.00,2.00,535.00,4.00,4326.00,2529.00,649.39,760729.30
2.88,0.00,0.00,2.00,535.00,3.00,4320.00,2536.00,620.81,759387.90
2.88,0.00,0.00,2.00,535.00,2.00,4312.00,2545.00,594.81,758043.13
2.89,0.00,0.00,2.00,535.00,2.00,4307.00,2550.00,571.16,756740.34
2.90,0.00,0.00,2.00,535.00,2.00,4297.00,2560.00,549.64,755400.76
2.90,0.00,0.00,2.00,535.00,2.00,4290.00,2567.00,530.07,754072.66
2.91,0.00,0.00,2.00,535.00,2.00,4284.00,2573.00,512.26,752770.07
2.92,0.00,0.00,2.00,535.00,2.00,4276.00,2581.00,496.06,751460.72
2.92,0.00,0.00,2.00,535.00,2.00,4270.00,2587.00,481.33,750175.24
2.93,0.00,0.00,1.00,536.00,2.00,4263.00,2594.00,452.90,748896.54
2.94,0.00,0.00,1.00,536.00,2.00,4256.00,2601.00,427.03,747624.02
2.94,0.00,0.00,1.00,536.00,2.00,4250.00,2607.00,403.50,746372.16
2.95,0.00,0.00,1.00,536.00,2.00,4247.00,2610.00,382.10,745184.25
2.96,0.00,0.00,1.00,536.00,2.00,4241.00,2616.00,362.63,744009.63
2.97,0.00,0.00,1.00,536.00,2.00,4231.00,2626.00,344.91,742787.06
2.97,0.00,0.00,1.00,536.00,2.00,4223.00,2634.00,328.80,741550.77
2.98,0.00,0.00,1.00,536.00,2.00,4219.00,2638.00,314.14,740362.03
2.99,0.00,0.00,1.00,536.00,2.00,4215.00,2642.00,300.80,739216.71
2.99,0.00,0.00,1.00,536.00,2.00,4208.00,2649.00,288.67,738065.96
3.00,0.00,0.00,1.00,536.00,2.00,4200.00,2657.00,277.63,736895.23
3.01,0.00,0.00,1.00,536.00,2.00,4190.00,2667.00,267.59,735676.21
3.01,0.00,0.00,1.00,536.00,1.00,4185.00,2673.00,258.46,734488.22
3.02,0.00,0.00,1.00,536.00,1.00,4180.00,2678.00,250.15,733328.56
3.03,0.00,0.00,1.00,536.00,1.00,4170.00,2688.00,242.59,732119.65
3.03,0.00,0.00,1.00,536.00,1.00,4158.00,2700.00,235.71,730835.72
3.04,0.00,0.00,1.00,536.00,1.00,4153.00,2705.00,229.45,729588.48
3.05,0.00,0.00,1.00,536.00,1.00,4142.00,2716.00,223.76,728284.59
3.06,0.00,0.00,1.00,536.00,1.00,4131.00,2727.00,218.58,726928.99
3.06,0.00,0.00,1.00,536.00,1.00,4126.00,2732.00,213.87,725616.31
3.07,0.00,0.00,1.00,536.00,1.00,4119.00,2739.00,209.59,724312.77
3.08,0.00,0.00,1.00,536.00,1.00,4112.00,2746.00,205.69,723017.57
3.08,0.00,0.00,1.00,536.00,1.00,4107.00,2751.00,202.15,721760.04
3.09,0.00,0.00,1.00,536.00,1.00,4100.00,2758.00,198.92,720506.85
3.10,0.00,0.00,1.00,536.00,1.00,4086.00,2772.00,195.98,719152.46
3.10,0.00,0.00,1.00,536.00,1.00,4081.00,2777.00,193.31,717840.89
3.11,0.00,0.00,1.00,536.00,1.00,4077.00,2781.00,190.89,716583.43
3.12,0.00,0.00,1.00,536.00,1.00,4069.00,2789.00,188.68,715315.28
3.12,0.00,0.00,1.00,536.00,1.00,4060.00,2798.00,186.67,714022.35
3.13,0.00,0.00,1.00,536.00,1.00,4054.00,2804.00,184.84,712751.86
3.14,0.00,0.00,1.00,536.00,1.00,4046.00,2812.00,183.17,711471.82
3.15,0.00,0.00,1.00,536.00,1.00,4035.00,2823.00,181.66,710137.98
3.15,0.00,0.00,1.00,536.00,1.00,4025.00,2833.00,180.28,708770.06
3.16,0.00,0.00,1.00,536.00,1.00,4017.00,2841.00,179.03,707401.06
3.17,0.00,0.00,1.00,536.00,1.00,4008.00,2850.00,177.89,706016.07
3.17,0.00,0.00,1.00,536.00,1.00,3999.00,2859.00,176.86,704616.46
3.18,0.00,0.00,1.00,536.00,1.00,3991.00,2867.00,175.91,703218.55
3.19,0.00,0.00,1.00,536.00,1.00,3980.00,2878.00,175.05,701777.10
3.19,0.00,0.00,0.00,537.00,1.00,3970.00,2888.00,159.25,700310.94
3.20,0.00,0.00,0.00,537.00,1.00,3966.00,2892.00,144.87,698912.35
3.21,0.00,0.00,0.00,537.00,1.00,3958.00,2900.00,131.80,697515.36
3.22,0.00,0.00,0.00,537.00,1.00,3954.00,2904.00,119.90,696179.92
3.22,0.00,0.00,0.00,537.00,1.00,3950.00,2908.00,109.07,694900.68
3.23,0.00,0.00,0.00,537.00,1.00,3939.00,2919.00,99.23,693567.57
3.24,0.00,0.00,0.00,537.00,1.00,3929.00,2929.00,90.27,692200.32
3.24,0.00,0.00,0.00,537.00,1.00,3918.00,2940.00,82.12,690786.86
3.25,0.00,0.00,0.00,537.00,1.00,3913.00,2945.00,74.71,689421.37
3.26,0.00,0.00,0.00,537.00,1.00,3904.00,2954.00,67.96,688039.56
3.26,0.00,0.00,0.00,537.00,1.00,3893.00,2965.00,61.83,686612.83
3.27,0.00,0.00,0.00,537.00,1.00,3888.00,2970.00,56.24,685235.22
3.28,0.00,0.00,0.00,537.00,1.00,3884.00,2974.00,51.17,683917.47
3.28,0.00,0.00,0.00,537.00,1.00,3877.00,2981.00,46.55,682609.30
3.29,0.00,0.00,0.00,537.00,1.00,3871.00,2987.00,42.35,681324.91
3.30,0.00,0.00,0.00,537.00,1.00,3861.00,2997.00,38.52,680002.12
3.31,0.00,0.00,0.00,537.00,1.00,3854.00,3004.00,35.04,678689.35
3.31,0.00,0.00,0.00,537.00,1.00,3846.00,3012.00,31.88,677370.71
3.32,0.00,0.00,0.00,537.00,1.00,3837.00,3021.00,29.00,676031.68
3.33,0.00,0.00,0.00,537.00,1.00,3829.00,3029.00,26.38,674689.07
3.33,0.00,0.00,0.00,537.00,1.00,3821.00,3037.00,24.00,673343.18
3.34,0.00,0.00,0.00,537.00,0.00,3813.00,3046.00,21.84,671994.30
3.35,0.00,0.00,0.00,537.00,0.00,3805.00,3054.00,19.86,670642.69
3.35,0.00,0.00,0.00,537.00,0.00,3802.00,3057.00,18.07,669363.71
3.36,0.00,0.00,0.00,537.00,0.00,3797.00,3062.00,16.44,668120.97
3.37,0.00,0.00,0.00,537.00,0.00,3786.00,3073.00,14.96,666821.20
3.38,0.00,0.00,0.00,537.00,0.00,3784.00,3075.00,13.61,665604.56
3.38,0.00,0.00,0.00,537.00,0.00,3773.00,3086.00,12.38,664328.60
3.39,0.00,0.00,0.00,537.00,0.00,3761.00,3098.00,11.26,662983.47
3.40,0.00,0.00,0.00,537.00,0.00,3759.00,3100.00,10.24,661725.42
3.40,0.00,0.00,0.00,537.00,0.00,3751.00,3108.00,9.32,660456.74
3.41,0.00,0.00,0.00,537.00,0.00,3742.00,3117.00,8.48,659163.32
3.42,0.00,0.00,0.00,537.00,0.00,3731.00,3128.00,7.71,657817.27
3.42,0.00,0.00,0.00,537.00,0.00,3728.00,3131.00,7.02,656543.36
3.43,0.00,0.00,0.00,537.00,0.00,3722.00,3137.00,6.38,655290.23
3.44,0.00,0.00,0.00,537.00,0.00,3714.00,3145.00,5.81,654026.04
3.44,0.00,0.00,0.00,537.00,0.00,3710.00,3149.00,5.28,652811.84
3.45,0.00,0.00,0.00,537.00,0.00,3707.00,3152.00,4.81,651658.30
3.46,0.00,0.00,0.00,537.00,0.00,3698.00,3161.00,4.37,650469.99
3.47,0.00,0.00,0.00,537.00,0.00,3692.00,3167.00,3.98,649295.02
3.47,0.00,0.00,0.00,537.00,0.00,3686.00,3173.00,3.62,648132.22
3.48,0.00,0.00,0.00,537.00,0.00,3678.00,3181.00,3.29,646950.49
3.49,0.00,0.00,0.00,537.00,0.00,3668.00,3191.00,2.99,645721.43
3.49,0.00,0.00,0.00,537.00,0.00,3662.00,3197.00,2.72,644509.25
3.50,0.00,0.00,0.00,537.00,0.00,3653.00,3206.00,2.48,643267.41
3.51,0.00,0.00,0.00,537.00,0.00,3640.00,3219.00,2.25,641938.41
3.51,0.00,0.00,0.00,537.00,0.00,3630.00,3229.00,2.05,640574.90
3.52,0.00,0.00,0.00,537.00,0.00,3628.00,3231.00,1.87,639300.08
3.53,0.00,0.00,0.00,537.00,0.00,3623.00,3236.00,1.70,638061.14
3.53,0.00,0.00,0.00,537.00,0.00,3618.00,3241.00,1.54,636854.97
3.54,0.00,0.00,0.00,537.00,0.00,3610.00,3249.00,1.40,635633.65
3.55,0.00,0.00,0.00,537.00,0.00,3609.00,3250.00,1.28,634503.65
3.56,0.00,0.00,0.00,537.00,0.00,3603.00,3256.00,1.16,633381.90
3.56,0.00,0.00,0.00,537.00,0.00,3599.00,3260.00,1.06,632297.74
3.57,0.00,0.00,0.00,537.00,0.00,3591.00,3268.00,0.96,631187.80
3.58,0.00,0.00,0.00,537.00,0.00,3585.00,3274.00,0.88,630084.37
3.58,0.00,0.00,0.00,537.00,0.00,3570.00,3289.00,0.80,628851.68
3.59,0.00,0.00,0.00,537.00,0.00,3559.00,3300.00,0.72,627561.07
3.60,0.00,0.00,0.00,537.00,0.00,3548.00,3311.00,0.66,626217.59
3.60,0.00,0.00,0.00,537.00,0.00,3542.00,3317.00,0.60,624900.95
3.61,0.00,0.00,0.00,537.00,0.00,3535.00,3324.00,0.55,623593.80
3.62,0.00,0.00,0.00,537.00,0.00,3529.00,3330.00,0.50,622310.33
3.62,0.00,0.00,0.00,537.00,0.00,3516.00,3343.00,0.45,620943.32
3.63,0.00,0.00,0.00,537.00,0.00,3506.00,3353.00,0.41,619545.11
3.64,0.00,0.00,0.00,537.00,0.00,3500.00,3359.00,0.37,618178.52
3.65,0.00,0.00,0.00,537.00,0.00,3493.00,3366.00,0.34,616825.76
3.65,0.00,0.00,0.00,537.00,0.00,3488.00,3371.00,0.31,615515.68
3.66,0.00,0.00,0.00,537.00,0.00,3480.00,3379.00,0.28,614199.48
3.67,0.00,0.00,0.00,537.00,0.00,3475.00,3384.00,0.26,612922.79
3.67,0.00,0.00,0.00,537.00,0.00,3465.00,3394.00,0.23,611607.03
3.68,0.00,0.00,0.00,537.00,0.00,3456.00,3403.00,0.21,610270.63
3.69,0.00,0.00,0.00,537.00,0.00,3448.00,3411.00,0.19,608930.42
3.69,0.00,0.00,0.00,537.00,0.00,3442.00,3417.00,0.18,607616.77
3.70,0.00,0.00,0.00,537.00,0.00,3432.00,3427.00,0.16,606267.27
3.71,0.00,0.00,0.00,537.00,0.00,3422.00,3437.00,0.14,604885.06
3.72,0.00,0.00,0.00,537.00,0.00,3413.00,3446.00,0.13,603487.99
3.72,0.00,0.00,0.00,537.00,0.00,3408.00,3451.00,0.12,602137.46
3.73,0.00,0.00,0.00,537.00,0.00,3399.00,3460.00,0.11,600769.32
3.74,0.00,0.00,0.00,537.00,0.00,3392.00,3467.00,0.10,599415.14
3.74,0.00,0.00,0.00,537.00,0.00,3389.00,3470.00,0.09,598133.82
3.75,0.00,0.00,0.00,537.00,0.00,3383.00,3476.00,0.08,596873.93
3.76,0.00,0.00,0.00,537.00,0.00,3373.00,3486.00,0.07,595573.51
3.76,0.00,0.00,0.00,537.00,0.00,3360.00,3499.00,0.07,594191.03
3.77,0.00,0.00,0.00,537.00,0.00,3355.00,3504.00,0.06,592853.82
3.78,0.00,0.00,0.00,537.00,0.00,3347.00,3512.00,0.06,591512.86
3.78,0.00,0.00,0.00,537.00,0.00,3338.00,3521.00,0.05,590153.45
3.79,0.00,0.00,0.00,537.00,0.00,3331.00,3528.00,0.05,588807.26
3.80,0.00,0.00,0.00,537.00,0.00,3322.00,3537.00,0.04,587443.08
3.81,0.00,0.00,0.00,537.00,0.00,3319.00,3540.00,0.04,586152.61
3.81,0.00,0.00,0.00,537.00,0.00,3315.00,3544.00,0.04,584914.43
3.82,0.00,0.00,0.00,537.00,0.00,3309.00,3550.00,0.03,583693.92
3.83,0.00,0.00,0.00,537.00,0.00,3303.00,3556.00,0.03,582489.55
3.83,0.00,0.00,0.00,537.00,0.00,3297.00,3562.00,0.03,581299.91
3.84,0.00,0.00,0.00,537.00,0.00,3288.00,3571.00,0.02,580078.65
3.85,0.00,0.00,0.00,537.00,0.00,3282.00,3577.00,0.02,578873.60
3.85,0.00,0.00,0.00,537.00,0.00,3274.00,3585.00,0.02,577653.29
3.86,0.00,0.00,0.00,537.00,0.00,3268.00,3591.00,0.02,576449.11
3.87,0.00,0.00,0.00,537.00,0.00,3264.00,3595.00,0.02,575289.68
3.88,0.00,0.00,0.00,537.00,0.00,3256.00,3603.00,0.01,574111.03
3.88,0.00,0.00,0.00,537.00,0.00,3248.00,3611.00,0.01,572914.83
3.89,0.00,0.00,0.00,537.00,0.00,3241.00,3618.00,0.01,571717.62
3.90,0.00,0.00,0.00,537.00,0.00,3235.00,3624.00,0.01,570534.53
3.90,0.00,0.00,0.00,537.00,0.00,3229.00,3630.00,0.01,569364.31
3.91,0.00,0.00,0.00,537.00,0.00,3221.00,3638.00,0.01,568175.81
3.92,0.00,0.00,0.00,537.00,0.00,3215.00,3644.00,0.01,567000.66
3.92,0.00,0.00,0.00,537.00,0.00,3207.00,3652.00,0.01,565807.65
3.93,0.00,0.00,0.00,537.00,0.00,3199.00,3660.00,0.01,564598.34
3.94,0.00,0.00,0.00,537.00,0.00,3192.00,3667.00,0.01,563389.17
3.94,0.00,0.00,0.00,537.00,0.00,3185.00,3674.00,0.01,562180.13
3.95,0.00,0.00,0.00,537.00,0.00,3179.00,3680.00,0.01,560986.23
3.96,0.00,0.00,0.00,537.00,0.00,3172.00,3687.00,0.00,559791.12
3.97,0.00,0.00,0.00,537.00,0.00,3165.00,3694.00,0.00,558594.92
3.97,0.00,0.00,0.00,537.00,0.00,3153.00,3706.00,0.00,557322.60
3.98,0.00,0.00,0.00,537.00,0.00,3144.00,3715.00,0.00,556025.86
3.99,0.00,0.00,0.00,537.00,0.00,3135.00,3724.00,0.00,554706.83
3.99,0.00,0.00,0.00,537.00,0.00,3129.00,3730.00,0.00,553412.52
4.00,0.00,0.00,0.00,537.00,0.00,3121.00,3738.00,0.00,552110.72
4.01,0.00,0.00,0.00,537.00,0.00,3117.00,3742.00,0.00,550862.19
4.01,0.00,0.00,0.00,537.00,0.00,3109.00,3750.00,0.00,549602.19
4.02,0.00,0.00,0.00,537.00,0.00,3102.00,3757.00,0.00,548346.74
4.03,0.00,0.00,0.00,537.00,0.00,3096.00,3763.00,0.00,547110.48
4.03,0.00,0.00,0.00,537.00,0.00,3091.00,3768.00,0.00,545906.75
4.04,0.00,0.00,0.00,537.00,0.00,3088.00,3771.00,0.00,544762.76
4.05,0.00,0.00,0.00,537.00,0.00,3085.00,3774.00,0.00,543673.32
4.06,0.00,0.00,0.00,537.00,0.00,3073.00,3786.00,0.00,542498.47
4.06,0.00,0.00,0.00,537.00,0.00,3062.00,3797.00,0.00,541260.66
4.07,0.00,0.00,0.00,537.00,0.00,3057.00,3802.00,0.00,540055.52
4.08,0.00,0.00,0.00,537.00,0.00,3051.00,3808.00,0.00,538865.18
4.08,0.00,0.00,0.00,537.00,0.00,3042.00,3817.00,0.00,537643.28
4.09,0.00,0.00,0.00,537.00,0.00,3030.00,3829.00,0.00,536347.51
4.10,0.00,0.00,0.00,537.00,0.00,3025.00,3834.00,0.00,535089.44
4.10,0.00,0.00,0.00,537.00,0.00,3016.00,3843.00,0.00,533805.72
4.11,0.00,0.00,0.00,537.00,0.00,3009.00,3850.00,0.00,532528.62
4.12,0.00,0.00,0.00,537.00,0.00,3004.00,3855.00,0.00,531287.61
4.12,0.00,0.00,0.00,537.00,0.00,3000.00,3859.00,0.00,530094.56
4.13,0.00,0.00,0.00,537.00,0.00,2991.00,3868.00,0.00,528870.20
4.14,0.00,0.00,0.00,537.00,0.00,2977.00,3882.00,0.00,527542.12
4.15,0.00,0.00,0.00,537.00,0.00,2966.00,3893.00,0.00,526164.43
4.15,0.00,0.00,0.00,537.00,0.00,2957.00,3902.00,0.00,524771.50
4.16,0.00,0.00,0.00,537.00,0.00,2956.00,3903.00,0.00,523484.84
4.17,0.00,0.00,0.00,537.00,0.00,2948.00,3911.00,0.00,522190.02
4.17,0.00,0.00,0.00,537.00,0.00,2944.00,3915.00,0.00,520947.87
4.18,0.00,0.00,0.00,537.00,0.00,2936.00,3923.00,0.00,519693.69
4.19,0.00,0.00,0.00,537.00,0.00,2929.00,3930.00,0.00,518443.55
4.19,0.00,0.00,0.00,537.00,0.00,2921.00,3938.00,0.00,517182.09
4.20,0.00,0.00,0.00,537.00,0.00,2914.00,3945.00,0.00,515925.31
4.21,0.00,0.00,0.00,537.00,0.00,2908.00,3951.00,0.00,514687.83
4.22,0.00,0.00,0.00,537.00,0.00,2902.00,3957.00,0.00,513467.96
4.22,0.00,0.00,0.00,537.00,0.00,2895.00,3964.00,0.00,512249.16
4.23,0.00,0.00,0.00,537.00,0.00,2885.00,3974.00,0.00,510986.25
4.24,0.00,0.00,0.00,537.00,0.00,2878.00,3981.00,0.00,509728.14
4.24,0.00,0.00,0.00,537.00,0.00,2876.00,3983.00,0.00,508549.55
4.25,0.00,0.00,0.00,537.00,0.00,2873.00,3986.00,0.00,507428.51
4.26,0.00,0.00,0.00,537.00,0.00,2864.00,3995.00,0.00,506269.87
4.26,0.00,0.00,0.00,537.00,0.00,2856.00,4003.00,0.00,505091.94
4.27,0.00,0.00,0.00,537.00,0.00,2851.00,4008.00,0.00,503941.47
4.28,0.00,0.00,0.00,537.00,0.00,2840.00,4019.00,0.00,502725.92
4.28,0.00,0.00,0.00,537.00,0.00,2836.00,4023.00,0.00,501556.12
4.29,0.00,0.00,0.00,537.00,0.00,2827.00,4032.00,0.00,500352.98
4.30,0.00,0.00,0.00,537.00,0.00,2818.00,4041.00,0.00,499119.39
4.31,0.00,0.00,0.00,537.00,0.00,2809.00,4050.00,0.00,497858.01
4.31,0.00,0.00,0.00,537.00,0.00,2804.00,4055.00,0.00,496631.35
4.32,0.00,0.00,0.00,537.00,0.00,2798.00,4061.00,0.00,495421.37
4.33,0.00,0.00,0.00,537.00,0.00,2795.00,4064.00,0.00,494271.67
4.33,0.00,0.00,0.00,537.00,0.00,2786.00,4073.00,0.00,493086.88
4.34,0.00,0.00,0.00,537.00,0.00,2782.00,4077.00,0.00,491945.17
4.35,0.00,0.00,0.00,537.00,0.00,2772.00,4087.00,0.00,490752.64
4.35,0.00,0.00,0.00,537.00,0.00,2758.00,4101.00,0.00,489453.62
4.36,0.00,0.00,0.00,537.00,0.00,2752.00,4107.00,0.00,488177.58
4.37,0.00,0.00,0.00,537.00,0.00,2743.00,4116.00,0.00,486877.44
4.38,0.00,0.00,0.00,537.00,0.00,2736.00,4123.00,0.00,485585.36
4.38,0.00,0.00,0.00,537.00,0.00,2726.00,4133.00,0.00,484255.55
4.39,0.00,0.00,0.00,537.00,0.00,2721.00,4138.00,0.00,482966.42
4.40,0.00,0.00,0.00,537.00,0.00,2716.00,4143.00,0.00,481714.43
4.40,0.00,0.00,0.00,537.00,0.00,2709.00,4150.00,0.00,480466.29
4.41,0.00,0.00,0.00,537.00,0.00,2696.00,4163.00,0.00,479131.54
4.42,0.00,0.00,0.00,537.00,0.00,2690.00,4169.00,0.00,477822.87
4.42,0.00,0.00,0.00,537.00,0.00,2684.00,4175.00,0.00,476538.01
4.43,0.00,0.00,0.00,537.00,0.00,2678.00,4181.00,0.00,475274.90
4.44,0.00,0.00,0.00,537.00,0.00,2673.00,4186.00,0.00,474046.66
4.44,0.00,0.00,0.00,537.00,0.00,2669.00,4190.00,0.00,472865.28
4.45,0.00,0.00,0.00,537.00,0.00,2661.00,4198.00,0.00,471666.58
4.46,0.00,0.00,0.00,537.00,0.00,2651.00,4208.00,0.00,470422.03
4.47,0.00,0.00,0.00,537.00,0.00,2637.00,4222.00,0.00,469075.53
4.47,0.00,0.00,0.00,537.00,0.00,2630.00,4229.00,0.00,467741.11
4.48,0.00,0.00,0.00,537.00,0.00,2621.00,4238.00,0.00,466387.68
4.49,0.00,0.00,0.00,537.00,0.00,2613.00,4246.00,0.00,465031.91
4.49,0.00,0.00,0.00,537.00,0.00,2607.00,4252.00,0.00,463704.06
4.50,0.00,0.00,0.00,537.00,0.00,2598.00,4261.00,0.00,462356.63
4.51,0.00,0.00,0.00,537.00,0.00,2593.00,4266.00,0.00,461051.41
4.51,0.00,0.00,0.00,537.00,0.00,2588.00,4271.00,0.00,459784.73
4.52,0.00,0.00,0.00,537.00,0.00,2583.00,4276.00,0.00,458553.23
4.53,0.00,0.00,0.00,537.00,0.00,2576.00,4283.00,0.00,457323.81
4.53,0.00,0.00,0.00,537.00,0.00,2571.00,4288.00,0.00,456126.32
4.54,0.00,0.00,0.00,537.00,0.00,2566.00,4293.00,0.00,454957.98
4.55,0.00,0.00,0.00,537.00,0.00,2561.00,4298.00,0.00,453816.27
4.56,0.00,0.00,0.00,537.00,0.00,2557.00,4302.00,0.00,452713.88
4.56,0.00,0.00,0.00,537.00,0.00,2546.00,4313.00,0.00,451542.23
4.57,0.00,0.00,0.00,537.00,0.00,2538.00,4321.00,0.00,450352.41
4.58,0.00,0.00,0.00,537.00,0.00,2533.00,4326.00,0.00,449191.09
4.58,0.00,0.00,0.00,537.00,0.00,2529.00,4330.00,0.00,448070.79
4.59,0.00,0.00,0.00,537.00,0.00,2522.00,4337.00,0.00,446942.88
4.60,0.00,0.00,0.00,537.00,0.00,2518.00,4341.00,0.00,445853.10
4.60,0.00,0.00,0.00,537.00,0.00,2515.00,4344.00,0.00,444813.14
4.61,0.00,0.00,0.00,537.00,0.00,2508.00,4351.00,0.00,443758.57
4.62,0.00,0.00,0.00,537.00,0.00,2502.00,4357.00,0.00,442705.70
4.62,0.00,0.00,0.00,537.00,0.00,2494.00,4365.00,0.00,441624.31
4.63,0.00,0.00,0.00,537.00,0.00,2488.00,4371.00,0.00,440546.95
4.64,0.00,0.00,0.00,537.00,0.00,2483.00,4376.00,0.00,439488.29
4.65,0.00,0.00,0.00,537.00,0.00,2479.00,4380.00,0.00,438461.72
4.65,0.00,0.00,0.00,537.00,0.00,2474.00,4385.00,0.00,437449.43
4.66,0.00,0.00,0.00,537.00,0.00,2465.00,4394.00,0.00,436390.07
4.67,0.00,0.00,0.00,537.00,0.00,2460.00,4399.00,0.00,435347.84
4.67,0.00,0.00,0.00,537.00,0.00,2457.00,4402.00,0.00,434351.29
4.68,0.00,0.00,0.00,537.00,0.00,2448.00,4411.00,0.00,433306.32
4.69,0.00,0.00,0.00,537.00,0.00,2438.00,4421.00,0.00,432202.10
4.69,0.00,0.00,0.00,537.00,0.00,2431.00,4428.00,0.00,431088.87
4.70,0.00,0.00,0.00,537.00,0.00,2426.00,4433.00,0.00,429997.46
4.71,0.00,0.00,0.00,537.00,0.00,2416.00,4443.00,0.00,428850.86
4.72,0.00,0.00,0.00,537.00,0.00,2410.00,4449.00,0.00,427713.96
4.72,0.00,0.00,0.00,537.00,0.00,2397.00,4462.00,0.00,426480.76
4.73,0.00,0.00,0.00,537.00,0.00,2394.00,4465.00,0.00,425309.86
4.74,0.00,0.00,0.00,537.00,0.00,2390.00,4469.00,0.00,424180.84
4.74,0.00,0.00,0.00,537.00,0.00,2382.00,4477.00,0.00,423029.94
4.75,0.00,0.00,0.00,537.00,0.00,2373.00,4486.00,0.00,421844.04
4.76,0.00,0.00,0.00,537.00,0.00,2365.00,4494.00,0.00,420641.23
4.76,0.00,0.00,0.00,537.00,0.00,2357.00,4502.00,0.00,419422.96
4.77,0.00,0.00,0.00,537.00,0.00,2349.00,4510.00,0.00,418190.60
4.78,0.00,0.00,0.00,537.00,0.00,2346.00,4513.00,0.00,417020.47
4.78,0.00,0.00,0.00,537.00,0.00,2340.00,4519.00,0.00,415862.09
4.79,0.00,0.00,0.00,537.00,0.00,2333.00,4526.00,0.00,414699.42
4.80,0.00,0.00,0.00,537.00,0.00,2329.00,4530.00,0.00,413577.90
4.81,0.00,0.00,0.00,537.00,0.00,2321.00,4538.00,0.00,412433.85
4.81,0.00,0.00,0.00,537.00,0.00,2318.00,4541.00,0.00,411344.35
4.82,0.00,0.00,0.00,537.00,0.00,2315.00,4544.00,0.00,410304.65
4.83,0.00,0.00,0.00,537.00,0.00,2308.00,4551.00,0.00,409250.32
4.83,0.00,0.00,0.00,537.00,0.00,2300.00,4559.00,0.00,408167.61
4.84,0.00,0.00,0.00,537.00,0.00,2293.00,4566.00,0.00,407074.02
4.85,0.00,0.00,0.00,537.00,0.00,2284.00,4575.00,0.00,405940.45
4.85,0.00,0.00,0.00,537.00,0.00,2276.00,4583.00,0.00,404785.40
4.86,0.00,0.00,0.00,537.00,0.00,2270.00,4589.00,0.00,403640.78
4.87,0.00,0.00,0.00,537.00,0.00,2263.00,4596.00,0.00,402490.68
4.88,0.00,0.00,0.00,537.00,0.00,2260.00,4599.00,0.00,401395.65
4.88,0.00,0.00,0.00,537.00,0.00,2255.00,4604.00,0.00,400320.85
4.89,0.00,0.00,0.00,537.00,0.00,2249.00,4610.00,0.00,399249.51
4.90,0.00,0.00,0.00,537.00,0.00,2242.00,4617.00,0.00,398166.29
4.90,0.00,0.00,0.00,537.00,0.00,2239.00,4620.00,0.00,397132.33
4.91,0.00,0.00,0.00,537.00,0.00,2233.00,4626.00,0.00,396098.26
4.92,0.00,0.00,0.00,537.00,0.00,2224.00,4635.00,0.00,395019.02
4.92,0.00,0.00,0.00,537.00,0.00,2216.00,4643.00,0.00,393913.58
4.93,0.00,0.00,0.00,537.00,0.00,2209.00,4650.00,0.00,392799.23
4.94,0.00,0.00,0.00,537.00,0.00,2202.00,4657.00,0.00,391676.75
4.94,0.00,0.00,0.00,537.00,0.00,2198.00,4661.00,0.00,390591.92
4.95,0.00,0.00,0.00,537.00,0.00,2187.00,4672.00,0.00,389436.30
4.96,0.00,0.00,0.00,537.00,0.00,2178.00,4681.00,0.00,388246.10
4.97,0.00,0.00,0.00,537.00,0.00,2169.00,4690.00,0.00,387024.33
4.97,0.00,0.00,0.00,537.00,0.00,2156.00,4703.00,0.00,385713.64
4.98,0.00,0.00,0.00,537.00,0.00,2151.00,4708.00,0.00,384441.97
4.99,0.00,0.00,0.00,537.00,0.00,2141.00,4718.00,0.00,383130.80
4.99,0.00,0.00,0.00,537.00,0.00,2132.00,4727.00,0.00,381798.59
5.00,0.00,0.00,0.00,537.00,0.00,2129.00,4730.00,0.00,380537.32
5.01,0.00,0.00,0.00,537.00,0.00,2124.00,4735.00,0.00,379310.75
5.01,0.00,0.00,0.00,537.00,0.00,2115.00,4744.00,0.00,378055.79
5.02,0.00,0.00,0.00,537.00,0.00,2106.00,4753.00,0.00,376774.89
5.03,0.00,0.00,0.00,537.00,0.00,2104.00,4755.00,0.00,375575.48
5.03,0.00,0.00,0.00,537.00,0.00,2098.00,4761.00,0.00,374390.37
5.04,0.00,0.00,0.00,537.00,0.00,2093.00,4766.00,0.00,373233.35
5.05,0.00,0.00,0.00,537.00,0.00,2089.00,4770.00,0.00,372116.98
5.06,0.00,0.00,0.00,537.00,0.00,2078.00,4781.00,0.00,370932.56
5.06,0.00,0.00,0.00,537.00,0.00,2071.00,4788.00,0.00,369746.12
5.07,0.00,0.00,0.00,537.00,0.00,2064.00,4795.00,0.00,368557.82
5.08,0.00,0.00,0.00,537.00,0.00,2056.00,4803.00,0.00,367352.81
5.08,0.00,0.00,0.00,537.00,0.00,2050.00,4809.00,0.00,366162.59
5.09,0.00,0.00,0.00,537.00,0.00,2040.00,4819.00,0.00,364925.78
5.10,0.00,0.00,0.00,537.00,0.00,2033.00,4826.00,0.00,363691.50
5.10,0.00,0.00,0.00,537.00,0.00,2029.00,4830.00,0.00,362504.61
5.11,0.00,0.00,0.00,537.00,0.00,2018.00,4841.00,0.00,361255.81
5.12,0.00,0.00,0.00,537.00,0.00,2011.00,4848.00,0.00,360010.59
5.12,0.00,0.00,0.00,537.00,0.00,2003.00,4856.00,0.00,358753.62
5.13,0.00,0.00,0.00,537.00,0.00,2000.00,4859.00,0.00,357561.03
5.14,0.00,0.00,0.00,537.00,0.00,1997.00,4862.00,0.00,356427.21
5.15,0.00,0.00,0.00,537.00,0.00,1990.00,4869.00,0.00,355286.96
5.15,0.00,0.00,0.00,537.00,0.00,1987.00,4872.00,0.00,354200.93
5.16,0.00,0.00,0.00,537.00,0.00,1981.00,4878.00,0.00,353119.33
5.17,0.00,0.00,0.00,537.00,0.00,1974.00,4885.00,0.00,352026.75
5.17,0.00,0.00,0.00,537.00,0.00,1966.00,4893.00,0.00,350909.12
5.18,0.00,0.00,0.00,537.00,0.00,1960.00,4899.00,0.00,349798.67
5.19,0.00,0.00,0.00,537.00,0.00,1949.00,4910.00,0.00,348619.66
5.19,0.00,0.00,0.00,537.00,0.00,1938.00,4921.00,0.00,347378.06
5.20,0.00,0.00,0.00,537.00,0.00,1931.00,4928.00,0.00,346139.41
5.21,0.00,0.00,0.00,537.00,0.00,1925.00,4934.00,0.00,344918.48
5.22,0.00,0.00,0.00,537.00,0.00,1920.00,4939.00,0.00,343728.75
5.22,0.00,0.00,0.00,537.00,0.00,1912.00,4947.00,0.00,342522.42
5.23,0.00,0.00,0.00,537.00,0.00,1903.00,4956.00,0.00,341285.94
5.24,0.00,0.00,0.00,537.00,0.00,1895.00,4964.00,0.00,340036.93
5.24,0.00,0.00,0.00,537.00,0.00,1886.00,4973.00,0.00,338761.48
5.25,0.00,0.00,0.00,537.00,0.00,1881.00,4978.00,0.00,337521.97
5.26,0.00,0.00,0.00,537.00,0.00,1870.00,4989.00,0.00,336225.14
5.26,0.00,0.00,0.00,537.00,0.00,1859.00,5000.00,0.00,334875.98
5.27,0.00,0.00,0.00,537.00,0.00,1850.00,5009.00,0.00,333509.09
5.28,0.00,0.00,0.00,537.00,0.00,1846.00,5013.00,0.00,332201.13
5.28,0.00,0.00,0.00,537.00,0.00,1838.00,5021.00,0.00,330886.87
5.29,0.00,0.00,0.00,537.00,0.00,1828.00,5031.00,0.00,329536.83
5.30,0.00,0.00,0.00,537.00,0.00,1821.00,5038.00,0.00,328199.18
5.31,0.00,0.00,0.00,537.00,0.00,1811.00,5048.00,0.00,326827.78
5.31,0.00,0.00,0.00,537.00,0.00,1804.00,5055.00,0.00,325470.63
5.32,0.00,0.00,0.00,537.00,0.00,1802.00,5057.00,0.00,324201.61
5.33,0.00,0.00,0.00,537.00,0.00,1798.00,5061.00,0.00,322983.00
5.33,0.00,0.00,0.00,537.00,0.00,1789.00,5070.00,0.00,321735.29
5.34,0.00,0.00,0.00,537.00,0.00,1782.00,5077.00,0.00,320491.06
5.35,0.00,0.00,0.00,537.00,0.00,1776.00,5083.00,0.00,319265.04
5.35,0.00,0.00,0.00,537.00,0.00,1766.00,5093.00,0.00,317995.55
5.36,0.00,0.00,0.00,537.00,0.00,1763.00,5096.00,0.00,316791.53
5.37,0.00,0.00,0.00,537.00,0.00,1754.00,5105.00,0.00,315557.14
5.38,0.00,0.00,0.00,537.00,0.00,1746.00,5113.00,0.00,314310.05
5.38,0.00,0.00,0.00,537.00,0.00,1741.00,5118.00,0.00,313096.44
5.39,0.00,0.00,0.00,537.00,0.00,1738.00,5121.00,0.00,311943.43
5.40,0.00,0.00,0.00,537.00,0.00,1730.00,5129.00,0.00,310770.64
5.40,0.00,0.00,0.00,537.00,0.00,1722.00,5137.00,0.00,309579.79
5.41,0.00,0.00,0.00,537.00,0.00,1712.00,5147.00,0.00,308342.40
5.42,0.00,0.00,0.00,537.00,0.00,1698.00,5161.00,0.00,307002.43
5.42,0.00,0.00,0.00,537.00,0.00,1692.00,5167.00,0.00,305689.00
5.43,0.00,0.00,0.00,537.00,0.00,1683.00,5176.00,0.00,304354.74
5.44,0.00,0.00,0.00,537.00,0.00,1679.00,5180.00,0.00,303076.56
5.44,0.00,0.00,0.00,537.00,0.00,1670.00,5189.00,0.00,301774.47
5.45,0.00,0.00,0.00,537.00,0.00,1665.00,5194.00,0.00,300510.65
5.46,0.00,0.00,0.00,537.00,0.00,1660.00,5199.00,0.00,299281.76
5.47,0.00,0.00,0.00,537.00,0.00,1653.00,5206.00,0.00,298054.72
5.47,0.00,0.00,0.00,537.00,0.00,1648.00,5211.00,0.00,296859.41
5.48,0.00,0.00,0.00,537.00,0.00,1640.00,5219.00,0.00,295647.99
5.49,0.00,0.00,0.00,537.00,0.00,1634.00,5225.00,0.00,294451.92
5.49,0.00,0.00,0.00,537.00,0.00,1629.00,5230.00,0.00,293284.89
5.50,0.00,0.00,0.00,537.00,0.00,1618.00,5241.00,0.00,292054.22
5.51,0.00,0.00,0.00,537.00,0.00,1613.00,5246.00,0.00,290855.60
5.51,0.00,0.00,0.00,537.00,0.00,1610.00,5249.00,0.00,289716.28
5.52,0.00,0.00,0.00,537.00,0.00,1602.00,5257.00,0.00,288555.98
5.53,0.00,0.00,0.00,537.00,0.00,1597.00,5262.00,0.00,287421.60
5.53,0.00,0.00,0.00,537.00,0.00,1589.00,5270.00,0.00,286265.81
5.54,0.00,0.00,0.00,537.00,0.00,1580.00,5279.00,0.00,285075.46
5.55,0.00,0.00,0.00,537.00,0.00,1573.00,5286.00,0.00,283883.59
5.56,0.00,0.00,0.00,537.00,0.00,1564.00,5295.00,0.00,282660.30
5.56,0.00,0.00,0.00,537.00,0.00,1555.00,5304.00,0.00,281408.32
5.57,0.00,0.00,0.00,537.00,0.00,1546.00,5313.00,0.00,280130.15
5.58,0.00,0.00,0.00,537.00,0.00,1539.00,5320.00,0.00,278858.12
5.58,0.00,0.00,0.00,537.00,0.00,1536.00,5323.00,0.00,277651.78
5.59,0.00,0.00,0.00,537.00,0.00,1526.00,5333.00,0.00,276400.25
5.60,0.00,0.00,0.00,537.00,0.00,1517.00,5342.00,0.00,275122.49
5.60,0.00,0.00,0.00,537.00,0.00,1513.00,5346.00,0.00,273895.91
5.61,0.00,0.00,0.00,537.00,0.00,1510.00,5349.00,0.00,272731.06
5.62,0.00,0.00,0.00,537.00,0.00,1501.00,5358.00,0.00,271532.43
5.62,0.00,0.00,0.00,537.00,0.00,1496.00,5363.00,0.00,270363.06
5.63,0.00,0.00,0.00,537.00,0.00,1491.00,5368.00,0.00,269220.39
5.64,0.00,0.00,0.00,537.00,0.00,1484.00,5375.00,0.00,268072.07
5.65,0.00,0.00,0.00,537.00,0.00,1480.00,5379.00,0.00,266963.64
5.65,0.00,0.00,0.00,537.00,0.00,1473.00,5386.00,0.00,265846.57
5.66,0.00,0.00,0.00,537.00,0.00,1465.00,5394.00,0.00,264706.58
5.67,0.00,0.00,0.00,537.00,0.00,1459.00,5400.00,0.00,263575.72
5.67,0.00,0.00,0.00,537.00,0.00,1450.00,5409.00,0.00,262408.12
5.68,0.00,0.00,0.00,537.00,0.00,1444.00,5415.00,0.00,261252.05
5.69,0.00,0.00,0.00,537.00,0.00,1437.00,5422.00,0.00,260091.49
5.69,0.00,0.00,0.00,537.00,0.00,1429.00,5430.00,0.00,258911.80
5.70,0.00,0.00,0.00,537.00,0.00,1417.00,5442.00,0.00,257654.56
5.71,0.00,0.00,0.00,537.00,0.00,1408.00,5451.00,0.00,256371.58
5.72,0.00,0.00,0.00,537.00,0.00,1402.00,5457.00,0.00,255110.18
5.72,0.00,0.00,0.00,537.00,0.00,1396.00,5463.00,0.00,253868.48
5.73,0.00,0.00,0.00,537.00,0.00,1385.00,5474.00,0.00,252569.65
5.74,0.00,0.00,0.00,537.00,0.00,1376.00,5483.00,0.00,251248.70
5.74,0.00,0.00,0.00,537.00,0.00,1370.00,5489.00,0.00,249952.64
5.75,0.00,0.00,0.00,537.00,0.00,1360.00,5499.00,0.00,248619.21
5.76,0.00,0.00,0.00,537.00,0.00,1349.00,5510.00,0.00,247236.63
5.76,0.00,0.00,0.00,537.00,0.00,1346.00,5513.00,0.00,245929.37
5.77,0.00,0.00,0.00,537.00,0.00,1341.00,5518.00,0.00,244660.82
5.78,0.00,0.00,0.00,537.00,0.00,1338.00,5521.00,0.00,243457.67
5.78,0.00,0.00,0.00,537.00,0.00,1335.00,5524.00,0.00,242314.21
5.79,0.00,0.00,0.00,537.00,0.00,1327.00,5532.00,0.00,241150.14
5.80,0.00,0.00,0.00,537.00,0.00,1323.00,5536.00,0.00,240027.34
5.81,0.00,0.00,0.00,537.00,0.00,1318.00,5541.00,0.00,238927.19
5.81,0.00,0.00,0.00,537.00,0.00,1311.00,5548.00,0.00,237817.67
5.82,0.00,0.00,0.00,537.00,0.00,1306.00,5553.00,0.00,236729.65
5.83,0.00,0.00,0.00,537.00,0.00,1298.00,5561.00,0.00,235616.19
5.83,0.00,0.00,0.00,537.00,0.00,1292.00,5567.00,0.00,234509.54
5.84,0.00,0.00,0.00,537.00,0.00,1287.00,5572.00,0.00,233424.14
5.85,0.00,0.00,0.00,537.00,0.00,1282.00,5577.00,0.00,232358.14
5.85,0.00,0.00,0.00,537.00,0.00,1273.00,5586.00,0.00,231249.75
5.86,0.00,0.00,0.00,537.00,0.00,1268.00,5591.00,0.00,230162.76
5.87,0.00,0.00,0.00,537.00,0.00,1264.00,5595.00,0.00,229110.33
5.88,0.00,0.00,0.00,537.00,0.00,1253.00,5606.00,0.00,227984.29
5.88,0.00,0.00,0.00,537.00,0.00,1245.00,5614.00,0.00,226836.11
5.89,0.00,0.00,0.00,537.00,0.00,1239.00,5620.00,0.00,225697.77
5.90,0.00,0.00,0.00,537.00,0.00,1234.00,5625.00,0.00,224583.44
5.90,0.00,0.00,0.00,537.00,0.00,1224.00,5635.00,0.00,223415.91
5.91,0.00,0.00,0.00,537.00,0.00,1219.00,5640.00,0.00,222274.93
5.92,0.00,0.00,0.00,537.00,0.00,1214.00,5645.00,0.00,221158.18
5.92,0.00,0.00,0.00,537.00,0.00,1208.00,5651.00,0.00,220048.54
5.93,0.00,0.00,0.00,537.00,0.00,1201.00,5658.00,0.00,218930.36
5.94,0.00,0.00,0.00,537.00,0.00,1200.00,5659.00,0.00,217894.52
5.94,0.00,0.00,0.00,537.00,0.00,1188.00,5671.00,0.00,216768.60
5.95,0.00,0.00,0.00,537.00,0.00,1183.00,5676.00,0.00,215665.61
5.96,0.00,0.00,0.00,537.00,0.00,1181.00,5678.00,0.00,214628.61
5.97,0.00,0.00,0.00,537.00,0.00,1175.00,5684.00,0.00,213591.77
5.97,0.00,0.00,0.00,537.00,0.00,1169.00,5690.00,0.00,212555.08
5.98,0.00,0.00,0.00,537.00,0.00,1163.00,5696.00,0.00,211518.52
5.99,0.00,0.00,0.00,537.00,0.00,1160.00,5699.00,0.00,210527.15
5.99,0.00,0.00,0.00,537.00,0.00,1156.00,5703.00,0.00,209562.01
6.00,0.00,0.00,0.00,537.00,0.00,1154.00,5705.00,0.00,208650.87
6.01,0.00,0.00,0.00,537.00,0.00,1149.00,5710.00,0.00,207743.95
6.01,0.00,0.00,0.00,537.00,0.00,1143.00,5716.00,0.00,206825.86
6.02,0.00,0.00,0.00,537.00,0.00,1140.00,5719.00,0.00,205942.65
6.03,0.00,0.00,0.00,537.00,0.00,1136.00,5723.00,0.00,205076.25
6.03,0.00,0.00,0.00,537.00,0.00,1133.00,5726.00,0.00,204240.22
6.04,0.00,0.00,0.00,537.00,0.00,1123.00,5736.00,0.00,203326.76
6.05,0.00,0.00,0.00,537.00,0.00,1115.00,5744.00,0.00,202372.66
6.06,0.00,0.00,0.00,537.00,0.00,1109.00,5750.00,0.00,201411.50
6.06,0.00,0.00,0.00,537.00,0.00,1103.00,5756.00,0.00,200443.89
6.07,0.00,0.00,0.00,537.00,0.00,1094.00,5765.00,0.00,199425.33
6.08,0.00,0.00,0.00,537.00,0.00,1090.00,5769.00,0.00,198435.37
6.08,0.00,0.00,0.00,537.00,0.00,1082.00,5777.00,0.00,197411.42
6.09,0.00,0.00,0.00,537.00,0.00,1074.00,5785.00,0.00,196356.45
6.10,0.00,0.00,0.00,537.00,0.00,1069.00,5790.00,0.00,195318.23
6.10,0.00,0.00,0.00,537.00,0.00,1064.00,5795.00,0.00,194295.30
6.11,0.00,0.00,0.00,537.00,0.00,1063.00,5796.00,0.00,193346.42
6.12,0.00,0.00,0.00,537.00,0.00,1057.00,5802.00,0.00,192390.02
6.12,0.00,0.00,0.00,537.00,0.00,1049.00,5810.00,0.00,191396.72
6.13,0.00,0.00,0.00,537.00,0.00,1042.00,5817.00,0.00,190384.75
6.14,0.00,0.00,0.00,537.00,0.00,1036.00,5823.00,0.00,189370.76
6.15,0.00,0.00,0.00,537.00,0.00,1028.00,5831.00,0.00,188324.87
6.15,0.00,0.00,0.00,537.00,0.00,1023.00,5836.00,0.00,187294.95
6.16,0.00,0.00,0.00,537.00,0.00,1019.00,5840.00,0.00,186294.61
6.17,0.00,0.00,0.00,537.00,0.00,1014.00,5845.00,0.00,185306.26
6.17,0.00,0.00,0.00,537.00,0.00,1008.00,5851.00,0.00,184313.84
6.18,0.00,0.00,0.00,537.00,0.00,998.00,5861.00,0.00,183257.60
6.19,0.00,0.00,0.00,537.00,0.00,993.00,5866.00,0.00,182218.21
6.19,0.00,0.00,0.00,537.00,0.00,985.00,5874.00,0.00,181149.15
6.20,0.00,0.00,0.00,537.00,0.00,975.00,5884.00,0.00,180022.95
6.21,0.00,0.00,0.00,537.00,0.00,968.00,5891.00,0.00,178889.65
6.22,0.00,0.00,0.00,537.00,0.00,964.00,5895.00,0.00,177794.94
6.22,0.00,0.00,0.00,537.00,0.00,958.00,5901.00,0.00,176705.42
6.23,0.00,0.00,0.00,537.00,0.00,952.00,5907.00,0.00,175620.62
6.24,0.00,0.00,0.00,537.00,0.00,945.00,5914.00,0.00,174525.13
6.24,0.00,0.00,0.00,537.00,0.00,939.00,5920.00,0.00,173434.89
6.25,0.00,0.00,0.00,537.00,0.00,935.00,5924.00,0.00,172379.48
6.26,0.00,0.00,0.00,537.00,0.00,935.00,5924.00,0.00,171415.98
6.26,0.00,0.00,0.00,537.00,0.00,930.00,5929.00,0.00,170461.27
6.27,0.00,0.00,0.00,537.00,0.00,925.00,5934.00,0.00,169514.56
6.28,0.00,0.00,0.00,537.00,0.00,921.00,5938.00,0.00,168590.21
6.28,0.00,0.00,0.00,537.00,0.00,915.00,5944.00,0.00,167656.20
6.29,0.00,0.00,0.00,537.00,0.00,912.00,5947.00,0.00,166758.45
6.30,0.00,0.00,0.00,537.00,0.00,910.00,5949.00,0.00,165908.83
6.31,0.00,0.00,0.00,537.00,0.00,904.00,5955.00,0.00,165043.05
6.31,0.00,0.00,0.00,537.00,0.00,899.00,5960.00,0.00,164177.55
6.32,0.00,0.00,0.00,537.00,0.00,897.00,5962.00,0.00,163357.36
6.33,0.00,0.00,0.00,537.00,0.00,887.00,5972.00,0.00,162458.36
6.33,0.00,0.00,0.00,537.00,0.00,879.00,5980.00,0.00,161517.46
6.34,0.00,0.00,0.00,537.00,0.00,873.00,5986.00,0.00,160568.35
6.35,0.00,0.00,0.00,537.00,0.00,872.00,5987.00,0.00,159686.86
6.35,0.00,0.00,0.00,537.00,0.00,869.00,5990.00,0.00,158837.05
6.36,0.00,0.00,0.00,537.00,0.00,863.00,5996.00,0.00,157971.11
6.37,0.00,0.00,0.00,537.00,0.00,857.00,6002.00,0.00,157090.43
6.38,0.00,0.00,0.00,537.00,0.00,850.00,6009.00,0.00,156181.27
6.38,0.00,0.00,0.00,537.00,0.00,842.00,6017.00,0.00,155231.10
6.39,0.00,0.00,0.00,537.00,0.00,840.00,6019.00,0.00,154333.61
6.40,0.00,0.00,0.00,537.00,0.00,836.00,6023.00,0.00,153454.19
6.40,0.00,0.00,0.00,537.00,0.00,827.00,6032.00,0.00,152516.13
6.41,0.00,0.00,0.00,537.00,0.00,820.00,6039.00,0.00,151554.59
6.42,0.00,0.00,0.00,537.00,0.00,817.00,6042.00,0.00,150631.71
6.42,0.00,0.00,0.00,537.00,0.00,813.00,6046.00,0.00,149729.10
6.43,0.00,0.00,0.00,537.00,0.00,803.00,6056.00,0.00,148754.85
6.44,0.00,0.00,0.00,537.00,0.00,799.00,6060.00,0.00,147805.35
6.44,0.00,0.00,0.00,537.00,0.00,790.00,6069.00,0.00,146803.31
6.45,0.00,0.00,0.00,537.00,0.00,784.00,6075.00,0.00,145798.39
6.46,0.00,0.00,0.00,537.00,0.00,780.00,6079.00,0.00,144820.88
6.47,0.00,0.00,0.00,537.00,0.00,776.00,6083.00,0.00,143868.40
6.47,0.00,0.00,0.00,537.00,0.00,772.00,6087.00,0.00,142938.76
6.48,0.00,0.00,0.00,537.00,0.00,764.00,6095.00,0.00,141969.89
6.49,0.00,0.00,0.00,537.00,0.00,759.00,6100.00,0.00,141010.26
6.49,0.00,0.00,0.00,537.00,0.00,750.00,6109.00,0.00,139998.99
6.50,0.00,0.00,0.00,537.00,0.00,744.00,6115.00,0.00,138985.64
6.51,0.00,0.00,0.00,537.00,0.00,731.00,6128.00,0.00,137865.23
6.51,0.00,0.00,0.00,537.00,0.00,729.00,6130.00,0.00,136812.33
6.52,0.00,0.00,0.00,537.00,0.00,725.00,6134.00,0.00,135791.02
6.53,0.00,0.00,0.00,537.00,0.00,719.00,6140.00,0.00,134768.50
6.53,0.00,0.00,0.00,537.00,0.00,716.00,6143.00,0.00,133789.95
6.54,0.00,0.00,0.00,537.00,0.00,712.00,6147.00,0.00,132836.52
6.55,0.00,0.00,0.00,537.00,0.00,710.00,6149.00,0.00,131936.06
6.56,0.00,0.00,0.00,537.00,0.00,706.00,6153.00,0.00,131053.92
6.56,0.00,0.00,0.00,537.00,0.00,700.00,6159.00,0.00,130158.45
6.57,0.00,0.00,0.00,537.00,0.00,693.00,6166.00,0.00,129235.79
6.58,0.00,0.00,0.00,537.00,0.00,690.00,6169.00,0.00,128348.41
6.58,0.00,0.00,0.00,537.00,0.00,688.00,6171.00,0.00,127508.25
6.59,0.00,0.00,0.00,537.00,0.00,685.00,6174.00,0.00,126696.17
6.60,0.00,0.00,0.00,537.00,0.00,677.00,6182.00,0.00,125834.63
6.60,0.00,0.00,0.00,537.00,0.00,671.00,6188.00,0.00,124957.97
6.61,0.00,0.00,0.00,537.00,0.00,666.00,6193.00,0.00,124082.52
6.62,0.00,0.00,0.00,537.00,0.00,661.00,6198.00,0.00,123208.19
6.62,0.00,0.00,0.00,537.00,0.00,658.00,6201.00,0.00,122364.93
6.63,0.00,0.00,0.00,537.00,0.00,653.00,6206.00,0.00,121519.98
6.64,0.00,0.00,0.00,537.00,0.00,646.00,6213.00,0.00,120643.44
6.65,0.00,0.00,0.00,537.00,0.00,641.00,6218.00,0.00,119768.11
6.65,0.00,0.00,0.00,537.00,0.00,638.00,6221.00,0.00,118923.93
6.66,0.00,0.00,0.00,537.00,0.00,632.00,6227.00,0.00,118063.12
6.67,0.00,0.00,0.00,537.00,0.00,626.00,6233.00,0.00,117187.13
6.67,0.00,0.00,0.00,537.00,0.00,623.00,6236.00,0.00,116342.34
6.68,0.00,0.00,0.00,537.00,0.00,618.00,6241.00,0.00,115496.01
6.69,0.00,0.00,0.00,537.00,0.00,614.00,6245.00,0.00,114663.27
6.69,0.00,0.00,0.00,537.00,0.00,610.00,6249.00,0.00,113842.95
6.70,0.00,0.00,0.00,537.00,0.00,606.00,6253.00,0.00,113033.97
6.71,0.00,0.00,0.00,537.00,0.00,600.00,6259.00,0.00,112205.30
6.72,0.00,0.00,0.00,537.00,0.00,592.00,6267.00,0.00,111328.60
6.72,0.00,0.00,0.00,537.00,0.00,584.00,6275.00,0.00,110408.05
6.73,0.00,0.00,0.00,537.00,0.00,579.00,6280.00,0.00,109492.54
6.74,0.00,0.00,0.00,537.00,0.00,570.00,6289.00,0.00,108521.55
6.74,0.00,0.00,0.00,537.00,0.00,559.00,6300.00,0.00,107469.85
6.75,0.00,0.00,0.00,537.00,0.00,555.00,6304.00,0.00,106449.63
6.76,0.00,0.00,0.00,537.00,0.00,551.00,6308.00,0.00,105458.16
6.76,0.00,0.00,0.00,537.00,0.00,547.00,6312.00,0.00,104492.93
6.77,0.00,0.00,0.00,537.00,0.00,539.00,6320.00,0.00,103491.57
6.78,0.00,0.00,0.00,537.00,0.00,534.00,6325.00,0.00,102502.28
6.78,0.00,0.00,0.00,537.00,0.00,529.00,6330.00,0.00,101524.02
6.79,0.00,0.00,0.00,537.00,0.00,525.00,6334.00,0.00,100570.85
6.80,0.00,0.00,0.00,537.00,0.00,521.00,6338.00,0.00,99640.59
6.81,0.00,0.00,0.00,537.00,0.00,517.00,6342.00,0.00,98731.24
6.81,0.00,0.00,0.00,537.00,0.00,514.00,6345.00,0.00,97856.00
6.82,0.00,0.00,0.00,537.00,0.00,511.00,6348.00,0.00,97011.90
6.83,0.00,0.00,0.00,537.00,0.00,506.00,6353.00,0.00,96166.19
6.83,0.00,0.00,0.00,537.00,0.00,496.00,6363.00,0.00,95243.89
6.84,0.00,0.00,0.00,537.00,0.00,493.00,6366.00,0.00,94356.83
6.85,0.00,0.00,0.00,537.00,0.00,490.00,6369.00,0.00,93501.94
6.85,0.00,0.00,0.00,537.00,0.00,488.00,6371.00,0.00,92691.45
6.86,0.00,0.00,0.00,537.00,0.00,482.00,6377.00,0.00,91861.39
6.87,0.00,0.00,0.00,537.00,0.00,476.00,6383.00,0.00,91013.47
6.88,0.00,0.00,0.00,537.00,0.00,469.00,6390.00,0.00,90134.23
6.88,0.00,0.00,0.00,537.00,0.00,463.00,6396.00,0.00,89241.40
6.89,0.00,0.00,0.00,537.00,0.00,458.00,6401.00,0.00,88351.21
6.90,0.00,0.00,0.00,537.00,0.00,457.00,6402.00,0.00,87523.50
6.90,0.00,0.00,0.00,537.00,0.00,454.00,6405.00,0.00,86722.80
6.91,0.00,0.00,0.00,537.00,0.00,450.00,6409.00,0.00,85931.73
6.92,0.00,0.00,0.00,537.00,0.00,446.00,6413.00,0.00,85149.45
6.92,0.00,0.00,0.00,537.00,0.00,443.00,6416.00,0.00,84390.22
6.93,0.00,0.00,0.00,537.00,0.00,434.00,6425.00,0.00,83561.89
6.94,0.00,0.00,0.00,537.00,0.00,431.00,6428.00,0.00,82760.62
6.94,0.00,0.00,0.00,537.00,0.00,425.00,6434.00,0.00,81938.98
6.95,0.00,0.00,0.00,537.00,0.00,421.00,6438.00,0.00,81128.79
6.96,0.00,0.00,0.00,537.00,0.00,417.00,6442.00,0.00,80329.06
6.97,0.00,0.00,0.00,537.00,0.00,414.00,6445.00,0.00,79553.90
6.97,0.00,0.00,0.00,537.00,0.00,412.00,6447.00,0.00,78816.19
6.98,0.00,0.00,0.00,537.00,0.00,410.00,6449.00,0.00,78112.67
6.99,0.00,0.00,0.00,537.00,0.00,407.00,6452.00,0.00,77425.34
6.99,0.00,0.00,0.00,537.00,0.00,403.00,6456.00,0.00,76737.77
7.00,0.00,0.00,0.00,537.00,0.00,396.00,6463.00,0.00,76004.90
7.01,0.00,0.00,0.00,537.00,0.00,391.00,6468.00,0.00,75260.74
7.01,0.00,0.00,0.00,537.00,0.00,389.00,6470.00,0.00,74551.33
7.02,0.00,0.00,0.00,537.00,0.00,384.00,6475.00,0.00,73828.57
7.03,0.00,0.00,0.00,537.00,0.00,380.00,6479.00,0.00,73108.66
7.03,0.00,0.00,0.00,537.00,0.00,373.00,6486.00,0.00,72346.27
7.04,0.00,0.00,0.00,537.00,0.00,369.00,6490.00,0.00,71590.18
7.05,0.00,0.00,0.00,537.00,0.00,364.00,6495.00,0.00,70824.81
7.06,0.00,0.00,0.00,537.00,0.00,361.00,6498.00,0.00,70081.01
7.06,0.00,0.00,0.00,537.00,0.00,356.00,6503.00,0.00,69326.87
7.07,0.00,0.00,0.00,537.00,0.00,352.00,6507.00,0.00,68578.30
7.08,0.00,0.00,0.00,537.00,0.00,350.00,6509.00,0.00,67864.87
7.08,0.00,0.00,0.00,537.00,0.00,342.00,6517.00,0.00,67093.37
7.09,0.00,0.00,0.00,537.00,0.00,340.00,6519.00,0.00,66359.01
7.10,0.00,0.00,0.00,537.00,0.00,338.00,6521.00,0.00,65658.55
7.10,0.00,0.00,0.00,537.00,0.00,335.00,6524.00,0.00,64974.01
7.11,0.00,0.00,0.00,537.00,0.00,330.00,6529.00,0.00,64273.96
7.12,0.00,0.00,0.00,537.00,0.00,329.00,6530.00,0.00,63619.85
7.12,0.00,0.00,0.00,537.00,0.00,323.00,6536.00,0.00,62932.55
7.13,0.00,0.00,0.00,537.00,0.00,320.00,6539.00,0.00,62260.03
7.14,0.00,0.00,0.00,537.00,0.00,313.00,6546.00,0.00,61540.91
7.15,0.00,0.00,0.00,537.00,0.00,303.00,6556.00,0.00,60734.18
7.15,0.00,0.00,0.00,537.00,0.00,295.00,6564.00,0.00,59877.51
7.16,0.00,0.00,0.00,537.00,0.00,290.00,6569.00,0.00,59020.32
7.17,0.00,0.00,0.00,537.00,0.00,287.00,6572.00,0.00,58192.70
7.17,0.00,0.00,0.00,537.00,0.00,283.00,6576.00,0.00,57377.06
7.18,0.00,0.00,0.00,537.00,0.00,281.00,6578.00,0.00,56602.39
7.19,0.00,0.00,0.00,537.00,0.00,279.00,6580.00,0.00,55865.13
7.19,0.00,0.00,0.00,537.00,0.00,274.00,6585.00,0.00,55116.95
7.20,0.00,0.00,0.00,537.00,0.00,269.00,6590.00,0.00,54358.81
7.21,0.00,0.00,0.00,537.00,0.00,265.00,6594.00,0.00,53606.58
7.22,0.00,0.00,0.00,537.00,0.00,262.00,6597.00,0.00,52874.79
7.22,0.00,0.00,0.00,537.00,0.00,259.00,6600.00,0.00,52161.66
7.23,0.00,0.00,0.00,537.00,0.00,254.00,6605.00,0.00,51435.50
7.24,0.00,0.00,0.00,537.00,0.00,248.00,6611.00,0.00,50682.43
7.24,0.00,0.00,0.00,537.00,0.00,242.00,6617.00,0.00,49904.81
7.25,0.00,0.00,0.00,537.00,0.00,240.00,6619.00,0.00,49164.84
7.26,0.00,0.00,0.00,537.00,0.00,239.00,6620.00,0.00,48474.29
7.26,0.00,0.00,0.00,537.00,0.00,235.00,6624.00,0.00,47783.77
7.27,0.00,0.00,0.00,537.00,0.00,229.00,6630.00,0.00,47063.25
7.28,0.00,0.00,0.00,537.00,0.00,224.00,6635.00,0.00,46330.35
7.28,0.00,0.00,0.00,537.00,0.00,220.00,6639.00,0.00,45601.17
7.29,0.00,0.00,0.00,537.00,0.00,214.00,6645.00,0.00,44845.35
7.30,0.00,0.00,0.00,537.00,0.00,211.00,6648.00,0.00,44110.27
7.31,0.00,0.00,0.00,537.00,0.00,206.00,6653.00,0.00,43364.09
7.31,0.00,0.00,0.00,537.00,0.00,200.00,6659.00,0.00,42592.74
7.32,0.00,0.00,0.00,537.00,0.00,198.00,6661.00,0.00,41858.51
7.33,0.00,0.00,0.00,537.00,0.00,195.00,6664.00,0.00,41143.15
7.33,0.00,0.00,0.00,537.00,0.00,192.00,6667.00,0.00,40445.01
7.34,0.00,0.00,0.00,537.00,0.00,190.00,6669.00,0.00,39777.61
7.35,0.00,0.00,0.00,537.00,0.00,188.00,6671.00,0.00,39138.28
7.35,0.00,0.00,0.00,537.00,0.00,187.00,6672.00,0.00,38539.60
7.36,0.00,0.00,0.00,537.00,0.00,184.00,6675.00,0.00,37947.98
7.37,0.00,0.00,0.00,537.00,0.00,181.00,6678.00,0.00,37362.80
7.38,0.00,0.00,0.00,537.00,0.00,178.00,6681.00,0.00,36783.51
7.38,0.00,0.00,0.00,537.00,0.00,175.00,6684.00,0.00,36209.60
7.39,0.00,0.00,0.00,537.00,0.00,173.00,6686.00,0.00,35655.61
7.40,0.00,0.00,0.00,537.00,0.00,167.00,6692.00,0.00,35059.72
7.40,0.00,0.00,0.00,537.00,0.00,163.00,6696.00,0.00,34455.63
7.41,0.00,0.00,0.00,537.00,0.00,162.00,6697.00,0.00,33889.12
7.42,0.00,0.00,0.00,537.00,0.00,159.00,6700.00,0.00,33326.86
7.42,0.00,0.00,0.00,537.00,0.00,154.00,6705.00,0.00,32738.45
7.43,0.00,0.00,0.00,537.00,0.00,151.00,6708.00,0.00,32156.21
7.44,0.00,0.00,0.00,537.00,0.00,149.00,6710.00,0.00,31594.62
7.44,0.00,0.00,0.00,537.00,0.00,146.00,6713.00,0.00,31036.86
7.45,0.00,0.00,0.00,537.00,0.00,145.00,6714.00,0.00,30512.65
7.46,0.00,0.00,0.00,537.00,0.00,145.00,6714.00,0.00,30034.08
7.47,0.00,0.00,0.00,537.00,0.00,145.00,6714.00,0.00,29597.19
7.47,0.00,0.00,0.00,537.00,0.00,142.00,6717.00,0.00,29153.26
7.48,0.00,0.00,0.00,537.00,0.00,141.00,6718.00,0.00,28732.97
7.49,0.00,0.00,0.00,537.00,0.00,138.00,6721.00,0.00,28304.21
7.49,0.00,0.00,0.00,537.00,0.00,138.00,6721.00,0.00,27912.78
7.50,0.00,0.00,0.00,537.00,0.00,137.00,6722.00,0.00,27540.42
7.51,0.00,0.00,0.00,537.00,0.00,135.00,6724.00,0.00,27170.43
7.51,0.00,0.00,0.00,537.00,0.00,132.00,6727.00,0.00,26787.59
7.52,0.00,0.00,0.00,537.00,0.00,132.00,6727.00,0.00,26438.08
7.53,0.00,0.00,0.00,537.00,0.00,131.00,6728.00,0.00,26103.99
7.53,0.00,0.00,0.00,537.00,0.00,131.00,6728.00,0.00,25798.99
7.54,0.00,0.00,0.00,537.00,0.00,129.00,6730.00,0.00,25490.50
7.55,0.00,0.00,0.00,537.00,0.00,125.00,6734.00,0.00,25148.78
7.56,0.00,0.00,0.00,537.00,0.00,125.00,6734.00,0.00,24836.81
7.56,0.00,0.00,0.00,537.00,0.00,120.00,6739.00,0.00,24476.89
7.57,0.00,0.00,0.00,537.00,0.00,118.00,6741.00,0.00,24118.27
7.58,0.00,0.00,0.00,537.00,0.00,118.00,6741.00,0.00,23790.88
7.58,0.00,0.00,0.00,537.00,0.00,117.00,6742.00,0.00,23476.97
7.59,0.00,0.00,0.00,537.00,0.00,115.00,6744.00,0.00,23160.35
7.60,0.00,0.00,0.00,537.00,0.00,115.00,6744.00,0.00,22871.29
7.60,0.00,0.00,0.00,537.00,0.00,112.00,6747.00,0.00,22562.34
7.61,0.00,0.00,0.00,537.00,0.00,111.00,6748.00,0.00,22265.27
7.62,0.00,0.00,0.00,537.00,0.00,109.00,6750.00,0.00,21964.02
7.62,0.00,0.00,0.00,537.00,0.00,108.00,6751.00,0.00,21673.98
7.63,0.00,0.00,0.00,537.00,0.00,106.00,6753.00,0.00,21379.14
7.64,0.00,0.00,0.00,537.00,0.00,103.00,6756.00,0.00,21064.91
7.65,0.00,0.00,0.00,537.00,0.00,100.00,6759.00,0.00,20732.98
7.65,0.00,0.00,0.00,537.00,0.00,98.00,6761.00,0.00,20399.90
7.66,0.00,0.00,0.00,537.00,0.00,97.00,6762.00,0.00,20080.80
7.67,0.00,0.00,0.00,537.00,0.00,95.00,6764.00,0.00,19759.44
7.67,0.00,0.00,0.00,537.00,0.00,92.00,6767.00,0.00,19420.99
7.68,0.00,0.00,0.00,537.00,0.00,91.00,6768.00,0.00,19096.99
7.69,0.00,0.00,0.00,537.00,0.00,88.00,6771.00,0.00,18756.14
7.69,0.00,0.00,0.00,537.00,0.00,86.00,6773.00,0.00,18414.92
7.70,0.00,0.00,0.00,537.00,0.00,85.00,6774.00,0.00,18088.38
7.71,0.00,0.00,0.00,537.00,0.00,84.00,6775.00,0.00,17775.26
7.72,0.00,0.00,0.00,537.00,0.00,83.00,6776.00,0.00,17474.38
7.72,0.00,0.00,0.00,537.00,0.00,79.00,6780.00,0.00,17139.61
7.73,0.00,0.00,0.00,537.00,0.00,77.00,6782.00,0.00,16803.94
7.74,0.00,0.00,0.00,537.00,0.00,77.00,6782.00,0.00,16497.50
7.74,0.00,0.00,0.00,537.00,0.00,76.00,6783.00,0.00,16202.72
7.75,0.00,0.00,0.00,537.00,0.00,75.00,6784.00,0.00,15918.59
7.76,0.00,0.00,0.00,537.00,0.00,75.00,6784.00,0.00,15659.19
7.76,0.00,0.00,0.00,537.00,0.00,72.00,6787.00,0.00,15377.32
7.77,0.00,0.00,0.00,537.00,0.00,72.00,6787.00,0.00,15119.99
7.78,0.00,0.00,0.00,537.00,0.00,72.00,6787.00,0.00,14885.06
7.78,0.00,0.00,0.00,537.00,0.00,71.00,6788.00,0.00,14655.57
7.79,0.00,0.00,0.00,537.00,0.00,69.00,6790.00,0.00,14416.02
7.80,0.00,0.00,0.00,537.00,0.00,66.00,6793.00,0.00,14152.26
7.81,0.00,0.00,0.00,537.00,0.00,65.00,6794.00,0.00,13896.44
7.81,0.00,0.00,0.00,537.00,0.00,62.00,6797.00,0.00,13617.82
7.82,0.00,0.00,0.00,537.00,0.00,61.00,6798.00,0.00,13348.45
7.83,0.00,0.00,0.00,537.00,0.00,60.00,6799.00,0.00,13087.51
7.83,0.00,0.00,0.00,537.00,0.00,58.00,6801.00,0.00,12819.24
7.84,0.00,0.00,0.00,537.00,0.00,56.00,6803.00,0.00,12544.28
7.85,0.00,0.00,0.00,537.00,0.00,56.00,6803.00,0.00,12293.27
7.85,0.00,0.00,0.00,537.00,0.00,54.00,6805.00,0.00,12034.07
7.86,0.00,0.00,0.00,537.00,0.00,54.00,6805.00,0.00,11797.44
7.87,0.00,0.00,0.00,537.00,0.00,54.00,6805.00,0.00,11581.42
7.88,0.00,0.00,0.00,537.00,0.00,54.00,6805.00,0.00,11384.20
7.88,0.00,0.00,0.00,537.00,0.00,54.00,6805.00,0.00,11204.16
7.89,0.00,0.00,0.00,537.00,0.00,54.00,6805.00,0.00,11039.79
7.90,0.00,0.00,0.00,537.00,0.00,51.00,6808.00,0.00,10844.67
7.90,0.00,0.00,0.00,537.00,0.00,51.00,6808.00,0.00,10666.54
7.91,0.00,0.00,0.00,537.00,0.00,49.00,6810.00,0.00,10473.87
7.92,0.00,0.00,0.00,537.00,0.00,47.00,6812.00,0.00,10267.94
7.92,0.00,0.00,0.00,537.00,0.00,45.00,6814.00,0.00,10049.89
7.93,0.00,0.00,0.00,537.00,0.00,45.00,6814.00,0.00,9850.82
7.94,0.00,0.00,0.00,537.00,0.00,44.00,6815.00,0.00,9654.07
7.94,0.00,0.00,0.00,537.00,0.00,44.00,6815.00,0.00,9474.45
7.95,0.00,0.00,0.00,537.00,0.00,43.00,6816.00,0.00,9295.45
7.96,0.00,0.00,0.00,537.00,0.00,42.00,6817.00,0.00,9117.01
7.97,0.00,0.00,0.00,537.00,0.00,42.00,6817.00,0.00,8954.10
7.97,0.00,0.00,0.00,537.00,0.00,42.00,6817.00,0.00,8805.39
7.98,0.00,0.00,0.00,537.00,0.00,42.00,6817.00,0.00,8669.62
7.99,0.00,0.00,0.00,537.00,0.00,40.00,6819.00,0.00,8515.63
7.99,0.00,0.00,0.00,537.00,0.00,40.00,6819.00,0.00,8375.05
8.00,0.00,0.00,0.00,537.00,0.00,40.00,6819.00,0.00,8246.71
8.01,0.00,0.00,0.00,537.00,0.00,39.00,6820.00,0.00,8114.52
8.01,0.00,0.00,0.00,537.00,0.00,37.00,6822.00,0.00,7963.79
8.02,0.00,0.00,0.00,537.00,0.00,36.00,6823.00,0.00,7811.17
8.03,0.00,0.00,0.00,537.00,0.00,35.00,6824.00,0.00,7656.81
8.03,0.00,0.00,0.00,537.00,0.00,34.00,6825.00,0.00,7500.87
8.04,0.00,0.00,0.00,537.00,0.00,33.00,6826.00,0.00,7343.49
8.05,0.00,0.00,0.00,537.00,0.00,33.00,6826.00,0.00,7199.81
8.06,0.00,0.00,0.00,537.00,0.00,32.00,6827.00,0.00,7053.62
8.06,0.00,0.00,0.00,537.00,0.00,31.00,6828.00,0.00,6905.14
8.07,0.00,0.00,0.00,537.00,0.00,31.00,6828.00,0.00,6769.58
8.08,0.00,0.00,0.00,537.00,0.00,31.00,6828.00,0.00,6645.83
8.08,0.00,0.00,0.00,537.00,0.00,30.00,6829.00,0.00,6517.83
8.09,0.00,0.00,0.00,537.00,0.00,30.00,6829.00,0.00,6400.98
8.10,0.00,0.00,0.00,537.00,0.00,29.00,6830.00,0.00,6279.28
8.10,0.00,0.00,0.00,537.00,0.00,28.00,6831.00,0.00,6153.15
8.11,0.00,0.00,0.00,537.00,0.00,27.00,6832.00,0.00,6022.98
8.12,0.00,0.00,0.00,537.00,0.00,25.00,6834.00,0.00,5874.10
8.12,0.00,0.00,0.00,537.00,0.00,25.00,6834.00,0.00,5738.19
8.13,0.00,0.00,0.00,537.00,0.00,24.00,6835.00,0.00,5599.08
8.14,0.00,0.00,0.00,537.00,0.00,22.00,6837.00,0.00,5442.05
8.15,0.00,0.00,0.00,537.00,0.00,21.00,6838.00,0.00,5283.66
8.15,0.00,0.00,0.00,537.00,0.00,21.00,6838.00,0.00,5139.07
8.16,0.00,0.00,0.00,537.00,0.00,21.00,6838.00,0.00,5007.06
8.17,0.00,0.00,0.00,537.00,0.00,21.00,6838.00,0.00,4886.55
8.17,0.00,0.00,0.00,537.00,0.00,21.00,6838.00,0.00,4776.54
8.18,0.00,0.00,0.00,537.00,0.00,21.00,6838.00,0.00,4676.10
8.19,0.00,0.00,0.00,537.00,0.00,21.00,6838.00,0.00,4584.41
8.19,0.00,0.00,0.00,537.00,0.00,21.00,6838.00,0.00,4500.70
8.20,0.00,0.00,0.00,537.00,0.00,20.00,6839.00,0.00,4409.26
8.21,0.00,0.00,0.00,537.00,0.00,20.00,6839.00,0.00,4325.78
8.22,0.00,0.00,0.00,537.00,0.00,20.00,6839.00,0.00,4249.57
8.22,0.00,0.00,0.00,537.00,0.00,19.00,6840.00,0.00,4164.98
8.23,0.00,0.00,0.00,537.00,0.00,19.00,6840.00,0.00,4087.75
8.24,0.00,0.00,0.00,537.00,0.00,19.00,6840.00,0.00,4017.24
8.24,0.00,0.00,0.00,537.00,0.00,19.00,6840.00,0.00,3952.88
8.25,0.00,0.00,0.00,537.00,0.00,17.00,6842.00,0.00,3864.07
8.26,0.00,0.00,0.00,537.00,0.00,17.00,6842.00,0.00,3782.99
8.26,0.00,0.00,0.00,537.00,0.00,17.00,6842.00,0.00,3708.98
8.27,0.00,0.00,0.00,537.00,0.00,16.00,6843.00,0.00,3626.38
8.28,0.00,0.00,0.00,537.00,0.00,16.00,6843.00,0.00,3550.98
8.28,0.00,0.00,0.00,537.00,0.00,16.00,6843.00,0.00,3482.15
8.29,0.00,0.00,0.00,537.00,0.00,16.00,6843.00,0.00,3419.31
8.30,0.00,0.00,0.00,537.00,0.00,16.00,6843.00,0.00,3361.94
8.31,0.00,0.00,0.00,537.00,0.00,16.00,6843.00,0.00,3309.56
8.31,0.00,0.00,0.00,537.00,0.00,15.00,6844.00,0.00,3246.73
8.32,0.00,0.00,0.00,537.00,0.00,15.00,6844.00,0.00,3189.36
8.33,0.00,0.00,0.00,537.00,0.00,15.00,6844.00,0.00,3136.99
8.33,0.00,0.00,0.00,537.00,0.00,15.00,6844.00,0.00,3089.18
8.34,0.00,0.00,0.00,537.00,0.00,14.00,6845.00,0.00,3030.51
8.35,0.00,0.00,0.00,537.00,0.00,14.00,6845.00,0.00,2976.95
8.35,0.00,0.00,0.00,537.00,0.00,14.00,6845.00,0.00,2928.05
8.36,0.00,0.00,0.00,537.00,0.00,13.00,6846.00,0.00,2868.39
8.37,0.00,0.00,0.00,537.00,0.00,13.00,6846.00,0.00,2813.92
8.38,0.00,0.00,0.00,537.00,0.00,13.00,6846.00,0.00,2764.20
8.38,0.00,0.00,0.00,537.00,0.00,12.00,6847.00,0.00,2703.78
8.39,0.00,0.00,0.00,537.00,0.00,12.00,6847.00,0.00,2648.62
8.40,0.00,0.00,0.00,537.00,0.00,12.00,6847.00,0.00,2598.27
8.40,0.00,0.00,0.00,537.00,0.00,12.00,6847.00,0.00,2552.30
8.41,0.00,0.00,0.00,537.00,0.00,12.00,6847.00,0.00,2510.33
8.42,0.00,0.00,0.00,537.00,0.00,11.00,6848.00,0.00,2457.00
8.42,0.00,0.00,0.00,537.00,0.00,11.00,6848.00,0.00,2408.31
8.43,0.00,0.00,0.00,537.00,0.00,11.00,6848.00,0.00,2363.85
8.44,0.00,0.00,0.00,537.00,0.00,11.00,6848.00,0.00,2323.27
8.44,0.00,0.00,0.00,537.00,0.00,11.00,6848.00,0.00,2286.23
8.45,0.00,0.00,0.00,537.00,0.00,11.00,6848.00,0.00,2252.41
8.46,0.00,0.00,0.00,537.00,0.00,11.00,6848.00,0.00,2221.53
8.47,0.00,0.00,0.00,537.00,0.00,11.00,6848.00,0.00,2193.34
8.47,0.00,0.00,0.00,537.00,0.00,10.00,6849.00,0.00,2152.59
8.48,0.00,0.00,0.00,537.00,0.00,10.00,6849.00,0.00,2115.38
8.49,0.00,0.00,0.00,537.00,0.00,9.00,6850.00,0.00,2066.39
8.49,0.00,0.00,0.00,537.00,0.00,8.00,6851.00,0.00,2006.64
8.50,0.00,0.00,0.00,537.00,0.00,8.00,6851.00,0.00,1952.09
8.51,0.00,0.00,0.00,537.00,0.00,8.00,6851.00,0.00,1902.30
8.51,0.00,0.00,0.00,537.00,0.00,8.00,6851.00,0.00,1856.84
8.52,0.00,0.00,0.00,537.00,0.00,7.00,6852.00,0.00,1800.31
8.53,0.00,0.00,0.00,537.00,0.00,7.00,6852.00,0.00,1748.71
8.53,0.00,0.00,0.00,537.00,0.00,7.00,6852.00,0.00,1701.60
8.54,0.00,0.00,0.00,537.00,0.00,7.00,6852.00,0.00,1658.60
8.55,0.00,0.00,0.00,537.00,0.00,7.00,6852.00,0.00,1619.33
8.56,0.00,0.00,0.00,537.00,0.00,7.00,6852.00,0.00,1583.49
8.56,0.00,0.00,0.00,537.00,0.00,7.00,6852.00,0.00,1550.77
8.57,0.00,0.00,0.00,537.00,0.00,7.00,6852.00,0.00,1520.90
8.58,0.00,0.00,0.00,537.00,0.00,7.00,6852.00,0.00,1493.62
8.58,0.00,0.00,0.00,537.00,0.00,6.00,6853.00,0.00,1453.70
8.59,0.00,0.00,0.00,537.00,0.00,6.00,6853.00,0.00,1417.26
8.60,0.00,0.00,0.00,537.00,0.00,6.00,6853.00,0.00,1383.99
8.60,0.00,0.00,0.00,537.00,0.00,6.00,6853.00,0.00,1353.62
8.61,0.00,0.00,0.00,537.00,0.00,6.00,6853.00,0.00,1325.89
8.62,0.00,0.00,0.00,537.00,0.00,6.00,6853.00,0.00,1300.57
8.62,0.00,0.00,0.00,537.00,0.00,4.00,6855.00,0.00,1247.42
8.63,0.00,0.00,0.00,537.00,0.00,4.00,6855.00,0.00,1198.89
8.64,0.00,0.00,0.00,537.00,0.00,4.00,6855.00,0.00,1154.59
8.65,0.00,0.00,0.00,537.00,0.00,4.00,6855.00,0.00,1114.14
8.65,0.00,0.00,0.00,537.00,0.00,4.00,6855.00,0.00,1077.22
8.66,0.00,0.00,0.00,537.00,0.00,4.00,6855.00,0.00,1043.51
8.67,0.00,0.00,0.00,537.00,0.00,4.00,6855.00,0.00,1012.74
8.67,0.00,0.00,0.00,537.00,0.00,4.00,6855.00,0.00,984.65
8.68,0.00,0.00,0.00,537.00,0.00,4.00,6855.00,0.00,959.00
8.69,0.00,0.00,0.00,537.00,0.00,4.00,6855.00,0.00,935.59
8.69,0.00,0.00,0.00,537.00,0.00,4.00,6855.00,0.00,914.21
8.70,0.00,0.00,0.00,537.00,0.00,3.00,6856.00,0.00,879.68
8.71,0.00,0.00,0.00,537.00,0.00,3.00,6856.00,0.00,848.15
8.72,0.00,0.00,0.00,537.00,0.00,3.00,6856.00,0.00,819.36
8.72,0.00,0.00,0.00,537.00,0.00,3.00,6856.00,0.00,793.08
8.73,0.00,0.00,0.00,537.00,0.00,3.00,6856.00,0.00,769.10
8.74,0.00,0.00,0.00,537.00,0.00,3.00,6856.00,0.00,747.20
8.74,0.00,0.00,0.00,537.00,0.00,3.00,6856.00,0.00,727.20
8.75,0.00,0.00,0.00,537.00,0.00,3.00,6856.00,0.00,708.95
8.76,0.00,0.00,0.00,537.00,0.00,3.00,6856.00,0.00,692.29
8.76,0.00,0.00,0.00,537.00,0.00,3.00,6856.00,0.00,677.07
8.77,0.00,0.00,0.00,537.00,0.00,3.00,6856.00,0.00,663.19
8.78,0.00,0.00,0.00,537.00,0.00,3.00,6856.00,0.00,650.51
8.78,0.00,0.00,0.00,537.00,0.00,3.00,6856.00,0.00,638.93
8.79,0.00,0.00,0.00,537.00,0.00,3.00,6856.00,0.00,628.37
8.80,0.00,0.00,0.00,537.00,0.00,3.00,6856.00,0.00,618.72
8.81,0.00,0.00,0.00,537.00,0.00,3.00,6856.00,0.00,609.91
8.81,0.00,0.00,0.00,537.00,0.00,3.00,6856.00,0.00,601.88
8.82,0.00,0.00,0.00,537.00,0.00,3.00,6856.00,0.00,594.54
8.83,0.00,0.00,0.00,537.00,0.00,3.00,6856.00,0.00,587.84
8.83,0.00,0.00,0.00,537.00,0.00,3.00,6856.00,0.00,581.72
8.84,0.00,0.00,0.00,537.00,0.00,3.00,6856.00,0.00,576.13
8.85,0.00,0.00,0.00,537.00,0.00,3.00,6856.00,0.00,571.04
8.85,0.00,0.00,0.00,537.00,0.00,3.00,6856.00,0.00,566.38
8.86,0.00,0.00,0.00,537.00,0.00,3.00,6856.00,0.00,562.13
8.87,0.00,0.00,0.00,537.00,0.00,3.00,6856.00,0.00,558.25
8.88,0.00,0.00,0.00,537.00,0.00,3.00,6856.00,0.00,554.71
8.88,0.00,0.00,0.00,537.00,0.00,3.00,6856.00,0.00,551.48
8.89,0.00,0.00,0.00,537.00,0.00,3.00,6856.00,0.00,548.53
8.90,0.00,0.00,0.00,537.00,0.00,3.00,6856.00,0.00,545.83
8.90,0.00,0.00,0.00,537.00,0.00,3.00,6856.00,0.00,543.37
8.91,0.00,0.00,0.00,537.00,0.00,3.00,6856.00,0.00,541.13
8.92,0.00,0.00,0.00,537.00,0.00,3.00,6856.00,0.00,539.08
8.92,0.00,0.00,0.00,537.00,0.00,3.00,6856.00,0.00,537.21
8.93,0.00,0.00,0.00,537.00,0.00,3.00,6856.00,0.00,535.50
8.94,0.00,0.00,0.00,537.00,0.00,3.00,6856.00,0.00,533.94
8.94,0.00,0.00,0.00,537.00,0.00,3.00,6856.00,0.00,532.52
8.95,0.00,0.00,0.00,537.00,0.00,3.00,6856.00,0.00,531.22
8.96,0.00,0.00,0.00,537.00,0.00,3.00,6856.00,0.00,530.03
8.97,0.00,0.00,0.00,537.00,0.00,3.00,6856.00,0.00,528.95
8.97,0.00,0.00,0.00,537.00,0.00,3.00,6856.00,0.00,527.96
8.98,0.00,0.00,0.00,537.00,0.00,3.00,6856.00,0.00,527.05
8.99,0.00,0.00,0.00,537.00,0.00,3.00,6856.00,0.00,526.23
8.99,0.00,0.00,0.00,537.00,0.00,3.00,6856.00,0.00,525.48
9.00,0.00,0.00,0.00,537.00,0.00,3.00,6856.00,0.00,524.79
9.01,0.00,0.00,0.00,537.00,0.00,3.00,6856.00,0.00,524.16
9.01,0.00,0.00,0.00,537.00,0.00,3.00,6856.00,0.00,523.59
9.02,0.00,0.00,0.00,537.00,0.00,3.00,6856.00,0.00,523.07
9.03,0.00,0.00,0.00,537.00,0.00,3.00,6856.00,0.00,522.59
9.03,0.00,0.00,0.00,537.00,0.00,3.00,6856.00,0.00,522.15
9.04,0.00,0.00,0.00,537.00,0.00,3.00,6856.00,0.00,521.76
9.05,0.00,0.00,0.00,537.00,0.00,3.00,6856.00,0.00,521.39
9.06,0.00,0.00,0.00,537.00,0.00,3.00,6856.00,0.00,521.06
9.06,0.00,0.00,0.00,537.00,0.00,3.00,6856.00,0.00,520.76
9.07,0.00,0.00,0.00,537.00,0.00,3.00,6856.00,0.00,520.48
9.08,0.00,0.00,0.00,537.00,0.00,3.00,6856.00,0.00,520.23
9.08,0.00,0.00,0.00,537.00,0.00,2.00,6857.00,0.00,504.98
9.09,0.00,0.00,0.00,537.00,0.00,1.00,6858.00,0.00,476.03
9.10,0.00,0.00,0.00,537.00,0.00,1.00,6858.00,0.00,449.60
9.10,0.00,0.00,0.00,537.00,0.00,1.00,6858.00,0.00,425.47
9.11,0.00,0.00,0.00,537.00,0.00,1.00,6858.00,0.00,403.45
9.12,0.00,0.00,0.00,537.00,0.00,1.00,6858.00,0.00,383.34
9.12,0.00,0.00,0.00,537.00,0.00,1.00,6858.00,0.00,364.98
9.13,0.00,0.00,0.00,537.00,0.00,1.00,6858.00,0.00,348.23
9.14,0.00,0.00,0.00,537.00,0.00,1.00,6858.00,0.00,332.93
9.15,0.00,0.00,0.00,537.00,0.00,1.00,6858.00,0.00,318.96
9.15,0.00,0.00,0.00,537.00,0.00,0.00,6859.00,0.00,291.19
9.16,0.00,0.00,0.00,537.00,0.00,0.00,6859.00,0.00,265.83
9.17,0.00,0.00,0.00,537.00,0.00,0.00,6859.00,0.00,242.68
9.17,0.00,0.00,0.00,537.00,0.00,0.00,6859.00,0.00,221.55
9.18,0.00,0.00,0.00,537.00,0.00,0.00,6859.00,0.00,202.26
9.19,0.00,0.00,0.00,537.00,0.00,0.00,6859.00,0.00,184.65
9.19,0.00,0.00,0.00,537.00,0.00,0.00,6859.00,0.00,168.57
9.20,0.00,0.00,0.00,537.00,0.00,0.00,6859.00,0.00,153.89
9.21,0.00,0.00,0.00,537.00,0.00,0.00,6859.00,0.00,140.49
9.22,0.00,0.00,0.00,537.00,0.00,0.00,6859.00,0.00,128.26
9.22,0.00,0.00,0.00,537.00,0.00,0.00,6859.00,0.00,117.09
9.23,0.00,0.00,0.00,537.00,0.00,0.00,6859.00,0.00,106.89
9.24,0.00,0.00,0.00,537.00,0.00,0.00,6859.00,0.00,97.59
9.24,0.00,0.00,0.00,537.00,0.00,0.00,6859.00,0.00,89.09
9.25,0.00,0.00,0.00,537.00,0.00,0.00,6859.00,0.00,81.33
9.26,0.00,0.00,0.00,537.00,0.00,0.00,6859.00,0.00,74.25
9.26,0.00,0.00,0.00,537.00,0.00,0.00,6859.00,0.00,67.78
9.27,0.00,0.00,0.00,537.00,0.00,0.00,6859.00,0.00,61.88
9.28,0.00,0.00,0.00,537.00,0.00,0.00,6859.00,0.00,56.49
9.28,0.00,0.00,0.00,537.00,0.00,0.00,6859.00,0.00,51.57
9.29,0.00,0.00,0.00,537.00,0.00,0.00,6859.00,0.00,47.08
9.30,0.00,0.00,0.00,537.00,0.00,0.00,6859.00,0.00,42.98
9.31,0.00,0.00,0.00,537.00,0.00,0.00,6859.00,0.00,39.24
9.31,0.00,0.00,0.00,537.00,0.00,0.00,6859.00,0.00,35.82
9.32,0.00,0.00,0.00,537.00,0.00,0.00,6859.00,0.00,32.70
9.33,0.00,0.00,0.00,537.00,0.00,0.00,6859.00,0.00,29.86
9.33,0.00,0.00,0.00,537.00,0.00,0.00,6859.00,0.00,27.26
9.34,0.00,0.00,0.00,537.00,0.00,0.00,6859.00,0.00,24.88
9.35,0.00,0.00,0.00,537.00,0.00,0.00,6859.00,0.00,22.72
9.35,0.00,0.00,0.00,537.00,0.00,0.00,6859.00,0.00,20.74
9.36,0.00,0.00,0.00,537.00,0.00,0.00,6859.00,0.00,18.93
9.37,0.00,0.00,0.00,537.00,0.00,0.00,6859.00,0.00,17.28
9.38,0.00,0.00,0.00,537.00,0.00,0.00,6859.00,0.00,15.78
9.38,0.00,0.00,0.00,537.00,0.00,0.00,6859.00,0.00,14.40
9.39,0.00,0.00,0.00,537.00,0.00,0.00,6859.00,0.00,13.15
9.40,0.00,0.00,0.00,537.00,0.00,0.00,6859.00,0.00,12.01
9.40,0.00,0.00,0.00,537.00,0.00,0.00,6859.00,0.00,10.96
9.41,0.00,0.00,0.00,537.00,0.00,0.00,6859.00,0.00,10.01
9.42,0.00,0.00,0.00,537.00,0.00,0.00,6859.00,0.00,9.13
9.42,0.00,0.00,0.00,537.00,0.00,0.00,6859.00,0.00,8.34
9.43,0.00,0.00,0.00,537.00,0.00,0.00,6859.00,0.00,7.61
9.44,0.00,0.00,0.00,537.00,0.00,0.00,6859.00,0.00,6.95
9.44,0.00,0.00,0.00,537.00,0.00,0.00,6859.00,0.00,6.34
9.45,0.00,0.00,0.00,537.00,0.00,0.00,6859.00,0.00,5.79
9.46,0.00,0.00,0.00,537.00,0.00,0.00,6859.00,0.00,5.29
9.47,0.00,0.00,0.00,537.00,0.00,0.00,6859.00,0.00,4.83
9.47,0.00,0.00,0.00,537.00,0.00,0.00,6859.00,0.00,4.41
9.48,0.00,0.00,0.00,537.00,0.00,0.00,6859.00,0.00,4.02
9.49,0.00,0.00,0.00,537.00,0.00,0.00,6859.00,0.00,3.67
9.49,0.00,0.00,0.00,537.00,0.00,0.00,6859.00,0.00,3.35
9.50,0.00,0.00,0.00,537.00,0.00,0.00,6859.00,0.00,3.06
9.51,0.00,0.00,0.00,537.00,0.00,0.00,6859.00,0.00,2.79
9.51,0.00,0.00,0.00,537.00,0.00,0.00,6859.00,0.00,2.55
9.52,0.00,0.00,0.00,537.00,0.00,0.00,6859.00,0.00,2.33
9.53,0.00,0.00,0.00,537.00,0.00,0.00,6859.00,0.00,2.13
9.53,0.00,0.00,0.00,537.00,0.00,0.00,6859.00,0.00,1.94
9.54,0.00,0.00,0.00,537.00,0.00,0.00,6859.00,0.00,1.77
9.55,0.00,0.00,0.00,537.00,0.00,0.00,6859.00,0.00,1.62
9.56,0.00,0.00,0.00,537.00,0.00,0.00,6859.00,0.00,1.48
9.56,0.00,0.00,0.00,537.00,0.00,0.00,6859.00,0.00,1.35
9.57,0.00,0.00,0.00,537.00,0.00,0.00,6859.00,0.00,1.23
9.58,0.00,0.00,0.00,537.00,0.00,0.00,6859.00,0.00,1.12
9.58,0.00,0.00,0.00,537.00,0.00,0.00,6859.00,0.00,1.03
9.59,0.00,0.00,0.00,537.00,0.00,0.00,6859.00,0.00,0.94
9.60,0.00,0.00,0.00,537.00,0.00,0.00,6859.00,0.00,0.86
9.60,0.00,0.00,0.00,537.00,0.00,0.00,6859.00,0.00,0.78
9.61,0.00,0.00,0.00,537.00,0.00,0.00,6859.00,0.00,0.71
9.62,0.00,0.00,0.00,537.00,0.00,0.00,6859.00,0.00,0.65
9.62,0.00,0.00,0.00,537.00,0.00,0.00,6859.00,0.00,0.59
9.63,0.00,0.00,0.00,537.00,0.00,0.00,6859.00,0.00,0.54
9.64,0.00,0.00,0.00,537.00,0.00,0.00,6859.00,0.00,0.49
9.65,0.00,0.00,0.00,537.00,0.00,0.00,6859.00,0.00,0.45
9.65,0.00,0.00,0.00,537.00,0.00,0.00,6859.00,0.00,0.41
9.66,0.00,0.00,0.00,537.00,0.00,0.00,6859.00,0.00,0.38
9.67,0.00,0.00,0.00,537.00,0.00,0.00,6859.00,0.00,0.34
9.67,0.00,0.00,0.00,537.00,0.00,0.00,6859.00,0.00,0.31
9.68,0.00,0.00,0.00,537.00,0.00,0.00,6859.00,0.00,0.29
9.69,0.00,0.00,0.00,537.00,0.00,0.00,6859.00,0.00,0.26
9.69,0.00,0.00,0.00,537.00,0.00,0.00,6859.00,0.00,0.24
9.70,0.00,0.00,0.00,537.00,0.00,0.00,6859.00,0.00,0.22
9.71,0.00,0.00,0.00,537.00,0.00,0.00,6859.00,0.00,0.20
9.72,0.00,0.00,0.00,537.00,0.00,0.00,6859.00,0.00,0.18
9.72,0.00,0.00,0.00,537.00,0.00,0.00,6859.00,0.00,0.17
9.73,0.00,0.00,0.00,537.00,0.00,0.00,6859.00,0.00,0.15
9.74,0.00,0.00,0.00,537.00,0.00,0.00,6859.00,0.00,0.14
9.74,0.00,0.00,0.00,537.00,0.00,0.00,6859.00,0.00,0.13
9.75,0.00,0.00,0.00,537.00,0.00,0.00,6859.00,0.00,0.12
9.76,0.00,0.00,0.00,537.00,0.00,0.00,6859.00,0.00,0.11
9.76,0.00,0.00,0.00,537.00,0.00,0.00,6859.00,0.00,0.10
9.77,0.00,0.00,0.00,537.00,0.00,0.00,6859.00,0.00,0.09
9.78,0.00,0.00,0.00,537.00,0.00,0.00,6859.00,0.00,0.08
9.78,0.00,0.00,0.00,537.00,0.00,0.00,6859.00,0.00,0.07
9.79,0.00,0.00,0.00,537.00,0.00,0.00,6859.00,0.00,0.07
9.80,0.00,0.00,0.00,537.00,0.00,0.00,6859.00,0.00,0.06
9.81,0.00,0.00,0.00,537.00,0.00,0.00,6859.00,0.00,0.06
9.81,0.00,0.00,0.00,537.00,0.00,0.00,6859.00,0.00,0.05
9.82,0.00,0.00,0.00,537.00,0.00,0.00,6859.00,0.00,0.05
9.83,0.00,0.00,0.00,537.00,0.00,0.00,6859.00,0.00,0.04
9.83,0.00,0.00,0.00,537.00,0.00,0.00,6859.00,0.00,0.04
9.84,0.00,0.00,0.00,537.00,0.00,0.00,6859.00,0.00,0.04
9.85,0.00,0.00,0.00,537.00,0.00,0.00,6859.00,0.00,0.03
9.85,0.00,0.00,0.00,537.00,0.00,0.00,6859.00,0.00,0.03
9.86,0.00,0.00,0.00,537.00,0.00,0.00,6859.00,0.00,0.03
9.87,0.00,0.00,0.00,537.00,0.00,0.00,6859.00,0.00,0.02
9.88,0.00,0.00,0.00,537.00,0.00,0.00,6859.00,0.00,0.02
9.88,0.00,0.00,0.00,537.00,0.00,0.00,6859.00,0.00,0.02
9.89,0.00,0.00,0.00,537.00,0.00,0.00,6859.00,0.00,0.02
9.90,0.00,0.00,0.00,537.00,0.00,0.00,6859.00,0.00,0.02
9.90,0.00,0.00,0.00,537.00,0.00,0.00,6859.00,0.00,0.02
9.91,0.00,0.00,0.00,537.00,0.00,0.00,6859.00,0.00,0.01
9.92,0.00,0.00,0.00,537.00,0.00,0.00,6859.00,0.00,0.01
9.92,0.00,0.00,0.00,537.00,0.00,0.00,6859.00,0.00,0.01
9.93,0.00,0.00,0.00,537.00,0.00,0.00,6859.00,0.00,0.01
9.94,0.00,0.00,0.00,537.00,0.00,0.00,6859.00,0.00,0.01
9.94,0.00,0.00,0.00,537.00,0.00,0.00,6859.00,0.00,0.01
9.95,0.00,0.00,0.00,537.00,0.00,0.00,6859.00,0.00,0.01
9.96,0.00,0.00,0.00,537.00,0.00,0.00,6859.00,0.00,0.01
9.97,0.00,0.00,0.00,537.00,0.00,0.00,6859.00,0.00,0.01
9.97,0.00,0.00,0.00,537.00,0.00,0.00,6859.00,0.00,0.01
9.98,0.00,0.00,0.00,537.00,0.00,0.00,6859.00,0.00,0.01
9.99,0.00,0.00,0.00,537.00,0.00,0.00,6859.00,0.00,0.01
9.99,0.00,0.00,0.00,537.00,0.00,0.00,6859.00,0.00,0.00
