Time,U,AI1,AI2,AD,BI2,BI2,BD,VA,VB
0.00,7396.00,0.00,0.00,0.00,0.00,0.00,0.00,75.00,75.00
0.01,7394.00,2.00,0.00,0.00,0.00,0.00,0.00,68.23,68.47
0.01,7393.00,2.00,0.00,0.00,1.00,0.00,0.00,62.07,62.51
0.02,7393.00,2.00,0.00,0.00,1.00,0.00,0.00,56.47,57.06
0.03,7392.00,2.00,0.00,0.00,2.00,0.00,0.00,51.37,52.10
0.03,7391.00,2.00,0.00,0.00,3.00,0.00,0.00,46.73,47.56
0.04,7390.00,1.00,1.00,0.00,4.00,0.00,0.00,42.66,43.42
0.05,7389.00,2.00,1.00,0.00,4.00,0.00,0.00,38.96,39.64
0.06,7388.00,2.00,1.00,0.00,5.00,0.00,0.00,35.59,36.19
0.06,7388.00,2.00,1.00,0.00,5.00,0.00,0.00,32.53,33.03
0.07,7387.00,3.00,1.00,0.00,5.00,0.00,0.00,29.74,30.16
0.08,7385.00,2.00,3.00,0.00,6.00,0.00,0.00,27.51,27.53
0.08,7383.00,2.00,3.00,0.00,8.00,0.00,0.00,25.48,25.13
0.09,7382.00,3.00,3.00,0.00,8.00,0.00,0.00,23.63,22.95
0.10,7382.00,3.00,3.00,0.00,8.00,0.00,0.00,21.95,20.95
0.10,7381.00,4.00,3.00,0.00,7.00,1.00,0.00,20.41,34.15
0.11,7381.00,3.00,4.00,0.00,6.00,2.00,0.00,19.17,61.22
0.12,7381.00,3.00,4.00,0.00,6.00,2.00,0.00,18.04,85.94
0.12,7379.00,4.00,4.00,0.00,7.00,2.00,0.00,17.01,108.50
0.13,7378.00,5.00,4.00,0.00,7.00,2.00,0.00,16.08,129.10
0.14,7376.00,5.00,3.00,1.00,9.00,2.00,0.00,15.08,147.90
0.15,7374.00,6.00,3.00,1.00,10.00,2.00,0.00,14.17,165.07
0.15,7370.00,7.00,2.00,2.00,13.00,2.00,0.00,13.19,180.74
0.16,7366.00,7.00,2.00,2.00,17.00,2.00,0.00,12.30,195.05
0.17,7365.00,7.00,2.00,2.00,18.00,2.00,0.00,11.49,208.11
0.17,7363.00,7.00,1.00,3.00,20.00,2.00,0.00,10.60,220.04
0.18,7359.00,7.00,1.00,3.00,24.00,2.00,0.00,9.80,230.92
0.19,7357.00,6.00,2.00,3.00,25.00,3.00,0.00,9.21,255.88
0.19,7357.00,6.00,2.00,3.00,23.00,5.00,0.00,8.68,308.72
0.20,7357.00,6.00,2.00,3.00,22.00,6.00,0.00,8.20,371.98
0.21,7356.00,6.00,2.00,3.00,23.00,6.00,0.00,7.76,429.72
0.22,7355.00,6.00,2.00,3.00,22.00,7.00,1.00,7.36,497.47
0.22,7350.00,6.00,2.00,3.00,27.00,7.00,1.00,6.99,559.31
0.23,7348.00,6.00,2.00,3.00,29.00,7.00,1.00,6.66,615.77
0.24,7341.00,6.00,2.00,3.00,33.00,10.00,1.00,6.36,712.38
0.24,7339.00,6.00,2.00,3.00,34.00,10.00,2.00,6.09,800.58
0.25,7334.00,7.00,1.00,4.00,37.00,11.00,2.00,5.69,896.13
0.26,7332.00,7.00,1.00,4.00,39.00,11.00,2.00,5.33,983.35
0.26,7331.00,7.00,1.00,4.00,40.00,11.00,2.00,4.99,1062.98
0.27,7327.00,6.00,2.00,4.00,43.00,12.00,2.00,4.84,1150.70
0.28,7325.00,6.00,2.00,4.00,44.00,13.00,2.00,4.71,1245.80
0.28,7320.00,6.00,2.00,4.00,48.00,12.00,4.00,4.58,1317.60
0.29,7315.00,6.00,2.00,4.00,53.00,12.00,4.00,4.47,1383.14
0.30,7313.00,5.00,3.00,4.00,52.00,14.00,5.00,4.52,1473.03
0.31,7309.00,5.00,2.00,5.00,54.00,16.00,5.00,4.41,1585.13
0.31,7305.00,5.00,2.00,5.00,56.00,17.00,6.00,4.31,1702.50
0.32,7301.00,5.00,2.00,5.00,59.00,17.00,7.00,4.22,1809.65
0.33,7296.00,5.00,2.00,5.00,63.00,18.00,7.00,4.14,1922.49
0.33,7287.00,5.00,2.00,5.00,71.00,19.00,7.00,4.07,2040.52
0.34,7281.00,5.00,2.00,5.00,75.00,21.00,7.00,4.00,2178.33
0.35,7272.00,5.00,2.00,5.00,81.00,22.00,9.00,3.94,2319.16
0.35,7265.00,5.00,2.00,5.00,84.00,25.00,10.00,3.89,2492.79
0.36,7262.00,5.00,2.00,5.00,85.00,26.00,11.00,3.84,2666.33
0.37,7257.00,5.00,2.00,5.00,87.00,29.00,11.00,3.79,2869.83
0.38,7242.00,5.00,2.00,5.00,102.00,28.00,12.00,3.75,3040.58
0.38,7228.00,5.00,2.00,5.00,114.00,30.00,12.00,3.71,3226.51
0.39,7223.00,5.00,2.00,5.00,116.00,32.00,13.00,3.68,3426.30
0.40,7213.00,5.00,2.00,5.00,124.00,32.00,15.00,3.64,3608.69
0.40,7196.00,5.00,2.00,5.00,140.00,33.00,15.00,3.62,3790.23
0.41,7185.00,5.00,2.00,5.00,151.00,32.00,16.00,3.59,3940.93
0.42,7176.00,4.00,3.00,5.00,154.00,37.00,17.00,3.72,4153.62
0.42,7162.00,4.00,3.00,5.00,167.00,38.00,17.00,3.83,4362.82
0.43,7151.00,4.00,3.00,5.00,174.00,42.00,17.00,3.94,4613.90
0.44,7141.00,4.00,3.00,5.00,179.00,46.00,18.00,4.03,4903.20
0.44,7131.00,4.00,2.00,6.00,183.00,52.00,18.00,3.97,5257.45
0.45,7120.00,4.00,2.00,6.00,189.00,57.00,18.00,3.91,5655.97
0.46,7111.00,3.00,3.00,6.00,192.00,62.00,19.00,4.01,6094.91
0.47,7091.00,3.00,3.00,6.00,207.00,66.00,20.00,4.10,6555.71
0.47,7077.00,3.00,3.00,6.00,217.00,70.00,20.00,4.18,7036.49
0.48,7057.00,3.00,3.00,6.00,233.00,72.00,22.00,4.25,7505.44
0.49,7041.00,3.00,2.00,7.00,243.00,78.00,22.00,4.17,8023.70
0.49,7026.00,3.00,2.00,7.00,251.00,84.00,23.00,4.09,8586.97
0.50,7012.00,3.00,2.00,7.00,260.00,89.00,23.00,4.02,9176.31
0.51,6991.00,3.00,2.00,7.00,274.00,95.00,24.00,3.96,9804.47
0.51,6976.00,3.00,2.00,7.00,282.00,101.00,25.00,3.90,10468.07
0.52,6960.00,3.00,2.00,7.00,290.00,109.00,25.00,3.85,11194.08
0.53,6939.00,3.00,2.00,7.00,308.00,108.00,29.00,3.80,11841.84
0.53,6922.00,3.00,2.00,7.00,320.00,111.00,31.00,3.76,12478.27
0.54,6906.00,2.00,3.00,7.00,328.00,117.00,33.00,3.87,13149.41
0.55,6888.00,2.00,3.00,7.00,337.00,123.00,36.00,3.97,13852.26
0.56,6863.00,2.00,3.00,7.00,354.00,130.00,37.00,4.07,14599.07
0.56,6841.00,2.00,2.00,8.00,370.00,134.00,39.00,4.00,15340.94
0.57,6826.00,2.00,2.00,8.00,374.00,140.00,44.00,3.94,16108.35
0.58,6808.00,2.00,2.00,8.00,385.00,145.00,46.00,3.88,16884.05
0.58,6788.00,2.00,2.00,8.00,394.00,154.00,48.00,3.83,17727.42
0.59,6758.00,2.00,2.00,8.00,413.00,163.00,50.00,3.79,18632.55
0.60,6733.00,2.00,2.00,8.00,429.00,169.00,53.00,3.75,19549.01
0.60,6709.00,2.00,2.00,8.00,437.00,182.00,56.00,3.71,20580.97
0.61,6683.00,3.00,2.00,8.00,450.00,191.00,59.00,3.67,21658.28
0.62,6656.00,3.00,2.00,8.00,466.00,198.00,63.00,3.64,22746.94
0.62,6623.00,3.00,2.00,8.00,485.00,209.00,66.00,3.61,23906.06
0.63,6596.00,2.00,3.00,8.00,498.00,220.00,69.00,3.74,25129.51
0.64,6567.00,2.00,3.00,8.00,512.00,234.00,70.00,3.85,26456.74
0.65,6539.00,2.00,3.00,8.00,523.00,249.00,72.00,3.95,27893.75
0.65,6506.00,2.00,3.00,8.00,535.00,267.00,75.00,4.05,29476.05
0.66,6477.00,2.00,3.00,8.00,553.00,275.00,78.00,4.13,31040.75
0.67,6449.00,2.00,3.00,8.00,562.00,292.00,80.00,4.21,32724.60
0.67,6413.00,2.00,3.00,8.00,584.00,299.00,87.00,4.28,34366.99
0.68,6369.00,2.00,3.00,8.00,619.00,300.00,95.00,4.35,35881.39
0.69,6334.00,2.00,3.00,8.00,630.00,320.00,99.00,4.40,37564.38
0.69,6307.00,2.00,3.00,8.00,646.00,329.00,101.00,4.46,39236.03
0.70,6283.00,2.00,3.00,8.00,648.00,348.00,104.00,4.51,41047.56
0.71,6252.00,2.00,3.00,8.00,660.00,365.00,106.00,4.55,42956.74
0.72,6222.00,2.00,2.00,9.00,673.00,381.00,107.00,4.44,44940.05
0.72,6191.00,2.00,2.00,9.00,680.00,400.00,112.00,4.34,47036.10
0.73,6145.00,2.00,2.00,9.00,698.00,424.00,116.00,4.25,49310.19
0.74,6112.00,2.00,2.00,9.00,714.00,432.00,125.00,4.16,51506.45
0.74,6073.00,2.00,2.00,9.00,727.00,451.00,132.00,4.09,53796.90
0.75,6041.00,2.00,2.00,9.00,736.00,470.00,136.00,4.02,56173.35
0.76,6001.00,2.00,2.00,9.00,757.00,488.00,137.00,3.96,58613.29
0.76,5956.00,1.00,3.00,9.00,780.00,506.00,141.00,4.05,61111.18
0.77,5926.00,1.00,3.00,9.00,787.00,525.00,145.00,4.14,63677.00
0.78,5899.00,1.00,3.00,9.00,790.00,544.00,150.00,4.21,66304.84
0.78,5862.00,1.00,3.00,9.00,806.00,556.00,159.00,4.28,68884.14
0.79,5818.00,1.00,3.00,9.00,826.00,573.00,166.00,4.35,71494.23
0.80,5757.00,1.00,3.00,9.00,868.00,589.00,169.00,4.41,74117.42
0.81,5716.00,1.00,3.00,9.00,880.00,612.00,175.00,4.46,76857.73
0.81,5672.00,1.00,3.00,9.00,897.00,637.00,177.00,4.51,79734.99
0.82,5632.00,1.00,3.00,9.00,909.00,660.00,182.00,4.55,82707.25
0.83,5590.00,1.00,2.00,10.00,924.00,680.00,189.00,4.44,85721.16
0.83,5555.00,1.00,2.00,10.00,944.00,690.00,194.00,4.34,88622.86
0.84,5500.00,1.00,2.00,10.00,967.00,719.00,197.00,4.25,91707.56
0.85,5461.00,1.00,2.00,10.00,980.00,736.00,206.00,4.17,94779.05
0.85,5414.00,1.00,2.00,10.00,1005.00,756.00,208.00,4.09,97883.55
0.86,5376.00,1.00,2.00,10.00,1014.00,781.00,212.00,4.02,101093.30
0.87,5338.00,2.00,2.00,10.00,1018.00,808.00,218.00,3.96,104429.19
0.88,5297.00,2.00,2.00,10.00,1029.00,831.00,225.00,3.90,107820.13
0.88,5255.00,2.00,2.00,10.00,1038.00,860.00,229.00,3.85,111351.47
0.89,5206.00,2.00,2.00,10.00,1060.00,881.00,235.00,3.80,114890.80
0.90,5156.00,2.00,2.00,10.00,1071.00,906.00,249.00,3.76,118497.52
0.90,5109.00,2.00,2.00,10.00,1080.00,938.00,255.00,3.72,122270.92
0.91,5058.00,2.00,2.00,10.00,1097.00,964.00,263.00,3.69,126106.35
0.92,5020.00,2.00,2.00,10.00,1107.00,988.00,267.00,3.65,129968.36
0.92,4962.00,2.00,2.00,10.00,1145.00,1003.00,272.00,3.62,133719.43
0.93,4912.00,2.00,2.00,10.00,1167.00,1024.00,279.00,3.60,137459.35
0.94,4850.00,2.00,2.00,10.00,1197.00,1050.00,285.00,3.57,141264.22
0.94,4804.00,0.00,4.00,10.00,1192.00,1095.00,291.00,3.85,145413.82
0.95,4750.00,0.00,4.00,10.00,1215.00,1123.00,294.00,4.10,149622.73
0.96,4701.00,0.00,3.00,11.00,1229.00,1152.00,300.00,4.18,153900.82
0.97,4658.00,0.00,3.00,11.00,1235.00,1184.00,305.00,4.26,158287.13
0.97,4607.00,0.00,3.00,11.00,1238.00,1225.00,312.00,4.32,162907.45
0.98,4563.00,0.00,3.00,11.00,1236.00,1264.00,319.00,4.38,167711.35
0.99,4506.00,0.00,3.00,11.00,1261.00,1289.00,326.00,4.44,172472.52
0.99,4461.00,0.00,3.00,11.00,1270.00,1321.00,330.00,4.49,177299.85
1.00,4414.00,0.00,3.00,11.00,1283.00,1350.00,335.00,4.53,182142.50
1.01,4360.00,0.00,3.00,11.00,1301.00,1379.00,342.00,4.58,186999.15
1.01,4314.00,1.00,3.00,11.00,1299.00,1420.00,348.00,4.61,192048.84
1.02,4267.00,1.00,3.00,11.00,1311.00,1451.00,352.00,4.65,197124.55
1.03,4211.00,1.00,3.00,11.00,1322.00,1488.00,360.00,4.68,202314.14
1.03,4152.00,1.00,3.00,11.00,1350.00,1513.00,366.00,4.71,207427.42
1.04,4109.00,1.00,3.00,11.00,1364.00,1536.00,372.00,4.73,212440.98
1.05,4053.00,1.00,3.00,11.00,1379.00,1573.00,376.00,4.76,217573.85
1.06,3993.00,1.00,3.00,11.00,1405.00,1604.00,379.00,4.78,222725.47
1.06,3937.00,1.00,3.00,11.00,1422.00,1638.00,384.00,4.80,227939.31
1.07,3882.00,1.00,3.00,11.00,1437.00,1670.00,392.00,4.81,233179.88
1.08,3809.00,1.00,3.00,11.00,1470.00,1701.00,401.00,4.83,238429.84
1.08,3751.00,1.00,3.00,11.00,1476.00,1746.00,408.00,4.85,243898.69
1.09,3707.00,1.00,3.00,11.00,1475.00,1782.00,417.00,4.86,249432.17
1.10,3660.00,1.00,3.00,11.00,1482.00,1814.00,425.00,4.87,254964.56
1.10,3591.00,1.00,3.00,11.00,1507.00,1854.00,429.00,4.88,260616.14
1.11,3534.00,1.00,2.00,12.00,1527.00,1886.00,434.00,4.74,266256.33
1.12,3477.00,1.00,2.00,12.00,1540.00,1924.00,440.00,4.61,271976.29
1.12,3431.00,1.00,2.00,12.00,1545.00,1959.00,446.00,4.50,277723.97
1.13,3373.00,1.00,2.00,12.00,1559.00,1996.00,453.00,4.39,283527.03
1.14,3314.00,1.00,2.00,12.00,1584.00,2024.00,459.00,4.30,289245.43
1.15,3252.00,1.00,2.00,12.00,1596.00,2064.00,469.00,4.21,295066.82
1.15,3185.00,1.00,2.00,12.00,1608.00,2111.00,477.00,4.13,301087.39
1.16,3123.00,1.00,0.00,14.00,1628.00,2147.00,483.00,3.76,307124.55
1.17,3064.00,1.00,0.00,14.00,1639.00,2189.00,489.00,3.42,313266.99
1.17,3008.00,1.00,0.00,14.00,1630.00,2245.00,498.00,3.11,319715.86
1.18,2957.00,1.00,0.00,14.00,1635.00,2287.00,502.00,2.83,326234.16
1.19,2914.00,1.00,0.00,14.00,1632.00,2326.00,509.00,2.57,332770.78
1.19,2850.00,1.00,0.00,14.00,1656.00,2360.00,515.00,2.34,339249.00
1.20,2788.00,0.00,1.00,14.00,1681.00,2388.00,524.00,2.28,345583.77
1.21,2740.00,0.00,1.00,14.00,1699.00,2410.00,532.00,2.22,351697.44
1.22,2680.00,0.00,1.00,14.00,1704.00,2454.00,543.00,2.17,357939.77
1.22,2606.00,0.00,1.00,14.00,1723.00,2502.00,550.00,2.13,364359.66
1.23,2540.00,0.00,1.00,14.00,1751.00,2536.00,554.00,2.09,370731.32
1.24,2491.00,0.00,1.00,14.00,1744.00,2584.00,562.00,2.05,377269.26
1.24,2440.00,0.00,1.00,14.00,1752.00,2619.00,570.00,2.01,383763.72
1.25,2385.00,0.00,1.00,14.00,1764.00,2652.00,580.00,1.98,390188.43
1.26,2325.00,0.00,1.00,14.00,1778.00,2689.00,589.00,1.95,396609.55
1.26,2272.00,0.00,1.00,14.00,1793.00,2722.00,594.00,1.93,402967.32
1.27,2224.00,0.00,1.00,14.00,1795.00,2760.00,602.00,1.90,409342.35
1.28,2174.00,0.00,1.00,14.00,1790.00,2808.00,609.00,1.88,415883.38
1.28,2119.00,0.00,1.00,14.00,1804.00,2841.00,617.00,1.86,422350.61
1.29,2057.00,1.00,1.00,14.00,1796.00,2907.00,620.00,1.84,429246.22
1.30,2002.00,1.00,1.00,14.00,1806.00,2945.00,627.00,1.83,436112.27
1.31,1952.00,1.00,1.00,14.00,1799.00,3000.00,629.00,1.81,443206.72
1.31,1894.00,1.00,1.00,14.00,1800.00,3048.00,638.00,1.80,450404.53
1.32,1858.00,1.00,1.00,14.00,1779.00,3094.00,649.00,1.79,457666.64
1.33,1813.00,1.00,1.00,14.00,1781.00,3130.00,656.00,1.78,464837.23
1.33,1763.00,1.00,1.00,14.00,1781.00,3169.00,667.00,1.77,471969.34
1.34,1712.00,1.00,1.00,14.00,1793.00,3205.00,670.00,1.76,479021.24
1.35,1659.00,1.00,1.00,14.00,1795.00,3248.00,678.00,1.75,486105.08
1.35,1615.00,1.00,1.00,14.00,1787.00,3295.00,683.00,1.74,493278.18
1.36,1574.00,1.00,1.00,14.00,1774.00,3345.00,687.00,1.73,500577.83
1.37,1528.00,1.00,1.00,14.00,1773.00,3388.00,691.00,1.73,507887.85
1.38,1476.00,1.00,0.00,15.00,1773.00,3436.00,695.00,1.57,515282.45
1.38,1431.00,1.00,0.00,15.00,1770.00,3480.00,699.00,1.43,522694.18
1.39,1377.00,1.00,0.00,15.00,1772.00,3526.00,705.00,1.30,530151.59
1.40,1325.00,1.00,0.00,15.00,1765.00,3572.00,718.00,1.18,537650.70
1.40,1289.00,1.00,0.00,15.00,1762.00,3600.00,729.00,1.08,544917.46
1.41,1247.00,1.00,0.00,15.00,1762.00,3636.00,735.00,0.98,552092.30
1.42,1199.00,1.00,0.00,15.00,1766.00,3678.00,737.00,0.89,559273.35
1.42,1144.00,1.00,0.00,15.00,1775.00,3715.00,746.00,0.81,566384.96
1.43,1094.00,1.00,0.00,15.00,1777.00,3758.00,751.00,0.74,573523.31
1.44,1032.00,1.00,0.00,15.00,1779.00,3808.00,761.00,0.67,580791.24
1.44,987.00,1.00,0.00,15.00,1774.00,3845.00,774.00,0.61,587982.16
1.45,945.00,1.00,0.00,15.00,1767.00,3887.00,781.00,0.56,595177.90
1.46,911.00,1.00,0.00,15.00,1742.00,3938.00,789.00,0.50,602513.24
1.47,869.00,1.00,0.00,15.00,1733.00,3985.00,793.00,0.46,609915.93
1.47,822.00,1.00,0.00,15.00,1726.00,4033.00,799.00,0.42,617395.14
1.48,790.00,1.00,0.00,15.00,1709.00,4076.00,805.00,0.38,624869.08
1.49,764.00,1.00,0.00,15.00,1694.00,4113.00,809.00,0.35,632248.08
1.49,719.00,1.00,0.00,15.00,1698.00,4148.00,815.00,0.31,639510.35
1.50,686.00,1.00,0.00,15.00,1683.00,4190.00,821.00,0.29,646771.22
1.51,654.00,1.00,0.00,15.00,1674.00,4224.00,828.00,0.26,653910.63
1.51,627.00,1.00,0.00,15.00,1663.00,4257.00,833.00,0.24,660924.14
1.52,587.00,1.00,0.00,15.00,1656.00,4301.00,836.00,0.22,667987.95
1.53,553.00,1.00,0.00,15.00,1637.00,4344.00,846.00,0.20,675082.67
1.53,520.00,1.00,0.00,15.00,1632.00,4374.00,854.00,0.18,682010.30
1.54,487.00,1.00,0.00,15.00,1616.00,4410.00,867.00,0.16,688875.54
1.55,465.00,1.00,0.00,15.00,1586.00,4453.00,876.00,0.15,695788.97
1.56,443.00,1.00,0.00,15.00,1564.00,4488.00,885.00,0.13,702626.21
1.56,415.00,1.00,0.00,15.00,1535.00,4540.00,890.00,0.12,709649.30
1.57,386.00,1.00,0.00,15.00,1518.00,4577.00,899.00,0.11,716616.70
1.58,361.00,1.00,0.00,15.00,1495.00,4621.00,903.00,0.10,723638.43
1.58,341.00,1.00,0.00,15.00,1467.00,4660.00,912.00,0.09,730634.63
1.59,316.00,1.00,0.00,15.00,1449.00,4697.00,918.00,0.08,737577.49
1.60,299.00,1.00,0.00,15.00,1417.00,4739.00,925.00,0.08,744546.76
1.60,283.00,1.00,0.00,15.00,1393.00,4774.00,930.00,0.07,751434.99
1.61,263.00,1.00,0.00,15.00,1384.00,4796.00,937.00,0.06,758053.92
1.62,245.00,1.00,0.00,15.00,1363.00,4828.00,944.00,0.06,764577.25
1.62,225.00,1.00,0.00,15.00,1349.00,4854.00,952.00,0.05,770923.15
1.63,207.00,1.00,0.00,15.00,1335.00,4877.00,961.00,0.05,777062.00
1.64,191.00,1.00,0.00,15.00,1315.00,4905.00,969.00,0.04,783086.96
1.65,175.00,1.00,0.00,15.00,1293.00,4937.00,975.00,0.04,789068.03
1.65,156.00,1.00,0.00,15.00,1279.00,4965.00,980.00,0.04,794948.94
1.66,145.00,1.00,0.00,15.00,1249.00,4999.00,987.00,0.03,800828.54
1.67,133.00,1.00,0.00,15.00,1233.00,5017.00,997.00,0.03,806466.59
1.67,124.00,1.00,0.00,15.00,1204.00,5052.00,1000.00,0.03,812139.51
1.68,117.00,1.00,0.00,15.00,1179.00,5077.00,1007.00,0.02,817694.04
1.69,109.00,0.00,1.00,15.00,1152.00,5109.00,1010.00,0.17,823245.64
1.69,94.00,0.00,1.00,15.00,1125.00,5142.00,1019.00,0.31,828809.59
1.70,87.00,0.00,1.00,15.00,1105.00,5163.00,1025.00,0.43,834204.54
1.71,79.00,0.00,1.00,15.00,1072.00,5199.00,1030.00,0.54,839670.55
1.72,70.00,0.00,1.00,15.00,1050.00,5224.00,1036.00,0.64,845036.18
1.72,63.00,0.00,1.00,15.00,1029.00,5247.00,1041.00,0.73,850280.12
1.73,56.00,0.00,1.00,15.00,1009.00,5267.00,1048.00,0.82,855367.91
1.74,51.00,0.00,1.00,15.00,989.00,5283.00,1057.00,0.89,860253.04
1.74,46.00,0.00,1.00,15.00,961.00,5311.00,1062.00,0.96,865133.44
1.75,41.00,0.00,1.00,15.00,941.00,5328.00,1070.00,1.03,869844.27
1.76,41.00,0.00,1.00,15.00,913.00,5352.00,1074.00,1.09,874505.45
1.76,36.00,0.00,1.00,15.00,895.00,5368.00,1081.00,1.14,879001.12
1.77,33.00,0.00,1.00,15.00,871.00,5381.00,1095.00,1.18,883300.63
1.78,29.00,0.00,1.00,15.00,845.00,5401.00,1105.00,1.23,887526.22
1.78,23.00,0.00,1.00,15.00,824.00,5425.00,1108.00,1.27,891744.42
1.79,21.00,0.00,1.00,15.00,803.00,5441.00,1115.00,1.30,895835.68
1.80,20.00,0.00,1.00,15.00,783.00,5454.00,1123.00,1.34,899765.99
1.81,16.00,0.00,1.00,15.00,764.00,5471.00,1129.00,1.37,903609.46
1.81,12.00,0.00,1.00,15.00,752.00,5476.00,1140.00,1.39,907193.37
1.82,11.00,0.00,1.00,15.00,724.00,5499.00,1146.00,1.42,910810.74
1.83,10.00,0.00,1.00,15.00,703.00,5511.00,1156.00,1.44,914293.40
1.83,9.00,0.00,1.00,15.00,687.00,5518.00,1166.00,1.46,917577.97
1.84,8.00,0.00,1.00,15.00,671.00,5531.00,1170.00,1.48,920771.83
1.85,7.00,0.00,1.00,15.00,655.00,5534.00,1184.00,1.49,923732.65
1.85,7.00,0.00,1.00,15.00,643.00,5541.00,1189.00,1.51,926540.82
1.86,5.00,0.00,1.00,15.00,626.00,5553.00,1196.00,1.52,929284.74
1.87,3.00,0.00,1.00,15.00,612.00,5562.00,1203.00,1.54,931924.94
1.88,2.00,0.00,1.00,15.00,599.00,5560.00,1219.00,1.55,934305.19
1.88,0.00,0.00,1.00,15.00,584.00,5569.00,1227.00,1.56,936613.39
1.89,0.00,0.00,1.00,15.00,575.00,5572.00,1233.00,1.57,938765.67
1.90,0.00,0.00,1.00,15.00,557.00,5582.00,1241.00,1.58,940880.77
1.90,0.00,0.00,1.00,15.00,538.00,5591.00,1251.00,1.58,942946.90
1.91,0.00,0.00,1.00,15.00,521.00,5599.00,1260.00,1.59,944953.31
1.92,0.00,0.00,1.00,15.00,506.00,5609.00,1265.00,1.60,946935.24
1.92,0.00,0.00,1.00,15.00,491.00,5617.00,1272.00,1.60,948864.77
1.93,0.00,0.00,1.00,15.00,472.00,5628.00,1280.00,1.61,950791.55
1.94,0.00,0.00,1.00,15.00,459.00,5636.00,1285.00,1.61,952670.73
1.94,0.00,0.00,1.00,15.00,441.00,5648.00,1291.00,1.62,954566.56
1.95,0.00,0.00,1.00,15.00,432.00,5648.00,1300.00,1.62,956297.30
1.96,0.00,0.00,1.00,15.00,420.00,5649.00,1311.00,1.63,957892.37
1.97,0.00,0.00,1.00,15.00,409.00,5651.00,1320.00,1.63,959378.59
1.97,0.00,0.00,1.00,15.00,400.00,5654.00,1326.00,1.63,960780.46
1.98,0.00,0.00,1.00,15.00,389.00,5656.00,1335.00,1.64,962090.31
1.99,0.00,0.00,1.00,15.00,375.00,5665.00,1340.00,1.64,963421.31
1.99,0.00,0.00,1.00,15.00,368.00,5665.00,1347.00,1.64,964636.41
2.00,0.00,0.00,1.00,15.00,359.00,5661.00,1360.00,1.64,965685.62
2.01,0.00,0.00,1.00,15.00,345.00,5673.00,1362.00,1.64,966823.74
2.01,0.00,0.00,1.00,15.00,336.00,5668.00,1376.00,1.65,967787.64
2.02,0.00,0.00,1.00,15.00,322.00,5673.00,1385.00,1.65,968742.73
2.03,0.00,0.00,1.00,15.00,314.00,5679.00,1387.00,1.65,969704.79
2.03,0.00,0.00,1.00,15.00,303.00,5682.00,1395.00,1.65,970628.14
2.04,0.00,0.00,1.00,15.00,297.00,5676.00,1407.00,1.65,971380.96
2.05,0.00,0.00,1.00,15.00,291.00,5676.00,1413.00,1.65,972068.22
2.06,0.00,0.00,1.00,15.00,285.00,5674.00,1421.00,1.65,972665.60
2.06,0.00,0.00,1.00,15.00,272.00,5682.00,1426.00,1.66,973331.14
2.07,0.00,0.00,1.00,15.00,264.00,5680.00,1436.00,1.66,973908.68
2.08,0.00,0.00,1.00,15.00,254.00,5681.00,1445.00,1.66,974450.95
2.08,0.00,0.00,1.00,15.00,243.00,5684.00,1453.00,1.66,974991.08
2.09,0.00,0.00,1.00,15.00,239.00,5674.00,1467.00,1.66,975333.94
2.10,0.00,0.00,1.00,15.00,231.00,5675.00,1474.00,1.66,975661.97
2.10,0.00,0.00,1.00,15.00,222.00,5675.00,1483.00,1.66,975961.44
2.11,0.00,0.00,1.00,15.00,213.00,5676.00,1491.00,1.66,976249.85
2.12,0.00,0.00,1.00,15.00,207.00,5672.00,1501.00,1.66,976453.06
2.12,0.00,0.00,1.00,15.00,202.00,5668.00,1510.00,1.66,976578.48
2.13,0.00,0.00,1.00,15.00,199.00,5662.00,1519.00,1.66,976602.84
2.14,0.00,0.00,1.00,15.00,194.00,5662.00,1524.00,1.66,976625.08
2.15,0.00,0.00,1.00,15.00,189.00,5661.00,1530.00,1.66,976630.36
2.15,0.00,0.00,1.00,15.00,182.00,5663.00,1535.00,1.66,976665.22
2.16,0.00,0.00,1.00,15.00,179.00,5658.00,1543.00,1.66,976621.94
2.17,0.00,0.00,1.00,15.00,177.00,5655.00,1548.00,1.66,976537.35
2.17,0.00,0.00,1.00,15.00,171.00,5654.00,1555.00,1.66,976445.11
2.18,0.00,0.00,1.00,15.00,168.00,5649.00,1563.00,1.66,976285.78
2.19,0.00,0.00,1.00,15.00,163.00,5642.00,1575.00,1.66,976035.16
2.19,0.00,0.00,1.00,15.00,154.00,5644.00,1582.00,1.66,975836.42
2.20,0.00,0.00,1.00,15.00,146.00,5648.00,1586.00,1.66,975715.07
2.21,0.00,0.00,1.00,15.00,143.00,5647.00,1590.00,1.66,975589.26
2.22,0.00,0.00,1.00,15.00,141.00,5644.00,1595.00,1.66,975429.34
2.22,0.00,0.00,1.00,15.00,133.00,5648.00,1599.00,1.66,975343.44
2.23,0.00,0.00,1.00,15.00,126.00,5644.00,1610.00,1.66,975204.93
2.24,0.00,0.00,1.00,15.00,123.00,5640.00,1617.00,1.66,975018.38
2.24,0.00,0.00,1.00,15.00,116.00,5643.00,1621.00,1.66,974893.15
2.25,0.00,0.00,1.00,15.00,115.00,5637.00,1628.00,1.66,974688.68
2.26,0.00,0.00,1.00,15.00,113.00,5638.00,1629.00,1.66,974517.04
2.26,0.00,0.00,1.00,15.00,109.00,5633.00,1638.00,1.66,974285.24
2.27,0.00,0.00,1.00,15.00,106.00,5627.00,1647.00,1.66,973983.47
2.28,0.00,0.00,1.00,15.00,102.00,5620.00,1658.00,1.66,973602.82
2.28,0.00,0.00,1.00,15.00,100.00,5615.00,1665.00,1.66,973180.20
2.29,0.00,0.00,1.00,15.00,95.00,5616.00,1669.00,1.66,972809.41
2.30,0.00,0.00,1.00,15.00,90.00,5616.00,1674.00,1.66,972470.90
2.31,0.00,0.00,1.00,15.00,88.00,5605.00,1687.00,1.66,971996.61
2.31,0.00,0.00,1.00,15.00,84.00,5599.00,1697.00,1.66,971473.48
2.32,0.00,0.00,1.00,15.00,83.00,5593.00,1704.00,1.66,970905.77
2.33,0.00,0.00,1.00,15.00,81.00,5582.00,1717.00,1.66,970222.24
2.33,0.00,0.00,1.00,15.00,79.00,5575.00,1726.00,1.66,969493.06
2.34,0.00,0.00,1.00,15.00,78.00,5569.00,1733.00,1.66,968737.24
2.35,0.00,0.00,1.00,15.00,75.00,5566.00,1739.00,1.66,968002.16
2.35,0.00,0.00,1.00,15.00,74.00,5563.00,1743.00,1.66,967286.02
2.36,0.00,0.00,1.00,15.00,71.00,5555.00,1754.00,1.66,966512.06
2.37,0.00,0.00,1.00,15.00,70.00,5554.00,1756.00,1.66,965790.47
2.38,0.00,0.00,1.00,15.00,67.00,5553.00,1760.00,1.66,965116.68
2.38,0.00,0.00,1.00,15.00,64.00,5544.00,1772.00,1.66,964366.36
2.39,0.00,0.00,1.00,15.00,63.00,5540.00,1777.00,1.66,963621.28
2.40,0.00,0.00,1.00,15.00,60.00,5533.00,1787.00,1.66,962835.92
2.40,0.00,0.00,1.00,15.00,60.00,5521.00,1799.00,1.66,961938.66
2.41,0.00,0.00,1.00,15.00,59.00,5516.00,1805.00,1.66,961044.42
2.42,0.00,0.00,1.00,15.00,57.00,5510.00,1813.00,1.66,960137.91
2.42,0.00,0.00,1.00,15.00,54.00,5506.00,1820.00,1.66,959250.24
2.43,0.00,0.00,1.00,15.00,54.00,5495.00,1831.00,1.66,958274.61
2.44,0.00,0.00,1.00,15.00,52.00,5490.00,1838.00,1.66,957308.82
2.44,0.00,0.00,1.00,15.00,49.00,5485.00,1846.00,1.66,956352.01
2.45,0.00,0.00,1.00,15.00,45.00,5480.00,1855.00,1.66,955403.40
2.46,0.00,0.00,1.00,15.00,42.00,5478.00,1860.00,1.66,954507.35
2.47,0.00,0.00,1.00,15.00,38.00,5474.00,1868.00,1.66,953629.22
2.47,0.00,0.00,1.00,15.00,37.00,5468.00,1875.00,1.66,952737.43
2.48,0.00,0.00,1.00,15.00,36.00,5461.00,1883.00,1.66,951818.12
2.49,0.00,0.00,0.00,16.00,31.00,5455.00,1894.00,1.51,950888.73
2.49,0.00,0.00,0.00,16.00,30.00,5446.00,1904.00,1.38,949905.05
2.50,0.00,0.00,0.00,16.00,28.00,5443.00,1909.00,1.25,948961.96
2.51,0.00,0.00,0.00,16.00,28.00,5437.00,1915.00,1.14,948010.85
2.51,0.00,0.00,0.00,16.00,28.00,5431.00,1921.00,1.04,947052.42
2.52,0.00,0.00,0.00,16.00,28.00,5425.00,1927.00,0.94,946087.32
2.53,0.00,0.00,0.00,16.00,26.00,5420.00,1934.00,0.86,945131.13
2.53,0.00,0.00,0.00,16.00,25.00,5412.00,1943.00,0.78,944138.01
2.54,0.00,0.00,0.00,16.00,25.00,5406.00,1949.00,0.71,943141.24
2.55,0.00,0.00,0.00,16.00,25.00,5399.00,1956.00,0.65,942126.10
2.56,0.00,0.00,0.00,16.00,25.00,5395.00,1960.00,0.59,941139.26
2.56,0.00,0.00,0.00,16.00,25.00,5388.00,1967.00,0.53,940133.18
2.57,0.00,0.00,0.00,16.00,24.00,5383.00,1973.00,0.49,939139.60
2.58,0.00,0.00,0.00,16.00,24.00,5374.00,1982.00,0.44,938097.33
2.58,0.00,0.00,0.00,16.00,24.00,5362.00,1994.00,0.40,936965.53
2.59,0.00,0.00,0.00,16.00,24.00,5352.00,2004.00,0.37,935782.06
2.60,0.00,0.00,0.00,16.00,24.00,5347.00,2009.00,0.33,934626.52
2.60,0.00,0.00,0.00,16.00,23.00,5344.00,2013.00,0.30,933526.54
2.61,0.00,0.00,0.00,16.00,22.00,5340.00,2018.00,0.28,932462.24
2.62,0.00,0.00,0.00,16.00,21.00,5331.00,2028.00,0.25,931355.41
2.62,0.00,0.00,0.00,16.00,18.00,5326.00,2036.00,0.23,930269.84
2.63,0.00,0.00,0.00,16.00,18.00,5315.00,2047.00,0.21,929113.55
2.64,0.00,0.00,0.00,16.00,18.00,5312.00,2050.00,0.19,928012.87
2.65,0.00,0.00,0.00,16.00,18.00,5305.00,2057.00,0.17,926902.87
2.65,0.00,0.00,0.00,16.00,18.00,5299.00,2063.00,0.16,925799.39
2.66,0.00,0.00,0.00,16.00,17.00,5295.00,2068.00,0.14,924731.90
2.67,0.00,0.00,0.00,16.00,17.00,5286.00,2077.00,0.13,923622.16
2.67,0.00,0.00,0.00,16.00,17.00,5273.00,2090.00,0.12,922413.74
2.68,0.00,0.00,0.00,16.00,17.00,5265.00,2098.00,0.11,921190.37
2.69,0.00,0.00,0.00,16.00,17.00,5255.00,2108.00,0.10,919923.29
2.69,0.00,0.00,0.00,16.00,17.00,5248.00,2115.00,0.09,918661.38
2.70,0.00,0.00,0.00,16.00,17.00,5236.00,2127.00,0.08,917329.08
2.71,0.00,0.00,0.00,16.00,17.00,5231.00,2132.00,0.07,916037.67
2.72,0.00,0.00,0.00,16.00,16.00,5226.00,2138.00,0.07,914783.60
2.72,0.00,0.00,0.00,16.00,14.00,5220.00,2146.00,0.06,913548.59
2.73,0.00,0.00,0.00,16.00,12.00,5214.00,2154.00,0.06,912330.98
2.74,0.00,0.00,0.00,16.00,12.00,5205.00,2163.00,0.05,911084.18
2.74,0.00,0.00,0.00,16.00,12.00,5200.00,2168.00,0.05,909870.84
2.75,0.00,0.00,0.00,16.00,12.00,5193.00,2175.00,0.04,908657.99
2.76,0.00,0.00,0.00,16.00,12.00,5184.00,2184.00,0.04,907415.54
2.76,0.00,0.00,0.00,16.00,12.00,5177.00,2191.00,0.03,906176.11
2.77,0.00,0.00,0.00,16.00,11.00,5168.00,2201.00,0.03,904909.40
2.78,0.00,0.00,0.00,16.00,10.00,5158.00,2212.00,0.03,903602.76
2.78,0.00,0.00,0.00,16.00,10.00,5152.00,2218.00,0.03,902319.76
2.79,0.00,0.00,0.00,16.00,9.00,5147.00,2224.00,0.02,901073.36
2.80,0.00,0.00,0.00,16.00,9.00,5141.00,2230.00,0.02,899845.36
2.81,0.00,0.00,0.00,16.00,8.00,5132.00,2240.00,0.02,898589.07
2.81,0.00,0.00,0.00,16.00,8.00,5124.00,2248.00,0.02,897322.00
2.82,0.00,0.00,0.00,16.00,8.00,5119.00,2253.00,0.02,896090.14
2.83,0.00,0.00,0.00,16.00,8.00,5116.00,2256.00,0.01,894920.47
2.83,0.00,0.00,0.00,16.00,8.00,5111.00,2261.00,0.01,893777.54
2.84,0.00,0.00,0.00,16.00,6.00,5102.00,2272.00,0.01,892598.92
2.85,0.00,0.00,0.00,16.00,6.00,5094.00,2280.00,0.01,891402.75
2.85,0.00,0.00,0.00,16.00,6.00,5083.00,2291.00,0.01,890145.48
2.86,0.00,0.00,0.00,16.00,6.00,5074.00,2300.00,0.01,888862.48
2.87,0.00,0.00,0.00,16.00,6.00,5068.00,2306.00,0.01,887601.06
2.88,0.00,0.00,0.00,16.00,5.00,5062.00,2313.00,0.01,886359.34
2.88,0.00,0.00,0.00,16.00,5.00,5056.00,2319.00,0.01,885135.61
2.89,0.00,0.00,0.00,16.00,5.00,5047.00,2328.00,0.01,883883.23
2.90,0.00,0.00,0.00,16.00,5.00,5041.00,2334.00,0.01,882649.76
2.90,0.00,0.00,0.00,16.00,5.00,5034.00,2341.00,0.01,881418.53
2.91,0.00,0.00,0.00,16.00,4.00,5032.00,2344.00,0.00,880264.47
2.92,0.00,0.00,0.00,16.00,4.00,5025.00,2351.00,0.00,879105.73
2.92,0.00,0.00,0.00,16.00,4.00,5018.00,2358.00,0.00,877942.74
2.93,0.00,0.00,0.00,16.00,4.00,5014.00,2362.00,0.00,876820.92
2.94,0.00,0.00,0.00,16.00,4.00,5005.00,2371.00,0.00,875661.57
2.94,0.00,0.00,0.00,16.00,4.00,4992.00,2384.00,0.00,874407.88
2.95,0.00,0.00,0.00,16.00,4.00,4982.00,2394.00,0.00,873113.12
2.96,0.00,0.00,0.00,16.00,4.00,4973.00,2403.00,0.00,871795.89
2.97,0.00,0.00,0.00,16.00,4.00,4962.00,2414.00,0.00,870428.11
2.97,0.00,0.00,0.00,16.00,4.00,4961.00,2415.00,0.00,869164.41
2.98,0.00,0.00,0.00,16.00,2.00,4953.00,2425.00,0.00,867890.56
2.99,0.00,0.00,0.00,16.00,2.00,4948.00,2430.00,0.00,866652.51
2.99,0.00,0.00,0.00,16.00,2.00,4940.00,2438.00,0.00,865402.09
3.00,0.00,0.00,0.00,16.00,2.00,4932.00,2446.00,0.00,864140.36
3.01,0.00,0.00,0.00,16.00,2.00,4925.00,2453.00,0.00,862883.34
3.01,0.00,0.00,0.00,16.00,2.00,4913.00,2465.00,0.00,861555.49
3.02,0.00,0.00,0.00,16.00,2.00,4906.00,2472.00,0.00,860238.11
3.03,0.00,0.00,0.00,16.00,2.00,4900.00,2478.00,0.00,858945.30
3.03,0.00,0.00,0.00,16.00,2.00,4889.00,2489.00,0.00,857599.81
3.04,0.00,0.00,0.00,16.00,2.00,4884.00,2494.00,0.00,856296.37
3.05,0.00,0.00,0.00,16.00,2.00,4877.00,2501.00,0.00,855001.26
3.06,0.00,0.00,0.00,16.00,2.00,4874.00,2504.00,0.00,853773.85
3.06,0.00,0.00,0.00,16.00,2.00,4868.00,2510.00,0.00,852563.18
3.07,0.00,0.00,0.00,16.00,2.00,4858.00,2520.00,0.00,851307.70
3.08,0.00,0.00,0.00,16.00,2.00,4846.00,2532.00,0.00,849981.27
3.08,0.00,0.00,0.00,16.00,2.00,4838.00,2540.00,0.00,848650.15
3.09,0.00,0.00,0.00,16.00,2.00,4831.00,2547.00,0.00,847329.78
3.10,0.00,0.00,0.00,16.00,2.00,4820.00,2558.00,0.00,845959.13
3.10,0.00,0.00,0.00,16.00,2.00,4811.00,2567.00,0.00,844572.62
3.11,0.00,0.00,0.00,16.00,2.00,4805.00,2573.00,0.00,843216.70
3.12,0.00,0.00,0.00,16.00,2.00,4798.00,2580.00,0.00,841873.69
3.12,0.00,0.00,0.00,16.00,2.00,4789.00,2589.00,0.00,840512.41
3.13,0.00,0.00,0.00,16.00,2.00,4780.00,2598.00,0.00,839134.46
3.14,0.00,0.00,0.00,16.00,2.00,4775.00,2603.00,0.00,837801.38
3.15,0.00,0.00,0.00,16.00,2.00,4769.00,2609.00,0.00,836494.25
3.15,0.00,0.00,0.00,16.00,2.00,4761.00,2617.00,0.00,835180.74
3.16,0.00,0.00,0.00,16.00,2.00,4754.00,2624.00,0.00,833876.45
3.17,0.00,0.00,0.00,16.00,2.00,4743.00,2635.00,0.00,832520.48
3.17,0.00,0.00,0.00,16.00,2.00,4731.00,2647.00,0.00,831102.31
3.18,0.00,0.00,0.00,16.00,2.00,4724.00,2654.00,0.00,829702.45
3.19,0.00,0.00,0.00,16.00,2.00,4714.00,2664.00,0.00,828274.27
3.19,0.00,0.00,0.00,16.00,2.00,4707.00,2671.00,0.00,826865.28
3.20,0.00,0.00,0.00,16.00,2.00,4698.00,2680.00,0.00,825443.77
3.21,0.00,0.00,0.00,16.00,2.00,4691.00,2687.00,0.00,824040.88
3.22,0.00,0.00,0.00,16.00,2.00,4684.00,2694.00,0.00,822654.99
3.22,0.00,0.00,0.00,16.00,2.00,4671.00,2707.00,0.00,821194.47
3.23,0.00,0.00,0.00,16.00,2.00,4658.00,2720.00,0.00,819665.83
3.24,0.00,0.00,0.00,16.00,2.00,4650.00,2728.00,0.00,818150.11
3.24,0.00,0.00,0.00,16.00,2.00,4643.00,2735.00,0.00,816661.21
3.25,0.00,0.00,0.00,16.00,2.00,4641.00,2737.00,0.00,815271.92
3.26,0.00,0.00,0.00,16.00,2.00,4631.00,2747.00,0.00,813853.36
3.26,0.00,0.00,0.00,16.00,1.00,4618.00,2761.00,0.00,812363.03
3.27,0.00,0.00,0.00,16.00,1.00,4613.00,2766.00,0.00,810927.36
3.28,0.00,0.00,0.00,16.00,1.00,4606.00,2773.00,0.00,809511.53
3.28,0.00,0.00,0.00,16.00,1.00,4600.00,2779.00,0.00,808128.85
3.29,0.00,0.00,0.00,16.00,1.00,4592.00,2787.00,0.00,806746.39
3.30,0.00,0.00,0.00,16.00,1.00,4587.00,2792.00,0.00,805409.18
3.31,0.00,0.00,0.00,16.00,1.00,4580.00,2799.00,0.00,804083.26
3.31,0.00,0.00,0.00,16.00,1.00,4570.00,2809.00,0.00,802722.56
3.32,0.00,0.00,0.00,16.00,1.00,4566.00,2813.00,0.00,801420.25
3.33,0.00,0.00,0.00,16.00,1.00,4557.00,2822.00,0.00,800096.13
3.33,0.00,0.00,0.00,16.00,1.00,4554.00,2825.00,0.00,798842.24
3.34,0.00,0.00,0.00,16.00,1.00,4547.00,2832.00,0.00,797592.38
3.35,0.00,0.00,0.00,16.00,1.00,4543.00,2836.00,0.00,796391.25
3.35,0.00,0.00,0.00,16.00,1.00,4537.00,2842.00,0.00,795204.58
3.36,0.00,0.00,0.00,16.00,1.00,4523.00,2856.00,0.00,793910.91
3.37,0.00,0.00,0.00,16.00,1.00,4516.00,2863.00,0.00,792624.73
3.38,0.00,0.00,0.00,16.00,1.00,4508.00,2871.00,0.00,791330.36
3.38,0.00,0.00,0.00,16.00,1.00,4500.00,2879.00,0.00,790028.51
3.39,0.00,0.00,0.00,16.00,1.00,4497.00,2882.00,0.00,788794.95
3.40,0.00,0.00,0.00,16.00,1.00,4490.00,2889.00,0.00,787563.65
3.40,0.00,0.00,0.00,16.00,1.00,4487.00,2892.00,0.00,786394.49
3.41,0.00,0.00,0.00,16.00,1.00,4477.00,2902.00,0.00,785176.91
3.42,0.00,0.00,0.00,16.00,1.00,4463.00,2916.00,0.00,783855.02
3.42,0.00,0.00,0.00,16.00,1.00,4452.00,2927.00,0.00,782482.99
3.43,0.00,0.00,0.00,16.00,1.00,4444.00,2935.00,0.00,781110.24
3.44,0.00,0.00,0.00,16.00,1.00,4436.00,2943.00,0.00,779736.84
3.44,0.00,0.00,0.00,16.00,1.00,4428.00,2951.00,0.00,778362.84
3.45,0.00,0.00,0.00,16.00,1.00,4422.00,2957.00,0.00,777018.35
3.46,0.00,0.00,0.00,16.00,1.00,4416.00,2963.00,0.00,775700.79
3.47,0.00,0.00,0.00,16.00,1.00,4409.00,2970.00,0.00,774392.80
3.47,0.00,0.00,0.00,16.00,1.00,4403.00,2976.00,0.00,773108.57
3.48,0.00,0.00,0.00,16.00,1.00,4392.00,2987.00,0.00,771770.90
3.49,0.00,0.00,0.00,16.00,1.00,4382.00,2997.00,0.00,770399.48
3.49,0.00,0.00,0.00,16.00,1.00,4375.00,3004.00,0.00,769042.32
3.50,0.00,0.00,0.00,16.00,1.00,4366.00,3013.00,0.00,767668.13
3.51,0.00,0.00,0.00,16.00,1.00,4358.00,3021.00,0.00,766293.41
3.51,0.00,0.00,0.00,16.00,1.00,4354.00,3025.00,0.00,764978.31
3.52,0.00,0.00,0.00,16.00,1.00,4348.00,3031.00,0.00,763687.58
3.53,0.00,0.00,0.00,16.00,1.00,4342.00,3037.00,0.00,762419.10
3.53,0.00,0.00,0.00,16.00,1.00,4337.00,3042.00,0.00,761185.96
3.54,0.00,0.00,0.00,16.00,1.00,4333.00,3046.00,0.00,760000.10
3.55,0.00,0.00,0.00,16.00,1.00,4328.00,3051.00,0.00,758842.39
3.56,0.00,0.00,0.00,16.00,1.00,4320.00,3059.00,0.00,757665.31
3.56,0.00,0.00,0.00,16.00,1.00,4311.00,3068.00,0.00,756455.51
3.57,0.00,0.00,0.00,16.00,1.00,4303.00,3076.00,0.00,755230.87
3.58,0.00,0.00,0.00,16.00,1.00,4299.00,3080.00,0.00,754052.77
3.58,0.00,0.00,0.00,16.00,1.00,4290.00,3089.00,0.00,752842.05
3.59,0.00,0.00,0.00,16.00,1.00,4283.00,3096.00,0.00,751631.59
3.60,0.00,0.00,0.00,16.00,1.00,4280.00,3099.00,0.00,750481.47
3.60,0.00,0.00,0.00,16.00,1.00,4270.00,3109.00,0.00,749281.26
3.61,0.00,0.00,0.00,16.00,1.00,4264.00,3115.00,0.00,748095.43
3.62,0.00,0.00,0.00,16.00,1.00,4258.00,3121.00,0.00,746922.71
3.62,0.00,0.00,0.00,16.00,1.00,4251.00,3128.00,0.00,745746.94
3.63,0.00,0.00,0.00,16.00,1.00,4241.00,3138.00,0.00,744523.33
3.64,0.00,0.00,0.00,16.00,1.00,4231.00,3148.00,0.00,743256.03
3.65,0.00,0.00,0.00,16.00,1.00,4224.00,3155.00,0.00,741993.92
3.65,0.00,0.00,0.00,16.00,1.00,4217.00,3162.00,0.00,740736.55
3.66,0.00,0.00,0.00,16.00,1.00,4208.00,3171.00,0.00,739453.46
3.67,0.00,0.00,0.00,16.00,1.00,4195.00,3184.00,0.00,738086.79
3.67,0.00,0.00,0.00,16.00,1.00,4182.00,3197.00,0.00,736643.83
3.68,0.00,0.00,0.00,16.00,0.00,4173.00,3207.00,0.00,735191.30
3.69,0.00,0.00,0.00,16.00,0.00,4165.00,3215.00,0.00,733745.07
3.69,0.00,0.00,0.00,16.00,0.00,4162.00,3218.00,0.00,732379.71
3.70,0.00,0.00,0.00,16.00,0.00,4160.00,3220.00,0.00,731103.18
3.71,0.00,0.00,0.00,16.00,0.00,4153.00,3227.00,0.00,729832.66
3.72,0.00,0.00,0.00,16.00,0.00,4147.00,3233.00,0.00,728582.62
3.72,0.00,0.00,0.00,16.00,0.00,4137.00,3243.00,0.00,727291.20
3.73,0.00,0.00,0.00,16.00,0.00,4130.00,3250.00,0.00,726007.07
3.74,0.00,0.00,0.00,16.00,0.00,4122.00,3258.00,0.00,724714.58
3.74,0.00,0.00,0.00,16.00,0.00,4118.00,3262.00,0.00,723474.53
3.75,0.00,0.00,0.00,16.00,0.00,4114.00,3266.00,0.00,722282.37
3.76,0.00,0.00,0.00,16.00,0.00,4106.00,3274.00,0.00,721073.84
3.76,0.00,0.00,0.00,16.00,0.00,4094.00,3286.00,0.00,719790.26
3.77,0.00,0.00,0.00,16.00,0.00,4086.00,3294.00,0.00,718498.26
3.78,0.00,0.00,0.00,16.00,0.00,4081.00,3299.00,0.00,717243.66
3.78,0.00,0.00,0.00,16.00,0.00,4069.00,3311.00,0.00,715918.02
3.79,0.00,0.00,0.00,16.00,0.00,4060.00,3320.00,0.00,714572.60
3.80,0.00,0.00,0.00,16.00,0.00,4055.00,3325.00,0.00,713269.22
3.81,0.00,0.00,0.00,16.00,0.00,4044.00,3336.00,0.00,711914.08
3.81,0.00,0.00,0.00,16.00,0.00,4038.00,3342.00,0.00,710586.81
3.82,0.00,0.00,0.00,16.00,0.00,4029.00,3351.00,0.00,709239.89
3.83,0.00,0.00,0.00,16.00,0.00,4021.00,3359.00,0.00,707890.08
3.83,0.00,0.00,0.00,16.00,0.00,4015.00,3365.00,0.00,706567.66
3.84,0.00,0.00,0.00,16.00,0.00,4011.00,3369.00,0.00,705300.31
3.85,0.00,0.00,0.00,16.00,0.00,4011.00,3369.00,0.00,704143.31
3.85,0.00,0.00,0.00,16.00,0.00,4010.00,3370.00,0.00,703072.03
3.86,0.00,0.00,0.00,16.00,0.00,4004.00,3376.00,0.00,702003.90
3.87,0.00,0.00,0.00,16.00,0.00,3997.00,3383.00,0.00,700923.61
3.88,0.00,0.00,0.00,16.00,0.00,3986.00,3394.00,0.00,699772.14
3.88,0.00,0.00,0.00,16.00,0.00,3980.00,3400.00,0.00,698630.79
3.89,0.00,0.00,0.00,16.00,0.00,3978.00,3402.00,0.00,697558.78
3.90,0.00,0.00,0.00,16.00,0.00,3973.00,3407.00,0.00,696505.00
3.90,0.00,0.00,0.00,16.00,0.00,3966.00,3414.00,0.00,695437.82
3.91,0.00,0.00,0.00,16.00,0.00,3960.00,3420.00,0.00,694373.43
3.92,0.00,0.00,0.00,16.00,0.00,3948.00,3432.00,0.00,693221.44
3.92,0.00,0.00,0.00,16.00,0.00,3940.00,3440.00,0.00,692049.57
3.93,0.00,0.00,0.00,16.00,0.00,3935.00,3445.00,0.00,690904.64
3.94,0.00,0.00,0.00,16.00,0.00,3927.00,3453.00,0.00,689739.21
3.94,0.00,0.00,0.00,16.00,0.00,3918.00,3462.00,0.00,688540.06
3.95,0.00,0.00,0.00,16.00,0.00,3910.00,3470.00,0.00,687325.14
3.96,0.00,0.00,0.00,16.00,0.00,3905.00,3475.00,0.00,686140.89
3.97,0.00,0.00,0.00,16.00,0.00,3901.00,3479.00,0.00,684999.67
3.97,0.00,0.00,0.00,16.00,0.00,3893.00,3487.00,0.00,683837.64
3.98,0.00,0.00,0.00,16.00,0.00,3885.00,3495.00,0.00,682656.61
3.99,0.00,0.00,0.00,16.00,0.00,3876.00,3504.00,0.00,681443.21
3.99,0.00,0.00,0.00,16.00,0.00,3868.00,3512.00,0.00,680215.28
4.00,0.00,0.00,0.00,16.00,0.00,3860.00,3520.00,0.00,678974.10
4.01,0.00,0.00,0.00,16.00,0.00,3852.00,3528.00,0.00,677720.80
4.01,0.00,0.00,0.00,16.00,0.00,3841.00,3539.00,0.00,676411.38
4.02,0.00,0.00,0.00,16.00,0.00,3835.00,3545.00,0.00,675125.84
4.03,0.00,0.00,0.00,16.00,0.00,3827.00,3553.00,0.00,673832.06
4.03,0.00,0.00,0.00,16.00,0.00,3810.00,3570.00,0.00,672395.54
4.04,0.00,0.00,0.00,16.00,0.00,3804.00,3576.00,0.00,670993.97
4.05,0.00,0.00,0.00,16.00,0.00,3801.00,3579.00,0.00,669669.37
4.06,0.00,0.00,0.00,16.00,0.00,3788.00,3592.00,0.00,668264.81
4.06,0.00,0.00,0.00,16.00,0.00,3778.00,3602.00,0.00,666832.33
4.07,0.00,0.00,0.00,16.00,0.00,3774.00,3606.00,0.00,665464.49
4.08,0.00,0.00,0.00,16.00,0.00,3773.00,3607.00,0.00,664200.73
4.08,0.00,0.00,0.00,16.00,0.00,3766.00,3614.00,0.00,662941.85
4.09,0.00,0.00,0.00,16.00,0.00,3757.00,3623.00,0.00,661657.38
4.10,0.00,0.00,0.00,16.00,0.00,3751.00,3629.00,0.00,660394.62
4.10,0.00,0.00,0.00,16.00,0.00,3745.00,3635.00,0.00,659151.68
4.11,0.00,0.00,0.00,16.00,0.00,3739.00,3641.00,0.00,657926.82
4.12,0.00,0.00,0.00,16.00,0.00,3735.00,3645.00,0.00,656748.54
4.12,0.00,0.00,0.00,16.00,0.00,3730.00,3650.00,0.00,655597.73
4.13,0.00,0.00,0.00,16.00,0.00,3727.00,3653.00,0.00,654502.07
4.14,0.00,0.00,0.00,16.00,0.00,3716.00,3664.00,0.00,653336.55
4.15,0.00,0.00,0.00,16.00,0.00,3707.00,3673.00,0.00,652137.32
4.15,0.00,0.00,0.00,16.00,0.00,3700.00,3680.00,0.00,650937.35
4.16,0.00,0.00,0.00,16.00,0.00,3690.00,3690.00,0.00,649691.64
4.17,0.00,0.00,0.00,16.00,0.00,3683.00,3697.00,0.00,648449.23
4.17,0.00,0.00,0.00,16.00,0.00,3680.00,3700.00,0.00,647269.94
4.18,0.00,0.00,0.00,16.00,0.00,3672.00,3708.00,0.00,646073.16
4.19,0.00,0.00,0.00,16.00,0.00,3665.00,3715.00,0.00,644875.42
4.19,0.00,0.00,0.00,16.00,0.00,3657.00,3723.00,0.00,643661.79
4.20,0.00,0.00,0.00,16.00,0.00,3650.00,3730.00,0.00,642448.68
4.21,0.00,0.00,0.00,16.00,0.00,3639.00,3741.00,0.00,641175.95
4.22,0.00,0.00,0.00,16.00,0.00,3629.00,3751.00,0.00,639863.81
4.22,0.00,0.00,0.00,16.00,0.00,3625.00,3755.00,0.00,638605.83
4.23,0.00,0.00,0.00,16.00,0.00,3617.00,3763.00,0.00,637337.21
4.24,0.00,0.00,0.00,16.00,0.00,3606.00,3774.00,0.00,636013.80
4.24,0.00,0.00,0.00,16.00,0.00,3600.00,3780.00,0.00,634715.49
4.25,0.00,0.00,0.00,16.00,0.00,3591.00,3789.00,0.00,633395.02
4.26,0.00,0.00,0.00,16.00,0.00,3581.00,3799.00,0.00,632039.30
4.26,0.00,0.00,0.00,16.00,0.00,3573.00,3807.00,0.00,630681.45
4.27,0.00,0.00,0.00,16.00,0.00,3567.00,3813.00,0.00,629351.70
4.28,0.00,0.00,0.00,16.00,0.00,3562.00,3818.00,0.00,628062.62
4.28,0.00,0.00,0.00,16.00,0.00,3555.00,3825.00,0.00,626780.62
4.29,0.00,0.00,0.00,16.00,0.00,3545.00,3835.00,0.00,625460.03
4.30,0.00,0.00,0.00,16.00,0.00,3535.00,3845.00,0.00,624104.20
4.31,0.00,0.00,0.00,16.00,0.00,3526.00,3854.00,0.00,622731.21
4.31,0.00,0.00,0.00,16.00,0.00,3518.00,3862.00,0.00,621357.60
4.32,0.00,0.00,0.00,16.00,0.00,3509.00,3871.00,0.00,619968.39
4.33,0.00,0.00,0.00,16.00,0.00,3499.00,3881.00,0.00,618549.91
4.33,0.00,0.00,0.00,16.00,0.00,3492.00,3888.00,0.00,617149.79
4.34,0.00,0.00,0.00,16.00,0.00,3488.00,3892.00,0.00,615811.49
4.35,0.00,0.00,0.00,16.00,0.00,3478.00,3902.00,0.00,614439.50
4.35,0.00,0.00,0.00,16.00,0.00,3471.00,3909.00,0.00,613081.81
4.36,0.00,0.00,0.00,16.00,0.00,3460.00,3920.00,0.00,611677.09
4.37,0.00,0.00,0.00,16.00,0.00,3454.00,3926.00,0.00,610304.55
4.38,0.00,0.00,0.00,16.00,0.00,3448.00,3932.00,0.00,608961.38
4.38,0.00,0.00,0.00,16.00,0.00,3436.00,3944.00,0.00,607554.89
4.39,0.00,0.00,0.00,16.00,0.00,3429.00,3951.00,0.00,606165.72
4.40,0.00,0.00,0.00,16.00,0.00,3424.00,3956.00,0.00,604822.39
4.40,0.00,0.00,0.00,16.00,0.00,3413.00,3967.00,0.00,603430.78
4.41,0.00,0.00,0.00,16.00,0.00,3409.00,3971.00,0.00,602100.25
4.42,0.00,0.00,0.00,16.00,0.00,3404.00,3976.00,0.00,600810.47
4.42,0.00,0.00,0.00,16.00,0.00,3397.00,3983.00,0.00,599527.83
4.43,0.00,0.00,0.00,16.00,0.00,3394.00,3986.00,0.00,598311.81
4.44,0.00,0.00,0.00,16.00,0.00,3386.00,3994.00,0.00,597081.49
4.44,0.00,0.00,0.00,16.00,0.00,3377.00,4003.00,0.00,595823.09
4.45,0.00,0.00,0.00,16.00,0.00,3368.00,4012.00,0.00,594539.06
4.46,0.00,0.00,0.00,16.00,0.00,3359.00,4021.00,0.00,593231.63
4.47,0.00,0.00,0.00,16.00,0.00,3348.00,4032.00,0.00,591872.80
4.47,0.00,0.00,0.00,16.00,0.00,3342.00,4038.00,0.00,590542.14
4.48,0.00,0.00,0.00,16.00,0.00,3335.00,4045.00,0.00,589222.20
4.49,0.00,0.00,0.00,16.00,0.00,3326.00,4054.00,0.00,587881.98
4.49,0.00,0.00,0.00,16.00,0.00,3318.00,4062.00,0.00,586538.27
4.50,0.00,0.00,0.00,16.00,0.00,3311.00,4069.00,0.00,585206.41
4.51,0.00,0.00,0.00,16.00,0.00,3307.00,4073.00,0.00,583930.43
4.51,0.00,0.00,0.00,16.00,0.00,3298.00,4082.00,0.00,582630.35
4.52,0.00,0.00,0.00,16.00,0.00,3287.00,4093.00,0.00,581278.22
4.53,0.00,0.00,0.00,16.00,0.00,3282.00,4098.00,0.00,579968.72
4.53,0.00,0.00,0.00,16.00,0.00,3277.00,4103.00,0.00,578698.12
4.54,0.00,0.00,0.00,16.00,0.00,3269.00,4111.00,0.00,577417.98
4.55,0.00,0.00,0.00,16.00,0.00,3266.00,4114.00,0.00,576204.23
4.56,0.00,0.00,0.00,16.00,0.00,3260.00,4120.00,0.00,575006.04
4.56,0.00,0.00,0.00,16.00,0.00,3251.00,4129.00,0.00,573776.97
4.57,0.00,0.00,0.00,16.00,0.00,3244.00,4136.00,0.00,572549.77
4.58,0.00,0.00,0.00,16.00,0.00,3242.00,4138.00,0.00,571399.37
4.58,0.00,0.00,0.00,16.00,0.00,3234.00,4146.00,0.00,570228.97
4.59,0.00,0.00,0.00,16.00,0.00,3225.00,4155.00,0.00,569025.27
4.60,0.00,0.00,0.00,16.00,0.00,3217.00,4163.00,0.00,567806.20
4.60,0.00,0.00,0.00,16.00,0.00,3211.00,4169.00,0.00,566603.14
4.61,0.00,0.00,0.00,16.00,0.00,3206.00,4174.00,0.00,565429.72
4.62,0.00,0.00,0.00,16.00,0.00,3198.00,4182.00,0.00,564238.30
4.62,0.00,0.00,0.00,16.00,0.00,3188.00,4192.00,0.00,563000.39
4.63,0.00,0.00,0.00,16.00,0.00,3182.00,4198.00,0.00,561780.13
4.64,0.00,0.00,0.00,16.00,0.00,3174.00,4206.00,0.00,560545.94
4.65,0.00,0.00,0.00,16.00,0.00,3167.00,4213.00,0.00,559314.06
4.65,0.00,0.00,0.00,16.00,0.00,3165.00,4215.00,0.00,558159.40
4.66,0.00,0.00,0.00,16.00,0.00,3164.00,4216.00,0.00,557090.26
4.67,0.00,0.00,0.00,16.00,0.00,3155.00,4225.00,0.00,555979.01
4.67,0.00,0.00,0.00,16.00,0.00,3148.00,4232.00,0.00,554859.36
4.68,0.00,0.00,0.00,16.00,0.00,3138.00,4242.00,0.00,553686.97
4.69,0.00,0.00,0.00,16.00,0.00,3129.00,4251.00,0.00,552481.46
4.69,0.00,0.00,0.00,16.00,0.00,3122.00,4258.00,0.00,551275.76
4.70,0.00,0.00,0.00,16.00,0.00,3117.00,4263.00,0.00,550099.94
4.71,0.00,0.00,0.00,16.00,0.00,3106.00,4274.00,0.00,548861.24
4.72,0.00,0.00,0.00,16.00,0.00,3096.00,4284.00,0.00,547580.17
4.72,0.00,0.00,0.00,16.00,0.00,3091.00,4289.00,0.00,546335.54
4.73,0.00,0.00,0.00,16.00,0.00,3081.00,4299.00,0.00,545049.06
4.74,0.00,0.00,0.00,16.00,0.00,3072.00,4308.00,0.00,543739.39
4.74,0.00,0.00,0.00,16.00,0.00,3062.00,4318.00,0.00,542393.53
4.75,0.00,0.00,0.00,16.00,0.00,3048.00,4332.00,0.00,540954.53
4.76,0.00,0.00,0.00,16.00,0.00,3036.00,4344.00,0.00,539460.56
4.76,0.00,0.00,0.00,16.00,0.00,3032.00,4348.00,0.00,538036.59
4.77,0.00,0.00,0.00,16.00,0.00,3027.00,4353.00,0.00,536661.50
4.78,0.00,0.00,0.00,16.00,0.00,3019.00,4361.00,0.00,535285.96
4.78,0.00,0.00,0.00,16.00,0.00,3016.00,4364.00,0.00,533985.12
4.79,0.00,0.00,0.00,16.00,0.00,3006.00,4374.00,0.00,532647.33
4.80,0.00,0.00,0.00,16.00,0.00,2999.00,4381.00,0.00,531320.86
4.81,0.00,0.00,0.00,16.00,0.00,2994.00,4386.00,0.00,530034.79
4.81,0.00,0.00,0.00,16.00,0.00,2985.00,4395.00,0.00,528725.49
4.82,0.00,0.00,0.00,16.00,0.00,2972.00,4408.00,0.00,527334.89
4.83,0.00,0.00,0.00,16.00,0.00,2965.00,4415.00,0.00,525960.23
4.83,0.00,0.00,0.00,16.00,0.00,2957.00,4423.00,0.00,524585.08
4.84,0.00,0.00,0.00,16.00,0.00,2951.00,4429.00,0.00,523239.53
4.85,0.00,0.00,0.00,16.00,0.00,2942.00,4438.00,0.00,521875.94
4.85,0.00,0.00,0.00,16.00,0.00,2938.00,4442.00,0.00,520570.99
4.86,0.00,0.00,0.00,16.00,0.00,2932.00,4448.00,0.00,519289.54
4.87,0.00,0.00,0.00,16.00,0.00,2925.00,4455.00,0.00,518014.51
4.88,0.00,0.00,0.00,16.00,0.00,2921.00,4459.00,0.00,516790.40
4.88,0.00,0.00,0.00,16.00,0.00,2913.00,4467.00,0.00,515552.71
4.89,0.00,0.00,0.00,16.00,0.00,2904.00,4476.00,0.00,514287.58
4.90,0.00,0.00,0.00,16.00,0.00,2898.00,4482.00,0.00,513042.47
4.90,0.00,0.00,0.00,16.00,0.00,2894.00,4486.00,0.00,511845.69
4.91,0.00,0.00,0.00,16.00,0.00,2882.00,4498.00,0.00,510572.84
4.92,0.00,0.00,0.00,16.00,0.00,2872.00,4508.00,0.00,509260.60
4.92,0.00,0.00,0.00,16.00,0.00,2867.00,4513.00,0.00,507987.51
4.93,0.00,0.00,0.00,16.00,0.00,2859.00,4521.00,0.00,506705.08
4.94,0.00,0.00,0.00,16.00,0.00,2849.00,4531.00,0.00,505384.10
4.94,0.00,0.00,0.00,16.00,0.00,2845.00,4535.00,0.00,504118.04
4.95,0.00,0.00,0.00,16.00,0.00,2835.00,4545.00,0.00,502812.00
4.96,0.00,0.00,0.00,16.00,0.00,2825.00,4555.00,0.00,501469.45
4.97,0.00,0.00,0.00,16.00,0.00,2817.00,4563.00,0.00,500123.63
4.97,0.00,0.00,0.00,16.00,0.00,2813.00,4567.00,0.00,498834.89
4.98,0.00,0.00,0.00,16.00,0.00,2805.00,4575.00,0.00,497538.20
4.99,0.00,0.00,0.00,16.00,0.00,2795.00,4585.00,0.00,496204.18
4.99,0.00,0.00,0.00,16.00,0.00,2785.00,4595.00,0.00,494836.09
5.00,0.00,0.00,0.00,16.00,0.00,2779.00,4601.00,0.00,493496.99
5.01,0.00,0.00,0.00,16.00,0.00,2773.00,4607.00,0.00,492184.35
5.01,0.00,0.00,0.00,16.00,0.00,2763.00,4617.00,0.00,490835.78
5.02,0.00,0.00,0.00,16.00,0.00,2759.00,4621.00,0.00,489544.55
5.03,0.00,0.00,0.00,16.00,0.00,2747.00,4633.00,0.00,488185.48
5.03,0.00,0.00,0.00,16.00,0.00,2741.00,4639.00,0.00,486854.61
5.04,0.00,0.00,0.00,16.00,0.00,2734.00,4646.00,0.00,485534.46
5.05,0.00,0.00,0.00,16.00,0.00,2729.00,4651.00,0.00,484254.15
5.06,0.00,0.00,0.00,16.00,0.00,2717.00,4663.00,0.00,482905.05
5.06,0.00,0.00,0.00,16.00,0.00,2710.00,4670.00,0.00,481568.27
5.07,0.00,0.00,0.00,16.00,0.00,2705.00,4675.00,0.00,480272.76
5.08,0.00,0.00,0.00,16.00,0.00,2699.00,4681.00,0.00,478999.93
5.08,0.00,0.00,0.00,16.00,0.00,2692.00,4688.00,0.00,477732.77
5.09,0.00,0.00,0.00,16.00,0.00,2681.00,4699.00,0.00,476410.69
5.10,0.00,0.00,0.00,16.00,0.00,2670.00,4710.00,0.00,475038.48
5.10,0.00,0.00,0.00,16.00,0.00,2662.00,4718.00,0.00,473665.57
5.11,0.00,0.00,0.00,16.00,0.00,2660.00,4720.00,0.00,472382.16
5.12,0.00,0.00,0.00,16.00,0.00,2649.00,4731.00,0.00,471045.26
5.12,0.00,0.00,0.00,16.00,0.00,2643.00,4737.00,0.00,469734.62
5.13,0.00,0.00,0.00,16.00,0.00,2636.00,4744.00,0.00,468432.95
5.14,0.00,0.00,0.00,16.00,0.00,2630.00,4750.00,0.00,467154.49
5.15,0.00,0.00,0.00,16.00,0.00,2626.00,4754.00,0.00,465927.25
5.15,0.00,0.00,0.00,16.00,0.00,2621.00,4759.00,0.00,464731.77
5.16,0.00,0.00,0.00,16.00,0.00,2615.00,4765.00,0.00,463550.24
5.17,0.00,0.00,0.00,16.00,0.00,2610.00,4770.00,0.00,462396.48
5.17,0.00,0.00,0.00,16.00,0.00,2604.00,4776.00,0.00,461253.04
5.18,0.00,0.00,0.00,16.00,0.00,2597.00,4783.00,0.00,460104.01
5.19,0.00,0.00,0.00,16.00,0.00,2586.00,4794.00,0.00,458889.78
5.19,0.00,0.00,0.00,16.00,0.00,2585.00,4795.00,0.00,457766.26
5.20,0.00,0.00,0.00,16.00,0.00,2580.00,4800.00,0.00,456665.45
5.21,0.00,0.00,0.00,16.00,0.00,2571.00,4809.00,0.00,455525.29
5.22,0.00,0.00,0.00,16.00,0.00,2561.00,4819.00,0.00,454334.17
5.22,0.00,0.00,0.00,16.00,0.00,2555.00,4825.00,0.00,453156.64
5.23,0.00,0.00,0.00,16.00,0.00,2548.00,4832.00,0.00,451976.48
5.24,0.00,0.00,0.00,16.00,0.00,2540.00,4840.00,0.00,450778.90
5.24,0.00,0.00,0.00,16.00,0.00,2534.00,4846.00,0.00,449595.46
5.25,0.00,0.00,0.00,16.00,0.00,2520.00,4860.00,0.00,448304.74
5.26,0.00,0.00,0.00,16.00,0.00,2515.00,4865.00,0.00,447051.30
5.26,0.00,0.00,0.00,16.00,0.00,2510.00,4870.00,0.00,445831.89
5.27,0.00,0.00,0.00,16.00,0.00,2500.00,4880.00,0.00,444568.43
5.28,0.00,0.00,0.00,16.00,0.00,2495.00,4885.00,0.00,443339.87
5.28,0.00,0.00,0.00,16.00,0.00,2488.00,4892.00,0.00,442113.13
5.29,0.00,0.00,0.00,16.00,0.00,2478.00,4902.00,0.00,440842.98
5.30,0.00,0.00,0.00,16.00,0.00,2472.00,4908.00,0.00,439593.28
5.31,0.00,0.00,0.00,16.00,0.00,2468.00,4912.00,0.00,438392.32
5.31,0.00,0.00,0.00,16.00,0.00,2462.00,4918.00,0.00,437205.79
5.32,0.00,0.00,0.00,16.00,0.00,2455.00,4925.00,0.00,436017.41
5.33,0.00,0.00,0.00,16.00,0.00,2451.00,4929.00,0.00,434872.42
5.33,0.00,0.00,0.00,16.00,0.00,2442.00,4938.00,0.00,433691.93
5.34,0.00,0.00,0.00,16.00,0.00,2434.00,4946.00,0.00,432494.04
5.35,0.00,0.00,0.00,16.00,0.00,2429.00,4951.00,0.00,431325.35
5.35,0.00,0.00,0.00,16.00,0.00,2425.00,4955.00,0.00,430198.32
5.36,0.00,0.00,0.00,16.00,0.00,2420.00,4960.00,0.00,429094.32
5.37,0.00,0.00,0.00,16.00,0.00,2414.00,4966.00,0.00,427996.31
5.38,0.00,0.00,0.00,16.00,0.00,2408.00,4972.00,0.00,426903.78
5.38,0.00,0.00,0.00,16.00,0.00,2403.00,4977.00,0.00,425831.26
5.39,0.00,0.00,0.00,16.00,0.00,2398.00,4982.00,0.00,424777.01
5.40,0.00,0.00,0.00,16.00,0.00,2392.00,4988.00,0.00,423724.43
5.40,0.00,0.00,0.00,16.00,0.00,2385.00,4995.00,0.00,422658.34
5.41,0.00,0.00,0.00,16.00,0.00,2380.00,5000.00,0.00,421609.97
5.42,0.00,0.00,0.00,16.00,0.00,2375.00,5005.00,0.00,420577.77
5.42,0.00,0.00,0.00,16.00,0.00,2364.00,5016.00,0.00,419470.19
5.43,0.00,0.00,0.00,16.00,0.00,2358.00,5022.00,0.00,418368.92
5.44,0.00,0.00,0.00,16.00,0.00,2356.00,5024.00,0.00,417333.49
5.44,0.00,0.00,0.00,16.00,0.00,2348.00,5032.00,0.00,416268.05
5.45,0.00,0.00,0.00,16.00,0.00,2344.00,5036.00,0.00,415235.28
5.46,0.00,0.00,0.00,16.00,0.00,2336.00,5044.00,0.00,414172.26
5.47,0.00,0.00,0.00,16.00,0.00,2324.00,5056.00,0.00,413021.53
5.47,0.00,0.00,0.00,16.00,0.00,2317.00,5063.00,0.00,411865.83
5.48,0.00,0.00,0.00,16.00,0.00,2307.00,5073.00,0.00,410660.54
5.49,0.00,0.00,0.00,16.00,0.00,2305.00,5075.00,0.00,409530.15
5.49,0.00,0.00,0.00,16.00,0.00,2295.00,5085.00,0.00,408347.96
5.50,0.00,0.00,0.00,16.00,0.00,2289.00,5091.00,0.00,407178.57
5.51,0.00,0.00,0.00,16.00,0.00,2282.00,5098.00,0.00,406005.85
5.51,0.00,0.00,0.00,16.00,0.00,2275.00,5105.00,0.00,404830.08
5.52,0.00,0.00,0.00,16.00,0.00,2267.00,5113.00,0.00,403636.50
5.53,0.00,0.00,0.00,16.00,0.00,2264.00,5116.00,0.00,402501.79
5.53,0.00,0.00,0.00,16.00,0.00,2255.00,5125.00,0.00,401330.68
5.54,0.00,0.00,0.00,16.00,0.00,2248.00,5132.00,0.00,400156.38
5.55,0.00,0.00,0.00,16.00,0.00,2241.00,5139.00,0.00,398979.17
5.56,0.00,0.00,0.00,16.00,0.00,2232.00,5148.00,0.00,397769.27
5.56,0.00,0.00,0.00,16.00,0.00,2225.00,5155.00,0.00,396559.55
5.57,0.00,0.00,0.00,16.00,0.00,2217.00,5163.00,0.00,395334.98
5.58,0.00,0.00,0.00,16.00,0.00,2209.00,5171.00,0.00,394096.86
5.58,0.00,0.00,0.00,16.00,0.00,2198.00,5182.00,0.00,392801.30
5.59,0.00,0.00,0.00,16.00,0.00,2191.00,5189.00,0.00,391513.39
5.60,0.00,0.00,0.00,16.00,0.00,2186.00,5194.00,0.00,390262.51
5.60,0.00,0.00,0.00,16.00,0.00,2181.00,5199.00,0.00,389045.43
5.61,0.00,0.00,0.00,16.00,0.00,2169.00,5211.00,0.00,387754.06
5.62,0.00,0.00,0.00,16.00,0.00,2164.00,5216.00,0.00,386500.01
5.62,0.00,0.00,0.00,16.00,0.00,2158.00,5222.00,0.00,385265.03
5.63,0.00,0.00,0.00,16.00,0.00,2151.00,5229.00,0.00,384032.42
5.64,0.00,0.00,0.00,16.00,0.00,2142.00,5238.00,0.00,382771.93
5.65,0.00,0.00,0.00,16.00,0.00,2135.00,5245.00,0.00,381516.04
5.65,0.00,0.00,0.00,16.00,0.00,2132.00,5248.00,0.00,380324.44
5.66,0.00,0.00,0.00,16.00,0.00,2126.00,5254.00,0.00,379146.46
5.67,0.00,0.00,0.00,16.00,0.00,2122.00,5258.00,0.00,378010.96
5.67,0.00,0.00,0.00,16.00,0.00,2117.00,5263.00,0.00,376899.22
5.68,0.00,0.00,0.00,16.00,0.00,2115.00,5265.00,0.00,375854.24
5.69,0.00,0.00,0.00,16.00,0.00,2106.00,5274.00,0.00,374765.05
5.69,0.00,0.00,0.00,16.00,0.00,2095.00,5285.00,0.00,373605.44
5.70,0.00,0.00,0.00,16.00,0.00,2092.00,5288.00,0.00,372501.74
5.71,0.00,0.00,0.00,16.00,0.00,2084.00,5296.00,0.00,371373.96
5.72,0.00,0.00,0.00,16.00,0.00,2079.00,5301.00,0.00,370269.26
5.72,0.00,0.00,0.00,16.00,0.00,2072.00,5308.00,0.00,369155.60
5.73,0.00,0.00,0.00,16.00,0.00,2063.00,5317.00,0.00,368003.70
5.74,0.00,0.00,0.00,16.00,0.00,2060.00,5320.00,0.00,366907.03
5.74,0.00,0.00,0.00,16.00,0.00,2056.00,5324.00,0.00,365845.77
5.75,0.00,0.00,0.00,16.00,0.00,2048.00,5332.00,0.00,364756.73
5.76,0.00,0.00,0.00,16.00,0.00,2045.00,5335.00,0.00,363717.45
5.76,0.00,0.00,0.00,16.00,0.00,2038.00,5342.00,0.00,362663.51
5.77,0.00,0.00,0.00,16.00,0.00,2032.00,5348.00,0.00,361611.20
5.78,0.00,0.00,0.00,16.00,0.00,2031.00,5349.00,0.00,360635.50
5.78,0.00,0.00,0.00,16.00,0.00,2019.00,5361.00,0.00,359564.48
5.79,0.00,0.00,0.00,16.00,0.00,2014.00,5366.00,0.00,358511.60
5.80,0.00,0.00,0.00,16.00,0.00,2007.00,5373.00,0.00,357445.25
5.81,0.00,0.00,0.00,16.00,0.00,2001.00,5379.00,0.00,356381.60
5.81,0.00,0.00,0.00,16.00,0.00,1993.00,5387.00,0.00,355290.40
5.82,0.00,0.00,0.00,16.00,0.00,1984.00,5396.00,0.00,354159.00
5.83,0.00,0.00,0.00,16.00,0.00,1975.00,5405.00,0.00,352990.91
5.83,0.00,0.00,0.00,16.00,0.00,1969.00,5411.00,0.00,351834.39
5.84,0.00,0.00,0.00,16.00,0.00,1963.00,5417.00,0.00,350688.44
5.85,0.00,0.00,0.00,16.00,0.00,1957.00,5423.00,0.00,349552.14
5.85,0.00,0.00,0.00,16.00,0.00,1949.00,5431.00,0.00,348394.60
5.86,0.00,0.00,0.00,16.00,0.00,1946.00,5434.00,0.00,347292.78
5.87,0.00,0.00,0.00,16.00,0.00,1939.00,5441.00,0.00,346181.74
5.88,0.00,0.00,0.00,16.00,0.00,1933.00,5447.00,0.00,345077.31
5.88,0.00,0.00,0.00,16.00,0.00,1920.00,5460.00,0.00,343873.74
5.89,0.00,0.00,0.00,16.00,0.00,1914.00,5466.00,0.00,342684.84
5.90,0.00,0.00,0.00,16.00,0.00,1908.00,5472.00,0.00,341509.33
5.90,0.00,0.00,0.00,16.00,0.00,1899.00,5481.00,0.00,340300.97
5.91,0.00,0.00,0.00,16.00,0.00,1893.00,5487.00,0.00,339107.68
5.92,0.00,0.00,0.00,16.00,0.00,1883.00,5497.00,0.00,337868.08
5.92,0.00,0.00,0.00,16.00,0.00,1875.00,5505.00,0.00,336616.22
5.93,0.00,0.00,0.00,16.00,0.00,1872.00,5508.00,0.00,335428.31
5.94,0.00,0.00,0.00,16.00,0.00,1865.00,5515.00,0.00,334238.67
5.94,0.00,0.00,0.00,16.00,0.00,1855.00,5525.00,0.00,333002.39
5.95,0.00,0.00,0.00,16.00,0.00,1848.00,5532.00,0.00,331768.60
5.96,0.00,0.00,0.00,16.00,0.00,1835.00,5545.00,0.00,330446.94
5.97,0.00,0.00,0.00,16.00,0.00,1827.00,5553.00,0.00,329120.18
5.97,0.00,0.00,0.00,16.00,0.00,1815.00,5565.00,0.00,327728.67
5.98,0.00,0.00,0.00,16.00,0.00,1804.00,5576.00,0.00,326293.07
5.99,0.00,0.00,0.00,16.00,0.00,1792.00,5588.00,0.00,324802.21
5.99,0.00,0.00,0.00,16.00,0.00,1784.00,5596.00,0.00,323320.97
6.00,0.00,0.00,0.00,16.00,0.00,1779.00,5601.00,0.00,321893.60
6.01,0.00,0.00,0.00,16.00,0.00,1775.00,5605.00,0.00,320530.43
6.01,0.00,0.00,0.00,16.00,0.00,1767.00,5613.00,0.00,319165.77
6.02,0.00,0.00,0.00,16.00,0.00,1759.00,5621.00,0.00,317799.76
6.03,0.00,0.00,0.00,16.00,0.00,1750.00,5630.00,0.00,316417.49
6.03,0.00,0.00,0.00,16.00,0.00,1744.00,5636.00,0.00,315065.44
6.04,0.00,0.00,0.00,16.00,0.00,1742.00,5638.00,0.00,313801.07
6.05,0.00,0.00,0.00,16.00,0.00,1735.00,5645.00,0.00,312541.64
6.06,0.00,0.00,0.00,16.00,0.00,1732.00,5648.00,0.00,311346.81
6.06,0.00,0.00,0.00,16.00,0.00,1726.00,5654.00,0.00,310165.88
6.07,0.00,0.00,0.00,16.00,0.00,1718.00,5662.00,0.00,308967.59
6.08,0.00,0.00,0.00,16.00,0.00,1712.00,5668.00,0.00,307783.51
6.08,0.00,0.00,0.00,16.00,0.00,1702.00,5678.00,0.00,306552.30
6.09,0.00,0.00,0.00,16.00,0.00,1697.00,5683.00,0.00,305353.18
6.10,0.00,0.00,0.00,16.00,0.00,1683.00,5697.00,0.00,304048.16
6.10,0.00,0.00,0.00,16.00,0.00,1671.00,5709.00,0.00,302676.49
6.11,0.00,0.00,0.00,16.00,0.00,1664.00,5716.00,0.00,301319.10
6.12,0.00,0.00,0.00,16.00,0.00,1658.00,5722.00,0.00,299989.77
6.12,0.00,0.00,0.00,16.00,0.00,1648.00,5732.00,0.00,298625.96
6.13,0.00,0.00,0.00,16.00,0.00,1641.00,5739.00,0.00,297275.75
6.14,0.00,0.00,0.00,16.00,0.00,1635.00,5745.00,0.00,295952.96
6.15,0.00,0.00,0.00,16.00,0.00,1629.00,5751.00,0.00,294655.22
6.15,0.00,0.00,0.00,16.00,0.00,1621.00,5759.00,0.00,293350.30
6.16,0.00,0.00,0.00,16.00,0.00,1618.00,5762.00,0.00,292113.93
6.17,0.00,0.00,0.00,16.00,0.00,1614.00,5766.00,0.00,290925.14
6.17,0.00,0.00,0.00,16.00,0.00,1612.00,5768.00,0.00,289809.81
6.18,0.00,0.00,0.00,16.00,0.00,1605.00,5775.00,0.00,288686.43
6.19,0.00,0.00,0.00,16.00,0.00,1598.00,5782.00,0.00,287555.72
6.19,0.00,0.00,0.00,16.00,0.00,1593.00,5787.00,0.00,286448.34
6.20,0.00,0.00,0.00,16.00,0.00,1589.00,5791.00,0.00,285377.30
6.21,0.00,0.00,0.00,16.00,0.00,1582.00,5798.00,0.00,284294.36
6.22,0.00,0.00,0.00,16.00,0.00,1578.00,5802.00,0.00,283245.63
6.22,0.00,0.00,0.00,16.00,0.00,1568.00,5812.00,0.00,282137.98
6.23,0.00,0.00,0.00,16.00,0.00,1563.00,5817.00,0.00,281051.67
6.24,0.00,0.00,0.00,16.00,0.00,1558.00,5822.00,0.00,279984.83
6.24,0.00,0.00,0.00,16.00,0.00,1550.00,5830.00,0.00,278890.71
6.25,0.00,0.00,0.00,16.00,0.00,1545.00,5835.00,0.00,277816.74
6.26,0.00,0.00,0.00,16.00,0.00,1543.00,5837.00,0.00,276806.24
6.26,0.00,0.00,0.00,16.00,0.00,1534.00,5846.00,0.00,275748.53
6.27,0.00,0.00,0.00,16.00,0.00,1530.00,5850.00,0.00,274722.82
6.28,0.00,0.00,0.00,16.00,0.00,1521.00,5859.00,0.00,273651.22
6.28,0.00,0.00,0.00,16.00,0.00,1513.00,5867.00,0.00,272552.74
6.29,0.00,0.00,0.00,16.00,0.00,1507.00,5873.00,0.00,271459.78
6.30,0.00,0.00,0.00,16.00,0.00,1505.00,5875.00,0.00,270431.94
6.31,0.00,0.00,0.00,16.00,0.00,1499.00,5881.00,0.00,269403.47
6.31,0.00,0.00,0.00,16.00,0.00,1493.00,5887.00,0.00,268374.41
6.32,0.00,0.00,0.00,16.00,0.00,1483.00,5897.00,0.00,267284.72
6.33,0.00,0.00,0.00,16.00,0.00,1478.00,5902.00,0.00,266214.81
6.33,0.00,0.00,0.00,16.00,0.00,1475.00,5905.00,0.00,265192.99
6.34,0.00,0.00,0.00,16.00,0.00,1470.00,5910.00,0.00,264185.03
6.35,0.00,0.00,0.00,16.00,0.00,1464.00,5916.00,0.00,263174.70
6.35,0.00,0.00,0.00,16.00,0.00,1457.00,5923.00,0.00,262147.18
6.36,0.00,0.00,0.00,16.00,0.00,1453.00,5927.00,0.00,261149.04
6.37,0.00,0.00,0.00,16.00,0.00,1448.00,5932.00,0.00,260162.71
6.38,0.00,0.00,0.00,16.00,0.00,1439.00,5941.00,0.00,259127.05
6.38,0.00,0.00,0.00,16.00,0.00,1432.00,5948.00,0.00,258076.41
6.39,0.00,0.00,0.00,16.00,0.00,1426.00,5954.00,0.00,257027.11
6.40,0.00,0.00,0.00,16.00,0.00,1417.00,5963.00,0.00,255933.98
6.40,0.00,0.00,0.00,16.00,0.00,1410.00,5970.00,0.00,254830.87
6.41,0.00,0.00,0.00,16.00,0.00,1409.00,5971.00,0.00,253808.79
6.42,0.00,0.00,0.00,16.00,0.00,1402.00,5978.00,0.00,252770.55
6.42,0.00,0.00,0.00,16.00,0.00,1396.00,5984.00,0.00,251732.57
6.43,0.00,0.00,0.00,16.00,0.00,1391.00,5989.00,0.00,250709.87
6.44,0.00,0.00,0.00,16.00,0.00,1387.00,5993.00,0.00,249716.12
6.44,0.00,0.00,0.00,16.00,0.00,1380.00,6000.00,0.00,248703.74
6.45,0.00,0.00,0.00,16.00,0.00,1375.00,6005.00,0.00,247704.40
6.46,0.00,0.00,0.00,16.00,0.00,1365.00,6015.00,0.00,246641.85
6.47,0.00,0.00,0.00,16.00,0.00,1358.00,6022.00,0.00,245566.66
6.47,0.00,0.00,0.00,16.00,0.00,1347.00,6033.00,0.00,244419.84
6.48,0.00,0.00,0.00,16.00,0.00,1339.00,6041.00,0.00,243252.69
6.49,0.00,0.00,0.00,16.00,0.00,1329.00,6051.00,0.00,242036.95
6.49,0.00,0.00,0.00,16.00,0.00,1322.00,6058.00,0.00,240821.90
6.50,0.00,0.00,0.00,16.00,0.00,1315.00,6065.00,0.00,239607.49
6.51,0.00,0.00,0.00,16.00,0.00,1313.00,6067.00,0.00,238468.78
6.51,0.00,0.00,0.00,16.00,0.00,1302.00,6078.00,0.00,237263.98
6.52,0.00,0.00,0.00,16.00,0.00,1298.00,6082.00,0.00,236103.99
6.53,0.00,0.00,0.00,16.00,0.00,1293.00,6087.00,0.00,234969.89
6.53,0.00,0.00,0.00,16.00,0.00,1287.00,6093.00,0.00,233844.40
6.54,0.00,0.00,0.00,16.00,0.00,1279.00,6101.00,0.00,232696.74
6.55,0.00,0.00,0.00,16.00,0.00,1271.00,6109.00,0.00,231528.82
6.56,0.00,0.00,0.00,16.00,0.00,1267.00,6113.00,0.00,230402.51
6.56,0.00,0.00,0.00,16.00,0.00,1262.00,6118.00,0.00,229299.15
6.57,0.00,0.00,0.00,16.00,0.00,1255.00,6125.00,0.00,228186.71
6.58,0.00,0.00,0.00,16.00,0.00,1245.00,6135.00,0.00,227020.91
6.58,0.00,0.00,0.00,16.00,0.00,1239.00,6141.00,0.00,225866.48
6.59,0.00,0.00,0.00,16.00,0.00,1234.00,6146.00,0.00,224737.46
6.60,0.00,0.00,0.00,16.00,0.00,1226.00,6154.00,0.00,223586.56
6.60,0.00,0.00,0.00,16.00,0.00,1216.00,6164.00,0.00,222385.65
6.61,0.00,0.00,0.00,16.00,0.00,1213.00,6167.00,0.00,221244.24
6.62,0.00,0.00,0.00,16.00,0.00,1204.00,6176.00,0.00,220067.01
6.62,0.00,0.00,0.00,16.00,0.00,1199.00,6181.00,0.00,218917.18
6.63,0.00,0.00,0.00,16.00,0.00,1188.00,6192.00,0.00,217702.21
6.64,0.00,0.00,0.00,16.00,0.00,1185.00,6195.00,0.00,216547.97
6.65,0.00,0.00,0.00,16.00,0.00,1178.00,6202.00,0.00,215389.07
6.65,0.00,0.00,0.00,16.00,0.00,1175.00,6205.00,0.00,214286.01
6.66,0.00,0.00,0.00,16.00,0.00,1170.00,6210.00,0.00,213203.89
6.67,0.00,0.00,0.00,16.00,0.00,1164.00,6216.00,0.00,212125.86
6.67,0.00,0.00,0.00,16.00,0.00,1160.00,6220.00,0.00,211081.61
6.68,0.00,0.00,0.00,16.00,0.00,1157.00,6223.00,0.00,210083.21
6.69,0.00,0.00,0.00,16.00,0.00,1151.00,6229.00,0.00,209081.62
6.69,0.00,0.00,0.00,16.00,0.00,1146.00,6234.00,0.00,208092.12
6.70,0.00,0.00,0.00,16.00,0.00,1144.00,6236.00,0.00,207158.74
6.71,0.00,0.00,0.00,16.00,0.00,1139.00,6241.00,0.00,206231.51
6.72,0.00,0.00,0.00,16.00,0.00,1126.00,6254.00,0.00,205189.73
6.72,0.00,0.00,0.00,16.00,0.00,1116.00,6264.00,0.00,204088.43
6.73,0.00,0.00,0.00,16.00,0.00,1109.00,6271.00,0.00,202977.86
6.74,0.00,0.00,0.00,16.00,0.00,1101.00,6279.00,0.00,201843.82
6.74,0.00,0.00,0.00,16.00,0.00,1096.00,6284.00,0.00,200733.40
6.75,0.00,0.00,0.00,16.00,0.00,1090.00,6290.00,0.00,199629.54
6.76,0.00,0.00,0.00,16.00,0.00,1083.00,6297.00,0.00,198516.63
6.76,0.00,0.00,0.00,16.00,0.00,1078.00,6302.00,0.00,197425.52
6.77,0.00,0.00,0.00,16.00,0.00,1073.00,6307.00,0.00,196354.30
6.78,0.00,0.00,0.00,16.00,0.00,1067.00,6313.00,0.00,195286.22
6.78,0.00,0.00,0.00,16.00,0.00,1058.00,6322.00,0.00,194175.94
6.79,0.00,0.00,0.00,16.00,0.00,1056.00,6324.00,0.00,193132.29
6.80,0.00,0.00,0.00,16.00,0.00,1052.00,6328.00,0.00,192119.42
6.81,0.00,0.00,0.00,16.00,0.00,1045.00,6335.00,0.00,191089.59
6.81,0.00,0.00,0.00,16.00,0.00,1040.00,6340.00,0.00,190074.31
6.82,0.00,0.00,0.00,16.00,0.00,1032.00,6348.00,0.00,189027.26
6.83,0.00,0.00,0.00,16.00,0.00,1028.00,6352.00,0.00,188011.29
6.83,0.00,0.00,0.00,16.00,0.00,1023.00,6357.00,0.00,187008.67
6.84,0.00,0.00,0.00,16.00,0.00,1014.00,6366.00,0.00,185958.14
6.85,0.00,0.00,0.00,16.00,0.00,1007.00,6373.00,0.00,184893.93
6.85,0.00,0.00,0.00,16.00,0.00,1001.00,6379.00,0.00,183832.25
6.86,0.00,0.00,0.00,16.00,0.00,996.00,6384.00,0.00,182787.90
6.87,0.00,0.00,0.00,16.00,0.00,995.00,6385.00,0.00,181819.46
6.88,0.00,0.00,0.00,16.00,0.00,992.00,6388.00,0.00,180890.28
6.88,0.00,0.00,0.00,16.00,0.00,990.00,6390.00,0.00,180011.97
6.89,0.00,0.00,0.00,16.00,0.00,986.00,6394.00,0.00,179150.04
6.90,0.00,0.00,0.00,16.00,0.00,976.00,6404.00,0.00,178212.94
6.90,0.00,0.00,0.00,16.00,0.00,968.00,6412.00,0.00,177237.24
6.91,0.00,0.00,0.00,16.00,0.00,965.00,6415.00,0.00,176301.44
6.92,0.00,0.00,0.00,16.00,0.00,959.00,6421.00,0.00,175356.99
6.92,0.00,0.00,0.00,16.00,0.00,956.00,6424.00,0.00,174449.71
6.93,0.00,0.00,0.00,16.00,0.00,951.00,6429.00,0.00,173546.31
6.94,0.00,0.00,0.00,16.00,0.00,943.00,6437.00,0.00,172601.39
6.94,0.00,0.00,0.00,16.00,0.00,937.00,6443.00,0.00,171648.61
6.95,0.00,0.00,0.00,16.00,0.00,929.00,6451.00,0.00,170658.62
6.96,0.00,0.00,0.00,16.00,0.00,924.00,6456.00,0.00,169679.71
6.97,0.00,0.00,0.00,16.00,0.00,922.00,6458.00,0.00,168755.99
6.97,0.00,0.00,0.00,16.00,0.00,922.00,6458.00,0.00,167912.71
6.98,0.00,0.00,0.00,16.00,0.00,913.00,6467.00,0.00,167007.65
6.99,0.00,0.00,0.00,16.00,0.00,907.00,6473.00,0.00,166091.26
6.99,0.00,0.00,0.00,16.00,0.00,899.00,6481.00,0.00,165134.48
7.00,0.00,0.00,0.00,16.00,0.00,894.00,6486.00,0.00,164185.90
7.01,0.00,0.00,0.00,16.00,0.00,890.00,6490.00,0.00,163259.82
7.01,0.00,0.00,0.00,16.00,0.00,884.00,6496.00,0.00,162324.25
7.02,0.00,0.00,0.00,16.00,0.00,879.00,6501.00,0.00,161395.02
7.03,0.00,0.00,0.00,16.00,0.00,869.00,6511.00,0.00,160396.48
7.03,0.00,0.00,0.00,16.00,0.00,864.00,6516.00,0.00,159409.77
7.04,0.00,0.00,0.00,16.00,0.00,861.00,6519.00,0.00,158463.91
7.05,0.00,0.00,0.00,16.00,0.00,854.00,6526.00,0.00,157495.25
7.06,0.00,0.00,0.00,16.00,0.00,844.00,6536.00,0.00,156460.70
7.06,0.00,0.00,0.00,16.00,0.00,840.00,6540.00,0.00,155456.15
7.07,0.00,0.00,0.00,16.00,0.00,830.00,6550.00,0.00,154388.84
7.08,0.00,0.00,0.00,16.00,0.00,824.00,6556.00,0.00,153324.33
7.08,0.00,0.00,0.00,16.00,0.00,820.00,6560.00,0.00,152292.41
7.09,0.00,0.00,0.00,16.00,0.00,814.00,6566.00,0.00,151260.22
7.10,0.00,0.00,0.00,16.00,0.00,808.00,6572.00,0.00,150227.76
7.10,0.00,0.00,0.00,16.00,0.00,802.00,6578.00,0.00,149195.07
7.11,0.00,0.00,0.00,16.00,0.00,795.00,6585.00,0.00,148147.14
7.12,0.00,0.00,0.00,16.00,0.00,793.00,6587.00,0.00,147160.41
7.12,0.00,0.00,0.00,16.00,0.00,786.00,6594.00,0.00,146154.44
7.13,0.00,0.00,0.00,16.00,0.00,782.00,6598.00,0.00,145175.98
7.14,0.00,0.00,0.00,16.00,0.00,781.00,6599.00,0.00,144267.69
7.15,0.00,0.00,0.00,16.00,0.00,766.00,6614.00,0.00,143213.14
7.15,0.00,0.00,0.00,16.00,0.00,757.00,6623.00,0.00,142115.22
7.16,0.00,0.00,0.00,16.00,0.00,753.00,6627.00,0.00,141052.80
7.17,0.00,0.00,0.00,16.00,0.00,750.00,6630.00,0.00,140037.83
7.17,0.00,0.00,0.00,16.00,0.00,746.00,6634.00,0.00,139051.14
7.18,0.00,0.00,0.00,16.00,0.00,738.00,6642.00,0.00,138030.18
7.19,0.00,0.00,0.00,16.00,0.00,735.00,6645.00,0.00,137053.06
7.19,0.00,0.00,0.00,16.00,0.00,730.00,6650.00,0.00,136085.90
7.20,0.00,0.00,0.00,16.00,0.00,723.00,6657.00,0.00,135097.80
7.21,0.00,0.00,0.00,16.00,0.00,716.00,6664.00,0.00,134090.58
7.22,0.00,0.00,0.00,16.00,0.00,709.00,6671.00,0.00,133065.90
7.22,0.00,0.00,0.00,16.00,0.00,704.00,6676.00,0.00,132055.33
7.23,0.00,0.00,0.00,16.00,0.00,700.00,6680.00,0.00,131072.66
7.24,0.00,0.00,0.00,16.00,0.00,693.00,6687.00,0.00,130070.40
7.24,0.00,0.00,0.00,16.00,0.00,683.00,6697.00,0.00,129005.18
7.25,0.00,0.00,0.00,16.00,0.00,678.00,6702.00,0.00,127957.60
7.26,0.00,0.00,0.00,16.00,0.00,674.00,6706.00,0.00,126941.14
7.26,0.00,0.00,0.00,16.00,0.00,669.00,6711.00,0.00,125938.08
7.27,0.00,0.00,0.00,16.00,0.00,659.00,6721.00,0.00,124872.13
7.28,0.00,0.00,0.00,16.00,0.00,652.00,6728.00,0.00,123793.84
7.28,0.00,0.00,0.00,16.00,0.00,645.00,6735.00,0.00,122704.28
7.29,0.00,0.00,0.00,16.00,0.00,637.00,6743.00,0.00,121589.41
7.30,0.00,0.00,0.00,16.00,0.00,631.00,6749.00,0.00,120481.47
7.31,0.00,0.00,0.00,16.00,0.00,623.00,6757.00,0.00,119349.83
7.31,0.00,0.00,0.00,16.00,0.00,621.00,6759.00,0.00,118286.68
7.32,0.00,0.00,0.00,16.00,0.00,617.00,6763.00,0.00,117256.01
7.33,0.00,0.00,0.00,16.00,0.00,614.00,6766.00,0.00,116270.02
7.33,0.00,0.00,0.00,16.00,0.00,609.00,6771.00,0.00,115294.77
7.34,0.00,0.00,0.00,16.00,0.00,605.00,6775.00,0.00,114344.35
7.35,0.00,0.00,0.00,16.00,0.00,602.00,6778.00,0.00,113431.62
7.35,0.00,0.00,0.00,16.00,0.00,593.00,6787.00,0.00,112463.16
7.36,0.00,0.00,0.00,16.00,0.00,585.00,6795.00,0.00,111458.84
7.37,0.00,0.00,0.00,16.00,0.00,578.00,6802.00,0.00,110436.81
7.38,0.00,0.00,0.00,16.00,0.00,572.00,6808.00,0.00,109413.64
7.38,0.00,0.00,0.00,16.00,0.00,563.00,6817.00,0.00,108344.35
7.39,0.00,0.00,0.00,16.00,0.00,555.00,6825.00,0.00,107247.99
7.40,0.00,0.00,0.00,16.00,0.00,548.00,6832.00,0.00,106141.93
7.40,0.00,0.00,0.00,16.00,0.00,544.00,6836.00,0.00,105072.09
7.41,0.00,0.00,0.00,16.00,0.00,542.00,6838.00,0.00,104065.37
7.42,0.00,0.00,0.00,16.00,0.00,533.00,6847.00,0.00,103011.09
7.42,0.00,0.00,0.00,16.00,0.00,529.00,6851.00,0.00,101988.53
7.43,0.00,0.00,0.00,16.00,0.00,522.00,6858.00,0.00,100949.84
7.44,0.00,0.00,0.00,16.00,0.00,516.00,6864.00,0.00,99911.46
7.44,0.00,0.00,0.00,16.00,0.00,509.00,6871.00,0.00,98858.34
7.45,0.00,0.00,0.00,16.00,0.00,505.00,6875.00,0.00,97836.82
7.46,0.00,0.00,0.00,16.00,0.00,502.00,6878.00,0.00,96859.19
7.47,0.00,0.00,0.00,16.00,0.00,498.00,6882.00,0.00,95906.59
7.47,0.00,0.00,0.00,16.00,0.00,494.00,6886.00,0.00,94976.85
7.48,0.00,0.00,0.00,16.00,0.00,489.00,6891.00,0.00,94052.95
7.49,0.00,0.00,0.00,16.00,0.00,482.00,6898.00,0.00,93104.34
7.49,0.00,0.00,0.00,16.00,0.00,471.00,6909.00,0.00,92073.07
7.50,0.00,0.00,0.00,16.00,0.00,467.00,6913.00,0.00,91071.51
7.51,0.00,0.00,0.00,16.00,0.00,464.00,6916.00,0.00,90112.10
7.51,0.00,0.00,0.00,16.00,0.00,456.00,6924.00,0.00,89116.04
7.52,0.00,0.00,0.00,16.00,0.00,450.00,6930.00,0.00,88116.57
7.53,0.00,0.00,0.00,16.00,0.00,447.00,6933.00,0.00,87159.07
7.53,0.00,0.00,0.00,16.00,0.00,445.00,6935.00,0.00,86254.89
7.54,0.00,0.00,0.00,16.00,0.00,442.00,6938.00,0.00,85384.38
7.55,0.00,0.00,0.00,16.00,0.00,438.00,6942.00,0.00,84529.57
7.56,0.00,0.00,0.00,16.00,0.00,436.00,6944.00,0.00,83719.16
7.56,0.00,0.00,0.00,16.00,0.00,434.00,6946.00,0.00,82949.26
7.57,0.00,0.00,0.00,16.00,0.00,426.00,6954.00,0.00,82126.22
7.58,0.00,0.00,0.00,16.00,0.00,424.00,6956.00,0.00,81344.80
7.58,0.00,0.00,0.00,16.00,0.00,421.00,6959.00,0.00,80586.35
7.59,0.00,0.00,0.00,16.00,0.00,414.00,6966.00,0.00,79788.79
7.60,0.00,0.00,0.00,16.00,0.00,408.00,6972.00,0.00,78970.53
7.60,0.00,0.00,0.00,16.00,0.00,400.00,6980.00,0.00,78103.34
7.61,0.00,0.00,0.00,16.00,0.00,396.00,6984.00,0.00,77251.57
7.62,0.00,0.00,0.00,16.00,0.00,393.00,6987.00,0.00,76428.89
7.62,0.00,0.00,0.00,16.00,0.00,391.00,6989.00,0.00,75647.81
7.63,0.00,0.00,0.00,16.00,0.00,389.00,6991.00,0.00,74904.69
7.64,0.00,0.00,0.00,16.00,0.00,383.00,6997.00,0.00,74136.15
7.65,0.00,0.00,0.00,16.00,0.00,382.00,6998.00,0.00,73419.50
7.65,0.00,0.00,0.00,16.00,0.00,379.00,7001.00,0.00,72720.19
7.66,0.00,0.00,0.00,16.00,0.00,377.00,7003.00,0.00,72051.72
7.67,0.00,0.00,0.00,16.00,0.00,369.00,7011.00,0.00,71321.27
7.67,0.00,0.00,0.00,16.00,0.00,367.00,7013.00,0.00,70624.39
7.68,0.00,0.00,0.00,16.00,0.00,359.00,7021.00,0.00,69868.00
7.69,0.00,0.00,0.00,16.00,0.00,354.00,7026.00,0.00,69102.35
7.69,0.00,0.00,0.00,16.00,0.00,346.00,7034.00,0.00,68283.20
7.70,0.00,0.00,0.00,16.00,0.00,343.00,7037.00,0.00,67490.30
7.71,0.00,0.00,0.00,16.00,0.00,342.00,7038.00,0.00,66751.42
7.72,0.00,0.00,0.00,16.00,0.00,337.00,7043.00,0.00,66001.76
7.72,0.00,0.00,0.00,16.00,0.00,331.00,7049.00,0.00,65227.25
7.73,0.00,0.00,0.00,16.00,0.00,327.00,7053.00,0.00,64460.08
7.74,0.00,0.00,0.00,16.00,0.00,325.00,7055.00,0.00,63729.66
7.74,0.00,0.00,0.00,16.00,0.00,321.00,7059.00,0.00,63002.76
7.75,0.00,0.00,0.00,16.00,0.00,318.00,7062.00,0.00,62294.08
7.76,0.00,0.00,0.00,16.00,0.00,313.00,7067.00,0.00,61572.00
7.76,0.00,0.00,0.00,16.00,0.00,310.00,7070.00,0.00,60867.72
7.77,0.00,0.00,0.00,16.00,0.00,302.00,7078.00,0.00,60104.59
7.78,0.00,0.00,0.00,16.00,0.00,299.00,7081.00,0.00,59362.83
7.78,0.00,0.00,0.00,16.00,0.00,294.00,7086.00,0.00,58610.55
7.79,0.00,0.00,0.00,16.00,0.00,291.00,7089.00,0.00,57878.71
7.80,0.00,0.00,0.00,16.00,0.00,281.00,7099.00,0.00,57060.36
7.81,0.00,0.00,0.00,16.00,0.00,277.00,7103.00,0.00,56253.17
7.81,0.00,0.00,0.00,16.00,0.00,275.00,7105.00,0.00,55486.23
7.82,0.00,0.00,0.00,16.00,0.00,272.00,7108.00,0.00,54741.00
7.83,0.00,0.00,0.00,16.00,0.00,272.00,7108.00,0.00,54060.66
7.83,0.00,0.00,0.00,16.00,0.00,268.00,7112.00,0.00,53379.47
7.84,0.00,0.00,0.00,16.00,0.00,263.00,7117.00,0.00,52682.48
7.85,0.00,0.00,0.00,16.00,0.00,257.00,7123.00,0.00,51956.04
7.85,0.00,0.00,0.00,16.00,0.00,255.00,7125.00,0.00,51262.81
7.86,0.00,0.00,0.00,16.00,0.00,251.00,7129.00,0.00,50569.85
7.87,0.00,0.00,0.00,16.00,0.00,245.00,7135.00,0.00,49847.09
7.88,0.00,0.00,0.00,16.00,0.00,243.00,7137.00,0.00,49157.23
7.88,0.00,0.00,0.00,16.00,0.00,238.00,7142.00,0.00,48452.31
7.89,0.00,0.00,0.00,16.00,0.00,233.00,7147.00,0.00,47733.67
7.90,0.00,0.00,0.00,16.00,0.00,230.00,7150.00,0.00,47032.53
7.90,0.00,0.00,0.00,16.00,0.00,225.00,7155.00,0.00,46317.32
7.91,0.00,0.00,0.00,16.00,0.00,223.00,7157.00,0.00,45634.35
7.92,0.00,0.00,0.00,16.00,0.00,219.00,7161.00,0.00,44950.76
7.92,0.00,0.00,0.00,16.00,0.00,216.00,7164.00,0.00,44281.62
7.93,0.00,0.00,0.00,16.00,0.00,212.00,7168.00,0.00,43610.65
7.94,0.00,0.00,0.00,16.00,0.00,211.00,7169.00,0.00,42983.09
7.94,0.00,0.00,0.00,16.00,0.00,207.00,7173.00,0.00,42350.08
7.95,0.00,0.00,0.00,16.00,0.00,205.00,7175.00,0.00,41742.14
7.96,0.00,0.00,0.00,16.00,0.00,200.00,7180.00,0.00,41112.03
7.97,0.00,0.00,0.00,16.00,0.00,198.00,7182.00,0.00,40506.73
7.97,0.00,0.00,0.00,16.00,0.00,194.00,7186.00,0.00,39894.05
7.98,0.00,0.00,0.00,16.00,0.00,190.00,7190.00,0.00,39274.63
7.99,0.00,0.00,0.00,16.00,0.00,187.00,7193.00,0.00,38664.08
7.99,0.00,0.00,0.00,16.00,0.00,184.00,7196.00,0.00,38061.62
8.00,0.00,0.00,0.00,16.00,0.00,180.00,7200.00,0.00,37451.52
8.01,0.00,0.00,0.00,16.00,0.00,175.00,7205.00,0.00,36819.44
8.01,0.00,0.00,0.00,16.00,0.00,169.00,7211.00,0.00,36152.26
8.02,0.00,0.00,0.00,16.00,0.00,168.00,7212.00,0.00,35528.15
8.03,0.00,0.00,0.00,16.00,0.00,167.00,7213.00,0.00,34943.36
8.03,0.00,0.00,0.00,16.00,0.00,165.00,7215.00,0.00,34379.44
8.04,0.00,0.00,0.00,16.00,0.00,163.00,7217.00,0.00,33834.59
8.05,0.00,0.00,0.00,16.00,0.00,163.00,7217.00,0.00,33337.18
8.06,0.00,0.00,0.00,16.00,0.00,160.00,7220.00,0.00,32838.01
8.06,0.00,0.00,0.00,16.00,0.00,157.00,7223.00,0.00,32337.23
8.07,0.00,0.00,0.00,16.00,0.00,154.00,7226.00,0.00,31835.00
8.08,0.00,0.00,0.00,16.00,0.00,151.00,7229.00,0.00,31331.42
8.08,0.00,0.00,0.00,16.00,0.00,148.00,7232.00,0.00,30826.63
8.09,0.00,0.00,0.00,16.00,0.00,144.00,7236.00,0.00,30305.70
8.10,0.00,0.00,0.00,16.00,0.00,144.00,7236.00,0.00,29830.13
8.10,0.00,0.00,0.00,16.00,0.00,142.00,7238.00,0.00,29365.92
8.11,0.00,0.00,0.00,16.00,0.00,137.00,7243.00,0.00,28867.02
8.12,0.00,0.00,0.00,16.00,0.00,134.00,7246.00,0.00,28366.50
8.12,0.00,0.00,0.00,16.00,0.00,131.00,7249.00,0.00,27864.48
8.13,0.00,0.00,0.00,16.00,0.00,129.00,7251.00,0.00,27376.14
8.14,0.00,0.00,0.00,16.00,0.00,126.00,7254.00,0.00,26885.24
8.15,0.00,0.00,0.00,16.00,0.00,125.00,7255.00,0.00,26422.07
8.15,0.00,0.00,0.00,16.00,0.00,121.00,7259.00,0.00,25939.14
8.16,0.00,0.00,0.00,16.00,0.00,121.00,7259.00,0.00,25498.26
8.17,0.00,0.00,0.00,16.00,0.00,120.00,7260.00,0.00,25080.75
8.17,0.00,0.00,0.00,16.00,0.00,117.00,7263.00,0.00,24654.52
8.18,0.00,0.00,0.00,16.00,0.00,113.00,7267.00,0.00,24205.32
8.19,0.00,0.00,0.00,16.00,0.00,112.00,7268.00,0.00,23780.21
8.19,0.00,0.00,0.00,16.00,0.00,111.00,7269.00,0.00,23377.09
8.20,0.00,0.00,0.00,16.00,0.00,108.00,7272.00,0.00,22964.00
8.21,0.00,0.00,0.00,16.00,0.00,105.00,7275.00,0.00,22541.81
8.22,0.00,0.00,0.00,16.00,0.00,102.00,7278.00,0.00,22111.32
8.22,0.00,0.00,0.00,16.00,0.00,98.00,7282.00,0.00,21658.22
8.23,0.00,0.00,0.00,16.00,0.00,98.00,7282.00,0.00,21244.57
8.24,0.00,0.00,0.00,16.00,0.00,98.00,7282.00,0.00,20866.95
8.24,0.00,0.00,0.00,16.00,0.00,96.00,7284.00,0.00,20492.16
8.25,0.00,0.00,0.00,16.00,0.00,93.00,7287.00,0.00,20104.93
8.26,0.00,0.00,0.00,16.00,0.00,91.00,7289.00,0.00,19721.38
8.26,0.00,0.00,0.00,16.00,0.00,91.00,7289.00,0.00,19371.22
8.27,0.00,0.00,0.00,16.00,0.00,86.00,7294.00,0.00,18976.44
8.28,0.00,0.00,0.00,16.00,0.00,83.00,7297.00,0.00,18570.97
8.28,0.00,0.00,0.00,16.00,0.00,80.00,7300.00,0.00,18155.73
8.29,0.00,0.00,0.00,16.00,0.00,80.00,7300.00,0.00,17776.65
8.30,0.00,0.00,0.00,16.00,0.00,80.00,7300.00,0.00,17430.58
8.31,0.00,0.00,0.00,16.00,0.00,78.00,7302.00,0.00,17084.60
8.31,0.00,0.00,0.00,16.00,0.00,77.00,7303.00,0.00,16753.72
8.32,0.00,0.00,0.00,16.00,0.00,74.00,7306.00,0.00,16406.58
8.33,0.00,0.00,0.00,16.00,0.00,73.00,7307.00,0.00,16074.65
8.33,0.00,0.00,0.00,16.00,0.00,71.00,7309.00,0.00,15741.58
8.34,0.00,0.00,0.00,16.00,0.00,70.00,7310.00,0.00,15422.48
8.35,0.00,0.00,0.00,16.00,0.00,68.00,7312.00,0.00,15101.13
8.35,0.00,0.00,0.00,16.00,0.00,66.00,7314.00,0.00,14777.71
8.36,0.00,0.00,0.00,16.00,0.00,65.00,7315.00,0.00,14467.42
8.37,0.00,0.00,0.00,16.00,0.00,63.00,7317.00,0.00,14154.12
8.38,0.00,0.00,0.00,16.00,0.00,62.00,7318.00,0.00,13853.06
8.38,0.00,0.00,0.00,16.00,0.00,62.00,7318.00,0.00,13578.23
8.39,0.00,0.00,0.00,16.00,0.00,61.00,7319.00,0.00,13312.30
8.40,0.00,0.00,0.00,16.00,0.00,60.00,7320.00,0.00,13054.51
8.40,0.00,0.00,0.00,16.00,0.00,60.00,7320.00,0.00,12819.16
8.41,0.00,0.00,0.00,16.00,0.00,60.00,7320.00,0.00,12604.30
8.42,0.00,0.00,0.00,16.00,0.00,58.00,7322.00,0.00,12378.11
8.42,0.00,0.00,0.00,16.00,0.00,58.00,7322.00,0.00,12171.62
8.43,0.00,0.00,0.00,16.00,0.00,56.00,7324.00,0.00,11953.06
8.44,0.00,0.00,0.00,16.00,0.00,55.00,7325.00,0.00,11738.50
8.44,0.00,0.00,0.00,16.00,0.00,54.00,7326.00,0.00,11527.61
8.45,0.00,0.00,0.00,16.00,0.00,52.00,7328.00,0.00,11305.03
8.46,0.00,0.00,0.00,16.00,0.00,52.00,7328.00,0.00,11101.84
8.47,0.00,0.00,0.00,16.00,0.00,51.00,7329.00,0.00,10901.31
8.47,0.00,0.00,0.00,16.00,0.00,50.00,7330.00,0.00,10703.23
8.48,0.00,0.00,0.00,16.00,0.00,50.00,7330.00,0.00,10522.39
8.49,0.00,0.00,0.00,16.00,0.00,49.00,7331.00,0.00,10342.27
8.49,0.00,0.00,0.00,16.00,0.00,48.00,7332.00,0.00,10162.82
8.50,0.00,0.00,0.00,16.00,0.00,47.00,7333.00,0.00,9983.97
8.51,0.00,0.00,0.00,16.00,0.00,47.00,7333.00,0.00,9820.69
8.51,0.00,0.00,0.00,16.00,0.00,47.00,7333.00,0.00,9671.63
8.52,0.00,0.00,0.00,16.00,0.00,47.00,7333.00,0.00,9535.55
8.53,0.00,0.00,0.00,16.00,0.00,45.00,7335.00,0.00,9381.27
8.53,0.00,0.00,0.00,16.00,0.00,43.00,7337.00,0.00,9210.38
8.54,0.00,0.00,0.00,16.00,0.00,42.00,7338.00,0.00,9039.35
8.55,0.00,0.00,0.00,16.00,0.00,40.00,7340.00,0.00,8853.16
8.56,0.00,0.00,0.00,16.00,0.00,40.00,7340.00,0.00,8683.19
8.56,0.00,0.00,0.00,16.00,0.00,39.00,7341.00,0.00,8513.00
8.57,0.00,0.00,0.00,16.00,0.00,39.00,7341.00,0.00,8357.62
8.58,0.00,0.00,0.00,16.00,0.00,39.00,7341.00,0.00,8215.77
8.58,0.00,0.00,0.00,16.00,0.00,38.00,7342.00,0.00,8071.25
8.59,0.00,0.00,0.00,16.00,0.00,36.00,7344.00,0.00,7909.27
8.60,0.00,0.00,0.00,16.00,0.00,36.00,7344.00,0.00,7761.40
8.60,0.00,0.00,0.00,16.00,0.00,35.00,7345.00,0.00,7611.38
8.61,0.00,0.00,0.00,16.00,0.00,35.00,7345.00,0.00,7474.42
8.62,0.00,0.00,0.00,16.00,0.00,35.00,7345.00,0.00,7349.38
8.62,0.00,0.00,0.00,16.00,0.00,33.00,7347.00,0.00,7205.19
8.63,0.00,0.00,0.00,16.00,0.00,30.00,7350.00,0.00,7028.49
8.64,0.00,0.00,0.00,16.00,0.00,29.00,7351.00,0.00,6852.14
8.65,0.00,0.00,0.00,16.00,0.00,29.00,7351.00,0.00,6691.16
8.65,0.00,0.00,0.00,16.00,0.00,27.00,7353.00,0.00,6514.14
8.66,0.00,0.00,0.00,16.00,0.00,27.00,7353.00,0.00,6352.54
8.67,0.00,0.00,0.00,16.00,0.00,27.00,7353.00,0.00,6205.01
8.67,0.00,0.00,0.00,16.00,0.00,27.00,7353.00,0.00,6070.33
8.68,0.00,0.00,0.00,16.00,0.00,27.00,7353.00,0.00,5947.37
8.69,0.00,0.00,0.00,16.00,0.00,27.00,7353.00,0.00,5835.12
8.69,0.00,0.00,0.00,16.00,0.00,26.00,7354.00,0.00,5717.62
8.70,0.00,0.00,0.00,16.00,0.00,26.00,7354.00,0.00,5610.36
8.71,0.00,0.00,0.00,16.00,0.00,26.00,7354.00,0.00,5512.43
8.72,0.00,0.00,0.00,16.00,0.00,26.00,7354.00,0.00,5423.03
8.72,0.00,0.00,0.00,16.00,0.00,26.00,7354.00,0.00,5341.42
8.73,0.00,0.00,0.00,16.00,0.00,26.00,7354.00,0.00,5266.91
8.74,0.00,0.00,0.00,16.00,0.00,26.00,7354.00,0.00,5198.89
8.74,0.00,0.00,0.00,16.00,0.00,26.00,7354.00,0.00,5136.79
8.75,0.00,0.00,0.00,16.00,0.00,26.00,7354.00,0.00,5080.10
8.76,0.00,0.00,0.00,16.00,0.00,26.00,7354.00,0.00,5028.35
8.76,0.00,0.00,0.00,16.00,0.00,26.00,7354.00,0.00,4981.10
8.77,0.00,0.00,0.00,16.00,0.00,23.00,7357.00,0.00,4892.90
8.78,0.00,0.00,0.00,16.00,0.00,23.00,7357.00,0.00,4812.37
8.78,0.00,0.00,0.00,16.00,0.00,23.00,7357.00,0.00,4738.86
8.79,0.00,0.00,0.00,16.00,0.00,22.00,7358.00,0.00,4656.73
8.80,0.00,0.00,0.00,16.00,0.00,21.00,7359.00,0.00,4566.73
8.81,0.00,0.00,0.00,16.00,0.00,21.00,7359.00,0.00,4484.56
8.81,0.00,0.00,0.00,16.00,0.00,20.00,7360.00,0.00,4394.53
8.82,0.00,0.00,0.00,16.00,0.00,20.00,7360.00,0.00,4312.33
8.83,0.00,0.00,0.00,16.00,0.00,20.00,7360.00,0.00,4237.29
8.83,0.00,0.00,0.00,16.00,0.00,19.00,7361.00,0.00,4153.76
8.84,0.00,0.00,0.00,16.00,0.00,19.00,7361.00,0.00,4077.51
8.85,0.00,0.00,0.00,16.00,0.00,19.00,7361.00,0.00,4007.90
8.85,0.00,0.00,0.00,16.00,0.00,19.00,7361.00,0.00,3944.34
8.86,0.00,0.00,0.00,16.00,0.00,18.00,7362.00,0.00,3871.30
8.87,0.00,0.00,0.00,16.00,0.00,18.00,7362.00,0.00,3804.62
8.88,0.00,0.00,0.00,16.00,0.00,18.00,7362.00,0.00,3743.75
8.88,0.00,0.00,0.00,16.00,0.00,18.00,7362.00,0.00,3688.17
8.89,0.00,0.00,0.00,16.00,0.00,18.00,7362.00,0.00,3637.44
8.90,0.00,0.00,0.00,16.00,0.00,17.00,7363.00,0.00,3576.10
8.90,0.00,0.00,0.00,16.00,0.00,17.00,7363.00,0.00,3520.10
8.91,0.00,0.00,0.00,16.00,0.00,15.00,7365.00,0.00,3438.93
8.92,0.00,0.00,0.00,16.00,0.00,15.00,7365.00,0.00,3364.83
8.92,0.00,0.00,0.00,16.00,0.00,14.00,7366.00,0.00,3282.15
8.93,0.00,0.00,0.00,16.00,0.00,14.00,7366.00,0.00,3206.68
8.94,0.00,0.00,0.00,16.00,0.00,12.00,7368.00,0.00,3107.73
8.94,0.00,0.00,0.00,16.00,0.00,12.00,7368.00,0.00,3017.40
8.95,0.00,0.00,0.00,16.00,0.00,12.00,7368.00,0.00,2934.94
8.96,0.00,0.00,0.00,16.00,0.00,12.00,7368.00,0.00,2859.65
8.97,0.00,0.00,0.00,16.00,0.00,12.00,7368.00,0.00,2790.92
8.97,0.00,0.00,0.00,16.00,0.00,12.00,7368.00,0.00,2728.18
8.98,0.00,0.00,0.00,16.00,0.00,12.00,7368.00,0.00,2670.90
8.99,0.00,0.00,0.00,16.00,0.00,11.00,7369.00,0.00,2603.58
8.99,0.00,0.00,0.00,16.00,0.00,11.00,7369.00,0.00,2542.12
9.00,0.00,0.00,0.00,16.00,0.00,11.00,7369.00,0.00,2486.02
9.01,0.00,0.00,0.00,16.00,0.00,11.00,7369.00,0.00,2434.80
9.01,0.00,0.00,0.00,16.00,0.00,10.00,7370.00,0.00,2373.02
9.02,0.00,0.00,0.00,16.00,0.00,10.00,7370.00,0.00,2316.62
9.03,0.00,0.00,0.00,16.00,0.00,10.00,7370.00,0.00,2265.13
9.03,0.00,0.00,0.00,16.00,0.00,10.00,7370.00,0.00,2218.12
9.04,0.00,0.00,0.00,16.00,0.00,9.00,7371.00,0.00,2160.18
9.05,0.00,0.00,0.00,16.00,0.00,8.00,7372.00,0.00,2092.27
9.06,0.00,0.00,0.00,16.00,0.00,8.00,7372.00,0.00,2030.27
9.06,0.00,0.00,0.00,16.00,0.00,8.00,7372.00,0.00,1973.66
9.07,0.00,0.00,0.00,16.00,0.00,7.00,7373.00,0.00,1906.97
9.08,0.00,0.00,0.00,16.00,0.00,7.00,7373.00,0.00,1846.08
9.08,0.00,0.00,0.00,16.00,0.00,7.00,7373.00,0.00,1790.49
9.09,0.00,0.00,0.00,16.00,0.00,7.00,7373.00,0.00,1739.74
9.10,0.00,0.00,0.00,16.00,0.00,7.00,7373.00,0.00,1693.42
9.10,0.00,0.00,0.00,16.00,0.00,7.00,7373.00,0.00,1651.12
9.11,0.00,0.00,0.00,16.00,0.00,7.00,7373.00,0.00,1612.51
9.12,0.00,0.00,0.00,16.00,0.00,7.00,7373.00,0.00,1577.26
9.12,0.00,0.00,0.00,16.00,0.00,7.00,7373.00,0.00,1545.08
9.13,0.00,0.00,0.00,16.00,0.00,7.00,7373.00,0.00,1515.70
9.14,0.00,0.00,0.00,16.00,0.00,7.00,7373.00,0.00,1488.88
9.15,0.00,0.00,0.00,16.00,0.00,7.00,7373.00,0.00,1464.40
9.15,0.00,0.00,0.00,16.00,0.00,7.00,7373.00,0.00,1442.05
9.16,0.00,0.00,0.00,16.00,0.00,7.00,7373.00,0.00,1421.64
9.17,0.00,0.00,0.00,16.00,0.00,7.00,7373.00,0.00,1403.01
9.17,0.00,0.00,0.00,16.00,0.00,7.00,7373.00,0.00,1386.01
9.18,0.00,0.00,0.00,16.00,0.00,7.00,7373.00,0.00,1370.48
9.19,0.00,0.00,0.00,16.00,0.00,6.00,7374.00,0.00,1341.28
9.19,0.00,0.00,0.00,16.00,0.00,6.00,7374.00,0.00,1314.63
9.20,0.00,0.00,0.00,16.00,0.00,6.00,7374.00,0.00,1290.29
9.21,0.00,0.00,0.00,16.00,0.00,6.00,7374.00,0.00,1268.08
9.22,0.00,0.00,0.00,16.00,0.00,6.00,7374.00,0.00,1247.80
9.22,0.00,0.00,0.00,16.00,0.00,6.00,7374.00,0.00,1229.28
9.23,0.00,0.00,0.00,16.00,0.00,6.00,7374.00,0.00,1212.38
9.24,0.00,0.00,0.00,16.00,0.00,6.00,7374.00,0.00,1196.95
9.24,0.00,0.00,0.00,16.00,0.00,6.00,7374.00,0.00,1182.86
9.25,0.00,0.00,0.00,16.00,0.00,6.00,7374.00,0.00,1170.00
9.26,0.00,0.00,0.00,16.00,0.00,6.00,7374.00,0.00,1158.26
9.26,0.00,0.00,0.00,16.00,0.00,5.00,7375.00,0.00,1132.52
9.27,0.00,0.00,0.00,16.00,0.00,5.00,7375.00,0.00,1109.02
9.28,0.00,0.00,0.00,16.00,0.00,5.00,7375.00,0.00,1087.57
9.28,0.00,0.00,0.00,16.00,0.00,5.00,7375.00,0.00,1067.98
9.29,0.00,0.00,0.00,16.00,0.00,5.00,7375.00,0.00,1050.10
9.30,0.00,0.00,0.00,16.00,0.00,5.00,7375.00,0.00,1033.78
9.31,0.00,0.00,0.00,16.00,0.00,5.00,7375.00,0.00,1018.88
9.31,0.00,0.00,0.00,16.00,0.00,5.00,7375.00,0.00,1005.27
9.32,0.00,0.00,0.00,16.00,0.00,5.00,7375.00,0.00,992.85
9.33,0.00,0.00,0.00,16.00,0.00,5.00,7375.00,0.00,981.52
9.33,0.00,0.00,0.00,16.00,0.00,5.00,7375.00,0.00,971.16
9.34,0.00,0.00,0.00,16.00,0.00,5.00,7375.00,0.00,961.72
9.35,0.00,0.00,0.00,16.00,0.00,5.00,7375.00,0.00,953.09
9.35,0.00,0.00,0.00,16.00,0.00,4.00,7376.00,0.00,930.19
9.36,0.00,0.00,0.00,16.00,0.00,4.00,7376.00,0.00,909.29
9.37,0.00,0.00,0.00,16.00,0.00,4.00,7376.00,0.00,890.20
9.38,0.00,0.00,0.00,16.00,0.00,4.00,7376.00,0.00,872.78
9.38,0.00,0.00,0.00,16.00,0.00,4.00,7376.00,0.00,856.87
9.39,0.00,0.00,0.00,16.00,0.00,4.00,7376.00,0.00,842.35
9.40,0.00,0.00,0.00,16.00,0.00,4.00,7376.00,0.00,829.10
9.40,0.00,0.00,0.00,16.00,0.00,4.00,7376.00,0.00,816.99
9.41,0.00,0.00,0.00,16.00,0.00,4.00,7376.00,0.00,805.95
9.42,0.00,0.00,0.00,16.00,0.00,4.00,7376.00,0.00,795.86
9.42,0.00,0.00,0.00,16.00,0.00,4.00,7376.00,0.00,786.65
9.43,0.00,0.00,0.00,16.00,0.00,4.00,7376.00,0.00,778.25
9.44,0.00,0.00,0.00,16.00,0.00,4.00,7376.00,0.00,770.57
9.44,0.00,0.00,0.00,16.00,0.00,4.00,7376.00,0.00,763.57
9.45,0.00,0.00,0.00,16.00,0.00,4.00,7376.00,0.00,757.17
9.46,0.00,0.00,0.00,16.00,0.00,4.00,7376.00,0.00,751.33
9.47,0.00,0.00,0.00,16.00,0.00,4.00,7376.00,0.00,746.00
9.47,0.00,0.00,0.00,16.00,0.00,4.00,7376.00,0.00,741.13
9.48,0.00,0.00,0.00,16.00,0.00,4.00,7376.00,0.00,736.69
9.49,0.00,0.00,0.00,16.00,0.00,4.00,7376.00,0.00,732.64
9.49,0.00,0.00,0.00,16.00,0.00,4.00,7376.00,0.00,728.93
9.50,0.00,0.00,0.00,16.00,0.00,4.00,7376.00,0.00,725.55
9.51,0.00,0.00,0.00,16.00,0.00,4.00,7376.00,0.00,722.47
9.51,0.00,0.00,0.00,16.00,0.00,4.00,7376.00,0.00,719.65
9.52,0.00,0.00,0.00,16.00,0.00,4.00,7376.00,0.00,717.08
9.53,0.00,0.00,0.00,16.00,0.00,4.00,7376.00,0.00,714.73
9.53,0.00,0.00,0.00,16.00,0.00,4.00,7376.00,0.00,712.59
9.54,0.00,0.00,0.00,16.00,0.00,4.00,7376.00,0.00,710.63
9.55,0.00,0.00,0.00,16.00,0.00,4.00,7376.00,0.00,708.84
9.56,0.00,0.00,0.00,16.00,0.00,4.00,7376.00,0.00,707.21
9.56,0.00,0.00,0.00,16.00,0.00,4.00,7376.00,0.00,705.72
9.57,0.00,0.00,0.00,16.00,0.00,4.00,7376.00,0.00,704.37
9.58,0.00,0.00,0.00,16.00,0.00,4.00,7376.00,0.00,703.12
9.58,0.00,0.00,0.00,16.00,0.00,4.00,7376.00,0.00,701.99
9.59,0.00,0.00,0.00,16.00,0.00,3.00,7377.00,0.00,685.93
9.60,0.00,0.00,0.00,16.00,0.00,3.00,7377.00,0.00,671.28
9.60,0.00,0.00,0.00,16.00,0.00,3.00,7377.00,0.00,657.89
9.61,0.00,0.00,0.00,16.00,0.00,3.00,7377.00,0.00,645.68
9.62,0.00,0.00,0.00,16.00,0.00,3.00,7377.00,0.00,634.52
9.62,0.00,0.00,0.00,16.00,0.00,3.00,7377.00,0.00,624.34
9.63,0.00,0.00,0.00,16.00,0.00,3.00,7377.00,0.00,615.04
9.64,0.00,0.00,0.00,16.00,0.00,3.00,7377.00,0.00,606.56
9.65,0.00,0.00,0.00,16.00,0.00,3.00,7377.00,0.00,598.81
9.65,0.00,0.00,0.00,16.00,0.00,3.00,7377.00,0.00,591.74
9.66,0.00,0.00,0.00,16.00,0.00,2.00,7378.00,0.00,570.26
9.67,0.00,0.00,0.00,16.00,0.00,2.00,7378.00,0.00,550.65
9.67,0.00,0.00,0.00,16.00,0.00,2.00,7378.00,0.00,532.75
9.68,0.00,0.00,0.00,16.00,0.00,2.00,7378.00,0.00,516.40
9.69,0.00,0.00,0.00,16.00,0.00,2.00,7378.00,0.00,501.48
9.69,0.00,0.00,0.00,16.00,0.00,1.00,7379.00,0.00,472.84
9.70,0.00,0.00,0.00,16.00,0.00,1.00,7379.00,0.00,446.69
9.71,0.00,0.00,0.00,16.00,0.00,1.00,7379.00,0.00,422.82
9.72,0.00,0.00,0.00,16.00,0.00,0.00,7380.00,0.00,386.00
9.72,0.00,0.00,0.00,16.00,0.00,0.00,7380.00,0.00,352.39
9.73,0.00,0.00,0.00,16.00,0.00,0.00,7380.00,0.00,321.70
9.74,0.00,0.00,0.00,16.00,0.00,0.00,7380.00,0.00,293.69
9.74,0.00,0.00,0.00,16.00,0.00,0.00,7380.00,0.00,268.12
9.75,0.00,0.00,0.00,16.00,0.00,0.00,7380.00,0.00,244.77
9.76,0.00,0.00,0.00,16.00,0.00,0.00,7380.00,0.00,223.46
9.76,0.00,0.00,0.00,16.00,0.00,0.00,7380.00,0.00,204.00
9.77,0.00,0.00,0.00,16.00,0.00,0.00,7380.00,0.00,186.24
9.78,0.00,0.00,0.00,16.00,0.00,0.00,7380.00,0.00,170.02
9.78,0.00,0.00,0.00,16.00,0.00,0.00,7380.00,0.00,155.21
9.79,0.00,0.00,0.00,16.00,0.00,0.00,7380.00,0.00,141.70
9.80,0.00,0.00,0.00,16.00,0.00,0.00,7380.00,0.00,129.36
9.81,0.00,0.00,0.00,16.00,0.00,0.00,7380.00,0.00,118.10
9.81,0.00,0.00,0.00,16.00,0.00,0.00,7380.00,0.00,107.81
9.82,0.00,0.00,0.00,16.00,0.00,0.00,7380.00,0.00,98.42
9.83,0.00,0.00,0.00,16.00,0.00,0.00,7380.00,0.00,89.85
9.83,0.00,0.00,0.00,16.00,0.00,0.00,7380.00,0.00,82.03
9.84,0.00,0.00,0.00,16.00,0.00,0.00,7380.00,0.00,74.89
9.85,0.00,0.00,0.00,16.00,0.00,0.00,7380.00,0.00,68.37
9.85,0.00,0.00,0.00,16.00,0.00,0.00,7380.00,0.00,62.41
9.86,0.00,0.00,0.00,16.00,0.00,0.00,7380.00,0.00,56.98
9.87,0.00,0.00,0.00,16.00,0.00,0.00,7380.00,0.00,52.02
9.88,0.00,0.00,0.00,16.00,0.00,0.00,7380.00,0.00,47.49
9.88,0.00,0.00,0.00,16.00,0.00,0.00,7380.00,0.00,43.35
9.89,0.00,0.00,0.00,16.00,0.00,0.00,7380.00,0.00,39.58
9.90,0.00,0.00,0.00,16.00,0.00,0.00,7380.00,0.00,36.13
9.90,0.00,0.00,0.00,16.00,0.00,0.00,7380.00,0.00,32.99
9.91,0.00,0.00,0.00,16.00,0.00,0.00,7380.00,0.00,30.11
9.92,0.00,0.00,0.00,16.00,0.00,0.00,7380.00,0.00,27.49
9.92,0.00,0.00,0.00,16.00,0.00,0.00,7380.00,0.00,25.10
9.93,0.00,0.00,0.00,16.00,0.00,0.00,7380.00,0.00,22.91
9.94,0.00,0.00,0.00,16.00,0.00,0.00,7380.00,0.00,20.92
9.94,0.00,0.00,0.00,16.00,0.00,0.00,7380.00,0.00,19.10
9.95,0.00,0.00,0.00,16.00,0.00,0.00,7380.00,0.00,17.43
9.96,0.00,0.00,0.00,16.00,0.00,0.00,7380.00,0.00,15.91
9.97,0.00,0.00,0.00,16.00,0.00,0.00,7380.00,0.00,14.53
9.97,0.00,0.00,0.00,16.00,0.00,0.00,7380.00,0.00,13.26
9.98,0.00,0.00,0.00,16.00,0.00,0.00,7380.00,0.00,12.11
9.99,0.00,0.00,0.00,16.00,0.00,0.00,7380.00,0.00,11.05
9.99,0.00,0.00,0.00,16.00,0.00,0.00,7380.00,0.00,10.09
