Time,U,AI1,AI2,AD,BI2,BI2,BD,VA,VB
0.00,7394.00,1.00,0.00,0.00,1.00,0.00,0.00,75.00,75.00
0.01,7391.00,4.00,0.00,0.00,1.00,0.00,0.00,68.23,68.47
0.01,7390.00,3.00,1.00,0.00,2.00,0.00,0.00,212.30,62.51
0.02,7390.00,3.00,1.00,0.00,2.00,0.00,0.00,343.37,57.06
0.03,7387.00,6.00,1.00,0.00,2.00,0.00,0.00,462.60,52.10
0.03,7387.00,4.00,2.00,1.00,2.00,0.00,0.00,721.30,47.56
0.04,7384.00,6.00,3.00,1.00,2.00,0.00,0.00,1106.88,43.42
0.05,7382.00,6.00,4.00,1.00,2.00,1.00,0.00,1607.88,54.66
0.06,7378.00,9.00,4.00,2.00,2.00,1.00,0.00,2063.65,64.92
0.06,7374.00,10.00,4.00,2.00,5.00,1.00,0.00,2478.27,74.29
0.07,7372.00,12.00,4.00,2.00,5.00,1.00,0.00,2855.46,82.85
0.08,7365.00,18.00,4.00,2.00,6.00,1.00,0.00,3198.60,90.66
0.08,7362.00,20.00,4.00,2.00,7.00,1.00,0.00,3510.77,97.79
0.09,7361.00,21.00,4.00,2.00,6.00,2.00,0.00,3794.75,119.32
0.10,7358.00,23.00,4.00,2.00,6.00,3.00,0.00,4053.09,154.00
0.10,7355.00,24.00,5.00,2.00,7.00,3.00,0.00,4438.34,185.66
0.11,7351.00,26.00,5.00,2.00,9.00,3.00,0.00,4788.82,214.56
0.12,7348.00,28.00,5.00,2.00,10.00,3.00,0.00,5107.65,240.95
0.12,7347.00,28.00,6.00,2.00,10.00,3.00,0.00,5547.93,265.04
0.13,7344.00,31.00,6.00,2.00,9.00,4.00,0.00,5948.46,302.05
0.14,7339.00,32.00,6.00,2.00,13.00,4.00,0.00,6312.84,335.84
0.15,7331.00,36.00,7.00,2.00,16.00,4.00,0.00,6794.55,366.69
0.15,7324.00,38.00,7.00,3.00,20.00,4.00,0.00,7232.77,394.85
0.16,7320.00,39.00,7.00,3.00,22.00,5.00,0.00,7631.43,435.59
0.17,7314.00,41.00,7.00,3.00,25.00,6.00,0.00,7994.10,487.80
0.17,7313.00,40.00,8.00,3.00,25.00,7.00,0.00,8474.26,550.48
0.18,7306.00,43.00,10.00,3.00,27.00,7.00,0.00,9211.54,607.71
0.19,7298.00,44.00,12.00,3.00,31.00,7.00,1.00,10182.72,659.96
0.19,7291.00,47.00,12.00,3.00,32.00,9.00,2.00,11066.22,737.70
0.20,7287.00,48.00,13.00,3.00,33.00,9.00,3.00,12020.20,808.67
0.21,7278.00,49.00,16.00,3.00,37.00,10.00,3.00,13338.74,888.49
0.22,7271.00,53.00,17.00,3.00,38.00,11.00,3.00,14688.48,976.37
0.22,7262.00,57.00,20.00,3.00,40.00,11.00,3.00,16367.07,1056.61
0.23,7252.00,61.00,21.00,3.00,40.00,16.00,3.00,18044.34,1204.97
0.24,7236.00,67.00,23.00,3.00,47.00,17.00,3.00,19870.66,1355.44
0.24,7223.00,69.00,25.00,5.00,50.00,20.00,4.00,21832.57,1537.88
0.25,7210.00,72.00,29.00,5.00,51.00,25.00,4.00,24218.28,1779.55
0.26,7194.00,76.00,30.00,5.00,60.00,26.00,5.00,26538.85,2015.19
0.26,7176.00,81.00,32.00,5.00,69.00,27.00,6.00,28950.38,2245.34
0.27,7159.00,89.00,31.00,6.00,75.00,29.00,7.00,30993.98,2485.50
0.28,7138.00,94.00,34.00,7.00,86.00,28.00,9.00,33303.78,2689.72
0.28,7121.00,101.00,32.00,9.00,94.00,29.00,10.00,35104.59,2891.18
0.29,7111.00,99.00,34.00,9.00,102.00,31.00,10.00,37043.29,3105.14
0.30,7091.00,105.00,36.00,9.00,110.00,35.00,10.00,39107.43,3360.57
0.31,7075.00,110.00,37.00,9.00,114.00,41.00,10.00,41135.46,3683.89
0.31,7065.00,117.00,37.00,10.00,115.00,42.00,10.00,42980.40,3994.08
0.32,7052.00,119.00,37.00,11.00,123.00,44.00,10.00,44658.79,4307.31
0.33,7035.00,122.00,40.00,11.00,130.00,47.00,11.00,46636.35,4638.34
0.33,7012.00,125.00,42.00,11.00,146.00,49.00,11.00,48735.84,4970.58
0.34,6988.00,127.00,49.00,11.00,157.00,52.00,12.00,51697.41,5318.97
0.35,6964.00,125.00,53.00,12.00,171.00,57.00,14.00,54992.55,5712.13
0.35,6949.00,130.00,55.00,13.00,177.00,55.00,17.00,58290.67,6041.01
0.36,6935.00,131.00,61.00,13.00,177.00,60.00,19.00,62192.43,6416.37
0.37,6909.00,134.00,69.00,13.00,187.00,63.00,21.00,66943.80,6804.12
0.38,6892.00,137.00,73.00,14.00,188.00,70.00,22.00,71867.15,7263.26
0.38,6873.00,144.00,74.00,16.00,192.00,73.00,24.00,76496.26,7727.49
0.39,6851.00,150.00,74.00,19.00,201.00,76.00,25.00,80707.47,8196.37
0.40,6825.00,160.00,77.00,20.00,208.00,79.00,27.00,84989.19,8669.49
0.40,6797.00,160.00,82.00,22.00,226.00,80.00,29.00,89635.53,9116.44
0.41,6767.00,164.00,90.00,24.00,238.00,84.00,29.00,95064.26,9584.56
0.42,6744.00,169.00,92.00,27.00,243.00,91.00,30.00,100303.35,10117.08
0.42,6713.00,176.00,97.00,28.00,255.00,97.00,30.00,105820.63,10693.37
0.43,6685.00,180.00,102.00,28.00,268.00,103.00,30.00,111590.98,11309.61
0.44,6658.00,183.00,105.00,30.00,282.00,105.00,33.00,117291.08,11902.24
0.44,6619.00,193.00,111.00,31.00,292.00,115.00,35.00,123377.99,12593.50
0.45,6577.00,203.00,119.00,31.00,307.00,119.00,40.00,130117.23,13284.66
0.46,6540.00,208.00,125.00,34.00,323.00,125.00,41.00,137149.45,14005.78
0.47,6503.00,214.00,131.00,36.00,335.00,133.00,44.00,144448.21,14784.29
0.47,6472.00,217.00,139.00,38.00,341.00,144.00,45.00,152289.91,15660.26
0.48,6426.00,225.00,148.00,40.00,360.00,149.00,48.00,160775.75,16535.07
0.49,6390.00,224.00,159.00,40.00,377.00,158.00,48.00,170148.06,17468.92
0.49,6359.00,233.00,161.00,42.00,389.00,162.00,50.00,178974.72,18381.54
0.50,6322.00,240.00,173.00,43.00,396.00,167.00,55.00,188807.30,19289.81
0.51,6281.00,248.00,184.00,45.00,405.00,175.00,58.00,199404.77,20239.18
0.51,6250.00,255.00,188.00,46.00,411.00,184.00,62.00,209646.44,21241.09
0.52,6202.00,265.00,193.00,50.00,429.00,192.00,65.00,219714.68,22275.94
0.53,6167.00,274.00,198.00,53.00,434.00,202.00,68.00,229625.13,23370.91
0.53,6131.00,285.00,200.00,58.00,440.00,211.00,71.00,238941.36,24505.75
0.54,6093.00,296.00,200.00,63.00,451.00,221.00,72.00,247416.53,25691.99
0.55,6047.00,301.00,208.00,67.00,470.00,229.00,74.00,256328.44,26895.13
0.56,6009.00,307.00,215.00,68.00,479.00,239.00,79.00,265487.42,28143.74
0.56,5965.00,311.00,219.00,75.00,492.00,250.00,84.00,274420.47,29448.88
0.57,5919.00,321.00,223.00,79.00,507.00,262.00,85.00,283147.99,30820.65
0.58,5860.00,329.00,227.00,86.00,537.00,268.00,89.00,291688.54,32163.10
0.58,5825.00,330.00,232.00,88.00,551.00,277.00,93.00,300209.22,33523.88
0.59,5779.00,329.00,243.00,91.00,569.00,287.00,98.00,309613.21,34916.39
0.60,5732.00,331.00,251.00,93.00,591.00,296.00,102.00,319370.09,36322.85
0.60,5696.00,338.00,256.00,95.00,597.00,310.00,104.00,328997.29,37817.17
0.61,5653.00,340.00,267.00,99.00,603.00,326.00,108.00,339407.92,39421.74
0.62,5601.00,349.00,281.00,101.00,609.00,344.00,111.00,350981.93,41157.01
0.62,5553.00,362.00,281.00,105.00,621.00,361.00,113.00,361511.07,42996.57
0.63,5511.00,371.00,288.00,107.00,625.00,376.00,118.00,372141.29,44901.30
0.64,5461.00,380.00,292.00,110.00,635.00,394.00,124.00,382412.75,46910.58
0.65,5405.00,396.00,292.00,114.00,658.00,406.00,125.00,391756.93,48925.19
0.65,5363.00,400.00,303.00,118.00,663.00,417.00,132.00,401910.08,50929.62
0.66,5322.00,403.00,310.00,122.00,668.00,436.00,135.00,412198.25,53044.95
0.67,5285.00,406.00,320.00,124.00,674.00,445.00,142.00,423059.94,55111.30
0.67,5244.00,405.00,331.00,129.00,683.00,461.00,143.00,434593.61,57238.09
0.68,5207.00,412.00,337.00,131.00,689.00,476.00,144.00,445987.43,59405.03
0.69,5159.00,412.00,347.00,136.00,700.00,494.00,148.00,457854.95,61653.70
0.69,5116.00,411.00,351.00,146.00,710.00,505.00,157.00,469252.02,63871.82
0.70,5073.00,418.00,356.00,150.00,714.00,524.00,161.00,480371.35,66182.24
0.71,5021.00,419.00,365.00,156.00,732.00,534.00,169.00,491838.94,68441.70
0.72,4973.00,431.00,369.00,159.00,740.00,547.00,177.00,502872.18,70699.72
0.72,4930.00,435.00,374.00,166.00,746.00,564.00,181.00,513660.52,73016.51
0.73,4888.00,426.00,390.00,171.00,751.00,586.00,184.00,525878.61,75462.08
0.74,4846.00,430.00,394.00,175.00,759.00,601.00,191.00,537594.61,77920.04
0.74,4815.00,432.00,402.00,179.00,746.00,628.00,194.00,549454.76,80569.60
0.75,4777.00,431.00,411.00,183.00,752.00,638.00,204.00,561596.29,83138.67
0.76,4734.00,435.00,421.00,186.00,755.00,654.00,211.00,574144.02,85724.41
0.76,4691.00,429.00,438.00,189.00,760.00,675.00,214.00,588112.91,88400.48
0.77,4649.00,428.00,452.00,193.00,770.00,686.00,218.00,602923.95,91008.78
0.78,4602.00,433.00,463.00,197.00,779.00,701.00,221.00,618050.43,93615.31
0.78,4560.00,442.00,466.00,203.00,778.00,723.00,224.00,632262.01,96325.38
0.79,4511.00,451.00,473.00,206.00,793.00,729.00,233.00,646242.23,98889.61
0.80,4476.00,454.00,479.00,212.00,782.00,756.00,237.00,659861.73,101636.18
0.81,4436.00,460.00,486.00,216.00,781.00,773.00,244.00,673303.32,104398.98
0.81,4402.00,452.00,492.00,224.00,788.00,787.00,251.00,686432.81,107131.53
0.82,4345.00,450.00,507.00,227.00,810.00,799.00,258.00,700630.47,109806.42
0.83,4307.00,448.00,513.00,233.00,824.00,811.00,260.00,714447.79,112428.67
0.83,4273.00,446.00,518.00,238.00,832.00,818.00,271.00,727768.87,114927.75
0.84,4231.00,449.00,524.00,246.00,835.00,837.00,274.00,740788.74,117494.65
0.85,4176.00,457.00,532.00,252.00,843.00,858.00,278.00,753835.05,120153.53
0.85,4137.00,456.00,541.00,258.00,846.00,876.00,282.00,767055.65,122851.29
0.86,4103.00,458.00,547.00,265.00,841.00,891.00,291.00,779984.12,125539.50
0.87,4059.00,459.00,553.00,271.00,848.00,911.00,295.00,792646.82,128294.08
0.88,4022.00,460.00,567.00,275.00,840.00,928.00,304.00,806269.60,131064.21
0.88,3990.00,454.00,572.00,284.00,840.00,947.00,309.00,819413.70,133878.56
0.89,3942.00,460.00,576.00,293.00,846.00,964.00,315.00,831972.10,136703.24
0.90,3903.00,458.00,586.00,296.00,845.00,986.00,322.00,844899.08,139612.46
0.90,3872.00,459.00,596.00,299.00,839.00,999.00,332.00,858161.35,142463.67
0.91,3824.00,464.00,602.00,306.00,847.00,1016.00,337.00,871127.71,145321.99
0.92,3785.00,465.00,608.00,311.00,843.00,1039.00,345.00,883824.90,148276.96
0.92,3755.00,459.00,620.00,316.00,835.00,1061.00,350.00,897178.58,151305.13
0.93,3725.00,462.00,620.00,322.00,835.00,1075.00,357.00,909326.73,154279.94
0.94,3683.00,459.00,624.00,329.00,846.00,1095.00,360.00,920979.09,157296.18
0.94,3629.00,473.00,629.00,333.00,851.00,1115.00,366.00,932330.65,160350.24
0.95,3597.00,473.00,628.00,342.00,846.00,1134.00,376.00,942507.19,163423.80
0.96,3559.00,476.00,640.00,344.00,846.00,1150.00,381.00,953567.80,166470.10
0.97,3532.00,470.00,647.00,349.00,853.00,1158.00,387.00,964681.49,169371.33
0.97,3504.00,466.00,652.00,355.00,838.00,1191.00,390.00,975543.03,172515.69
0.98,3473.00,461.00,662.00,357.00,829.00,1219.00,395.00,986926.32,175806.90
0.99,3443.00,465.00,661.00,364.00,831.00,1236.00,396.00,997131.72,179066.91
0.99,3412.00,457.00,670.00,373.00,835.00,1243.00,406.00,1007767.88,182148.22
1.00,3371.00,447.00,686.00,377.00,848.00,1256.00,411.00,1019847.53,185156.52
1.01,3318.00,456.00,692.00,380.00,857.00,1277.00,416.00,1031738.05,188218.36
1.01,3282.00,458.00,698.00,384.00,861.00,1290.00,423.00,1043456.50,191208.89
1.02,3256.00,456.00,700.00,390.00,859.00,1307.00,428.00,1054417.51,194194.40
1.03,3225.00,450.00,712.00,397.00,851.00,1323.00,438.00,1066191.75,197160.32
1.03,3176.00,454.00,721.00,401.00,858.00,1336.00,450.00,1078255.12,200063.28
1.04,3147.00,452.00,730.00,403.00,850.00,1357.00,457.00,1090581.53,203028.94
1.05,3112.00,446.00,742.00,406.00,845.00,1379.00,466.00,1103597.90,206066.88
1.06,3080.00,445.00,743.00,416.00,838.00,1401.00,473.00,1115589.42,209170.79
1.06,3051.00,441.00,747.00,421.00,846.00,1409.00,481.00,1127099.30,212124.62
1.07,3015.00,441.00,756.00,425.00,842.00,1430.00,487.00,1138922.17,215136.72
1.08,2987.00,430.00,768.00,429.00,847.00,1443.00,492.00,1151480.47,218081.83
1.08,2962.00,424.00,766.00,440.00,838.00,1469.00,497.00,1162604.58,221161.11
1.09,2929.00,420.00,776.00,444.00,837.00,1481.00,509.00,1174226.74,224152.52
1.10,2895.00,422.00,786.00,448.00,834.00,1496.00,515.00,1186301.99,227108.81
1.10,2868.00,415.00,788.00,455.00,837.00,1508.00,525.00,1197587.58,229987.95
1.11,2833.00,405.00,801.00,461.00,840.00,1522.00,534.00,1209807.33,232826.71
1.12,2806.00,406.00,800.00,470.00,824.00,1550.00,540.00,1220773.69,235838.93
1.12,2779.00,405.00,804.00,475.00,818.00,1570.00,545.00,1231350.94,238889.32
1.13,2746.00,398.00,814.00,479.00,815.00,1595.00,549.00,1242475.62,242049.67
1.14,2720.00,396.00,818.00,484.00,809.00,1616.00,553.00,1253196.92,245250.32
1.15,2692.00,392.00,828.00,488.00,808.00,1625.00,563.00,1264452.63,248307.47
1.15,2666.00,389.00,832.00,493.00,814.00,1630.00,572.00,1275293.13,251173.54
1.16,2630.00,389.00,827.00,505.00,820.00,1648.00,577.00,1284403.82,254060.45
1.17,2599.00,379.00,839.00,507.00,821.00,1671.00,580.00,1294494.78,257041.52
1.17,2577.00,374.00,845.00,511.00,811.00,1692.00,586.00,1304576.15,260078.49
1.18,2547.00,375.00,845.00,519.00,813.00,1707.00,590.00,1313747.39,263076.37
1.19,2520.00,370.00,849.00,528.00,810.00,1717.00,602.00,1322691.60,265963.43
1.19,2501.00,364.00,853.00,534.00,805.00,1731.00,608.00,1331429.27,268809.42
1.20,2474.00,366.00,849.00,542.00,805.00,1747.00,613.00,1338777.20,271647.96
1.21,2446.00,362.00,851.00,549.00,806.00,1763.00,619.00,1345762.23,274479.70
1.22,2423.00,361.00,857.00,551.00,805.00,1774.00,625.00,1353018.06,277230.12
1.22,2398.00,359.00,858.00,557.00,799.00,1793.00,632.00,1359769.08,280026.49
1.23,2371.00,359.00,860.00,567.00,782.00,1812.00,645.00,1366211.09,282864.80
1.24,2345.00,354.00,867.00,571.00,780.00,1822.00,657.00,1373123.16,285606.19
1.24,2309.00,354.00,870.00,579.00,779.00,1843.00,662.00,1379861.91,288424.35
1.25,2291.00,351.00,874.00,582.00,773.00,1855.00,670.00,1386593.23,291177.40
1.26,2265.00,353.00,867.00,594.00,767.00,1871.00,679.00,1391665.24,293931.10
1.26,2236.00,351.00,873.00,601.00,764.00,1889.00,682.00,1397180.75,296715.43
1.27,2217.00,350.00,877.00,605.00,754.00,1910.00,683.00,1402799.25,299572.80
1.28,2197.00,344.00,881.00,609.00,750.00,1921.00,694.00,1408511.46,302346.61
1.28,2175.00,345.00,880.00,615.00,754.00,1928.00,699.00,1413557.75,304984.05
1.29,2149.00,340.00,888.00,619.00,755.00,1937.00,708.00,1419350.32,307527.05
1.30,2127.00,339.00,881.00,631.00,751.00,1948.00,719.00,1423568.33,310013.86
1.31,2102.00,336.00,884.00,638.00,745.00,1966.00,725.00,1427856.24,312554.55
1.31,2085.00,330.00,889.00,643.00,745.00,1974.00,730.00,1432508.20,314994.19
1.32,2064.00,330.00,889.00,650.00,741.00,1980.00,742.00,1436740.20,317311.53
1.33,2042.00,332.00,891.00,653.00,740.00,1993.00,745.00,1440890.60,319622.39
1.33,2010.00,332.00,892.00,660.00,734.00,2014.00,754.00,1444816.55,322047.51
1.34,1995.00,322.00,901.00,664.00,729.00,2027.00,758.00,1449740.15,324456.77
1.35,1971.00,326.00,903.00,668.00,720.00,2046.00,762.00,1454519.72,326941.68
1.35,1956.00,324.00,902.00,673.00,706.00,2064.00,771.00,1458717.57,329480.62
1.36,1936.00,322.00,903.00,680.00,695.00,2084.00,776.00,1462686.69,332098.95
1.37,1913.00,315.00,910.00,683.00,692.00,2101.00,782.00,1467349.09,334744.68
1.38,1892.00,306.00,924.00,685.00,696.00,2102.00,791.00,1473693.83,337175.05
1.38,1872.00,302.00,927.00,690.00,690.00,2120.00,795.00,1479916.47,339664.21
1.39,1852.00,302.00,928.00,694.00,690.00,2128.00,802.00,1485727.57,342056.81
1.40,1833.00,302.00,928.00,698.00,691.00,2133.00,811.00,1491014.07,344316.19
1.40,1810.00,298.00,934.00,703.00,689.00,2147.00,815.00,1496724.69,346589.15
1.41,1785.00,293.00,937.00,711.00,697.00,2150.00,823.00,1502370.47,348709.26
1.42,1770.00,289.00,941.00,715.00,685.00,2169.00,827.00,1508107.49,350930.20
1.42,1746.00,286.00,947.00,720.00,689.00,2172.00,836.00,1514227.97,353002.82
1.43,1730.00,279.00,956.00,723.00,689.00,2175.00,844.00,1521147.98,354940.03
1.44,1718.00,273.00,955.00,732.00,685.00,2185.00,848.00,1527293.05,356858.79
1.44,1706.00,271.00,958.00,734.00,674.00,2198.00,855.00,1533334.04,358805.77
1.45,1675.00,278.00,959.00,739.00,677.00,2206.00,862.00,1538979.90,360703.40
1.46,1655.00,276.00,959.00,745.00,676.00,2214.00,871.00,1544116.06,362555.98
1.47,1633.00,274.00,965.00,747.00,679.00,2218.00,880.00,1549689.93,364307.34
1.47,1613.00,272.00,966.00,753.00,677.00,2226.00,889.00,1554910.84,366026.38
1.48,1602.00,265.00,969.00,758.00,675.00,2230.00,897.00,1560111.10,367655.82
1.49,1582.00,259.00,966.00,771.00,662.00,2250.00,906.00,1564391.20,369443.84
1.49,1559.00,253.00,964.00,780.00,667.00,2258.00,915.00,1567984.45,371196.35
1.50,1541.00,256.00,964.00,787.00,663.00,2262.00,923.00,1571253.30,372856.36
1.51,1521.00,253.00,964.00,795.00,661.00,2274.00,928.00,1574227.05,374552.09
1.51,1502.00,247.00,964.00,804.00,658.00,2287.00,934.00,1576932.33,376295.47
1.52,1484.00,241.00,966.00,808.00,658.00,2297.00,942.00,1579693.85,378037.27
1.53,1470.00,235.00,968.00,814.00,649.00,2311.00,949.00,1582506.52,379837.73
1.53,1451.00,233.00,962.00,825.00,652.00,2320.00,953.00,1584163.89,381616.61
1.54,1436.00,227.00,963.00,832.00,647.00,2331.00,960.00,1585821.88,383405.86
1.55,1416.00,226.00,962.00,839.00,647.00,2338.00,968.00,1587179.93,385144.46
1.56,1397.00,224.00,963.00,846.00,638.00,2353.00,975.00,1588565.63,386957.03
1.56,1372.00,224.00,954.00,859.00,640.00,2363.00,984.00,1588474.14,388761.99
1.57,1354.00,220.00,958.00,861.00,636.00,2376.00,991.00,1588991.84,390605.08
1.58,1337.00,216.00,959.00,867.00,630.00,2392.00,995.00,1589613.03,392528.06
1.58,1312.00,218.00,961.00,873.00,621.00,2405.00,1006.00,1590478.61,394478.89
1.59,1286.00,219.00,961.00,878.00,621.00,2416.00,1015.00,1591266.05,396425.10
1.60,1270.00,216.00,964.00,881.00,614.00,2430.00,1021.00,1592433.09,398412.17
1.60,1244.00,214.00,962.00,889.00,610.00,2445.00,1032.00,1593194.31,400451.56
1.61,1225.00,215.00,962.00,894.00,599.00,2467.00,1034.00,1593886.80,402643.88
1.62,1209.00,209.00,956.00,906.00,595.00,2477.00,1044.00,1593615.40,404795.53
1.62,1180.00,207.00,956.00,911.00,606.00,2484.00,1052.00,1593368.49,406864.98
1.63,1165.00,204.00,957.00,917.00,600.00,2493.00,1060.00,1593294.11,408889.45
1.64,1152.00,200.00,956.00,922.00,593.00,2505.00,1068.00,1593076.21,410917.90
1.65,1134.00,192.00,957.00,930.00,595.00,2517.00,1071.00,1593028.21,412950.01
1.65,1113.00,194.00,950.00,940.00,589.00,2528.00,1082.00,1591932.93,414970.42
1.66,1092.00,196.00,942.00,950.00,589.00,2539.00,1088.00,1589734.67,416980.16
1.67,1075.00,189.00,947.00,954.00,589.00,2550.00,1092.00,1588486.03,418980.15
1.67,1065.00,184.00,951.00,956.00,579.00,2561.00,1100.00,1587951.04,420971.25
1.68,1054.00,181.00,948.00,963.00,577.00,2568.00,1105.00,1587013.65,422894.13
1.69,1036.00,179.00,945.00,970.00,570.00,2581.00,1115.00,1585710.19,424844.87
1.69,1019.00,175.00,948.00,975.00,568.00,2589.00,1122.00,1584975.10,426745.94
1.70,997.00,172.00,950.00,979.00,565.00,2599.00,1134.00,1584606.84,428631.70
1.71,984.00,170.00,947.00,985.00,567.00,2605.00,1138.00,1583821.12,430443.39
1.72,973.00,164.00,946.00,993.00,561.00,2615.00,1144.00,1582956.11,432247.56
1.72,956.00,162.00,943.00,999.00,562.00,2624.00,1150.00,1581718.50,434029.84
1.73,938.00,165.00,937.00,1006.00,560.00,2636.00,1154.00,1579691.22,435837.20
1.74,920.00,160.00,940.00,1010.00,558.00,2650.00,1158.00,1578297.66,437697.51
1.74,902.00,158.00,937.00,1016.00,555.00,2660.00,1168.00,1576579.21,439546.06
1.75,884.00,160.00,934.00,1020.00,554.00,2670.00,1174.00,1574565.21,441383.87
1.76,865.00,157.00,932.00,1028.00,552.00,2683.00,1179.00,1572432.56,443256.96
1.76,847.00,152.00,933.00,1033.00,555.00,2690.00,1186.00,1570642.67,445072.11
1.77,832.00,145.00,936.00,1038.00,558.00,2694.00,1193.00,1569465.06,446789.30
1.78,814.00,142.00,936.00,1045.00,552.00,2706.00,1201.00,1568393.77,448537.23
1.78,799.00,140.00,936.00,1048.00,551.00,2715.00,1207.00,1567419.19,450268.18
1.79,784.00,138.00,935.00,1053.00,548.00,2720.00,1218.00,1566382.37,451923.51
1.80,769.00,133.00,932.00,1061.00,547.00,2728.00,1226.00,1564988.45,453554.89
1.81,756.00,129.00,931.00,1067.00,538.00,2740.00,1235.00,1563570.14,455224.49
1.81,744.00,128.00,928.00,1073.00,534.00,2745.00,1244.00,1561829.18,456823.83
1.82,726.00,130.00,924.00,1078.00,541.00,2742.00,1255.00,1559644.46,458238.83
1.83,711.00,129.00,922.00,1082.00,544.00,2746.00,1262.00,1557356.51,459590.71
1.83,699.00,125.00,918.00,1091.00,541.00,2750.00,1272.00,1554674.18,460884.97
1.84,681.00,122.00,912.00,1101.00,542.00,2762.00,1276.00,1551332.63,462246.81
1.85,667.00,122.00,903.00,1111.00,542.00,2770.00,1281.00,1546940.66,463610.25
1.85,649.00,121.00,902.00,1115.00,545.00,2777.00,1287.00,1542794.96,464960.12
1.86,637.00,123.00,899.00,1119.00,543.00,2780.00,1295.00,1538572.82,466237.53
1.87,620.00,119.00,900.00,1122.00,544.00,2792.00,1299.00,1534882.08,467583.98
1.88,601.00,119.00,897.00,1128.00,541.00,2802.00,1308.00,1531073.85,468963.42
1.88,589.00,115.00,890.00,1139.00,537.00,2808.00,1318.00,1526557.78,470312.88
1.89,566.00,114.00,884.00,1146.00,544.00,2816.00,1326.00,1521548.04,471665.02
1.90,542.00,117.00,878.00,1153.00,553.00,2819.00,1334.00,1516089.17,472944.49
1.90,533.00,114.00,875.00,1160.00,537.00,2836.00,1341.00,1510672.43,474367.94
1.91,516.00,112.00,871.00,1166.00,543.00,2838.00,1350.00,1505143.77,475697.50
1.92,505.00,112.00,865.00,1172.00,538.00,2844.00,1360.00,1499212.83,477001.41
1.92,492.00,105.00,867.00,1177.00,538.00,2853.00,1364.00,1494117.79,478327.00
1.93,472.00,103.00,867.00,1180.00,542.00,2859.00,1373.00,1489482.72,479627.30
1.94,462.00,100.00,863.00,1187.00,538.00,2858.00,1388.00,1484665.17,480799.35
1.94,447.00,100.00,860.00,1191.00,543.00,2860.00,1395.00,1479831.85,481899.38
1.95,429.00,99.00,856.00,1197.00,541.00,2872.00,1402.00,1474833.94,483083.91
1.96,411.00,96.00,851.00,1206.00,543.00,2878.00,1411.00,1469536.07,484255.44
1.97,398.00,94.00,845.00,1215.00,538.00,2887.00,1419.00,1463815.10,485460.16
1.97,388.00,88.00,845.00,1221.00,532.00,2895.00,1427.00,1458610.60,486680.16
1.98,377.00,85.00,846.00,1225.00,531.00,2895.00,1437.00,1454026.18,487793.93
1.99,361.00,80.00,847.00,1230.00,530.00,2900.00,1448.00,1450005.87,488885.83
1.99,350.00,79.00,842.00,1236.00,534.00,2901.00,1454.00,1445597.35,489897.68
2.00,334.00,79.00,837.00,1241.00,529.00,2907.00,1469.00,1440835.66,490911.56
2.01,323.00,80.00,834.00,1246.00,525.00,2914.00,1474.00,1436053.15,491942.31
2.01,306.00,82.00,830.00,1250.00,525.00,2924.00,1479.00,1431101.47,493033.55
2.02,293.00,81.00,822.00,1259.00,520.00,2935.00,1486.00,1425394.97,494195.01
2.03,282.00,80.00,815.00,1267.00,509.00,2951.00,1492.00,1419152.01,495495.71
2.03,271.00,78.00,814.00,1270.00,508.00,2960.00,1495.00,1413322.43,496818.36
2.04,264.00,78.00,808.00,1276.00,505.00,2959.00,1506.00,1407117.74,498010.82
2.05,255.00,73.00,809.00,1280.00,502.00,2965.00,1512.00,1401623.43,499189.58
2.06,241.00,69.00,808.00,1286.00,498.00,2972.00,1522.00,1396474.90,500370.86
2.06,230.00,67.00,808.00,1289.00,493.00,2980.00,1529.00,1391791.17,501569.46
2.07,219.00,64.00,806.00,1295.00,488.00,2983.00,1541.00,1387229.81,502708.77
2.08,204.00,63.00,806.00,1297.00,490.00,2988.00,1548.00,1383080.24,503823.98
2.08,199.00,61.00,800.00,1305.00,482.00,2998.00,1551.00,1378403.90,504992.31
2.09,190.00,60.00,798.00,1310.00,475.00,3007.00,1556.00,1373849.26,506194.13
2.10,185.00,57.00,792.00,1320.00,453.00,3022.00,1567.00,1368804.42,507516.63
2.10,171.00,56.00,789.00,1324.00,455.00,3029.00,1572.00,1363764.32,508829.14
2.11,165.00,54.00,781.00,1334.00,451.00,3032.00,1579.00,1357977.38,510072.44
2.12,154.00,50.00,780.00,1340.00,449.00,3041.00,1582.00,1352562.64,511342.68
2.12,144.00,50.00,778.00,1344.00,446.00,3044.00,1590.00,1347336.27,512547.38
2.13,139.00,50.00,774.00,1349.00,438.00,3045.00,1601.00,1341980.80,513662.20
2.14,133.00,45.00,772.00,1356.00,432.00,3046.00,1612.00,1336808.35,514694.97
2.15,128.00,44.00,767.00,1362.00,423.00,3049.00,1623.00,1331351.69,515682.89
2.15,120.00,45.00,757.00,1373.00,417.00,3056.00,1628.00,1324885.35,516689.94
2.16,113.00,45.00,756.00,1376.00,410.00,3060.00,1636.00,1318852.53,517669.39
2.17,103.00,45.00,749.00,1383.00,409.00,3064.00,1643.00,1312312.72,518623.65
2.17,95.00,42.00,747.00,1388.00,397.00,3074.00,1653.00,1306062.86,519645.05
2.18,89.00,42.00,739.00,1396.00,391.00,3079.00,1660.00,1299175.36,520652.62
2.19,83.00,42.00,730.00,1406.00,385.00,3083.00,1667.00,1291557.57,521632.55
2.19,70.00,41.00,730.00,1408.00,386.00,3085.00,1676.00,1284627.50,522557.20
2.20,64.00,41.00,726.00,1412.00,380.00,3090.00,1683.00,1277722.13,523476.45
2.21,58.00,41.00,721.00,1418.00,374.00,3094.00,1690.00,1270689.01,524375.74
2.22,53.00,39.00,718.00,1423.00,368.00,3099.00,1696.00,1263840.13,525271.85
2.22,47.00,39.00,715.00,1427.00,365.00,3097.00,1706.00,1257158.86,526059.88
2.23,42.00,39.00,712.00,1431.00,361.00,3097.00,1714.00,1250630.06,526779.29
2.24,37.00,40.00,706.00,1437.00,351.00,3108.00,1717.00,1243789.29,527601.31
2.24,32.00,40.00,697.00,1446.00,344.00,3116.00,1721.00,1236214.00,528471.94
2.25,28.00,39.00,691.00,1453.00,338.00,3123.00,1724.00,1228421.20,529371.92
2.26,25.00,37.00,687.00,1459.00,333.00,3122.00,1733.00,1220730.99,530178.51
2.26,21.00,36.00,682.00,1465.00,322.00,3131.00,1739.00,1212983.88,531050.07
2.27,17.00,36.00,680.00,1467.00,313.00,3136.00,1747.00,1205635.71,531920.86
2.28,13.00,37.00,675.00,1472.00,307.00,3137.00,1755.00,1198199.75,532730.85
2.28,12.00,37.00,670.00,1477.00,299.00,3133.00,1768.00,1190683.93,533410.21
2.29,9.00,37.00,661.00,1486.00,296.00,3132.00,1775.00,1182494.55,534015.39
2.30,7.00,34.00,661.00,1489.00,292.00,3132.00,1781.00,1175044.48,534567.88
2.31,5.00,32.00,658.00,1494.00,282.00,3138.00,1787.00,1167816.30,535162.39
2.31,4.00,32.00,652.00,1500.00,277.00,3130.00,1801.00,1160339.27,535584.96
2.32,3.00,32.00,649.00,1503.00,272.00,3134.00,1803.00,1153086.56,536030.82
2.33,3.00,31.00,644.00,1509.00,266.00,3132.00,1811.00,1145737.45,536407.81
2.33,3.00,31.00,638.00,1515.00,256.00,3128.00,1825.00,1138150.42,536691.88
2.34,2.00,31.00,633.00,1520.00,248.00,3125.00,1837.00,1130497.17,536906.15
2.35,1.00,31.00,630.00,1523.00,247.00,3118.00,1846.00,1123084.14,536996.59
2.35,1.00,31.00,628.00,1525.00,241.00,3117.00,1853.00,1116039.88,537064.14
2.36,1.00,30.00,620.00,1534.00,232.00,3119.00,1860.00,1108429.71,537155.85
2.37,1.00,30.00,612.00,1542.00,227.00,3118.00,1866.00,1100304.72,537224.56
2.38,1.00,28.00,609.00,1547.00,218.00,3118.00,1875.00,1092462.54,537287.28
2.38,1.00,28.00,604.00,1552.00,209.00,3121.00,1881.00,1084577.18,537389.61
2.39,0.00,28.00,598.00,1558.00,198.00,3126.00,1888.00,1076502.31,537558.14
2.40,0.00,27.00,591.00,1566.00,192.00,3126.00,1894.00,1068104.79,537712.00
2.40,0.00,27.00,590.00,1567.00,190.00,3121.00,1901.00,1060315.16,537777.34
2.41,0.00,27.00,585.00,1572.00,183.00,3123.00,1906.00,1052477.59,537867.04
2.42,0.00,27.00,579.00,1578.00,179.00,3121.00,1912.00,1044446.21,537918.89
2.42,0.00,26.00,576.00,1582.00,177.00,3112.00,1923.00,1036689.18,537831.01
2.43,0.00,24.00,568.00,1592.00,173.00,3112.00,1927.00,1028430.58,537750.79
2.44,0.00,21.00,566.00,1597.00,167.00,3112.00,1933.00,1020617.10,537677.55
2.44,0.00,20.00,559.00,1605.00,164.00,3108.00,1940.00,1012457.37,537550.59
2.45,0.00,20.00,554.00,1610.00,159.00,3108.00,1945.00,1004283.14,537434.69
2.46,0.00,20.00,549.00,1615.00,156.00,3105.00,1951.00,996095.69,537283.81
2.47,0.00,20.00,541.00,1623.00,150.00,3102.00,1960.00,987445.54,537101.00
2.47,0.00,20.00,531.00,1633.00,147.00,3097.00,1968.00,978074.00,536859.00
2.48,0.00,20.00,528.00,1636.00,140.00,3097.00,1975.00,969097.80,536638.06
2.49,0.00,19.00,524.00,1641.00,136.00,3095.00,1981.00,960331.03,536406.32
2.49,0.00,19.00,518.00,1647.00,130.00,3096.00,1986.00,951454.32,536209.78
2.50,0.00,19.00,511.00,1654.00,126.00,3088.00,1998.00,942327.35,535910.17
2.51,0.00,19.00,502.00,1663.00,123.00,3084.00,2005.00,932672.27,535576.56
2.51,0.00,19.00,493.00,1672.00,122.00,3075.00,2015.00,922536.74,535136.79
2.52,0.00,19.00,489.00,1676.00,118.00,3068.00,2026.00,912715.30,534630.14
2.53,0.00,17.00,485.00,1682.00,115.00,3058.00,2039.00,903179.59,534017.39
2.53,0.00,17.00,480.00,1687.00,111.00,3057.00,2044.00,893753.59,533442.97
2.54,0.00,16.00,474.00,1694.00,104.00,3054.00,2054.00,884277.16,532873.49
2.55,0.00,16.00,468.00,1700.00,98.00,3054.00,2060.00,874754.86,532353.61
2.56,0.00,15.00,465.00,1704.00,93.00,3054.00,2065.00,865641.51,531878.99
2.56,0.00,13.00,458.00,1713.00,92.00,3051.00,2069.00,856299.27,531400.63
2.57,0.00,13.00,454.00,1717.00,88.00,3047.00,2077.00,847199.51,530903.84
2.58,0.00,13.00,451.00,1720.00,86.00,3042.00,2084.00,838470.56,530375.18
2.58,0.00,13.00,448.00,1723.00,84.00,3038.00,2090.00,830078.94,529832.47
2.59,0.00,13.00,442.00,1729.00,78.00,3036.00,2098.00,821543.51,529306.97
2.60,0.00,13.00,435.00,1736.00,76.00,3037.00,2099.00,812727.03,528842.25
2.60,0.00,13.00,430.00,1741.00,76.00,3032.00,2104.00,803955.32,528342.88
2.61,0.00,13.00,424.00,1747.00,73.00,3025.00,2114.00,795074.11,527781.83
2.62,0.00,13.00,420.00,1751.00,69.00,3024.00,2119.00,786393.75,527254.61
2.62,0.00,13.00,415.00,1756.00,68.00,3019.00,2125.00,777745.88,526698.19
2.63,0.00,12.00,410.00,1762.00,67.00,3016.00,2129.00,769127.56,526145.14
2.64,0.00,12.00,407.00,1765.00,66.00,3011.00,2135.00,760836.59,525565.14
2.65,0.00,12.00,403.00,1769.00,65.00,3010.00,2137.00,752693.19,525020.62
2.65,0.00,11.00,397.00,1776.00,60.00,3011.00,2141.00,744383.57,524538.54
2.66,0.00,11.00,393.00,1780.00,58.00,3008.00,2146.00,736223.19,524053.36
2.67,0.00,10.00,391.00,1783.00,58.00,3002.00,2152.00,728499.06,523520.29
2.67,0.00,10.00,386.00,1788.00,54.00,2998.00,2160.00,720721.08,522973.55
2.68,0.00,10.00,381.00,1793.00,53.00,2997.00,2162.00,712894.13,522459.40
2.69,0.00,10.00,379.00,1795.00,52.00,2990.00,2170.00,705473.31,521884.85
2.69,0.00,10.00,376.00,1798.00,49.00,2985.00,2178.00,698271.74,521285.22
2.70,0.00,10.00,368.00,1806.00,47.00,2981.00,2184.00,690518.45,520677.70
2.71,0.00,10.00,362.00,1812.00,45.00,2979.00,2188.00,682563.73,520093.04
2.72,0.00,10.00,361.00,1813.00,45.00,2969.00,2198.00,675176.91,519409.06
2.72,0.00,10.00,356.00,1818.00,45.00,2963.00,2204.00,667705.80,518694.50
2.73,0.00,10.00,353.00,1821.00,44.00,2958.00,2210.00,660458.47,517967.05
2.74,0.00,10.00,350.00,1824.00,44.00,2950.00,2218.00,653414.72,517182.75
2.74,0.00,10.00,346.00,1828.00,44.00,2943.00,2225.00,646405.93,516361.58
2.75,0.00,10.00,342.00,1832.00,44.00,2933.00,2235.00,639428.96,515461.69
2.76,0.00,10.00,339.00,1835.00,43.00,2927.00,2242.00,632631.17,514550.02
2.76,0.00,10.00,338.00,1836.00,41.00,2925.00,2246.00,626296.83,513687.69
2.77,0.00,10.00,333.00,1841.00,40.00,2914.00,2258.00,619783.18,512735.19
2.78,0.00,10.00,331.00,1843.00,39.00,2907.00,2266.00,613557.11,511760.46
2.78,0.00,9.00,329.00,1846.00,38.00,2900.00,2274.00,607592.65,510765.46
2.79,0.00,8.00,321.00,1855.00,37.00,2894.00,2281.00,600964.80,509766.95
2.80,0.00,7.00,310.00,1867.00,37.00,2881.00,2294.00,593282.75,508660.09
2.81,0.00,6.00,310.00,1868.00,35.00,2880.00,2297.00,586294.22,507634.59
2.81,0.00,6.00,308.00,1870.00,33.00,2874.00,2305.00,579636.14,506608.24
2.82,0.00,6.00,303.00,1875.00,33.00,2865.00,2314.00,572827.97,505536.06
2.83,0.00,6.00,300.00,1878.00,32.00,2860.00,2320.00,566183.74,504482.12
2.83,0.00,5.00,298.00,1881.00,32.00,2854.00,2326.00,559838.87,503429.82
2.84,0.00,5.00,293.00,1886.00,29.00,2847.00,2336.00,553315.65,502363.98
2.85,0.00,5.00,290.00,1889.00,28.00,2841.00,2343.00,546930.63,501300.82
2.85,0.00,5.00,289.00,1890.00,27.00,2837.00,2348.00,540971.81,500270.14
2.86,0.00,5.00,285.00,1894.00,27.00,2829.00,2356.00,534950.01,499209.02
2.87,0.00,5.00,284.00,1895.00,26.00,2824.00,2362.00,529321.62,498165.18
2.88,0.00,5.00,282.00,1897.00,26.00,2819.00,2367.00,523900.88,497137.12
2.88,0.00,5.00,277.00,1902.00,26.00,2809.00,2377.00,518218.35,496048.35
2.89,0.00,4.00,277.00,1903.00,25.00,2806.00,2381.00,513048.84,495009.32
2.90,0.00,4.00,273.00,1907.00,25.00,2798.00,2389.00,507745.09,493940.57
2.90,0.00,4.00,270.00,1910.00,24.00,2791.00,2397.00,502469.45,492859.73
2.91,0.00,4.00,264.00,1916.00,24.00,2781.00,2407.00,496768.70,491722.77
2.92,0.00,4.00,260.00,1920.00,24.00,2773.00,2415.00,490981.68,490564.63
2.92,0.00,4.00,256.00,1924.00,22.00,2769.00,2421.00,485116.17,489447.24
2.93,0.00,4.00,254.00,1926.00,21.00,2764.00,2427.00,479479.72,488352.03
2.94,0.00,4.00,249.00,1931.00,21.00,2759.00,2432.00,473600.96,487277.07
2.94,0.00,4.00,242.00,1938.00,20.00,2751.00,2441.00,467201.31,486175.54
2.95,0.00,4.00,239.00,1941.00,20.00,2745.00,2447.00,460928.70,485079.78
2.96,0.00,4.00,236.00,1944.00,20.00,2737.00,2455.00,454771.68,483959.25
2.97,0.00,3.00,233.00,1948.00,20.00,2731.00,2461.00,448719.81,482846.15
2.97,0.00,3.00,227.00,1954.00,20.00,2720.00,2472.00,442312.90,481664.72
2.98,0.00,3.00,225.00,1956.00,19.00,2715.00,2478.00,436183.93,480511.05
2.99,0.00,3.00,220.00,1961.00,19.00,2712.00,2481.00,429857.11,479412.77
2.99,0.00,3.00,217.00,1964.00,17.00,2709.00,2486.00,423650.77,478365.05
3.00,0.00,2.00,214.00,1968.00,17.00,2702.00,2493.00,417554.02,477303.40
3.01,0.00,2.00,211.00,1971.00,16.00,2698.00,2498.00,411556.99,476274.11
3.01,0.00,2.00,206.00,1976.00,16.00,2692.00,2504.00,405350.20,475244.30
3.02,0.00,2.00,205.00,1977.00,16.00,2685.00,2511.00,399553.51,474199.00
3.03,0.00,2.00,205.00,1977.00,16.00,2674.00,2522.00,394280.13,473079.47
3.03,0.00,2.00,199.00,1983.00,15.00,2669.00,2528.00,388581.43,471982.30
3.04,0.00,2.00,197.00,1985.00,13.00,2662.00,2537.00,383096.74,470875.52
3.05,0.00,2.00,193.00,1989.00,13.00,2648.00,2551.00,377506.27,469654.78
3.06,0.00,2.00,190.00,1992.00,13.00,2640.00,2559.00,371969.80,468420.15
3.06,0.00,2.00,187.00,1995.00,10.00,2629.00,2573.00,366482.45,467127.78
3.07,0.00,2.00,181.00,2001.00,10.00,2621.00,2581.00,360589.11,465827.75
3.08,0.00,2.00,176.00,2006.00,9.00,2614.00,2589.00,354476.64,464535.77
3.08,0.00,2.00,174.00,2008.00,9.00,2605.00,2598.00,348615.53,463221.08
3.09,0.00,2.00,172.00,2010.00,9.00,2597.00,2606.00,342983.09,461900.68
3.10,0.00,2.00,171.00,2011.00,9.00,2593.00,2610.00,337708.90,460635.16
3.10,0.00,2.00,171.00,2011.00,8.00,2584.00,2620.00,332910.85,459344.63
3.11,0.00,1.00,168.00,2015.00,7.00,2576.00,2629.00,328095.26,458046.29
3.12,0.00,1.00,165.00,2018.00,7.00,2571.00,2634.00,323263.72,456785.89
3.12,0.00,1.00,164.00,2019.00,7.00,2564.00,2641.00,318718.13,455530.08
3.13,0.00,0.00,162.00,2022.00,7.00,2554.00,2651.00,314282.44,454233.39
3.14,0.00,0.00,160.00,2024.00,7.00,2550.00,2655.00,309946.74,452989.51
3.15,0.00,0.00,158.00,2026.00,7.00,2538.00,2667.00,305701.99,451673.67
3.15,0.00,0.00,155.00,2029.00,7.00,2530.00,2675.00,301389.75,450352.23
3.16,0.00,0.00,153.00,2031.00,6.00,2525.00,2681.00,297166.35,449070.73
3.17,0.00,0.00,151.00,2033.00,6.00,2514.00,2692.00,293023.77,447735.57
3.17,0.00,0.00,147.00,2037.00,6.00,2505.00,2701.00,288654.24,446381.46
3.18,0.00,0.00,144.00,2040.00,5.00,2499.00,2708.00,284228.49,445055.12
3.19,0.00,0.00,142.00,2042.00,5.00,2495.00,2712.00,279901.82,443784.18
3.19,0.00,0.00,137.00,2047.00,5.00,2490.00,2717.00,275214.60,442548.80
3.20,0.00,0.00,133.00,2051.00,4.00,2481.00,2727.00,270349.61,441285.77
3.21,0.00,0.00,132.00,2052.00,4.00,2474.00,2734.00,265773.58,440027.57
3.22,0.00,0.00,130.00,2054.00,3.00,2471.00,2738.00,261310.21,438833.85
3.22,0.00,0.00,127.00,2057.00,3.00,2467.00,2742.00,256799.09,437683.99
3.23,0.00,0.00,125.00,2059.00,3.00,2461.00,2748.00,252394.75,436544.12
3.24,0.00,0.00,125.00,2059.00,3.00,2455.00,2754.00,248388.03,435413.36
3.24,0.00,0.00,121.00,2063.00,3.00,2444.00,2765.00,244142.11,434215.81
3.25,0.00,0.00,120.00,2064.00,3.00,2438.00,2771.00,240129.26,433032.39
3.26,0.00,0.00,119.00,2065.00,3.00,2426.00,2783.00,236328.45,431771.75
3.26,0.00,0.00,115.00,2069.00,3.00,2419.00,2790.00,232269.85,430515.72
3.27,0.00,0.00,112.00,2072.00,3.00,2412.00,2797.00,228126.96,429263.89
3.28,0.00,0.00,109.00,2075.00,3.00,2407.00,2802.00,223907.38,428045.96
3.28,0.00,0.00,107.00,2077.00,3.00,2401.00,2808.00,219768.27,426843.93
3.29,0.00,0.00,106.00,2078.00,3.00,2393.00,2816.00,215852.60,425626.39
3.30,0.00,0.00,104.00,2080.00,3.00,2380.00,2829.00,211989.97,424319.57
3.31,0.00,0.00,100.00,2084.00,3.00,2372.00,2837.00,207875.12,423006.36
3.31,0.00,0.00,97.00,2087.00,3.00,2362.00,2847.00,203681.06,421657.26
3.32,0.00,0.00,97.00,2087.00,3.00,2354.00,2855.00,199865.62,420305.46
3.33,0.00,0.00,95.00,2089.00,3.00,2346.00,2863.00,196094.18,418951.17
3.33,0.00,0.00,90.00,2094.00,3.00,2338.00,2871.00,191912.05,417594.63
3.34,0.00,0.00,89.00,2095.00,3.00,2328.00,2881.00,187957.25,416205.98
3.35,0.00,0.00,88.00,2096.00,3.00,2327.00,2882.00,184209.24,414923.23
3.35,0.00,0.00,84.00,2100.00,3.00,2315.00,2894.00,180198.67,413571.89
3.36,0.00,0.00,82.00,2102.00,3.00,2309.00,2900.00,176249.71,412248.09
3.37,0.00,0.00,82.00,2102.00,3.00,2306.00,2903.00,172657.25,410994.48
3.38,0.00,0.00,80.00,2104.00,3.00,2300.00,2909.00,169088.64,409759.90
3.38,0.00,0.00,79.00,2105.00,3.00,2290.00,2919.00,165691.97,408482.59
3.39,0.00,0.00,78.00,2106.00,3.00,2287.00,2922.00,162451.71,407271.43
3.40,0.00,0.00,77.00,2107.00,3.00,2280.00,2929.00,159353.75,406060.57
3.40,0.00,0.00,77.00,2107.00,3.00,2270.00,2939.00,156535.46,404804.92
3.41,0.00,0.00,75.00,2109.00,3.00,2264.00,2945.00,153671.13,403568.47
3.42,0.00,0.00,73.00,2111.00,3.00,2258.00,2951.00,150764.93,402349.54
3.42,0.00,0.00,73.00,2111.00,3.00,2248.00,2961.00,148121.10,401086.53
3.43,0.00,0.00,71.00,2113.00,2.00,2241.00,2969.00,145415.48,399828.32
3.44,0.00,0.00,69.00,2115.00,2.00,2230.00,2980.00,142653.66,398514.43
3.44,0.00,0.00,67.00,2117.00,2.00,2225.00,2985.00,139840.70,397239.82
3.45,0.00,0.00,65.00,2119.00,2.00,2218.00,2992.00,136981.23,395971.05
3.46,0.00,0.00,62.00,2122.00,2.00,2213.00,2997.00,133929.21,394737.63
3.47,0.00,0.00,62.00,2122.00,2.00,2206.00,3004.00,131152.72,393506.46
3.47,0.00,0.00,62.00,2122.00,2.00,2197.00,3013.00,128626.89,392247.28
3.48,0.00,0.00,62.00,2122.00,2.00,2189.00,3021.00,126329.08,390977.56
3.49,0.00,0.00,60.00,2124.00,2.00,2182.00,3028.00,123938.26,389713.25
3.49,0.00,0.00,58.00,2126.00,2.00,2172.00,3038.00,121462.80,388408.79
3.50,0.00,0.00,57.00,2127.00,2.00,2163.00,3047.00,119060.60,387082.71
3.51,0.00,0.00,57.00,2127.00,2.00,2151.00,3059.00,116875.26,385691.82
3.51,0.00,0.00,55.00,2129.00,2.00,2146.00,3064.00,114586.74,384346.94
3.52,0.00,0.00,55.00,2129.00,2.00,2143.00,3067.00,112504.83,383074.08
3.53,0.00,0.00,54.00,2130.00,2.00,2133.00,3077.00,110460.64,381761.84
3.53,0.00,0.00,52.00,2132.00,2.00,2124.00,3086.00,108300.53,380428.65
3.54,0.00,0.00,52.00,2132.00,2.00,2116.00,3094.00,106335.42,379091.36
3.55,0.00,0.00,50.00,2134.00,2.00,2102.00,3108.00,104247.27,377660.20
3.56,0.00,0.00,50.00,2134.00,2.00,2099.00,3111.00,102347.62,376308.58
3.56,0.00,0.00,50.00,2134.00,2.00,2089.00,3121.00,100619.47,374924.43
3.57,0.00,0.00,49.00,2135.00,2.00,2080.00,3130.00,98897.11,373525.60
3.58,0.00,0.00,48.00,2136.00,2.00,2077.00,3133.00,97180.00,372203.50
3.58,0.00,0.00,46.00,2138.00,2.00,2073.00,3137.00,95317.45,370936.43
3.59,0.00,0.00,45.00,2139.00,1.00,2069.00,3142.00,93472.81,369719.60
3.60,0.00,0.00,45.00,2139.00,1.00,2058.00,3153.00,91794.70,368443.48
3.60,0.00,0.00,44.00,2140.00,1.00,2055.00,3156.00,90117.86,367233.40
3.61,0.00,0.00,43.00,2141.00,1.00,2049.00,3162.00,88442.17,366038.56
3.62,0.00,0.00,40.00,2144.00,1.00,2038.00,3173.00,86467.06,364782.50
3.62,0.00,0.00,39.00,2145.00,1.00,2028.00,3183.00,84520.03,363485.58
3.63,0.00,0.00,38.00,2146.00,1.00,2023.00,3188.00,82598.54,362226.48
3.64,0.00,0.00,38.00,2146.00,1.00,2020.00,3191.00,80850.52,361031.95
3.65,0.00,0.00,36.00,2148.00,1.00,2009.00,3202.00,78959.84,359776.17
3.65,0.00,0.00,35.00,2149.00,1.00,2000.00,3211.00,77089.62,358494.54
3.66,0.00,0.00,35.00,2149.00,1.00,1989.00,3222.00,75388.23,357159.25
3.67,0.00,0.00,33.00,2151.00,1.00,1985.00,3226.00,73539.99,355880.14
3.67,0.00,0.00,31.00,2153.00,1.00,1971.00,3240.00,71558.13,354502.09
3.68,0.00,0.00,30.00,2154.00,1.00,1965.00,3246.00,69604.96,353153.90
3.69,0.00,0.00,30.00,2154.00,0.00,1955.00,3257.00,67828.12,351772.86
3.69,0.00,0.00,28.00,2156.00,0.00,1946.00,3266.00,65911.23,350376.88
3.70,0.00,0.00,28.00,2156.00,0.00,1938.00,3274.00,64167.38,348982.26
3.71,0.00,0.00,26.00,2158.00,0.00,1932.00,3280.00,62280.51,347618.95
3.72,0.00,0.00,26.00,2158.00,0.00,1925.00,3287.00,60563.98,346269.19
3.72,0.00,0.00,26.00,2158.00,0.00,1923.00,3289.00,59002.41,345006.91
3.73,0.00,0.00,25.00,2159.00,0.00,1914.00,3298.00,57431.59,343719.33
3.74,0.00,0.00,25.00,2159.00,0.00,1908.00,3304.00,56002.58,342453.74
3.74,0.00,0.00,25.00,2159.00,0.00,1902.00,3310.00,54702.57,341208.21
3.75,0.00,0.00,24.00,2160.00,0.00,1894.00,3318.00,53369.70,339950.95
3.76,0.00,0.00,23.00,2161.00,0.00,1886.00,3326.00,52006.92,338682.98
3.76,0.00,0.00,23.00,2161.00,0.00,1878.00,3334.00,50767.17,337405.24
3.77,0.00,0.00,23.00,2161.00,0.00,1873.00,3339.00,49639.35,336163.64
3.78,0.00,0.00,22.00,2162.00,0.00,1869.00,3343.00,48463.10,334970.07
3.78,0.00,0.00,20.00,2164.00,0.00,1859.00,3353.00,47092.59,333730.19
3.79,0.00,0.00,20.00,2164.00,0.00,1854.00,3358.00,45845.80,332523.16
3.80,0.00,0.00,19.00,2165.00,0.00,1847.00,3365.00,44561.34,331316.08
3.81,0.00,0.00,19.00,2165.00,0.00,1840.00,3372.00,43392.84,330108.94
3.81,0.00,0.00,18.00,2166.00,0.00,1832.00,3380.00,42179.59,328886.72
3.82,0.00,0.00,18.00,2166.00,0.00,1826.00,3386.00,41075.88,327680.80
3.83,0.00,0.00,17.00,2167.00,0.00,1817.00,3395.00,39921.57,326444.67
3.83,0.00,0.00,17.00,2167.00,0.00,1811.00,3401.00,38871.47,325226.04
3.84,0.00,0.00,16.00,2168.00,0.00,1804.00,3408.00,37765.94,324008.37
3.85,0.00,0.00,16.00,2168.00,0.00,1800.00,3412.00,36760.22,322836.63
3.85,0.00,0.00,14.00,2170.00,0.00,1788.00,3424.00,35544.83,321586.64
3.86,0.00,0.00,14.00,2170.00,0.00,1784.00,3428.00,34439.16,320385.41
3.87,0.00,0.00,14.00,2170.00,0.00,1781.00,3431.00,33433.31,319243.70
3.88,0.00,0.00,14.00,2170.00,0.00,1773.00,3439.00,32518.26,318081.23
3.88,0.00,0.00,14.00,2170.00,0.00,1769.00,3443.00,31685.82,316959.88
3.89,0.00,0.00,14.00,2170.00,0.00,1760.00,3452.00,30928.54,315800.97
3.90,0.00,0.00,14.00,2170.00,0.00,1750.00,3462.00,30239.62,314592.74
3.90,0.00,0.00,13.00,2171.00,0.00,1745.00,3467.00,29462.66,313414.61
3.91,0.00,0.00,13.00,2171.00,0.00,1736.00,3476.00,28755.84,312203.85
3.92,0.00,0.00,12.00,2172.00,0.00,1729.00,3483.00,27962.60,310993.36
3.92,0.00,0.00,10.00,2174.00,0.00,1717.00,3495.00,26940.52,309708.00
3.93,0.00,0.00,10.00,2174.00,0.00,1708.00,3504.00,26010.70,308399.35
3.94,0.00,0.00,10.00,2174.00,0.00,1697.00,3515.00,25164.82,307039.40
3.94,0.00,0.00,10.00,2174.00,0.00,1696.00,3516.00,24395.31,305782.85
3.95,0.00,0.00,10.00,2174.00,0.00,1691.00,3521.00,23695.27,304560.59
3.96,0.00,0.00,10.00,2174.00,0.00,1684.00,3528.00,23058.43,303339.61
3.97,0.00,0.00,10.00,2174.00,0.00,1679.00,3533.00,22479.08,302149.82
3.97,0.00,0.00,10.00,2174.00,0.00,1670.00,3542.00,21952.03,300928.43
3.98,0.00,0.00,9.00,2175.00,0.00,1664.00,3548.00,21322.33,299723.26
3.99,0.00,0.00,9.00,2175.00,0.00,1655.00,3557.00,20749.48,298487.82
3.99,0.00,0.00,9.00,2175.00,0.00,1648.00,3564.00,20228.35,297254.79
4.00,0.00,0.00,9.00,2175.00,0.00,1638.00,3574.00,19754.26,295978.90
4.01,0.00,0.00,9.00,2175.00,0.00,1632.00,3580.00,19322.97,294723.97
4.01,0.00,0.00,9.00,2175.00,0.00,1626.00,3586.00,18930.62,293488.18
4.02,0.00,0.00,7.00,2177.00,0.00,1618.00,3594.00,18273.22,292239.81
4.03,0.00,0.00,7.00,2177.00,0.00,1614.00,3598.00,17675.18,291040.05
4.03,0.00,0.00,7.00,2177.00,0.00,1609.00,3603.00,17131.12,289869.64
4.04,0.00,0.00,7.00,2177.00,0.00,1602.00,3610.00,16636.18,288695.99
4.05,0.00,0.00,7.00,2177.00,0.00,1601.00,3611.00,16185.92,287609.51
4.06,0.00,0.00,7.00,2177.00,0.00,1592.00,3620.00,15776.31,286482.43
4.06,0.00,0.00,7.00,2177.00,0.00,1583.00,3629.00,15403.68,285318.28
4.07,0.00,0.00,7.00,2177.00,0.00,1577.00,3635.00,15064.69,284165.37
4.08,0.00,0.00,7.00,2177.00,0.00,1572.00,3640.00,14756.30,283037.73
4.08,0.00,0.00,7.00,2177.00,0.00,1565.00,3647.00,14475.76,281903.11
4.09,0.00,0.00,7.00,2177.00,0.00,1557.00,3655.00,14220.54,280747.11
4.10,0.00,0.00,7.00,2177.00,0.00,1547.00,3665.00,13988.36,279541.54
4.10,0.00,0.00,7.00,2177.00,0.00,1545.00,3667.00,13777.14,278410.90
4.11,0.00,0.00,7.00,2177.00,0.00,1537.00,3675.00,13584.99,277258.53
4.12,0.00,0.00,6.00,2178.00,0.00,1529.00,3683.00,13259.95,276086.31
4.12,0.00,0.00,6.00,2178.00,0.00,1523.00,3689.00,12964.26,274926.03
4.13,0.00,0.00,6.00,2178.00,0.00,1516.00,3696.00,12695.27,273761.62
4.14,0.00,0.00,6.00,2178.00,0.00,1510.00,3702.00,12450.55,272608.46
4.15,0.00,0.00,6.00,2178.00,0.00,1501.00,3711.00,12227.93,271420.51
4.15,0.00,0.00,6.00,2178.00,0.00,1499.00,3713.00,12025.41,270305.95
4.16,0.00,0.00,6.00,2178.00,0.00,1492.00,3720.00,11841.17,269183.28
4.17,0.00,0.00,6.00,2178.00,0.00,1487.00,3725.00,11673.57,268083.26
4.17,0.00,0.00,6.00,2178.00,0.00,1485.00,3727.00,11521.09,267048.97
4.18,0.00,0.00,5.00,2179.00,0.00,1477.00,3735.00,11232.15,265984.56
4.19,0.00,0.00,4.00,2180.00,0.00,1466.00,3746.00,10819.06,264847.58
4.19,0.00,0.00,4.00,2180.00,0.00,1460.00,3752.00,10443.26,263719.47
4.20,0.00,0.00,4.00,2180.00,0.00,1455.00,3757.00,10101.40,262614.47
4.21,0.00,0.00,4.00,2180.00,0.00,1444.00,3768.00,9790.39,261440.43
4.22,0.00,0.00,4.00,2180.00,0.00,1436.00,3776.00,9507.46,260248.44
4.22,0.00,0.00,4.00,2180.00,0.00,1427.00,3785.00,9250.07,259025.04
4.23,0.00,0.00,4.00,2180.00,0.00,1422.00,3790.00,9015.92,257833.05
4.24,0.00,0.00,4.00,2180.00,0.00,1419.00,3793.00,8802.91,256699.79
4.24,0.00,0.00,4.00,2180.00,0.00,1409.00,3803.00,8609.13,255514.97
4.25,0.00,0.00,4.00,2180.00,0.00,1401.00,3811.00,8432.84,254313.14
4.26,0.00,0.00,4.00,2180.00,0.00,1398.00,3814.00,8272.47,253170.89
4.26,0.00,0.00,4.00,2180.00,0.00,1392.00,3820.00,8126.57,252037.96
4.27,0.00,0.00,4.00,2180.00,0.00,1387.00,3825.00,7993.85,250928.57
4.28,0.00,0.00,4.00,2180.00,0.00,1382.00,3830.00,7873.11,249840.66
4.28,0.00,0.00,4.00,2180.00,0.00,1376.00,3836.00,7763.27,248757.35
4.29,0.00,0.00,4.00,2180.00,0.00,1366.00,3846.00,7663.34,247618.13
4.30,0.00,0.00,4.00,2180.00,0.00,1362.00,3850.00,7572.44,246518.02
4.31,0.00,0.00,4.00,2180.00,0.00,1357.00,3855.00,7489.74,245438.59
4.31,0.00,0.00,4.00,2180.00,0.00,1348.00,3864.00,7414.51,244317.95
4.32,0.00,0.00,4.00,2180.00,0.00,1342.00,3870.00,7346.07,243204.74
4.33,0.00,0.00,4.00,2180.00,0.00,1334.00,3878.00,7283.81,242068.28
4.33,0.00,0.00,4.00,2180.00,0.00,1326.00,3886.00,7227.17,240910.60
4.34,0.00,0.00,4.00,2180.00,0.00,1319.00,3893.00,7175.64,239748.56
4.35,0.00,0.00,4.00,2180.00,0.00,1313.00,3899.00,7128.76,238597.57
4.35,0.00,0.00,4.00,2180.00,0.00,1306.00,3906.00,7086.12,237441.64
4.36,0.00,0.00,3.00,2181.00,0.00,1299.00,3913.00,6897.10,236281.21
4.37,0.00,0.00,3.00,2181.00,0.00,1292.00,3920.00,6725.13,235116.65
4.38,0.00,0.00,3.00,2181.00,0.00,1283.00,3929.00,6568.70,233918.30
4.38,0.00,0.00,3.00,2181.00,0.00,1279.00,3933.00,6426.39,232764.20
4.39,0.00,0.00,3.00,2181.00,0.00,1273.00,3939.00,6296.92,231620.45
4.40,0.00,0.00,3.00,2181.00,0.00,1269.00,3943.00,6179.14,230516.21
4.40,0.00,0.00,2.00,2182.00,0.00,1265.00,3947.00,5921.76,229448.02
4.41,0.00,0.00,2.00,2182.00,0.00,1263.00,3949.00,5687.62,228442.80
4.42,0.00,0.00,2.00,2182.00,0.00,1257.00,3955.00,5474.62,227434.98
4.42,0.00,0.00,2.00,2182.00,0.00,1247.00,3965.00,5280.85,226364.68
4.43,0.00,0.00,2.00,2182.00,0.00,1242.00,3970.00,5104.57,225312.46
4.44,0.00,0.00,2.00,2182.00,0.00,1232.00,3980.00,4944.20,224201.64
4.44,0.00,0.00,2.00,2182.00,0.00,1226.00,3986.00,4798.31,223097.40
4.45,0.00,0.00,2.00,2182.00,0.00,1217.00,3995.00,4665.59,221954.10
4.46,0.00,0.00,2.00,2182.00,0.00,1210.00,4002.00,4544.86,220805.20
4.47,0.00,0.00,2.00,2182.00,0.00,1201.00,4011.00,4435.02,219621.13
4.47,0.00,0.00,2.00,2182.00,0.00,1196.00,4016.00,4335.10,218465.05
4.48,0.00,0.00,2.00,2182.00,0.00,1194.00,4018.00,4244.20,217379.59
4.49,0.00,0.00,2.00,2182.00,0.00,1189.00,4023.00,4161.50,216313.54
4.49,0.00,0.00,2.00,2182.00,0.00,1184.00,4028.00,4086.28,215265.19
4.50,0.00,0.00,2.00,2182.00,0.00,1178.00,4034.00,4017.84,214217.99
4.51,0.00,0.00,2.00,2182.00,0.00,1169.00,4043.00,3955.58,213126.77
4.51,0.00,0.00,2.00,2182.00,0.00,1165.00,4047.00,3898.94,212070.48
4.52,0.00,0.00,2.00,2182.00,0.00,1154.00,4058.00,3847.42,210940.91
4.53,0.00,0.00,2.00,2182.00,0.00,1152.00,4060.00,3800.54,209879.65
4.53,0.00,0.00,2.00,2182.00,0.00,1148.00,4064.00,3757.90,208850.71
4.54,0.00,0.00,2.00,2182.00,0.00,1140.00,4072.00,3719.11,207791.18
4.55,0.00,0.00,2.00,2182.00,0.00,1133.00,4079.00,3683.82,206718.75
4.56,0.00,0.00,2.00,2182.00,0.00,1127.00,4085.00,3651.71,205649.56
4.56,0.00,0.00,2.00,2182.00,0.00,1119.00,4093.00,3622.51,204553.29
4.57,0.00,0.00,2.00,2182.00,0.00,1111.00,4101.00,3595.94,203432.29
4.58,0.00,0.00,2.00,2182.00,0.00,1108.00,4104.00,3571.77,202363.84
4.58,0.00,0.00,2.00,2182.00,0.00,1099.00,4113.00,3549.78,201253.21
4.59,0.00,0.00,2.00,2182.00,0.00,1094.00,4118.00,3529.78,200164.18
4.60,0.00,0.00,2.00,2182.00,0.00,1092.00,4120.00,3511.58,199139.93
4.60,0.00,0.00,2.00,2182.00,0.00,1086.00,4126.00,3495.02,198114.72
4.61,0.00,0.00,2.00,2182.00,0.00,1084.00,4128.00,3479.96,197148.75
4.62,0.00,0.00,2.00,2182.00,0.00,1078.00,4134.00,3466.26,196176.75
4.62,0.00,0.00,2.00,2182.00,0.00,1066.00,4146.00,3453.80,195109.10
4.63,0.00,0.00,2.00,2182.00,0.00,1055.00,4157.00,3442.46,193969.17
4.64,0.00,0.00,2.00,2182.00,0.00,1045.00,4167.00,3432.15,192778.27
4.65,0.00,0.00,2.00,2182.00,0.00,1040.00,4172.00,3422.76,191615.95
4.65,0.00,0.00,2.00,2182.00,0.00,1033.00,4179.00,3414.23,190449.68
4.66,0.00,0.00,2.00,2182.00,0.00,1029.00,4183.00,3406.46,189324.88
4.67,0.00,0.00,2.00,2182.00,0.00,1019.00,4193.00,3399.39,188147.78
4.67,0.00,0.00,2.00,2182.00,0.00,1015.00,4197.00,3392.97,187013.09
4.68,0.00,0.00,2.00,2182.00,0.00,1009.00,4203.00,3387.12,185887.06
4.69,0.00,0.00,2.00,2182.00,0.00,1004.00,4208.00,3381.80,184783.97
4.69,0.00,0.00,2.00,2182.00,0.00,998.00,4214.00,3376.96,183686.80
4.70,0.00,0.00,2.00,2182.00,0.00,989.00,4223.00,3372.56,182549.95
4.71,0.00,0.00,2.00,2182.00,0.00,984.00,4228.00,3368.56,181436.98
4.72,0.00,0.00,2.00,2182.00,0.00,978.00,4234.00,3364.91,180330.78
4.72,0.00,0.00,2.00,2182.00,0.00,970.00,4242.00,3361.60,179200.72
4.73,0.00,0.00,2.00,2182.00,0.00,962.00,4250.00,3358.58,178048.88
4.74,0.00,0.00,2.00,2182.00,0.00,956.00,4256.00,3355.84,176907.20
4.74,0.00,0.00,2.00,2182.00,0.00,950.00,4262.00,3353.35,175774.79
4.75,0.00,0.00,2.00,2182.00,0.00,940.00,4272.00,3351.08,174590.75
4.76,0.00,0.00,2.00,2182.00,0.00,935.00,4277.00,3349.01,173434.70
4.76,0.00,0.00,2.00,2182.00,0.00,927.00,4285.00,3347.13,172259.13
4.77,0.00,0.00,2.00,2182.00,0.00,921.00,4291.00,3345.42,171095.79
4.78,0.00,0.00,2.00,2182.00,0.00,916.00,4296.00,3343.87,169958.63
4.78,0.00,0.00,2.00,2182.00,0.00,911.00,4301.00,3342.45,168845.37
4.79,0.00,0.00,2.00,2182.00,0.00,903.00,4309.00,3341.17,167708.87
4.80,0.00,0.00,2.00,2182.00,0.00,896.00,4316.00,3340.00,166566.16
4.81,0.00,0.00,2.00,2182.00,0.00,889.00,4323.00,3338.93,165417.80
4.81,0.00,0.00,2.00,2182.00,0.00,884.00,4328.00,3337.96,164294.32
4.82,0.00,0.00,1.00,2183.00,0.00,874.00,4338.00,3186.85,163118.43
4.83,0.00,0.00,1.00,2183.00,0.00,870.00,4342.00,3049.38,161984.84
4.83,0.00,0.00,1.00,2183.00,0.00,863.00,4349.00,2924.32,160844.80
4.84,0.00,0.00,1.00,2183.00,0.00,857.00,4355.00,2810.55,159713.89
4.85,0.00,0.00,1.00,2183.00,0.00,850.00,4362.00,2707.05,158576.29
4.85,0.00,0.00,1.00,2183.00,0.00,844.00,4368.00,2612.90,157447.62
4.86,0.00,0.00,0.00,2184.00,0.00,836.00,4376.00,2377.01,156297.03
4.87,0.00,0.00,0.00,2184.00,0.00,834.00,4378.00,2162.42,155216.59
4.88,0.00,0.00,0.00,2184.00,0.00,828.00,4384.00,1967.20,154140.10
4.88,0.00,0.00,0.00,2184.00,0.00,826.00,4386.00,1789.61,153127.29
4.89,0.00,0.00,0.00,2184.00,0.00,817.00,4395.00,1628.04,152067.46
4.90,0.00,0.00,0.00,2184.00,0.00,811.00,4401.00,1481.07,151009.79
4.90,0.00,0.00,0.00,2184.00,0.00,807.00,4405.00,1347.36,149984.11
4.91,0.00,0.00,0.00,2184.00,0.00,803.00,4409.00,1225.72,148987.66
4.92,0.00,0.00,0.00,2184.00,0.00,794.00,4418.00,1115.07,147942.77
4.92,0.00,0.00,0.00,2184.00,0.00,787.00,4425.00,1014.40,146883.70
4.93,0.00,0.00,0.00,2184.00,0.00,782.00,4430.00,922.82,145841.73
4.94,0.00,0.00,0.00,2184.00,0.00,775.00,4437.00,839.51,144785.33
4.94,0.00,0.00,0.00,2184.00,0.00,770.00,4442.00,763.72,143745.80
4.95,0.00,0.00,0.00,2184.00,0.00,766.00,4446.00,694.78,142736.70
4.96,0.00,0.00,0.00,2184.00,0.00,761.00,4451.00,632.05,141740.36
4.97,0.00,0.00,0.00,2184.00,0.00,758.00,4454.00,574.99,140785.70
4.97,0.00,0.00,0.00,2184.00,0.00,752.00,4460.00,523.08,139824.03
4.98,0.00,0.00,0.00,2184.00,0.00,748.00,4464.00,475.86,138886.00
4.99,0.00,0.00,0.00,2184.00,0.00,742.00,4470.00,432.90,137939.52
4.99,0.00,0.00,0.00,2184.00,0.00,736.00,4476.00,393.82,136985.31
5.00,0.00,0.00,0.00,2184.00,0.00,729.00,4483.00,358.27,136009.03
5.01,0.00,0.00,0.00,2184.00,0.00,726.00,4486.00,325.92,135072.69
5.01,0.00,0.00,0.00,2184.00,0.00,718.00,4494.00,296.50,134097.70
5.02,0.00,0.00,0.00,2184.00,0.00,714.00,4498.00,269.73,133147.52
5.03,0.00,0.00,0.00,2184.00,0.00,709.00,4503.00,245.38,132204.95
5.03,0.00,0.00,0.00,2184.00,0.00,701.00,4511.00,223.23,131224.28
5.04,0.00,0.00,0.00,2184.00,0.00,699.00,4513.00,203.08,130298.95
5.05,0.00,0.00,0.00,2184.00,0.00,695.00,4517.00,184.74,129394.11
5.06,0.00,0.00,0.00,2184.00,0.00,689.00,4523.00,168.07,128477.92
5.06,0.00,0.00,0.00,2184.00,0.00,684.00,4528.00,152.89,127566.39
5.07,0.00,0.00,0.00,2184.00,0.00,679.00,4533.00,139.09,126659.11
5.08,0.00,0.00,0.00,2184.00,0.00,671.00,4541.00,126.53,125710.66
5.08,0.00,0.00,0.00,2184.00,0.00,666.00,4546.00,115.11,124769.67
5.09,0.00,0.00,0.00,2184.00,0.00,656.00,4556.00,104.72,123760.39
5.10,0.00,0.00,0.00,2184.00,0.00,650.00,4562.00,95.26,122748.86
5.10,0.00,0.00,0.00,2184.00,0.00,643.00,4569.00,86.66,121720.24
5.11,0.00,0.00,0.00,2184.00,0.00,639.00,4573.00,78.84,120721.10
5.12,0.00,0.00,0.00,2184.00,0.00,636.00,4576.00,71.72,119763.90
5.12,0.00,0.00,0.00,2184.00,0.00,630.00,4582.00,65.25,118799.90
5.13,0.00,0.00,0.00,2184.00,0.00,625.00,4587.00,59.36,117844.73
5.14,0.00,0.00,0.00,2184.00,0.00,619.00,4593.00,54.00,116882.59
5.15,0.00,0.00,0.00,2184.00,0.00,611.00,4601.00,49.12,115884.05
5.15,0.00,0.00,0.00,2184.00,0.00,605.00,4607.00,44.69,114882.31
5.16,0.00,0.00,0.00,2184.00,0.00,601.00,4611.00,40.65,113907.72
5.17,0.00,0.00,0.00,2184.00,0.00,597.00,4615.00,36.98,112957.89
5.17,0.00,0.00,0.00,2184.00,0.00,588.00,4624.00,33.65,111955.56
5.18,0.00,0.00,0.00,2184.00,0.00,584.00,4628.00,30.61,110980.42
5.19,0.00,0.00,0.00,2184.00,0.00,579.00,4633.00,27.84,110015.07
5.19,0.00,0.00,0.00,2184.00,0.00,571.00,4641.00,25.33,109013.60
5.20,0.00,0.00,0.00,2184.00,0.00,567.00,4645.00,23.04,108039.24
5.21,0.00,0.00,0.00,2184.00,0.00,562.00,4650.00,20.96,107074.61
5.22,0.00,0.00,0.00,2184.00,0.00,556.00,4656.00,19.07,106103.83
5.22,0.00,0.00,0.00,2184.00,0.00,550.00,4662.00,17.35,105127.45
5.23,0.00,0.00,0.00,2184.00,0.00,543.00,4669.00,15.78,104130.93
5.24,0.00,0.00,0.00,2184.00,0.00,539.00,4673.00,14.36,103161.08
5.24,0.00,0.00,0.00,2184.00,0.00,532.00,4680.00,13.06,102170.53
5.25,0.00,0.00,0.00,2184.00,0.00,524.00,4688.00,11.88,101146.04
5.26,0.00,0.00,0.00,2184.00,0.00,523.00,4689.00,10.81,100195.74
5.26,0.00,0.00,0.00,2184.00,0.00,517.00,4695.00,9.83,99238.04
5.27,0.00,0.00,0.00,2184.00,0.00,510.00,4702.00,8.95,98258.58
5.28,0.00,0.00,0.00,2184.00,0.00,509.00,4703.00,8.14,97349.39
5.28,0.00,0.00,0.00,2184.00,0.00,507.00,4705.00,7.40,96489.31
5.29,0.00,0.00,0.00,2184.00,0.00,505.00,4707.00,6.74,95674.08
5.30,0.00,0.00,0.00,2184.00,0.00,502.00,4710.00,6.13,94884.77
5.31,0.00,0.00,0.00,2184.00,0.00,495.00,4717.00,5.57,94059.03
5.31,0.00,0.00,0.00,2184.00,0.00,492.00,4720.00,5.07,93260.12
5.32,0.00,0.00,0.00,2184.00,0.00,489.00,4723.00,4.61,92485.71
5.33,0.00,0.00,0.00,2184.00,0.00,487.00,4725.00,4.20,91748.68
5.33,0.00,0.00,0.00,2184.00,0.00,480.00,4732.00,3.82,90970.67
5.34,0.00,0.00,0.00,2184.00,0.00,475.00,4737.00,3.47,90185.29
5.35,0.00,0.00,0.00,2184.00,0.00,472.00,4740.00,3.16,89423.22
5.35,0.00,0.00,0.00,2184.00,0.00,467.00,4745.00,2.87,88652.40
5.36,0.00,0.00,0.00,2184.00,0.00,462.00,4750.00,2.61,87873.59
5.37,0.00,0.00,0.00,2184.00,0.00,454.00,4758.00,2.38,87042.40
5.38,0.00,0.00,0.00,2184.00,0.00,451.00,4761.00,2.16,86238.52
5.38,0.00,0.00,0.00,2184.00,0.00,449.00,4763.00,1.97,85474.60
5.39,0.00,0.00,0.00,2184.00,0.00,445.00,4767.00,1.79,84717.10
5.40,0.00,0.00,0.00,2184.00,0.00,440.00,4772.00,1.63,83950.45
5.40,0.00,0.00,0.00,2184.00,0.00,435.00,4777.00,1.48,83175.43
5.41,0.00,0.00,0.00,2184.00,0.00,428.00,4784.00,1.35,82362.74
5.42,0.00,0.00,0.00,2184.00,0.00,425.00,4787.00,1.23,81575.75
5.42,0.00,0.00,0.00,2184.00,0.00,420.00,4792.00,1.12,80782.17
5.43,0.00,0.00,0.00,2184.00,0.00,413.00,4799.00,1.02,79952.53
5.44,0.00,0.00,0.00,2184.00,0.00,407.00,4805.00,0.92,79104.99
5.44,0.00,0.00,0.00,2184.00,0.00,401.00,4811.00,0.84,78241.12
5.45,0.00,0.00,0.00,2184.00,0.00,397.00,4815.00,0.76,77392.37
5.46,0.00,0.00,0.00,2184.00,0.00,392.00,4820.00,0.70,76542.41
5.47,0.00,0.00,0.00,2184.00,0.00,391.00,4821.00,0.63,75751.45
5.47,0.00,0.00,0.00,2184.00,0.00,388.00,4824.00,0.58,74984.28
5.48,0.00,0.00,0.00,2184.00,0.00,381.00,4831.00,0.52,74178.76
5.49,0.00,0.00,0.00,2184.00,0.00,377.00,4835.00,0.48,73383.28
5.49,0.00,0.00,0.00,2184.00,0.00,373.00,4839.00,0.43,72596.98
5.50,0.00,0.00,0.00,2184.00,0.00,370.00,4842.00,0.39,71834.08
5.51,0.00,0.00,0.00,2184.00,0.00,364.00,4848.00,0.36,71047.47
5.51,0.00,0.00,0.00,2184.00,0.00,358.00,4854.00,0.33,70239.22
5.52,0.00,0.00,0.00,2184.00,0.00,355.00,4857.00,0.30,69456.28
5.53,0.00,0.00,0.00,2184.00,0.00,350.00,4862.00,0.27,68666.39
5.53,0.00,0.00,0.00,2184.00,0.00,348.00,4864.00,0.25,67915.24
5.54,0.00,0.00,0.00,2184.00,0.00,343.00,4869.00,0.22,67154.38
5.55,0.00,0.00,0.00,2184.00,0.00,338.00,4874.00,0.20,66384.66
5.56,0.00,0.00,0.00,2184.00,0.00,335.00,4877.00,0.18,65636.90
5.56,0.00,0.00,0.00,2184.00,0.00,330.00,4882.00,0.17,64879.13
5.57,0.00,0.00,0.00,2184.00,0.00,326.00,4886.00,0.15,64127.25
5.58,0.00,0.00,0.00,2184.00,0.00,320.00,4892.00,0.14,63350.70
5.58,0.00,0.00,0.00,2184.00,0.00,312.00,4900.00,0.13,62521.59
5.59,0.00,0.00,0.00,2184.00,0.00,310.00,4902.00,0.12,61734.62
5.60,0.00,0.00,0.00,2184.00,0.00,307.00,4905.00,0.10,60971.12
5.60,0.00,0.00,0.00,2184.00,0.00,304.00,4908.00,0.10,60229.02
5.61,0.00,0.00,0.00,2184.00,0.00,299.00,4913.00,0.09,59476.43
5.62,0.00,0.00,0.00,2184.00,0.00,294.00,4918.00,0.08,58714.26
5.62,0.00,0.00,0.00,2184.00,0.00,291.00,4921.00,0.07,57973.38
5.63,0.00,0.00,0.00,2184.00,0.00,285.00,4927.00,0.07,57206.88
5.64,0.00,0.00,0.00,2184.00,0.00,277.00,4935.00,0.06,56386.94
5.65,0.00,0.00,0.00,2184.00,0.00,275.00,4937.00,0.05,55608.35
5.65,0.00,0.00,0.00,2184.00,0.00,271.00,4941.00,0.05,54837.46
5.66,0.00,0.00,0.00,2184.00,0.00,266.00,4946.00,0.04,54058.58
5.67,0.00,0.00,0.00,2184.00,0.00,261.00,4951.00,0.04,53272.41
5.67,0.00,0.00,0.00,2184.00,0.00,259.00,4953.00,0.04,52524.65
5.68,0.00,0.00,0.00,2184.00,0.00,256.00,4956.00,0.03,51796.93
5.69,0.00,0.00,0.00,2184.00,0.00,253.00,4959.00,0.03,51087.51
5.69,0.00,0.00,0.00,2184.00,0.00,249.00,4963.00,0.03,50379.77
5.70,0.00,0.00,0.00,2184.00,0.00,245.00,4967.00,0.03,49673.57
5.71,0.00,0.00,0.00,2184.00,0.00,245.00,4967.00,0.02,49028.85
5.72,0.00,0.00,0.00,2184.00,0.00,240.00,4972.00,0.02,48365.17
5.72,0.00,0.00,0.00,2184.00,0.00,236.00,4976.00,0.02,47699.18
5.73,0.00,0.00,0.00,2184.00,0.00,233.00,4979.00,0.02,47046.11
5.74,0.00,0.00,0.00,2184.00,0.00,227.00,4985.00,0.02,46359.77
5.74,0.00,0.00,0.00,2184.00,0.00,226.00,4986.00,0.01,45718.17
5.75,0.00,0.00,0.00,2184.00,0.00,226.00,4986.00,0.01,45132.44
5.76,0.00,0.00,0.00,2184.00,0.00,223.00,4989.00,0.01,44552.64
5.76,0.00,0.00,0.00,2184.00,0.00,223.00,4989.00,0.01,44023.33
5.77,0.00,0.00,0.00,2184.00,0.00,220.00,4992.00,0.01,43495.04
5.78,0.00,0.00,0.00,2184.00,0.00,218.00,4994.00,0.01,42982.71
5.78,0.00,0.00,0.00,2184.00,0.00,214.00,4998.00,0.01,42454.89
5.79,0.00,0.00,0.00,2184.00,0.00,212.00,5000.00,0.01,41942.99
5.80,0.00,0.00,0.00,2184.00,0.00,206.00,5006.00,0.01,41385.52
5.81,0.00,0.00,0.00,2184.00,0.00,204.00,5008.00,0.01,40846.55
5.81,0.00,0.00,0.00,2184.00,0.00,203.00,5009.00,0.01,40339.49
5.82,0.00,0.00,0.00,2184.00,0.00,198.00,5014.00,0.01,39801.47
5.83,0.00,0.00,0.00,2184.00,0.00,192.00,5020.00,0.00,39220.15
5.83,0.00,0.00,0.00,2184.00,0.00,190.00,5022.00,0.00,38659.41
5.84,0.00,0.00,0.00,2184.00,0.00,189.00,5023.00,0.00,38132.47
5.85,0.00,0.00,0.00,2184.00,0.00,185.00,5027.00,0.00,37591.33
5.85,0.00,0.00,0.00,2184.00,0.00,183.00,5029.00,0.00,37067.26
5.86,0.00,0.00,0.00,2184.00,0.00,181.00,5031.00,0.00,36558.77
5.87,0.00,0.00,0.00,2184.00,0.00,179.00,5033.00,0.00,36064.52
5.88,0.00,0.00,0.00,2184.00,0.00,175.00,5037.00,0.00,35553.21
5.88,0.00,0.00,0.00,2184.00,0.00,174.00,5038.00,0.00,35071.40
5.89,0.00,0.00,0.00,2184.00,0.00,170.00,5042.00,0.00,34571.45
5.90,0.00,0.00,0.00,2184.00,0.00,168.00,5044.00,0.00,34084.99
5.90,0.00,0.00,0.00,2184.00,0.00,165.00,5047.00,0.00,33595.82
5.91,0.00,0.00,0.00,2184.00,0.00,163.00,5049.00,0.00,33119.20
5.92,0.00,0.00,0.00,2184.00,0.00,163.00,5049.00,0.00,32684.08
5.92,0.00,0.00,0.00,2184.00,0.00,160.00,5052.00,0.00,32241.78
5.93,0.00,0.00,0.00,2184.00,0.00,160.00,5052.00,0.00,31837.99
5.94,0.00,0.00,0.00,2184.00,0.00,158.00,5054.00,0.00,31439.32
5.94,0.00,0.00,0.00,2184.00,0.00,158.00,5054.00,0.00,31075.36
5.95,0.00,0.00,0.00,2184.00,0.00,156.00,5056.00,0.00,30713.05
5.96,0.00,0.00,0.00,2184.00,0.00,154.00,5058.00,0.00,30352.24
5.97,0.00,0.00,0.00,2184.00,0.00,152.00,5060.00,0.00,29992.80
5.97,0.00,0.00,0.00,2184.00,0.00,148.00,5064.00,0.00,29604.57
5.98,0.00,0.00,0.00,2184.00,0.00,147.00,5065.00,0.00,29235.12
5.99,0.00,0.00,0.00,2184.00,0.00,146.00,5066.00,0.00,28882.82
5.99,0.00,0.00,0.00,2184.00,0.00,142.00,5070.00,0.00,28501.10
6.00,0.00,0.00,0.00,2184.00,0.00,139.00,5073.00,0.00,28107.55
6.01,0.00,0.00,0.00,2184.00,0.00,135.00,5077.00,0.00,27688.18
6.01,0.00,0.00,0.00,2184.00,0.00,134.00,5078.00,0.00,27290.30
6.02,0.00,0.00,0.00,2184.00,0.00,132.00,5080.00,0.00,26897.02
6.03,0.00,0.00,0.00,2184.00,0.00,131.00,5081.00,0.00,26522.97
6.03,0.00,0.00,0.00,2184.00,0.00,129.00,5083.00,0.00,26151.44
6.04,0.00,0.00,0.00,2184.00,0.00,127.00,5085.00,0.00,25782.21
6.05,0.00,0.00,0.00,2184.00,0.00,122.00,5090.00,0.00,25370.02
6.06,0.00,0.00,0.00,2184.00,0.00,122.00,5090.00,0.00,24993.72
6.06,0.00,0.00,0.00,2184.00,0.00,117.00,5095.00,0.00,24575.07
6.07,0.00,0.00,0.00,2184.00,0.00,114.00,5098.00,0.00,24147.81
6.08,0.00,0.00,0.00,2184.00,0.00,113.00,5099.00,0.00,23742.72
6.08,0.00,0.00,0.00,2184.00,0.00,108.00,5104.00,0.00,23297.80
6.09,0.00,0.00,0.00,2184.00,0.00,108.00,5104.00,0.00,22891.62
6.10,0.00,0.00,0.00,2184.00,0.00,107.00,5105.00,0.00,22505.78
6.10,0.00,0.00,0.00,2184.00,0.00,105.00,5107.00,0.00,22123.49
6.11,0.00,0.00,0.00,2184.00,0.00,104.00,5108.00,0.00,21759.47
6.12,0.00,0.00,0.00,2184.00,0.00,101.00,5111.00,0.00,21382.08
6.12,0.00,0.00,0.00,2184.00,0.00,97.00,5115.00,0.00,20977.46
6.13,0.00,0.00,0.00,2184.00,0.00,95.00,5117.00,0.00,20578.02
6.14,0.00,0.00,0.00,2184.00,0.00,95.00,5117.00,0.00,20213.36
6.15,0.00,0.00,0.00,2184.00,0.00,95.00,5117.00,0.00,19880.46
6.15,0.00,0.00,0.00,2184.00,0.00,95.00,5117.00,0.00,19576.55
6.16,0.00,0.00,0.00,2184.00,0.00,94.00,5118.00,0.00,19284.07
6.17,0.00,0.00,0.00,2184.00,0.00,94.00,5118.00,0.00,19017.06
6.17,0.00,0.00,0.00,2184.00,0.00,92.00,5120.00,0.00,18743.26
6.18,0.00,0.00,0.00,2184.00,0.00,90.00,5122.00,0.00,18463.25
6.19,0.00,0.00,0.00,2184.00,0.00,90.00,5122.00,0.00,18207.63
6.19,0.00,0.00,0.00,2184.00,0.00,88.00,5124.00,0.00,17944.21
6.20,0.00,0.00,0.00,2184.00,0.00,84.00,5128.00,0.00,17643.65
6.21,0.00,0.00,0.00,2184.00,0.00,84.00,5128.00,0.00,17369.25
6.22,0.00,0.00,0.00,2184.00,0.00,83.00,5129.00,0.00,17103.72
6.22,0.00,0.00,0.00,2184.00,0.00,83.00,5129.00,0.00,16861.32
6.23,0.00,0.00,0.00,2184.00,0.00,82.00,5130.00,0.00,16625.00
6.24,0.00,0.00,0.00,2184.00,0.00,79.00,5133.00,0.00,16364.19
6.24,0.00,0.00,0.00,2184.00,0.00,74.00,5138.00,0.00,16050.97
6.25,0.00,0.00,0.00,2184.00,0.00,73.00,5139.00,0.00,15750.00
6.26,0.00,0.00,0.00,2184.00,0.00,72.00,5140.00,0.00,15460.22
6.26,0.00,0.00,0.00,2184.00,0.00,71.00,5141.00,0.00,15180.65
6.27,0.00,0.00,0.00,2184.00,0.00,69.00,5143.00,0.00,14895.37
6.28,0.00,0.00,0.00,2184.00,0.00,69.00,5143.00,0.00,14634.94
6.28,0.00,0.00,0.00,2184.00,0.00,68.00,5144.00,0.00,14382.16
6.29,0.00,0.00,0.00,2184.00,0.00,67.00,5145.00,0.00,14136.37
6.30,0.00,0.00,0.00,2184.00,0.00,64.00,5148.00,0.00,13866.91
6.31,0.00,0.00,0.00,2184.00,0.00,64.00,5148.00,0.00,13620.91
6.31,0.00,0.00,0.00,2184.00,0.00,62.00,5150.00,0.00,13366.29
6.32,0.00,0.00,0.00,2184.00,0.00,59.00,5153.00,0.00,13088.77
6.33,0.00,0.00,0.00,2184.00,0.00,58.00,5154.00,0.00,12820.39
6.33,0.00,0.00,0.00,2184.00,0.00,57.00,5155.00,0.00,12560.36
6.34,0.00,0.00,0.00,2184.00,0.00,55.00,5157.00,0.00,12292.93
6.35,0.00,0.00,0.00,2184.00,0.00,54.00,5158.00,0.00,12033.76
6.35,0.00,0.00,0.00,2184.00,0.00,53.00,5159.00,0.00,11782.13
6.36,0.00,0.00,0.00,2184.00,0.00,51.00,5161.00,0.00,11522.37
6.37,0.00,0.00,0.00,2184.00,0.00,50.00,5162.00,0.00,11270.20
6.38,0.00,0.00,0.00,2184.00,0.00,50.00,5162.00,0.00,11039.99
6.38,0.00,0.00,0.00,2184.00,0.00,50.00,5162.00,0.00,10829.83
6.39,0.00,0.00,0.00,2184.00,0.00,48.00,5164.00,0.00,10607.92
6.40,0.00,0.00,0.00,2184.00,0.00,47.00,5165.00,0.00,10390.31
6.40,0.00,0.00,0.00,2184.00,0.00,47.00,5165.00,0.00,10191.65
6.41,0.00,0.00,0.00,2184.00,0.00,46.00,5166.00,0.00,9995.27
6.42,0.00,0.00,0.00,2184.00,0.00,45.00,5167.00,0.00,9800.96
6.42,0.00,0.00,0.00,2184.00,0.00,44.00,5168.00,0.00,9608.55
6.43,0.00,0.00,0.00,2184.00,0.00,43.00,5169.00,0.00,9417.87
6.44,0.00,0.00,0.00,2184.00,0.00,43.00,5169.00,0.00,9243.79
6.44,0.00,0.00,0.00,2184.00,0.00,41.00,5171.00,0.00,9054.83
6.45,0.00,0.00,0.00,2184.00,0.00,40.00,5172.00,0.00,8867.29
6.46,0.00,0.00,0.00,2184.00,0.00,40.00,5172.00,0.00,8696.09
6.47,0.00,0.00,0.00,2184.00,0.00,39.00,5173.00,0.00,8524.77
6.47,0.00,0.00,0.00,2184.00,0.00,38.00,5174.00,0.00,8353.35
6.48,0.00,0.00,0.00,2184.00,0.00,36.00,5176.00,0.00,8166.80
6.49,0.00,0.00,0.00,2184.00,0.00,35.00,5177.00,0.00,7981.48
6.49,0.00,0.00,0.00,2184.00,0.00,35.00,5177.00,0.00,7812.29
6.50,0.00,0.00,0.00,2184.00,0.00,34.00,5178.00,0.00,7642.82
6.51,0.00,0.00,0.00,2184.00,0.00,32.00,5180.00,0.00,7458.05
6.51,0.00,0.00,0.00,2184.00,0.00,32.00,5180.00,0.00,7289.37
6.52,0.00,0.00,0.00,2184.00,0.00,32.00,5180.00,0.00,7135.38
6.53,0.00,0.00,0.00,2184.00,0.00,32.00,5180.00,0.00,6994.80
6.53,0.00,0.00,0.00,2184.00,0.00,31.00,5181.00,0.00,6851.44
6.54,0.00,0.00,0.00,2184.00,0.00,30.00,5182.00,0.00,6705.54
6.55,0.00,0.00,0.00,2184.00,0.00,28.00,5184.00,0.00,6542.29
6.56,0.00,0.00,0.00,2184.00,0.00,26.00,5186.00,0.00,6363.22
6.56,0.00,0.00,0.00,2184.00,0.00,25.00,5187.00,0.00,6184.71
6.57,0.00,0.00,0.00,2184.00,0.00,23.00,5189.00,0.00,5991.70
6.58,0.00,0.00,0.00,2184.00,0.00,22.00,5190.00,0.00,5800.48
6.58,0.00,0.00,0.00,2184.00,0.00,22.00,5190.00,0.00,5625.90
6.59,0.00,0.00,0.00,2184.00,0.00,22.00,5190.00,0.00,5466.53
6.60,0.00,0.00,0.00,2184.00,0.00,22.00,5190.00,0.00,5321.04
6.60,0.00,0.00,0.00,2184.00,0.00,21.00,5191.00,0.00,5173.19
6.61,0.00,0.00,0.00,2184.00,0.00,21.00,5191.00,0.00,5038.21
6.62,0.00,0.00,0.00,2184.00,0.00,19.00,5193.00,0.00,4884.94
6.62,0.00,0.00,0.00,2184.00,0.00,19.00,5193.00,0.00,4745.02
6.63,0.00,0.00,0.00,2184.00,0.00,19.00,5193.00,0.00,4617.28
6.64,0.00,0.00,0.00,2184.00,0.00,19.00,5193.00,0.00,4500.67
6.65,0.00,0.00,0.00,2184.00,0.00,18.00,5194.00,0.00,4379.18
6.65,0.00,0.00,0.00,2184.00,0.00,16.00,5196.00,0.00,4238.23
6.66,0.00,0.00,0.00,2184.00,0.00,15.00,5197.00,0.00,4094.53
6.67,0.00,0.00,0.00,2184.00,0.00,15.00,5197.00,0.00,3963.34
6.67,0.00,0.00,0.00,2184.00,0.00,15.00,5197.00,0.00,3843.58
6.68,0.00,0.00,0.00,2184.00,0.00,14.00,5198.00,0.00,3719.22
6.69,0.00,0.00,0.00,2184.00,0.00,13.00,5199.00,0.00,3590.66
6.69,0.00,0.00,0.00,2184.00,0.00,13.00,5199.00,0.00,3473.30
6.70,0.00,0.00,0.00,2184.00,0.00,13.00,5199.00,0.00,3366.16
6.71,0.00,0.00,0.00,2184.00,0.00,11.00,5201.00,0.00,3238.30
6.72,0.00,0.00,0.00,2184.00,0.00,11.00,5201.00,0.00,3121.58
6.72,0.00,0.00,0.00,2184.00,0.00,11.00,5201.00,0.00,3015.02
6.73,0.00,0.00,0.00,2184.00,0.00,11.00,5201.00,0.00,2917.74
6.74,0.00,0.00,0.00,2184.00,0.00,11.00,5201.00,0.00,2828.93
6.74,0.00,0.00,0.00,2184.00,0.00,11.00,5201.00,0.00,2747.85
6.75,0.00,0.00,0.00,2184.00,0.00,10.00,5202.00,0.00,2658.81
6.76,0.00,0.00,0.00,2184.00,0.00,10.00,5202.00,0.00,2577.52
6.76,0.00,0.00,0.00,2184.00,0.00,10.00,5202.00,0.00,2503.31
6.77,0.00,0.00,0.00,2184.00,0.00,9.00,5203.00,0.00,2420.54
6.78,0.00,0.00,0.00,2184.00,0.00,9.00,5203.00,0.00,2344.98
6.78,0.00,0.00,0.00,2184.00,0.00,9.00,5203.00,0.00,2276.00
6.79,0.00,0.00,0.00,2184.00,0.00,9.00,5203.00,0.00,2213.02
6.80,0.00,0.00,0.00,2184.00,0.00,9.00,5203.00,0.00,2155.53
6.81,0.00,0.00,0.00,2184.00,0.00,9.00,5203.00,0.00,2103.04
6.81,0.00,0.00,0.00,2184.00,0.00,9.00,5203.00,0.00,2055.12
6.82,0.00,0.00,0.00,2184.00,0.00,9.00,5203.00,0.00,2011.38
6.83,0.00,0.00,0.00,2184.00,0.00,9.00,5203.00,0.00,1971.44
6.83,0.00,0.00,0.00,2184.00,0.00,9.00,5203.00,0.00,1934.99
6.84,0.00,0.00,0.00,2184.00,0.00,9.00,5203.00,0.00,1901.70
6.85,0.00,0.00,0.00,2184.00,0.00,9.00,5203.00,0.00,1871.32
6.85,0.00,0.00,0.00,2184.00,0.00,9.00,5203.00,0.00,1843.58
6.86,0.00,0.00,0.00,2184.00,0.00,9.00,5203.00,0.00,1818.26
6.87,0.00,0.00,0.00,2184.00,0.00,9.00,5203.00,0.00,1795.14
6.88,0.00,0.00,0.00,2184.00,0.00,9.00,5203.00,0.00,1774.03
6.88,0.00,0.00,0.00,2184.00,0.00,9.00,5203.00,0.00,1754.77
6.89,0.00,0.00,0.00,2184.00,0.00,9.00,5203.00,0.00,1737.18
6.90,0.00,0.00,0.00,2184.00,0.00,8.00,5204.00,0.00,1706.09
6.90,0.00,0.00,0.00,2184.00,0.00,8.00,5204.00,0.00,1677.72
6.91,0.00,0.00,0.00,2184.00,0.00,8.00,5204.00,0.00,1651.82
6.92,0.00,0.00,0.00,2184.00,0.00,8.00,5204.00,0.00,1628.17
6.92,0.00,0.00,0.00,2184.00,0.00,8.00,5204.00,0.00,1606.58
6.93,0.00,0.00,0.00,2184.00,0.00,8.00,5204.00,0.00,1586.87
6.94,0.00,0.00,0.00,2184.00,0.00,7.00,5205.00,0.00,1553.85
6.94,0.00,0.00,0.00,2184.00,0.00,7.00,5205.00,0.00,1523.71
6.95,0.00,0.00,0.00,2184.00,0.00,7.00,5205.00,0.00,1496.19
6.96,0.00,0.00,0.00,2184.00,0.00,7.00,5205.00,0.00,1471.07
6.97,0.00,0.00,0.00,2184.00,0.00,7.00,5205.00,0.00,1448.14
6.97,0.00,0.00,0.00,2184.00,0.00,7.00,5205.00,0.00,1427.20
6.98,0.00,0.00,0.00,2184.00,0.00,6.00,5206.00,0.00,1393.07
6.99,0.00,0.00,0.00,2184.00,0.00,6.00,5206.00,0.00,1361.90
6.99,0.00,0.00,0.00,2184.00,0.00,6.00,5206.00,0.00,1333.45
7.00,0.00,0.00,0.00,2184.00,0.00,6.00,5206.00,0.00,1307.48
7.01,0.00,0.00,0.00,2184.00,0.00,6.00,5206.00,0.00,1283.77
7.01,0.00,0.00,0.00,2184.00,0.00,6.00,5206.00,0.00,1262.12
7.02,0.00,0.00,0.00,2184.00,0.00,6.00,5206.00,0.00,1242.36
7.03,0.00,0.00,0.00,2184.00,0.00,6.00,5206.00,0.00,1224.32
7.03,0.00,0.00,0.00,2184.00,0.00,6.00,5206.00,0.00,1207.85
7.04,0.00,0.00,0.00,2184.00,0.00,6.00,5206.00,0.00,1192.81
7.05,0.00,0.00,0.00,2184.00,0.00,6.00,5206.00,0.00,1179.09
7.06,0.00,0.00,0.00,2184.00,0.00,5.00,5207.00,0.00,1151.53
7.06,0.00,0.00,0.00,2184.00,0.00,5.00,5207.00,0.00,1126.38
7.07,0.00,0.00,0.00,2184.00,0.00,5.00,5207.00,0.00,1103.41
7.08,0.00,0.00,0.00,2184.00,0.00,5.00,5207.00,0.00,1082.45
7.08,0.00,0.00,0.00,2184.00,0.00,5.00,5207.00,0.00,1063.31
7.09,0.00,0.00,0.00,2184.00,0.00,5.00,5207.00,0.00,1045.83
7.10,0.00,0.00,0.00,2184.00,0.00,5.00,5207.00,0.00,1029.88
7.10,0.00,0.00,0.00,2184.00,0.00,5.00,5207.00,0.00,1015.32
7.11,0.00,0.00,0.00,2184.00,0.00,5.00,5207.00,0.00,1002.03
7.12,0.00,0.00,0.00,2184.00,0.00,5.00,5207.00,0.00,989.89
7.12,0.00,0.00,0.00,2184.00,0.00,5.00,5207.00,0.00,978.81
7.13,0.00,0.00,0.00,2184.00,0.00,5.00,5207.00,0.00,968.69
7.14,0.00,0.00,0.00,2184.00,0.00,5.00,5207.00,0.00,959.46
7.15,0.00,0.00,0.00,2184.00,0.00,4.00,5208.00,0.00,936.01
7.15,0.00,0.00,0.00,2184.00,0.00,4.00,5208.00,0.00,914.59
7.16,0.00,0.00,0.00,2184.00,0.00,4.00,5208.00,0.00,895.05
7.17,0.00,0.00,0.00,2184.00,0.00,4.00,5208.00,0.00,877.20
7.17,0.00,0.00,0.00,2184.00,0.00,4.00,5208.00,0.00,860.91
7.18,0.00,0.00,0.00,2184.00,0.00,4.00,5208.00,0.00,846.04
7.19,0.00,0.00,0.00,2184.00,0.00,4.00,5208.00,0.00,832.46
7.19,0.00,0.00,0.00,2184.00,0.00,4.00,5208.00,0.00,820.07
7.20,0.00,0.00,0.00,2184.00,0.00,3.00,5209.00,0.00,793.73
7.21,0.00,0.00,0.00,2184.00,0.00,3.00,5209.00,0.00,769.68
7.22,0.00,0.00,0.00,2184.00,0.00,3.00,5209.00,0.00,747.73
7.22,0.00,0.00,0.00,2184.00,0.00,3.00,5209.00,0.00,727.69
7.23,0.00,0.00,0.00,2184.00,0.00,2.00,5210.00,0.00,694.37
7.24,0.00,0.00,0.00,2184.00,0.00,2.00,5210.00,0.00,663.96
7.24,0.00,0.00,0.00,2184.00,0.00,2.00,5210.00,0.00,636.19
7.25,0.00,0.00,0.00,2184.00,0.00,2.00,5210.00,0.00,610.84
7.26,0.00,0.00,0.00,2184.00,0.00,2.00,5210.00,0.00,587.69
7.26,0.00,0.00,0.00,2184.00,0.00,2.00,5210.00,0.00,566.57
7.27,0.00,0.00,0.00,2184.00,0.00,2.00,5210.00,0.00,547.28
7.28,0.00,0.00,0.00,2184.00,0.00,2.00,5210.00,0.00,529.67
7.28,0.00,0.00,0.00,2184.00,0.00,1.00,5211.00,0.00,498.57
7.29,0.00,0.00,0.00,2184.00,0.00,1.00,5211.00,0.00,470.18
7.30,0.00,0.00,0.00,2184.00,0.00,1.00,5211.00,0.00,444.26
7.31,0.00,0.00,0.00,2184.00,0.00,1.00,5211.00,0.00,420.60
7.31,0.00,0.00,0.00,2184.00,0.00,1.00,5211.00,0.00,399.00
7.32,0.00,0.00,0.00,2184.00,0.00,1.00,5211.00,0.00,379.28
7.33,0.00,0.00,0.00,2184.00,0.00,1.00,5211.00,0.00,361.28
7.33,0.00,0.00,0.00,2184.00,0.00,1.00,5211.00,0.00,344.84
7.34,0.00,0.00,0.00,2184.00,0.00,1.00,5211.00,0.00,329.84
7.35,0.00,0.00,0.00,2184.00,0.00,1.00,5211.00,0.00,316.14
7.35,0.00,0.00,0.00,2184.00,0.00,1.00,5211.00,0.00,303.63
7.36,0.00,0.00,0.00,2184.00,0.00,1.00,5211.00,0.00,292.22
7.37,0.00,0.00,0.00,2184.00,0.00,1.00,5211.00,0.00,281.80
7.38,0.00,0.00,0.00,2184.00,0.00,1.00,5211.00,0.00,272.28
7.38,0.00,0.00,0.00,2184.00,0.00,1.00,5211.00,0.00,263.60
7.39,0.00,0.00,0.00,2184.00,0.00,1.00,5211.00,0.00,255.67
7.40,0.00,0.00,0.00,2184.00,0.00,1.00,5211.00,0.00,248.43
7.40,0.00,0.00,0.00,2184.00,0.00,1.00,5211.00,0.00,241.82
7.41,0.00,0.00,0.00,2184.00,0.00,1.00,5211.00,0.00,235.78
7.42,0.00,0.00,0.00,2184.00,0.00,1.00,5211.00,0.00,230.28
7.42,0.00,0.00,0.00,2184.00,0.00,1.00,5211.00,0.00,225.25
7.43,0.00,0.00,0.00,2184.00,0.00,1.00,5211.00,0.00,220.66
7.44,0.00,0.00,0.00,2184.00,0.00,1.00,5211.00,0.00,216.47
7.44,0.00,0.00,0.00,2184.00,0.00,1.00,5211.00,0.00,212.64
7.45,0.00,0.00,0.00,2184.00,0.00,1.00,5211.00,0.00,209.15
7.46,0.00,0.00,0.00,2184.00,0.00,1.00,5211.00,0.00,205.96
7.47,0.00,0.00,0.00,2184.00,0.00,1.00,5211.00,0.00,203.05
7.47,0.00,0.00,0.00,2184.00,0.00,1.00,5211.00,0.00,200.39
7.48,0.00,0.00,0.00,2184.00,0.00,0.00,5212.00,0.00,182.94
7.49,0.00,0.00,0.00,2184.00,0.00,0.00,5212.00,0.00,167.01
7.49,0.00,0.00,0.00,2184.00,0.00,0.00,5212.00,0.00,152.47
7.50,0.00,0.00,0.00,2184.00,0.00,0.00,5212.00,0.00,139.19
7.51,0.00,0.00,0.00,2184.00,0.00,0.00,5212.00,0.00,127.07
7.51,0.00,0.00,0.00,2184.00,0.00,0.00,5212.00,0.00,116.01
7.52,0.00,0.00,0.00,2184.00,0.00,0.00,5212.00,0.00,105.91
7.53,0.00,0.00,0.00,2184.00,0.00,0.00,5212.00,0.00,96.68
7.53,0.00,0.00,0.00,2184.00,0.00,0.00,5212.00,0.00,88.27
7.54,0.00,0.00,0.00,2184.00,0.00,0.00,5212.00,0.00,80.58
7.55,0.00,0.00,0.00,2184.00,0.00,0.00,5212.00,0.00,73.56
7.56,0.00,0.00,0.00,2184.00,0.00,0.00,5212.00,0.00,67.16
7.56,0.00,0.00,0.00,2184.00,0.00,0.00,5212.00,0.00,61.31
7.57,0.00,0.00,0.00,2184.00,0.00,0.00,5212.00,0.00,55.97
7.58,0.00,0.00,0.00,2184.00,0.00,0.00,5212.00,0.00,51.10
7.58,0.00,0.00,0.00,2184.00,0.00,0.00,5212.00,0.00,46.65
7.59,0.00,0.00,0.00,2184.00,0.00,0.00,5212.00,0.00,42.59
7.60,0.00,0.00,0.00,2184.00,0.00,0.00,5212.00,0.00,38.88
7.60,0.00,0.00,0.00,2184.00,0.00,0.00,5212.00,0.00,35.49
7.61,0.00,0.00,0.00,2184.00,0.00,0.00,5212.00,0.00,32.40
7.62,0.00,0.00,0.00,2184.00,0.00,0.00,5212.00,0.00,29.58
7.62,0.00,0.00,0.00,2184.00,0.00,0.00,5212.00,0.00,27.00
7.63,0.00,0.00,0.00,2184.00,0.00,0.00,5212.00,0.00,24.65
7.64,0.00,0.00,0.00,2184.00,0.00,0.00,5212.00,0.00,22.51
7.65,0.00,0.00,0.00,2184.00,0.00,0.00,5212.00,0.00,20.55
7.65,0.00,0.00,0.00,2184.00,0.00,0.00,5212.00,0.00,18.76
7.66,0.00,0.00,0.00,2184.00,0.00,0.00,5212.00,0.00,17.12
7.67,0.00,0.00,0.00,2184.00,0.00,0.00,5212.00,0.00,15.63
7.67,0.00,0.00,0.00,2184.00,0.00,0.00,5212.00,0.00,14.27
7.68,0.00,0.00,0.00,2184.00,0.00,0.00,5212.00,0.00,13.03
7.69,0.00,0.00,0.00,2184.00,0.00,0.00,5212.00,0.00,11.89
7.69,0.00,0.00,0.00,2184.00,0.00,0.00,5212.00,0.00,10.86
7.70,0.00,0.00,0.00,2184.00,0.00,0.00,5212.00,0.00,9.91
7.71,0.00,0.00,0.00,2184.00,0.00,0.00,5212.00,0.00,9.05
7.72,0.00,0.00,0.00,2184.00,0.00,0.00,5212.00,0.00,8.26
7.72,0.00,0.00,0.00,2184.00,0.00,0.00,5212.00,0.00,7.54
7.73,0.00,0.00,0.00,2184.00,0.00,0.00,5212.00,0.00,6.89
7.74,0.00,0.00,0.00,2184.00,0.00,0.00,5212.00,0.00,6.29
7.74,0.00,0.00,0.00,2184.00,0.00,0.00,5212.00,0.00,5.74
7.75,0.00,0.00,0.00,2184.00,0.00,0.00,5212.00,0.00,5.24
7.76,0.00,0.00,0.00,2184.00,0.00,0.00,5212.00,0.00,4.78
7.76,0.00,0.00,0.00,2184.00,0.00,0.00,5212.00,0.00,4.37
7.77,0.00,0.00,0.00,2184.00,0.00,0.00,5212.00,0.00,3.99
7.78,0.00,0.00,0.00,2184.00,0.00,0.00,5212.00,0.00,3.64
7.78,0.00,0.00,0.00,2184.00,0.00,0.00,5212.00,0.00,3.32
7.79,0.00,0.00,0.00,2184.00,0.00,0.00,5212.00,0.00,3.03
7.80,0.00,0.00,0.00,2184.00,0.00,0.00,5212.00,0.00,2.77
7.81,0.00,0.00,0.00,2184.00,0.00,0.00,5212.00,0.00,2.53
7.81,0.00,0.00,0.00,2184.00,0.00,0.00,5212.00,0.00,2.31
7.82,0.00,0.00,0.00,2184.00,0.00,0.00,5212.00,0.00,2.11
7.83,0.00,0.00,0.00,2184.00,0.00,0.00,5212.00,0.00,1.92
7.83,0.00,0.00,0.00,2184.00,0.00,0.00,5212.00,0.00,1.76
7.84,0.00,0.00,0.00,2184.00,0.00,0.00,5212.00,0.00,1.60
7.85,0.00,0.00,0.00,2184.00,0.00,0.00,5212.00,0.00,1.46
7.85,0.00,0.00,0.00,2184.00,0.00,0.00,5212.00,0.00,1.34
7.86,0.00,0.00,0.00,2184.00,0.00,0.00,5212.00,0.00,1.22
7.87,0.00,0.00,0.00,2184.00,0.00,0.00,5212.00,0.00,1.11
7.88,0.00,0.00,0.00,2184.00,0.00,0.00,5212.00,0.00,1.02
7.88,0.00,0.00,0.00,2184.00,0.00,0.00,5212.00,0.00,0.93
7.89,0.00,0.00,0.00,2184.00,0.00,0.00,5212.00,0.00,0.85
7.90,0.00,0.00,0.00,2184.00,0.00,0.00,5212.00,0.00,0.77
7.90,0.00,0.00,0.00,2184.00,0.00,0.00,5212.00,0.00,0.71
7.91,0.00,0.00,0.00,2184.00,0.00,0.00,5212.00,0.00,0.64
7.92,0.00,0.00,0.00,2184.00,0.00,0.00,5212.00,0.00,0.59
7.92,0.00,0.00,0.00,2184.00,0.00,0.00,5212.00,0.00,0.54
7.93,0.00,0.00,0.00,2184.00,0.00,0.00,5212.00,0.00,0.49
7.94,0.00,0.00,0.00,2184.00,0.00,0.00,5212.00,0.00,0.45
7.94,0.00,0.00,0.00,2184.00,0.00,0.00,5212.00,0.00,0.41
7.95,0.00,0.00,0.00,2184.00,0.00,0.00,5212.00,0.00,0.37
7.96,0.00,0.00,0.00,2184.00,0.00,0.00,5212.00,0.00,0.34
7.97,0.00,0.00,0.00,2184.00,0.00,0.00,5212.00,0.00,0.31
7.97,0.00,0.00,0.00,2184.00,0.00,0.00,5212.00,0.00,0.28
7.98,0.00,0.00,0.00,2184.00,0.00,0.00,5212.00,0.00,0.26
7.99,0.00,0.00,0.00,2184.00,0.00,0.00,5212.00,0.00,0.24
7.99,0.00,0.00,0.00,2184.00,0.00,0.00,5212.00,0.00,0.22
8.00,0.00,0.00,0.00,2184.00,0.00,0.00,5212.00,0.00,0.20
8.01,0.00,0.00,0.00,2184.00,0.00,0.00,5212.00,0.00,0.18
8.01,0.00,0.00,0.00,2184.00,0.00,0.00,5212.00,0.00,0.16
8.02,0.00,0.00,0.00,2184.00,0.00,0.00,5212.00,0.00,0.15
8.03,0.00,0.00,0.00,2184.00,0.00,0.00,5212.00,0.00,0.14
8.03,0.00,0.00,0.00,2184.00,0.00,0.00,5212.00,0.00,0.13
8.04,0.00,0.00,0.00,2184.00,0.00,0.00,5212.00,0.00,0.11
8.05,0.00,0.00,0.00,2184.00,0.00,0.00,5212.00,0.00,0.10
8.06,0.00,0.00,0.00,2184.00,0.00,0.00,5212.00,0.00,0.10
8.06,0.00,0.00,0.00,2184.00,0.00,0.00,5212.00,0.00,0.09
8.07,0.00,0.00,0.00,2184.00,0.00,0.00,5212.00,0.00,0.08
8.08,0.00,0.00,0.00,2184.00,0.00,0.00,5212.00,0.00,0.07
8.08,0.00,0.00,0.00,2184.00,0.00,0.00,5212.00,0.00,0.07
8.09,0.00,0.00,0.00,2184.00,0.00,0.00,5212.00,0.00,0.06
8.10,0.00,0.00,0.00,2184.00,0.00,0.00,5212.00,0.00,0.06
8.10,0.00,0.00,0.00,2184.00,0.00,0.00,5212.00,0.00,0.05
8.11,0.00,0.00,0.00,2184.00,0.00,0.00,5212.00,0.00,0.05
8.12,0.00,0.00,0.00,2184.00,0.00,0.00,5212.00,0.00,0.04
8.12,0.00,0.00,0.00,2184.00,0.00,0.00,5212.00,0.00,0.04
8.13,0.00,0.00,0.00,2184.00,0.00,0.00,5212.00,0.00,0.03
8.14,0.00,0.00,0.00,2184.00,0.00,0.00,5212.00,0.00,0.03
8.15,0.00,0.00,0.00,2184.00,0.00,0.00,5212.00,0.00,0.03
8.15,0.00,0.00,0.00,2184.00,0.00,0.00,5212.00,0.00,0.03
8.16,0.00,0.00,0.00,2184.00,0.00,0.00,5212.00,0.00,0.02
8.17,0.00,0.00,0.00,2184.00,0.00,0.00,5212.00,0.00,0.02
8.17,0.00,0.00,0.00,2184.00,0.00,0.00,5212.00,0.00,0.02
8.18,0.00,0.00,0.00,2184.00,0.00,0.00,5212.00,0.00,0.02
8.19,0.00,0.00,0.00,2184.00,0.00,0.00,5212.00,0.00,0.02
8.19,0.00,0.00,0.00,2184.00,0.00,0.00,5212.00,0.00,0.02
8.20,0.00,0.00,0.00,2184.00,0.00,0.00,5212.00,0.00,0.01
8.21,0.00,0.00,0.00,2184.00,0.00,0.00,5212.00,0.00,0.01
8.22,0.00,0.00,0.00,2184.00,0.00,0.00,5212.00,0.00,0.01
8.22,0.00,0.00,0.00,2184.00,0.00,0.00,5212.00,0.00,0.01
8.23,0.00,0.00,0.00,2184.00,0.00,0.00,5212.00,0.00,0.01
8.24,0.00,0.00,0.00,2184.00,0.00,0.00,5212.00,0.00,0.01
8.24,0.00,0.00,0.00,2184.00,0.00,0.00,5212.00,0.00,0.01
8.25,0.00,0.00,0.00,2184.00,0.00,0.00,5212.00,0.00,0.01
8.26,0.00,0.00,0.00,2184.00,0.00,0.00,5212.00,0.00,0.01
8.26,0.00,0.00,0.00,2184.00,0.00,0.00,5212.00,0.00,0.01
8.27,0.00,0.00,0.00,2184.00,0.00,0.00,5212.00,0.00,0.01
8.28,0.00,0.00,0.00,2184.00,0.00,0.00,5212.00,0.00,0.01
8.28,0.00,0.00,0.00,2184.00,0.00,0.00,5212.00,0.00,0.00
8.29,0.00,0.00,0.00,2184.00,0.00,0.00,5212.00,0.00,0.00
8.30,0.00,0.00,0.00,2184.00,0.00,0.00,5212.00,0.00,0.00
8.31,0.00,0.00,0.00,2184.00,0.00,0.00,5212.00,0.00,0.00
8.31,0.00,0.00,0.00,2184.00,0.00,0.00,5212.00,0.00,0.00
8.32,0.00,0.00,0.00,2184.00,0.00,0.00,5212.00,0.00,0.00
8.33,0.00,0.00,0.00,2184.00,0.00,0.00,5212.00,0.00,0.00
8.33,0.00,0.00,0.00,2184.00,0.00,0.00,5212.00,0.00,0.00
8.34,0.00,0.00,0.00,2184.00,0.00,0.00,5212.00,0.00,0.00
8.35,0.00,0.00,0.00,2184.00,0.00,0.00,5212.00,0.00,0.00
8.35,0.00,0.00,0.00,2184.00,0.00,0.00,5212.00,0.00,0.00
8.36,0.00,0.00,0.00,2184.00,0.00,0.00,5212.00,0.00,0.00
8.37,0.00,0.00,0.00,2184.00,0.00,0.00,5212.00,0.00,0.00
8.38,0.00,0.00,0.00,2184.00,0.00,0.00,5212.00,0.00,0.00
8.38,0.00,0.00,0.00,2184.00,0.00,0.00,5212.00,0.00,0.00
8.39,0.00,0.00,0.00,2184.00,0.00,0.00,5212.00,0.00,0.00
8.40,0.00,0.00,0.00,2184.00,0.00,0.00,5212.00,0.00,0.00
8.40,0.00,0.00,0.00,2184.00,0.00,0.00,5212.00,0.00,0.00
8.41,0.00,0.00,0.00,2184.00,0.00,0.00,5212.00,0.00,0.00
8.42,0.00,0.00,0.00,2184.00,0.00,0.00,5212.00,0.00,0.00
8.42,0.00,0.00,0.00,2184.00,0.00,0.00,5212.00,0.00,0.00
8.43,0.00,0.00,0.00,2184.00,0.00,0.00,5212.00,0.00,0.00
8.44,0.00,0.00,0.00,2184.00,0.00,0.00,5212.00,0.00,0.00
8.44,0.00,0.00,0.00,2184.00,0.00,0.00,5212.00,0.00,0.00
8.45,0.00,0.00,0.00,2184.00,0.00,0.00,5212.00,0.00,0.00
8.46,0.00,0.00,0.00,2184.00,0.00,0.00,5212.00,0.00,0.00
8.47,0.00,0.00,0.00,2184.00,0.00,0.00,5212.00,0.00,0.00
8.47,0.00,0.00,0.00,2184.00,0.00,0.00,5212.00,0.00,0.00
8.48,0.00,0.00,0.00,2184.00,0.00,0.00,5212.00,0.00,0.00
8.49,0.00,0.00,0.00,2184.00,0.00,0.00,5212.00,0.00,0.00
8.49,0.00,0.00,0.00,2184.00,0.00,0.00,5212.00,0.00,0.00
8.50,0.00,0.00,0.00,2184.00,0.00,0.00,5212.00,0.00,0.00
8.51,0.00,0.00,0.00,2184.00,0.00,0.00,5212.00,0.00,0.00
8.51,0.00,0.00,0.00,2184.00,0.00,0.00,5212.00,0.00,0.00
8.52,0.00,0.00,0.00,2184.00,0.00,0.00,5212.00,0.00,0.00
8.53,0.00,0.00,0.00,2184.00,0.00,0.00,5212.00,0.00,0.00
8.53,0.00,0.00,0.00,2184.00,0.00,0.00,5212.00,0.00,0.00
8.54,0.00,0.00,0.00,2184.00,0.00,0.00,5212.00,0.00,0.00
8.55,0.00,0.00,0.00,2184.00,0.00,0.00,5212.00,0.00,0.00
8.56,0.00,0.00,0.00,2184.00,0.00,0.00,5212.00,0.00,0.00
8.56,0.00,0.00,0.00,2184.00,0.00,0.00,5212.00,0.00,0.00
8.57,0.00,0.00,0.00,2184.00,0.00,0.00,5212.00,0.00,0.00
8.58,0.00,0.00,0.00,2184.00,0.00,0.00,5212.00,0.00,0.00
8.58,0.00,0.00,0.00,2184.00,0.00,0.00,5212.00,0.00,0.00
8.59,0.00,0.00,0.00,2184.00,0.00,0.00,5212.00,0.00,0.00
8.60,0.00,0.00,0.00,2184.00,0.00,0.00,5212.00,0.00,0.00
8.60,0.00,0.00,0.00,2184.00,0.00,0.00,5212.00,0.00,0.00
8.61,0.00,0.00,0.00,2184.00,0.00,0.00,5212.00,0.00,0.00
8.62,0.00,0.00,0.00,2184.00,0.00,0.00,5212.00,0.00,0.00
8.62,0.00,0.00,0.00,2184.00,0.00,0.00,5212.00,0.00,0.00
8.63,0.00,0.00,0.00,2184.00,0.00,0.00,5212.00,0.00,0.00
8.64,0.00,0.00,0.00,2184.00,0.00,0.00,5212.00,0.00,0.00
8.65,0.00,0.00,0.00,2184.00,0.00,0.00,5212.00,0.00,0.00
8.65,0.00,0.00,0.00,2184.00,0.00,0.00,5212.00,0.00,0.00
8.66,0.00,0.00,0.00,2184.00,0.00,0.00,5212.00,0.00,0.00
8.67,0.00,0.00,0.00,2184.00,0.00,0.00,5212.00,0.00,0.00
8.67,0.00,0.00,0.00,2184.00,0.00,0.00,5212.00,0.00,0.00
8.68,0.00,0.00,0.00,2184.00,0.00,0.00,5212.00,0.00,0.00
8.69,0.00,0.00,0.00,2184.00,0.00,0.00,5212.00,0.00,0.00
8.69,0.00,0.00,0.00,2184.00,0.00,0.00,5212.00,0.00,0.00
8.70,0.00,0.00,0.00,2184.00,0.00,0.00,5212.00,0.00,0.00
8.71,0.00,0.00,0.00,2184.00,0.00,0.00,5212.00,0.00,0.00
8.72,0.00,0.00,0.00,2184.00,0.00,0.00,5212.00,0.00,0.00
8.72,0.00,0.00,0.00,2184.00,0.00,0.00,5212.00,0.00,0.00
8.73,0.00,0.00,0.00,2184.00,0.00,0.00,5212.00,0.00,0.00
8.74,0.00,0.00,0.00,2184.00,0.00,0.00,5212.00,0.00,0.00
8.74,0.00,0.00,0.00,2184.00,0.00,0.00,5212.00,0.00,0.00
8.75,0.00,0.00,0.00,2184.00,0.00,0.00,5212.00,0.00,0.00
8.76,0.00,0.00,0.00,2184.00,0.00,0.00,5212.00,0.00,0.00
8.76,0.00,0.00,0.00,2184.00,0.00,0.00,5212.00,0.00,0.00
8.77,0.00,0.00,0.00,2184.00,0.00,0.00,5212.00,0.00,0.00
8.78,0.00,0.00,0.00,2184.00,0.00,0.00,5212.00,0.00,0.00
8.78,0.00,0.00,0.00,2184.00,0.00,0.00,5212.00,0.00,0.00
8.79,0.00,0.00,0.00,2184.00,0.00,0.00,5212.00,0.00,0.00
8.80,0.00,0.00,0.00,2184.00,0.00,0.00,5212.00,0.00,0.00
8.81,0.00,0.00,0.00,2184.00,0.00,0.00,5212.00,0.00,0.00
8.81,0.00,0.00,0.00,2184.00,0.00,0.00,5212.00,0.00,0.00
8.82,0.00,0.00,0.00,2184.00,0.00,0.00,5212.00,0.00,0.00
8.83,0.00,0.00,0.00,2184.00,0.00,0.00,5212.00,0.00,0.00
8.83,0.00,0.00,0.00,2184.00,0.00,0.00,5212.00,0.00,0.00
8.84,0.00,0.00,0.00,2184.00,0.00,0.00,5212.00,0.00,0.00
8.85,0.00,0.00,0.00,2184.00,0.00,0.00,5212.00,0.00,0.00
8.85,0.00,0.00,0.00,2184.00,0.00,0.00,5212.00,0.00,0.00
8.86,0.00,0.00,0.00,2184.00,0.00,0.00,5212.00,0.00,0.00
8.87,0.00,0.00,0.00,2184.00,0.00,0.00,5212.00,0.00,0.00
8.88,0.00,0.00,0.00,2184.00,0.00,0.00,5212.00,0.00,0.00
8.88,0.00,0.00,0.00,2184.00,0.00,0.00,5212.00,0.00,0.00
8.89,0.00,0.00,0.00,2184.00,0.00,0.00,5212.00,0.00,0.00
8.90,0.00,0.00,0.00,2184.00,0.00,0.00,5212.00,0.00,0.00
8.90,0.00,0.00,0.00,2184.00,0.00,0.00,5212.00,0.00,0.00
8.91,0.00,0.00,0.00,2184.00,0.00,0.00,5212.00,0.00,0.00
8.92,0.00,0.00,0.00,2184.00,0.00,0.00,5212.00,0.00,0.00
8.92,0.00,0.00,0.00,2184.00,0.00,0.00,5212.00,0.00,0.00
8.93,0.00,0.00,0.00,2184.00,0.00,0.00,5212.00,0.00,0.00
8.94,0.00,0.00,0.00,2184.00,0.00,0.00,5212.00,0.00,0.00
8.94,0.00,0.00,0.00,2184.00,0.00,0.00,5212.00,0.00,0.00
8.95,0.00,0.00,0.00,2184.00,0.00,0.00,5212.00,0.00,0.00
8.96,0.00,0.00,0.00,2184.00,0.00,0.00,5212.00,0.00,0.00
8.97,0.00,0.00,0.00,2184.00,0.00,0.00,5212.00,0.00,0.00
8.97,0.00,0.00,0.00,2184.00,0.00,0.00,5212.00,0.00,0.00
8.98,0.00,0.00,0.00,2184.00,0.00,0.00,5212.00,0.00,0.00
8.99,0.00,0.00,0.00,2184.00,0.00,0.00,5212.00,0.00,0.00
8.99,0.00,0.00,0.00,2184.00,0.00,0.00,5212.00,0.00,0.00
9.00,0.00,0.00,0.00,2184.00,0.00,0.00,5212.00,0.00,0.00
9.01,0.00,0.00,0.00,2184.00,0.00,0.00,5212.00,0.00,0.00
9.01,0.00,0.00,0.00,2184.00,0.00,0.00,5212.00,0.00,0.00
9.02,0.00,0.00,0.00,2184.00,0.00,0.00,5212.00,0.00,0.00
9.03,0.00,0.00,0.00,2184.00,0.00,0.00,5212.00,0.00,0.00
9.03,0.00,0.00,0.00,2184.00,0.00,0.00,5212.00,0.00,0.00
9.04,0.00,0.00,0.00,2184.00,0.00,0.00,5212.00,0.00,0.00
9.05,0.00,0.00,0.00,2184.00,0.00,0.00,5212.00,0.00,0.00
9.06,0.00,0.00,0.00,2184.00,0.00,0.00,5212.00,0.00,0.00
9.06,0.00,0.00,0.00,2184.00,0.00,0.00,5212.00,0.00,0.00
9.07,0.00,0.00,0.00,2184.00,0.00,0.00,5212.00,0.00,0.00
9.08,0.00,0.00,0.00,2184.00,0.00,0.00,5212.00,0.00,0.00
9.08,0.00,0.00,0.00,2184.00,0.00,0.00,5212.00,0.00,0.00
9.09,0.00,0.00,0.00,2184.00,0.00,0.00,5212.00,0.00,0.00
9.10,0.00,0.00,0.00,2184.00,0.00,0.00,5212.00,0.00,0.00
9.10,0.00,0.00,0.00,2184.00,0.00,0.00,5212.00,0.00,0.00
9.11,0.00,0.00,0.00,2184.00,0.00,0.00,5212.00,0.00,0.00
9.12,0.00,0.00,0.00,2184.00,0.00,0.00,5212.00,0.00,0.00
9.12,0.00,0.00,0.00,2184.00,0.00,0.00,5212.00,0.00,0.00
9.13,0.00,0.00,0.00,2184.00,0.00,0.00,5212.00,0.00,0.00
9.14,0.00,0.00,0.00,2184.00,0.00,0.00,5212.00,0.00,0.00
9.15,0.00,0.00,0.00,2184.00,0.00,0.00,5212.00,0.00,0.00
9.15,0.00,0.00,0.00,2184.00,0.00,0.00,5212.00,0.00,0.00
9.16,0.00,0.00,0.00,2184.00,0.00,0.00,5212.00,0.00,0.00
9.17,0.00,0.00,0.00,2184.00,0.00,0.00,5212.00,0.00,0.00
9.17,0.00,0.00,0.00,2184.00,0.00,0.00,5212.00,0.00,0.00
9.18,0.00,0.00,0.00,2184.00,0.00,0.00,5212.00,0.00,0.00
9.19,0.00,0.00,0.00,2184.00,0.00,0.00,5212.00,0.00,0.00
9.19,0.00,0.00,0.00,2184.00,0.00,0.00,5212.00,0.00,0.00
9.20,0.00,0.00,0.00,2184.00,0.00,0.00,5212.00,0.00,0.00
9.21,0.00,0.00,0.00,2184.00,0.00,0.00,5212.00,0.00,0.00
9.22,0.00,0.00,0.00,2184.00,0.00,0.00,5212.00,0.00,0.00
9.22,0.00,0.00,0.00,2184.00,0.00,0.00,5212.00,0.00,0.00
9.23,0.00,0.00,0.00,2184.00,0.00,0.00,5212.00,0.00,0.00
9.24,0.00,0.00,0.00,2184.00,0.00,0.00,5212.00,0.00,0.00
9.24,0.00,0.00,0.00,2184.00,0.00,0.00,5212.00,0.00,0.00
9.25,0.00,0.00,0.00,2184.00,0.00,0.00,5212.00,0.00,0.00
9.26,0.00,0.00,0.00,2184.00,0.00,0.00,5212.00,0.00,0.00
9.26,0.00,0.00,0.00,2184.00,0.00,0.00,5212.00,0.00,0.00
9.27,0.00,0.00,0.00,2184.00,0.00,0.00,5212.00,0.00,0.00
9.28,0.00,0.00,0.00,2184.00,0.00,0.00,5212.00,0.00,0.00
9.28,0.00,0.00,0.00,2184.00,0.00,0.00,5212.00,0.00,0.00
9.29,0.00,0.00,0.00,2184.00,0.00,0.00,5212.00,0.00,0.00
9.30,0.00,0.00,0.00,2184.00,0.00,0.00,5212.00,0.00,0.00
9.31,0.00,0.00,0.00,2184.00,0.00,0.00,5212.00,0.00,0.00
9.31,0.00,0.00,0.00,2184.00,0.00,0.00,5212.00,0.00,0.00
9.32,0.00,0.00,0.00,2184.00,0.00,0.00,5212.00,0.00,0.00
9.33,0.00,0.00,0.00,2184.00,0.00,0.00,5212.00,0.00,0.00
9.33,0.00,0.00,0.00,2184.00,0.00,0.00,5212.00,0.00,0.00
9.34,0.00,0.00,0.00,2184.00,0.00,0.00,5212.00,0.00,0.00
9.35,0.00,0.00,0.00,2184.00,0.00,0.00,5212.00,0.00,0.00
9.35,0.00,0.00,0.00,2184.00,0.00,0.00,5212.00,0.00,0.00
9.36,0.00,0.00,0.00,2184.00,0.00,0.00,5212.00,0.00,0.00
9.37,0.00,0.00,0.00,2184.00,0.00,0.00,5212.00,0.00,0.00
9.38,0.00,0.00,0.00,2184.00,0.00,0.00,5212.00,0.00,0.00
9.38,0.00,0.00,0.00,2184.00,0.00,0.00,5212.00,0.00,0.00
9.39,0.00,0.00,0.00,2184.00,0.00,0.00,5212.00,0.00,0.00
9.40,0.00,0.00,0.00,2184.00,0.00,0.00,5212.00,0.00,0.00
9.40,0.00,0.00,0.00,2184.00,0.00,0.00,5212.00,0.00,0.00
9.41,0.00,0.00,0.00,2184.00,0.00,0.00,5212.00,0.00,0.00
9.42,0.00,0.00,0.00,2184.00,0.00,0.00,5212.00,0.00,0.00
9.42,0.00,0.00,0.00,2184.00,0.00,0.00,5212.00,0.00,0.00
9.43,0.00,0.00,0.00,2184.00,0.00,0.00,5212.00,0.00,0.00
9.44,0.00,0.00,0.00,2184.00,0.00,0.00,5212.00,0.00,0.00
9.44,0.00,0.00,0.00,2184.00,0.00,0.00,5212.00,0.00,0.00
9.45,0.00,0.00,0.00,2184.00,0.00,0.00,5212.00,0.00,0.00
9.46,0.00,0.00,0.00,2184.00,0.00,0.00,5212.00,0.00,0.00
9.47,0.00,0.00,0.00,2184.00,0.00,0.00,5212.00,0.00,0.00
9.47,0.00,0.00,0.00,2184.00,0.00,0.00,5212.00,0.00,0.00
9.48,0.00,0.00,0.00,2184.00,0.00,0.00,5212.00,0.00,0.00
9.49,0.00,0.00,0.00,2184.00,0.00,0.00,5212.00,0.00,0.00
9.49,0.00,0.00,0.00,2184.00,0.00,0.00,5212.00,0.00,0.00
9.50,0.00,0.00,0.00,2184.00,0.00,0.00,5212.00,0.00,0.00
9.51,0.00,0.00,0.00,2184.00,0.00,0.00,5212.00,0.00,0.00
9.51,0.00,0.00,0.00,2184.00,0.00,0.00,5212.00,0.00,0.00
9.52,0.00,0.00,0.00,2184.00,0.00,0.00,5212.00,0.00,0.00
9.53,0.00,0.00,0.00,2184.00,0.00,0.00,5212.00,0.00,0.00
9.53,0.00,0.00,0.00,2184.00,0.00,0.00,5212.00,0.00,0.00
9.54,0.00,0.00,0.00,2184.00,0.00,0.00,5212.00,0.00,0.00
9.55,0.00,0.00,0.00,2184.00,0.00,0.00,5212.00,0.00,0.00
9.56,0.00,0.00,0.00,2184.00,0.00,0.00,5212.00,0.00,0.00
9.56,0.00,0.00,0.00,2184.00,0.00,0.00,5212.00,0.00,0.00
9.57,0.00,0.00,0.00,2184.00,0.00,0.00,5212.00,0.00,0.00
9.58,0.00,0.00,0.00,2184.00,0.00,0.00,5212.00,0.00,0.00
9.58,0.00,0.00,0.00,2184.00,0.00,0.00,5212.00,0.00,0.00
9.59,0.00,0.00,0.00,2184.00,0.00,0.00,5212.00,0.00,0.00
9.60,0.00,0.00,0.00,2184.00,0.00,0.00,5212.00,0.00,0.00
9.60,0.00,0.00,0.00,2184.00,0.00,0.00,5212.00,0.00,0.00
9.61,0.00,0.00,0.00,2184.00,0.00,0.00,5212.00,0.00,0.00
9.62,0.00,0.00,0.00,2184.00,0.00,0.00,5212.00,0.00,0.00
9.62,0.00,0.00,0.00,2184.00,0.00,0.00,5212.00,0.00,0.00
9.63,0.00,0.00,0.00,2184.00,0.00,0.00,5212.00,0.00,0.00
9.64,0.00,0.00,0.00,2184.00,0.00,0.00,5212.00,0.00,0.00
9.65,0.00,0.00,0.00,2184.00,0.00,0.00,5212.00,0.00,0.00
9.65,0.00,0.00,0.00,2184.00,0.00,0.00,5212.00,0.00,0.00
9.66,0.00,0.00,0.00,2184.00,0.00,0.00,5212.00,0.00,0.00
9.67,0.00,0.00,0.00,2184.00,0.00,0.00,5212.00,0.00,0.00
9.67,0.00,0.00,0.00,2184.00,0.00,0.00,5212.00,0.00,0.00
9.68,0.00,0.00,0.00,2184.00,0.00,0.00,5212.00,0.00,0.00
9.69,0.00,0.00,0.00,2184.00,0.00,0.00,5212.00,0.00,0.00
9.69,0.00,0.00,0.00,2184.00,0.00,0.00,5212.00,0.00,0.00
9.70,0.00,0.00,0.00,2184.00,0.00,0.00,5212.00,0.00,0.00
9.71,0.00,0.00,0.00,2184.00,0.00,0.00,5212.00,0.00,0.00
9.72,0.00,0.00,0.00,2184.00,0.00,0.00,5212.00,0.00,0.00
9.72,0.00,0.00,0.00,2184.00,0.00,0.00,5212.00,0.00,0.00
9.73,0.00,0.00,0.00,2184.00,0.00,0.00,5212.00,0.00,0.00
9.74,0.00,0.00,0.00,2184.00,0.00,0.00,5212.00,0.00,0.00
9.74,0.00,0.00,0.00,2184.00,0.00,0.00,5212.00,0.00,0.00
9.75,0.00,0.00,0.00,2184.00,0.00,0.00,5212.00,0.00,0.00
9.76,0.00,0.00,0.00,2184.00,0.00,0.00,5212.00,0.00,0.00
9.76,0.00,0.00,0.00,2184.00,0.00,0.00,5212.00,0.00,0.00
9.77,0.00,0.00,0.00,2184.00,0.00,0.00,5212.00,0.00,0.00
9.78,0.00,0.00,0.00,2184.00,0.00,0.00,5212.00,0.00,0.00
9.78,0.00,0.00,0.00,2184.00,0.00,0.00,5212.00,0.00,0.00
9.79,0.00,0.00,0.00,2184.00,0.00,0.00,5212.00,0.00,0.00
9.80,0.00,0.00,0.00,2184.00,0.00,0.00,5212.00,0.00,0.00
9.81,0.00,0.00,0.00,2184.00,0.00,0.00,5212.00,0.00,0.00
9.81,0.00,0.00,0.00,2184.00,0.00,0.00,5212.00,0.00,0.00
9.82,0.00,0.00,0.00,2184.00,0.00,0.00,5212.00,0.00,0.00
9.83,0.00,0.00,0.00,2184.00,0.00,0.00,5212.00,0.00,0.00
9.83,0.00,0.00,0.00,2184.00,0.00,0.00,5212.00,0.00,0.00
9.84,0.00,0.00,0.00,2184.00,0.00,0.00,5212.00,0.00,0.00
9.85,0.00,0.00,0.00,2184.00,0.00,0.00,5212.00,0.00,0.00
9.85,0.00,0.00,0.00,2184.00,0.00,0.00,5212.00,0.00,0.00
9.86,0.00,0.00,0.00,2184.00,0.00,0.00,5212.00,0.00,0.00
9.87,0.00,0.00,0.00,2184.00,0.00,0.00,5212.00,0.00,0.00
9.88,0.00,0.00,0.00,2184.00,0.00,0.00,5212.00,0.00,0.00
9.88,0.00,0.00,0.00,2184.00,0.00,0.00,5212.00,0.00,0.00
9.89,0.00,0.00,0.00,2184.00,0.00,0.00,5212.00,0.00,0.00
9.90,0.00,0.00,0.00,2184.00,0.00,0.00,5212.00,0.00,0.00
9.90,0.00,0.00,0.00,2184.00,0.00,0.00,5212.00,0.00,0.00
9.91,0.00,0.00,0.00,2184.00,0.00,0.00,5212.00,0.00,0.00
9.92,0.00,0.00,0.00,2184.00,0.00,0.00,5212.00,0.00,0.00
9.92,0.00,0.00,0.00,2184.00,0.00,0.00,5212.00,0.00,0.00
9.93,0.00,0.00,0.00,2184.00,0.00,0.00,5212.00,0.00,0.00
9.94,0.00,0.00,0.00,2184.00,0.00,0.00,5212.00,0.00,0.00
9.94,0.00,0.00,0.00,2184.00,0.00,0.00,5212.00,0.00,0.00
9.95,0.00,0.00,0.00,2184.00,0.00,0.00,5212.00,0.00,0.00
9.96,0.00,0.00,0.00,2184.00,0.00,0.00,5212.00,0.00,0.00
9.97,0.00,0.00,0.00,2184.00,0.00,0.00,5212.00,0.00,0.00
9.97,0.00,0.00,0.00,2184.00,0.00,0.00,5212.00,0.00,0.00
9.98,0.00,0.00,0.00,2184.00,0.00,0.00,5212.00,0.00,0.00
9.99,0.00,0.00,0.00,2184.00,0.00,0.00,5212.00,0.00,0.00
9.99,0.00,0.00,0.00,2184.00,0.00,0.00,5212.00,0.00,0.00
