Time,U,AI1,AI2,AD,BI2,BI2,BD,VA,VB
0.00,7392.00,4.00,0.00,0.00,0.00,0.00,0.00,75.00,75.00
0.01,7391.00,4.00,0.00,0.00,1.00,0.00,0.00,68.52,68.47
0.01,7391.00,4.00,0.00,0.00,1.00,0.00,0.00,62.61,62.51
0.02,7390.00,4.00,0.00,0.00,2.00,0.00,0.00,57.20,57.06
0.03,7389.00,5.00,0.00,0.00,2.00,0.00,0.00,52.26,52.10
0.03,7388.00,5.00,1.00,0.00,2.00,0.00,0.00,1550.07,47.56
0.04,7374.00,17.00,3.00,0.00,2.00,0.00,0.00,5923.18,43.42
0.05,7306.00,82.00,6.00,0.00,2.00,0.00,0.00,14425.69,39.64
0.06,7174.00,207.00,12.00,0.00,3.00,0.00,0.00,31208.02,36.19
0.06,6885.00,484.00,24.00,0.00,3.00,0.00,0.00,64569.22,33.03
0.07,6420.00,919.00,52.00,1.00,4.00,0.00,0.00,137114.98,30.16
0.08,5673.00,1611.00,105.00,2.00,5.00,0.00,0.00,283020.16,27.53
0.08,4632.00,2583.00,174.00,2.00,5.00,0.00,0.00,519988.33,25.13
0.09,3586.00,3513.00,288.00,4.00,5.00,0.00,0.00,907761.73,22.95
0.10,2592.00,4391.00,403.00,5.00,5.00,0.00,0.00,1434822.98,20.95
0.10,1757.00,5078.00,548.00,8.00,5.00,0.00,0.00,2134216.15,19.12
0.11,1003.00,5664.00,712.00,12.00,5.00,0.00,0.00,3019607.03,17.46
0.12,332.00,6162.00,882.00,15.00,5.00,0.00,0.00,4083951.42,15.94
0.12,51.00,6287.00,1033.00,20.00,5.00,0.00,0.00,5283255.53,14.55
0.13,12.00,6154.00,1201.00,24.00,4.00,1.00,0.00,6631406.99,28.31
0.14,0.00,5972.00,1388.00,31.00,4.00,1.00,0.00,8144099.24,40.87
0.15,0.00,5807.00,1548.00,36.00,4.00,1.00,0.00,9766564.24,52.33
0.15,0.00,5648.00,1702.00,41.00,4.00,1.00,0.00,11480310.78,62.80
0.16,0.00,5485.00,1860.00,46.00,4.00,1.00,0.00,13283467.45,72.35
0.17,0.00,5320.00,2016.00,55.00,4.00,1.00,0.00,15165310.52,81.07
0.17,0.00,5187.00,2141.00,63.00,4.00,1.00,0.00,17072474.84,89.04
0.18,0.00,5034.00,2285.00,72.00,4.00,1.00,0.00,19031318.21,96.31
0.19,0.00,4898.00,2405.00,88.00,4.00,1.00,0.00,21001323.30,102.95
0.19,0.00,4750.00,2547.00,94.00,4.00,1.00,0.00,23014577.90,109.00
0.20,0.00,4631.00,2657.00,103.00,3.00,2.00,0.00,25019273.47,129.56
0.21,0.00,4475.00,2804.00,112.00,3.00,2.00,0.00,27071734.70,148.32
0.22,0.00,4344.00,2922.00,125.00,3.00,2.00,0.00,29124270.55,165.45
0.22,0.00,4229.00,3029.00,133.00,3.00,2.00,0.00,31160349.47,181.09
0.23,0.00,4118.00,3135.00,138.00,3.00,2.00,0.00,33179889.79,195.37
0.24,0.00,4009.00,3238.00,144.00,3.00,2.00,0.00,35179812.62,208.41
0.24,0.00,3919.00,3319.00,153.00,2.00,3.00,0.00,37128760.72,235.33
0.25,0.00,3819.00,3412.00,160.00,2.00,3.00,0.00,39049162.03,259.91
0.26,0.00,3709.00,3517.00,165.00,1.00,4.00,0.00,40961509.60,297.37
0.26,0.00,3602.00,3621.00,168.00,1.00,4.00,0.00,42864996.08,331.57
0.27,0.00,3510.00,3700.00,181.00,1.00,4.00,0.00,44722828.90,362.79
0.28,0.00,3432.00,3771.00,188.00,1.00,4.00,0.00,46526930.79,391.29
0.28,0.00,3330.00,3862.00,199.00,1.00,4.00,0.00,48311986.49,417.31
0.29,0.00,3242.00,3939.00,210.00,1.00,4.00,0.00,50058609.17,441.06
0.30,0.00,3146.00,4027.00,218.00,1.00,3.00,1.00,51786641.53,447.73
0.31,0.00,3075.00,4092.00,224.00,1.00,3.00,1.00,53463136.00,453.81
0.31,0.00,2988.00,4172.00,231.00,1.00,3.00,1.00,55115076.13,459.36
0.32,0.00,2909.00,4245.00,237.00,1.00,3.00,1.00,56734066.18,464.43
0.33,0.00,2833.00,4306.00,252.00,1.00,3.00,1.00,58304922.82,469.06
0.33,0.00,2744.00,4386.00,261.00,1.00,3.00,1.00,59860345.41,473.29
0.34,0.00,2681.00,4437.00,273.00,1.00,2.00,2.00,61358099.37,462.12
0.35,0.00,2611.00,4500.00,280.00,1.00,2.00,2.00,62821191.35,451.93
0.35,0.00,2538.00,4569.00,284.00,1.00,2.00,2.00,64261626.92,442.62
0.36,0.00,2461.00,4638.00,292.00,1.00,2.00,2.00,65681362.90,434.13
0.37,0.00,2387.00,4702.00,302.00,1.00,2.00,2.00,67074674.75,426.37
0.38,0.00,2322.00,4760.00,309.00,1.00,2.00,2.00,68434829.69,419.29
0.38,0.00,2243.00,4829.00,319.00,1.00,2.00,2.00,69781216.24,412.83
0.39,0.00,2185.00,4881.00,325.00,1.00,2.00,2.00,71089483.34,406.93
0.40,0.00,2122.00,4933.00,336.00,1.00,2.00,2.00,72362922.04,401.54
0.40,0.00,2063.00,4980.00,348.00,1.00,2.00,2.00,73597027.59,396.62
0.41,0.00,2012.00,5018.00,361.00,1.00,2.00,2.00,74781675.21,392.13
0.42,0.00,1957.00,5062.00,372.00,1.00,2.00,2.00,75930147.58,388.03
0.42,0.00,1896.00,5117.00,378.00,1.00,2.00,2.00,77062094.60,384.29
0.43,0.00,1841.00,5166.00,384.00,1.00,2.00,2.00,78169928.73,380.87
0.44,0.00,1785.00,5214.00,392.00,1.00,2.00,2.00,79254229.78,377.75
0.44,0.00,1739.00,5251.00,401.00,1.00,2.00,2.00,80300503.65,374.91
0.45,0.00,1697.00,5287.00,407.00,1.00,2.00,2.00,81310530.19,372.31
0.46,0.00,1651.00,5326.00,414.00,1.00,1.00,3.00,82291948.36,354.91
0.47,0.00,1608.00,5360.00,423.00,1.00,1.00,3.00,83239714.97,339.03
0.47,0.00,1574.00,5389.00,428.00,1.00,1.00,3.00,84149223.69,324.53
0.48,0.00,1533.00,5427.00,431.00,1.00,1.00,3.00,85037298.30,311.30
0.49,0.00,1493.00,5456.00,442.00,1.00,1.00,3.00,85892268.44,299.21
0.49,0.00,1445.00,5493.00,453.00,1.00,1.00,3.00,86729010.00,288.18
0.50,0.00,1408.00,5520.00,463.00,1.00,1.00,3.00,87534074.70,278.11
0.51,0.00,1370.00,5551.00,470.00,1.00,1.00,3.00,88316205.66,268.92
0.51,0.00,1343.00,5572.00,476.00,1.00,1.00,3.00,89062361.16,260.52
0.52,0.00,1313.00,5596.00,482.00,1.00,1.00,3.00,89780152.64,252.86
0.53,0.00,1276.00,5622.00,493.00,1.00,1.00,3.00,90475033.83,245.87
0.53,0.00,1239.00,5653.00,499.00,1.00,1.00,3.00,91156494.84,239.48
0.54,0.00,1205.00,5680.00,506.00,1.00,1.00,3.00,91819684.55,233.65
0.55,0.00,1171.00,5711.00,509.00,1.00,1.00,3.00,92472189.91,228.33
0.56,0.00,1138.00,5738.00,515.00,1.00,1.00,3.00,93108924.02,223.47
0.56,0.00,1108.00,5761.00,522.00,1.00,1.00,3.00,93725239.52,219.03
0.57,0.00,1067.00,5794.00,530.00,1.00,1.00,3.00,94337922.08,214.98
0.58,0.00,1041.00,5813.00,537.00,1.00,1.00,3.00,94926252.75,211.29
0.58,0.00,1011.00,5835.00,545.00,1.00,1.00,3.00,95496840.99,207.91
0.59,0.00,988.00,5849.00,554.00,1.00,1.00,3.00,96039199.52,204.83
0.60,0.00,960.00,5870.00,561.00,1.00,1.00,3.00,96566283.80,202.02
0.60,0.00,934.00,5889.00,568.00,1.00,1.00,3.00,97076406.28,199.45
0.61,0.00,912.00,5902.00,577.00,1.00,1.00,3.00,97562017.41,197.11
0.62,0.00,888.00,5915.00,588.00,1.00,1.00,3.00,98025234.84,194.97
0.62,0.00,867.00,5928.00,596.00,1.00,1.00,3.00,98467990.43,193.01
0.63,0.00,848.00,5940.00,603.00,1.00,1.00,3.00,98890548.41,191.23
0.64,0.00,831.00,5949.00,611.00,1.00,1.00,3.00,99290146.63,189.60
0.65,0.00,805.00,5965.00,621.00,1.00,1.00,3.00,99679281.45,188.11
0.65,0.00,779.00,5987.00,625.00,1.00,1.00,3.00,100067872.33,186.76
0.66,0.00,755.00,6004.00,632.00,1.00,1.00,3.00,100448453.27,185.52
0.67,0.00,732.00,6020.00,639.00,1.00,0.00,4.00,100820214.31,169.36
0.67,0.00,709.00,6037.00,645.00,1.00,0.00,4.00,101185419.61,154.62
0.68,0.00,690.00,6048.00,653.00,1.00,0.00,4.00,101535620.44,141.15
0.69,0.00,668.00,6063.00,660.00,1.00,0.00,4.00,101878121.19,128.86
0.69,0.00,640.00,6086.00,665.00,1.00,0.00,4.00,102225605.38,117.64
0.70,0.00,619.00,6101.00,671.00,1.00,0.00,4.00,102565625.08,107.40
0.71,0.00,601.00,6111.00,679.00,1.00,0.00,4.00,102891312.64,98.05
0.72,0.00,575.00,6132.00,684.00,1.00,0.00,4.00,103220430.09,89.51
0.72,0.00,560.00,6137.00,694.00,1.00,0.00,4.00,103528645.23,81.71
0.73,0.00,539.00,6151.00,701.00,1.00,0.00,4.00,103831283.72,74.60
0.74,0.00,518.00,6155.00,718.00,1.00,0.00,4.00,104113802.39,68.10
0.74,0.00,502.00,6158.00,731.00,1.00,0.00,4.00,104376437.38,62.17
0.75,0.00,486.00,6171.00,734.00,1.00,0.00,4.00,104635927.85,56.76
0.76,0.00,475.00,6172.00,744.00,0.00,1.00,4.00,104874517.73,66.84
0.76,0.00,457.00,6179.00,755.00,0.00,1.00,4.00,105103026.00,76.04
0.77,0.00,448.00,6180.00,763.00,0.00,1.00,4.00,105313308.82,84.44
0.78,0.00,439.00,6183.00,769.00,0.00,1.00,4.00,105509943.50,92.11
0.78,0.00,427.00,6183.00,781.00,0.00,1.00,4.00,105689601.07,99.12
0.79,0.00,421.00,6184.00,786.00,0.00,1.00,4.00,105855250.76,105.51
0.80,0.00,412.00,6187.00,792.00,0.00,1.00,4.00,106011106.10,111.34
0.81,0.00,402.00,6182.00,807.00,0.00,1.00,4.00,106145993.87,116.67
0.81,0.00,382.00,6189.00,820.00,0.00,1.00,4.00,106279753.17,121.54
0.82,0.00,372.00,6194.00,825.00,0.00,1.00,4.00,106409476.29,125.98
0.83,0.00,362.00,6197.00,832.00,0.00,1.00,4.00,106532505.88,130.03
0.83,0.00,358.00,6191.00,842.00,0.00,0.00,5.00,106635900.68,118.71
0.84,0.00,351.00,6191.00,849.00,0.00,0.00,5.00,106730368.66,108.37
0.85,0.00,345.00,6183.00,863.00,0.00,0.00,5.00,106804662.53,98.93
0.85,0.00,335.00,6184.00,872.00,0.00,0.00,5.00,106874044.25,90.32
0.86,0.00,324.00,6191.00,876.00,0.00,0.00,5.00,106947952.24,82.46
0.87,0.00,313.00,6194.00,884.00,0.00,0.00,5.00,107019986.54,75.28
0.88,0.00,307.00,6190.00,894.00,0.00,0.00,5.00,107079791.74,68.72
0.88,0.00,300.00,6195.00,896.00,0.00,0.00,5.00,107141945.41,62.74
0.89,0.00,291.00,6191.00,909.00,0.00,0.00,5.00,107192724.45,57.27
0.90,0.00,283.00,6192.00,916.00,0.00,0.00,5.00,107240620.54,52.29
0.90,0.00,274.00,6193.00,924.00,0.00,0.00,5.00,107285883.71,47.73
0.91,0.00,262.00,6201.00,928.00,0.00,0.00,5.00,107339257.67,43.58
0.92,0.00,256.00,6198.00,937.00,0.00,0.00,5.00,107383517.53,39.78
0.92,0.00,250.00,6195.00,946.00,0.00,0.00,5.00,107419449.13,36.32
0.93,0.00,244.00,6193.00,954.00,0.00,0.00,5.00,107449274.02,33.16
0.94,0.00,237.00,6194.00,960.00,0.00,0.00,5.00,107478027.11,30.27
0.94,0.00,228.00,6196.00,967.00,0.00,0.00,5.00,107507302.06,27.63
0.95,0.00,224.00,6196.00,971.00,0.00,0.00,5.00,107534049.84,25.23
0.96,0.00,221.00,6191.00,979.00,0.00,0.00,5.00,107550976.31,23.03
0.97,0.00,219.00,6187.00,985.00,0.00,0.00,5.00,107560432.27,21.02
0.97,0.00,209.00,6187.00,995.00,0.00,0.00,5.00,107569072.43,19.19
0.98,0.00,202.00,6185.00,1004.00,0.00,0.00,5.00,107573960.93,17.52
0.99,0.00,194.00,6184.00,1013.00,0.00,0.00,5.00,107576925.12,16.00
0.99,0.00,187.00,6184.00,1020.00,0.00,0.00,5.00,107579633.56,14.60
1.00,0.00,180.00,6181.00,1030.00,0.00,0.00,5.00,107577601.05,13.33
1.01,0.00,174.00,6179.00,1038.00,0.00,0.00,5.00,107572739.70,12.17
1.01,0.00,167.00,6178.00,1046.00,0.00,0.00,5.00,107566795.59,11.11
1.02,0.00,161.00,6178.00,1052.00,0.00,0.00,5.00,107561365.08,10.14
1.03,0.00,153.00,6176.00,1062.00,0.00,0.00,5.00,107553398.28,9.26
1.03,0.00,152.00,6168.00,1071.00,0.00,0.00,5.00,107534100.67,8.45
1.04,0.00,151.00,6164.00,1076.00,0.00,0.00,5.00,107510459.98,7.72
1.05,0.00,143.00,6163.00,1085.00,0.00,0.00,5.00,107487357.39,7.05
1.06,0.00,140.00,6154.00,1097.00,0.00,0.00,5.00,107452729.28,6.43
1.06,0.00,138.00,6147.00,1106.00,0.00,0.00,5.00,107410574.04,5.87
1.07,0.00,136.00,6137.00,1118.00,0.00,0.00,5.00,107357035.24,5.36
1.08,0.00,133.00,6131.00,1127.00,0.00,0.00,5.00,107299104.43,4.89
1.08,0.00,126.00,6129.00,1136.00,0.00,0.00,5.00,107243170.14,4.47
1.09,0.00,121.00,6124.00,1146.00,0.00,0.00,5.00,107184553.97,4.08
1.10,0.00,118.00,6117.00,1156.00,0.00,0.00,5.00,107120482.24,3.72
1.10,0.00,117.00,6110.00,1164.00,0.00,0.00,5.00,107051426.67,3.40
1.11,0.00,114.00,6109.00,1168.00,0.00,0.00,5.00,106986829.82,3.10
1.12,0.00,112.00,6106.00,1173.00,0.00,0.00,5.00,106923302.99,2.83
1.12,0.00,109.00,6102.00,1180.00,0.00,0.00,5.00,106859251.87,2.59
1.13,0.00,103.00,6104.00,1184.00,0.00,0.00,5.00,106803735.67,2.36
1.14,0.00,99.00,6100.00,1192.00,0.00,0.00,5.00,106747002.52,2.16
1.15,0.00,96.00,6097.00,1198.00,0.00,0.00,5.00,106690660.27,1.97
1.15,0.00,93.00,6089.00,1209.00,0.00,0.00,5.00,106627164.33,1.80
1.16,0.00,93.00,6084.00,1214.00,0.00,0.00,5.00,106561638.17,1.64
1.17,0.00,88.00,6082.00,1221.00,0.00,0.00,5.00,106498764.41,1.50
1.17,0.00,88.00,6078.00,1225.00,0.00,0.00,5.00,106435309.69,1.37
1.18,0.00,88.00,6069.00,1234.00,0.00,0.00,5.00,106363812.38,1.25
1.19,0.00,87.00,6067.00,1237.00,0.00,0.00,5.00,106295483.69,1.14
1.19,0.00,87.00,6056.00,1248.00,0.00,0.00,5.00,106216528.90,1.04
1.20,0.00,85.00,6050.00,1256.00,0.00,0.00,5.00,106135376.22,0.95
1.21,0.00,80.00,6046.00,1265.00,0.00,0.00,5.00,106055221.15,0.87
1.22,0.00,77.00,6042.00,1272.00,0.00,0.00,5.00,105975977.14,0.79
1.22,0.00,73.00,6040.00,1278.00,0.00,0.00,5.00,105900569.41,0.72
1.23,0.00,72.00,6035.00,1284.00,0.00,0.00,5.00,105824161.07,0.66
1.24,0.00,70.00,6031.00,1290.00,0.00,0.00,5.00,105748339.62,0.60
1.24,0.00,68.00,6027.00,1296.00,0.00,0.00,5.00,105673054.96,0.55
1.25,0.00,67.00,6016.00,1308.00,0.00,0.00,5.00,105587743.68,0.50
1.26,0.00,62.00,6014.00,1315.00,0.00,0.00,5.00,105506793.08,0.46
1.26,0.00,61.00,6008.00,1322.00,0.00,0.00,5.00,105423818.06,0.42
1.27,0.00,60.00,5999.00,1332.00,0.00,0.00,5.00,105334485.27,0.38
1.28,0.00,58.00,5993.00,1340.00,0.00,0.00,5.00,105243850.54,0.35
1.28,0.00,55.00,5990.00,1346.00,0.00,0.00,5.00,105156535.31,0.32
1.29,0.00,54.00,5979.00,1358.00,0.00,0.00,5.00,105060232.77,0.29
1.30,0.00,51.00,5974.00,1366.00,0.00,0.00,5.00,104964732.40,0.27
1.31,0.00,51.00,5966.00,1374.00,0.00,0.00,5.00,104865458.49,0.24
1.31,0.00,51.00,5955.00,1385.00,0.00,0.00,5.00,104758230.31,0.22
1.32,0.00,51.00,5947.00,1393.00,0.00,0.00,5.00,104648240.43,0.20
1.33,0.00,50.00,5940.00,1401.00,0.00,0.00,5.00,104537231.23,0.18
1.33,0.00,50.00,5931.00,1410.00,0.00,0.00,5.00,104422284.58,0.17
1.34,0.00,48.00,5924.00,1419.00,0.00,0.00,5.00,104306745.25,0.15
1.35,0.00,47.00,5920.00,1424.00,0.00,0.00,5.00,104195171.97,0.14
1.35,0.00,45.00,5919.00,1427.00,0.00,0.00,5.00,104091727.95,0.13
1.36,0.00,43.00,5912.00,1436.00,0.00,0.00,5.00,103986698.87,0.12
1.37,0.00,41.00,5907.00,1443.00,0.00,0.00,5.00,103883225.93,0.11
1.38,0.00,40.00,5905.00,1446.00,0.00,0.00,5.00,103785681.44,0.10
1.38,0.00,38.00,5905.00,1448.00,0.00,0.00,5.00,103696559.21,0.09
1.39,0.00,36.00,5899.00,1456.00,0.00,0.00,5.00,103606117.21,0.08
1.40,0.00,36.00,5894.00,1461.00,0.00,0.00,5.00,103515972.57,0.07
1.40,0.00,36.00,5884.00,1471.00,0.00,0.00,5.00,103418586.40,0.07
1.41,0.00,35.00,5877.00,1479.00,0.00,0.00,5.00,103319091.89,0.06
1.42,0.00,34.00,5874.00,1483.00,0.00,0.00,5.00,103223680.11,0.06
1.42,0.00,34.00,5870.00,1487.00,0.00,0.00,5.00,103130497.17,0.05
1.43,0.00,33.00,5859.00,1499.00,0.00,0.00,5.00,103028833.67,0.05
1.44,0.00,31.00,5854.00,1506.00,0.00,0.00,5.00,102928435.56,0.04
1.44,0.00,30.00,5844.00,1517.00,0.00,0.00,5.00,102821681.79,0.04
1.45,0.00,29.00,5839.00,1523.00,0.00,0.00,5.00,102716633.18,0.04
1.46,0.00,29.00,5828.00,1534.00,0.00,0.00,5.00,102604128.38,0.03
1.47,0.00,27.00,5824.00,1540.00,0.00,0.00,5.00,102495326.85,0.03
1.47,0.00,26.00,5819.00,1546.00,0.00,0.00,5.00,102388408.39,0.03
1.48,0.00,25.00,5815.00,1551.00,0.00,0.00,5.00,102284712.06,0.02
1.49,0.00,25.00,5810.00,1556.00,0.00,0.00,5.00,102182454.73,0.02
1.49,0.00,25.00,5806.00,1560.00,0.00,0.00,5.00,102083016.78,0.02
1.50,0.00,24.00,5800.00,1567.00,0.00,0.00,5.00,101983149.27,0.02
1.51,0.00,23.00,5798.00,1570.00,0.00,0.00,5.00,101888899.83,0.02
1.51,0.00,20.00,5791.00,1580.00,0.00,0.00,5.00,101792272.09,0.02
1.52,0.00,20.00,5780.00,1591.00,0.00,0.00,5.00,101687459.78,0.01
1.53,0.00,20.00,5772.00,1599.00,0.00,0.00,5.00,101579679.25,0.01
1.53,0.00,20.00,5763.00,1608.00,0.00,0.00,5.00,101467682.07,0.01
1.54,0.00,20.00,5756.00,1615.00,0.00,0.00,5.00,101354838.56,0.01
1.55,0.00,20.00,5752.00,1619.00,0.00,0.00,5.00,101245726.61,0.01
1.56,0.00,19.00,5746.00,1626.00,0.00,0.00,5.00,101137021.75,0.01
1.56,0.00,17.00,5742.00,1632.00,0.00,0.00,5.00,101031692.36,0.01
1.57,0.00,16.00,5733.00,1642.00,0.00,0.00,5.00,100921936.43,0.01
1.58,0.00,16.00,5728.00,1647.00,0.00,0.00,5.00,100814144.49,0.01
1.58,0.00,16.00,5717.00,1658.00,0.00,0.00,5.00,100699132.61,0.01
1.59,0.00,16.00,5712.00,1663.00,0.00,0.00,5.00,100586539.29,0.01
1.60,0.00,16.00,5708.00,1667.00,0.00,0.00,5.00,100477656.80,0.01
1.60,0.00,15.00,5695.00,1681.00,0.00,0.00,5.00,100358644.64,0.00
1.61,0.00,14.00,5692.00,1685.00,0.00,0.00,5.00,100245399.90,0.00
1.62,0.00,12.00,5686.00,1693.00,0.00,0.00,5.00,100132918.99,0.00
1.62,0.00,11.00,5681.00,1699.00,0.00,0.00,5.00,100022636.73,0.00
1.63,0.00,10.00,5676.00,1705.00,0.00,0.00,5.00,99914364.01,0.00
1.64,0.00,10.00,5672.00,1709.00,0.00,0.00,5.00,99809429.86,0.00
1.65,0.00,10.00,5663.00,1718.00,0.00,0.00,5.00,99700034.22,0.00
1.65,0.00,10.00,5660.00,1721.00,0.00,0.00,5.00,99595576.81,0.00
1.66,0.00,9.00,5651.00,1731.00,0.00,0.00,5.00,99486616.10,0.00
1.67,0.00,9.00,5642.00,1740.00,0.00,0.00,5.00,99373540.85,0.00
1.67,0.00,9.00,5635.00,1747.00,0.00,0.00,5.00,99259712.37,0.00
1.68,0.00,9.00,5629.00,1753.00,0.00,0.00,5.00,99146697.90,0.00
1.69,0.00,9.00,5625.00,1757.00,0.00,0.00,5.00,99037430.40,0.00
1.69,0.00,9.00,5617.00,1765.00,0.00,0.00,5.00,98925579.08,0.00
1.70,0.00,9.00,5605.00,1777.00,0.00,0.00,5.00,98805355.60,0.00
1.71,0.00,9.00,5595.00,1787.00,0.00,0.00,5.00,98680488.82,0.00
1.72,0.00,9.00,5589.00,1793.00,0.00,0.00,5.00,98557388.49,0.00
1.72,0.00,9.00,5587.00,1795.00,0.00,0.00,5.00,98441911.51,0.00
1.73,0.00,9.00,5577.00,1805.00,0.00,0.00,5.00,98321381.38,0.00
1.74,0.00,9.00,5568.00,1814.00,0.00,0.00,5.00,98197735.83,0.00
1.74,0.00,9.00,5560.00,1822.00,0.00,0.00,5.00,98072746.45,0.00
1.75,0.00,9.00,5552.00,1830.00,0.00,0.00,5.00,97946530.55,0.00
1.76,0.00,9.00,5539.00,1843.00,0.00,0.00,5.00,97811680.60,0.00
1.76,0.00,9.00,5533.00,1849.00,0.00,0.00,5.00,97679458.51,0.00
1.77,0.00,9.00,5529.00,1853.00,0.00,0.00,5.00,97552642.74,0.00
1.78,0.00,9.00,5522.00,1860.00,0.00,0.00,5.00,97426259.16,0.00
1.78,0.00,9.00,5516.00,1866.00,0.00,0.00,5.00,97301773.72,0.00
1.79,0.00,9.00,5508.00,1874.00,0.00,0.00,5.00,97176016.21,0.00
1.80,0.00,9.00,5501.00,1881.00,0.00,0.00,5.00,97050599.83,0.00
1.81,0.00,9.00,5491.00,1891.00,0.00,0.00,5.00,96920988.44,0.00
1.81,0.00,9.00,5477.00,1905.00,0.00,0.00,5.00,96781534.20,0.00
1.82,0.00,9.00,5472.00,1910.00,0.00,0.00,5.00,96646608.23,0.00
1.83,0.00,9.00,5463.00,1919.00,0.00,0.00,5.00,96509810.71,0.00
1.83,0.00,9.00,5457.00,1925.00,0.00,0.00,5.00,96375809.32,0.00
1.84,0.00,9.00,5451.00,1931.00,0.00,0.00,5.00,96244362.21,0.00
1.85,0.00,9.00,5444.00,1938.00,0.00,0.00,5.00,96113747.25,0.00
1.85,0.00,9.00,5437.00,1945.00,0.00,0.00,5.00,95983893.32,0.00
1.86,0.00,9.00,5427.00,1955.00,0.00,0.00,5.00,95850226.77,0.00
1.87,0.00,9.00,5421.00,1961.00,0.00,0.00,5.00,95719086.39,0.00
1.88,0.00,9.00,5416.00,1966.00,0.00,0.00,5.00,95591756.56,0.00
1.88,0.00,9.00,5406.00,1976.00,0.00,0.00,5.00,95460396.40,0.00
1.89,0.00,8.00,5402.00,1981.00,0.00,0.00,5.00,95334367.60,0.00
1.90,0.00,8.00,5392.00,1991.00,0.00,0.00,5.00,95204197.41,0.00
1.90,0.00,8.00,5382.00,2001.00,0.00,0.00,5.00,95070241.22,0.00
1.91,0.00,8.00,5377.00,2006.00,0.00,0.00,5.00,94940339.05,0.00
1.92,0.00,8.00,5372.00,2011.00,0.00,0.00,5.00,94814140.12,0.00
1.92,0.00,8.00,5368.00,2015.00,0.00,0.00,5.00,94692827.67,0.00
1.93,0.00,8.00,5360.00,2023.00,0.00,0.00,5.00,94569970.09,0.00
1.94,0.00,8.00,5351.00,2032.00,0.00,0.00,5.00,94444199.02,0.00
1.94,0.00,8.00,5342.00,2041.00,0.00,0.00,5.00,94315765.52,0.00
1.95,0.00,8.00,5330.00,2053.00,0.00,0.00,5.00,94180391.62,0.00
1.96,0.00,8.00,5325.00,2058.00,0.00,0.00,5.00,94049192.88,0.00
1.97,0.00,8.00,5316.00,2067.00,0.00,0.00,5.00,93915801.01,0.00
1.97,0.00,8.00,5306.00,2077.00,0.00,0.00,5.00,93778902.49,0.00
1.98,0.00,8.00,5297.00,2086.00,0.00,0.00,5.00,93640302.90,0.00
1.99,0.00,8.00,5290.00,2093.00,0.00,0.00,5.00,93503152.43,0.00
1.99,0.00,8.00,5281.00,2102.00,0.00,0.00,5.00,93364322.10,0.00
2.00,0.00,8.00,5269.00,2114.00,0.00,0.00,5.00,93219449.56,0.00
2.01,0.00,8.00,5262.00,2121.00,0.00,0.00,5.00,93076568.00,0.00
2.01,0.00,8.00,5257.00,2126.00,0.00,0.00,5.00,92938510.41,0.00
2.02,0.00,8.00,5246.00,2137.00,0.00,0.00,5.00,92795846.96,0.00
2.03,0.00,8.00,5237.00,2146.00,0.00,0.00,5.00,92651979.24,0.00
2.03,0.00,7.00,5232.00,2152.00,0.00,0.00,5.00,92513020.41,0.00
2.04,0.00,6.00,5227.00,2158.00,0.00,0.00,5.00,92378547.21,0.00
2.05,0.00,6.00,5218.00,2167.00,0.00,0.00,5.00,92242162.62,0.00
2.06,0.00,6.00,5211.00,2174.00,0.00,0.00,5.00,92107036.50,0.00
2.06,0.00,5.00,5206.00,2180.00,0.00,0.00,5.00,91976064.08,0.00
2.07,0.00,4.00,5195.00,2192.00,0.00,0.00,5.00,91839873.74,0.00
2.08,0.00,4.00,5190.00,2197.00,0.00,0.00,5.00,91707931.06,0.00
2.08,0.00,4.00,5183.00,2204.00,0.00,0.00,5.00,91576862.60,0.00
2.09,0.00,4.00,5176.00,2211.00,0.00,0.00,5.00,91446593.94,0.00
2.10,0.00,4.00,5167.00,2220.00,0.00,0.00,5.00,91314051.61,0.00
2.10,0.00,4.00,5163.00,2224.00,0.00,0.00,5.00,91186942.60,0.00
2.11,0.00,3.00,5155.00,2233.00,0.00,0.00,5.00,91058788.84,0.00
2.12,0.00,3.00,5146.00,2242.00,0.00,0.00,5.00,90928178.78,0.00
2.12,0.00,3.00,5141.00,2247.00,0.00,0.00,5.00,90801332.33,0.00
2.13,0.00,3.00,5133.00,2255.00,0.00,0.00,5.00,90673419.48,0.00
2.14,0.00,3.00,5119.00,2269.00,0.00,0.00,5.00,90535517.18,0.00
2.15,0.00,3.00,5111.00,2277.00,0.00,0.00,5.00,90397502.63,0.00
2.15,0.00,2.00,5106.00,2283.00,0.00,0.00,5.00,90263891.59,0.00
2.16,0.00,2.00,5099.00,2290.00,0.00,0.00,5.00,90131299.50,0.00
2.17,0.00,2.00,5089.00,2300.00,0.00,0.00,5.00,89995131.75,0.00
2.17,0.00,2.00,5082.00,2307.00,0.00,0.00,5.00,89860203.99,0.00
2.18,0.00,2.00,5075.00,2314.00,0.00,0.00,5.00,89726408.22,0.00
2.19,0.00,2.00,5063.00,2326.00,0.00,0.00,5.00,89586136.07,0.00
2.19,0.00,2.00,5050.00,2339.00,0.00,0.00,5.00,89438443.56,0.00
2.20,0.00,2.00,5037.00,2352.00,0.00,0.00,5.00,89283972.35,0.00
2.21,0.00,2.00,5027.00,2362.00,0.00,0.00,5.00,89127815.03,0.00
2.22,0.00,2.00,5019.00,2370.00,0.00,0.00,5.00,88973120.55,0.00
2.22,0.00,1.00,5012.00,2378.00,0.00,0.00,5.00,88821265.10,0.00
2.23,0.00,1.00,5005.00,2385.00,0.00,0.00,5.00,88672004.15,0.00
2.24,0.00,1.00,4998.00,2392.00,0.00,0.00,5.00,88525113.71,0.00
2.24,0.00,1.00,4991.00,2399.00,0.00,0.00,5.00,88380388.37,0.00
2.25,0.00,1.00,4985.00,2405.00,0.00,0.00,5.00,88239144.23,0.00
2.26,0.00,1.00,4977.00,2413.00,0.00,0.00,5.00,88098075.56,0.00
2.26,0.00,1.00,4971.00,2419.00,0.00,0.00,5.00,87960172.27,0.00
2.27,0.00,1.00,4962.00,2428.00,0.00,0.00,5.00,87820654.14,0.00
2.28,0.00,1.00,4953.00,2437.00,0.00,0.00,5.00,87679659.64,0.00
2.28,0.00,1.00,4946.00,2444.00,0.00,0.00,5.00,87540322.11,0.00
2.29,0.00,1.00,4936.00,2454.00,0.00,0.00,5.00,87397991.00,0.00
2.30,0.00,1.00,4924.00,2466.00,0.00,0.00,5.00,87249920.06,0.00
2.31,0.00,1.00,4918.00,2472.00,0.00,0.00,5.00,87105619.18,0.00
2.31,0.00,1.00,4912.00,2478.00,0.00,0.00,5.00,86964762.42,0.00
2.32,0.00,1.00,4906.00,2484.00,0.00,0.00,5.00,86827052.54,0.00
2.33,0.00,1.00,4898.00,2492.00,0.00,0.00,5.00,86689213.00,0.00
2.33,0.00,1.00,4889.00,2501.00,0.00,0.00,5.00,86549752.37,0.00
2.34,0.00,1.00,4882.00,2508.00,0.00,0.00,5.00,86411816.64,0.00
2.35,0.00,1.00,4874.00,2516.00,0.00,0.00,5.00,86273771.43,0.00
2.35,0.00,1.00,4862.00,2528.00,0.00,0.00,5.00,86129616.16,0.00
2.36,0.00,1.00,4854.00,2536.00,0.00,0.00,5.00,85985887.65,0.00
2.37,0.00,1.00,4847.00,2543.00,0.00,0.00,5.00,85844051.41,0.00
2.38,0.00,1.00,4840.00,2550.00,0.00,0.00,5.00,85703944.94,0.00
2.38,0.00,1.00,4831.00,2559.00,0.00,0.00,5.00,85562413.09,0.00
2.39,0.00,1.00,4821.00,2569.00,0.00,0.00,5.00,85418077.01,0.00
2.40,0.00,1.00,4810.00,2580.00,0.00,0.00,5.00,85269676.83,0.00
2.40,0.00,1.00,4805.00,2585.00,0.00,0.00,5.00,85126576.93,0.00
2.41,0.00,1.00,4794.00,2596.00,0.00,0.00,5.00,84979306.96,0.00
2.42,0.00,1.00,4784.00,2606.00,0.00,0.00,5.00,84829728.22,0.00
2.42,0.00,1.00,4777.00,2613.00,0.00,0.00,5.00,84682546.51,0.00
2.43,0.00,1.00,4771.00,2619.00,0.00,0.00,5.00,84539057.88,0.00
2.44,0.00,1.00,4763.00,2627.00,0.00,0.00,5.00,84395938.95,0.00
2.44,0.00,1.00,4755.00,2635.00,0.00,0.00,5.00,84253157.73,0.00
2.45,0.00,1.00,4746.00,2644.00,0.00,0.00,5.00,84109182.21,0.00
2.46,0.00,1.00,4739.00,2651.00,0.00,0.00,5.00,83967120.57,0.00
2.47,0.00,1.00,4728.00,2662.00,0.00,0.00,5.00,83820798.48,0.00
2.47,0.00,1.00,4720.00,2670.00,0.00,0.00,5.00,83675090.70,0.00
2.48,0.00,1.00,4704.00,2686.00,0.00,0.00,5.00,83517925.86,0.00
2.49,0.00,1.00,4698.00,2692.00,0.00,0.00,5.00,83365315.86,0.00
2.49,0.00,1.00,4684.00,2706.00,0.00,0.00,5.00,83204849.41,0.00
2.50,0.00,0.00,4680.00,2711.00,0.00,0.00,5.00,83052227.31,0.00
2.51,0.00,0.00,4674.00,2717.00,0.00,0.00,5.00,82903767.40,0.00
2.51,0.00,0.00,4666.00,2725.00,0.00,0.00,5.00,82756106.33,0.00
2.52,0.00,0.00,4661.00,2730.00,0.00,0.00,5.00,82613681.75,0.00
2.53,0.00,0.00,4653.00,2738.00,0.00,0.00,5.00,82471534.96,0.00
2.53,0.00,0.00,4648.00,2743.00,0.00,0.00,5.00,82334148.19,0.00
2.54,0.00,0.00,4638.00,2753.00,0.00,0.00,5.00,82193600.12,0.00
2.55,0.00,0.00,4631.00,2760.00,0.00,0.00,5.00,82054669.90,0.00
2.56,0.00,0.00,4621.00,2770.00,0.00,0.00,5.00,81912710.74,0.00
2.56,0.00,0.00,4609.00,2782.00,0.00,0.00,5.00,81764980.37,0.00
2.57,0.00,0.00,4598.00,2793.00,0.00,0.00,5.00,81613478.41,0.00
2.58,0.00,0.00,4592.00,2799.00,0.00,0.00,5.00,81466042.27,0.00
2.58,0.00,0.00,4584.00,2807.00,0.00,0.00,5.00,81319316.54,0.00
2.59,0.00,0.00,4577.00,2814.00,0.00,0.00,5.00,81174742.14,0.00
2.60,0.00,0.00,4570.00,2821.00,0.00,0.00,5.00,81032132.78,0.00
2.60,0.00,0.00,4556.00,2835.00,0.00,0.00,5.00,80880804.12,0.00
2.61,0.00,0.00,4551.00,2840.00,0.00,0.00,5.00,80735027.85,0.00
2.62,0.00,0.00,4543.00,2848.00,0.00,0.00,5.00,80589819.26,0.00
2.62,0.00,0.00,4538.00,2853.00,0.00,0.00,5.00,80449636.51,0.00
2.63,0.00,0.00,4528.00,2863.00,0.00,0.00,5.00,80306532.50,0.00
2.64,0.00,0.00,4517.00,2874.00,0.00,0.00,5.00,80159257.96,0.00
2.65,0.00,0.00,4509.00,2882.00,0.00,0.00,5.00,80012680.33,0.00
2.65,0.00,0.00,4498.00,2893.00,0.00,0.00,5.00,79862232.41,0.00
2.66,0.00,0.00,4491.00,2900.00,0.00,0.00,5.00,79714256.20,0.00
2.67,0.00,0.00,4480.00,2911.00,0.00,0.00,5.00,79562530.21,0.00
2.67,0.00,0.00,4469.00,2922.00,0.00,0.00,5.00,79407378.24,0.00
2.68,0.00,0.00,4461.00,2930.00,0.00,0.00,5.00,79253602.27,0.00
2.69,0.00,0.00,4452.00,2939.00,0.00,0.00,5.00,79099581.76,0.00
2.69,0.00,0.00,4447.00,2944.00,0.00,0.00,5.00,78951347.42,0.00
2.70,0.00,0.00,4437.00,2954.00,0.00,0.00,5.00,78800886.40,0.00
2.71,0.00,0.00,4433.00,2958.00,0.00,0.00,5.00,78657406.36,0.00
2.72,0.00,0.00,4425.00,2966.00,0.00,0.00,5.00,78514295.52,0.00
2.72,0.00,0.00,4418.00,2973.00,0.00,0.00,5.00,78373024.24,0.00
2.73,0.00,0.00,4409.00,2982.00,0.00,0.00,5.00,78230428.47,0.00
2.74,0.00,0.00,4404.00,2987.00,0.00,0.00,5.00,78092632.90,0.00
2.74,0.00,0.00,4393.00,2998.00,0.00,0.00,5.00,77950208.36,0.00
2.75,0.00,0.00,4385.00,3006.00,0.00,0.00,5.00,77808061.88,0.00
2.76,0.00,0.00,4382.00,3009.00,0.00,0.00,5.00,77673679.56,0.00
2.76,0.00,0.00,4374.00,3017.00,0.00,0.00,5.00,77538880.55,0.00
2.77,0.00,0.00,4368.00,3023.00,0.00,0.00,5.00,77406705.27,0.00
2.78,0.00,0.00,4360.00,3031.00,0.00,0.00,5.00,77273923.46,0.00
2.78,0.00,0.00,4355.00,3036.00,0.00,0.00,5.00,77145092.98,0.00
2.79,0.00,0.00,4341.00,3050.00,0.00,0.00,5.00,77006353.24,0.00
2.80,0.00,0.00,4336.00,3055.00,0.00,0.00,5.00,76872079.79,0.00
2.81,0.00,0.00,4330.00,3061.00,0.00,0.00,5.00,76740384.44,0.00
2.81,0.00,0.00,4325.00,3066.00,0.00,0.00,5.00,76612547.54,0.00
2.82,0.00,0.00,4320.00,3071.00,0.00,0.00,5.00,76488236.24,0.00
2.83,0.00,0.00,4315.00,3076.00,0.00,0.00,5.00,76367145.33,0.00
2.83,0.00,0.00,4305.00,3086.00,0.00,0.00,5.00,76241485.88,0.00
2.84,0.00,0.00,4296.00,3095.00,0.00,0.00,5.00,76113153.49,0.00
2.85,0.00,0.00,4290.00,3101.00,0.00,0.00,5.00,75986887.57,0.00
2.85,0.00,0.00,4285.00,3106.00,0.00,0.00,5.00,75864011.33,0.00
2.86,0.00,0.00,4277.00,3114.00,0.00,0.00,5.00,75739725.25,0.00
2.87,0.00,0.00,4272.00,3119.00,0.00,0.00,5.00,75618657.61,0.00
2.88,0.00,0.00,4267.00,3124.00,0.00,0.00,5.00,75500530.94,0.00
2.88,0.00,0.00,4258.00,3133.00,0.00,0.00,5.00,75379081.58,0.00
2.89,0.00,0.00,4249.00,3142.00,0.00,0.00,5.00,75254596.07,0.00
2.90,0.00,0.00,4240.00,3151.00,0.00,0.00,5.00,75127337.76,0.00
2.90,0.00,0.00,4232.00,3159.00,0.00,0.00,5.00,74999047.58,0.00
2.91,0.00,0.00,4227.00,3164.00,0.00,0.00,5.00,74874321.57,0.00
2.92,0.00,0.00,4214.00,3177.00,0.00,0.00,5.00,74740833.15,0.00
2.92,0.00,0.00,4210.00,3181.00,0.00,0.00,5.00,74612861.10,0.00
2.93,0.00,0.00,4204.00,3187.00,0.00,0.00,5.00,74486922.61,0.00
2.94,0.00,0.00,4195.00,3196.00,0.00,0.00,5.00,74358336.28,0.00
2.94,0.00,0.00,4189.00,3202.00,0.00,0.00,5.00,74231837.87,0.00
2.95,0.00,0.00,4176.00,3215.00,0.00,0.00,5.00,74096731.64,0.00
2.96,0.00,0.00,4167.00,3224.00,0.00,0.00,5.00,73959768.46,0.00
2.97,0.00,0.00,4159.00,3232.00,0.00,0.00,5.00,73822610.60,0.00
2.97,0.00,0.00,4154.00,3237.00,0.00,0.00,5.00,73689782.83,0.00
2.98,0.00,0.00,4149.00,3242.00,0.00,0.00,5.00,73560911.17,0.00
2.99,0.00,0.00,4142.00,3249.00,0.00,0.00,5.00,73432650.01,0.00
2.99,0.00,0.00,4132.00,3259.00,0.00,0.00,5.00,73300439.16,0.00
3.00,0.00,0.00,4127.00,3264.00,0.00,0.00,5.00,73172131.06,0.00
3.01,0.00,0.00,4122.00,3269.00,0.00,0.00,5.00,73047388.75,0.00
3.01,0.00,0.00,4111.00,3280.00,0.00,0.00,5.00,72916890.86,0.00
3.02,0.00,0.00,4106.00,3285.00,0.00,0.00,5.00,72790147.28,0.00
3.03,0.00,0.00,4098.00,3293.00,0.00,0.00,5.00,72662327.77,0.00
3.03,0.00,0.00,4089.00,3302.00,0.00,0.00,5.00,72532023.11,0.00
3.04,0.00,0.00,4080.00,3311.00,0.00,0.00,5.00,72399447.68,0.00
3.05,0.00,0.00,4071.00,3320.00,0.00,0.00,5.00,72264797.32,0.00
3.06,0.00,0.00,4064.00,3327.00,0.00,0.00,5.00,72131256.11,0.00
3.06,0.00,0.00,4055.00,3336.00,0.00,0.00,5.00,71995722.33,0.00
3.07,0.00,0.00,4046.00,3345.00,0.00,0.00,5.00,71858369.33,0.00
3.08,0.00,0.00,4038.00,3353.00,0.00,0.00,5.00,71720855.97,0.00
3.08,0.00,0.00,4035.00,3356.00,0.00,0.00,5.00,71590707.55,0.00
3.09,0.00,0.00,4029.00,3362.00,0.00,0.00,5.00,71462782.55,0.00
3.10,0.00,0.00,4018.00,3373.00,0.00,0.00,5.00,71329376.39,0.00
3.10,0.00,0.00,4016.00,3375.00,0.00,0.00,5.00,71204482.40,0.00
3.11,0.00,0.00,4009.00,3382.00,0.00,0.00,5.00,71079854.85,0.00
3.12,0.00,0.00,3998.00,3393.00,0.00,0.00,5.00,70949461.07,0.00
3.12,0.00,0.00,3990.00,3401.00,0.00,0.00,5.00,70818307.36,0.00
3.13,0.00,0.00,3986.00,3405.00,0.00,0.00,5.00,70692467.11,0.00
3.14,0.00,0.00,3980.00,3411.00,0.00,0.00,5.00,70568477.67,0.00
3.15,0.00,0.00,3970.00,3421.00,0.00,0.00,5.00,70440169.62,0.00
3.15,0.00,0.00,3968.00,3423.00,0.00,0.00,5.00,70319934.58,0.00
3.16,0.00,0.00,3960.00,3431.00,0.00,0.00,5.00,70198061.02,0.00
3.17,0.00,0.00,3952.00,3439.00,0.00,0.00,5.00,70074691.03,0.00
3.17,0.00,0.00,3941.00,3450.00,0.00,0.00,5.00,69945446.15,0.00
3.18,0.00,0.00,3933.00,3458.00,0.00,0.00,5.00,69815341.15,0.00
3.19,0.00,0.00,3925.00,3466.00,0.00,0.00,5.00,69684450.67,0.00
3.19,0.00,0.00,3919.00,3472.00,0.00,0.00,5.00,69555845.96,0.00
3.20,0.00,0.00,3911.00,3480.00,0.00,0.00,5.00,69426325.67,0.00
3.21,0.00,0.00,3901.00,3490.00,0.00,0.00,5.00,69292965.05,0.00
3.22,0.00,0.00,3891.00,3500.00,0.00,0.00,5.00,69156094.62,0.00
3.22,0.00,0.00,3882.00,3509.00,0.00,0.00,5.00,69017519.78,0.00
3.23,0.00,0.00,3876.00,3515.00,0.00,0.00,5.00,68881894.93,0.00
3.24,0.00,0.00,3864.00,3527.00,0.00,0.00,5.00,68739951.41,0.00
3.24,0.00,0.00,3860.00,3531.00,0.00,0.00,5.00,68604253.35,0.00
3.25,0.00,0.00,3853.00,3538.00,0.00,0.00,5.00,68469754.42,0.00
3.26,0.00,0.00,3844.00,3547.00,0.00,0.00,5.00,68333346.66,0.00
3.26,0.00,0.00,3840.00,3551.00,0.00,0.00,5.00,68202706.23,0.00
3.27,0.00,0.00,3834.00,3557.00,0.00,0.00,5.00,68074330.72,0.00
3.28,0.00,0.00,3825.00,3566.00,0.00,0.00,5.00,67943517.72,0.00
3.28,0.00,0.00,3823.00,3568.00,0.00,0.00,5.00,67820993.70,0.00
3.29,0.00,0.00,3815.00,3576.00,0.00,0.00,5.00,67697029.06,0.00
3.30,0.00,0.00,3804.00,3587.00,0.00,0.00,5.00,67567241.02,0.00
3.31,0.00,0.00,3794.00,3597.00,0.00,0.00,5.00,67433635.72,0.00
3.31,0.00,0.00,3788.00,3603.00,0.00,0.00,5.00,67302550.68,0.00
3.32,0.00,0.00,3777.00,3614.00,0.00,0.00,5.00,67166257.68,0.00
3.33,0.00,0.00,3771.00,3620.00,0.00,0.00,5.00,67032717.58,0.00
3.33,0.00,0.00,3763.00,3628.00,0.00,0.00,5.00,66898688.04,0.00
3.34,0.00,0.00,3758.00,3633.00,0.00,0.00,5.00,66768718.46,0.00
3.35,0.00,0.00,3747.00,3644.00,0.00,0.00,5.00,66633443.74,0.00
3.35,0.00,0.00,3739.00,3652.00,0.00,0.00,5.00,66497829.66,0.00
3.36,0.00,0.00,3730.00,3661.00,0.00,0.00,5.00,66360403.19,0.00
3.37,0.00,0.00,3718.00,3673.00,0.00,0.00,5.00,66216813.67,0.00
3.38,0.00,0.00,3712.00,3679.00,0.00,0.00,5.00,66076606.43,0.00
3.38,0.00,0.00,3702.00,3689.00,0.00,0.00,5.00,65933481.42,0.00
3.39,0.00,0.00,3697.00,3694.00,0.00,0.00,5.00,65795201.38,0.00
3.40,0.00,0.00,3692.00,3699.00,0.00,0.00,5.00,65661348.16,0.00
3.40,0.00,0.00,3683.00,3708.00,0.00,0.00,5.00,65525530.19,0.00
3.41,0.00,0.00,3679.00,3712.00,0.00,0.00,5.00,65395428.80,0.00
3.42,0.00,0.00,3668.00,3723.00,0.00,0.00,5.00,65260034.20,0.00
3.42,0.00,0.00,3658.00,3733.00,0.00,0.00,5.00,65121305.72,0.00
3.43,0.00,0.00,3653.00,3738.00,0.00,0.00,5.00,64987042.79,0.00
3.44,0.00,0.00,3647.00,3744.00,0.00,0.00,5.00,64855356.98,0.00
3.44,0.00,0.00,3644.00,3747.00,0.00,0.00,5.00,64730533.66,0.00
3.45,0.00,0.00,3638.00,3753.00,0.00,0.00,5.00,64607473.05,0.00
3.46,0.00,0.00,3629.00,3762.00,0.00,0.00,5.00,64481515.67,0.00
3.47,0.00,0.00,3625.00,3766.00,0.00,0.00,5.00,64360423.48,0.00
3.47,0.00,0.00,3616.00,3775.00,0.00,0.00,5.00,64236265.18,0.00
3.48,0.00,0.00,3609.00,3782.00,0.00,0.00,5.00,64112309.97,0.00
3.49,0.00,0.00,3600.00,3791.00,0.00,0.00,5.00,63985535.72,0.00
3.49,0.00,0.00,3590.00,3801.00,0.00,0.00,5.00,63854682.95,0.00
3.50,0.00,0.00,3580.00,3811.00,0.00,0.00,5.00,63720103.96,0.00
3.51,0.00,0.00,3572.00,3819.00,0.00,0.00,5.00,63585125.24,0.00
3.51,0.00,0.00,3561.00,3830.00,0.00,0.00,5.00,63445274.38,0.00
3.52,0.00,0.00,3550.00,3841.00,0.00,0.00,5.00,63300972.14,0.00
3.53,0.00,0.00,3547.00,3844.00,0.00,0.00,5.00,63164620.95,0.00
3.53,0.00,0.00,3538.00,3853.00,0.00,0.00,5.00,63026520.84,0.00
3.54,0.00,0.00,3529.00,3862.00,0.00,0.00,5.00,62886822.85,0.00
3.55,0.00,0.00,3523.00,3868.00,0.00,0.00,5.00,62750171.71,0.00
3.56,0.00,0.00,3518.00,3873.00,0.00,0.00,5.00,62617806.35,0.00
3.56,0.00,0.00,3508.00,3883.00,0.00,0.00,5.00,62481846.04,0.00
3.57,0.00,0.00,3500.00,3891.00,0.00,0.00,5.00,62345605.42,0.00
3.58,0.00,0.00,3487.00,3904.00,0.00,0.00,5.00,62201597.15,0.00
3.58,0.00,0.00,3486.00,3905.00,0.00,0.00,5.00,62068519.34,0.00
3.59,0.00,0.00,3483.00,3908.00,0.00,0.00,5.00,61942423.54,0.00
3.60,0.00,0.00,3476.00,3915.00,0.00,0.00,5.00,61816697.89,0.00
3.60,0.00,0.00,3470.00,3921.00,0.00,0.00,5.00,61692812.94,0.00
3.61,0.00,0.00,3464.00,3927.00,0.00,0.00,5.00,61570609.64,0.00
3.62,0.00,0.00,3460.00,3931.00,0.00,0.00,5.00,61452947.49,0.00
3.62,0.00,0.00,3449.00,3942.00,0.00,0.00,5.00,61328918.44,0.00
3.63,0.00,0.00,3444.00,3947.00,0.00,0.00,5.00,61208085.79,0.00
3.64,0.00,0.00,3438.00,3953.00,0.00,0.00,5.00,61088671.25,0.00
3.65,0.00,0.00,3431.00,3960.00,0.00,0.00,5.00,60969050.06,0.00
3.65,0.00,0.00,3426.00,3965.00,0.00,0.00,5.00,60852244.23,0.00
3.66,0.00,0.00,3420.00,3971.00,0.00,0.00,5.00,60736509.14,0.00
3.67,0.00,0.00,3414.00,3977.00,0.00,0.00,5.00,60621752.28,0.00
3.67,0.00,0.00,3408.00,3983.00,0.00,0.00,5.00,60507888.92,0.00
3.68,0.00,0.00,3407.00,3984.00,0.00,0.00,5.00,60402353.46,0.00
3.69,0.00,0.00,3398.00,3993.00,0.00,0.00,5.00,60292409.05,0.00
3.69,0.00,0.00,3391.00,4000.00,0.00,0.00,5.00,60181440.21,0.00
3.70,0.00,0.00,3387.00,4004.00,0.00,0.00,5.00,60074042.59,0.00
3.71,0.00,0.00,3377.00,4014.00,0.00,0.00,5.00,59960893.98,0.00
3.72,0.00,0.00,3374.00,4017.00,0.00,0.00,5.00,59853007.23,0.00
3.72,0.00,0.00,3365.00,4026.00,0.00,0.00,5.00,59740913.72,0.00
3.73,0.00,0.00,3360.00,4031.00,0.00,0.00,5.00,59630986.15,0.00
3.74,0.00,0.00,3346.00,4045.00,0.00,0.00,5.00,59509516.45,0.00
3.74,0.00,0.00,3338.00,4053.00,0.00,0.00,5.00,59386515.31,0.00
3.75,0.00,0.00,3320.00,4071.00,0.00,0.00,5.00,59247092.29,0.00
3.76,0.00,0.00,3313.00,4078.00,0.00,0.00,5.00,59109189.93,0.00
3.76,0.00,0.00,3306.00,4085.00,0.00,0.00,5.00,58972676.90,0.00
3.77,0.00,0.00,3299.00,4092.00,0.00,0.00,5.00,58837433.73,0.00
3.78,0.00,0.00,3291.00,4100.00,0.00,0.00,5.00,58701848.06,0.00
3.78,0.00,0.00,3284.00,4107.00,0.00,0.00,5.00,58567452.27,0.00
3.79,0.00,0.00,3278.00,4113.00,0.00,0.00,5.00,58435644.95,0.00
3.80,0.00,0.00,3273.00,4118.00,0.00,0.00,5.00,58307705.61,0.00
3.81,0.00,0.00,3266.00,4125.00,0.00,0.00,5.00,58180295.87,0.00
3.81,0.00,0.00,3261.00,4130.00,0.00,0.00,5.00,58056374.43,0.00
3.82,0.00,0.00,3251.00,4140.00,0.00,0.00,5.00,57928128.56,0.00
3.83,0.00,0.00,3245.00,4146.00,0.00,0.00,5.00,57801940.44,0.00
3.83,0.00,0.00,3239.00,4152.00,0.00,0.00,5.00,57677633.53,0.00
3.84,0.00,0.00,3232.00,4159.00,0.00,0.00,5.00,57553541.89,0.00
3.85,0.00,0.00,3227.00,4164.00,0.00,0.00,5.00,57432652.63,0.00
3.85,0.00,0.00,3221.00,4170.00,0.00,0.00,5.00,57313186.04,0.00
3.86,0.00,0.00,3214.00,4177.00,0.00,0.00,5.00,57193517.51,0.00
3.87,0.00,0.00,3207.00,4184.00,0.00,0.00,5.00,57073664.14,0.00
3.88,0.00,0.00,3194.00,4197.00,0.00,0.00,5.00,56944628.21,0.00
3.88,0.00,0.00,3186.00,4205.00,0.00,0.00,5.00,56814714.48,0.00
3.89,0.00,0.00,3183.00,4208.00,0.00,0.00,5.00,56691509.06,0.00
3.90,0.00,0.00,3177.00,4214.00,0.00,0.00,5.00,56569927.47,0.00
3.90,0.00,0.00,3174.00,4217.00,0.00,0.00,5.00,56454335.23,0.00
3.91,0.00,0.00,3165.00,4226.00,0.00,0.00,5.00,56335201.90,0.00
3.92,0.00,0.00,3153.00,4238.00,0.00,0.00,5.00,56208325.65,0.00
3.92,0.00,0.00,3143.00,4248.00,0.00,0.00,5.00,56077380.43,0.00
3.93,0.00,0.00,3137.00,4254.00,0.00,0.00,5.00,55948726.80,0.00
3.94,0.00,0.00,3133.00,4258.00,0.00,0.00,5.00,55825170.70,0.00
3.94,0.00,0.00,3124.00,4267.00,0.00,0.00,5.00,55698761.13,0.00
3.95,0.00,0.00,3121.00,4270.00,0.00,0.00,5.00,55578758.06,0.00
3.96,0.00,0.00,3115.00,4276.00,0.00,0.00,5.00,55460101.29,0.00
3.97,0.00,0.00,3110.00,4281.00,0.00,0.00,5.00,55344177.26,0.00
3.97,0.00,0.00,3108.00,4283.00,0.00,0.00,5.00,55235256.78,0.00
3.98,0.00,0.00,3100.00,4291.00,0.00,0.00,5.00,55123721.56,0.00
3.99,0.00,0.00,3094.00,4297.00,0.00,0.00,5.00,55012801.89,0.00
3.99,0.00,0.00,3085.00,4306.00,0.00,0.00,5.00,54897937.45,0.00
4.00,0.00,0.00,3075.00,4316.00,0.00,0.00,5.00,54777966.73,0.00
4.01,0.00,0.00,3068.00,4323.00,0.00,0.00,5.00,54657837.34,0.00
4.01,0.00,0.00,3059.00,4332.00,0.00,0.00,5.00,54534558.30,0.00
4.02,0.00,0.00,3050.00,4341.00,0.00,0.00,5.00,54408401.87,0.00
4.03,0.00,0.00,3043.00,4348.00,0.00,0.00,5.00,54282620.86,0.00
4.03,0.00,0.00,3039.00,4352.00,0.00,0.00,5.00,54161689.23,0.00
4.04,0.00,0.00,3027.00,4364.00,0.00,0.00,5.00,54033170.95,0.00
4.05,0.00,0.00,3020.00,4371.00,0.00,0.00,5.00,53905232.17,0.00
4.06,0.00,0.00,3011.00,4380.00,0.00,0.00,5.00,53774818.07,0.00
4.06,0.00,0.00,3003.00,4388.00,0.00,0.00,5.00,53643644.48,0.00
4.07,0.00,0.00,2993.00,4398.00,0.00,0.00,5.00,53508772.27,0.00
4.08,0.00,0.00,2985.00,4406.00,0.00,0.00,5.00,53373525.93,0.00
4.08,0.00,0.00,2976.00,4415.00,0.00,0.00,5.00,53236435.38,0.00
4.09,0.00,0.00,2966.00,4425.00,0.00,0.00,5.00,53096156.82,0.00
4.10,0.00,0.00,2957.00,4434.00,0.00,0.00,5.00,52954468.36,0.00
4.10,0.00,0.00,2951.00,4440.00,0.00,0.00,5.00,52815998.88,0.00
4.11,0.00,0.00,2939.00,4452.00,0.00,0.00,5.00,52671456.33,0.00
4.12,0.00,0.00,2930.00,4461.00,0.00,0.00,5.00,52525871.44,0.00
4.12,0.00,0.00,2919.00,4472.00,0.00,0.00,5.00,52376330.30,0.00
4.13,0.00,0.00,2908.00,4483.00,0.00,0.00,5.00,52223174.73,0.00
4.14,0.00,0.00,2901.00,4490.00,0.00,0.00,5.00,52072725.62,0.00
4.15,0.00,0.00,2893.00,4498.00,0.00,0.00,5.00,51923246.85,0.00
4.15,0.00,0.00,2887.00,4504.00,0.00,0.00,5.00,51777659.33,0.00
4.16,0.00,0.00,2881.00,4510.00,0.00,0.00,5.00,51635626.82,0.00
4.17,0.00,0.00,2873.00,4518.00,0.00,0.00,5.00,51493838.31,0.00
4.17,0.00,0.00,2869.00,4522.00,0.00,0.00,5.00,51358281.47,0.00
4.18,0.00,0.00,2863.00,4528.00,0.00,0.00,5.00,51225414.31,0.00
4.19,0.00,0.00,2857.00,4534.00,0.00,0.00,5.00,51095004.22,0.00
4.19,0.00,0.00,2848.00,4543.00,0.00,0.00,5.00,50962332.12,0.00
4.20,0.00,0.00,2843.00,4548.00,0.00,0.00,5.00,50833602.73,0.00
4.21,0.00,0.00,2836.00,4555.00,0.00,0.00,5.00,50705470.72,0.00
4.22,0.00,0.00,2828.00,4563.00,0.00,0.00,5.00,50576382.35,0.00
4.22,0.00,0.00,2823.00,4568.00,0.00,0.00,5.00,50450926.99,0.00
4.23,0.00,0.00,2818.00,4573.00,0.00,0.00,5.00,50328791.46,0.00
4.24,0.00,0.00,2811.00,4580.00,0.00,0.00,5.00,50206684.15,0.00
4.24,0.00,0.00,2807.00,4584.00,0.00,0.00,5.00,50089109.73,0.00
4.25,0.00,0.00,2792.00,4599.00,0.00,0.00,5.00,49959151.46,0.00
4.26,0.00,0.00,2782.00,4609.00,0.00,0.00,5.00,49825389.67,0.00
4.26,0.00,0.00,2778.00,4613.00,0.00,0.00,5.00,49697166.81,0.00
4.27,0.00,0.00,2771.00,4620.00,0.00,0.00,5.00,49569498.27,0.00
4.28,0.00,0.00,2766.00,4625.00,0.00,0.00,5.00,49445340.09,0.00
4.28,0.00,0.00,2758.00,4633.00,0.00,0.00,5.00,49319882.20,0.00
4.29,0.00,0.00,2753.00,4638.00,0.00,0.00,5.00,49197744.02,0.00
4.30,0.00,0.00,2746.00,4645.00,0.00,0.00,5.00,49075634.58,0.00
4.31,0.00,0.00,2742.00,4649.00,0.00,0.00,5.00,48958058.06,0.00
4.31,0.00,0.00,2731.00,4660.00,0.00,0.00,5.00,48834106.99,0.00
4.32,0.00,0.00,2728.00,4663.00,0.00,0.00,5.00,48716350.15,0.00
4.33,0.00,0.00,2717.00,4674.00,0.00,0.00,5.00,48592234.37,0.00
4.33,0.00,0.00,2710.00,4681.00,0.00,0.00,5.00,48468317.84,0.00
4.34,0.00,0.00,2704.00,4687.00,0.00,0.00,5.00,48346085.66,0.00
4.35,0.00,0.00,2700.00,4691.00,0.00,0.00,5.00,48228397.31,0.00
4.35,0.00,0.00,2696.00,4695.00,0.00,0.00,5.00,48114860.04,0.00
4.36,0.00,0.00,2690.00,4701.00,0.00,0.00,5.00,48002111.13,0.00
4.37,0.00,0.00,2686.00,4705.00,0.00,0.00,5.00,47893086.82,0.00
4.38,0.00,0.00,2676.00,4715.00,0.00,0.00,5.00,47778452.11,0.00
4.38,0.00,0.00,2672.00,4719.00,0.00,0.00,5.00,47667705.24,0.00
4.39,0.00,0.00,2665.00,4726.00,0.00,0.00,5.00,47556003.29,0.00
4.40,0.00,0.00,2655.00,4736.00,0.00,0.00,5.00,47438922.10,0.00
4.40,0.00,0.00,2647.00,4744.00,0.00,0.00,5.00,47319930.28,0.00
4.41,0.00,0.00,2637.00,4754.00,0.00,0.00,5.00,47196188.54,0.00
4.42,0.00,0.00,2628.00,4763.00,0.00,0.00,5.00,47069609.03,0.00
4.42,0.00,0.00,2620.00,4771.00,0.00,0.00,5.00,46941939.35,0.00
4.43,0.00,0.00,2615.00,4776.00,0.00,0.00,5.00,46817780.45,0.00
4.44,0.00,0.00,2608.00,4783.00,0.00,0.00,5.00,46693824.40,0.00
4.44,0.00,0.00,2598.00,4793.00,0.00,0.00,5.00,46565546.57,0.00
4.45,0.00,0.00,2588.00,4803.00,0.00,0.00,5.00,46433320.68,0.00
4.46,0.00,0.00,2579.00,4812.00,0.00,0.00,5.00,46298989.60,0.00
4.47,0.00,0.00,2570.00,4821.00,0.00,0.00,5.00,46162734.84,0.00
4.47,0.00,0.00,2561.00,4830.00,0.00,0.00,5.00,46024722.77,0.00
4.48,0.00,0.00,2556.00,4835.00,0.00,0.00,5.00,45891114.48,0.00
4.49,0.00,0.00,2547.00,4844.00,0.00,0.00,5.00,45755520.18,0.00
4.49,0.00,0.00,2538.00,4853.00,0.00,0.00,5.00,45618111.46,0.00
4.50,0.00,0.00,2534.00,4857.00,0.00,0.00,5.00,45486556.75,0.00
4.51,0.00,0.00,2526.00,4865.00,0.00,0.00,5.00,45354341.17,0.00
4.51,0.00,0.00,2516.00,4875.00,0.00,0.00,5.00,45218517.35,0.00
4.52,0.00,0.00,2510.00,4881.00,0.00,0.00,5.00,45085405.42,0.00
4.53,0.00,0.00,2505.00,4886.00,0.00,0.00,5.00,44956274.87,0.00
4.53,0.00,0.00,2497.00,4894.00,0.00,0.00,5.00,44826273.76,0.00
4.54,0.00,0.00,2489.00,4902.00,0.00,0.00,5.00,44695477.57,0.00
4.55,0.00,0.00,2481.00,4910.00,0.00,0.00,5.00,44563955.32,0.00
4.56,0.00,0.00,2476.00,4915.00,0.00,0.00,5.00,44436276.53,0.00
4.56,0.00,0.00,2472.00,4919.00,0.00,0.00,5.00,44313611.12,0.00
4.57,0.00,0.00,2468.00,4923.00,0.00,0.00,5.00,44195526.60,0.00
4.58,0.00,0.00,2455.00,4936.00,0.00,0.00,5.00,44068107.17,0.00
4.58,0.00,0.00,2443.00,4948.00,0.00,0.00,5.00,43933660.44,0.00
4.59,0.00,0.00,2438.00,4953.00,0.00,0.00,5.00,43803309.60,0.00
4.60,0.00,0.00,2430.00,4961.00,0.00,0.00,5.00,43672194.63,0.00
4.60,0.00,0.00,2421.00,4970.00,0.00,0.00,5.00,43538877.65,0.00
4.61,0.00,0.00,2417.00,4974.00,0.00,0.00,5.00,43411061.37,0.00
4.62,0.00,0.00,2408.00,4983.00,0.00,0.00,5.00,43280759.37,0.00
4.62,0.00,0.00,2403.00,4988.00,0.00,0.00,5.00,43154195.67,0.00
4.63,0.00,0.00,2395.00,4996.00,0.00,0.00,5.00,43026539.62,0.00
4.64,0.00,0.00,2390.00,5001.00,0.00,0.00,5.00,42902393.47,0.00
4.65,0.00,0.00,2384.00,5007.00,0.00,0.00,5.00,42779951.57,0.00
4.65,0.00,0.00,2378.00,5013.00,0.00,0.00,5.00,42659066.57,0.00
4.66,0.00,0.00,2372.00,5019.00,0.00,0.00,5.00,42539603.99,0.00
4.67,0.00,0.00,2367.00,5024.00,0.00,0.00,5.00,42422943.47,0.00
4.67,0.00,0.00,2356.00,5035.00,0.00,0.00,5.00,42299829.53,0.00
4.68,0.00,0.00,2353.00,5038.00,0.00,0.00,5.00,42182838.12,0.00
4.69,0.00,0.00,2347.00,5044.00,0.00,0.00,5.00,42066933.05,0.00
4.69,0.00,0.00,2346.00,5045.00,0.00,0.00,5.00,41959532.06,0.00
4.70,0.00,0.00,2340.00,5051.00,0.00,0.00,5.00,41852389.81,0.00
4.71,0.00,0.00,2333.00,5058.00,0.00,0.00,5.00,41743981.25,0.00
4.72,0.00,0.00,2324.00,5067.00,0.00,0.00,5.00,41631411.41,0.00
4.72,0.00,0.00,2317.00,5074.00,0.00,0.00,5.00,41518043.84,0.00
4.73,0.00,0.00,2309.00,5082.00,0.00,0.00,5.00,41402444.97,0.00
4.74,0.00,0.00,2307.00,5084.00,0.00,0.00,5.00,41293821.89,0.00
4.74,0.00,0.00,2300.00,5091.00,0.00,0.00,5.00,41184060.54,0.00
4.75,0.00,0.00,2298.00,5093.00,0.00,0.00,5.00,41080771.15,0.00
4.76,0.00,0.00,2292.00,5099.00,0.00,0.00,5.00,40977384.97,0.00
4.76,0.00,0.00,2288.00,5103.00,0.00,0.00,5.00,40876915.42,0.00
4.77,0.00,0.00,2277.00,5114.00,0.00,0.00,5.00,40768594.59,0.00
4.78,0.00,0.00,2270.00,5121.00,0.00,0.00,5.00,40659109.51,0.00
4.78,0.00,0.00,2265.00,5126.00,0.00,0.00,5.00,40551565.07,0.00
4.79,0.00,0.00,2258.00,5133.00,0.00,0.00,5.00,40442789.25,0.00
4.80,0.00,0.00,2252.00,5139.00,0.00,0.00,5.00,40334390.90,0.00
4.81,0.00,0.00,2249.00,5142.00,0.00,0.00,5.00,40230843.67,0.00
4.81,0.00,0.00,2243.00,5148.00,0.00,0.00,5.00,40127222.53,0.00
4.82,0.00,0.00,2236.00,5155.00,0.00,0.00,5.00,40022030.90,0.00
4.83,0.00,0.00,2232.00,5159.00,0.00,0.00,5.00,39919912.11,0.00
4.83,0.00,0.00,2228.00,5163.00,0.00,0.00,5.00,39820600.32,0.00
4.84,0.00,0.00,2225.00,5166.00,0.00,0.00,5.00,39725355.42,0.00
4.85,0.00,0.00,2217.00,5174.00,0.00,0.00,5.00,39626314.92,0.00
4.85,0.00,0.00,2206.00,5185.00,0.00,0.00,5.00,39519299.79,0.00
4.86,0.00,0.00,2197.00,5194.00,0.00,0.00,5.00,39408002.84,0.00
4.87,0.00,0.00,2193.00,5198.00,0.00,0.00,5.00,39300305.43,0.00
4.88,0.00,0.00,2187.00,5204.00,0.00,0.00,5.00,39192892.08,0.00
4.88,0.00,0.00,2180.00,5211.00,0.00,0.00,5.00,39084236.12,0.00
4.89,0.00,0.00,2171.00,5220.00,0.00,0.00,5.00,38971440.28,0.00
4.90,0.00,0.00,2169.00,5222.00,0.00,0.00,5.00,38865377.72,0.00
4.90,0.00,0.00,2160.00,5231.00,0.00,0.00,5.00,38754951.07,0.00
4.91,0.00,0.00,2154.00,5237.00,0.00,0.00,5.00,38645044.51,0.00
4.92,0.00,0.00,2145.00,5246.00,0.00,0.00,5.00,38531105.96,0.00
4.92,0.00,0.00,2140.00,5251.00,0.00,0.00,5.00,38419492.67,0.00
4.93,0.00,0.00,2133.00,5258.00,0.00,0.00,5.00,38306999.10,0.00
4.94,0.00,0.00,2130.00,5261.00,0.00,0.00,5.00,38199710.44,0.00
4.94,0.00,0.00,2126.00,5265.00,0.00,0.00,5.00,38095675.37,0.00
4.95,0.00,0.00,2117.00,5274.00,0.00,0.00,5.00,37987101.83,0.00
4.96,0.00,0.00,2114.00,5277.00,0.00,0.00,5.00,37883394.70,0.00
4.97,0.00,0.00,2104.00,5287.00,0.00,0.00,5.00,37773618.09,0.00
4.97,0.00,0.00,2097.00,5294.00,0.00,0.00,5.00,37662802.41,0.00
4.98,0.00,0.00,2094.00,5297.00,0.00,0.00,5.00,37557047.16,0.00
4.99,0.00,0.00,2085.00,5306.00,0.00,0.00,5.00,37446901.22,0.00
4.99,0.00,0.00,2081.00,5310.00,0.00,0.00,5.00,37340255.98,0.00
5.00,0.00,0.00,2076.00,5315.00,0.00,0.00,5.00,37235306.32,0.00
5.01,0.00,0.00,2071.00,5320.00,0.00,0.00,5.00,37131905.56,0.00
5.01,0.00,0.00,2067.00,5324.00,0.00,0.00,5.00,37031423.03,0.00
5.02,0.00,0.00,2059.00,5332.00,0.00,0.00,5.00,36927596.72,0.00
5.03,0.00,0.00,2056.00,5335.00,0.00,0.00,5.00,36828227.18,0.00
5.03,0.00,0.00,2043.00,5348.00,0.00,0.00,5.00,36717907.01,0.00
5.04,0.00,0.00,2038.00,5353.00,0.00,0.00,5.00,36609599.68,0.00
5.05,0.00,0.00,2026.00,5365.00,0.00,0.00,5.00,36492615.39,0.00
5.06,0.00,0.00,2022.00,5369.00,0.00,0.00,5.00,36379721.59,0.00
5.06,0.00,0.00,2017.00,5374.00,0.00,0.00,5.00,36269063.04,0.00
5.07,0.00,0.00,2011.00,5380.00,0.00,0.00,5.00,36158943.82,0.00
5.08,0.00,0.00,2004.00,5387.00,0.00,0.00,5.00,36047815.79,0.00
5.08,0.00,0.00,1994.00,5397.00,0.00,0.00,5.00,35931259.01,0.00
5.09,0.00,0.00,1989.00,5402.00,0.00,0.00,5.00,35817253.46,0.00
5.10,0.00,0.00,1984.00,5407.00,0.00,0.00,5.00,35705578.94,0.00
5.10,0.00,0.00,1979.00,5412.00,0.00,0.00,5.00,35596034.06,0.00
5.11,0.00,0.00,1972.00,5419.00,0.00,0.00,5.00,35485430.68,0.00
5.12,0.00,0.00,1965.00,5426.00,0.00,0.00,5.00,35373859.94,0.00
5.12,0.00,0.00,1956.00,5435.00,0.00,0.00,5.00,35258400.96,0.00
5.13,0.00,0.00,1951.00,5440.00,0.00,0.00,5.00,35145398.24,0.00
5.14,0.00,0.00,1948.00,5443.00,0.00,0.00,5.00,35037644.88,0.00
5.15,0.00,0.00,1943.00,5448.00,0.00,0.00,5.00,34931682.57,0.00
5.15,0.00,0.00,1931.00,5460.00,0.00,0.00,5.00,34816840.80,0.00
5.16,0.00,0.00,1922.00,5469.00,0.00,0.00,5.00,34698392.98,0.00
5.17,0.00,0.00,1921.00,5470.00,0.00,0.00,5.00,34588669.01,0.00
5.17,0.00,0.00,1910.00,5481.00,0.00,0.00,5.00,34471892.37,0.00
5.18,0.00,0.00,1903.00,5488.00,0.00,0.00,5.00,34354681.59,0.00
5.19,0.00,0.00,1896.00,5495.00,0.00,0.00,5.00,34237073.78,0.00
5.19,0.00,0.00,1889.00,5502.00,0.00,0.00,5.00,34119103.56,0.00
5.20,0.00,0.00,1883.00,5508.00,0.00,0.00,5.00,34002304.35,0.00
5.21,0.00,0.00,1871.00,5520.00,0.00,0.00,5.00,33877561.34,0.00
5.22,0.00,0.00,1863.00,5528.00,0.00,0.00,5.00,33751569.14,0.00
5.22,0.00,0.00,1855.00,5536.00,0.00,0.00,5.00,33624435.94,0.00
5.23,0.00,0.00,1850.00,5541.00,0.00,0.00,5.00,33500767.49,0.00
5.24,0.00,0.00,1846.00,5545.00,0.00,0.00,5.00,33381766.37,0.00
5.24,0.00,0.00,1839.00,5552.00,0.00,0.00,5.00,33262522.86,0.00
5.25,0.00,0.00,1834.00,5557.00,0.00,0.00,5.00,33146062.59,0.00
5.26,0.00,0.00,1824.00,5567.00,0.00,0.00,5.00,33024633.85,0.00
5.26,0.00,0.00,1816.00,5575.00,0.00,0.00,5.00,32901670.16,0.00
5.27,0.00,0.00,1813.00,5578.00,0.00,0.00,5.00,32784815.57,0.00
5.28,0.00,0.00,1804.00,5587.00,0.00,0.00,5.00,32664528.68,0.00
5.28,0.00,0.00,1797.00,5594.00,0.00,0.00,5.00,32544110.51,0.00
5.29,0.00,0.00,1791.00,5600.00,0.00,0.00,5.00,32425074.49,0.00
5.30,0.00,0.00,1786.00,5605.00,0.00,0.00,5.00,32308804.06,0.00
5.31,0.00,0.00,1781.00,5610.00,0.00,0.00,5.00,32195059.86,0.00
5.31,0.00,0.00,1777.00,5614.00,0.00,0.00,5.00,32085127.02,0.00
5.32,0.00,0.00,1775.00,5616.00,0.00,0.00,5.00,31981680.32,0.00
5.33,0.00,0.00,1765.00,5626.00,0.00,0.00,5.00,31872141.48,0.00
5.33,0.00,0.00,1760.00,5631.00,0.00,0.00,5.00,31764548.06,0.00
5.34,0.00,0.00,1755.00,5636.00,0.00,0.00,5.00,31658732.04,0.00
5.35,0.00,0.00,1743.00,5648.00,0.00,0.00,5.00,31544023.80,0.00
5.35,0.00,0.00,1740.00,5651.00,0.00,0.00,5.00,31434711.94,0.00
5.36,0.00,0.00,1737.00,5654.00,0.00,0.00,5.00,31330330.49,0.00
5.37,0.00,0.00,1731.00,5660.00,0.00,0.00,5.00,31225946.76,0.00
5.38,0.00,0.00,1724.00,5667.00,0.00,0.00,5.00,31120059.08,0.00
5.38,0.00,0.00,1716.00,5675.00,0.00,0.00,5.00,31011294.50,0.00
5.39,0.00,0.00,1708.00,5683.00,0.00,0.00,5.00,30899901.36,0.00
5.40,0.00,0.00,1700.00,5691.00,0.00,0.00,5.00,30786106.99,0.00
5.40,0.00,0.00,1692.00,5699.00,0.00,0.00,5.00,30670118.72,0.00
5.41,0.00,0.00,1683.00,5708.00,0.00,0.00,5.00,30550623.36,0.00
5.42,0.00,0.00,1677.00,5714.00,0.00,0.00,5.00,30432430.67,0.00
5.42,0.00,0.00,1672.00,5719.00,0.00,0.00,5.00,30316930.71,0.00
5.43,0.00,0.00,1665.00,5726.00,0.00,0.00,5.00,30200885.88,0.00
5.44,0.00,0.00,1659.00,5732.00,0.00,0.00,5.00,30085845.98,0.00
5.44,0.00,0.00,1654.00,5737.00,0.00,0.00,5.00,29973226.28,0.00
5.45,0.00,0.00,1651.00,5740.00,0.00,0.00,5.00,29865822.55,0.00
5.46,0.00,0.00,1644.00,5747.00,0.00,0.00,5.00,29757175.29,0.00
5.47,0.00,0.00,1632.00,5759.00,0.00,0.00,5.00,29639880.19,0.00
5.47,0.00,0.00,1626.00,5765.00,0.00,0.00,5.00,29523698.01,0.00
5.48,0.00,0.00,1620.00,5771.00,0.00,0.00,5.00,29408532.38,0.00
5.49,0.00,0.00,1614.00,5777.00,0.00,0.00,5.00,29294295.79,0.00
5.49,0.00,0.00,1608.00,5783.00,0.00,0.00,5.00,29180907.68,0.00
5.50,0.00,0.00,1602.00,5789.00,0.00,0.00,5.00,29068295.22,0.00
5.51,0.00,0.00,1597.00,5794.00,0.00,0.00,5.00,28957893.40,0.00
5.51,0.00,0.00,1589.00,5802.00,0.00,0.00,5.00,28845004.51,0.00
5.52,0.00,0.00,1583.00,5808.00,0.00,0.00,5.00,28732848.06,0.00
5.53,0.00,0.00,1578.00,5813.00,0.00,0.00,5.00,28622862.83,0.00
5.53,0.00,0.00,1572.00,5819.00,0.00,0.00,5.00,28513359.39,0.00
5.54,0.00,0.00,1562.00,5829.00,0.00,0.00,5.00,28398286.79,0.00
5.55,0.00,0.00,1552.00,5839.00,0.00,0.00,5.00,28278125.55,0.00
5.56,0.00,0.00,1547.00,5844.00,0.00,0.00,5.00,28160826.90,0.00
5.56,0.00,0.00,1542.00,5849.00,0.00,0.00,5.00,28046143.45,0.00
5.57,0.00,0.00,1534.00,5857.00,0.00,0.00,5.00,27929342.79,0.00
5.58,0.00,0.00,1532.00,5859.00,0.00,0.00,5.00,27819621.62,0.00
5.58,0.00,0.00,1526.00,5865.00,0.00,0.00,5.00,27710359.15,0.00
5.59,0.00,0.00,1518.00,5873.00,0.00,0.00,5.00,27598511.32,0.00
5.60,0.00,0.00,1512.00,5879.00,0.00,0.00,5.00,27487306.04,0.00
5.60,0.00,0.00,1508.00,5883.00,0.00,0.00,5.00,27379692.11,0.00
5.61,0.00,0.00,1498.00,5893.00,0.00,0.00,5.00,27266345.88,0.00
5.62,0.00,0.00,1490.00,5901.00,0.00,0.00,5.00,27150766.86,0.00
5.62,0.00,0.00,1487.00,5904.00,0.00,0.00,5.00,27040659.21,0.00
5.63,0.00,0.00,1478.00,5913.00,0.00,0.00,5.00,26926536.79,0.00
5.64,0.00,0.00,1473.00,5918.00,0.00,0.00,5.00,26814755.68,0.00
5.65,0.00,0.00,1468.00,5923.00,0.00,0.00,5.00,26705113.52,0.00
5.65,0.00,0.00,1461.00,5930.00,0.00,0.00,5.00,26594420.92,0.00
5.66,0.00,0.00,1449.00,5942.00,0.00,0.00,5.00,26475257.13,0.00
5.67,0.00,0.00,1445.00,5946.00,0.00,0.00,5.00,26360372.31,0.00
5.67,0.00,0.00,1440.00,5951.00,0.00,0.00,5.00,26247894.49,0.00
5.68,0.00,0.00,1432.00,5959.00,0.00,0.00,5.00,26133108.59,0.00
5.69,0.00,0.00,1421.00,5970.00,0.00,0.00,5.00,26011707.39,0.00
5.69,0.00,0.00,1415.00,5976.00,0.00,0.00,5.00,25891773.22,0.00
5.70,0.00,0.00,1407.00,5984.00,0.00,0.00,5.00,25770174.99,0.00
5.71,0.00,0.00,1398.00,5993.00,0.00,0.00,5.00,25645553.97,0.00
5.72,0.00,0.00,1393.00,5998.00,0.00,0.00,5.00,25524180.45,0.00
5.72,0.00,0.00,1389.00,6002.00,0.00,0.00,5.00,25407276.32,0.00
5.73,0.00,0.00,1383.00,6008.00,0.00,0.00,5.00,25291451.36,0.00
5.74,0.00,0.00,1379.00,6012.00,0.00,0.00,5.00,25179617.00,0.00
5.74,0.00,0.00,1373.00,6018.00,0.00,0.00,5.00,25068423.72,0.00
5.75,0.00,0.00,1364.00,6027.00,0.00,0.00,5.00,24953309.41,0.00
5.76,0.00,0.00,1359.00,6032.00,0.00,0.00,5.00,24840622.10,0.00
5.76,0.00,0.00,1352.00,6039.00,0.00,0.00,5.00,24727147.12,0.00
5.77,0.00,0.00,1340.00,6051.00,0.00,0.00,5.00,24605441.22,0.00
5.78,0.00,0.00,1335.00,6056.00,0.00,0.00,5.00,24486731.30,0.00
5.78,0.00,0.00,1328.00,6063.00,0.00,0.00,5.00,24367753.72,0.00
5.79,0.00,0.00,1317.00,6074.00,0.00,0.00,5.00,24242522.59,0.00
5.80,0.00,0.00,1310.00,6081.00,0.00,0.00,5.00,24117587.18,0.00
5.81,0.00,0.00,1305.00,6086.00,0.00,0.00,5.00,23995926.16,0.00
5.81,0.00,0.00,1299.00,6092.00,0.00,0.00,5.00,23875754.88,0.00
5.82,0.00,0.00,1294.00,6097.00,0.00,0.00,5.00,23758446.99,0.00
5.83,0.00,0.00,1291.00,6100.00,0.00,0.00,5.00,23646759.97,0.00
5.83,0.00,0.00,1278.00,6113.00,0.00,0.00,5.00,23525185.17,0.00
5.84,0.00,0.00,1271.00,6120.00,0.00,0.00,5.00,23403590.40,0.00
5.85,0.00,0.00,1265.00,6126.00,0.00,0.00,5.00,23283479.39,0.00
5.85,0.00,0.00,1257.00,6134.00,0.00,0.00,5.00,23161719.69,0.00
5.86,0.00,0.00,1249.00,6142.00,0.00,0.00,5.00,23038453.54,0.00
5.87,0.00,0.00,1244.00,6147.00,0.00,0.00,5.00,22918318.01,0.00
5.88,0.00,0.00,1238.00,6153.00,0.00,0.00,5.00,22799540.28,0.00
5.88,0.00,0.00,1232.00,6159.00,0.00,0.00,5.00,22682003.45,0.00
5.89,0.00,0.00,1227.00,6164.00,0.00,0.00,5.00,22567102.29,0.00
5.90,0.00,0.00,1213.00,6178.00,0.00,0.00,5.00,22441088.80,0.00
5.90,0.00,0.00,1209.00,6182.00,0.00,0.00,5.00,22319945.46,0.00
5.91,0.00,0.00,1203.00,6188.00,0.00,0.00,5.00,22200246.98,0.00
5.92,0.00,0.00,1198.00,6193.00,0.00,0.00,5.00,22083371.05,0.00
5.92,0.00,0.00,1190.00,6201.00,0.00,0.00,5.00,21964566.98,0.00
5.93,0.00,0.00,1185.00,6206.00,0.00,0.00,5.00,21848508.26,0.00
5.94,0.00,0.00,1175.00,6216.00,0.00,0.00,5.00,21727446.15,0.00
5.94,0.00,0.00,1168.00,6223.00,0.00,0.00,5.00,21606319.84,0.00
5.95,0.00,0.00,1164.00,6227.00,0.00,0.00,5.00,21489641.58,0.00
5.96,0.00,0.00,1159.00,6232.00,0.00,0.00,5.00,21375525.20,0.00
5.97,0.00,0.00,1154.00,6237.00,0.00,0.00,5.00,21263749.32,0.00
5.97,0.00,0.00,1146.00,6245.00,0.00,0.00,5.00,21149605.07,0.00
5.98,0.00,0.00,1137.00,6254.00,0.00,0.00,5.00,21031794.54,0.00
5.99,0.00,0.00,1135.00,6256.00,0.00,0.00,5.00,20921150.69,0.00
5.99,0.00,0.00,1129.00,6262.00,0.00,0.00,5.00,20811045.35,0.00
6.00,0.00,0.00,1124.00,6267.00,0.00,0.00,5.00,20702934.45,0.00
6.01,0.00,0.00,1116.00,6275.00,0.00,0.00,5.00,20592138.61,0.00
6.01,0.00,0.00,1108.00,6283.00,0.00,0.00,5.00,20478889.64,0.00
6.02,0.00,0.00,1103.00,6288.00,0.00,0.00,5.00,20367906.48,0.00
6.03,0.00,0.00,1097.00,6294.00,0.00,0.00,5.00,20257491.02,0.00
6.03,0.00,0.00,1089.00,6302.00,0.00,0.00,5.00,20144589.80,0.00
6.04,0.00,0.00,1081.00,6310.00,0.00,0.00,5.00,20029417.41,0.00
6.05,0.00,0.00,1076.00,6315.00,0.00,0.00,5.00,19916676.71,0.00
6.06,0.00,0.00,1070.00,6321.00,0.00,0.00,5.00,19804655.35,0.00
6.06,0.00,0.00,1062.00,6329.00,0.00,0.00,5.00,19690286.91,0.00
6.07,0.00,0.00,1056.00,6335.00,0.00,0.00,5.00,19576778.62,0.00
6.08,0.00,0.00,1043.00,6348.00,0.00,0.00,5.00,19453539.93,0.00
6.08,0.00,0.00,1037.00,6354.00,0.00,0.00,5.00,19331927.22,0.00
6.09,0.00,0.00,1033.00,6358.00,0.00,0.00,5.00,19214804.70,0.00
6.10,0.00,0.00,1024.00,6367.00,0.00,0.00,5.00,19094272.97,0.00
6.10,0.00,0.00,1017.00,6374.00,0.00,0.00,5.00,18973631.36,0.00
6.11,0.00,0.00,1011.00,6380.00,0.00,0.00,5.00,18854391.44,0.00
6.12,0.00,0.00,1001.00,6390.00,0.00,0.00,5.00,18730422.70,0.00
6.12,0.00,0.00,996.00,6395.00,0.00,0.00,5.00,18609645.21,0.00
6.13,0.00,0.00,991.00,6400.00,0.00,0.00,5.00,18491783.46,0.00
6.14,0.00,0.00,988.00,6403.00,0.00,0.00,5.00,18379590.44,0.00
6.15,0.00,0.00,983.00,6408.00,0.00,0.00,5.00,18269571.85,0.00
6.15,0.00,0.00,976.00,6415.00,0.00,0.00,5.00,18158535.53,0.00
6.16,0.00,0.00,965.00,6426.00,0.00,0.00,5.00,18040559.94,0.00
6.17,0.00,0.00,962.00,6429.00,0.00,0.00,5.00,17928262.49,0.00
6.17,0.00,0.00,954.00,6437.00,0.00,0.00,5.00,17813642.11,0.00
6.18,0.00,0.00,949.00,6442.00,0.00,0.00,5.00,17701405.86,0.00
6.19,0.00,0.00,944.00,6447.00,0.00,0.00,5.00,17591347.85,0.00
6.19,0.00,0.00,938.00,6453.00,0.00,0.00,5.00,17481777.87,0.00
6.20,0.00,0.00,936.00,6455.00,0.00,0.00,5.00,17378662.93,0.00
6.21,0.00,0.00,932.00,6459.00,0.00,0.00,5.00,17278441.01,0.00
6.22,0.00,0.00,923.00,6468.00,0.00,0.00,5.00,17173350.90,0.00
6.22,0.00,0.00,915.00,6476.00,0.00,0.00,5.00,17065315.32,0.00
6.23,0.00,0.00,911.00,6480.00,0.00,0.00,5.00,16960597.68,0.00
6.24,0.00,0.00,909.00,6482.00,0.00,0.00,5.00,16861916.17,0.00
6.24,0.00,0.00,903.00,6488.00,0.00,0.00,5.00,16762740.26,0.00
6.25,0.00,0.00,892.00,6499.00,0.00,0.00,5.00,16655601.42,0.00
6.26,0.00,0.00,886.00,6505.00,0.00,0.00,5.00,16548698.37,0.00
6.26,0.00,0.00,881.00,6510.00,0.00,0.00,5.00,16443513.08,0.00
6.27,0.00,0.00,875.00,6516.00,0.00,0.00,5.00,16338395.00,0.00
6.28,0.00,0.00,867.00,6524.00,0.00,0.00,5.00,16230333.80,0.00
6.28,0.00,0.00,862.00,6529.00,0.00,0.00,5.00,16124090.37,0.00
6.29,0.00,0.00,855.00,6536.00,0.00,0.00,5.00,16016503.22,0.00
6.30,0.00,0.00,852.00,6539.00,0.00,0.00,5.00,15913697.58,0.00
6.31,0.00,0.00,846.00,6545.00,0.00,0.00,5.00,15810753.77,0.00
6.31,0.00,0.00,837.00,6554.00,0.00,0.00,5.00,15703176.76,0.00
6.32,0.00,0.00,834.00,6557.00,0.00,0.00,5.00,15600380.48,0.00
6.33,0.00,0.00,830.00,6561.00,0.00,0.00,5.00,15500449.75,0.00
6.33,0.00,0.00,821.00,6570.00,0.00,0.00,5.00,15395625.62,0.00
6.34,0.00,0.00,815.00,6576.00,0.00,0.00,5.00,15290837.58,0.00
6.35,0.00,0.00,807.00,6584.00,0.00,0.00,5.00,15183077.90,0.00
6.35,0.00,0.00,802.00,6589.00,0.00,0.00,5.00,15077109.99,0.00
6.36,0.00,0.00,798.00,6593.00,0.00,0.00,5.00,14974281.54,0.00
6.37,0.00,0.00,794.00,6597.00,0.00,0.00,5.00,14874321.51,0.00
6.38,0.00,0.00,786.00,6605.00,0.00,0.00,5.00,14770972.85,0.00
6.38,0.00,0.00,781.00,6610.00,0.00,0.00,5.00,14669035.29,0.00
6.39,0.00,0.00,776.00,6615.00,0.00,0.00,5.00,14568386.73,0.00
6.40,0.00,0.00,766.00,6625.00,0.00,0.00,5.00,14461404.65,0.00
6.40,0.00,0.00,759.00,6632.00,0.00,0.00,5.00,14353142.53,0.00
6.41,0.00,0.00,751.00,6640.00,0.00,0.00,5.00,14242208.67,0.00
6.42,0.00,0.00,744.00,6647.00,0.00,0.00,5.00,14130336.01,0.00
6.42,0.00,0.00,743.00,6648.00,0.00,0.00,5.00,14026619.51,0.00
6.43,0.00,0.00,736.00,6655.00,0.00,0.00,5.00,13921341.12,0.00
6.44,0.00,0.00,728.00,6663.00,0.00,0.00,5.00,13813133.37,0.00
6.44,0.00,0.00,722.00,6669.00,0.00,0.00,5.00,13705253.86,0.00
6.45,0.00,0.00,720.00,6671.00,0.00,0.00,5.00,13603683.43,0.00
6.46,0.00,0.00,717.00,6674.00,0.00,0.00,5.00,13506375.11,0.00
6.47,0.00,0.00,710.00,6681.00,0.00,0.00,5.00,13406951.65,0.00
6.47,0.00,0.00,703.00,6688.00,0.00,0.00,5.00,13305595.59,0.00
6.48,0.00,0.00,696.00,6695.00,0.00,0.00,5.00,13202473.93,0.00
6.49,0.00,0.00,691.00,6700.00,0.00,0.00,5.00,13100743.60,0.00
6.49,0.00,0.00,688.00,6703.00,0.00,0.00,5.00,13003289.12,0.00
6.50,0.00,0.00,684.00,6707.00,0.00,0.00,5.00,12908239.13,0.00
6.51,0.00,0.00,675.00,6716.00,0.00,0.00,5.00,12807874.34,0.00
6.51,0.00,0.00,665.00,6726.00,0.00,0.00,5.00,12701151.35,0.00
6.52,0.00,0.00,660.00,6731.00,0.00,0.00,5.00,12596130.67,0.00
6.53,0.00,0.00,658.00,6733.00,0.00,0.00,5.00,12497172.34,0.00
6.53,0.00,0.00,652.00,6739.00,0.00,0.00,5.00,12397743.62,0.00
6.54,0.00,0.00,650.00,6741.00,0.00,0.00,5.00,12303894.37,0.00
6.55,0.00,0.00,646.00,6745.00,0.00,0.00,5.00,12212138.30,0.00
6.56,0.00,0.00,636.00,6755.00,0.00,0.00,5.00,12113280.80,0.00
6.56,0.00,0.00,630.00,6761.00,0.00,0.00,5.00,12013944.22,0.00
6.57,0.00,0.00,620.00,6771.00,0.00,0.00,5.00,11908160.62,0.00
6.58,0.00,0.00,614.00,6777.00,0.00,0.00,5.00,11802495.94,0.00
6.58,0.00,0.00,605.00,6786.00,0.00,0.00,5.00,11692432.89,0.00
6.59,0.00,0.00,600.00,6791.00,0.00,0.00,5.00,11584360.62,0.00
6.60,0.00,0.00,595.00,6796.00,0.00,0.00,5.00,11478107.07,0.00
6.60,0.00,0.00,591.00,6800.00,0.00,0.00,5.00,11375017.77,0.00
6.61,0.00,0.00,585.00,6806.00,0.00,0.00,5.00,11271814.65,0.00
6.62,0.00,0.00,584.00,6807.00,0.00,0.00,5.00,11176019.20,0.00
6.62,0.00,0.00,579.00,6812.00,0.00,0.00,5.00,11080982.62,0.00
6.63,0.00,0.00,577.00,6814.00,0.00,0.00,5.00,10991146.41,0.00
6.64,0.00,0.00,573.00,6818.00,0.00,0.00,5.00,10903056.83,0.00
6.65,0.00,0.00,569.00,6822.00,0.00,0.00,5.00,10816563.11,0.00
6.65,0.00,0.00,561.00,6830.00,0.00,0.00,5.00,10725518.35,0.00
6.66,0.00,0.00,560.00,6831.00,0.00,0.00,5.00,10640831.64,0.00
6.67,0.00,0.00,555.00,6836.00,0.00,0.00,5.00,10555944.74,0.00
6.67,0.00,0.00,548.00,6843.00,0.00,0.00,5.00,10467870.28,0.00
6.68,0.00,0.00,543.00,6848.00,0.00,0.00,5.00,10379888.06,0.00
6.69,0.00,0.00,540.00,6851.00,0.00,0.00,5.00,10294994.78,0.00
6.69,0.00,0.00,535.00,6856.00,0.00,0.00,5.00,10209919.15,0.00
6.70,0.00,0.00,531.00,6860.00,0.00,0.00,5.00,10126179.23,0.00
6.71,0.00,0.00,527.00,6864.00,0.00,0.00,5.00,10043659.84,0.00
6.72,0.00,0.00,523.00,6868.00,0.00,0.00,5.00,9962255.34,0.00
6.72,0.00,0.00,514.00,6877.00,0.00,0.00,5.00,9874358.07,0.00
6.73,0.00,0.00,511.00,6880.00,0.00,0.00,5.00,9789542.37,0.00
6.74,0.00,0.00,508.00,6883.00,0.00,0.00,5.00,9707542.26,0.00
6.74,0.00,0.00,506.00,6885.00,0.00,0.00,5.00,9629617.06,0.00
6.75,0.00,0.00,503.00,6888.00,0.00,0.00,5.00,9553912.45,0.00
6.76,0.00,0.00,500.00,6891.00,0.00,0.00,5.00,9480236.89,0.00
6.76,0.00,0.00,497.00,6894.00,0.00,0.00,5.00,9408415.15,0.00
6.77,0.00,0.00,493.00,6898.00,0.00,0.00,5.00,9336784.79,0.00
6.78,0.00,0.00,491.00,6900.00,0.00,0.00,5.00,9268334.02,0.00
6.78,0.00,0.00,485.00,6906.00,0.00,0.00,5.00,9196779.06,0.00
6.79,0.00,0.00,477.00,6914.00,0.00,0.00,5.00,9119383.29,0.00
6.80,0.00,0.00,471.00,6920.00,0.00,0.00,5.00,9039655.58,0.00
6.81,0.00,0.00,468.00,6923.00,0.00,0.00,5.00,8962304.10,0.00
6.81,0.00,0.00,463.00,6928.00,0.00,0.00,5.00,8884119.14,0.00
6.82,0.00,0.00,455.00,6936.00,0.00,0.00,5.00,8800665.73,0.00
6.83,0.00,0.00,450.00,6941.00,0.00,0.00,5.00,8716905.64,0.00
6.83,0.00,0.00,445.00,6946.00,0.00,0.00,5.00,8632865.53,0.00
6.84,0.00,0.00,438.00,6953.00,0.00,0.00,5.00,8545564.73,0.00
6.85,0.00,0.00,432.00,6959.00,0.00,0.00,5.00,8456787.08,0.00
6.85,0.00,0.00,425.00,6966.00,0.00,0.00,5.00,8365157.85,0.00
6.86,0.00,0.00,418.00,6973.00,0.00,0.00,5.00,8270923.24,0.00
6.87,0.00,0.00,415.00,6976.00,0.00,0.00,5.00,8180317.40,0.00
6.88,0.00,0.00,409.00,6982.00,0.00,0.00,5.00,8088520.09,0.00
6.88,0.00,0.00,401.00,6990.00,0.00,0.00,5.00,7992629.53,0.00
6.89,0.00,0.00,397.00,6994.00,0.00,0.00,5.00,7899008.43,0.00
6.90,0.00,0.00,396.00,6995.00,0.00,0.00,5.00,7811967.70,0.00
6.90,0.00,0.00,392.00,6999.00,0.00,0.00,5.00,7726432.26,0.00
6.91,0.00,0.00,388.00,7003.00,0.00,0.00,5.00,7642272.30,0.00
6.92,0.00,0.00,382.00,7009.00,0.00,0.00,5.00,7556364.33,0.00
6.92,0.00,0.00,372.00,7019.00,0.00,0.00,5.00,7462850.04,0.00
6.93,0.00,0.00,366.00,7025.00,0.00,0.00,5.00,7368395.38,0.00
6.94,0.00,0.00,363.00,7028.00,0.00,0.00,5.00,7277588.49,0.00
6.94,0.00,0.00,353.00,7038.00,0.00,0.00,5.00,7179598.20,0.00
6.95,0.00,0.00,348.00,7043.00,0.00,0.00,5.00,7082556.25,0.00
6.96,0.00,0.00,344.00,7047.00,0.00,0.00,5.00,6987883.13,0.00
6.97,0.00,0.00,340.00,7051.00,0.00,0.00,5.00,6895374.28,0.00
6.97,0.00,0.00,337.00,7054.00,0.00,0.00,5.00,6806345.25,0.00
6.98,0.00,0.00,333.00,7058.00,0.00,0.00,5.00,6718993.23,0.00
6.99,0.00,0.00,329.00,7062.00,0.00,0.00,5.00,6633173.43,0.00
6.99,0.00,0.00,325.00,7066.00,0.00,0.00,5.00,6548753.60,0.00
7.00,0.00,0.00,321.00,7070.00,0.00,0.00,5.00,6465612.85,0.00
7.01,0.00,0.00,318.00,7073.00,0.00,0.00,5.00,6385143.04,0.00
7.01,0.00,0.00,316.00,7075.00,0.00,0.00,5.00,6308615.93,0.00
7.02,0.00,0.00,313.00,7078.00,0.00,0.00,5.00,6234188.81,0.00
7.03,0.00,0.00,309.00,7082.00,0.00,0.00,5.00,6160178.05,0.00
7.03,0.00,0.00,308.00,7083.00,0.00,0.00,5.00,6091054.66,0.00
7.04,0.00,0.00,302.00,7089.00,0.00,0.00,5.00,6018885.14,0.00
7.05,0.00,0.00,300.00,7091.00,0.00,0.00,5.00,5949941.68,0.00
7.06,0.00,0.00,299.00,7092.00,0.00,0.00,5.00,5885448.11,0.00
7.06,0.00,0.00,288.00,7103.00,0.00,0.00,5.00,5809997.12,0.00
7.07,0.00,0.00,280.00,7111.00,0.00,0.00,5.00,5729041.63,0.00
7.08,0.00,0.00,274.00,7117.00,0.00,0.00,5.00,5646061.56,0.00
7.08,0.00,0.00,269.00,7122.00,0.00,0.00,5.00,5562733.89,0.00
7.09,0.00,0.00,264.00,7127.00,0.00,0.00,5.00,5479088.72,0.00
7.10,0.00,0.00,260.00,7131.00,0.00,0.00,5.00,5396655.74,0.00
7.10,0.00,0.00,257.00,7134.00,0.00,0.00,5.00,5316832.60,0.00
7.11,0.00,0.00,254.00,7137.00,0.00,0.00,5.00,5239394.03,0.00
7.12,0.00,0.00,254.00,7137.00,0.00,0.00,5.00,5168641.16,0.00
7.12,0.00,0.00,253.00,7138.00,0.00,0.00,5.00,5102494.33,0.00
7.13,0.00,0.00,250.00,7141.00,0.00,0.00,5.00,5037551.36,0.00
7.14,0.00,0.00,245.00,7146.00,0.00,0.00,5.00,4970703.57,0.00
7.15,0.00,0.00,244.00,7147.00,0.00,0.00,5.00,4908124.74,0.00
7.15,0.00,0.00,240.00,7151.00,0.00,0.00,5.00,4844939.43,0.00
7.16,0.00,0.00,237.00,7154.00,0.00,0.00,5.00,4782702.22,0.00
7.17,0.00,0.00,235.00,7156.00,0.00,0.00,5.00,4722833.61,0.00
7.17,0.00,0.00,234.00,7157.00,0.00,0.00,5.00,4666631.40,0.00
7.18,0.00,0.00,231.00,7160.00,0.00,0.00,5.00,4610774.45,0.00
7.19,0.00,0.00,228.00,7163.00,0.00,0.00,5.00,4555232.95,0.00
7.19,0.00,0.00,223.00,7168.00,0.00,0.00,5.00,4496975.03,0.00
7.20,0.00,0.00,220.00,7171.00,0.00,0.00,5.00,4439239.81,0.00
7.21,0.00,0.00,218.00,7173.00,0.00,0.00,5.00,4383484.53,0.00
7.22,0.00,0.00,217.00,7174.00,0.00,0.00,5.00,4331040.52,0.00
7.22,0.00,0.00,215.00,7176.00,0.00,0.00,5.00,4280119.63,0.00
7.23,0.00,0.00,213.00,7178.00,0.00,0.00,5.00,4230590.34,0.00
7.24,0.00,0.00,207.00,7184.00,0.00,0.00,5.00,4176323.28,0.00
7.24,0.00,0.00,204.00,7187.00,0.00,0.00,5.00,4122234.40,0.00
7.25,0.00,0.00,199.00,7192.00,0.00,0.00,5.00,4065303.71,0.00
7.26,0.00,0.00,196.00,7195.00,0.00,0.00,5.00,4008781.18,0.00
7.26,0.00,0.00,194.00,7197.00,0.00,0.00,5.00,3954133.84,0.00
7.27,0.00,0.00,191.00,7200.00,0.00,0.00,5.00,3899697.52,0.00
7.28,0.00,0.00,184.00,7207.00,0.00,0.00,5.00,3839444.74,0.00
7.28,0.00,0.00,181.00,7210.00,0.00,0.00,5.00,3779886.89,0.00
7.29,0.00,0.00,177.00,7214.00,0.00,0.00,5.00,3719461.65,0.00
7.30,0.00,0.00,174.00,7217.00,0.00,0.00,5.00,3659746.26,0.00
7.31,0.00,0.00,174.00,7217.00,0.00,0.00,5.00,3605186.36,0.00
7.31,0.00,0.00,171.00,7220.00,0.00,0.00,5.00,3550829.93,0.00
7.32,0.00,0.00,167.00,7224.00,0.00,0.00,5.00,3495157.08,0.00
7.33,0.00,0.00,165.00,7226.00,0.00,0.00,5.00,3441286.08,0.00
7.33,0.00,0.00,162.00,7229.00,0.00,0.00,5.00,3387559.08,0.00
7.34,0.00,0.00,159.00,7232.00,0.00,0.00,5.00,3333963.64,0.00
7.35,0.00,0.00,158.00,7233.00,0.00,0.00,5.00,3283493.01,0.00
7.35,0.00,0.00,153.00,7238.00,0.00,0.00,5.00,3229868.16,0.00
7.36,0.00,0.00,150.00,7241.00,0.00,0.00,5.00,3176366.04,0.00
7.37,0.00,0.00,146.00,7245.00,0.00,0.00,5.00,3121473.73,0.00
7.38,0.00,0.00,143.00,7248.00,0.00,0.00,5.00,3066813.58,0.00
7.38,0.00,0.00,142.00,7249.00,0.00,0.00,5.00,3015370.19,0.00
7.39,0.00,0.00,141.00,7250.00,0.00,0.00,5.00,2966865.80,0.00
7.40,0.00,0.00,137.00,7254.00,0.00,0.00,5.00,2916539.76,0.00
7.40,0.00,0.00,135.00,7256.00,0.00,0.00,5.00,2867553.98,0.00
7.41,0.00,0.00,132.00,7259.00,0.00,0.00,5.00,2818290.39,0.00
7.42,0.00,0.00,130.00,7261.00,0.00,0.00,5.00,2770275.33,0.00
7.42,0.00,0.00,126.00,7265.00,0.00,0.00,5.00,2720396.40,0.00
7.43,0.00,0.00,124.00,7267.00,0.00,0.00,5.00,2671819.12,0.00
7.44,0.00,0.00,124.00,7267.00,0.00,0.00,5.00,2627435.73,0.00
7.44,0.00,0.00,123.00,7268.00,0.00,0.00,5.00,2585381.87,0.00
7.45,0.00,0.00,122.00,7269.00,0.00,0.00,5.00,2545456.38,0.00
7.46,0.00,0.00,120.00,7271.00,0.00,0.00,5.00,2505973.23,0.00
7.47,0.00,0.00,118.00,7273.00,0.00,0.00,5.00,2466894.20,0.00
7.47,0.00,0.00,117.00,7274.00,0.00,0.00,5.00,2429686.71,0.00
7.48,0.00,0.00,113.00,7278.00,0.00,0.00,5.00,2389682.28,0.00
7.49,0.00,0.00,110.00,7281.00,0.00,0.00,5.00,2348624.67,0.00
7.49,0.00,0.00,110.00,7281.00,0.00,0.00,5.00,2311111.75,0.00
7.50,0.00,0.00,108.00,7283.00,0.00,0.00,5.00,2273832.88,0.00
7.51,0.00,0.00,106.00,7285.00,0.00,0.00,5.00,2236767.83,0.00
7.51,0.00,0.00,105.00,7286.00,0.00,0.00,5.00,2201400.47,0.00
7.52,0.00,0.00,100.00,7291.00,0.00,0.00,5.00,2161574.96,0.00
7.53,0.00,0.00,98.00,7293.00,0.00,0.00,5.00,2122183.14,0.00
7.53,0.00,0.00,97.00,7294.00,0.00,0.00,5.00,2084689.88,0.00
7.54,0.00,0.00,93.00,7298.00,0.00,0.00,5.00,2044424.33,0.00
7.55,0.00,0.00,90.00,7301.00,0.00,0.00,5.00,2003128.15,0.00
7.56,0.00,0.00,89.00,7302.00,0.00,0.00,5.00,1963894.94,0.00
7.56,0.00,0.00,89.00,7302.00,0.00,0.00,5.00,1928048.91,0.00
7.57,0.00,0.00,87.00,7304.00,0.00,0.00,5.00,1892292.99,0.00
7.58,0.00,0.00,85.00,7306.00,0.00,0.00,5.00,1856619.43,0.00
7.58,0.00,0.00,84.00,7307.00,0.00,0.00,5.00,1822523.40,0.00
7.59,0.00,0.00,83.00,7308.00,0.00,0.00,5.00,1789868.72,0.00
7.60,0.00,0.00,83.00,7308.00,0.00,0.00,5.00,1760033.27,0.00
7.60,0.00,0.00,80.00,7311.00,0.00,0.00,5.00,1728266.72,0.00
7.61,0.00,0.00,78.00,7313.00,0.00,0.00,5.00,1696238.08,0.00
7.62,0.00,0.00,78.00,7313.00,0.00,0.00,5.00,1666974.62,0.00
7.62,0.00,0.00,78.00,7313.00,0.00,0.00,5.00,1640237.60,0.00
7.63,0.00,0.00,78.00,7313.00,0.00,0.00,5.00,1615808.92,0.00
7.64,0.00,0.00,73.00,7318.00,0.00,0.00,5.00,1585977.70,0.00
7.65,0.00,0.00,71.00,7320.00,0.00,0.00,5.00,1555717.30,0.00
7.65,0.00,0.00,69.00,7322.00,0.00,0.00,5.00,1525064.80,0.00
7.66,0.00,0.00,68.00,7323.00,0.00,0.00,5.00,1495556.35,0.00
7.67,0.00,0.00,65.00,7326.00,0.00,0.00,5.00,1464088.56,0.00
7.67,0.00,0.00,64.00,7327.00,0.00,0.00,5.00,1433835.21,0.00
7.68,0.00,0.00,63.00,7328.00,0.00,0.00,5.00,1404691.44,0.00
7.69,0.00,0.00,60.00,7331.00,0.00,0.00,5.00,1373556.85,0.00
7.69,0.00,0.00,58.00,7333.00,0.00,0.00,5.00,1342105.61,0.00
7.70,0.00,0.00,58.00,7333.00,0.00,0.00,5.00,1313369.70,0.00
7.71,0.00,0.00,56.00,7335.00,0.00,0.00,5.00,1284110.08,0.00
7.72,0.00,0.00,54.00,7337.00,0.00,0.00,5.00,1254371.93,0.00
7.72,0.00,0.00,53.00,7338.00,0.00,0.00,5.00,1225698.91,0.00
7.73,0.00,0.00,52.00,7339.00,0.00,0.00,5.00,1197999.04,0.00
7.74,0.00,0.00,50.00,7341.00,0.00,0.00,5.00,1169686.01,0.00
7.74,0.00,0.00,50.00,7341.00,0.00,0.00,5.00,1143817.36,0.00
7.75,0.00,0.00,48.00,7343.00,0.00,0.00,5.00,1117177.45,0.00
7.76,0.00,0.00,48.00,7343.00,0.00,0.00,5.00,1092837.50,0.00
7.76,0.00,0.00,46.00,7345.00,0.00,0.00,5.00,1067594.30,0.00
7.77,0.00,0.00,44.00,7347.00,0.00,0.00,5.00,1041525.84,0.00
7.78,0.00,0.00,41.00,7350.00,0.00,0.00,5.00,1013201.05,0.00
7.78,0.00,0.00,39.00,7352.00,0.00,0.00,5.00,984317.02,0.00
7.79,0.00,0.00,38.00,7353.00,0.00,0.00,5.00,956424.37,0.00
7.80,0.00,0.00,35.00,7356.00,0.00,0.00,5.00,926432.89,0.00
7.81,0.00,0.00,35.00,7356.00,0.00,0.00,5.00,899030.71,0.00
7.81,0.00,0.00,35.00,7356.00,0.00,0.00,5.00,873994.28,0.00
7.82,0.00,0.00,33.00,7358.00,0.00,0.00,5.00,848114.73,0.00
7.83,0.00,0.00,31.00,7360.00,0.00,0.00,5.00,821464.84,0.00
7.83,0.00,0.00,30.00,7361.00,0.00,0.00,5.00,795613.45,0.00
7.84,0.00,0.00,29.00,7362.00,0.00,0.00,5.00,770491.60,0.00
7.85,0.00,0.00,28.00,7363.00,0.00,0.00,5.00,746036.32,0.00
7.85,0.00,0.00,27.00,7364.00,0.00,0.00,5.00,722190.08,0.00
7.86,0.00,0.00,27.00,7364.00,0.00,0.00,5.00,700402.59,0.00
7.87,0.00,0.00,27.00,7364.00,0.00,0.00,5.00,680496.10,0.00
7.88,0.00,0.00,27.00,7364.00,0.00,0.00,5.00,662308.24,0.00
7.88,0.00,0.00,27.00,7364.00,0.00,0.00,5.00,645690.62,0.00
7.89,0.00,0.00,26.00,7365.00,0.00,0.00,5.00,629005.37,0.00
7.90,0.00,0.00,26.00,7365.00,0.00,0.00,5.00,613760.62,0.00
7.90,0.00,0.00,26.00,7365.00,0.00,0.00,5.00,599832.03,0.00
7.91,0.00,0.00,26.00,7365.00,0.00,0.00,5.00,587105.96,0.00
7.92,0.00,0.00,26.00,7365.00,0.00,0.00,5.00,575478.60,0.00
7.92,0.00,0.00,25.00,7366.00,0.00,0.00,5.00,563352.76,0.00
7.93,0.00,0.00,24.00,7367.00,0.00,0.00,5.00,550771.49,0.00
7.94,0.00,0.00,24.00,7367.00,0.00,0.00,5.00,539276.41,0.00
7.94,0.00,0.00,23.00,7368.00,0.00,0.00,5.00,527271.45,0.00
7.95,0.00,0.00,22.00,7369.00,0.00,0.00,5.00,514800.62,0.00
7.96,0.00,0.00,22.00,7369.00,0.00,0.00,5.00,503406.45,0.00
7.97,0.00,0.00,22.00,7369.00,0.00,0.00,5.00,492996.00,0.00
7.97,0.00,0.00,22.00,7369.00,0.00,0.00,5.00,483484.34,0.00
7.98,0.00,0.00,22.00,7369.00,0.00,0.00,5.00,474793.86,0.00
7.99,0.00,0.00,20.00,7371.00,0.00,0.00,5.00,463849.04,0.00
7.99,0.00,0.00,20.00,7371.00,0.00,0.00,5.00,453849.12,0.00
8.00,0.00,0.00,19.00,7372.00,0.00,0.00,5.00,443210.23,0.00
8.01,0.00,0.00,19.00,7372.00,0.00,0.00,5.00,433489.85,0.00
8.01,0.00,0.00,18.00,7373.00,0.00,0.00,5.00,423106.37,0.00
8.02,0.00,0.00,16.00,7375.00,0.00,0.00,5.00,410614.70,0.00
8.03,0.00,0.00,15.00,7376.00,0.00,0.00,5.00,397699.17,0.00
8.03,0.00,0.00,15.00,7376.00,0.00,0.00,5.00,385898.70,0.00
8.04,0.00,0.00,15.00,7376.00,0.00,0.00,5.00,375117.03,0.00
8.05,0.00,0.00,15.00,7376.00,0.00,0.00,5.00,365266.19,0.00
8.06,0.00,0.00,14.00,7377.00,0.00,0.00,5.00,354763.50,0.00
8.06,0.00,0.00,14.00,7377.00,0.00,0.00,5.00,345167.56,0.00
8.07,0.00,0.00,14.00,7377.00,0.00,0.00,5.00,336400.07,0.00
8.08,0.00,0.00,14.00,7377.00,0.00,0.00,5.00,328389.53,0.00
8.08,0.00,0.00,14.00,7377.00,0.00,0.00,5.00,321070.57,0.00
8.09,0.00,0.00,14.00,7377.00,0.00,0.00,5.00,314383.49,0.00
8.10,0.00,0.00,14.00,7377.00,0.00,0.00,5.00,308273.73,0.00
8.10,0.00,0.00,12.00,7379.00,0.00,0.00,5.00,299686.83,0.00
8.11,0.00,0.00,12.00,7379.00,0.00,0.00,5.00,291841.27,0.00
8.12,0.00,0.00,10.00,7381.00,0.00,0.00,5.00,281668.42,0.00
8.12,0.00,0.00,10.00,7381.00,0.00,0.00,5.00,272373.84,0.00
8.13,0.00,0.00,10.00,7381.00,0.00,0.00,5.00,263881.70,0.00
8.14,0.00,0.00,10.00,7381.00,0.00,0.00,5.00,256122.73,0.00
8.15,0.00,0.00,10.00,7381.00,0.00,0.00,5.00,249033.63,0.00
8.15,0.00,0.00,10.00,7381.00,0.00,0.00,5.00,242556.57,0.00
8.16,0.00,0.00,10.00,7381.00,0.00,0.00,5.00,236638.70,0.00
8.17,0.00,0.00,10.00,7381.00,0.00,0.00,5.00,231231.75,0.00
8.17,0.00,0.00,10.00,7381.00,0.00,0.00,5.00,226291.61,0.00
8.18,0.00,0.00,10.00,7381.00,0.00,0.00,5.00,221777.98,0.00
8.19,0.00,0.00,10.00,7381.00,0.00,0.00,5.00,217654.03,0.00
8.19,0.00,0.00,10.00,7381.00,0.00,0.00,5.00,213886.11,0.00
8.20,0.00,0.00,9.00,7382.00,0.00,0.00,5.00,208941.19,0.00
8.21,0.00,0.00,9.00,7382.00,0.00,0.00,5.00,204423.18,0.00
8.22,0.00,0.00,9.00,7382.00,0.00,0.00,5.00,200295.23,0.00
8.22,0.00,0.00,9.00,7382.00,0.00,0.00,5.00,196523.66,0.00
8.23,0.00,0.00,9.00,7382.00,0.00,0.00,5.00,193077.71,0.00
8.24,0.00,0.00,9.00,7382.00,0.00,0.00,5.00,189929.26,0.00
8.24,0.00,0.00,8.00,7383.00,0.00,0.00,5.00,185550.32,0.00
8.25,0.00,0.00,8.00,7383.00,0.00,0.00,5.00,181549.43,0.00
8.26,0.00,0.00,7.00,7384.00,0.00,0.00,5.00,176391.64,0.00
8.26,0.00,0.00,7.00,7384.00,0.00,0.00,5.00,171679.15,0.00
8.27,0.00,0.00,7.00,7384.00,0.00,0.00,5.00,167373.50,0.00
8.28,0.00,0.00,6.00,7385.00,0.00,0.00,5.00,161937.27,0.00
8.28,0.00,0.00,6.00,7385.00,0.00,0.00,5.00,156970.37,0.00
8.29,0.00,0.00,6.00,7385.00,0.00,0.00,5.00,152432.29,0.00
8.30,0.00,0.00,6.00,7385.00,0.00,0.00,5.00,148286.00,0.00
8.31,0.00,0.00,6.00,7385.00,0.00,0.00,5.00,144497.68,0.00
8.31,0.00,0.00,5.00,7386.00,0.00,0.00,5.00,139534.11,0.00
8.32,0.00,0.00,5.00,7386.00,0.00,0.00,5.00,134999.06,0.00
8.33,0.00,0.00,5.00,7386.00,0.00,0.00,5.00,130855.55,0.00
8.33,0.00,0.00,5.00,7386.00,0.00,0.00,5.00,127069.77,0.00
8.34,0.00,0.00,5.00,7386.00,0.00,0.00,5.00,123610.83,0.00
8.35,0.00,0.00,4.00,7387.00,0.00,0.00,5.00,118948.20,0.00
8.35,0.00,0.00,4.00,7387.00,0.00,0.00,5.00,114688.12,0.00
8.36,0.00,0.00,3.00,7388.00,0.00,0.00,5.00,109293.51,0.00
8.37,0.00,0.00,3.00,7388.00,0.00,0.00,5.00,104364.64,0.00
8.38,0.00,0.00,3.00,7388.00,0.00,0.00,5.00,99861.31,0.00
8.38,0.00,0.00,3.00,7388.00,0.00,0.00,5.00,95746.77,0.00
8.39,0.00,0.00,3.00,7388.00,0.00,0.00,5.00,91987.46,0.00
8.40,0.00,0.00,3.00,7388.00,0.00,0.00,5.00,88552.71,0.00
8.40,0.00,0.00,3.00,7388.00,0.00,0.00,5.00,85414.49,0.00
8.41,0.00,0.00,3.00,7388.00,0.00,0.00,5.00,82547.22,0.00
8.42,0.00,0.00,3.00,7388.00,0.00,0.00,5.00,79927.48,0.00
8.42,0.00,0.00,3.00,7388.00,0.00,0.00,5.00,77533.92,0.00
8.43,0.00,0.00,3.00,7388.00,0.00,0.00,5.00,75347.01,0.00
8.44,0.00,0.00,3.00,7388.00,0.00,0.00,5.00,73348.91,0.00
8.44,0.00,0.00,3.00,7388.00,0.00,0.00,5.00,71523.31,0.00
8.45,0.00,0.00,3.00,7388.00,0.00,0.00,5.00,69855.32,0.00
8.46,0.00,0.00,3.00,7388.00,0.00,0.00,5.00,68331.34,0.00
8.47,0.00,0.00,3.00,7388.00,0.00,0.00,5.00,66938.93,0.00
8.47,0.00,0.00,3.00,7388.00,0.00,0.00,5.00,65666.73,0.00
8.48,0.00,0.00,3.00,7388.00,0.00,0.00,5.00,64504.37,0.00
8.49,0.00,0.00,3.00,7388.00,0.00,0.00,5.00,63442.36,0.00
8.49,0.00,0.00,3.00,7388.00,0.00,0.00,5.00,62472.03,0.00
8.50,0.00,0.00,3.00,7388.00,0.00,0.00,5.00,61585.49,0.00
8.51,0.00,0.00,3.00,7388.00,0.00,0.00,5.00,60775.48,0.00
8.51,0.00,0.00,3.00,7388.00,0.00,0.00,5.00,60035.40,0.00
8.52,0.00,0.00,3.00,7388.00,0.00,0.00,5.00,59359.21,0.00
8.53,0.00,0.00,3.00,7388.00,0.00,0.00,5.00,58741.41,0.00
8.53,0.00,0.00,3.00,7388.00,0.00,0.00,5.00,58176.94,0.00
8.54,0.00,0.00,3.00,7388.00,0.00,0.00,5.00,57661.20,0.00
8.55,0.00,0.00,3.00,7388.00,0.00,0.00,5.00,57189.99,0.00
8.56,0.00,0.00,3.00,7388.00,0.00,0.00,5.00,56759.47,0.00
8.56,0.00,0.00,3.00,7388.00,0.00,0.00,5.00,56366.11,0.00
8.57,0.00,0.00,3.00,7388.00,0.00,0.00,5.00,56006.71,0.00
8.58,0.00,0.00,3.00,7388.00,0.00,0.00,5.00,55678.34,0.00
8.58,0.00,0.00,3.00,7388.00,0.00,0.00,5.00,55378.32,0.00
8.59,0.00,0.00,3.00,7388.00,0.00,0.00,5.00,55104.20,0.00
8.60,0.00,0.00,3.00,7388.00,0.00,0.00,5.00,54853.75,0.00
8.60,0.00,0.00,3.00,7388.00,0.00,0.00,5.00,54624.92,0.00
8.61,0.00,0.00,3.00,7388.00,0.00,0.00,5.00,54415.85,0.00
8.62,0.00,0.00,3.00,7388.00,0.00,0.00,5.00,54224.83,0.00
8.62,0.00,0.00,3.00,7388.00,0.00,0.00,5.00,54050.30,0.00
8.63,0.00,0.00,3.00,7388.00,0.00,0.00,5.00,53890.83,0.00
8.64,0.00,0.00,3.00,7388.00,0.00,0.00,5.00,53745.14,0.00
8.65,0.00,0.00,3.00,7388.00,0.00,0.00,5.00,53612.02,0.00
8.65,0.00,0.00,3.00,7388.00,0.00,0.00,5.00,53490.40,0.00
8.66,0.00,0.00,2.00,7389.00,0.00,0.00,5.00,51876.96,0.00
8.67,0.00,0.00,2.00,7389.00,0.00,0.00,5.00,50402.82,0.00
8.67,0.00,0.00,2.00,7389.00,0.00,0.00,5.00,49055.94,0.00
8.68,0.00,0.00,2.00,7389.00,0.00,0.00,5.00,47825.34,0.00
8.69,0.00,0.00,2.00,7389.00,0.00,0.00,5.00,46700.99,0.00
8.69,0.00,0.00,2.00,7389.00,0.00,0.00,5.00,45673.71,0.00
8.70,0.00,0.00,1.00,7390.00,0.00,0.00,5.00,43232.80,0.00
8.71,0.00,0.00,1.00,7390.00,0.00,0.00,5.00,41002.63,0.00
8.72,0.00,0.00,1.00,7390.00,0.00,0.00,5.00,38965.00,0.00
8.72,0.00,0.00,1.00,7390.00,0.00,0.00,5.00,37103.29,0.00
8.73,0.00,0.00,1.00,7390.00,0.00,0.00,5.00,35402.31,0.00
8.74,0.00,0.00,1.00,7390.00,0.00,0.00,5.00,33848.18,0.00
8.74,0.00,0.00,1.00,7390.00,0.00,0.00,5.00,32428.23,0.00
8.75,0.00,0.00,1.00,7390.00,0.00,0.00,5.00,31130.87,0.00
8.76,0.00,0.00,1.00,7390.00,0.00,0.00,5.00,29945.51,0.00
8.76,0.00,0.00,1.00,7390.00,0.00,0.00,5.00,28862.49,0.00
8.77,0.00,0.00,1.00,7390.00,0.00,0.00,5.00,27872.98,0.00
8.78,0.00,0.00,1.00,7390.00,0.00,0.00,5.00,26968.89,0.00
8.78,0.00,0.00,1.00,7390.00,0.00,0.00,5.00,26142.86,0.00
8.79,0.00,0.00,1.00,7390.00,0.00,0.00,5.00,25388.14,0.00
8.80,0.00,0.00,1.00,7390.00,0.00,0.00,5.00,24698.58,0.00
8.81,0.00,0.00,1.00,7390.00,0.00,0.00,5.00,24068.56,0.00
8.81,0.00,0.00,1.00,7390.00,0.00,0.00,5.00,23492.93,0.00
8.82,0.00,0.00,1.00,7390.00,0.00,0.00,5.00,22966.99,0.00
8.83,0.00,0.00,1.00,7390.00,0.00,0.00,5.00,22486.46,0.00
8.83,0.00,0.00,1.00,7390.00,0.00,0.00,5.00,22047.42,0.00
8.84,0.00,0.00,1.00,7390.00,0.00,0.00,5.00,21646.28,0.00
8.85,0.00,0.00,1.00,7390.00,0.00,0.00,5.00,21279.77,0.00
8.85,0.00,0.00,1.00,7390.00,0.00,0.00,5.00,20944.91,0.00
8.86,0.00,0.00,0.00,7391.00,0.00,0.00,5.00,19136.64,0.00
8.87,0.00,0.00,0.00,7391.00,0.00,0.00,5.00,17484.49,0.00
8.88,0.00,0.00,0.00,7391.00,0.00,0.00,5.00,15974.97,0.00
8.88,0.00,0.00,0.00,7391.00,0.00,0.00,5.00,14595.77,0.00
8.89,0.00,0.00,0.00,7391.00,0.00,0.00,5.00,13335.65,0.00
8.90,0.00,0.00,0.00,7391.00,0.00,0.00,5.00,12184.33,0.00
8.90,0.00,0.00,0.00,7391.00,0.00,0.00,5.00,11132.40,0.00
8.91,0.00,0.00,0.00,7391.00,0.00,0.00,5.00,10171.29,0.00
8.92,0.00,0.00,0.00,7391.00,0.00,0.00,5.00,9293.15,0.00
8.92,0.00,0.00,0.00,7391.00,0.00,0.00,5.00,8490.83,0.00
8.93,0.00,0.00,0.00,7391.00,0.00,0.00,5.00,7757.78,0.00
8.94,0.00,0.00,0.00,7391.00,0.00,0.00,5.00,7088.02,0.00
8.94,0.00,0.00,0.00,7391.00,0.00,0.00,5.00,6476.08,0.00
8.95,0.00,0.00,0.00,7391.00,0.00,0.00,5.00,5916.97,0.00
8.96,0.00,0.00,0.00,7391.00,0.00,0.00,5.00,5406.13,0.00
8.97,0.00,0.00,0.00,7391.00,0.00,0.00,5.00,4939.39,0.00
8.97,0.00,0.00,0.00,7391.00,0.00,0.00,5.00,4512.95,0.00
8.98,0.00,0.00,0.00,7391.00,0.00,0.00,5.00,4123.33,0.00
8.99,0.00,0.00,0.00,7391.00,0.00,0.00,5.00,3767.34,0.00
8.99,0.00,0.00,0.00,7391.00,0.00,0.00,5.00,3442.09,0.00
9.00,0.00,0.00,0.00,7391.00,0.00,0.00,5.00,3144.92,0.00
9.01,0.00,0.00,0.00,7391.00,0.00,0.00,5.00,2873.41,0.00
9.01,0.00,0.00,0.00,7391.00,0.00,0.00,5.00,2625.33,0.00
9.02,0.00,0.00,0.00,7391.00,0.00,0.00,5.00,2398.67,0.00
9.03,0.00,0.00,0.00,7391.00,0.00,0.00,5.00,2191.59,0.00
9.03,0.00,0.00,0.00,7391.00,0.00,0.00,5.00,2002.38,0.00
9.04,0.00,0.00,0.00,7391.00,0.00,0.00,5.00,1829.50,0.00
9.05,0.00,0.00,0.00,7391.00,0.00,0.00,5.00,1671.55,0.00
9.06,0.00,0.00,0.00,7391.00,0.00,0.00,5.00,1527.24,0.00
9.06,0.00,0.00,0.00,7391.00,0.00,0.00,5.00,1395.39,0.00
9.07,0.00,0.00,0.00,7391.00,0.00,0.00,5.00,1274.92,0.00
9.08,0.00,0.00,0.00,7391.00,0.00,0.00,5.00,1164.85,0.00
9.08,0.00,0.00,0.00,7391.00,0.00,0.00,5.00,1064.28,0.00
9.09,0.00,0.00,0.00,7391.00,0.00,0.00,5.00,972.40,0.00
9.10,0.00,0.00,0.00,7391.00,0.00,0.00,5.00,888.45,0.00
9.10,0.00,0.00,0.00,7391.00,0.00,0.00,5.00,811.74,0.00
9.11,0.00,0.00,0.00,7391.00,0.00,0.00,5.00,741.66,0.00
9.12,0.00,0.00,0.00,7391.00,0.00,0.00,5.00,677.63,0.00
9.12,0.00,0.00,0.00,7391.00,0.00,0.00,5.00,619.13,0.00
9.13,0.00,0.00,0.00,7391.00,0.00,0.00,5.00,565.67,0.00
9.14,0.00,0.00,0.00,7391.00,0.00,0.00,5.00,516.84,0.00
9.15,0.00,0.00,0.00,7391.00,0.00,0.00,5.00,472.22,0.00
9.15,0.00,0.00,0.00,7391.00,0.00,0.00,5.00,431.45,0.00
9.16,0.00,0.00,0.00,7391.00,0.00,0.00,5.00,394.20,0.00
9.17,0.00,0.00,0.00,7391.00,0.00,0.00,5.00,360.17,0.00
9.17,0.00,0.00,0.00,7391.00,0.00,0.00,5.00,329.07,0.00
9.18,0.00,0.00,0.00,7391.00,0.00,0.00,5.00,300.66,0.00
9.19,0.00,0.00,0.00,7391.00,0.00,0.00,5.00,274.70,0.00
9.19,0.00,0.00,0.00,7391.00,0.00,0.00,5.00,250.99,0.00
9.20,0.00,0.00,0.00,7391.00,0.00,0.00,5.00,229.32,0.00
9.21,0.00,0.00,0.00,7391.00,0.00,0.00,5.00,209.52,0.00
9.22,0.00,0.00,0.00,7391.00,0.00,0.00,5.00,191.43,0.00
9.22,0.00,0.00,0.00,7391.00,0.00,0.00,5.00,174.90,0.00
9.23,0.00,0.00,0.00,7391.00,0.00,0.00,5.00,159.80,0.00
9.24,0.00,0.00,0.00,7391.00,0.00,0.00,5.00,146.01,0.00
9.24,0.00,0.00,0.00,7391.00,0.00,0.00,5.00,133.40,0.00
9.25,0.00,0.00,0.00,7391.00,0.00,0.00,5.00,121.88,0.00
9.26,0.00,0.00,0.00,7391.00,0.00,0.00,5.00,111.36,0.00
9.26,0.00,0.00,0.00,7391.00,0.00,0.00,5.00,101.75,0.00
9.27,0.00,0.00,0.00,7391.00,0.00,0.00,5.00,92.96,0.00
9.28,0.00,0.00,0.00,7391.00,0.00,0.00,5.00,84.94,0.00
9.28,0.00,0.00,0.00,7391.00,0.00,0.00,5.00,77.60,0.00
9.29,0.00,0.00,0.00,7391.00,0.00,0.00,5.00,70.90,0.00
9.30,0.00,0.00,0.00,7391.00,0.00,0.00,5.00,64.78,0.00
9.31,0.00,0.00,0.00,7391.00,0.00,0.00,5.00,59.19,0.00
9.31,0.00,0.00,0.00,7391.00,0.00,0.00,5.00,54.08,0.00
9.32,0.00,0.00,0.00,7391.00,0.00,0.00,5.00,49.41,0.00
9.33,0.00,0.00,0.00,7391.00,0.00,0.00,5.00,45.15,0.00
9.33,0.00,0.00,0.00,7391.00,0.00,0.00,5.00,41.25,0.00
9.34,0.00,0.00,0.00,7391.00,0.00,0.00,5.00,37.69,0.00
9.35,0.00,0.00,0.00,7391.00,0.00,0.00,5.00,34.43,0.00
9.35,0.00,0.00,0.00,7391.00,0.00,0.00,5.00,31.46,0.00
9.36,0.00,0.00,0.00,7391.00,0.00,0.00,5.00,28.74,0.00
9.37,0.00,0.00,0.00,7391.00,0.00,0.00,5.00,26.26,0.00
9.38,0.00,0.00,0.00,7391.00,0.00,0.00,5.00,24.00,0.00
9.38,0.00,0.00,0.00,7391.00,0.00,0.00,5.00,21.92,0.00
9.39,0.00,0.00,0.00,7391.00,0.00,0.00,5.00,20.03,0.00
9.40,0.00,0.00,0.00,7391.00,0.00,0.00,5.00,18.30,0.00
9.40,0.00,0.00,0.00,7391.00,0.00,0.00,5.00,16.72,0.00
9.41,0.00,0.00,0.00,7391.00,0.00,0.00,5.00,15.28,0.00
9.42,0.00,0.00,0.00,7391.00,0.00,0.00,5.00,13.96,0.00
9.42,0.00,0.00,0.00,7391.00,0.00,0.00,5.00,12.75,0.00
9.43,0.00,0.00,0.00,7391.00,0.00,0.00,5.00,11.65,0.00
9.44,0.00,0.00,0.00,7391.00,0.00,0.00,5.00,10.65,0.00
9.44,0.00,0.00,0.00,7391.00,0.00,0.00,5.00,9.73,0.00
9.45,0.00,0.00,0.00,7391.00,0.00,0.00,5.00,8.89,0.00
9.46,0.00,0.00,0.00,7391.00,0.00,0.00,5.00,8.12,0.00
9.47,0.00,0.00,0.00,7391.00,0.00,0.00,5.00,7.42,0.00
9.47,0.00,0.00,0.00,7391.00,0.00,0.00,5.00,6.78,0.00
9.48,0.00,0.00,0.00,7391.00,0.00,0.00,5.00,6.19,0.00
9.49,0.00,0.00,0.00,7391.00,0.00,0.00,5.00,5.66,0.00
9.49,0.00,0.00,0.00,7391.00,0.00,0.00,5.00,5.17,0.00
9.50,0.00,0.00,0.00,7391.00,0.00,0.00,5.00,4.72,0.00
9.51,0.00,0.00,0.00,7391.00,0.00,0.00,5.00,4.32,0.00
9.51,0.00,0.00,0.00,7391.00,0.00,0.00,5.00,3.94,0.00
9.52,0.00,0.00,0.00,7391.00,0.00,0.00,5.00,3.60,0.00
9.53,0.00,0.00,0.00,7391.00,0.00,0.00,5.00,3.29,0.00
9.53,0.00,0.00,0.00,7391.00,0.00,0.00,5.00,3.01,0.00
9.54,0.00,0.00,0.00,7391.00,0.00,0.00,5.00,2.75,0.00
9.55,0.00,0.00,0.00,7391.00,0.00,0.00,5.00,2.51,0.00
9.56,0.00,0.00,0.00,7391.00,0.00,0.00,5.00,2.29,0.00
9.56,0.00,0.00,0.00,7391.00,0.00,0.00,5.00,2.10,0.00
9.57,0.00,0.00,0.00,7391.00,0.00,0.00,5.00,1.91,0.00
9.58,0.00,0.00,0.00,7391.00,0.00,0.00,5.00,1.75,0.00
9.58,0.00,0.00,0.00,7391.00,0.00,0.00,5.00,1.60,0.00
9.59,0.00,0.00,0.00,7391.00,0.00,0.00,5.00,1.46,0.00
9.60,0.00,0.00,0.00,7391.00,0.00,0.00,5.00,1.33,0.00
9.60,0.00,0.00,0.00,7391.00,0.00,0.00,5.00,1.22,0.00
9.61,0.00,0.00,0.00,7391.00,0.00,0.00,5.00,1.11,0.00
9.62,0.00,0.00,0.00,7391.00,0.00,0.00,5.00,1.02,0.00
9.62,0.00,0.00,0.00,7391.00,0.00,0.00,5.00,0.93,0.00
9.63,0.00,0.00,0.00,7391.00,0.00,0.00,5.00,0.85,0.00
9.64,0.00,0.00,0.00,7391.00,0.00,0.00,5.00,0.78,0.00
9.65,0.00,0.00,0.00,7391.00,0.00,0.00,5.00,0.71,0.00
9.65,0.00,0.00,0.00,7391.00,0.00,0.00,5.00,0.65,0.00
9.66,0.00,0.00,0.00,7391.00,0.00,0.00,5.00,0.59,0.00
9.67,0.00,0.00,0.00,7391.00,0.00,0.00,5.00,0.54,0.00
9.67,0.00,0.00,0.00,7391.00,0.00,0.00,5.00,0.49,0.00
9.68,0.00,0.00,0.00,7391.00,0.00,0.00,5.00,0.45,0.00
9.69,0.00,0.00,0.00,7391.00,0.00,0.00,5.00,0.41,0.00
9.69,0.00,0.00,0.00,7391.00,0.00,0.00,5.00,0.38,0.00
9.70,0.00,0.00,0.00,7391.00,0.00,0.00,5.00,0.34,0.00
9.71,0.00,0.00,0.00,7391.00,0.00,0.00,5.00,0.31,0.00
9.72,0.00,0.00,0.00,7391.00,0.00,0.00,5.00,0.29,0.00
9.72,0.00,0.00,0.00,7391.00,0.00,0.00,5.00,0.26,0.00
9.73,0.00,0.00,0.00,7391.00,0.00,0.00,5.00,0.24,0.00
9.74,0.00,0.00,0.00,7391.00,0.00,0.00,5.00,0.22,0.00
9.74,0.00,0.00,0.00,7391.00,0.00,0.00,5.00,0.20,0.00
9.75,0.00,0.00,0.00,7391.00,0.00,0.00,5.00,0.18,0.00
9.76,0.00,0.00,0.00,7391.00,0.00,0.00,5.00,0.17,0.00
9.76,0.00,0.00,0.00,7391.00,0.00,0.00,5.00,0.15,0.00
9.77,0.00,0.00,0.00,7391.00,0.00,0.00,5.00,0.14,0.00
9.78,0.00,0.00,0.00,7391.00,0.00,0.00,5.00,0.13,0.00
9.78,0.00,0.00,0.00,7391.00,0.00,0.00,5.00,0.12,0.00
9.79,0.00,0.00,0.00,7391.00,0.00,0.00,5.00,0.11,0.00
9.80,0.00,0.00,0.00,7391.00,0.00,0.00,5.00,0.10,0.00
9.81,0.00,0.00,0.00,7391.00,0.00,0.00,5.00,0.09,0.00
9.81,0.00,0.00,0.00,7391.00,0.00,0.00,5.00,0.08,0.00
9.82,0.00,0.00,0.00,7391.00,0.00,0.00,5.00,0.07,0.00
9.83,0.00,0.00,0.00,7391.00,0.00,0.00,5.00,0.07,0.00
9.83,0.00,0.00,0.00,7391.00,0.00,0.00,5.00,0.06,0.00
9.84,0.00,0.00,0.00,7391.00,0.00,0.00,5.00,0.06,0.00
9.85,0.00,0.00,0.00,7391.00,0.00,0.00,5.00,0.05,0.00
9.85,0.00,0.00,0.00,7391.00,0.00,0.00,5.00,0.05,0.00
9.86,0.00,0.00,0.00,7391.00,0.00,0.00,5.00,0.04,0.00
9.87,0.00,0.00,0.00,7391.00,0.00,0.00,5.00,0.04,0.00
9.88,0.00,0.00,0.00,7391.00,0.00,0.00,5.00,0.04,0.00
9.88,0.00,0.00,0.00,7391.00,0.00,0.00,5.00,0.03,0.00
9.89,0.00,0.00,0.00,7391.00,0.00,0.00,5.00,0.03,0.00
9.90,0.00,0.00,0.00,7391.00,0.00,0.00,5.00,0.03,0.00
9.90,0.00,0.00,0.00,7391.00,0.00,0.00,5.00,0.03,0.00
9.91,0.00,0.00,0.00,7391.00,0.00,0.00,5.00,0.02,0.00
9.92,0.00,0.00,0.00,7391.00,0.00,0.00,5.00,0.02,0.00
9.92,0.00,0.00,0.00,7391.00,0.00,0.00,5.00,0.02,0.00
9.93,0.00,0.00,0.00,7391.00,0.00,0.00,5.00,0.02,0.00
9.94,0.00,0.00,0.00,7391.00,0.00,0.00,5.00,0.02,0.00
9.94,0.00,0.00,0.00,7391.00,0.00,0.00,5.00,0.01,0.00
9.95,0.00,0.00,0.00,7391.00,0.00,0.00,5.00,0.01,0.00
9.96,0.00,0.00,0.00,7391.00,0.00,0.00,5.00,0.01,0.00
9.97,0.00,0.00,0.00,7391.00,0.00,0.00,5.00,0.01,0.00
9.97,0.00,0.00,0.00,7391.00,0.00,0.00,5.00,0.01,0.00
9.98,0.00,0.00,0.00,7391.00,0.00,0.00,5.00,0.01,0.00
9.99,0.00,0.00,0.00,7391.00,0.00,0.00,5.00,0.01,0.00
9.99,0.00,0.00,0.00,7391.00,0.00,0.00,5.00,0.01,0.00
