Time,U,AI1,AI2,AD,BI2,BI2,BD,VA,VB
0.00,7392.00,3.00,0.00,0.00,1.00,0.00,0.00,75.00,75.00
0.01,7390.00,4.00,0.00,0.00,2.00,0.00,0.00,68.52,68.47
0.01,7388.00,5.00,0.00,0.00,3.00,0.00,0.00,62.61,62.51
0.02,7387.00,6.00,0.00,0.00,3.00,0.00,0.00,57.20,57.06
0.03,7385.00,8.00,0.00,0.00,3.00,0.00,0.00,52.26,52.10
0.03,7385.00,8.00,0.00,0.00,3.00,0.00,0.00,47.75,47.56
0.04,7383.00,8.00,0.00,0.00,5.00,0.00,0.00,43.63,43.42
0.05,7383.00,8.00,0.00,0.00,5.00,0.00,0.00,39.86,39.64
0.06,7382.00,9.00,0.00,0.00,5.00,0.00,0.00,36.42,36.19
0.06,7381.00,9.00,0.00,0.00,6.00,0.00,0.00,33.28,33.03
0.07,7379.00,9.00,0.00,0.00,8.00,0.00,0.00,30.40,30.16
0.08,7377.00,11.00,0.00,0.00,8.00,0.00,0.00,27.78,27.53
0.08,7375.00,10.00,2.00,0.00,8.00,1.00,0.00,25.68,40.16
0.09,7374.00,11.00,2.00,0.00,8.00,0.00,1.00,23.76,36.66
0.10,7374.00,9.00,4.00,0.00,8.00,0.00,1.00,22.31,33.47
0.10,7373.00,9.00,4.00,0.00,9.00,0.00,1.00,20.99,30.55
0.11,7372.00,9.00,4.00,0.00,9.00,1.00,1.00,19.78,42.92
0.12,7372.00,9.00,4.00,0.00,8.00,2.00,1.00,18.67,69.23
0.12,7369.00,9.00,4.00,0.00,11.00,2.00,1.00,17.66,93.24
0.13,7369.00,9.00,3.00,1.00,11.00,2.00,1.00,16.59,115.17
0.14,7367.00,9.00,3.00,1.00,12.00,2.00,2.00,15.60,135.19
0.15,7366.00,9.00,3.00,1.00,13.00,2.00,2.00,14.71,153.46
0.15,7364.00,9.00,3.00,1.00,15.00,2.00,2.00,13.89,170.15
0.16,7364.00,9.00,3.00,1.00,15.00,2.00,2.00,13.14,185.38
0.17,7363.00,9.00,3.00,1.00,15.00,3.00,2.00,12.46,214.30
0.17,7363.00,8.00,4.00,1.00,15.00,3.00,2.00,11.98,240.71
0.18,7360.00,8.00,4.00,1.00,17.00,4.00,2.00,11.55,279.85
0.19,7358.00,8.00,4.00,1.00,18.00,5.00,2.00,11.15,330.59
0.19,7356.00,7.00,5.00,1.00,20.00,5.00,2.00,10.94,376.92
0.20,7353.00,7.00,5.00,1.00,23.00,5.00,2.00,10.75,419.22
0.21,7349.00,6.00,6.00,1.00,25.00,7.00,2.00,10.72,487.88
0.22,7347.00,5.00,7.00,1.00,26.00,7.00,3.00,10.85,550.55
0.22,7344.00,5.00,7.00,1.00,28.00,8.00,3.00,10.96,622.80
0.23,7342.00,5.00,7.00,1.00,28.00,10.00,3.00,11.07,718.80
0.24,7338.00,5.00,7.00,1.00,30.00,12.00,3.00,11.16,836.49
0.24,7333.00,7.00,7.00,1.00,30.00,15.00,3.00,11.25,989.00
0.25,7330.00,7.00,7.00,1.00,33.00,15.00,3.00,11.33,1128.23
0.26,7326.00,7.00,7.00,1.00,33.00,19.00,3.00,11.40,1315.42
0.26,7325.00,8.00,7.00,1.00,30.00,21.00,4.00,11.47,1516.37
0.27,7322.00,8.00,6.00,2.00,33.00,21.00,4.00,11.38,1699.81
0.28,7316.00,8.00,6.00,2.00,39.00,20.00,5.00,11.30,1852.26
0.28,7312.00,7.00,7.00,2.00,43.00,20.00,5.00,11.38,1991.44
0.29,7299.00,7.00,7.00,2.00,56.00,19.00,6.00,11.45,2103.47
0.30,7288.00,7.00,7.00,2.00,66.00,20.00,6.00,11.51,2220.77
0.31,7280.00,7.00,7.00,2.00,71.00,22.00,7.00,11.57,2357.90
0.31,7275.00,7.00,7.00,2.00,76.00,22.00,7.00,11.62,2483.10
0.32,7259.00,7.00,6.00,3.00,92.00,21.00,8.00,11.52,2582.36
0.33,7248.00,7.00,6.00,3.00,102.00,22.00,8.00,11.43,2688.01
0.33,7237.00,7.00,6.00,3.00,106.00,28.00,9.00,11.34,2874.60
0.34,7230.00,7.00,6.00,3.00,108.00,32.00,10.00,11.26,3105.03
0.35,7221.00,7.00,6.00,3.00,114.00,35.00,10.00,11.19,3360.47
0.35,7208.00,7.00,6.00,3.00,126.00,36.00,10.00,11.13,3608.68
0.36,7193.00,7.00,6.00,3.00,135.00,41.00,11.00,11.07,3910.40
0.37,7185.00,6.00,6.00,4.00,141.00,42.00,12.00,11.01,4200.87
0.38,7175.00,6.00,6.00,4.00,142.00,50.00,13.00,10.96,4586.23
0.38,7161.00,5.00,7.00,4.00,150.00,56.00,13.00,11.07,5028.18
0.39,7148.00,5.00,7.00,4.00,161.00,55.00,16.00,11.17,5416.61
0.40,7137.00,5.00,7.00,4.00,170.00,56.00,17.00,11.25,5786.25
0.40,7128.00,5.00,7.00,4.00,174.00,59.00,19.00,11.33,6168.77
0.41,7111.00,5.00,7.00,4.00,188.00,59.00,22.00,11.41,6517.99
0.42,7099.00,5.00,7.00,4.00,194.00,64.00,23.00,11.47,6911.91
0.42,7087.00,5.00,7.00,4.00,201.00,67.00,25.00,11.53,7316.59
0.43,7070.00,6.00,7.00,4.00,216.00,68.00,25.00,11.59,7701.07
0.44,7058.00,6.00,7.00,4.00,220.00,76.00,25.00,11.64,8172.25
0.44,7039.00,6.00,7.00,4.00,233.00,80.00,27.00,11.69,8662.49
0.45,7020.00,6.00,7.00,4.00,245.00,83.00,31.00,11.73,9155.11
0.46,7007.00,6.00,8.00,4.00,248.00,88.00,35.00,11.92,9679.96
0.47,6985.00,7.00,8.00,4.00,265.00,92.00,35.00,12.09,10219.19
0.47,6969.00,8.00,8.00,4.00,270.00,98.00,39.00,12.25,10801.61
0.48,6943.00,8.00,8.00,4.00,286.00,106.00,41.00,12.39,11453.50
0.49,6927.00,8.00,8.00,4.00,293.00,113.00,43.00,12.53,12153.79
0.49,6912.00,7.00,9.00,4.00,303.00,117.00,44.00,12.80,12853.19
0.50,6881.00,8.00,9.00,4.00,325.00,123.00,46.00,13.04,13581.83
0.51,6858.00,8.00,9.00,4.00,344.00,124.00,49.00,13.27,14262.05
0.51,6833.00,8.00,9.00,4.00,362.00,130.00,50.00,13.48,14973.17
0.52,6804.00,8.00,8.00,5.00,378.00,138.00,55.00,13.51,15742.56
0.53,6777.00,8.00,8.00,5.00,391.00,152.00,55.00,13.55,16655.28
0.53,6752.00,8.00,7.00,6.00,397.00,169.00,57.00,13.43,17743.91
0.54,6721.00,8.00,7.00,6.00,420.00,173.00,61.00,13.32,18797.84
0.55,6696.00,8.00,7.00,6.00,434.00,183.00,62.00,13.22,19910.23
0.56,6659.00,8.00,6.00,7.00,458.00,193.00,65.00,12.98,21075.99
0.56,6635.00,7.00,7.00,7.00,466.00,206.00,68.00,12.92,22335.54
0.57,6607.00,7.00,7.00,7.00,486.00,208.00,74.00,12.85,23515.46
0.58,6575.00,7.00,7.00,7.00,504.00,219.00,77.00,12.79,24757.90
0.58,6544.00,7.00,7.00,7.00,518.00,235.00,78.00,12.74,26132.51
0.59,6515.00,7.00,7.00,7.00,530.00,250.00,80.00,12.69,27612.78
0.60,6492.00,7.00,7.00,7.00,540.00,257.00,86.00,12.65,29069.31
0.60,6452.00,6.00,8.00,7.00,565.00,266.00,92.00,12.76,30534.22
0.61,6419.00,6.00,8.00,7.00,584.00,277.00,95.00,12.86,32036.83
0.62,6382.00,6.00,8.00,7.00,593.00,300.00,100.00,12.95,33754.13
0.62,6350.00,6.00,8.00,7.00,606.00,317.00,102.00,13.03,35577.29
0.63,6318.00,6.00,8.00,7.00,626.00,325.00,106.00,13.11,37361.87
0.64,6294.00,6.00,8.00,7.00,630.00,344.00,107.00,13.18,39276.51
0.65,6261.00,6.00,8.00,7.00,647.00,353.00,114.00,13.24,41159.63
0.65,6221.00,5.00,9.00,7.00,670.00,365.00,119.00,13.45,43059.05
0.66,6173.00,5.00,9.00,7.00,691.00,387.00,124.00,13.64,45123.59
0.67,6143.00,5.00,9.00,7.00,710.00,396.00,126.00,13.82,47143.57
0.67,6096.00,5.00,9.00,7.00,736.00,416.00,127.00,13.98,49288.12
0.68,6055.00,6.00,9.00,7.00,756.00,435.00,128.00,14.12,51531.36
0.69,6013.00,6.00,9.00,7.00,781.00,445.00,135.00,14.26,53729.51
0.69,5969.00,6.00,9.00,7.00,792.00,473.00,140.00,14.38,56156.90
0.70,5931.00,7.00,9.00,7.00,805.00,492.00,145.00,14.49,58658.36
0.71,5889.00,6.00,10.00,7.00,826.00,508.00,150.00,14.74,61182.37
0.72,5847.00,6.00,10.00,7.00,847.00,523.00,156.00,14.97,63711.95
0.72,5794.00,6.00,9.00,8.00,882.00,540.00,157.00,15.03,66276.65
0.73,5759.00,6.00,9.00,8.00,885.00,566.00,163.00,15.08,69008.64
0.74,5719.00,6.00,9.00,8.00,889.00,593.00,172.00,15.13,71908.35
0.74,5676.00,6.00,9.00,8.00,904.00,618.00,175.00,15.18,74931.15
0.75,5642.00,6.00,9.00,8.00,916.00,637.00,178.00,15.22,77976.18
0.76,5594.00,6.00,9.00,8.00,942.00,651.00,186.00,15.26,80966.38
0.76,5551.00,6.00,9.00,8.00,965.00,666.00,191.00,15.29,83921.55
0.77,5505.00,6.00,8.00,9.00,982.00,686.00,200.00,15.17,86919.86
0.78,5465.00,6.00,8.00,9.00,991.00,713.00,204.00,15.07,90062.71
0.78,5420.00,4.00,10.00,9.00,999.00,746.00,208.00,15.27,93427.66
0.79,5380.00,4.00,10.00,9.00,1015.00,763.00,215.00,15.45,96755.00
0.80,5325.00,3.00,10.00,10.00,1035.00,792.00,221.00,15.62,100228.28
0.81,5276.00,3.00,9.00,11.00,1049.00,816.00,232.00,15.62,103759.67
0.81,5220.00,3.00,9.00,11.00,1074.00,845.00,234.00,15.63,107419.23
0.82,5180.00,3.00,9.00,11.00,1076.00,870.00,247.00,15.63,111135.71
0.83,5140.00,2.00,10.00,11.00,1081.00,897.00,255.00,15.78,114934.20
0.83,5094.00,2.00,10.00,11.00,1090.00,927.00,262.00,15.92,118852.63
0.84,5051.00,2.00,10.00,11.00,1099.00,956.00,267.00,16.05,122865.52
0.85,5003.00,2.00,10.00,11.00,1115.00,983.00,272.00,16.17,126934.61
0.85,4957.00,2.00,10.00,11.00,1123.00,1016.00,277.00,16.27,131145.15
0.86,4914.00,2.00,10.00,11.00,1121.00,1054.00,284.00,16.37,135559.93
0.87,4866.00,2.00,9.00,12.00,1124.00,1094.00,289.00,16.31,140191.21
0.88,4808.00,2.00,9.00,12.00,1147.00,1125.00,293.00,16.25,144884.93
0.88,4770.00,2.00,9.00,12.00,1148.00,1157.00,298.00,16.20,149650.69
0.89,4719.00,2.00,9.00,12.00,1154.00,1193.00,307.00,16.16,154542.29
0.90,4679.00,1.00,8.00,14.00,1159.00,1220.00,315.00,15.96,159413.58
0.90,4632.00,1.00,8.00,14.00,1180.00,1237.00,324.00,15.79,164116.08
0.91,4580.00,1.00,8.00,14.00,1208.00,1256.00,329.00,15.63,168694.55
0.92,4534.00,1.00,8.00,14.00,1224.00,1280.00,335.00,15.48,173234.90
0.92,4480.00,1.00,8.00,14.00,1246.00,1308.00,339.00,15.34,177800.55
0.93,4430.00,2.00,8.00,14.00,1260.00,1336.00,346.00,15.22,182389.28
0.94,4378.00,2.00,8.00,14.00,1274.00,1369.00,351.00,15.11,187074.20
0.94,4331.00,2.00,8.00,14.00,1294.00,1389.00,358.00,15.01,191651.65
0.95,4287.00,1.00,7.00,16.00,1300.00,1421.00,364.00,14.76,196311.25
0.96,4252.00,1.00,7.00,16.00,1304.00,1446.00,370.00,14.54,200940.68
0.97,4207.00,0.00,8.00,16.00,1315.00,1472.00,378.00,14.49,205557.61
0.97,4157.00,0.00,8.00,16.00,1324.00,1508.00,383.00,14.44,210313.34
0.98,4119.00,1.00,8.00,16.00,1324.00,1538.00,390.00,14.39,215105.66
0.99,4077.00,1.00,8.00,16.00,1334.00,1558.00,402.00,14.35,219781.15
0.99,4042.00,1.00,8.00,16.00,1326.00,1591.00,412.00,14.31,224545.27
1.00,3989.00,1.00,8.00,16.00,1331.00,1636.00,415.00,14.28,229570.59
1.01,3940.00,2.00,8.00,16.00,1339.00,1667.00,424.00,14.25,234624.05
1.01,3892.00,2.00,8.00,16.00,1346.00,1700.00,432.00,14.22,239733.23
1.02,3835.00,2.00,7.00,17.00,1364.00,1737.00,434.00,14.05,244953.39
1.03,3789.00,2.00,7.00,17.00,1373.00,1763.00,445.00,13.88,250109.59
1.03,3750.00,2.00,7.00,17.00,1371.00,1796.00,453.00,13.74,255312.57
1.04,3696.00,2.00,7.00,17.00,1388.00,1825.00,461.00,13.60,260498.17
1.05,3652.00,2.00,7.00,17.00,1378.00,1875.00,465.00,13.48,265983.39
1.06,3621.00,2.00,7.00,17.00,1365.00,1915.00,469.00,13.37,271591.90
1.06,3584.00,2.00,7.00,17.00,1364.00,1950.00,472.00,13.27,277237.85
1.07,3545.00,2.00,6.00,18.00,1364.00,1983.00,478.00,13.02,282887.94
1.08,3503.00,2.00,6.00,18.00,1371.00,2015.00,481.00,12.80,288526.78
1.08,3466.00,2.00,6.00,18.00,1379.00,2036.00,489.00,12.60,293990.10
1.09,3418.00,2.00,6.00,18.00,1379.00,2078.00,495.00,12.41,299608.66
1.10,3377.00,2.00,6.00,18.00,1367.00,2125.00,501.00,12.24,305444.07
1.10,3341.00,2.00,5.00,19.00,1361.00,2157.00,511.00,11.93,311252.10
1.11,3313.00,2.00,5.00,19.00,1348.00,2189.00,520.00,11.65,317035.13
1.12,3270.00,2.00,5.00,19.00,1353.00,2222.00,525.00,11.40,322810.35
1.12,3221.00,2.00,5.00,19.00,1362.00,2255.00,532.00,11.17,328578.46
1.13,3177.00,2.00,5.00,19.00,1378.00,2273.00,542.00,10.95,334114.71
1.14,3130.00,2.00,4.00,20.00,1388.00,2298.00,554.00,10.61,339544.47
1.15,3097.00,2.00,4.00,20.00,1381.00,2334.00,558.00,10.29,345042.27
1.15,3060.00,3.00,4.00,20.00,1364.00,2381.00,564.00,10.01,350767.42
1.16,3022.00,3.00,4.00,20.00,1372.00,2404.00,571.00,9.74,356339.58
1.17,2984.00,3.00,4.00,20.00,1359.00,2440.00,586.00,9.50,361967.37
1.17,2940.00,3.00,4.00,20.00,1364.00,2473.00,592.00,9.28,367600.88
1.18,2895.00,3.00,3.00,21.00,1372.00,2506.00,596.00,8.93,373239.61
1.19,2849.00,3.00,4.00,21.00,1373.00,2540.00,606.00,8.76,378898.12
1.19,2812.00,3.00,4.00,21.00,1372.00,2564.00,620.00,8.61,384424.47
1.20,2782.00,3.00,4.00,21.00,1361.00,2601.00,624.00,8.46,390025.47
1.21,2728.00,3.00,4.00,21.00,1370.00,2640.00,630.00,8.33,395724.65
1.22,2678.00,3.00,4.00,21.00,1372.00,2684.00,634.00,8.22,401588.59
1.22,2621.00,2.00,5.00,21.00,1382.00,2726.00,639.00,8.26,407572.89
1.23,2580.00,2.00,5.00,21.00,1379.00,2763.00,646.00,8.30,413591.95
1.24,2542.00,2.00,5.00,21.00,1379.00,2794.00,653.00,8.33,419552.62
1.24,2494.00,2.00,5.00,21.00,1395.00,2822.00,657.00,8.36,425414.91
1.25,2456.00,2.00,5.00,21.00,1397.00,2851.00,664.00,8.39,431202.40
1.26,2411.00,2.00,5.00,21.00,1399.00,2887.00,671.00,8.42,437026.77
1.26,2373.00,2.00,5.00,21.00,1399.00,2918.00,678.00,8.44,442809.69
1.27,2337.00,2.00,5.00,21.00,1396.00,2949.00,686.00,8.47,448554.78
1.28,2297.00,2.00,5.00,21.00,1382.00,2997.00,692.00,8.49,454520.72
1.28,2252.00,2.00,4.00,22.00,1384.00,3029.00,703.00,8.35,460447.91
1.29,2218.00,2.00,3.00,23.00,1374.00,3063.00,713.00,8.08,466369.76
1.30,2177.00,2.00,3.00,23.00,1380.00,3089.00,722.00,7.84,472166.57
1.31,2137.00,2.00,3.00,23.00,1380.00,3123.00,728.00,7.61,477969.40
1.31,2100.00,2.00,3.00,23.00,1388.00,3148.00,732.00,7.40,483642.52
1.32,2067.00,2.00,3.00,23.00,1384.00,3177.00,740.00,7.22,489257.32
1.33,2025.00,2.00,3.00,23.00,1378.00,3216.00,749.00,7.04,494969.11
1.33,1974.00,2.00,3.00,23.00,1389.00,3252.00,753.00,6.89,500724.37
1.34,1940.00,2.00,3.00,23.00,1382.00,3286.00,760.00,6.74,506489.27
1.35,1887.00,2.00,3.00,23.00,1401.00,3309.00,771.00,6.61,512097.71
1.35,1854.00,2.00,3.00,23.00,1397.00,3340.00,777.00,6.49,517683.52
1.36,1808.00,2.00,3.00,23.00,1404.00,3372.00,784.00,6.38,523263.67
1.37,1778.00,1.00,4.00,23.00,1384.00,3412.00,794.00,6.43,528958.85
1.38,1735.00,1.00,3.00,24.00,1387.00,3447.00,799.00,6.33,534683.93
1.38,1693.00,1.00,3.00,24.00,1394.00,3472.00,809.00,6.23,540286.07
1.39,1645.00,1.00,3.00,24.00,1403.00,3505.00,815.00,6.14,545896.16
1.40,1600.00,1.00,3.00,24.00,1406.00,3534.00,828.00,6.06,551453.41
1.40,1558.00,1.00,2.00,25.00,1405.00,3562.00,843.00,5.84,556947.41
1.41,1525.00,1.00,2.00,25.00,1403.00,3588.00,852.00,5.64,562353.62
1.42,1475.00,1.00,2.00,25.00,1418.00,3616.00,859.00,5.45,567709.72
1.42,1428.00,1.00,2.00,25.00,1420.00,3659.00,861.00,5.28,573245.42
1.43,1386.00,1.00,2.00,25.00,1419.00,3691.00,872.00,5.13,578779.85
1.44,1341.00,1.00,2.00,25.00,1424.00,3723.00,880.00,4.98,584313.09
1.44,1303.00,1.00,2.00,25.00,1421.00,3752.00,892.00,4.85,589800.19
1.45,1272.00,1.00,2.00,25.00,1411.00,3782.00,903.00,4.73,595260.20
1.46,1223.00,1.00,2.00,25.00,1431.00,3804.00,910.00,4.63,600575.27
1.47,1185.00,1.00,1.00,26.00,1423.00,3844.00,916.00,4.38,606028.46
1.47,1149.00,1.00,1.00,26.00,1404.00,3891.00,924.00,4.15,611712.88
1.48,1122.00,1.00,1.00,26.00,1393.00,3923.00,930.00,3.94,617383.08
1.49,1082.00,1.00,1.00,26.00,1398.00,3951.00,937.00,3.75,622980.18
1.49,1049.00,1.00,1.00,26.00,1388.00,3986.00,945.00,3.58,628615.72
1.50,1019.00,1.00,1.00,26.00,1383.00,4009.00,957.00,3.42,634106.07
1.51,980.00,1.00,1.00,26.00,1382.00,4041.00,965.00,3.27,639599.08
1.51,942.00,1.00,1.00,26.00,1391.00,4064.00,971.00,3.14,644959.31
1.52,913.00,1.00,1.00,26.00,1378.00,4101.00,976.00,3.02,650408.65
1.53,883.00,1.00,0.00,27.00,1368.00,4134.00,983.00,2.76,655879.25
1.53,854.00,0.00,1.00,27.00,1361.00,4164.00,989.00,2.67,661324.18
1.54,815.00,0.00,1.00,27.00,1355.00,4200.00,998.00,2.59,666835.83
1.55,771.00,0.00,1.00,27.00,1359.00,4234.00,1004.00,2.52,672378.33
1.56,736.00,0.00,1.00,27.00,1359.00,4258.00,1015.00,2.45,677798.76
1.56,709.00,0.00,1.00,27.00,1349.00,4292.00,1018.00,2.39,683257.99
1.57,678.00,0.00,1.00,27.00,1338.00,4320.00,1032.00,2.33,688662.50
1.58,639.00,0.00,1.00,27.00,1346.00,4345.00,1038.00,2.28,693971.98
1.58,612.00,0.00,1.00,27.00,1334.00,4378.00,1044.00,2.24,699314.90
1.59,590.00,0.00,1.00,27.00,1312.00,4409.00,1057.00,2.19,704658.30
1.60,564.00,0.00,1.00,27.00,1304.00,4440.00,1060.00,2.15,710002.13
1.60,535.00,0.00,1.00,27.00,1302.00,4462.00,1069.00,2.12,715211.15
1.61,510.00,0.00,1.00,27.00,1295.00,4488.00,1075.00,2.09,720357.19
1.62,487.00,0.00,1.00,27.00,1281.00,4513.00,1087.00,2.06,725430.71
1.62,460.00,0.00,1.00,27.00,1271.00,4544.00,1093.00,2.03,730528.17
1.63,442.00,0.00,1.00,27.00,1246.00,4578.00,1102.00,2.00,735692.54
1.64,420.00,0.00,1.00,27.00,1232.00,4607.00,1109.00,1.98,740842.90
1.65,397.00,0.00,1.00,27.00,1221.00,4636.00,1114.00,1.96,745980.45
1.65,374.00,0.00,1.00,27.00,1206.00,4671.00,1117.00,1.94,751196.45
1.66,356.00,0.00,1.00,27.00,1180.00,4704.00,1128.00,1.92,756454.03
1.67,338.00,0.00,1.00,27.00,1167.00,4727.00,1136.00,1.91,761599.33
1.67,314.00,0.00,1.00,27.00,1164.00,4744.00,1146.00,1.89,766551.99
1.68,297.00,0.00,1.00,27.00,1145.00,4772.00,1154.00,1.88,771494.04
1.69,274.00,0.00,1.00,27.00,1134.00,4796.00,1164.00,1.87,776366.31
1.69,260.00,0.00,1.00,27.00,1116.00,4826.00,1166.00,1.86,781265.02
1.70,245.00,0.00,1.00,27.00,1104.00,4848.00,1171.00,1.85,786067.68
1.71,233.00,0.00,1.00,27.00,1086.00,4865.00,1184.00,1.84,790707.53
1.72,212.00,0.00,1.00,27.00,1080.00,4884.00,1192.00,1.83,795228.80
1.72,205.00,0.00,1.00,27.00,1052.00,4908.00,1203.00,1.82,799716.94
1.73,190.00,0.00,1.00,27.00,1036.00,4932.00,1210.00,1.81,804174.81
1.74,168.00,0.00,1.00,27.00,1033.00,4953.00,1214.00,1.81,808560.00
1.74,154.00,0.00,1.00,27.00,1020.00,4969.00,1225.00,1.80,812803.72
1.75,142.00,0.00,1.00,27.00,1016.00,4978.00,1232.00,1.80,816813.12
1.76,131.00,0.00,1.00,27.00,1003.00,4995.00,1239.00,1.79,820728.78
1.76,119.00,0.00,1.00,27.00,992.00,5015.00,1242.00,1.79,824603.95
1.77,103.00,0.00,1.00,27.00,974.00,5042.00,1249.00,1.78,828547.31
1.78,94.00,0.00,1.00,27.00,953.00,5068.00,1253.00,1.78,832537.90
1.78,84.00,0.00,1.00,27.00,938.00,5087.00,1259.00,1.78,836466.45
1.79,75.00,0.00,1.00,27.00,920.00,5110.00,1263.00,1.77,840398.44
1.80,68.00,0.00,1.00,27.00,905.00,5122.00,1273.00,1.77,844168.33
1.81,54.00,0.00,1.00,27.00,892.00,5144.00,1278.00,1.77,847940.46
1.81,47.00,0.00,1.00,27.00,871.00,5165.00,1285.00,1.77,851699.61
1.82,42.00,0.00,1.00,27.00,853.00,5182.00,1291.00,1.76,855386.83
1.83,33.00,0.00,1.00,27.00,842.00,5198.00,1295.00,1.76,858993.35
1.83,31.00,0.00,1.00,27.00,815.00,5220.00,1302.00,1.76,862616.33
1.84,29.00,0.00,1.00,27.00,794.00,5239.00,1306.00,1.76,866209.28
1.85,22.00,0.00,1.00,27.00,774.00,5260.00,1312.00,1.76,869804.85
1.85,17.00,0.00,1.00,27.00,763.00,5270.00,1318.00,1.75,873237.57
1.86,14.00,0.00,1.00,27.00,742.00,5288.00,1324.00,1.75,876641.80
1.87,10.00,0.00,1.00,27.00,731.00,5298.00,1329.00,1.75,879899.83
1.88,9.00,0.00,1.00,27.00,713.00,5304.00,1342.00,1.75,882964.30
1.88,7.00,0.00,1.00,27.00,695.00,5316.00,1350.00,1.75,885942.21
1.89,5.00,0.00,1.00,27.00,684.00,5322.00,1357.00,1.75,888750.95
1.90,4.00,0.00,1.00,27.00,669.00,5333.00,1362.00,1.75,891480.38
1.90,2.00,0.00,1.00,27.00,653.00,5341.00,1372.00,1.75,894092.32
1.91,2.00,0.00,1.00,27.00,633.00,5352.00,1381.00,1.75,896642.08
1.92,2.00,0.00,1.00,27.00,609.00,5369.00,1388.00,1.75,899225.20
1.92,2.00,0.00,1.00,27.00,591.00,5379.00,1396.00,1.75,901733.63
1.93,1.00,0.00,1.00,27.00,572.00,5395.00,1400.00,1.75,904264.01
1.94,0.00,0.00,1.00,27.00,555.00,5402.00,1411.00,1.75,906679.21
1.94,0.00,0.00,1.00,27.00,535.00,5411.00,1422.00,1.74,909019.32
1.95,0.00,0.00,1.00,27.00,515.00,5424.00,1429.00,1.74,911350.96
1.96,0.00,0.00,1.00,27.00,504.00,5428.00,1436.00,1.74,913539.66
1.97,0.00,0.00,1.00,27.00,494.00,5431.00,1443.00,1.74,915582.85
1.97,0.00,0.00,1.00,27.00,479.00,5440.00,1449.00,1.74,917583.33
1.98,0.00,0.00,1.00,27.00,459.00,5447.00,1462.00,1.74,919514.78
1.99,0.00,0.00,1.00,27.00,443.00,5456.00,1469.00,1.74,921413.26
1.99,0.00,0.00,1.00,27.00,433.00,5461.00,1474.00,1.74,923221.54
2.00,0.00,0.00,1.00,27.00,426.00,5466.00,1476.00,1.74,924947.47
2.01,0.00,0.00,1.00,27.00,411.00,5475.00,1482.00,1.74,926658.33
2.01,0.00,0.00,1.00,27.00,397.00,5485.00,1486.00,1.74,928370.45
2.02,0.00,0.00,1.00,27.00,394.00,5484.00,1490.00,1.74,929918.45
2.03,0.00,0.00,1.00,27.00,379.00,5493.00,1496.00,1.74,931466.87
2.03,0.00,0.00,1.00,27.00,365.00,5493.00,1510.00,1.74,932880.46
2.04,0.00,0.00,1.00,27.00,352.00,5496.00,1520.00,1.74,934216.03
2.05,0.00,0.00,1.00,27.00,341.00,5503.00,1524.00,1.74,935540.47
2.06,0.00,0.00,1.00,27.00,325.00,5510.00,1533.00,1.74,936854.74
2.06,0.00,0.00,1.00,27.00,317.00,5511.00,1540.00,1.74,938069.59
2.07,0.00,0.00,1.00,27.00,309.00,5510.00,1549.00,1.74,939163.64
2.08,0.00,0.00,1.00,27.00,297.00,5514.00,1557.00,1.74,940222.51
2.08,0.00,0.00,1.00,27.00,293.00,5512.00,1563.00,1.74,941159.13
2.09,0.00,0.00,1.00,27.00,288.00,5513.00,1567.00,1.74,942029.22
2.10,0.00,0.00,1.00,27.00,283.00,5509.00,1576.00,1.74,942763.45
2.10,0.00,0.00,1.00,27.00,280.00,5501.00,1587.00,1.74,943313.57
2.11,0.00,0.00,1.00,27.00,272.00,5500.00,1596.00,1.74,943800.76
2.12,0.00,0.00,1.00,27.00,268.00,5500.00,1600.00,1.74,944245.52
2.12,0.00,0.00,1.00,27.00,263.00,5493.00,1612.00,1.74,944546.40
2.13,0.00,0.00,1.00,27.00,253.00,5494.00,1621.00,1.74,944836.10
2.14,0.00,0.00,1.00,27.00,247.00,5493.00,1628.00,1.74,945085.55
2.15,0.00,0.00,1.00,27.00,240.00,5491.00,1637.00,1.74,945283.23
2.15,0.00,0.00,1.00,27.00,233.00,5492.00,1643.00,1.74,945478.73
2.16,0.00,0.00,1.00,27.00,226.00,5490.00,1652.00,1.74,945627.15
2.17,0.00,0.00,1.00,27.00,223.00,5485.00,1660.00,1.74,945687.54
2.17,0.00,0.00,1.00,27.00,216.00,5487.00,1665.00,1.74,945772.71
2.18,0.00,0.00,1.00,27.00,211.00,5486.00,1671.00,1.74,945835.44
2.19,0.00,0.00,1.00,27.00,203.00,5483.00,1682.00,1.74,945847.64
2.19,0.00,0.00,1.00,27.00,198.00,5485.00,1685.00,1.74,945888.83
2.20,0.00,0.00,1.00,27.00,192.00,5483.00,1693.00,1.74,945896.38
2.21,0.00,0.00,1.00,27.00,182.00,5485.00,1701.00,1.74,945933.32
2.22,0.00,0.00,1.00,27.00,182.00,5480.00,1706.00,1.74,945891.93
2.22,0.00,0.00,1.00,27.00,179.00,5477.00,1712.00,1.74,945809.07
2.23,0.00,0.00,1.00,27.00,174.00,5474.00,1720.00,1.74,945688.36
2.24,0.00,0.00,1.00,27.00,170.00,5475.00,1723.00,1.74,945593.18
2.24,0.00,0.00,1.00,27.00,163.00,5472.00,1733.00,1.74,945461.22
2.25,0.00,0.00,1.00,27.00,157.00,5474.00,1737.00,1.74,945370.80
2.26,0.00,0.00,1.00,27.00,156.00,5464.00,1748.00,1.74,945138.02
2.26,0.00,0.00,1.00,27.00,151.00,5462.00,1755.00,1.74,944895.47
2.27,0.00,0.00,1.00,27.00,148.00,5458.00,1762.00,1.74,944613.94
2.28,0.00,0.00,1.00,27.00,145.00,5449.00,1774.00,1.74,944221.71
2.28,0.00,0.00,1.00,27.00,138.00,5450.00,1780.00,1.74,943878.67
2.29,0.00,0.00,1.00,27.00,137.00,5443.00,1788.00,1.74,943460.33
2.30,0.00,0.00,1.00,27.00,133.00,5442.00,1793.00,1.74,943063.40
2.31,0.00,0.00,1.00,27.00,130.00,5435.00,1803.00,1.74,942595.87
2.31,0.00,0.00,1.00,27.00,129.00,5431.00,1808.00,1.74,942108.95
2.32,0.00,0.00,1.00,27.00,125.00,5427.00,1816.00,1.74,941604.35
2.33,0.00,0.00,1.00,27.00,125.00,5420.00,1823.00,1.74,941038.52
2.33,0.00,0.00,1.00,27.00,120.00,5420.00,1828.00,1.74,940521.96
2.34,0.00,0.00,1.00,27.00,119.00,5413.00,1836.00,1.74,939945.22
2.35,0.00,0.00,1.00,27.00,114.00,5413.00,1841.00,1.74,939418.70
2.35,0.00,0.00,1.00,27.00,113.00,5406.00,1849.00,1.74,938832.86
2.36,0.00,0.00,1.00,27.00,110.00,5406.00,1852.00,1.74,938298.04
2.37,0.00,0.00,1.00,27.00,109.00,5399.00,1860.00,1.74,937704.62
2.38,0.00,0.00,1.00,27.00,102.00,5393.00,1873.00,1.74,937072.74
2.38,0.00,0.00,1.00,27.00,101.00,5387.00,1880.00,1.74,936405.74
2.39,0.00,0.00,1.00,27.00,100.00,5380.00,1888.00,1.74,935691.66
2.40,0.00,0.00,1.00,27.00,96.00,5373.00,1899.00,1.74,934934.60
2.40,0.00,0.00,1.00,27.00,95.00,5369.00,1904.00,1.74,934183.36
2.41,0.00,0.00,1.00,27.00,91.00,5368.00,1909.00,1.74,933482.52
2.42,0.00,0.00,1.00,27.00,87.00,5369.00,1912.00,1.74,932857.73
2.42,0.00,0.00,1.00,27.00,85.00,5359.00,1924.00,1.74,932137.11
2.43,0.00,0.00,1.00,27.00,85.00,5352.00,1931.00,1.74,931374.08
2.44,0.00,0.00,1.00,27.00,84.00,5342.00,1942.00,1.74,930527.25
2.44,0.00,0.00,1.00,27.00,83.00,5335.00,1950.00,1.74,929649.01
2.45,0.00,0.00,1.00,27.00,80.00,5331.00,1957.00,1.74,928787.14
2.46,0.00,0.00,1.00,27.00,78.00,5328.00,1962.00,1.74,927955.26
2.47,0.00,0.00,1.00,27.00,78.00,5319.00,1971.00,1.74,927060.60
2.47,0.00,0.00,1.00,27.00,73.00,5311.00,1984.00,1.74,926123.66
2.48,0.00,0.00,1.00,27.00,70.00,5308.00,1990.00,1.74,925223.23
2.49,0.00,0.00,1.00,27.00,68.00,5304.00,1996.00,1.74,924341.12
2.49,0.00,0.00,1.00,27.00,64.00,5299.00,2005.00,1.74,923460.71
2.50,0.00,0.00,1.00,27.00,63.00,5289.00,2016.00,1.74,922506.72
2.51,0.00,0.00,1.00,27.00,59.00,5288.00,2021.00,1.74,921620.78
2.51,0.00,0.00,1.00,27.00,55.00,5279.00,2034.00,1.74,920676.78
2.52,0.00,0.00,1.00,27.00,54.00,5266.00,2048.00,1.74,919619.68
2.53,0.00,0.00,1.00,27.00,53.00,5263.00,2052.00,1.74,918609.56
2.53,0.00,0.00,1.00,27.00,48.00,5260.00,2060.00,1.74,917642.32
2.54,0.00,0.00,1.00,27.00,48.00,5248.00,2072.00,1.74,916579.03
2.55,0.00,0.00,1.00,27.00,47.00,5244.00,2077.00,1.74,915548.24
2.56,0.00,0.00,1.00,27.00,45.00,5240.00,2083.00,1.74,914547.10
2.56,0.00,0.00,1.00,27.00,44.00,5233.00,2091.00,1.74,913527.99
2.57,0.00,0.00,1.00,27.00,42.00,5221.00,2105.00,1.74,912417.33
2.58,0.00,0.00,0.00,28.00,42.00,5217.00,2109.00,1.59,911343.30
2.58,0.00,0.00,0.00,28.00,42.00,5210.00,2116.00,1.45,910257.62
2.59,0.00,0.00,0.00,28.00,42.00,5200.00,2126.00,1.33,909116.25
2.60,0.00,0.00,0.00,28.00,40.00,5193.00,2135.00,1.21,907969.10
2.60,0.00,0.00,0.00,28.00,38.00,5188.00,2142.00,1.11,906846.73
2.61,0.00,0.00,0.00,28.00,38.00,5180.00,2150.00,1.01,905701.91
2.62,0.00,0.00,0.00,28.00,36.00,5175.00,2157.00,0.92,904581.65
2.62,0.00,0.00,0.00,28.00,36.00,5165.00,2167.00,0.85,903408.71
2.63,0.00,0.00,0.00,28.00,36.00,5158.00,2174.00,0.77,902232.75
2.64,0.00,0.00,0.00,28.00,35.00,5152.00,2181.00,0.71,901069.04
2.65,0.00,0.00,0.00,28.00,35.00,5144.00,2189.00,0.64,899886.48
2.65,0.00,0.00,0.00,28.00,35.00,5135.00,2198.00,0.59,898671.68
2.66,0.00,0.00,0.00,28.00,34.00,5128.00,2206.00,0.54,897457.51
2.67,0.00,0.00,0.00,28.00,34.00,5123.00,2211.00,0.49,896273.94
2.67,0.00,0.00,0.00,28.00,31.00,5113.00,2224.00,0.45,895043.20
2.68,0.00,0.00,0.00,28.00,31.00,5105.00,2232.00,0.41,893799.44
2.69,0.00,0.00,0.00,28.00,29.00,5099.00,2240.00,0.37,892573.85
2.69,0.00,0.00,0.00,28.00,27.00,5097.00,2244.00,0.34,891424.93
2.70,0.00,0.00,0.00,28.00,27.00,5090.00,2251.00,0.31,890270.89
2.71,0.00,0.00,0.00,28.00,26.00,5087.00,2255.00,0.29,889172.27
2.72,0.00,0.00,0.00,28.00,25.00,5085.00,2258.00,0.26,888139.27
2.72,0.00,0.00,0.00,28.00,25.00,5079.00,2264.00,0.24,887106.08
2.73,0.00,0.00,0.00,28.00,24.00,5075.00,2269.00,0.22,886102.76
2.74,0.00,0.00,0.00,28.00,24.00,5068.00,2276.00,0.20,885081.65
2.74,0.00,0.00,0.00,28.00,24.00,5063.00,2281.00,0.18,884074.34
2.75,0.00,0.00,0.00,28.00,22.00,5059.00,2287.00,0.17,883094.64
2.76,0.00,0.00,0.00,28.00,22.00,5052.00,2294.00,0.15,882095.09
2.76,0.00,0.00,0.00,28.00,22.00,5046.00,2300.00,0.14,881092.44
2.77,0.00,0.00,0.00,28.00,21.00,5039.00,2308.00,0.13,880071.94
2.78,0.00,0.00,0.00,28.00,20.00,5031.00,2317.00,0.12,879020.11
2.78,0.00,0.00,0.00,28.00,19.00,5024.00,2325.00,0.11,877954.70
2.79,0.00,0.00,0.00,28.00,19.00,5015.00,2334.00,0.10,876846.87
2.80,0.00,0.00,0.00,28.00,18.00,5011.00,2339.00,0.09,875775.40
2.81,0.00,0.00,0.00,28.00,18.00,5005.00,2345.00,0.08,874707.09
2.81,0.00,0.00,0.00,28.00,18.00,5002.00,2348.00,0.07,873686.74
2.82,0.00,0.00,0.00,28.00,17.00,4998.00,2353.00,0.07,872695.15
2.83,0.00,0.00,0.00,28.00,17.00,4993.00,2358.00,0.06,871714.78
2.83,0.00,0.00,0.00,28.00,16.00,4987.00,2365.00,0.06,870729.64
2.84,0.00,0.00,0.00,28.00,16.00,4983.00,2369.00,0.05,869770.19
2.85,0.00,0.00,0.00,28.00,16.00,4977.00,2375.00,0.05,868804.15
2.85,0.00,0.00,0.00,28.00,16.00,4964.00,2388.00,0.04,867726.92
2.86,0.00,0.00,0.00,28.00,15.00,4954.00,2399.00,0.04,866593.27
2.87,0.00,0.00,0.00,28.00,15.00,4949.00,2404.00,0.04,865483.21
2.88,0.00,0.00,0.00,28.00,14.00,4942.00,2412.00,0.03,864364.65
2.88,0.00,0.00,0.00,28.00,14.00,4935.00,2419.00,0.03,863238.33
2.89,0.00,0.00,0.00,28.00,12.00,4935.00,2421.00,0.03,862210.08
2.90,0.00,0.00,0.00,28.00,12.00,4930.00,2426.00,0.02,861196.25
2.90,0.00,0.00,0.00,28.00,11.00,4925.00,2432.00,0.02,860195.59
2.91,0.00,0.00,0.00,28.00,10.00,4920.00,2438.00,0.02,859206.95
2.92,0.00,0.00,0.00,28.00,9.00,4911.00,2448.00,0.02,858169.18
2.92,0.00,0.00,0.00,28.00,9.00,4907.00,2452.00,0.02,857161.69
2.93,0.00,0.00,0.00,28.00,7.00,4898.00,2463.00,0.02,856106.72
2.94,0.00,0.00,0.00,28.00,6.00,4892.00,2470.00,0.01,855053.47
2.94,0.00,0.00,0.00,28.00,6.00,4885.00,2477.00,0.01,853986.77
2.95,0.00,0.00,0.00,28.00,6.00,4877.00,2485.00,0.01,852892.77
2.96,0.00,0.00,0.00,28.00,6.00,4872.00,2490.00,0.01,851818.92
2.97,0.00,0.00,0.00,28.00,6.00,4869.00,2493.00,0.01,850793.50
2.97,0.00,0.00,0.00,28.00,6.00,4862.00,2500.00,0.01,849752.21
2.98,0.00,0.00,0.00,28.00,6.00,4855.00,2507.00,0.01,848696.43
2.99,0.00,0.00,0.00,28.00,6.00,4850.00,2512.00,0.01,847657.47
2.99,0.00,0.00,0.00,28.00,6.00,4843.00,2519.00,0.01,846603.82
3.00,0.00,0.00,0.00,28.00,6.00,4838.00,2524.00,0.01,845566.79
3.01,0.00,0.00,0.00,28.00,6.00,4829.00,2533.00,0.01,844484.86
3.01,0.00,0.00,0.00,28.00,6.00,4819.00,2543.00,0.01,843346.91
3.02,0.00,0.00,0.00,28.00,6.00,4812.00,2550.00,0.00,842202.89
3.03,0.00,0.00,0.00,28.00,5.00,4800.00,2563.00,0.00,840978.20
3.03,0.00,0.00,0.00,28.00,4.00,4792.00,2572.00,0.00,839739.97
3.04,0.00,0.00,0.00,28.00,3.00,4785.00,2580.00,0.00,838504.40
3.05,0.00,0.00,0.00,28.00,3.00,4776.00,2589.00,0.00,837241.20
3.06,0.00,0.00,0.00,28.00,3.00,4766.00,2599.00,0.00,835937.78
3.06,0.00,0.00,0.00,28.00,3.00,4761.00,2604.00,0.00,834672.73
3.07,0.00,0.00,0.00,28.00,3.00,4749.00,2616.00,0.00,833337.56
3.08,0.00,0.00,0.00,28.00,3.00,4741.00,2624.00,0.00,831998.47
3.08,0.00,0.00,0.00,28.00,3.00,4732.00,2633.00,0.00,830640.77
3.09,0.00,0.00,0.00,28.00,3.00,4728.00,2637.00,0.00,829341.20
3.10,0.00,0.00,0.00,28.00,3.00,4715.00,2650.00,0.00,827959.49
3.10,0.00,0.00,0.00,28.00,3.00,4711.00,2654.00,0.00,826638.01
3.11,0.00,0.00,0.00,28.00,3.00,4703.00,2662.00,0.00,825311.40
3.12,0.00,0.00,0.00,28.00,3.00,4688.00,2677.00,0.00,823874.97
3.12,0.00,0.00,0.00,28.00,3.00,4678.00,2687.00,0.00,822413.38
3.13,0.00,0.00,0.00,28.00,2.00,4674.00,2692.00,0.00,821018.98
3.14,0.00,0.00,0.00,28.00,2.00,4664.00,2702.00,0.00,819595.75
3.15,0.00,0.00,0.00,28.00,1.00,4658.00,2709.00,0.00,818206.32
3.15,0.00,0.00,0.00,28.00,1.00,4647.00,2720.00,0.00,816772.62
3.16,0.00,0.00,0.00,28.00,1.00,4633.00,2734.00,0.00,815253.44
3.17,0.00,0.00,0.00,28.00,1.00,4626.00,2741.00,0.00,813761.38
3.17,0.00,0.00,0.00,28.00,1.00,4622.00,2745.00,0.00,812339.15
3.18,0.00,0.00,0.00,28.00,1.00,4612.00,2755.00,0.00,810890.53
3.19,0.00,0.00,0.00,28.00,1.00,4604.00,2763.00,0.00,809447.87
3.19,0.00,0.00,0.00,28.00,1.00,4594.00,2773.00,0.00,807980.59
3.20,0.00,0.00,0.00,28.00,1.00,4584.00,2783.00,0.00,806490.85
3.21,0.00,0.00,0.00,28.00,1.00,4572.00,2795.00,0.00,804950.55
3.22,0.00,0.00,0.00,28.00,1.00,4567.00,2800.00,0.00,803469.26
3.22,0.00,0.00,0.00,28.00,1.00,4557.00,2810.00,0.00,801966.73
3.23,0.00,0.00,0.00,28.00,1.00,4548.00,2819.00,0.00,800459.82
3.24,0.00,0.00,0.00,28.00,1.00,4540.00,2827.00,0.00,798963.94
3.24,0.00,0.00,0.00,28.00,1.00,4534.00,2833.00,0.00,797508.18
3.25,0.00,0.00,0.00,28.00,1.00,4527.00,2840.00,0.00,796074.01
3.26,0.00,0.00,0.00,28.00,1.00,4519.00,2848.00,0.00,794644.55
3.26,0.00,0.00,0.00,28.00,1.00,4513.00,2854.00,0.00,793249.41
3.27,0.00,0.00,0.00,28.00,1.00,4509.00,2858.00,0.00,791915.67
3.28,0.00,0.00,0.00,28.00,1.00,4503.00,2864.00,0.00,790607.93
3.28,0.00,0.00,0.00,28.00,1.00,4500.00,2867.00,0.00,789368.98
3.29,0.00,0.00,0.00,28.00,1.00,4493.00,2874.00,0.00,788132.76
3.30,0.00,0.00,0.00,28.00,1.00,4482.00,2885.00,0.00,786838.93
3.31,0.00,0.00,0.00,28.00,1.00,4474.00,2893.00,0.00,785537.58
3.31,0.00,0.00,0.00,28.00,1.00,4466.00,2901.00,0.00,784229.36
3.32,0.00,0.00,0.00,28.00,1.00,4460.00,2907.00,0.00,782944.91
3.33,0.00,0.00,0.00,28.00,1.00,4446.00,2921.00,0.00,781561.99
3.33,0.00,0.00,0.00,28.00,1.00,4435.00,2932.00,0.00,780134.23
3.34,0.00,0.00,0.00,28.00,1.00,4433.00,2934.00,0.00,778800.74
3.35,0.00,0.00,0.00,28.00,1.00,4426.00,2941.00,0.00,777478.21
3.35,0.00,0.00,0.00,28.00,1.00,4420.00,2947.00,0.00,776180.71
3.36,0.00,0.00,0.00,28.00,1.00,4416.00,2951.00,0.00,774936.09
3.37,0.00,0.00,0.00,28.00,1.00,4407.00,2960.00,0.00,773664.64
3.38,0.00,0.00,0.00,28.00,1.00,4400.00,2967.00,0.00,772398.74
3.38,0.00,0.00,0.00,28.00,1.00,4395.00,2972.00,0.00,771167.95
3.39,0.00,0.00,0.00,28.00,1.00,4386.00,2981.00,0.00,769909.13
3.40,0.00,0.00,0.00,28.00,1.00,4375.00,2992.00,0.00,768594.67
3.40,0.00,0.00,0.00,28.00,1.00,4367.00,3000.00,0.00,767274.48
3.41,0.00,0.00,0.00,28.00,1.00,4361.00,3006.00,0.00,765979.11
3.42,0.00,0.00,0.00,28.00,1.00,4357.00,3010.00,0.00,764736.44
3.42,0.00,0.00,0.00,28.00,1.00,4346.00,3021.00,0.00,763436.72
3.43,0.00,0.00,0.00,28.00,1.00,4340.00,3027.00,0.00,762160.04
3.44,0.00,0.00,0.00,28.00,1.00,4334.00,3033.00,0.00,760904.39
3.44,0.00,0.00,0.00,28.00,1.00,4329.00,3038.00,0.00,759682.96
3.45,0.00,0.00,0.00,28.00,1.00,4324.00,3043.00,0.00,758492.77
3.46,0.00,0.00,0.00,28.00,1.00,4317.00,3050.00,0.00,757301.06
3.47,0.00,0.00,0.00,28.00,1.00,4311.00,3056.00,0.00,756122.98
3.47,0.00,0.00,0.00,28.00,1.00,4303.00,3064.00,0.00,754927.29
3.48,0.00,0.00,0.00,28.00,1.00,4294.00,3073.00,0.00,753700.52
3.49,0.00,0.00,0.00,28.00,1.00,4289.00,3078.00,0.00,752505.45
3.49,0.00,0.00,0.00,28.00,1.00,4282.00,3085.00,0.00,751309.28
3.50,0.00,0.00,0.00,28.00,1.00,4276.00,3091.00,0.00,750127.12
3.51,0.00,0.00,0.00,28.00,1.00,4271.00,3096.00,0.00,748972.79
3.51,0.00,0.00,0.00,28.00,1.00,4263.00,3104.00,0.00,747798.80
3.52,0.00,0.00,0.00,28.00,1.00,4256.00,3111.00,0.00,746621.86
3.53,0.00,0.00,0.00,28.00,1.00,4249.00,3118.00,0.00,745442.25
3.53,0.00,0.00,0.00,28.00,0.00,4240.00,3128.00,0.00,744230.14
3.54,0.00,0.00,0.00,28.00,0.00,4234.00,3134.00,0.00,743033.44
3.55,0.00,0.00,0.00,28.00,0.00,4222.00,3146.00,0.00,741760.67
3.56,0.00,0.00,0.00,28.00,0.00,4210.00,3158.00,0.00,740418.45
3.56,0.00,0.00,0.00,28.00,0.00,4200.00,3168.00,0.00,739042.87
3.57,0.00,0.00,0.00,28.00,0.00,4193.00,3175.00,0.00,737681.91
3.58,0.00,0.00,0.00,28.00,0.00,4181.00,3187.00,0.00,736259.18
3.58,0.00,0.00,0.00,28.00,0.00,4173.00,3195.00,0.00,734840.15
3.59,0.00,0.00,0.00,28.00,0.00,4166.00,3202.00,0.00,733439.52
3.60,0.00,0.00,0.00,28.00,0.00,4160.00,3208.00,0.00,732070.71
3.60,0.00,0.00,0.00,28.00,0.00,4149.00,3219.00,0.00,730655.84
3.61,0.00,0.00,0.00,28.00,0.00,4144.00,3224.00,0.00,729289.06
3.62,0.00,0.00,0.00,28.00,0.00,4137.00,3231.00,0.00,727936.12
3.62,0.00,0.00,0.00,28.00,0.00,4131.00,3237.00,0.00,726610.86
3.63,0.00,0.00,0.00,28.00,0.00,4126.00,3242.00,0.00,725325.88
3.64,0.00,0.00,0.00,28.00,0.00,4122.00,3246.00,0.00,724092.70
3.65,0.00,0.00,0.00,28.00,0.00,4113.00,3255.00,0.00,722831.69
3.65,0.00,0.00,0.00,28.00,0.00,4106.00,3262.00,0.00,721575.32
3.66,0.00,0.00,0.00,28.00,0.00,4098.00,3270.00,0.00,720308.17
3.67,0.00,0.00,0.00,28.00,0.00,4092.00,3276.00,0.00,719061.21
3.67,0.00,0.00,0.00,28.00,0.00,4084.00,3284.00,0.00,717802.66
3.68,0.00,0.00,0.00,28.00,0.00,4077.00,3291.00,0.00,716548.53
3.69,0.00,0.00,0.00,28.00,0.00,4073.00,3295.00,0.00,715343.51
3.69,0.00,0.00,0.00,28.00,0.00,4065.00,3303.00,0.00,714123.23
3.70,0.00,0.00,0.00,28.00,0.00,4061.00,3307.00,0.00,712949.12
3.71,0.00,0.00,0.00,28.00,0.00,4049.00,3319.00,0.00,711696.97
3.72,0.00,0.00,0.00,28.00,0.00,4045.00,3323.00,0.00,710493.76
3.72,0.00,0.00,0.00,28.00,0.00,4040.00,3328.00,0.00,709320.21
3.73,0.00,0.00,0.00,28.00,0.00,4033.00,3335.00,0.00,708143.68
3.74,0.00,0.00,0.00,28.00,0.00,4027.00,3341.00,0.00,706979.46
3.74,0.00,0.00,0.00,28.00,0.00,4023.00,3345.00,0.00,705856.52
3.75,0.00,0.00,0.00,28.00,0.00,4018.00,3350.00,0.00,704756.25
3.76,0.00,0.00,0.00,28.00,0.00,4012.00,3356.00,0.00,703661.65
3.76,0.00,0.00,0.00,28.00,0.00,4003.00,3365.00,0.00,702527.15
3.77,0.00,0.00,0.00,28.00,0.00,3993.00,3375.00,0.00,701341.21
3.78,0.00,0.00,0.00,28.00,0.00,3986.00,3382.00,0.00,700153.37
3.78,0.00,0.00,0.00,28.00,0.00,3977.00,3391.00,0.00,698933.76
3.79,0.00,0.00,0.00,28.00,0.00,3973.00,3395.00,0.00,697760.25
3.80,0.00,0.00,0.00,28.00,0.00,3970.00,3398.00,0.00,696643.86
3.81,0.00,0.00,0.00,28.00,0.00,3962.00,3406.00,0.00,695504.50
3.81,0.00,0.00,0.00,28.00,0.00,3956.00,3412.00,0.00,694374.20
3.82,0.00,0.00,0.00,28.00,0.00,3944.00,3424.00,0.00,693162.06
3.83,0.00,0.00,0.00,28.00,0.00,3935.00,3433.00,0.00,691920.25
3.83,0.00,0.00,0.00,28.00,0.00,3931.00,3437.00,0.00,690726.48
3.84,0.00,0.00,0.00,28.00,0.00,3927.00,3441.00,0.00,689576.57
3.85,0.00,0.00,0.00,28.00,0.00,3922.00,3446.00,0.00,688451.67
3.85,0.00,0.00,0.00,28.00,0.00,3913.00,3455.00,0.00,687289.51
3.86,0.00,0.00,0.00,28.00,0.00,3906.00,3462.00,0.00,686123.39
3.87,0.00,0.00,0.00,28.00,0.00,3895.00,3473.00,0.00,684893.56
3.88,0.00,0.00,0.00,28.00,0.00,3892.00,3476.00,0.00,683725.75
3.88,0.00,0.00,0.00,28.00,0.00,3883.00,3485.00,0.00,682524.41
3.89,0.00,0.00,0.00,28.00,0.00,3874.00,3494.00,0.00,681292.48
3.90,0.00,0.00,0.00,28.00,0.00,3870.00,3498.00,0.00,680107.72
3.90,0.00,0.00,0.00,28.00,0.00,3860.00,3508.00,0.00,678875.90
3.91,0.00,0.00,0.00,28.00,0.00,3851.00,3517.00,0.00,677616.13
3.92,0.00,0.00,0.00,28.00,0.00,3842.00,3526.00,0.00,676330.85
3.92,0.00,0.00,0.00,28.00,0.00,3839.00,3529.00,0.00,675112.42
3.93,0.00,0.00,0.00,28.00,0.00,3835.00,3533.00,0.00,673939.99
3.94,0.00,0.00,0.00,28.00,0.00,3823.00,3545.00,0.00,672689.37
3.94,0.00,0.00,0.00,28.00,0.00,3819.00,3549.00,0.00,671487.56
3.95,0.00,0.00,0.00,28.00,0.00,3810.00,3558.00,0.00,670255.19
3.96,0.00,0.00,0.00,28.00,0.00,3801.00,3567.00,0.00,668994.93
3.97,0.00,0.00,0.00,28.00,0.00,3799.00,3569.00,0.00,667814.35
3.97,0.00,0.00,0.00,28.00,0.00,3789.00,3579.00,0.00,666586.34
3.98,0.00,0.00,0.00,28.00,0.00,3781.00,3587.00,0.00,665345.08
3.99,0.00,0.00,0.00,28.00,0.00,3774.00,3594.00,0.00,664106.74
3.99,0.00,0.00,0.00,28.00,0.00,3765.00,3603.00,0.00,662841.03
4.00,0.00,0.00,0.00,28.00,0.00,3758.00,3610.00,0.00,661580.36
4.01,0.00,0.00,0.00,28.00,0.00,3749.00,3619.00,0.00,660294.26
4.01,0.00,0.00,0.00,28.00,0.00,3741.00,3627.00,0.00,658999.96
4.02,0.00,0.00,0.00,28.00,0.00,3736.00,3632.00,0.00,657743.25
4.03,0.00,0.00,0.00,28.00,0.00,3726.00,3642.00,0.00,656445.74
4.03,0.00,0.00,0.00,28.00,0.00,3715.00,3653.00,0.00,655095.96
4.04,0.00,0.00,0.00,28.00,0.00,3710.00,3658.00,0.00,653788.59
4.05,0.00,0.00,0.00,28.00,0.00,3701.00,3667.00,0.00,652459.86
4.06,0.00,0.00,0.00,28.00,0.00,3693.00,3675.00,0.00,651126.64
4.06,0.00,0.00,0.00,28.00,0.00,3686.00,3682.00,0.00,649804.35
4.07,0.00,0.00,0.00,28.00,0.00,3679.00,3689.00,0.00,648492.04
4.08,0.00,0.00,0.00,28.00,0.00,3671.00,3697.00,0.00,647173.82
4.08,0.00,0.00,0.00,28.00,0.00,3665.00,3703.00,0.00,645880.24
4.09,0.00,0.00,0.00,28.00,0.00,3661.00,3707.00,0.00,644639.21
4.10,0.00,0.00,0.00,28.00,0.00,3650.00,3718.00,0.00,643340.99
4.10,0.00,0.00,0.00,28.00,0.00,3642.00,3726.00,0.00,642035.62
4.11,0.00,0.00,0.00,28.00,0.00,3638.00,3730.00,0.00,640783.84
4.12,0.00,0.00,0.00,28.00,0.00,3631.00,3737.00,0.00,639535.89
4.12,0.00,0.00,0.00,28.00,0.00,3615.00,3753.00,0.00,638156.23
4.13,0.00,0.00,0.00,28.00,0.00,3608.00,3760.00,0.00,636791.55
4.14,0.00,0.00,0.00,28.00,0.00,3599.00,3769.00,0.00,635410.49
4.15,0.00,0.00,0.00,28.00,0.00,3592.00,3776.00,0.00,634044.53
4.15,0.00,0.00,0.00,28.00,0.00,3585.00,3783.00,0.00,632692.35
4.16,0.00,0.00,0.00,28.00,0.00,3576.00,3792.00,0.00,631322.70
4.17,0.00,0.00,0.00,28.00,0.00,3571.00,3797.00,0.00,629997.20
4.17,0.00,0.00,0.00,28.00,0.00,3561.00,3807.00,0.00,628636.89
4.18,0.00,0.00,0.00,28.00,0.00,3554.00,3814.00,0.00,627289.87
4.19,0.00,0.00,0.00,28.00,0.00,3548.00,3820.00,0.00,625970.00
4.19,0.00,0.00,0.00,28.00,0.00,3540.00,3828.00,0.00,624644.88
4.20,0.00,0.00,0.00,28.00,0.00,3537.00,3831.00,0.00,623390.07
4.21,0.00,0.00,0.00,28.00,0.00,3531.00,3837.00,0.00,622154.39
4.22,0.00,0.00,0.00,28.00,0.00,3525.00,3843.00,0.00,620936.17
4.22,0.00,0.00,0.00,28.00,0.00,3519.00,3849.00,0.00,619733.88
4.23,0.00,0.00,0.00,28.00,0.00,3515.00,3853.00,0.00,618576.20
4.24,0.00,0.00,0.00,28.00,0.00,3507.00,3861.00,0.00,617399.13
4.24,0.00,0.00,0.00,28.00,0.00,3500.00,3868.00,0.00,616219.40
4.25,0.00,0.00,0.00,28.00,0.00,3486.00,3882.00,0.00,614932.07
4.26,0.00,0.00,0.00,28.00,0.00,3477.00,3891.00,0.00,613621.63
4.26,0.00,0.00,0.00,28.00,0.00,3469.00,3899.00,0.00,612305.11
4.27,0.00,0.00,0.00,28.00,0.00,3459.00,3909.00,0.00,610953.00
4.28,0.00,0.00,0.00,28.00,0.00,3450.00,3918.00,0.00,609583.41
4.28,0.00,0.00,0.00,28.00,0.00,3443.00,3925.00,0.00,608227.92
4.29,0.00,0.00,0.00,28.00,0.00,3438.00,3930.00,0.00,606915.35
4.30,0.00,0.00,0.00,28.00,0.00,3431.00,3937.00,0.00,605611.91
4.31,0.00,0.00,0.00,28.00,0.00,3426.00,3942.00,0.00,604346.85
4.31,0.00,0.00,0.00,28.00,0.00,3416.00,3952.00,0.00,603041.72
4.32,0.00,0.00,0.00,28.00,0.00,3405.00,3963.00,0.00,601684.98
4.33,0.00,0.00,0.00,28.00,0.00,3397.00,3971.00,0.00,600326.19
4.33,0.00,0.00,0.00,28.00,0.00,3387.00,3981.00,0.00,598935.49
4.34,0.00,0.00,0.00,28.00,0.00,3378.00,3990.00,0.00,597530.68
4.35,0.00,0.00,0.00,28.00,0.00,3368.00,4000.00,0.00,596097.96
4.35,0.00,0.00,0.00,28.00,0.00,3361.00,4007.00,0.00,594684.83
4.36,0.00,0.00,0.00,28.00,0.00,3355.00,4013.00,0.00,593304.62
4.37,0.00,0.00,0.00,28.00,0.00,3348.00,4020.00,0.00,591939.43
4.38,0.00,0.00,0.00,28.00,0.00,3345.00,4023.00,0.00,590648.04
4.38,0.00,0.00,0.00,28.00,0.00,3335.00,4033.00,0.00,589318.87
4.39,0.00,0.00,0.00,28.00,0.00,3328.00,4040.00,0.00,588000.28
4.40,0.00,0.00,0.00,28.00,0.00,3325.00,4043.00,0.00,586751.44
4.40,0.00,0.00,0.00,28.00,0.00,3317.00,4051.00,0.00,585491.16
4.41,0.00,0.00,0.00,28.00,0.00,3314.00,4054.00,0.00,584295.54
4.42,0.00,0.00,0.00,28.00,0.00,3308.00,4060.00,0.00,583113.90
4.42,0.00,0.00,0.00,28.00,0.00,3295.00,4073.00,0.00,581839.85
4.43,0.00,0.00,0.00,28.00,0.00,3286.00,4082.00,0.00,580541.53
4.44,0.00,0.00,0.00,28.00,0.00,3278.00,4090.00,0.00,579236.08
4.44,0.00,0.00,0.00,28.00,0.00,3275.00,4093.00,0.00,577999.23
4.45,0.00,0.00,0.00,28.00,0.00,3270.00,4098.00,0.00,576794.97
4.46,0.00,0.00,0.00,28.00,0.00,3266.00,4102.00,0.00,575635.48
4.47,0.00,0.00,0.00,28.00,0.00,3257.00,4111.00,0.00,574441.74
4.47,0.00,0.00,0.00,28.00,0.00,3247.00,4121.00,0.00,573201.72
4.48,0.00,0.00,0.00,28.00,0.00,3233.00,4135.00,0.00,571859.34
4.49,0.00,0.00,0.00,28.00,0.00,3229.00,4139.00,0.00,570573.77
4.49,0.00,0.00,0.00,28.00,0.00,3222.00,4146.00,0.00,569294.98
4.50,0.00,0.00,0.00,28.00,0.00,3212.00,4156.00,0.00,567977.31
4.51,0.00,0.00,0.00,28.00,0.00,3203.00,4165.00,0.00,566639.16
4.51,0.00,0.00,0.00,28.00,0.00,3198.00,4170.00,0.00,565342.42
4.52,0.00,0.00,0.00,28.00,0.00,3189.00,4179.00,0.00,564023.39
4.53,0.00,0.00,0.00,28.00,0.00,3181.00,4187.00,0.00,562699.03
4.53,0.00,0.00,0.00,28.00,0.00,3172.00,4196.00,0.00,561354.78
4.54,0.00,0.00,0.00,28.00,0.00,3168.00,4200.00,0.00,560067.49
4.55,0.00,0.00,0.00,28.00,0.00,3157.00,4211.00,0.00,558727.04
4.56,0.00,0.00,0.00,28.00,0.00,3148.00,4220.00,0.00,557368.10
4.56,0.00,0.00,0.00,28.00,0.00,3139.00,4229.00,0.00,555992.29
4.57,0.00,0.00,0.00,28.00,0.00,3131.00,4237.00,0.00,554616.09
4.58,0.00,0.00,0.00,28.00,0.00,3126.00,4242.00,0.00,553284.61
4.58,0.00,0.00,0.00,28.00,0.00,3120.00,4248.00,0.00,551978.93
4.59,0.00,0.00,0.00,28.00,0.00,3113.00,4255.00,0.00,550681.78
4.60,0.00,0.00,0.00,28.00,0.00,3107.00,4261.00,0.00,549407.44
4.60,0.00,0.00,0.00,28.00,0.00,3100.00,4268.00,0.00,548138.91
4.61,0.00,0.00,0.00,28.00,0.00,3095.00,4273.00,0.00,546905.71
4.62,0.00,0.00,0.00,28.00,0.00,3081.00,4287.00,0.00,545569.58
4.62,0.00,0.00,0.00,28.00,0.00,3074.00,4294.00,0.00,544244.63
4.63,0.00,0.00,0.00,28.00,0.00,3070.00,4298.00,0.00,542974.96
4.64,0.00,0.00,0.00,28.00,0.00,3064.00,4304.00,0.00,541725.71
4.65,0.00,0.00,0.00,28.00,0.00,3059.00,4309.00,0.00,540510.12
4.65,0.00,0.00,0.00,28.00,0.00,3048.00,4320.00,0.00,539235.13
4.66,0.00,0.00,0.00,28.00,0.00,3042.00,4326.00,0.00,537981.02
4.67,0.00,0.00,0.00,28.00,0.00,3032.00,4336.00,0.00,536685.88
4.67,0.00,0.00,0.00,28.00,0.00,3024.00,4344.00,0.00,535383.33
4.68,0.00,0.00,0.00,28.00,0.00,3020.00,4348.00,0.00,534134.11
4.69,0.00,0.00,0.00,28.00,0.00,3011.00,4357.00,0.00,532858.46
4.69,0.00,0.00,0.00,28.00,0.00,3006.00,4362.00,0.00,531618.77
4.70,0.00,0.00,0.00,28.00,0.00,2998.00,4370.00,0.00,530366.84
4.71,0.00,0.00,0.00,28.00,0.00,2984.00,4384.00,0.00,529013.61
4.72,0.00,0.00,0.00,28.00,0.00,2977.00,4391.00,0.00,527673.04
4.72,0.00,0.00,0.00,28.00,0.00,2971.00,4397.00,0.00,526359.07
4.73,0.00,0.00,0.00,28.00,0.00,2963.00,4405.00,0.00,525039.33
4.74,0.00,0.00,0.00,28.00,0.00,2957.00,4411.00,0.00,523744.37
4.74,0.00,0.00,0.00,28.00,0.00,2949.00,4419.00,0.00,522441.98
4.75,0.00,0.00,0.00,28.00,0.00,2941.00,4427.00,0.00,521132.81
4.76,0.00,0.00,0.00,28.00,0.00,2935.00,4433.00,0.00,519847.51
4.76,0.00,0.00,0.00,28.00,0.00,2932.00,4436.00,0.00,518629.05
4.77,0.00,0.00,0.00,28.00,0.00,2924.00,4444.00,0.00,517396.51
4.78,0.00,0.00,0.00,28.00,0.00,2917.00,4451.00,0.00,516166.12
4.78,0.00,0.00,0.00,28.00,0.00,2911.00,4457.00,0.00,514952.74
4.79,0.00,0.00,0.00,28.00,0.00,2907.00,4461.00,0.00,513784.92
4.80,0.00,0.00,0.00,28.00,0.00,2905.00,4463.00,0.00,512688.75
4.81,0.00,0.00,0.00,28.00,0.00,2899.00,4469.00,0.00,511597.89
4.81,0.00,0.00,0.00,28.00,0.00,2892.00,4476.00,0.00,510496.85
4.82,0.00,0.00,0.00,28.00,0.00,2884.00,4484.00,0.00,509371.50
4.83,0.00,0.00,0.00,28.00,0.00,2878.00,4490.00,0.00,508254.00
4.83,0.00,0.00,0.00,28.00,0.00,2873.00,4495.00,0.00,507158.70
4.84,0.00,0.00,0.00,28.00,0.00,2870.00,4498.00,0.00,506113.70
4.85,0.00,0.00,0.00,28.00,0.00,2856.00,4512.00,0.00,504949.37
4.85,0.00,0.00,0.00,28.00,0.00,2846.00,4522.00,0.00,503736.19
4.86,0.00,0.00,0.00,28.00,0.00,2839.00,4529.00,0.00,502523.50
4.87,0.00,0.00,0.00,28.00,0.00,2836.00,4532.00,0.00,501371.32
4.88,0.00,0.00,0.00,28.00,0.00,2829.00,4539.00,0.00,500214.32
4.88,0.00,0.00,0.00,28.00,0.00,2824.00,4544.00,0.00,499082.94
4.89,0.00,0.00,0.00,28.00,0.00,2817.00,4551.00,0.00,497944.92
4.90,0.00,0.00,0.00,28.00,0.00,2810.00,4558.00,0.00,496800.83
4.90,0.00,0.00,0.00,28.00,0.00,2795.00,4573.00,0.00,495531.02
4.91,0.00,0.00,0.00,28.00,0.00,2790.00,4578.00,0.00,494296.66
4.92,0.00,0.00,0.00,28.00,0.00,2784.00,4584.00,0.00,493079.65
4.92,0.00,0.00,0.00,28.00,0.00,2775.00,4593.00,0.00,491833.40
4.93,0.00,0.00,0.00,28.00,0.00,2767.00,4601.00,0.00,490575.49
4.94,0.00,0.00,0.00,28.00,0.00,2757.00,4611.00,0.00,489276.88
4.94,0.00,0.00,0.00,28.00,0.00,2745.00,4623.00,0.00,487911.06
4.95,0.00,0.00,0.00,28.00,0.00,2739.00,4629.00,0.00,486574.04
4.96,0.00,0.00,0.00,28.00,0.00,2734.00,4634.00,0.00,485278.33
4.97,0.00,0.00,0.00,28.00,0.00,2726.00,4642.00,0.00,483975.25
4.97,0.00,0.00,0.00,28.00,0.00,2716.00,4652.00,0.00,482635.42
4.98,0.00,0.00,0.00,28.00,0.00,2707.00,4661.00,0.00,481277.04
4.99,0.00,0.00,0.00,28.00,0.00,2704.00,4664.00,0.00,479991.87
4.99,0.00,0.00,0.00,28.00,0.00,2698.00,4670.00,0.00,478728.47
5.00,0.00,0.00,0.00,28.00,0.00,2692.00,4676.00,0.00,477484.95
5.01,0.00,0.00,0.00,28.00,0.00,2683.00,4685.00,0.00,476214.50
5.01,0.00,0.00,0.00,28.00,0.00,2678.00,4690.00,0.00,474979.56
5.02,0.00,0.00,0.00,28.00,0.00,2671.00,4697.00,0.00,473746.99
5.03,0.00,0.00,0.00,28.00,0.00,2664.00,4704.00,0.00,472516.58
5.03,0.00,0.00,0.00,28.00,0.00,2659.00,4709.00,0.00,471318.20
5.04,0.00,0.00,0.00,28.00,0.00,2651.00,4717.00,0.00,470103.99
5.05,0.00,0.00,0.00,28.00,0.00,2643.00,4725.00,0.00,468875.31
5.06,0.00,0.00,0.00,28.00,0.00,2639.00,4729.00,0.00,467693.54
5.06,0.00,0.00,0.00,28.00,0.00,2627.00,4741.00,0.00,466434.39
5.07,0.00,0.00,0.00,28.00,0.00,2621.00,4747.00,0.00,465194.74
5.08,0.00,0.00,0.00,28.00,0.00,2612.00,4756.00,0.00,463927.83
5.08,0.00,0.00,0.00,28.00,0.00,2606.00,4762.00,0.00,462681.10
5.09,0.00,0.00,0.00,28.00,0.00,2598.00,4770.00,0.00,461422.74
5.10,0.00,0.00,0.00,28.00,0.00,2593.00,4775.00,0.00,460198.84
5.10,0.00,0.00,0.00,28.00,0.00,2588.00,4780.00,0.00,459006.40
5.11,0.00,0.00,0.00,28.00,0.00,2579.00,4789.00,0.00,457782.58
5.12,0.00,0.00,0.00,28.00,0.00,2570.00,4798.00,0.00,456530.12
5.12,0.00,0.00,0.00,28.00,0.00,2562.00,4806.00,0.00,455266.54
5.13,0.00,0.00,0.00,28.00,0.00,2555.00,4813.00,0.00,454007.82
5.14,0.00,0.00,0.00,28.00,0.00,2547.00,4821.00,0.00,452738.51
5.15,0.00,0.00,0.00,28.00,0.00,2537.00,4831.00,0.00,451429.51
5.15,0.00,0.00,0.00,28.00,0.00,2529.00,4839.00,0.00,450114.30
5.16,0.00,0.00,0.00,28.00,0.00,2523.00,4845.00,0.00,448823.48
5.17,0.00,0.00,0.00,28.00,0.00,2512.00,4856.00,0.00,447479.80
5.17,0.00,0.00,0.00,28.00,0.00,2506.00,4862.00,0.00,446162.98
5.18,0.00,0.00,0.00,28.00,0.00,2497.00,4871.00,0.00,444825.62
5.19,0.00,0.00,0.00,28.00,0.00,2491.00,4877.00,0.00,443514.58
5.19,0.00,0.00,0.00,28.00,0.00,2485.00,4883.00,0.00,442227.55
5.20,0.00,0.00,0.00,28.00,0.00,2478.00,4890.00,0.00,440947.43
5.21,0.00,0.00,0.00,28.00,0.00,2470.00,4898.00,0.00,439658.60
5.22,0.00,0.00,0.00,28.00,0.00,2462.00,4906.00,0.00,438361.81
5.22,0.00,0.00,0.00,28.00,0.00,2452.00,4916.00,0.00,437027.70
5.23,0.00,0.00,0.00,28.00,0.00,2443.00,4925.00,0.00,435674.56
5.24,0.00,0.00,0.00,28.00,0.00,2438.00,4930.00,0.00,434364.12
5.24,0.00,0.00,0.00,28.00,0.00,2432.00,4936.00,0.00,433077.66
5.25,0.00,0.00,0.00,28.00,0.00,2430.00,4938.00,0.00,431873.17
5.26,0.00,0.00,0.00,28.00,0.00,2424.00,4944.00,0.00,430683.42
5.26,0.00,0.00,0.00,28.00,0.00,2417.00,4951.00,0.00,429492.11
5.27,0.00,0.00,0.00,28.00,0.00,2409.00,4959.00,0.00,428284.35
5.28,0.00,0.00,0.00,28.00,0.00,2402.00,4966.00,0.00,427076.59
5.28,0.00,0.00,0.00,28.00,0.00,2393.00,4975.00,0.00,425838.79
5.29,0.00,0.00,0.00,28.00,0.00,2385.00,4983.00,0.00,424588.59
5.30,0.00,0.00,0.00,28.00,0.00,2377.00,4991.00,0.00,423327.07
5.31,0.00,0.00,0.00,28.00,0.00,2368.00,5000.00,0.00,422040.19
5.31,0.00,0.00,0.00,28.00,0.00,2364.00,5004.00,0.00,420805.27
5.32,0.00,0.00,0.00,28.00,0.00,2354.00,5014.00,0.00,419527.65
5.33,0.00,0.00,0.00,28.00,0.00,2349.00,5019.00,0.00,418286.17
5.33,0.00,0.00,0.00,28.00,0.00,2340.00,5028.00,0.00,417017.58
5.34,0.00,0.00,0.00,28.00,0.00,2333.00,5035.00,0.00,415754.29
5.35,0.00,0.00,0.00,28.00,0.00,2324.00,5044.00,0.00,414465.80
5.35,0.00,0.00,0.00,28.00,0.00,2317.00,5051.00,0.00,413184.34
5.36,0.00,0.00,0.00,28.00,0.00,2314.00,5054.00,0.00,411969.40
5.37,0.00,0.00,0.00,28.00,0.00,2306.00,5062.00,0.00,410740.07
5.38,0.00,0.00,0.00,28.00,0.00,2294.00,5074.00,0.00,409437.50
5.38,0.00,0.00,0.00,28.00,0.00,2288.00,5080.00,0.00,408158.22
5.39,0.00,0.00,0.00,28.00,0.00,2281.00,5087.00,0.00,406885.16
5.40,0.00,0.00,0.00,28.00,0.00,2275.00,5093.00,0.00,405632.83
5.40,0.00,0.00,0.00,28.00,0.00,2270.00,5098.00,0.00,404414.42
5.41,0.00,0.00,0.00,28.00,0.00,2262.00,5106.00,0.00,403181.93
5.42,0.00,0.00,0.00,28.00,0.00,2252.00,5116.00,0.00,401906.52
5.42,0.00,0.00,0.00,28.00,0.00,2242.00,5126.00,0.00,400591.94
5.43,0.00,0.00,0.00,28.00,0.00,2234.00,5134.00,0.00,399271.65
5.44,0.00,0.00,0.00,28.00,0.00,2225.00,5143.00,0.00,397931.11
5.44,0.00,0.00,0.00,28.00,0.00,2217.00,5151.00,0.00,396587.11
5.45,0.00,0.00,0.00,28.00,0.00,2208.00,5160.00,0.00,395224.94
5.46,0.00,0.00,0.00,28.00,0.00,2199.00,5169.00,0.00,393846.17
5.47,0.00,0.00,0.00,28.00,0.00,2194.00,5174.00,0.00,392512.35
5.47,0.00,0.00,0.00,28.00,0.00,2190.00,5178.00,0.00,391234.57
5.48,0.00,0.00,0.00,28.00,0.00,2182.00,5186.00,0.00,389947.87
5.49,0.00,0.00,0.00,28.00,0.00,2171.00,5197.00,0.00,388607.96
5.49,0.00,0.00,0.00,28.00,0.00,2166.00,5202.00,0.00,387309.61
5.50,0.00,0.00,0.00,28.00,0.00,2156.00,5212.00,0.00,385974.09
5.51,0.00,0.00,0.00,28.00,0.00,2150.00,5218.00,0.00,384664.71
5.51,0.00,0.00,0.00,28.00,0.00,2147.00,5221.00,0.00,383424.28
5.52,0.00,0.00,0.00,28.00,0.00,2143.00,5225.00,0.00,382231.77
5.53,0.00,0.00,0.00,28.00,0.00,2132.00,5236.00,0.00,380977.85
5.53,0.00,0.00,0.00,28.00,0.00,2124.00,5244.00,0.00,379712.93
5.54,0.00,0.00,0.00,28.00,0.00,2115.00,5253.00,0.00,378422.94
5.55,0.00,0.00,0.00,28.00,0.00,2107.00,5261.00,0.00,377125.10
5.56,0.00,0.00,0.00,28.00,0.00,2099.00,5269.00,0.00,375820.08
5.56,0.00,0.00,0.00,28.00,0.00,2091.00,5277.00,0.00,374508.51
5.57,0.00,0.00,0.00,28.00,0.00,2086.00,5282.00,0.00,373236.03
5.58,0.00,0.00,0.00,28.00,0.00,2082.00,5286.00,0.00,372014.27
5.58,0.00,0.00,0.00,28.00,0.00,2074.00,5294.00,0.00,370778.70
5.59,0.00,0.00,0.00,28.00,0.00,2067.00,5301.00,0.00,369545.56
5.60,0.00,0.00,0.00,28.00,0.00,2062.00,5306.00,0.00,368344.68
5.60,0.00,0.00,0.00,28.00,0.00,2056.00,5312.00,0.00,367158.23
5.61,0.00,0.00,0.00,28.00,0.00,2051.00,5317.00,0.00,365999.98
5.62,0.00,0.00,0.00,28.00,0.00,2050.00,5318.00,0.00,364927.56
5.62,0.00,0.00,0.00,28.00,0.00,2041.00,5327.00,0.00,363813.31
5.63,0.00,0.00,0.00,28.00,0.00,2032.00,5336.00,0.00,362660.88
5.64,0.00,0.00,0.00,28.00,0.00,2028.00,5340.00,0.00,361548.71
5.65,0.00,0.00,0.00,28.00,0.00,2021.00,5347.00,0.00,360428.22
5.65,0.00,0.00,0.00,28.00,0.00,2013.00,5355.00,0.00,359285.11
5.66,0.00,0.00,0.00,28.00,0.00,2006.00,5362.00,0.00,358136.37
5.67,0.00,0.00,0.00,28.00,0.00,1997.00,5371.00,0.00,356952.46
5.67,0.00,0.00,0.00,28.00,0.00,1985.00,5383.00,0.00,355691.36
5.68,0.00,0.00,0.00,28.00,0.00,1981.00,5387.00,0.00,354479.98
5.69,0.00,0.00,0.00,28.00,0.00,1974.00,5394.00,0.00,353268.91
5.69,0.00,0.00,0.00,28.00,0.00,1966.00,5402.00,0.00,352043.12
5.70,0.00,0.00,0.00,28.00,0.00,1960.00,5408.00,0.00,350833.93
5.71,0.00,0.00,0.00,28.00,0.00,1954.00,5414.00,0.00,349639.89
5.72,0.00,0.00,0.00,28.00,0.00,1950.00,5418.00,0.00,348489.73
5.72,0.00,0.00,0.00,28.00,0.00,1944.00,5424.00,0.00,347349.58
5.73,0.00,0.00,0.00,28.00,0.00,1940.00,5428.00,0.00,346248.62
5.74,0.00,0.00,0.00,28.00,0.00,1935.00,5433.00,0.00,345168.41
5.74,0.00,0.00,0.00,28.00,0.00,1927.00,5441.00,0.00,344062.07
5.75,0.00,0.00,0.00,28.00,0.00,1922.00,5446.00,0.00,342976.96
5.76,0.00,0.00,0.00,28.00,0.00,1916.00,5452.00,0.00,341896.19
5.76,0.00,0.00,0.00,28.00,0.00,1911.00,5457.00,0.00,340834.42
5.77,0.00,0.00,0.00,28.00,0.00,1906.00,5462.00,0.00,339789.99
5.78,0.00,0.00,0.00,28.00,0.00,1901.00,5467.00,0.00,338761.38
5.78,0.00,0.00,0.00,28.00,0.00,1893.00,5475.00,0.00,337702.16
5.79,0.00,0.00,0.00,28.00,0.00,1884.00,5484.00,0.00,336599.96
5.80,0.00,0.00,0.00,28.00,0.00,1879.00,5489.00,0.00,335518.63
5.81,0.00,0.00,0.00,28.00,0.00,1870.00,5498.00,0.00,334396.24
5.81,0.00,0.00,0.00,28.00,0.00,1859.00,5509.00,0.00,333206.33
5.82,0.00,0.00,0.00,28.00,0.00,1852.00,5516.00,0.00,332014.87
5.83,0.00,0.00,0.00,28.00,0.00,1845.00,5523.00,0.00,330822.00
5.83,0.00,0.00,0.00,28.00,0.00,1839.00,5529.00,0.00,329642.86
5.84,0.00,0.00,0.00,28.00,0.00,1830.00,5538.00,0.00,328431.18
5.85,0.00,0.00,0.00,28.00,0.00,1828.00,5540.00,0.00,327294.97
5.85,0.00,0.00,0.00,28.00,0.00,1823.00,5545.00,0.00,326182.58
5.86,0.00,0.00,0.00,28.00,0.00,1813.00,5555.00,0.00,325016.82
5.87,0.00,0.00,0.00,28.00,0.00,1804.00,5564.00,0.00,323817.36
5.88,0.00,0.00,0.00,28.00,0.00,1798.00,5570.00,0.00,322632.21
5.88,0.00,0.00,0.00,28.00,0.00,1792.00,5576.00,0.00,321460.12
5.89,0.00,0.00,0.00,28.00,0.00,1788.00,5580.00,0.00,320329.99
5.90,0.00,0.00,0.00,28.00,0.00,1780.00,5588.00,0.00,319178.09
5.90,0.00,0.00,0.00,28.00,0.00,1777.00,5591.00,0.00,318081.42
5.91,0.00,0.00,0.00,28.00,0.00,1769.00,5599.00,0.00,316960.06
5.92,0.00,0.00,0.00,28.00,0.00,1760.00,5608.00,0.00,315801.13
5.92,0.00,0.00,0.00,28.00,0.00,1748.00,5620.00,0.00,314562.85
5.93,0.00,0.00,0.00,28.00,0.00,1747.00,5621.00,0.00,313417.36
5.94,0.00,0.00,0.00,28.00,0.00,1740.00,5628.00,0.00,312266.46
5.94,0.00,0.00,0.00,28.00,0.00,1737.00,5631.00,0.00,311170.70
5.95,0.00,0.00,0.00,28.00,0.00,1732.00,5636.00,0.00,310095.24
5.96,0.00,0.00,0.00,28.00,0.00,1727.00,5641.00,0.00,309038.32
5.97,0.00,0.00,0.00,28.00,0.00,1715.00,5653.00,0.00,307893.14
5.97,0.00,0.00,0.00,28.00,0.00,1713.00,5655.00,0.00,306817.64
5.98,0.00,0.00,0.00,28.00,0.00,1710.00,5658.00,0.00,305790.72
5.99,0.00,0.00,0.00,28.00,0.00,1703.00,5665.00,0.00,304748.06
5.99,0.00,0.00,0.00,28.00,0.00,1695.00,5673.00,0.00,303676.01
6.00,0.00,0.00,0.00,28.00,0.00,1686.00,5682.00,0.00,302562.09
6.01,0.00,0.00,0.00,28.00,0.00,1678.00,5690.00,0.00,301424.99
6.01,0.00,0.00,0.00,28.00,0.00,1672.00,5696.00,0.00,300296.76
6.02,0.00,0.00,0.00,28.00,0.00,1661.00,5707.00,0.00,299101.52
6.03,0.00,0.00,0.00,28.00,0.00,1658.00,5710.00,0.00,297965.29
6.03,0.00,0.00,0.00,28.00,0.00,1651.00,5717.00,0.00,296822.83
6.04,0.00,0.00,0.00,28.00,0.00,1644.00,5724.00,0.00,295674.69
6.05,0.00,0.00,0.00,28.00,0.00,1638.00,5730.00,0.00,294536.39
6.06,0.00,0.00,0.00,28.00,0.00,1635.00,5733.00,0.00,293452.14
6.06,0.00,0.00,0.00,28.00,0.00,1630.00,5738.00,0.00,292387.19
6.07,0.00,0.00,0.00,28.00,0.00,1625.00,5743.00,0.00,291339.85
6.08,0.00,0.00,0.00,28.00,0.00,1619.00,5749.00,0.00,290293.57
6.08,0.00,0.00,0.00,28.00,0.00,1616.00,5752.00,0.00,289293.33
6.09,0.00,0.00,0.00,28.00,0.00,1609.00,5759.00,0.00,288275.02
6.10,0.00,0.00,0.00,28.00,0.00,1605.00,5763.00,0.00,287285.29
6.10,0.00,0.00,0.00,28.00,0.00,1595.00,5773.00,0.00,286231.51
6.11,0.00,0.00,0.00,28.00,0.00,1586.00,5782.00,0.00,285134.28
6.12,0.00,0.00,0.00,28.00,0.00,1582.00,5786.00,0.00,284072.50
6.12,0.00,0.00,0.00,28.00,0.00,1572.00,5796.00,0.00,282952.95
6.13,0.00,0.00,0.00,28.00,0.00,1569.00,5799.00,0.00,281885.81
6.14,0.00,0.00,0.00,28.00,0.00,1563.00,5805.00,0.00,280821.45
6.15,0.00,0.00,0.00,28.00,0.00,1554.00,5814.00,0.00,279714.57
6.15,0.00,0.00,0.00,28.00,0.00,1547.00,5821.00,0.00,278598.91
6.16,0.00,0.00,0.00,28.00,0.00,1540.00,5828.00,0.00,277475.23
6.17,0.00,0.00,0.00,28.00,0.00,1535.00,5833.00,0.00,276374.29
6.17,0.00,0.00,0.00,28.00,0.00,1529.00,5839.00,0.00,275279.07
6.18,0.00,0.00,0.00,28.00,0.00,1521.00,5847.00,0.00,274159.03
6.19,0.00,0.00,0.00,28.00,0.00,1512.00,5856.00,0.00,273001.32
6.19,0.00,0.00,0.00,28.00,0.00,1506.00,5862.00,0.00,271854.27
6.20,0.00,0.00,0.00,28.00,0.00,1501.00,5867.00,0.00,270731.99
6.21,0.00,0.00,0.00,28.00,0.00,1495.00,5873.00,0.00,269617.29
6.22,0.00,0.00,0.00,28.00,0.00,1489.00,5879.00,0.00,268509.52
6.22,0.00,0.00,0.00,28.00,0.00,1483.00,5885.00,0.00,267408.07
6.23,0.00,0.00,0.00,28.00,0.00,1481.00,5887.00,0.00,266372.48
6.24,0.00,0.00,0.00,28.00,0.00,1471.00,5897.00,0.00,265276.84
6.24,0.00,0.00,0.00,28.00,0.00,1466.00,5902.00,0.00,264201.49
6.25,0.00,0.00,0.00,28.00,0.00,1455.00,5913.00,0.00,263054.52
6.26,0.00,0.00,0.00,28.00,0.00,1450.00,5918.00,0.00,261932.30
6.26,0.00,0.00,0.00,28.00,0.00,1444.00,5924.00,0.00,260817.67
6.27,0.00,0.00,0.00,28.00,0.00,1438.00,5930.00,0.00,259709.95
6.28,0.00,0.00,0.00,28.00,0.00,1430.00,5938.00,0.00,258578.51
6.28,0.00,0.00,0.00,28.00,0.00,1428.00,5940.00,0.00,257515.54
6.29,0.00,0.00,0.00,28.00,0.00,1420.00,5948.00,0.00,256424.95
6.30,0.00,0.00,0.00,28.00,0.00,1418.00,5950.00,0.00,255399.27
6.31,0.00,0.00,0.00,28.00,0.00,1412.00,5956.00,0.00,254372.77
6.31,0.00,0.00,0.00,28.00,0.00,1405.00,5963.00,0.00,253330.48
6.32,0.00,0.00,0.00,28.00,0.00,1401.00,5967.00,0.00,252318.87
6.33,0.00,0.00,0.00,28.00,0.00,1397.00,5971.00,0.00,251335.25
6.33,0.00,0.00,0.00,28.00,0.00,1390.00,5978.00,0.00,250332.11
6.34,0.00,0.00,0.00,28.00,0.00,1387.00,5981.00,0.00,249371.26
6.35,0.00,0.00,0.00,28.00,0.00,1382.00,5986.00,0.00,248418.96
6.35,0.00,0.00,0.00,28.00,0.00,1374.00,5994.00,0.00,247429.39
6.36,0.00,0.00,0.00,28.00,0.00,1372.00,5996.00,0.00,246495.95
6.37,0.00,0.00,0.00,28.00,0.00,1366.00,6002.00,0.00,245553.65
6.38,0.00,0.00,0.00,28.00,0.00,1357.00,6011.00,0.00,244558.19
6.38,0.00,0.00,0.00,28.00,0.00,1353.00,6015.00,0.00,243589.32
6.39,0.00,0.00,0.00,28.00,0.00,1344.00,6024.00,0.00,242569.61
6.40,0.00,0.00,0.00,28.00,0.00,1338.00,6030.00,0.00,241548.55
6.40,0.00,0.00,0.00,28.00,0.00,1330.00,6038.00,0.00,240496.22
6.41,0.00,0.00,0.00,28.00,0.00,1325.00,6043.00,0.00,239460.40
6.42,0.00,0.00,0.00,28.00,0.00,1318.00,6050.00,0.00,238409.62
6.42,0.00,0.00,0.00,28.00,0.00,1312.00,6056.00,0.00,237360.19
6.43,0.00,0.00,0.00,28.00,0.00,1304.00,6064.00,0.00,236281.96
6.44,0.00,0.00,0.00,28.00,0.00,1299.00,6069.00,0.00,235222.51
6.44,0.00,0.00,0.00,28.00,0.00,1296.00,6072.00,0.00,234210.23
6.45,0.00,0.00,0.00,28.00,0.00,1290.00,6078.00,0.00,233195.96
6.46,0.00,0.00,0.00,28.00,0.00,1281.00,6087.00,0.00,232134.81
6.47,0.00,0.00,0.00,28.00,0.00,1275.00,6093.00,0.00,231075.91
6.47,0.00,0.00,0.00,28.00,0.00,1267.00,6101.00,0.00,229989.04
6.48,0.00,0.00,0.00,28.00,0.00,1262.00,6106.00,0.00,228921.69
6.49,0.00,0.00,0.00,28.00,0.00,1249.00,6119.00,0.00,227751.98
6.49,0.00,0.00,0.00,28.00,0.00,1243.00,6125.00,0.00,226593.98
6.50,0.00,0.00,0.00,28.00,0.00,1237.00,6131.00,0.00,225446.68
6.51,0.00,0.00,0.00,28.00,0.00,1228.00,6140.00,0.00,224264.08
6.51,0.00,0.00,0.00,28.00,0.00,1223.00,6145.00,0.00,223109.33
6.52,0.00,0.00,0.00,28.00,0.00,1214.00,6154.00,0.00,221919.93
6.53,0.00,0.00,0.00,28.00,0.00,1206.00,6162.00,0.00,220713.91
6.53,0.00,0.00,0.00,28.00,0.00,1202.00,6166.00,0.00,219552.81
6.54,0.00,0.00,0.00,28.00,0.00,1192.00,6176.00,0.00,218342.59
6.55,0.00,0.00,0.00,28.00,0.00,1182.00,6186.00,0.00,217087.52
6.56,0.00,0.00,0.00,28.00,0.00,1173.00,6195.00,0.00,215806.52
6.56,0.00,0.00,0.00,28.00,0.00,1167.00,6201.00,0.00,214546.93
6.57,0.00,0.00,0.00,28.00,0.00,1163.00,6205.00,0.00,213336.93
6.58,0.00,0.00,0.00,28.00,0.00,1152.00,6216.00,0.00,212067.04
6.58,0.00,0.00,0.00,28.00,0.00,1144.00,6224.00,0.00,210787.53
6.59,0.00,0.00,0.00,28.00,0.00,1136.00,6232.00,0.00,209499.26
6.60,0.00,0.00,0.00,28.00,0.00,1129.00,6239.00,0.00,208218.00
6.60,0.00,0.00,0.00,28.00,0.00,1124.00,6244.00,0.00,206973.20
6.61,0.00,0.00,0.00,28.00,0.00,1113.00,6255.00,0.00,205671.53
6.62,0.00,0.00,0.00,28.00,0.00,1105.00,6263.00,0.00,204363.02
6.62,0.00,0.00,0.00,28.00,0.00,1100.00,6268.00,0.00,203093.34
6.63,0.00,0.00,0.00,28.00,0.00,1093.00,6275.00,0.00,201829.05
6.64,0.00,0.00,0.00,28.00,0.00,1083.00,6285.00,0.00,200524.62
6.65,0.00,0.00,0.00,28.00,0.00,1074.00,6294.00,0.00,199198.57
6.65,0.00,0.00,0.00,28.00,0.00,1067.00,6301.00,0.00,197882.82
6.66,0.00,0.00,0.00,28.00,0.00,1060.00,6308.00,0.00,196576.48
6.67,0.00,0.00,0.00,28.00,0.00,1060.00,6308.00,0.00,195383.89
6.67,0.00,0.00,0.00,28.00,0.00,1054.00,6314.00,0.00,194205.01
6.68,0.00,0.00,0.00,28.00,0.00,1048.00,6320.00,0.00,193038.64
6.69,0.00,0.00,0.00,28.00,0.00,1045.00,6323.00,0.00,191928.77
6.69,0.00,0.00,0.00,28.00,0.00,1041.00,6327.00,0.00,190855.45
6.70,0.00,0.00,0.00,28.00,0.00,1034.00,6334.00,0.00,189770.42
6.71,0.00,0.00,0.00,28.00,0.00,1028.00,6340.00,0.00,188689.74
6.72,0.00,0.00,0.00,28.00,0.00,1020.00,6348.00,0.00,187582.97
6.72,0.00,0.00,0.00,28.00,0.00,1018.00,6350.00,0.00,186542.53
6.73,0.00,0.00,0.00,28.00,0.00,1011.00,6357.00,0.00,185487.53
6.74,0.00,0.00,0.00,28.00,0.00,1005.00,6363.00,0.00,184434.25
6.74,0.00,0.00,0.00,28.00,0.00,1000.00,6368.00,0.00,183397.57
6.75,0.00,0.00,0.00,28.00,0.00,995.00,6373.00,0.00,182376.05
6.76,0.00,0.00,0.00,28.00,0.00,990.00,6378.00,0.00,181368.36
6.76,0.00,0.00,0.00,28.00,0.00,985.00,6383.00,0.00,180373.30
6.77,0.00,0.00,0.00,28.00,0.00,978.00,6390.00,0.00,179359.72
6.78,0.00,0.00,0.00,28.00,0.00,974.00,6394.00,0.00,178374.31
6.78,0.00,0.00,0.00,28.00,0.00,964.00,6404.00,0.00,177324.48
6.79,0.00,0.00,0.00,28.00,0.00,960.00,6408.00,0.00,176305.96
6.80,0.00,0.00,0.00,28.00,0.00,953.00,6415.00,0.00,175270.98
6.81,0.00,0.00,0.00,28.00,0.00,949.00,6419.00,0.00,174266.02
6.81,0.00,0.00,0.00,28.00,0.00,945.00,6423.00,0.00,173288.48
6.82,0.00,0.00,0.00,28.00,0.00,939.00,6429.00,0.00,172305.92
6.83,0.00,0.00,0.00,28.00,0.00,932.00,6436.00,0.00,171303.76
6.83,0.00,0.00,0.00,28.00,0.00,927.00,6441.00,0.00,170313.74
6.84,0.00,0.00,0.00,28.00,0.00,923.00,6445.00,0.00,169349.84
6.85,0.00,0.00,0.00,28.00,0.00,910.00,6458.00,0.00,168274.57
6.85,0.00,0.00,0.00,28.00,0.00,903.00,6465.00,0.00,167187.77
6.86,0.00,0.00,0.00,28.00,0.00,899.00,6469.00,0.00,166135.51
6.87,0.00,0.00,0.00,28.00,0.00,892.00,6476.00,0.00,165069.72
6.88,0.00,0.00,0.00,28.00,0.00,887.00,6481.00,0.00,164021.61
6.88,0.00,0.00,0.00,28.00,0.00,882.00,6486.00,0.00,162989.66
6.89,0.00,0.00,0.00,28.00,0.00,874.00,6494.00,0.00,161927.37
6.90,0.00,0.00,0.00,28.00,0.00,870.00,6498.00,0.00,160897.50
6.90,0.00,0.00,0.00,28.00,0.00,865.00,6503.00,0.00,159882.19
6.91,0.00,0.00,0.00,28.00,0.00,858.00,6510.00,0.00,158850.12
6.92,0.00,0.00,0.00,28.00,0.00,850.00,6518.00,0.00,157787.74
6.92,0.00,0.00,0.00,28.00,0.00,847.00,6521.00,0.00,156772.79
6.93,0.00,0.00,0.00,28.00,0.00,840.00,6528.00,0.00,155741.06
6.94,0.00,0.00,0.00,28.00,0.00,830.00,6538.00,0.00,154648.94
6.94,0.00,0.00,0.00,28.00,0.00,827.00,6541.00,0.00,153606.85
6.95,0.00,0.00,0.00,28.00,0.00,822.00,6546.00,0.00,152580.38
6.96,0.00,0.00,0.00,28.00,0.00,817.00,6551.00,0.00,151568.18
6.97,0.00,0.00,0.00,28.00,0.00,812.00,6556.00,0.00,150569.00
6.97,0.00,0.00,0.00,28.00,0.00,808.00,6560.00,0.00,149596.74
6.98,0.00,0.00,0.00,28.00,0.00,802.00,6566.00,0.00,148618.99
6.99,0.00,0.00,0.00,28.00,0.00,789.00,6579.00,0.00,147531.08
6.99,0.00,0.00,0.00,28.00,0.00,785.00,6583.00,0.00,146477.81
7.00,0.00,0.00,0.00,28.00,0.00,778.00,6590.00,0.00,145411.10
7.01,0.00,0.00,0.00,28.00,0.00,776.00,6592.00,0.00,144407.22
7.01,0.00,0.00,0.00,28.00,0.00,769.00,6599.00,0.00,143385.60
7.02,0.00,0.00,0.00,28.00,0.00,767.00,6601.00,0.00,142422.88
7.03,0.00,0.00,0.00,28.00,0.00,762.00,6606.00,0.00,141468.88
7.03,0.00,0.00,0.00,28.00,0.00,756.00,6612.00,0.00,140507.82
7.04,0.00,0.00,0.00,28.00,0.00,750.00,6618.00,0.00,139540.30
7.05,0.00,0.00,0.00,28.00,0.00,739.00,6629.00,0.00,138491.77
7.06,0.00,0.00,0.00,28.00,0.00,735.00,6633.00,0.00,137474.45
7.06,0.00,0.00,0.00,28.00,0.00,728.00,6640.00,0.00,136440.56
7.07,0.00,0.00,0.00,28.00,0.00,724.00,6644.00,0.00,135436.60
7.08,0.00,0.00,0.00,28.00,0.00,720.00,6648.00,0.00,134459.96
7.08,0.00,0.00,0.00,28.00,0.00,716.00,6652.00,0.00,133508.28
7.09,0.00,0.00,0.00,28.00,0.00,704.00,6664.00,0.00,132459.19
7.10,0.00,0.00,0.00,28.00,0.00,697.00,6671.00,0.00,131396.29
7.10,0.00,0.00,0.00,28.00,0.00,693.00,6675.00,0.00,130365.84
7.11,0.00,0.00,0.00,28.00,0.00,688.00,6680.00,0.00,129350.01
7.12,0.00,0.00,0.00,28.00,0.00,685.00,6683.00,0.00,128377.57
7.12,0.00,0.00,0.00,28.00,0.00,680.00,6688.00,0.00,127414.68
7.13,0.00,0.00,0.00,28.00,0.00,678.00,6690.00,0.00,126505.60
7.14,0.00,0.00,0.00,28.00,0.00,674.00,6694.00,0.00,125615.58
7.15,0.00,0.00,0.00,28.00,0.00,663.00,6705.00,0.00,124637.80
7.15,0.00,0.00,0.00,28.00,0.00,654.00,6714.00,0.00,123609.96
7.16,0.00,0.00,0.00,28.00,0.00,647.00,6721.00,0.00,122566.46
7.17,0.00,0.00,0.00,28.00,0.00,641.00,6727.00,0.00,121523.68
7.17,0.00,0.00,0.00,28.00,0.00,635.00,6733.00,0.00,120481.56
7.18,0.00,0.00,0.00,28.00,0.00,631.00,6737.00,0.00,119470.10
7.19,0.00,0.00,0.00,28.00,0.00,627.00,6741.00,0.00,118486.61
7.19,0.00,0.00,0.00,28.00,0.00,619.00,6749.00,0.00,117468.58
7.20,0.00,0.00,0.00,28.00,0.00,609.00,6759.00,0.00,116388.97
7.21,0.00,0.00,0.00,28.00,0.00,602.00,6766.00,0.00,115298.20
7.22,0.00,0.00,0.00,28.00,0.00,598.00,6770.00,0.00,114242.32
7.22,0.00,0.00,0.00,28.00,0.00,589.00,6779.00,0.00,113143.17
7.23,0.00,0.00,0.00,28.00,0.00,584.00,6784.00,0.00,112064.62
7.24,0.00,0.00,0.00,28.00,0.00,577.00,6791.00,0.00,110974.82
7.24,0.00,0.00,0.00,28.00,0.00,570.00,6798.00,0.00,109874.75
7.25,0.00,0.00,0.00,28.00,0.00,568.00,6800.00,0.00,108840.43
7.26,0.00,0.00,0.00,28.00,0.00,566.00,6802.00,0.00,107866.12
7.26,0.00,0.00,0.00,28.00,0.00,560.00,6808.00,0.00,106886.52
7.27,0.00,0.00,0.00,28.00,0.00,553.00,6815.00,0.00,105887.05
7.28,0.00,0.00,0.00,28.00,0.00,547.00,6821.00,0.00,104884.48
7.28,0.00,0.00,0.00,28.00,0.00,540.00,6828.00,0.00,103864.04
7.29,0.00,0.00,0.00,28.00,0.00,534.00,6834.00,0.00,102842.32
7.30,0.00,0.00,0.00,28.00,0.00,526.00,6842.00,0.00,101789.38
7.31,0.00,0.00,0.00,28.00,0.00,522.00,6846.00,0.00,100768.04
7.31,0.00,0.00,0.00,28.00,0.00,518.00,6850.00,0.00,99775.53
7.32,0.00,0.00,0.00,28.00,0.00,516.00,6852.00,0.00,98839.41
7.33,0.00,0.00,0.00,28.00,0.00,514.00,6854.00,0.00,97954.75
7.33,0.00,0.00,0.00,28.00,0.00,511.00,6857.00,0.00,97102.06
7.34,0.00,0.00,0.00,28.00,0.00,508.00,6860.00,0.00,96278.54
7.35,0.00,0.00,0.00,28.00,0.00,501.00,6867.00,0.00,95421.57
7.35,0.00,0.00,0.00,28.00,0.00,497.00,6871.00,0.00,94579.13
7.36,0.00,0.00,0.00,28.00,0.00,488.00,6880.00,0.00,93674.84
7.37,0.00,0.00,0.00,28.00,0.00,483.00,6885.00,0.00,92774.18
7.38,0.00,0.00,0.00,28.00,0.00,478.00,6890.00,0.00,91876.82
7.38,0.00,0.00,0.00,28.00,0.00,474.00,6894.00,0.00,90997.52
7.39,0.00,0.00,0.00,28.00,0.00,468.00,6900.00,0.00,90104.64
7.40,0.00,0.00,0.00,28.00,0.00,466.00,6902.00,0.00,89259.46
7.40,0.00,0.00,0.00,28.00,0.00,461.00,6907.00,0.00,88412.76
7.41,0.00,0.00,0.00,28.00,0.00,459.00,6909.00,0.00,87609.74
7.42,0.00,0.00,0.00,28.00,0.00,455.00,6913.00,0.00,86816.55
7.42,0.00,0.00,0.00,28.00,0.00,453.00,6915.00,0.00,86062.39
7.43,0.00,0.00,0.00,28.00,0.00,448.00,6920.00,0.00,85298.78
7.44,0.00,0.00,0.00,28.00,0.00,443.00,6925.00,0.00,84526.54
7.44,0.00,0.00,0.00,28.00,0.00,440.00,6928.00,0.00,83776.48
7.45,0.00,0.00,0.00,28.00,0.00,438.00,6930.00,0.00,83061.68
7.46,0.00,0.00,0.00,28.00,0.00,433.00,6935.00,0.00,82334.02
7.47,0.00,0.00,0.00,28.00,0.00,427.00,6941.00,0.00,81579.57
7.47,0.00,0.00,0.00,28.00,0.00,426.00,6942.00,0.00,80875.80
7.48,0.00,0.00,0.00,28.00,0.00,421.00,6947.00,0.00,80158.19
7.49,0.00,0.00,0.00,28.00,0.00,418.00,6950.00,0.00,79458.00
7.49,0.00,0.00,0.00,28.00,0.00,414.00,6954.00,0.00,78758.68
7.50,0.00,0.00,0.00,28.00,0.00,409.00,6959.00,0.00,78045.15
7.51,0.00,0.00,0.00,28.00,0.00,407.00,6961.00,0.00,77363.70
7.51,0.00,0.00,0.00,28.00,0.00,404.00,6964.00,0.00,76696.52
7.52,0.00,0.00,0.00,28.00,0.00,396.00,6972.00,0.00,75967.24
7.53,0.00,0.00,0.00,28.00,0.00,389.00,6979.00,0.00,75196.31
7.53,0.00,0.00,0.00,28.00,0.00,384.00,6984.00,0.00,74417.40
7.54,0.00,0.00,0.00,28.00,0.00,380.00,6988.00,0.00,73646.21
7.55,0.00,0.00,0.00,28.00,0.00,374.00,6994.00,0.00,72852.04
7.56,0.00,0.00,0.00,28.00,0.00,369.00,6999.00,0.00,72051.91
7.56,0.00,0.00,0.00,28.00,0.00,363.00,7005.00,0.00,71231.31
7.57,0.00,0.00,0.00,28.00,0.00,360.00,7008.00,0.00,70437.09
7.58,0.00,0.00,0.00,28.00,0.00,354.00,7014.00,0.00,69621.89
7.58,0.00,0.00,0.00,28.00,0.00,351.00,7017.00,0.00,68832.61
7.59,0.00,0.00,0.00,28.00,0.00,347.00,7021.00,0.00,68051.97
7.60,0.00,0.00,0.00,28.00,0.00,342.00,7026.00,0.00,67264.18
7.60,0.00,0.00,0.00,28.00,0.00,339.00,7029.00,0.00,66499.92
7.61,0.00,0.00,0.00,28.00,0.00,339.00,7029.00,0.00,65802.21
7.62,0.00,0.00,0.00,28.00,0.00,335.00,7033.00,0.00,65105.16
7.62,0.00,0.00,0.00,28.00,0.00,334.00,7034.00,0.00,64453.79
7.63,0.00,0.00,0.00,28.00,0.00,328.00,7040.00,0.00,63768.99
7.64,0.00,0.00,0.00,28.00,0.00,327.00,7041.00,0.00,63128.80
7.65,0.00,0.00,0.00,28.00,0.00,323.00,7045.00,0.00,62484.26
7.65,0.00,0.00,0.00,28.00,0.00,322.00,7046.00,0.00,61880.83
7.66,0.00,0.00,0.00,28.00,0.00,319.00,7049.00,0.00,61284.87
7.67,0.00,0.00,0.00,28.00,0.00,312.00,7056.00,0.00,60635.64
7.67,0.00,0.00,0.00,28.00,0.00,308.00,7060.00,0.00,59982.85
7.68,0.00,0.00,0.00,28.00,0.00,307.00,7061.00,0.00,59371.88
7.69,0.00,0.00,0.00,28.00,0.00,303.00,7065.00,0.00,58754.02
7.69,0.00,0.00,0.00,28.00,0.00,300.00,7068.00,0.00,58144.89
7.70,0.00,0.00,0.00,28.00,0.00,297.00,7071.00,0.00,57543.73
7.71,0.00,0.00,0.00,28.00,0.00,294.00,7074.00,0.00,56949.85
7.72,0.00,0.00,0.00,28.00,0.00,290.00,7078.00,0.00,56347.59
7.72,0.00,0.00,0.00,28.00,0.00,286.00,7082.00,0.00,55737.68
7.73,0.00,0.00,0.00,28.00,0.00,283.00,7085.00,0.00,55135.81
7.74,0.00,0.00,0.00,28.00,0.00,280.00,7088.00,0.00,54541.27
7.74,0.00,0.00,0.00,28.00,0.00,273.00,7095.00,0.00,53893.35
7.75,0.00,0.00,0.00,28.00,0.00,271.00,7097.00,0.00,53271.80
7.76,0.00,0.00,0.00,28.00,0.00,269.00,7099.00,0.00,52674.32
7.76,0.00,0.00,0.00,28.00,0.00,264.00,7104.00,0.00,52053.75
7.77,0.00,0.00,0.00,28.00,0.00,261.00,7107.00,0.00,51442.16
7.78,0.00,0.00,0.00,28.00,0.00,258.00,7110.00,0.00,50838.74
7.78,0.00,0.00,0.00,28.00,0.00,256.00,7112.00,0.00,50257.83
7.79,0.00,0.00,0.00,28.00,0.00,254.00,7114.00,0.00,49697.45
7.80,0.00,0.00,0.00,28.00,0.00,252.00,7116.00,0.00,49155.82
7.81,0.00,0.00,0.00,28.00,0.00,248.00,7120.00,0.00,48601.26
7.81,0.00,0.00,0.00,28.00,0.00,245.00,7123.00,0.00,48049.92
7.82,0.00,0.00,0.00,28.00,0.00,245.00,7123.00,0.00,47546.59
7.83,0.00,0.00,0.00,28.00,0.00,242.00,7126.00,0.00,47042.02
7.83,0.00,0.00,0.00,28.00,0.00,236.00,7132.00,0.00,46491.24
7.84,0.00,0.00,0.00,28.00,0.00,236.00,7132.00,0.00,45988.43
7.85,0.00,0.00,0.00,28.00,0.00,232.00,7136.00,0.00,45469.30
7.85,0.00,0.00,0.00,28.00,0.00,225.00,7143.00,0.00,44890.22
7.86,0.00,0.00,0.00,28.00,0.00,221.00,7147.00,0.00,44301.47
7.87,0.00,0.00,0.00,28.00,0.00,218.00,7150.00,0.00,43718.91
7.88,0.00,0.00,0.00,28.00,0.00,214.00,7154.00,0.00,43126.99
7.88,0.00,0.00,0.00,28.00,0.00,213.00,7155.00,0.00,42571.59
7.89,0.00,0.00,0.00,28.00,0.00,210.00,7158.00,0.00,42019.48
7.90,0.00,0.00,0.00,28.00,0.00,206.00,7162.00,0.00,41455.35
7.90,0.00,0.00,0.00,28.00,0.00,199.00,7169.00,0.00,40835.19
7.91,0.00,0.00,0.00,28.00,0.00,194.00,7174.00,0.00,40193.91
7.92,0.00,0.00,0.00,28.00,0.00,193.00,7175.00,0.00,39593.44
7.92,0.00,0.00,0.00,28.00,0.00,190.00,7178.00,0.00,39000.20
7.93,0.00,0.00,0.00,28.00,0.00,183.00,7185.00,0.00,38353.45
7.94,0.00,0.00,0.00,28.00,0.00,181.00,7187.00,0.00,37732.97
7.94,0.00,0.00,0.00,28.00,0.00,180.00,7188.00,0.00,37151.49
7.95,0.00,0.00,0.00,28.00,0.00,178.00,7190.00,0.00,36590.60
7.96,0.00,0.00,0.00,28.00,0.00,173.00,7195.00,0.00,36003.44
7.97,0.00,0.00,0.00,28.00,0.00,171.00,7197.00,0.00,35437.36
7.97,0.00,0.00,0.00,28.00,0.00,167.00,7201.00,0.00,34860.47
7.98,0.00,0.00,0.00,28.00,0.00,166.00,7202.00,0.00,34318.80
7.99,0.00,0.00,0.00,28.00,0.00,163.00,7205.00,0.00,33779.22
7.99,0.00,0.00,0.00,28.00,0.00,160.00,7208.00,0.00,33241.56
8.00,0.00,0.00,0.00,28.00,0.00,160.00,7208.00,0.00,32750.72
8.01,0.00,0.00,0.00,28.00,0.00,159.00,7209.00,0.00,32287.59
8.01,0.00,0.00,0.00,28.00,0.00,154.00,7214.00,0.00,31789.68
8.02,0.00,0.00,0.00,28.00,0.00,154.00,7214.00,0.00,31335.12
8.03,0.00,0.00,0.00,28.00,0.00,152.00,7216.00,0.00,30890.10
8.03,0.00,0.00,0.00,28.00,0.00,148.00,7220.00,0.00,30423.73
8.04,0.00,0.00,0.00,28.00,0.00,143.00,7225.00,0.00,29922.86
8.05,0.00,0.00,0.00,28.00,0.00,140.00,7228.00,0.00,29420.53
8.06,0.00,0.00,0.00,28.00,0.00,139.00,7229.00,0.00,28946.93
8.06,0.00,0.00,0.00,28.00,0.00,138.00,7230.00,0.00,28499.53
8.07,0.00,0.00,0.00,28.00,0.00,137.00,7231.00,0.00,28076.07
8.08,0.00,0.00,0.00,28.00,0.00,135.00,7233.00,0.00,27659.44
8.08,0.00,0.00,0.00,28.00,0.00,133.00,7235.00,0.00,27249.04
8.09,0.00,0.00,0.00,28.00,0.00,130.00,7238.00,0.00,26829.31
8.10,0.00,0.00,0.00,28.00,0.00,128.00,7240.00,0.00,26416.08
8.10,0.00,0.00,0.00,28.00,0.00,125.00,7243.00,0.00,25993.76
8.11,0.00,0.00,0.00,28.00,0.00,124.00,7244.00,0.00,25593.20
8.12,0.00,0.00,0.00,28.00,0.00,122.00,7246.00,0.00,25197.46
8.12,0.00,0.00,0.00,28.00,0.00,117.00,7251.00,0.00,24761.07
8.13,0.00,0.00,0.00,28.00,0.00,109.00,7259.00,0.00,24242.50
8.14,0.00,0.00,0.00,28.00,0.00,107.00,7261.00,0.00,23739.03
8.15,0.00,0.00,0.00,28.00,0.00,106.00,7262.00,0.00,23264.38
8.15,0.00,0.00,0.00,28.00,0.00,105.00,7263.00,0.00,22816.04
8.16,0.00,0.00,0.00,28.00,0.00,105.00,7263.00,0.00,22406.74
8.17,0.00,0.00,0.00,28.00,0.00,103.00,7265.00,0.00,22003.03
8.17,0.00,0.00,0.00,28.00,0.00,100.00,7268.00,0.00,21589.41
8.18,0.00,0.00,0.00,28.00,0.00,97.00,7271.00,0.00,21166.73
8.19,0.00,0.00,0.00,28.00,0.00,95.00,7273.00,0.00,20750.81
8.19,0.00,0.00,0.00,28.00,0.00,94.00,7274.00,0.00,20356.09
8.20,0.00,0.00,0.00,28.00,0.00,93.00,7275.00,0.00,19980.71
8.21,0.00,0.00,0.00,28.00,0.00,92.00,7276.00,0.00,19623.00
8.22,0.00,0.00,0.00,28.00,0.00,90.00,7278.00,0.00,19266.38
8.22,0.00,0.00,0.00,28.00,0.00,88.00,7280.00,0.00,18910.78
8.23,0.00,0.00,0.00,28.00,0.00,88.00,7280.00,0.00,18586.14
8.24,0.00,0.00,0.00,28.00,0.00,87.00,7281.00,0.00,18274.74
8.24,0.00,0.00,0.00,28.00,0.00,85.00,7283.00,0.00,17960.42
8.25,0.00,0.00,0.00,28.00,0.00,84.00,7284.00,0.00,17658.44
8.26,0.00,0.00,0.00,28.00,0.00,83.00,7285.00,0.00,17367.73
8.26,0.00,0.00,0.00,28.00,0.00,83.00,7285.00,0.00,17102.34
8.27,0.00,0.00,0.00,28.00,0.00,82.00,7286.00,0.00,16845.03
8.28,0.00,0.00,0.00,28.00,0.00,81.00,7287.00,0.00,16595.10
8.28,0.00,0.00,0.00,28.00,0.00,81.00,7287.00,0.00,16366.94
8.29,0.00,0.00,0.00,28.00,0.00,81.00,7287.00,0.00,16158.65
8.30,0.00,0.00,0.00,28.00,0.00,79.00,7289.00,0.00,15938.44
8.31,0.00,0.00,0.00,28.00,0.00,78.00,7290.00,0.00,15722.39
8.31,0.00,0.00,0.00,28.00,0.00,77.00,7291.00,0.00,15510.13
8.32,0.00,0.00,0.00,28.00,0.00,75.00,7293.00,0.00,15286.30
8.33,0.00,0.00,0.00,28.00,0.00,73.00,7295.00,0.00,15051.92
8.33,0.00,0.00,0.00,28.00,0.00,71.00,7297.00,0.00,14807.90
8.34,0.00,0.00,0.00,28.00,0.00,70.00,7298.00,0.00,14570.10
8.35,0.00,0.00,0.00,28.00,0.00,69.00,7299.00,0.00,14337.99
8.35,0.00,0.00,0.00,28.00,0.00,68.00,7300.00,0.00,14111.07
8.36,0.00,0.00,0.00,28.00,0.00,66.00,7302.00,0.00,13873.86
8.37,0.00,0.00,0.00,28.00,0.00,63.00,7305.00,0.00,13612.24
8.38,0.00,0.00,0.00,28.00,0.00,61.00,7307.00,0.00,13343.35
8.38,0.00,0.00,0.00,28.00,0.00,59.00,7309.00,0.00,13067.83
8.39,0.00,0.00,0.00,28.00,0.00,59.00,7309.00,0.00,12816.30
8.40,0.00,0.00,0.00,28.00,0.00,58.00,7310.00,0.00,12571.64
8.40,0.00,0.00,0.00,28.00,0.00,55.00,7313.00,0.00,12303.23
8.41,0.00,0.00,0.00,28.00,0.00,53.00,7315.00,0.00,12028.14
8.42,0.00,0.00,0.00,28.00,0.00,52.00,7316.00,0.00,11761.98
8.42,0.00,0.00,0.00,28.00,0.00,51.00,7317.00,0.00,11503.97
8.43,0.00,0.00,0.00,28.00,0.00,50.00,7318.00,0.00,11253.41
8.44,0.00,0.00,0.00,28.00,0.00,50.00,7318.00,0.00,11024.66
8.44,0.00,0.00,0.00,28.00,0.00,50.00,7318.00,0.00,10815.83
8.45,0.00,0.00,0.00,28.00,0.00,49.00,7319.00,0.00,10610.17
8.46,0.00,0.00,0.00,28.00,0.00,48.00,7320.00,0.00,10407.38
8.47,0.00,0.00,0.00,28.00,0.00,48.00,7320.00,0.00,10222.26
8.47,0.00,0.00,0.00,28.00,0.00,47.00,7321.00,0.00,10038.23
8.48,0.00,0.00,0.00,28.00,0.00,46.00,7322.00,0.00,9855.21
8.49,0.00,0.00,0.00,28.00,0.00,44.00,7324.00,0.00,9658.07
8.49,0.00,0.00,0.00,28.00,0.00,43.00,7325.00,0.00,9463.08
8.50,0.00,0.00,0.00,28.00,0.00,43.00,7325.00,0.00,9285.07
8.51,0.00,0.00,0.00,28.00,0.00,43.00,7325.00,0.00,9122.55
8.51,0.00,0.00,0.00,28.00,0.00,41.00,7327.00,0.00,8944.15
8.52,0.00,0.00,0.00,28.00,0.00,40.00,7328.00,0.00,8766.25
8.53,0.00,0.00,0.00,28.00,0.00,40.00,7328.00,0.00,8603.85
8.53,0.00,0.00,0.00,28.00,0.00,39.00,7329.00,0.00,8440.56
8.54,0.00,0.00,0.00,28.00,0.00,38.00,7330.00,0.00,8276.47
8.55,0.00,0.00,0.00,28.00,0.00,37.00,7331.00,0.00,8111.64
8.56,0.00,0.00,0.00,28.00,0.00,37.00,7331.00,0.00,7961.17
8.56,0.00,0.00,0.00,28.00,0.00,36.00,7332.00,0.00,7808.77
8.57,0.00,0.00,0.00,28.00,0.00,35.00,7333.00,0.00,7654.62
8.58,0.00,0.00,0.00,28.00,0.00,35.00,7333.00,0.00,7513.90
8.58,0.00,0.00,0.00,28.00,0.00,35.00,7333.00,0.00,7385.43
8.59,0.00,0.00,0.00,28.00,0.00,35.00,7333.00,0.00,7268.14
8.60,0.00,0.00,0.00,28.00,0.00,35.00,7333.00,0.00,7161.07
8.60,0.00,0.00,0.00,28.00,0.00,35.00,7333.00,0.00,7063.32
8.61,0.00,0.00,0.00,28.00,0.00,35.00,7333.00,0.00,6974.09
8.62,0.00,0.00,0.00,28.00,0.00,35.00,7333.00,0.00,6892.62
8.62,0.00,0.00,0.00,28.00,0.00,34.00,7334.00,0.00,6803.22
8.63,0.00,0.00,0.00,28.00,0.00,33.00,7335.00,0.00,6706.59
8.64,0.00,0.00,0.00,28.00,0.00,33.00,7335.00,0.00,6618.37
8.65,0.00,0.00,0.00,28.00,0.00,33.00,7335.00,0.00,6537.83
8.65,0.00,0.00,0.00,28.00,0.00,31.00,7337.00,0.00,6434.26
8.66,0.00,0.00,0.00,28.00,0.00,29.00,7339.00,0.00,6309.66
8.67,0.00,0.00,0.00,28.00,0.00,29.00,7339.00,0.00,6195.91
8.67,0.00,0.00,0.00,28.00,0.00,28.00,7340.00,0.00,6077.04
8.68,0.00,0.00,0.00,28.00,0.00,27.00,7341.00,0.00,5953.50
8.69,0.00,0.00,0.00,28.00,0.00,27.00,7341.00,0.00,5840.72
8.69,0.00,0.00,0.00,28.00,0.00,26.00,7342.00,0.00,5722.73
8.70,0.00,0.00,0.00,28.00,0.00,25.00,7343.00,0.00,5600.00
8.71,0.00,0.00,0.00,28.00,0.00,23.00,7345.00,0.00,5457.91
8.72,0.00,0.00,0.00,28.00,0.00,23.00,7345.00,0.00,5328.18
8.72,0.00,0.00,0.00,28.00,0.00,23.00,7345.00,0.00,5209.76
8.73,0.00,0.00,0.00,28.00,0.00,23.00,7345.00,0.00,5101.65
8.74,0.00,0.00,0.00,28.00,0.00,23.00,7345.00,0.00,5002.95
8.74,0.00,0.00,0.00,28.00,0.00,22.00,7346.00,0.00,4897.82
8.75,0.00,0.00,0.00,28.00,0.00,22.00,7346.00,0.00,4801.84
8.76,0.00,0.00,0.00,28.00,0.00,20.00,7348.00,0.00,4684.18
8.76,0.00,0.00,0.00,28.00,0.00,19.00,7349.00,0.00,4561.74
8.77,0.00,0.00,0.00,28.00,0.00,19.00,7349.00,0.00,4449.96
8.78,0.00,0.00,0.00,28.00,0.00,19.00,7349.00,0.00,4347.92
8.78,0.00,0.00,0.00,28.00,0.00,19.00,7349.00,0.00,4254.76
8.79,0.00,0.00,0.00,28.00,0.00,19.00,7349.00,0.00,4169.71
8.80,0.00,0.00,0.00,28.00,0.00,19.00,7349.00,0.00,4092.07
8.81,0.00,0.00,0.00,28.00,0.00,19.00,7349.00,0.00,4021.18
8.81,0.00,0.00,0.00,28.00,0.00,18.00,7350.00,0.00,3941.45
8.82,0.00,0.00,0.00,28.00,0.00,18.00,7350.00,0.00,3868.66
8.83,0.00,0.00,0.00,28.00,0.00,17.00,7351.00,0.00,3787.19
8.83,0.00,0.00,0.00,28.00,0.00,17.00,7351.00,0.00,3712.81
8.84,0.00,0.00,0.00,28.00,0.00,17.00,7351.00,0.00,3644.90
8.85,0.00,0.00,0.00,28.00,0.00,17.00,7351.00,0.00,3582.91
8.85,0.00,0.00,0.00,28.00,0.00,17.00,7351.00,0.00,3526.32
8.86,0.00,0.00,0.00,28.00,0.00,17.00,7351.00,0.00,3474.66
8.87,0.00,0.00,0.00,28.00,0.00,17.00,7351.00,0.00,3427.49
8.88,0.00,0.00,0.00,28.00,0.00,17.00,7351.00,0.00,3384.43
8.88,0.00,0.00,0.00,28.00,0.00,17.00,7351.00,0.00,3345.12
8.89,0.00,0.00,0.00,28.00,0.00,17.00,7351.00,0.00,3309.23
8.90,0.00,0.00,0.00,28.00,0.00,17.00,7351.00,0.00,3276.47
8.90,0.00,0.00,0.00,28.00,0.00,17.00,7351.00,0.00,3246.56
8.91,0.00,0.00,0.00,28.00,0.00,16.00,7352.00,0.00,3204.24
8.92,0.00,0.00,0.00,28.00,0.00,16.00,7352.00,0.00,3165.59
8.92,0.00,0.00,0.00,28.00,0.00,16.00,7352.00,0.00,3130.32
8.93,0.00,0.00,0.00,28.00,0.00,16.00,7352.00,0.00,3098.11
8.94,0.00,0.00,0.00,28.00,0.00,15.00,7353.00,0.00,3053.69
8.94,0.00,0.00,0.00,28.00,0.00,15.00,7353.00,0.00,3013.13
8.95,0.00,0.00,0.00,28.00,0.00,15.00,7353.00,0.00,2976.11
8.96,0.00,0.00,0.00,28.00,0.00,15.00,7353.00,0.00,2942.30
8.97,0.00,0.00,0.00,28.00,0.00,15.00,7353.00,0.00,2911.45
8.97,0.00,0.00,0.00,28.00,0.00,15.00,7353.00,0.00,2883.28
8.98,0.00,0.00,0.00,28.00,0.00,15.00,7353.00,0.00,2857.56
8.99,0.00,0.00,0.00,28.00,0.00,15.00,7353.00,0.00,2834.08
8.99,0.00,0.00,0.00,28.00,0.00,14.00,7354.00,0.00,2797.62
9.00,0.00,0.00,0.00,28.00,0.00,13.00,7355.00,0.00,2749.32
9.01,0.00,0.00,0.00,28.00,0.00,13.00,7355.00,0.00,2705.22
9.01,0.00,0.00,0.00,28.00,0.00,13.00,7355.00,0.00,2664.96
9.02,0.00,0.00,0.00,28.00,0.00,13.00,7355.00,0.00,2628.21
9.03,0.00,0.00,0.00,28.00,0.00,13.00,7355.00,0.00,2594.65
9.03,0.00,0.00,0.00,28.00,0.00,13.00,7355.00,0.00,2564.02
9.04,0.00,0.00,0.00,28.00,0.00,12.00,7356.00,0.00,2521.04
9.05,0.00,0.00,0.00,28.00,0.00,12.00,7356.00,0.00,2481.79
9.06,0.00,0.00,0.00,28.00,0.00,12.00,7356.00,0.00,2445.96
9.06,0.00,0.00,0.00,28.00,0.00,12.00,7356.00,0.00,2413.26
9.07,0.00,0.00,0.00,28.00,0.00,12.00,7356.00,0.00,2383.40
9.08,0.00,0.00,0.00,28.00,0.00,12.00,7356.00,0.00,2356.14
9.08,0.00,0.00,0.00,28.00,0.00,12.00,7356.00,0.00,2331.25
9.09,0.00,0.00,0.00,28.00,0.00,12.00,7356.00,0.00,2308.53
9.10,0.00,0.00,0.00,28.00,0.00,12.00,7356.00,0.00,2287.79
9.10,0.00,0.00,0.00,28.00,0.00,12.00,7356.00,0.00,2268.86
9.11,0.00,0.00,0.00,28.00,0.00,11.00,7357.00,0.00,2236.55
9.12,0.00,0.00,0.00,28.00,0.00,11.00,7357.00,0.00,2207.05
9.12,0.00,0.00,0.00,28.00,0.00,11.00,7357.00,0.00,2180.13
9.13,0.00,0.00,0.00,28.00,0.00,11.00,7357.00,0.00,2155.54
9.14,0.00,0.00,0.00,28.00,0.00,11.00,7357.00,0.00,2133.10
9.15,0.00,0.00,0.00,28.00,0.00,11.00,7357.00,0.00,2112.62
9.15,0.00,0.00,0.00,28.00,0.00,11.00,7357.00,0.00,2093.91
9.16,0.00,0.00,0.00,28.00,0.00,11.00,7357.00,0.00,2076.84
9.17,0.00,0.00,0.00,28.00,0.00,11.00,7357.00,0.00,2061.25
9.17,0.00,0.00,0.00,28.00,0.00,11.00,7357.00,0.00,2047.02
9.18,0.00,0.00,0.00,28.00,0.00,10.00,7358.00,0.00,2019.00
