Time,U,AI1,AI2,AD,BI2,BI2,BD,VA,VB
0.00,7395.00,1.00,0.00,0.00,0.00,0.00,0.00,75.00,75.00
0.01,7392.00,1.00,1.00,0.00,2.00,0.00,0.00,68.68,68.47
0.01,7390.00,2.00,2.00,0.00,2.00,0.00,0.00,63.05,62.51
0.02,7388.00,4.00,2.00,0.00,2.00,0.00,0.00,57.90,57.06
0.03,7385.00,6.00,2.00,0.00,3.00,0.00,0.00,53.21,52.10
0.03,7384.00,7.00,2.00,0.00,3.00,0.00,0.00,48.91,47.56
0.04,7382.00,7.00,2.00,0.00,5.00,0.00,0.00,44.99,43.42
0.05,7381.00,7.00,3.00,0.00,5.00,0.00,0.00,41.56,39.64
0.06,7378.00,8.00,4.00,0.00,6.00,0.00,0.00,38.57,36.19
0.06,7376.00,9.00,2.00,2.00,7.00,0.00,0.00,35.54,33.03
0.07,7375.00,10.00,2.00,2.00,6.00,1.00,0.00,32.77,45.18
0.08,7375.00,10.00,2.00,2.00,6.00,1.00,0.00,30.24,56.27
0.08,7375.00,10.00,2.00,2.00,6.00,1.00,0.00,27.93,66.39
0.09,7373.00,9.00,3.00,2.00,8.00,1.00,0.00,25.97,75.64
0.10,7372.00,9.00,3.00,2.00,9.00,1.00,0.00,24.18,84.07
0.10,7371.00,10.00,3.00,2.00,9.00,1.00,0.00,22.54,91.78
0.11,7371.00,9.00,4.00,2.00,9.00,1.00,0.00,21.20,98.81
0.12,7369.00,9.00,4.00,2.00,11.00,1.00,0.00,19.97,105.23
0.12,7369.00,9.00,4.00,2.00,10.00,2.00,0.00,18.85,126.11
0.13,7369.00,9.00,4.00,2.00,10.00,2.00,0.00,17.82,145.17
0.14,7367.00,9.00,3.00,3.00,12.00,2.00,0.00,16.73,162.58
0.15,7367.00,9.00,3.00,3.00,12.00,2.00,0.00,15.74,178.47
0.15,7367.00,9.00,3.00,3.00,11.00,3.00,0.00,14.83,208.00
0.16,7366.00,9.00,3.00,3.00,12.00,3.00,0.00,14.00,234.96
0.17,7362.00,8.00,4.00,3.00,15.00,4.00,0.00,13.39,274.59
0.17,7362.00,8.00,4.00,3.00,15.00,4.00,0.00,12.84,310.77
0.18,7359.00,8.00,4.00,3.00,18.00,4.00,0.00,12.33,343.80
0.19,7358.00,7.00,5.00,3.00,18.00,5.00,0.00,12.02,388.98
0.19,7354.00,7.00,5.00,3.00,20.00,7.00,0.00,11.73,460.27
0.20,7350.00,8.00,5.00,3.00,23.00,7.00,0.00,11.47,525.36
0.21,7348.00,8.00,5.00,3.00,25.00,7.00,0.00,11.23,584.77
0.22,7342.00,7.00,6.00,3.00,30.00,8.00,0.00,11.16,654.04
0.22,7339.00,7.00,6.00,3.00,32.00,9.00,0.00,11.10,732.29
0.23,7332.00,7.00,6.00,3.00,38.00,10.00,0.00,11.04,818.76
0.24,7329.00,7.00,6.00,3.00,41.00,10.00,0.00,10.99,897.70
0.24,7327.00,7.00,6.00,3.00,42.00,11.00,0.00,10.94,984.78
0.25,7326.00,7.00,6.00,3.00,43.00,11.00,0.00,10.90,1064.29
0.26,7325.00,7.00,6.00,3.00,42.00,13.00,0.00,10.86,1166.91
0.26,7324.00,7.00,6.00,3.00,40.00,15.00,1.00,10.82,1290.65
0.27,7317.00,7.00,6.00,3.00,47.00,15.00,1.00,10.79,1403.61
0.28,7309.00,8.00,6.00,3.00,53.00,16.00,1.00,10.76,1521.76
0.28,7304.00,8.00,6.00,3.00,58.00,16.00,1.00,10.73,1629.62
0.29,7298.00,7.00,7.00,3.00,63.00,16.00,2.00,10.86,1728.09
0.30,7295.00,6.00,8.00,3.00,65.00,16.00,3.00,11.12,1817.99
0.31,7289.00,6.00,8.00,3.00,71.00,15.00,4.00,11.36,1885.03
0.31,7281.00,6.00,8.00,3.00,76.00,18.00,4.00,11.58,1991.31
0.32,7277.00,6.00,8.00,3.00,78.00,20.00,4.00,11.79,2118.37
0.33,7272.00,6.00,8.00,3.00,81.00,22.00,4.00,11.97,2264.42
0.33,7269.00,6.00,8.00,3.00,79.00,26.00,5.00,12.14,2457.85
0.34,7265.00,6.00,8.00,3.00,78.00,31.00,5.00,12.29,2709.54
0.35,7256.00,5.00,9.00,3.00,82.00,35.00,6.00,12.58,2999.42
0.35,7249.00,5.00,8.00,4.00,89.00,34.00,7.00,12.70,3249.03
0.36,7239.00,5.00,8.00,4.00,95.00,38.00,7.00,12.80,3536.99
0.37,7231.00,5.00,8.00,4.00,98.00,42.00,8.00,12.90,3859.98
0.38,7226.00,5.00,7.00,5.00,95.00,49.00,9.00,12.84,4260.00
0.38,7216.00,4.00,8.00,5.00,102.00,51.00,10.00,12.93,4655.24
0.39,7200.00,5.00,7.00,6.00,114.00,54.00,10.00,12.87,5061.13
0.40,7187.00,5.00,6.00,7.00,123.00,57.00,11.00,12.66,5476.74
0.40,7180.00,5.00,6.00,7.00,128.00,55.00,15.00,12.47,5826.12
0.41,7164.00,5.00,6.00,7.00,137.00,62.00,15.00,12.29,6250.24
0.42,7152.00,5.00,5.00,8.00,147.00,61.00,18.00,11.98,6622.40
0.42,7141.00,6.00,5.00,8.00,153.00,63.00,20.00,11.70,6992.21
0.43,7131.00,6.00,5.00,8.00,159.00,66.00,21.00,11.44,7374.88
0.44,7117.00,6.00,5.00,8.00,165.00,73.00,22.00,11.20,7829.39
0.44,7106.00,6.00,5.00,8.00,172.00,77.00,22.00,10.99,8304.42
0.45,7088.00,5.00,6.00,8.00,187.00,79.00,23.00,10.94,8768.13
0.46,7076.00,5.00,6.00,8.00,192.00,84.00,25.00,10.90,9266.58
0.47,7063.00,5.00,6.00,8.00,196.00,93.00,25.00,10.86,9856.84
0.47,7050.00,5.00,6.00,8.00,207.00,93.00,27.00,10.82,10395.69
0.48,7031.00,5.00,6.00,8.00,221.00,97.00,28.00,10.79,10947.72
0.49,7014.00,5.00,6.00,8.00,229.00,104.00,30.00,10.76,11556.84
0.49,6993.00,5.00,6.00,8.00,245.00,106.00,33.00,10.73,12142.97
0.50,6969.00,5.00,6.00,8.00,260.00,112.00,36.00,10.71,12768.20
0.51,6949.00,5.00,6.00,8.00,273.00,114.00,41.00,10.68,13369.03
0.51,6937.00,5.00,5.00,9.00,278.00,118.00,44.00,10.51,13977.64
0.52,6918.00,4.00,6.00,9.00,288.00,124.00,47.00,10.51,14623.39
0.53,6901.00,5.00,6.00,9.00,299.00,128.00,48.00,10.50,15273.00
0.53,6879.00,5.00,6.00,9.00,315.00,129.00,53.00,10.49,15881.07
0.54,6869.00,5.00,6.00,9.00,313.00,138.00,56.00,10.49,16571.40
0.55,6846.00,5.00,6.00,9.00,329.00,143.00,58.00,10.49,17276.74
0.56,6825.00,5.00,6.00,9.00,342.00,149.00,60.00,10.48,18010.80
0.56,6806.00,5.00,6.00,9.00,354.00,152.00,64.00,10.48,18726.00
0.57,6789.00,6.00,6.00,9.00,356.00,163.00,67.00,10.48,19544.19
0.58,6770.00,7.00,6.00,9.00,361.00,173.00,70.00,10.47,20441.36
0.58,6751.00,7.00,5.00,10.00,368.00,181.00,74.00,10.32,21380.59
0.59,6725.00,8.00,5.00,10.00,379.00,190.00,79.00,10.18,22373.25
0.60,6703.00,8.00,5.00,10.00,389.00,198.00,83.00,10.05,23399.65
0.60,6679.00,8.00,4.00,11.00,396.00,212.00,86.00,9.78,24547.01
0.61,6659.00,8.00,4.00,11.00,399.00,226.00,89.00,9.54,25804.78
0.62,6635.00,8.00,4.00,11.00,413.00,235.00,90.00,9.32,27088.24
0.62,6608.00,8.00,4.00,11.00,429.00,241.00,95.00,9.11,28350.08
0.63,6582.00,8.00,4.00,11.00,444.00,249.00,98.00,8.93,29622.22
0.64,6551.00,8.00,4.00,11.00,462.00,258.00,102.00,8.76,30918.80
0.65,6523.00,8.00,4.00,11.00,473.00,271.00,106.00,8.60,32297.78
0.65,6505.00,9.00,4.00,11.00,475.00,282.00,110.00,8.46,33721.94
0.66,6484.00,9.00,4.00,11.00,477.00,295.00,116.00,8.33,35217.39
0.67,6438.00,8.00,5.00,11.00,514.00,299.00,121.00,8.36,36642.72
0.67,6405.00,8.00,5.00,11.00,530.00,313.00,124.00,8.39,38154.26
0.68,6365.00,8.00,5.00,11.00,559.00,319.00,129.00,8.42,39624.31
0.69,6339.00,7.00,6.00,11.00,568.00,333.00,132.00,8.59,41176.69
0.69,6309.00,7.00,6.00,11.00,579.00,345.00,139.00,8.75,42774.16
0.70,6276.00,7.00,6.00,11.00,600.00,353.00,143.00,8.90,44352.72
0.71,6238.00,7.00,6.00,11.00,621.00,367.00,146.00,9.03,46004.15
0.72,6196.00,7.00,6.00,11.00,650.00,377.00,149.00,9.15,47662.01
0.72,6165.00,7.00,6.00,11.00,660.00,393.00,154.00,9.26,49415.88
0.73,6131.00,7.00,6.00,11.00,663.00,418.00,160.00,9.37,51392.61
0.74,6100.00,6.00,7.00,11.00,670.00,438.00,164.00,9.61,53497.68
0.74,6067.00,6.00,7.00,11.00,682.00,455.00,168.00,9.83,55674.84
0.75,6037.00,5.00,8.00,11.00,699.00,464.00,172.00,10.18,57797.62
0.76,5999.00,5.00,7.00,12.00,714.00,483.00,176.00,10.36,60021.01
0.76,5962.00,5.00,6.00,13.00,726.00,504.00,180.00,10.36,62366.27
0.77,5921.00,5.00,7.00,13.00,750.00,516.00,184.00,10.52,64687.60
0.78,5876.00,5.00,7.00,13.00,771.00,538.00,186.00,10.66,67137.30
0.78,5831.00,2.00,10.00,13.00,790.00,562.00,188.00,11.25,69734.25
0.79,5781.00,2.00,10.00,13.00,812.00,585.00,193.00,11.78,72450.60
0.80,5747.00,2.00,11.00,13.00,821.00,600.00,202.00,12.41,75155.76
0.81,5702.00,2.00,11.00,13.00,849.00,613.00,206.00,12.99,77820.68
0.81,5658.00,2.00,10.00,14.00,871.00,630.00,211.00,13.37,80508.93
0.82,5613.00,3.00,10.00,14.00,892.00,650.00,214.00,13.72,83263.57
0.83,5566.00,3.00,10.00,14.00,909.00,672.00,222.00,14.04,86108.85
0.83,5521.00,3.00,10.00,14.00,932.00,684.00,232.00,14.33,88886.65
0.84,5481.00,3.00,10.00,14.00,943.00,708.00,237.00,14.59,91783.13
0.85,5436.00,2.00,11.00,14.00,964.00,727.00,242.00,14.99,94712.83
0.85,5395.00,2.00,11.00,14.00,975.00,753.00,246.00,15.35,97778.03
0.86,5351.00,2.00,11.00,14.00,985.00,779.00,254.00,15.67,100966.92
0.87,5313.00,1.00,11.00,15.00,998.00,799.00,259.00,15.97,104178.60
0.88,5267.00,1.00,11.00,15.00,1007.00,834.00,261.00,16.25,107636.43
0.88,5220.00,2.00,11.00,15.00,1026.00,857.00,265.00,16.50,111138.70
0.89,5167.00,2.00,10.00,16.00,1058.00,871.00,272.00,16.57,114546.33
0.90,5116.00,2.00,9.00,17.00,1084.00,893.00,275.00,16.50,117987.74
0.90,5066.00,2.00,8.00,18.00,1097.00,928.00,277.00,16.27,121655.30
0.91,5015.00,2.00,7.00,19.00,1109.00,960.00,284.00,15.92,125484.24
0.92,4971.00,2.00,7.00,19.00,1127.00,980.00,290.00,15.60,129280.24
0.92,4932.00,2.00,6.00,20.00,1129.00,1013.00,294.00,15.15,133241.45
0.93,4880.00,2.00,6.00,20.00,1156.00,1031.00,301.00,14.75,137128.16
0.94,4837.00,2.00,7.00,20.00,1168.00,1054.00,308.00,14.52,141021.96
0.94,4796.00,2.00,7.00,20.00,1165.00,1093.00,313.00,14.32,145162.61
0.95,4738.00,2.00,7.00,20.00,1183.00,1124.00,322.00,14.14,149408.42
0.96,4686.00,2.00,7.00,20.00,1194.00,1157.00,330.00,13.97,153780.28
0.97,4642.00,2.00,6.00,21.00,1206.00,1180.00,339.00,13.66,158117.00
0.97,4589.00,2.00,5.00,22.00,1221.00,1210.00,347.00,13.23,162526.78
0.98,4537.00,3.00,5.00,22.00,1238.00,1235.00,356.00,12.84,166928.16
0.99,4476.00,3.00,5.00,22.00,1259.00,1270.00,361.00,12.49,171472.09
0.99,4427.00,3.00,5.00,22.00,1274.00,1296.00,369.00,12.16,176010.95
1.00,4365.00,3.00,5.00,22.00,1298.00,1328.00,375.00,11.86,180635.33
1.01,4316.00,4.00,5.00,22.00,1319.00,1348.00,382.00,11.59,185157.50
1.01,4250.00,4.00,6.00,22.00,1345.00,1385.00,384.00,11.49,189841.75
1.02,4200.00,4.00,6.00,22.00,1365.00,1405.00,394.00,11.40,194418.57
1.03,4135.00,4.00,6.00,22.00,1396.00,1433.00,400.00,11.32,199017.52
1.03,4076.00,4.00,6.00,22.00,1416.00,1462.00,410.00,11.24,203651.67
1.04,4031.00,4.00,6.00,22.00,1430.00,1488.00,415.00,11.17,208272.91
1.05,3977.00,4.00,6.00,22.00,1448.00,1520.00,419.00,11.11,212972.48
1.06,3917.00,4.00,6.00,22.00,1461.00,1561.00,425.00,11.05,217878.78
1.06,3850.00,4.00,6.00,22.00,1484.00,1601.00,429.00,11.00,222958.79
1.07,3795.00,5.00,6.00,22.00,1492.00,1641.00,435.00,10.95,228197.37
1.08,3730.00,5.00,6.00,22.00,1521.00,1670.00,442.00,10.91,233415.47
1.08,3689.00,5.00,6.00,22.00,1515.00,1705.00,454.00,10.87,238705.01
1.09,3627.00,5.00,6.00,22.00,1532.00,1744.00,460.00,10.83,244119.86
1.10,3568.00,5.00,6.00,22.00,1556.00,1773.00,466.00,10.80,249498.88
1.10,3512.00,5.00,6.00,22.00,1565.00,1808.00,478.00,10.76,254935.32
1.11,3446.00,4.00,6.00,23.00,1582.00,1853.00,482.00,10.74,260574.42
1.12,3391.00,4.00,6.00,23.00,1583.00,1898.00,491.00,10.71,266398.52
1.12,3334.00,4.00,6.00,23.00,1592.00,1940.00,497.00,10.69,272346.46
1.13,3279.00,4.00,6.00,23.00,1604.00,1973.00,507.00,10.67,278272.24
1.14,3226.00,3.00,7.00,23.00,1615.00,2003.00,519.00,10.80,284132.72
1.15,3157.00,3.00,7.00,23.00,1628.00,2053.00,525.00,10.92,290234.05
1.15,3100.00,3.00,6.00,24.00,1647.00,2081.00,535.00,10.88,296224.75
1.16,3050.00,3.00,6.00,24.00,1644.00,2123.00,546.00,10.84,302324.77
1.17,2991.00,3.00,6.00,24.00,1664.00,2150.00,558.00,10.80,308299.25
1.17,2932.00,3.00,6.00,24.00,1682.00,2185.00,564.00,10.77,314279.31
1.18,2884.00,3.00,6.00,24.00,1693.00,2218.00,568.00,10.74,320234.41
1.19,2824.00,3.00,6.00,24.00,1719.00,2246.00,574.00,10.72,326091.61
1.19,2782.00,3.00,6.00,24.00,1710.00,2288.00,583.00,10.69,332069.76
1.20,2733.00,3.00,6.00,24.00,1713.00,2328.00,589.00,10.67,338128.28
1.21,2681.00,3.00,6.00,24.00,1711.00,2379.00,592.00,10.65,344425.43
1.22,2625.00,3.00,6.00,24.00,1709.00,2426.00,603.00,10.63,350880.33
1.22,2577.00,3.00,6.00,24.00,1704.00,2470.00,612.00,10.62,357434.19
1.23,2535.00,4.00,6.00,24.00,1690.00,2516.00,621.00,10.60,364108.42
1.24,2493.00,4.00,6.00,24.00,1682.00,2551.00,636.00,10.59,370727.30
1.24,2424.00,4.00,6.00,24.00,1701.00,2590.00,647.00,10.58,377355.74
1.25,2375.00,5.00,6.00,24.00,1696.00,2637.00,653.00,10.56,384113.08
1.26,2323.00,5.00,6.00,24.00,1709.00,2668.00,661.00,10.55,390747.74
1.26,2277.00,4.00,7.00,24.00,1702.00,2714.00,668.00,10.69,397495.74
1.27,2229.00,4.00,7.00,24.00,1704.00,2756.00,672.00,10.82,404287.12
1.28,2189.00,4.00,7.00,24.00,1689.00,2806.00,677.00,10.94,411238.30
1.28,2151.00,4.00,6.00,25.00,1670.00,2858.00,682.00,10.90,418365.39
1.29,2108.00,4.00,5.00,26.00,1656.00,2906.00,691.00,10.71,425593.00
1.30,2075.00,4.00,5.00,26.00,1640.00,2951.00,695.00,10.53,432867.30
1.31,2031.00,4.00,5.00,26.00,1635.00,2987.00,708.00,10.38,440049.01
1.31,1989.00,4.00,5.00,26.00,1630.00,3025.00,717.00,10.23,447176.24
1.32,1953.00,4.00,5.00,26.00,1616.00,3068.00,724.00,10.10,454328.86
1.33,1916.00,4.00,5.00,26.00,1610.00,3102.00,733.00,9.98,461369.44
1.33,1871.00,4.00,5.00,26.00,1603.00,3143.00,744.00,9.87,468412.91
1.34,1826.00,4.00,5.00,26.00,1616.00,3170.00,749.00,9.77,475248.68
1.35,1778.00,4.00,5.00,26.00,1622.00,3203.00,758.00,9.67,481984.98
1.35,1736.00,4.00,5.00,26.00,1617.00,3242.00,766.00,9.59,488720.62
1.36,1702.00,4.00,5.00,26.00,1604.00,3278.00,777.00,9.51,495410.57
1.37,1662.00,4.00,5.00,26.00,1601.00,3314.00,784.00,9.44,502058.82
1.38,1628.00,4.00,5.00,26.00,1591.00,3355.00,787.00,9.38,508744.12
1.38,1595.00,5.00,5.00,26.00,1580.00,3390.00,795.00,9.32,515373.10
1.39,1544.00,5.00,6.00,26.00,1584.00,3427.00,804.00,9.42,521980.71
1.40,1507.00,4.00,7.00,26.00,1569.00,3470.00,813.00,9.66,528658.94
1.40,1467.00,4.00,7.00,26.00,1568.00,3503.00,821.00,9.87,535251.43
1.41,1437.00,4.00,7.00,26.00,1550.00,3536.00,836.00,10.07,541765.63
1.42,1399.00,4.00,7.00,26.00,1547.00,3572.00,841.00,10.26,548253.44
1.42,1363.00,3.00,7.00,27.00,1537.00,3608.00,851.00,10.42,554717.14
1.43,1323.00,3.00,7.00,27.00,1516.00,3657.00,863.00,10.57,561354.14
1.44,1288.00,3.00,6.00,28.00,1499.00,3703.00,869.00,10.56,568104.29
1.44,1253.00,3.00,6.00,28.00,1490.00,3737.00,879.00,10.55,574777.44
1.45,1223.00,3.00,6.00,28.00,1463.00,3786.00,887.00,10.54,581605.66
1.46,1181.00,3.00,6.00,28.00,1465.00,3819.00,894.00,10.53,588335.06
1.47,1151.00,2.00,6.00,29.00,1440.00,3868.00,900.00,10.53,595214.63
1.47,1116.00,2.00,6.00,29.00,1431.00,3903.00,909.00,10.52,602020.96
1.48,1088.00,3.00,6.00,29.00,1416.00,3938.00,916.00,10.51,608760.43
1.49,1050.00,2.00,7.00,29.00,1414.00,3971.00,923.00,10.66,615408.82
1.49,1014.00,2.00,7.00,29.00,1409.00,4005.00,930.00,10.79,621989.08
1.50,980.00,2.00,7.00,29.00,1400.00,4043.00,935.00,10.91,628567.24
1.51,934.00,2.00,7.00,29.00,1408.00,4071.00,945.00,11.02,634993.24
1.51,908.00,2.00,7.00,29.00,1397.00,4097.00,956.00,11.12,641250.30
1.52,876.00,2.00,7.00,29.00,1388.00,4129.00,965.00,11.21,647443.25
1.53,831.00,2.00,7.00,29.00,1390.00,4165.00,972.00,11.29,653637.78
1.53,791.00,2.00,7.00,29.00,1398.00,4189.00,980.00,11.37,659653.47
1.54,762.00,2.00,7.00,29.00,1383.00,4223.00,990.00,11.44,665656.12
1.55,732.00,2.00,7.00,29.00,1373.00,4249.00,1004.00,11.50,671526.69
1.56,701.00,2.00,7.00,29.00,1367.00,4273.00,1017.00,11.56,677246.63
1.56,678.00,2.00,7.00,29.00,1345.00,4309.00,1026.00,11.62,683009.33
1.57,650.00,2.00,7.00,29.00,1336.00,4340.00,1032.00,11.66,688735.95
1.58,617.00,2.00,7.00,29.00,1322.00,4378.00,1041.00,11.71,694534.80
1.58,597.00,2.00,6.00,30.00,1301.00,4406.00,1054.00,11.60,700249.36
1.59,574.00,2.00,6.00,30.00,1283.00,4442.00,1059.00,11.50,706007.15
1.60,546.00,2.00,6.00,30.00,1277.00,4473.00,1062.00,11.41,711729.29
1.60,524.00,2.00,6.00,30.00,1257.00,4507.00,1070.00,11.32,717463.95
1.61,498.00,2.00,5.00,31.00,1240.00,4540.00,1080.00,11.10,723195.03
1.62,469.00,2.00,5.00,31.00,1232.00,4570.00,1087.00,10.89,728877.76
1.62,443.00,2.00,5.00,31.00,1227.00,4591.00,1097.00,10.70,734381.15
1.63,420.00,2.00,5.00,31.00,1219.00,4620.00,1099.00,10.53,739840.99
1.64,388.00,2.00,5.00,31.00,1214.00,4651.00,1105.00,10.37,745291.13
1.65,372.00,2.00,5.00,31.00,1204.00,4673.00,1109.00,10.23,750597.20
1.65,358.00,2.00,5.00,31.00,1185.00,4697.00,1118.00,10.10,755801.80
1.66,335.00,2.00,5.00,31.00,1172.00,4729.00,1122.00,9.97,761033.94
1.67,308.00,1.00,6.00,31.00,1156.00,4761.00,1133.00,10.02,766291.23
1.67,292.00,1.00,6.00,31.00,1142.00,4783.00,1141.00,10.05,771421.24
1.68,271.00,1.00,6.00,31.00,1139.00,4797.00,1151.00,10.09,776314.87
1.69,254.00,1.00,6.00,31.00,1117.00,4828.00,1159.00,10.12,781248.10
1.69,235.00,1.00,6.00,31.00,1097.00,4857.00,1169.00,10.14,786187.44
1.70,215.00,1.00,6.00,31.00,1079.00,4889.00,1175.00,10.17,791177.42
1.71,202.00,1.00,6.00,31.00,1063.00,4911.00,1182.00,10.19,796063.40
1.72,185.00,1.00,6.00,31.00,1048.00,4929.00,1196.00,10.21,800794.35
1.72,165.00,1.00,5.00,32.00,1030.00,4955.00,1208.00,10.08,805503.94
1.73,155.00,1.00,5.00,32.00,1016.00,4970.00,1217.00,9.96,810028.79
1.74,138.00,1.00,4.00,33.00,1007.00,4993.00,1220.00,9.70,814505.16
1.74,122.00,1.00,4.00,33.00,990.00,5021.00,1225.00,9.47,819012.40
1.75,116.00,1.00,4.00,33.00,969.00,5040.00,1233.00,9.25,823412.61
1.76,104.00,1.00,4.00,33.00,945.00,5073.00,1236.00,9.05,827925.42
1.76,94.00,0.00,5.00,33.00,934.00,5089.00,1241.00,9.02,832285.65
1.77,83.00,0.00,5.00,33.00,920.00,5104.00,1251.00,9.00,836491.55
1.78,70.00,0.00,4.00,34.00,903.00,5126.00,1259.00,8.82,840661.73
1.78,61.00,0.00,4.00,34.00,884.00,5146.00,1267.00,8.66,844769.25
1.79,55.00,0.00,4.00,34.00,864.00,5165.00,1274.00,8.51,848804.54
1.80,50.00,0.00,4.00,34.00,845.00,5182.00,1281.00,8.38,852743.84
1.81,46.00,0.00,3.00,35.00,815.00,5203.00,1294.00,8.11,856655.62
1.81,40.00,0.00,3.00,35.00,797.00,5220.00,1301.00,7.86,860482.16
1.82,35.00,0.00,3.00,35.00,780.00,5235.00,1308.00,7.63,864200.85
1.83,26.00,0.00,3.00,35.00,769.00,5246.00,1317.00,7.42,867760.99
1.83,21.00,0.00,2.00,36.00,754.00,5262.00,1321.00,7.08,871251.50
1.84,17.00,0.00,2.00,36.00,741.00,5273.00,1327.00,6.77,874603.31
1.85,14.00,0.00,1.00,37.00,723.00,5288.00,1333.00,6.34,877888.62
1.85,12.00,0.00,1.00,37.00,704.00,5302.00,1340.00,5.94,881098.17
1.86,9.00,0.00,1.00,37.00,684.00,5319.00,1346.00,5.58,884283.64
1.87,7.00,0.00,1.00,37.00,667.00,5330.00,1354.00,5.25,887357.00
1.88,5.00,0.00,1.00,37.00,645.00,5349.00,1359.00,4.94,890448.17
1.88,3.00,0.00,1.00,37.00,624.00,5368.00,1363.00,4.67,893555.61
1.89,2.00,0.00,1.00,37.00,611.00,5374.00,1371.00,4.41,896482.62
1.90,1.00,0.00,1.00,37.00,597.00,5379.00,1381.00,4.18,899229.86
1.90,1.00,0.00,1.00,37.00,579.00,5388.00,1390.00,3.97,901873.09
1.91,0.00,0.00,1.00,37.00,564.00,5401.00,1393.00,3.78,904481.46
1.92,0.00,0.00,1.00,37.00,551.00,5407.00,1400.00,3.60,906952.85
1.92,0.00,0.00,1.00,37.00,539.00,5412.00,1407.00,3.44,909284.15
1.93,0.00,0.00,1.00,37.00,520.00,5423.00,1415.00,3.30,911577.71
1.94,0.00,0.00,1.00,37.00,505.00,5428.00,1425.00,3.16,913746.66
1.94,0.00,0.00,1.00,37.00,496.00,5431.00,1431.00,3.04,915771.82
1.95,0.00,0.00,1.00,37.00,482.00,5440.00,1436.00,2.93,917755.85
1.96,0.00,0.00,1.00,37.00,466.00,5443.00,1449.00,2.82,919612.19
1.97,0.00,0.00,1.00,37.00,453.00,5445.00,1460.00,2.73,921336.93
1.97,0.00,0.00,1.00,37.00,445.00,5448.00,1465.00,2.64,922956.55
1.98,0.00,0.00,1.00,37.00,433.00,5448.00,1477.00,2.57,924435.15
1.99,0.00,0.00,0.00,38.00,423.00,5453.00,1482.00,2.35,925860.11
1.99,0.00,0.00,0.00,38.00,405.00,5463.00,1490.00,2.14,927311.22
2.00,0.00,0.00,0.00,38.00,396.00,5466.00,1496.00,1.96,928681.04
2.01,0.00,0.00,0.00,38.00,387.00,5468.00,1503.00,1.79,929961.63
2.01,0.00,0.00,0.00,38.00,373.00,5475.00,1510.00,1.63,931235.88
2.02,0.00,0.00,0.00,38.00,360.00,5473.00,1525.00,1.49,932369.12
2.03,0.00,0.00,0.00,38.00,347.00,5479.00,1532.00,1.36,933493.82
2.03,0.00,0.00,0.00,38.00,334.00,5488.00,1536.00,1.25,934655.80
2.04,0.00,0.00,0.00,38.00,328.00,5484.00,1546.00,1.14,935656.50
2.05,0.00,0.00,0.00,38.00,316.00,5481.00,1561.00,1.04,936525.00
2.06,0.00,0.00,0.00,38.00,307.00,5482.00,1569.00,0.95,937332.89
2.06,0.00,0.00,0.00,38.00,297.00,5483.00,1578.00,0.87,938085.46
2.07,0.00,0.00,0.00,38.00,290.00,5485.00,1583.00,0.79,938802.55
2.08,0.00,0.00,0.00,38.00,286.00,5480.00,1592.00,0.73,939382.08
2.08,0.00,0.00,0.00,38.00,279.00,5475.00,1604.00,0.66,939836.03
2.09,0.00,0.00,0.00,38.00,269.00,5477.00,1612.00,0.61,940280.49
2.10,0.00,0.00,0.00,38.00,267.00,5469.00,1622.00,0.55,940566.07
2.10,0.00,0.00,0.00,38.00,259.00,5472.00,1627.00,0.51,940871.86
2.11,0.00,0.00,0.00,38.00,254.00,5472.00,1632.00,0.46,941151.01
2.12,0.00,0.00,0.00,38.00,245.00,5473.00,1640.00,0.42,941420.88
2.12,0.00,0.00,0.00,38.00,239.00,5472.00,1647.00,0.39,941652.23
2.13,0.00,0.00,0.00,38.00,230.00,5471.00,1657.00,0.35,941848.41
2.14,0.00,0.00,0.00,38.00,224.00,5471.00,1663.00,0.32,942027.51
2.15,0.00,0.00,0.00,38.00,219.00,5473.00,1666.00,0.29,942221.06
2.15,0.00,0.00,0.00,38.00,213.00,5471.00,1674.00,0.27,942367.71
2.16,0.00,0.00,0.00,38.00,206.00,5470.00,1682.00,0.25,942486.57
2.17,0.00,0.00,0.00,38.00,201.00,5468.00,1689.00,0.22,942565.03
2.17,0.00,0.00,0.00,38.00,195.00,5468.00,1695.00,0.20,942636.66
2.18,0.00,0.00,0.00,38.00,190.00,5466.00,1702.00,0.19,942672.00
2.19,0.00,0.00,0.00,38.00,185.00,5458.00,1715.00,0.17,942584.09
2.19,0.00,0.00,0.00,38.00,178.00,5454.00,1726.00,0.16,942443.73
2.20,0.00,0.00,0.00,38.00,174.00,5450.00,1734.00,0.14,942255.51
2.21,0.00,0.00,0.00,38.00,172.00,5447.00,1739.00,0.13,942038.60
2.22,0.00,0.00,0.00,38.00,167.00,5442.00,1749.00,0.12,941765.47
2.22,0.00,0.00,0.00,38.00,163.00,5441.00,1754.00,0.11,941501.09
2.23,0.00,0.00,0.00,38.00,159.00,5439.00,1760.00,0.10,941229.70
2.24,0.00,0.00,0.00,38.00,157.00,5433.00,1768.00,0.09,940891.79
2.24,0.00,0.00,0.00,38.00,151.00,5432.00,1775.00,0.08,940568.29
2.25,0.00,0.00,0.00,38.00,148.00,5426.00,1784.00,0.08,940182.81
2.26,0.00,0.00,0.00,38.00,144.00,5414.00,1800.00,0.07,939650.63
2.26,0.00,0.00,0.00,38.00,141.00,5407.00,1810.00,0.06,939059.62
2.27,0.00,0.00,0.00,38.00,139.00,5403.00,1816.00,0.06,938459.98
2.28,0.00,0.00,0.00,38.00,133.00,5402.00,1823.00,0.05,937897.53
2.28,0.00,0.00,0.00,38.00,131.00,5391.00,1836.00,0.05,937218.81
2.29,0.00,0.00,0.00,38.00,128.00,5385.00,1845.00,0.04,936509.04
2.30,0.00,0.00,0.00,38.00,124.00,5381.00,1853.00,0.04,935800.99
2.31,0.00,0.00,0.00,38.00,118.00,5383.00,1857.00,0.04,935184.64
2.31,0.00,0.00,0.00,38.00,114.00,5381.00,1863.00,0.03,934591.91
2.32,0.00,0.00,0.00,38.00,112.00,5374.00,1872.00,0.03,933945.63
2.33,0.00,0.00,0.00,38.00,110.00,5370.00,1878.00,0.03,933295.54
2.33,0.00,0.00,0.00,38.00,108.00,5358.00,1892.00,0.03,932521.77
2.34,0.00,0.00,0.00,38.00,105.00,5352.00,1901.00,0.02,931725.24
2.35,0.00,0.00,0.00,38.00,103.00,5347.00,1908.00,0.02,930922.96
2.35,0.00,0.00,0.00,38.00,103.00,5343.00,1912.00,0.02,930130.44
2.36,0.00,0.00,0.00,38.00,101.00,5339.00,1918.00,0.02,929346.84
2.37,0.00,0.00,0.00,38.00,101.00,5330.00,1927.00,0.02,928496.26
2.38,0.00,0.00,0.00,38.00,100.00,5319.00,1939.00,0.01,927554.50
2.38,0.00,0.00,0.00,38.00,98.00,5315.00,1945.00,0.01,926634.64
2.39,0.00,0.00,0.00,38.00,97.00,5312.00,1949.00,0.01,925749.82
2.40,0.00,0.00,0.00,38.00,95.00,5308.00,1955.00,0.01,924881.95
2.40,0.00,0.00,0.00,38.00,92.00,5303.00,1963.00,0.01,924014.53
2.41,0.00,0.00,0.00,38.00,91.00,5298.00,1969.00,0.01,923147.53
2.42,0.00,0.00,0.00,38.00,90.00,5289.00,1979.00,0.01,922220.82
2.42,0.00,0.00,0.00,38.00,88.00,5281.00,1989.00,0.01,921254.61
2.43,0.00,0.00,0.00,38.00,84.00,5280.00,1994.00,0.01,920357.52
2.44,0.00,0.00,0.00,38.00,80.00,5279.00,1999.00,0.01,919523.52
2.44,0.00,0.00,0.00,38.00,76.00,5276.00,2006.00,0.01,918717.07
2.45,0.00,0.00,0.00,38.00,72.00,5271.00,2015.00,0.01,917905.73
2.46,0.00,0.00,0.00,38.00,70.00,5270.00,2018.00,0.01,917150.01
2.47,0.00,0.00,0.00,38.00,69.00,5261.00,2028.00,0.00,916324.89
2.47,0.00,0.00,0.00,38.00,67.00,5254.00,2037.00,0.00,915466.46
2.48,0.00,0.00,0.00,38.00,65.00,5246.00,2047.00,0.00,914562.59
2.49,0.00,0.00,0.00,38.00,63.00,5244.00,2051.00,0.00,913707.38
2.49,0.00,0.00,0.00,38.00,61.00,5236.00,2061.00,0.00,912806.45
2.50,0.00,0.00,0.00,38.00,58.00,5226.00,2074.00,0.00,911833.74
2.51,0.00,0.00,0.00,38.00,58.00,5219.00,2081.00,0.00,910840.57
2.51,0.00,0.00,0.00,38.00,55.00,5217.00,2086.00,0.00,909903.83
2.52,0.00,0.00,0.00,38.00,54.00,5212.00,2092.00,0.00,908973.55
2.53,0.00,0.00,0.00,38.00,50.00,5207.00,2101.00,0.00,908049.15
2.53,0.00,0.00,0.00,38.00,46.00,5208.00,2104.00,0.00,907220.27
2.54,0.00,0.00,0.00,38.00,44.00,5201.00,2113.00,0.00,906358.41
2.55,0.00,0.00,0.00,38.00,43.00,5197.00,2118.00,0.00,905511.49
2.56,0.00,0.00,0.00,38.00,42.00,5190.00,2126.00,0.00,904633.17
2.56,0.00,0.00,0.00,38.00,42.00,5182.00,2134.00,0.00,903711.14
2.57,0.00,0.00,0.00,38.00,40.00,5174.00,2144.00,0.00,902749.21
2.58,0.00,0.00,0.00,38.00,39.00,5166.00,2153.00,0.00,901750.85
2.58,0.00,0.00,0.00,38.00,35.00,5164.00,2159.00,0.00,900809.39
2.59,0.00,0.00,0.00,38.00,34.00,5158.00,2166.00,0.00,899859.76
2.60,0.00,0.00,0.00,38.00,32.00,5153.00,2173.00,0.00,898917.71
2.60,0.00,0.00,0.00,38.00,32.00,5146.00,2180.00,0.00,897952.53
2.61,0.00,0.00,0.00,38.00,32.00,5140.00,2186.00,0.00,896981.25
2.62,0.00,0.00,0.00,38.00,32.00,5131.00,2195.00,0.00,895959.34
2.62,0.00,0.00,0.00,38.00,31.00,5128.00,2199.00,0.00,894981.34
2.63,0.00,0.00,0.00,38.00,31.00,5120.00,2207.00,0.00,893968.32
2.64,0.00,0.00,0.00,38.00,29.00,5114.00,2215.00,0.00,892953.37
2.65,0.00,0.00,0.00,38.00,28.00,5104.00,2226.00,0.00,891876.56
2.65,0.00,0.00,0.00,38.00,28.00,5094.00,2236.00,0.00,890743.29
2.66,0.00,0.00,0.00,38.00,27.00,5087.00,2244.00,0.00,889603.54
2.67,0.00,0.00,0.00,38.00,27.00,5079.00,2252.00,0.00,888442.84
2.67,0.00,0.00,0.00,38.00,26.00,5073.00,2259.00,0.00,887293.08
2.68,0.00,0.00,0.00,38.00,25.00,5064.00,2269.00,0.00,886108.23
2.69,0.00,0.00,0.00,38.00,25.00,5049.00,2284.00,0.00,884801.20
2.69,0.00,0.00,0.00,38.00,25.00,5040.00,2293.00,0.00,883472.77
2.70,0.00,0.00,0.00,38.00,24.00,5036.00,2298.00,0.00,882199.93
2.71,0.00,0.00,0.00,38.00,24.00,5027.00,2307.00,0.00,880902.71
2.72,0.00,0.00,0.00,38.00,23.00,5023.00,2312.00,0.00,879658.36
2.72,0.00,0.00,0.00,38.00,23.00,5014.00,2321.00,0.00,878387.15
2.73,0.00,0.00,0.00,38.00,23.00,5004.00,2331.00,0.00,877076.40
2.74,0.00,0.00,0.00,38.00,23.00,4995.00,2340.00,0.00,875744.58
2.74,0.00,0.00,0.00,38.00,23.00,4989.00,2346.00,0.00,874438.58
2.75,0.00,0.00,0.00,38.00,23.00,4987.00,2348.00,0.00,873216.27
2.76,0.00,0.00,0.00,38.00,22.00,4978.00,2358.00,0.00,871965.18
2.76,0.00,0.00,0.00,38.00,22.00,4968.00,2368.00,0.00,870672.80
2.77,0.00,0.00,0.00,38.00,22.00,4960.00,2376.00,0.00,869372.76
2.78,0.00,0.00,0.00,38.00,21.00,4955.00,2382.00,0.00,868110.82
2.78,0.00,0.00,0.00,38.00,20.00,4946.00,2392.00,0.00,866823.55
2.79,0.00,0.00,0.00,38.00,20.00,4936.00,2402.00,0.00,865498.14
2.80,0.00,0.00,0.00,38.00,20.00,4932.00,2406.00,0.00,864228.05
2.81,0.00,0.00,0.00,38.00,20.00,4928.00,2410.00,0.00,863008.46
2.81,0.00,0.00,0.00,38.00,19.00,4922.00,2417.00,0.00,861804.93
2.82,0.00,0.00,0.00,38.00,17.00,4918.00,2423.00,0.00,860646.10
2.83,0.00,0.00,0.00,38.00,17.00,4914.00,2427.00,0.00,859528.09
2.83,0.00,0.00,0.00,38.00,17.00,4904.00,2437.00,0.00,858357.20
2.84,0.00,0.00,0.00,38.00,17.00,4896.00,2445.00,0.00,857168.09
2.85,0.00,0.00,0.00,38.00,17.00,4888.00,2453.00,0.00,855962.32
2.85,0.00,0.00,0.00,38.00,16.00,4883.00,2459.00,0.00,854786.44
2.86,0.00,0.00,0.00,38.00,16.00,4874.00,2468.00,0.00,853577.74
2.87,0.00,0.00,0.00,38.00,15.00,4862.00,2481.00,0.00,852294.01
2.88,0.00,0.00,0.00,38.00,15.00,4859.00,2484.00,0.00,851077.00
2.88,0.00,0.00,0.00,38.00,15.00,4855.00,2488.00,0.00,849905.86
2.89,0.00,0.00,0.00,38.00,15.00,4851.00,2492.00,0.00,848776.61
2.90,0.00,0.00,0.00,38.00,14.00,4850.00,2494.00,0.00,847730.67
2.90,0.00,0.00,0.00,38.00,13.00,4847.00,2498.00,0.00,846730.73
2.91,0.00,0.00,0.00,38.00,12.00,4841.00,2505.00,0.00,845727.73
2.92,0.00,0.00,0.00,38.00,12.00,4835.00,2511.00,0.00,844721.92
2.92,0.00,0.00,0.00,38.00,12.00,4820.00,2526.00,0.00,843578.35
2.93,0.00,0.00,0.00,38.00,11.00,4814.00,2533.00,0.00,842444.22
2.94,0.00,0.00,0.00,38.00,11.00,4802.00,2545.00,0.00,841228.57
2.94,0.00,0.00,0.00,38.00,11.00,4795.00,2552.00,0.00,840013.60
2.95,0.00,0.00,0.00,38.00,10.00,4786.00,2562.00,0.00,838769.23
2.96,0.00,0.00,0.00,38.00,10.00,4779.00,2569.00,0.00,837528.05
2.97,0.00,0.00,0.00,38.00,10.00,4774.00,2574.00,0.00,836319.83
2.97,0.00,0.00,0.00,38.00,10.00,4765.00,2583.00,0.00,835081.60
2.98,0.00,0.00,0.00,38.00,9.00,4761.00,2588.00,0.00,833891.11
2.99,0.00,0.00,0.00,38.00,8.00,4757.00,2593.00,0.00,832744.19
2.99,0.00,0.00,0.00,38.00,8.00,4744.00,2606.00,0.00,831501.83
3.00,0.00,0.00,0.00,38.00,8.00,4736.00,2614.00,0.00,830247.47
3.01,0.00,0.00,0.00,38.00,7.00,4731.00,2620.00,0.00,829027.22
3.01,0.00,0.00,0.00,38.00,7.00,4716.00,2635.00,0.00,827687.87
3.02,0.00,0.00,0.00,38.00,7.00,4708.00,2643.00,0.00,826344.97
3.03,0.00,0.00,0.00,38.00,7.00,4700.00,2651.00,0.00,824998.82
3.03,0.00,0.00,0.00,38.00,7.00,4691.00,2660.00,0.00,823634.67
3.04,0.00,0.00,0.00,38.00,7.00,4680.00,2671.00,0.00,822224.06
3.05,0.00,0.00,0.00,38.00,7.00,4670.00,2681.00,0.00,820786.04
3.06,0.00,0.00,0.00,38.00,7.00,4664.00,2687.00,0.00,819383.10
3.06,0.00,0.00,0.00,38.00,7.00,4654.00,2697.00,0.00,817952.10
3.07,0.00,0.00,0.00,38.00,7.00,4647.00,2704.00,0.00,816540.53
3.08,0.00,0.00,0.00,38.00,6.00,4637.00,2715.00,0.00,815101.65
3.08,0.00,0.00,0.00,38.00,6.00,4632.00,2720.00,0.00,813712.95
3.09,0.00,0.00,0.00,38.00,6.00,4630.00,2722.00,0.00,812415.12
3.10,0.00,0.00,0.00,38.00,5.00,4626.00,2727.00,0.00,811170.21
3.10,0.00,0.00,0.00,38.00,5.00,4620.00,2733.00,0.00,809943.57
3.11,0.00,0.00,0.00,38.00,5.00,4612.00,2741.00,0.00,808703.54
3.12,0.00,0.00,0.00,38.00,5.00,4602.00,2751.00,0.00,807421.27
3.12,0.00,0.00,0.00,38.00,5.00,4597.00,2756.00,0.00,806175.53
3.13,0.00,0.00,0.00,38.00,5.00,4587.00,2766.00,0.00,804888.04
3.14,0.00,0.00,0.00,38.00,5.00,4581.00,2772.00,0.00,803622.52
3.15,0.00,0.00,0.00,38.00,5.00,4568.00,2785.00,0.00,802271.89
3.15,0.00,0.00,0.00,38.00,5.00,4557.00,2796.00,0.00,800873.62
3.16,0.00,0.00,0.00,38.00,5.00,4554.00,2799.00,0.00,799552.03
3.17,0.00,0.00,0.00,38.00,5.00,4551.00,2802.00,0.00,798300.45
3.17,0.00,0.00,0.00,38.00,5.00,4545.00,2808.00,0.00,797067.72
3.18,0.00,0.00,0.00,38.00,5.00,4540.00,2813.00,0.00,795867.21
3.19,0.00,0.00,0.00,38.00,5.00,4532.00,2821.00,0.00,794651.05
3.19,0.00,0.00,0.00,38.00,5.00,4527.00,2826.00,0.00,793465.67
3.20,0.00,0.00,0.00,38.00,4.00,4519.00,2835.00,0.00,792263.33
3.21,0.00,0.00,0.00,38.00,4.00,4512.00,2842.00,0.00,791060.52
3.22,0.00,0.00,0.00,38.00,3.00,4503.00,2852.00,0.00,789827.24
3.22,0.00,0.00,0.00,38.00,2.00,4502.00,2854.00,0.00,788686.33
3.23,0.00,0.00,0.00,38.00,2.00,4494.00,2862.00,0.00,787524.57
3.24,0.00,0.00,0.00,38.00,2.00,4486.00,2870.00,0.00,786343.79
3.24,0.00,0.00,0.00,38.00,2.00,4478.00,2878.00,0.00,785145.65
3.25,0.00,0.00,0.00,38.00,2.00,4470.00,2886.00,0.00,783931.65
3.26,0.00,0.00,0.00,38.00,2.00,4462.00,2894.00,0.00,782703.17
3.26,0.00,0.00,0.00,38.00,2.00,4453.00,2903.00,0.00,781446.46
3.27,0.00,0.00,0.00,38.00,2.00,4445.00,2911.00,0.00,780178.99
3.28,0.00,0.00,0.00,38.00,2.00,4439.00,2917.00,0.00,778931.75
3.28,0.00,0.00,0.00,38.00,2.00,4429.00,2927.00,0.00,777642.88
3.29,0.00,0.00,0.00,38.00,2.00,4419.00,2937.00,0.00,776316.01
3.30,0.00,0.00,0.00,38.00,2.00,4416.00,2940.00,0.00,775059.61
3.31,0.00,0.00,0.00,38.00,2.00,4407.00,2949.00,0.00,773777.41
3.31,0.00,0.00,0.00,38.00,2.00,4401.00,2955.00,0.00,772516.71
3.32,0.00,0.00,0.00,38.00,2.00,4393.00,2963.00,0.00,771245.61
3.33,0.00,0.00,0.00,38.00,2.00,4388.00,2968.00,0.00,770010.07
3.33,0.00,0.00,0.00,38.00,2.00,4381.00,2975.00,0.00,768776.96
3.34,0.00,0.00,0.00,38.00,2.00,4370.00,2986.00,0.00,767485.96
3.35,0.00,0.00,0.00,38.00,2.00,4361.00,2995.00,0.00,766172.18
3.35,0.00,0.00,0.00,38.00,2.00,4353.00,3003.00,0.00,764852.61
3.36,0.00,0.00,0.00,38.00,2.00,4344.00,3012.00,0.00,763512.73
3.37,0.00,0.00,0.00,38.00,2.00,4333.00,3023.00,0.00,762124.27
3.38,0.00,0.00,0.00,38.00,2.00,4328.00,3028.00,0.00,760781.59
3.38,0.00,0.00,0.00,38.00,2.00,4324.00,3032.00,0.00,759495.74
3.39,0.00,0.00,0.00,38.00,2.00,4319.00,3037.00,0.00,758246.74
3.40,0.00,0.00,0.00,38.00,1.00,4308.00,3049.00,0.00,756941.24
3.40,0.00,0.00,0.00,38.00,1.00,4302.00,3055.00,0.00,755659.28
3.41,0.00,0.00,0.00,38.00,1.00,4293.00,3064.00,0.00,754353.74
3.42,0.00,0.00,0.00,38.00,1.00,4287.00,3070.00,0.00,753071.75
3.42,0.00,0.00,0.00,38.00,1.00,4281.00,3076.00,0.00,751811.24
3.43,0.00,0.00,0.00,38.00,0.00,4273.00,3085.00,0.00,750540.32
3.44,0.00,0.00,0.00,38.00,0.00,4263.00,3095.00,0.00,749229.82
3.44,0.00,0.00,0.00,38.00,0.00,4254.00,3104.00,0.00,747898.23
3.45,0.00,0.00,0.00,38.00,0.00,4247.00,3111.00,0.00,746577.43
3.46,0.00,0.00,0.00,38.00,0.00,4238.00,3120.00,0.00,745236.43
3.47,0.00,0.00,0.00,38.00,0.00,4229.00,3129.00,0.00,743876.99
3.47,0.00,0.00,0.00,38.00,0.00,4226.00,3132.00,0.00,742590.86
3.48,0.00,0.00,0.00,38.00,0.00,4221.00,3137.00,0.00,741341.60
3.49,0.00,0.00,0.00,38.00,0.00,4210.00,3148.00,0.00,740035.87
3.49,0.00,0.00,0.00,38.00,0.00,4202.00,3156.00,0.00,738723.65
3.50,0.00,0.00,0.00,38.00,0.00,4198.00,3160.00,0.00,737465.60
3.51,0.00,0.00,0.00,38.00,0.00,4189.00,3169.00,0.00,736181.89
3.51,0.00,0.00,0.00,38.00,0.00,4183.00,3175.00,0.00,734919.82
3.52,0.00,0.00,0.00,38.00,0.00,4181.00,3177.00,0.00,733737.60
3.53,0.00,0.00,0.00,38.00,0.00,4173.00,3185.00,0.00,732538.14
3.53,0.00,0.00,0.00,38.00,0.00,4163.00,3195.00,0.00,731292.89
3.54,0.00,0.00,0.00,38.00,0.00,4151.00,3207.00,0.00,729975.80
3.55,0.00,0.00,0.00,38.00,0.00,4139.00,3219.00,0.00,728593.11
3.56,0.00,0.00,0.00,38.00,0.00,4133.00,3225.00,0.00,727240.69
3.56,0.00,0.00,0.00,38.00,0.00,4124.00,3234.00,0.00,725870.82
3.57,0.00,0.00,0.00,38.00,0.00,4119.00,3239.00,0.00,724545.12
3.58,0.00,0.00,0.00,38.00,0.00,4107.00,3251.00,0.00,723154.58
3.58,0.00,0.00,0.00,38.00,0.00,4101.00,3257.00,0.00,721794.98
3.59,0.00,0.00,0.00,38.00,0.00,4092.00,3266.00,0.00,720418.56
3.60,0.00,0.00,0.00,38.00,0.00,4086.00,3272.00,0.00,719071.86
3.60,0.00,0.00,0.00,38.00,0.00,4079.00,3279.00,0.00,717737.26
3.61,0.00,0.00,0.00,38.00,0.00,4072.00,3286.00,0.00,716413.71
3.62,0.00,0.00,0.00,38.00,0.00,4057.00,3301.00,0.00,714980.06
3.62,0.00,0.00,0.00,38.00,0.00,4049.00,3309.00,0.00,713551.06
3.63,0.00,0.00,0.00,38.00,0.00,4040.00,3318.00,0.00,712111.29
3.64,0.00,0.00,0.00,38.00,0.00,4034.00,3324.00,0.00,710706.75
3.65,0.00,0.00,0.00,38.00,0.00,4028.00,3330.00,0.00,709334.37
3.65,0.00,0.00,0.00,38.00,0.00,4026.00,3332.00,0.00,708051.44
3.66,0.00,0.00,0.00,38.00,0.00,4021.00,3337.00,0.00,706805.12
3.67,0.00,0.00,0.00,38.00,0.00,4007.00,3351.00,0.00,705456.99
3.67,0.00,0.00,0.00,38.00,0.00,4002.00,3356.00,0.00,704151.14
3.68,0.00,0.00,0.00,38.00,0.00,3992.00,3366.00,0.00,702808.76
3.69,0.00,0.00,0.00,38.00,0.00,3983.00,3375.00,0.00,701448.07
3.69,0.00,0.00,0.00,38.00,0.00,3976.00,3382.00,0.00,700100.70
3.70,0.00,0.00,0.00,38.00,0.00,3963.00,3395.00,0.00,698675.35
3.71,0.00,0.00,0.00,38.00,0.00,3954.00,3404.00,0.00,697238.90
3.72,0.00,0.00,0.00,38.00,0.00,3944.00,3414.00,0.00,695777.31
3.72,0.00,0.00,0.00,38.00,0.00,3941.00,3417.00,0.00,694397.91
3.73,0.00,0.00,0.00,38.00,0.00,3934.00,3424.00,0.00,693033.47
3.74,0.00,0.00,0.00,38.00,0.00,3928.00,3430.00,0.00,691697.70
3.74,0.00,0.00,0.00,38.00,0.00,3921.00,3437.00,0.00,690373.08
3.75,0.00,0.00,0.00,38.00,0.00,3916.00,3442.00,0.00,689088.68
3.76,0.00,0.00,0.00,38.00,0.00,3911.00,3447.00,0.00,687841.01
3.76,0.00,0.00,0.00,38.00,0.00,3904.00,3454.00,0.00,686596.82
3.77,0.00,0.00,0.00,38.00,0.00,3896.00,3462.00,0.00,685340.79
3.78,0.00,0.00,0.00,38.00,0.00,3890.00,3468.00,0.00,684103.99
3.78,0.00,0.00,0.00,38.00,0.00,3881.00,3477.00,0.00,682839.67
3.79,0.00,0.00,0.00,38.00,0.00,3876.00,3482.00,0.00,681610.33
3.80,0.00,0.00,0.00,38.00,0.00,3871.00,3487.00,0.00,680412.92
3.81,0.00,0.00,0.00,38.00,0.00,3867.00,3491.00,0.00,679259.69
3.81,0.00,0.00,0.00,38.00,0.00,3861.00,3497.00,0.00,678116.73
3.82,0.00,0.00,0.00,38.00,0.00,3853.00,3505.00,0.00,676953.11
3.83,0.00,0.00,0.00,38.00,0.00,3843.00,3515.00,0.00,675740.59
3.83,0.00,0.00,0.00,38.00,0.00,3837.00,3521.00,0.00,674543.51
3.84,0.00,0.00,0.00,38.00,0.00,3825.00,3533.00,0.00,673270.39
3.85,0.00,0.00,0.00,38.00,0.00,3821.00,3537.00,0.00,672048.03
3.85,0.00,0.00,0.00,38.00,0.00,3817.00,3541.00,0.00,670872.02
3.86,0.00,0.00,0.00,38.00,0.00,3806.00,3552.00,0.00,669633.16
3.87,0.00,0.00,0.00,38.00,0.00,3800.00,3558.00,0.00,668412.03
3.88,0.00,0.00,0.00,38.00,0.00,3793.00,3565.00,0.00,667192.07
3.88,0.00,0.00,0.00,38.00,0.00,3789.00,3569.00,0.00,666018.25
3.89,0.00,0.00,0.00,38.00,0.00,3780.00,3578.00,0.00,664811.43
3.90,0.00,0.00,0.00,38.00,0.00,3772.00,3586.00,0.00,663589.52
3.90,0.00,0.00,0.00,38.00,0.00,3765.00,3593.00,0.00,662368.84
3.91,0.00,0.00,0.00,38.00,0.00,3758.00,3600.00,0.00,661149.29
3.92,0.00,0.00,0.00,38.00,0.00,3751.00,3607.00,0.00,659930.77
3.92,0.00,0.00,0.00,38.00,0.00,3741.00,3617.00,0.00,658668.12
3.93,0.00,0.00,0.00,38.00,0.00,3731.00,3627.00,0.00,657365.19
3.94,0.00,0.00,0.00,38.00,0.00,3725.00,3633.00,0.00,656085.58
3.94,0.00,0.00,0.00,38.00,0.00,3721.00,3637.00,0.00,654857.29
3.95,0.00,0.00,0.00,38.00,0.00,3719.00,3639.00,0.00,653705.92
3.96,0.00,0.00,0.00,38.00,0.00,3715.00,3643.00,0.00,652594.71
3.97,0.00,0.00,0.00,38.00,0.00,3704.00,3654.00,0.00,651415.00
3.97,0.00,0.00,0.00,38.00,0.00,3698.00,3660.00,0.00,650247.88
3.98,0.00,0.00,0.00,38.00,0.00,3688.00,3670.00,0.00,649032.16
3.99,0.00,0.00,0.00,38.00,0.00,3680.00,3678.00,0.00,647802.11
3.99,0.00,0.00,0.00,38.00,0.00,3669.00,3689.00,0.00,646513.92
4.00,0.00,0.00,0.00,38.00,0.00,3665.00,3693.00,0.00,645277.80
4.01,0.00,0.00,0.00,38.00,0.00,3657.00,3701.00,0.00,644029.13
4.01,0.00,0.00,0.00,38.00,0.00,3650.00,3708.00,0.00,642784.04
4.02,0.00,0.00,0.00,38.00,0.00,3643.00,3715.00,0.00,641542.20
4.03,0.00,0.00,0.00,38.00,0.00,3638.00,3720.00,0.00,640333.37
4.03,0.00,0.00,0.00,38.00,0.00,3633.00,3725.00,0.00,639154.69
4.04,0.00,0.00,0.00,38.00,0.00,3622.00,3736.00,0.00,637913.39
4.05,0.00,0.00,0.00,38.00,0.00,3616.00,3742.00,0.00,636690.04
4.06,0.00,0.00,0.00,38.00,0.00,3606.00,3752.00,0.00,635422.99
4.06,0.00,0.00,0.00,38.00,0.00,3598.00,3760.00,0.00,634146.08
4.07,0.00,0.00,0.00,38.00,0.00,3590.00,3768.00,0.00,632860.17
4.08,0.00,0.00,0.00,38.00,0.00,3583.00,3775.00,0.00,631581.07
4.08,0.00,0.00,0.00,38.00,0.00,3576.00,3782.00,0.00,630308.19
4.09,0.00,0.00,0.00,38.00,0.00,3570.00,3788.00,0.00,629056.01
4.10,0.00,0.00,0.00,38.00,0.00,3562.00,3796.00,0.00,627792.67
4.10,0.00,0.00,0.00,38.00,0.00,3554.00,3804.00,0.00,626519.16
4.11,0.00,0.00,0.00,38.00,0.00,3547.00,3811.00,0.00,625251.38
4.12,0.00,0.00,0.00,38.00,0.00,3534.00,3824.00,0.00,623898.69
4.12,0.00,0.00,0.00,38.00,0.00,3524.00,3834.00,0.00,622513.56
4.13,0.00,0.00,0.00,38.00,0.00,3512.00,3846.00,0.00,621068.76
4.14,0.00,0.00,0.00,38.00,0.00,3504.00,3854.00,0.00,619629.59
4.15,0.00,0.00,0.00,38.00,0.00,3498.00,3860.00,0.00,618225.59
4.15,0.00,0.00,0.00,38.00,0.00,3486.00,3872.00,0.00,616763.57
4.16,0.00,0.00,0.00,38.00,0.00,3480.00,3878.00,0.00,615338.72
4.17,0.00,0.00,0.00,38.00,0.00,3474.00,3884.00,0.00,613947.80
4.17,0.00,0.00,0.00,38.00,0.00,3464.00,3894.00,0.00,612527.76
4.18,0.00,0.00,0.00,38.00,0.00,3456.00,3902.00,0.00,611111.19
4.19,0.00,0.00,0.00,38.00,0.00,3449.00,3909.00,0.00,609712.81
4.19,0.00,0.00,0.00,38.00,0.00,3441.00,3917.00,0.00,608316.01
4.20,0.00,0.00,0.00,38.00,0.00,3435.00,3923.00,0.00,606950.69
4.21,0.00,0.00,0.00,38.00,0.00,3428.00,3930.00,0.00,605599.11
4.22,0.00,0.00,0.00,38.00,0.00,3416.00,3942.00,0.00,604184.93
4.22,0.00,0.00,0.00,38.00,0.00,3411.00,3947.00,0.00,602818.78
4.23,0.00,0.00,0.00,38.00,0.00,3401.00,3957.00,0.00,601421.36
4.24,0.00,0.00,0.00,38.00,0.00,3395.00,3963.00,0.00,600055.48
4.24,0.00,0.00,0.00,38.00,0.00,3382.00,3976.00,0.00,598613.24
4.25,0.00,0.00,0.00,38.00,0.00,3378.00,3980.00,0.00,597236.48
4.26,0.00,0.00,0.00,38.00,0.00,3370.00,3988.00,0.00,595859.43
4.26,0.00,0.00,0.00,38.00,0.00,3361.00,3997.00,0.00,594467.08
4.27,0.00,0.00,0.00,38.00,0.00,3352.00,4006.00,0.00,593060.76
4.28,0.00,0.00,0.00,38.00,0.00,3341.00,4017.00,0.00,591611.64
4.28,0.00,0.00,0.00,38.00,0.00,3335.00,4023.00,0.00,590198.56
4.29,0.00,0.00,0.00,38.00,0.00,3323.00,4035.00,0.00,588728.25
4.30,0.00,0.00,0.00,38.00,0.00,3314.00,4044.00,0.00,587250.77
4.31,0.00,0.00,0.00,38.00,0.00,3310.00,4048.00,0.00,585841.84
4.31,0.00,0.00,0.00,38.00,0.00,3303.00,4055.00,0.00,584450.44
4.32,0.00,0.00,0.00,38.00,0.00,3289.00,4069.00,0.00,582969.87
4.33,0.00,0.00,0.00,38.00,0.00,3279.00,4079.00,0.00,581467.99
4.33,0.00,0.00,0.00,38.00,0.00,3272.00,4086.00,0.00,579991.73
4.34,0.00,0.00,0.00,38.00,0.00,3263.00,4095.00,0.00,578508.80
4.35,0.00,0.00,0.00,38.00,0.00,3254.00,4104.00,0.00,577019.80
4.35,0.00,0.00,0.00,38.00,0.00,3245.00,4113.00,0.00,575525.24
4.36,0.00,0.00,0.00,38.00,0.00,3241.00,4117.00,0.00,574100.73
4.37,0.00,0.00,0.00,38.00,0.00,3233.00,4125.00,0.00,572680.08
4.38,0.00,0.00,0.00,38.00,0.00,3231.00,4127.00,0.00,571353.09
4.38,0.00,0.00,0.00,38.00,0.00,3221.00,4137.00,0.00,569991.41
4.39,0.00,0.00,0.00,38.00,0.00,3216.00,4142.00,0.00,568673.19
4.40,0.00,0.00,0.00,38.00,0.00,3209.00,4149.00,0.00,567364.59
4.40,0.00,0.00,0.00,38.00,0.00,3200.00,4158.00,0.00,566034.73
4.41,0.00,0.00,0.00,38.00,0.00,3194.00,4164.00,0.00,564730.53
4.42,0.00,0.00,0.00,38.00,0.00,3184.00,4174.00,0.00,563389.67
4.42,0.00,0.00,0.00,38.00,0.00,3179.00,4179.00,0.00,562090.44
4.43,0.00,0.00,0.00,38.00,0.00,3173.00,4185.00,0.00,560814.21
4.44,0.00,0.00,0.00,38.00,0.00,3163.00,4195.00,0.00,559498.88
4.44,0.00,0.00,0.00,38.00,0.00,3159.00,4199.00,0.00,558237.98
4.45,0.00,0.00,0.00,38.00,0.00,3152.00,4206.00,0.00,556981.72
4.46,0.00,0.00,0.00,38.00,0.00,3145.00,4213.00,0.00,555729.69
4.47,0.00,0.00,0.00,38.00,0.00,3141.00,4217.00,0.00,554526.59
4.47,0.00,0.00,0.00,38.00,0.00,3136.00,4222.00,0.00,553353.13
4.48,0.00,0.00,0.00,38.00,0.00,3129.00,4229.00,0.00,552176.69
4.49,0.00,0.00,0.00,38.00,0.00,3121.00,4237.00,0.00,550982.51
4.49,0.00,0.00,0.00,38.00,0.00,3116.00,4242.00,0.00,549817.19
4.50,0.00,0.00,0.00,38.00,0.00,3114.00,4244.00,0.00,548723.30
4.51,0.00,0.00,0.00,38.00,0.00,3109.00,4249.00,0.00,547649.55
4.51,0.00,0.00,0.00,38.00,0.00,3102.00,4256.00,0.00,546564.13
4.52,0.00,0.00,0.00,38.00,0.00,3090.00,4268.00,0.00,545392.95
4.53,0.00,0.00,0.00,38.00,0.00,3079.00,4279.00,0.00,544158.50
4.53,0.00,0.00,0.00,38.00,0.00,3075.00,4283.00,0.00,542971.44
4.54,0.00,0.00,0.00,38.00,0.00,3068.00,4290.00,0.00,541782.59
4.55,0.00,0.00,0.00,38.00,0.00,3062.00,4296.00,0.00,540607.12
4.56,0.00,0.00,0.00,38.00,0.00,3052.00,4306.00,0.00,539383.77
4.56,0.00,0.00,0.00,38.00,0.00,3045.00,4313.00,0.00,538161.79
4.57,0.00,0.00,0.00,38.00,0.00,3033.00,4325.00,0.00,536865.93
4.58,0.00,0.00,0.00,38.00,0.00,3029.00,4329.00,0.00,535622.82
4.58,0.00,0.00,0.00,38.00,0.00,3024.00,4334.00,0.00,534412.84
4.59,0.00,0.00,0.00,38.00,0.00,3016.00,4342.00,0.00,533188.03
4.60,0.00,0.00,0.00,38.00,0.00,3010.00,4348.00,0.00,531979.74
4.60,0.00,0.00,0.00,38.00,0.00,3004.00,4354.00,0.00,530786.52
4.61,0.00,0.00,0.00,38.00,0.00,2997.00,4361.00,0.00,529592.04
4.62,0.00,0.00,0.00,38.00,0.00,2989.00,4369.00,0.00,528381.38
4.62,0.00,0.00,0.00,38.00,0.00,2981.00,4377.00,0.00,527155.96
4.63,0.00,0.00,0.00,38.00,0.00,2970.00,4388.00,0.00,525871.99
4.64,0.00,0.00,0.00,38.00,0.00,2958.00,4400.00,0.00,524519.55
4.65,0.00,0.00,0.00,38.00,0.00,2951.00,4407.00,0.00,523179.71
4.65,0.00,0.00,0.00,38.00,0.00,2943.00,4415.00,0.00,521836.35
4.66,0.00,0.00,0.00,38.00,0.00,2937.00,4421.00,0.00,520519.83
4.67,0.00,0.00,0.00,38.00,0.00,2932.00,4426.00,0.00,519242.83
4.67,0.00,0.00,0.00,38.00,0.00,2927.00,4431.00,0.00,518001.91
4.68,0.00,0.00,0.00,38.00,0.00,2921.00,4437.00,0.00,516778.90
4.69,0.00,0.00,0.00,38.00,0.00,2910.00,4448.00,0.00,515497.14
4.69,0.00,0.00,0.00,38.00,0.00,2907.00,4451.00,0.00,514281.92
4.70,0.00,0.00,0.00,38.00,0.00,2896.00,4462.00,0.00,513007.26
4.71,0.00,0.00,0.00,38.00,0.00,2886.00,4472.00,0.00,511693.36
4.72,0.00,0.00,0.00,38.00,0.00,2877.00,4481.00,0.00,510358.66
4.72,0.00,0.00,0.00,38.00,0.00,2869.00,4489.00,0.00,509020.00
4.73,0.00,0.00,0.00,38.00,0.00,2860.00,4498.00,0.00,507662.69
4.74,0.00,0.00,0.00,38.00,0.00,2857.00,4501.00,0.00,506378.50
4.74,0.00,0.00,0.00,38.00,0.00,2852.00,4506.00,0.00,505131.03
4.75,0.00,0.00,0.00,38.00,0.00,2844.00,4514.00,0.00,503871.99
4.76,0.00,0.00,0.00,38.00,0.00,2838.00,4520.00,0.00,502632.44
4.76,0.00,0.00,0.00,38.00,0.00,2831.00,4527.00,0.00,501395.67
4.77,0.00,0.00,0.00,38.00,0.00,2823.00,4535.00,0.00,500146.40
4.78,0.00,0.00,0.00,38.00,0.00,2817.00,4541.00,0.00,498915.78
4.78,0.00,0.00,0.00,38.00,0.00,2809.00,4549.00,0.00,497672.13
4.79,0.00,0.00,0.00,38.00,0.00,2797.00,4561.00,0.00,496356.50
4.80,0.00,0.00,0.00,38.00,0.00,2788.00,4570.00,0.00,495020.21
4.81,0.00,0.00,0.00,38.00,0.00,2781.00,4577.00,0.00,493695.13
4.81,0.00,0.00,0.00,38.00,0.00,2774.00,4584.00,0.00,492380.26
4.82,0.00,0.00,0.00,38.00,0.00,2763.00,4595.00,0.00,491014.64
4.83,0.00,0.00,0.00,38.00,0.00,2757.00,4601.00,0.00,489677.78
4.83,0.00,0.00,0.00,38.00,0.00,2747.00,4611.00,0.00,488307.11
4.84,0.00,0.00,0.00,38.00,0.00,2742.00,4616.00,0.00,486980.67
4.85,0.00,0.00,0.00,38.00,0.00,2734.00,4624.00,0.00,485649.55
4.85,0.00,0.00,0.00,38.00,0.00,2730.00,4628.00,0.00,484374.24
4.86,0.00,0.00,0.00,38.00,0.00,2722.00,4636.00,0.00,483089.80
4.87,0.00,0.00,0.00,38.00,0.00,2710.00,4648.00,0.00,481736.92
4.88,0.00,0.00,0.00,38.00,0.00,2705.00,4653.00,0.00,480426.74
4.88,0.00,0.00,0.00,38.00,0.00,2701.00,4657.00,0.00,479170.54
4.89,0.00,0.00,0.00,38.00,0.00,2696.00,4662.00,0.00,477948.62
4.90,0.00,0.00,0.00,38.00,0.00,2690.00,4668.00,0.00,476742.95
4.90,0.00,0.00,0.00,38.00,0.00,2681.00,4677.00,0.00,475507.07
4.91,0.00,0.00,0.00,38.00,0.00,2670.00,4688.00,0.00,474213.54
4.92,0.00,0.00,0.00,38.00,0.00,2657.00,4701.00,0.00,472837.35
4.92,0.00,0.00,0.00,38.00,0.00,2652.00,4706.00,0.00,471505.88
4.93,0.00,0.00,0.00,38.00,0.00,2642.00,4716.00,0.00,470140.11
4.94,0.00,0.00,0.00,38.00,0.00,2633.00,4725.00,0.00,468758.06
4.94,0.00,0.00,0.00,38.00,0.00,2625.00,4733.00,0.00,467376.17
4.95,0.00,0.00,0.00,38.00,0.00,2616.00,4742.00,0.00,465979.40
4.96,0.00,0.00,0.00,38.00,0.00,2609.00,4749.00,0.00,464599.10
4.97,0.00,0.00,0.00,38.00,0.00,2605.00,4753.00,0.00,463278.89
4.97,0.00,0.00,0.00,38.00,0.00,2602.00,4756.00,0.00,462028.57
4.98,0.00,0.00,0.00,38.00,0.00,2596.00,4762.00,0.00,460796.99
4.99,0.00,0.00,0.00,38.00,0.00,2587.00,4771.00,0.00,459537.44
4.99,0.00,0.00,0.00,38.00,0.00,2579.00,4779.00,0.00,458267.38
5.00,0.00,0.00,0.00,38.00,0.00,2573.00,4785.00,0.00,457017.78
5.01,0.00,0.00,0.00,38.00,0.00,2567.00,4791.00,0.00,455786.84
5.01,0.00,0.00,0.00,38.00,0.00,2560.00,4798.00,0.00,454557.93
5.02,0.00,0.00,0.00,38.00,0.00,2551.00,4807.00,0.00,453300.82
5.03,0.00,0.00,0.00,38.00,0.00,2543.00,4815.00,0.00,452032.99
5.03,0.00,0.00,0.00,38.00,0.00,2532.00,4826.00,0.00,450710.30
5.04,0.00,0.00,0.00,38.00,0.00,2514.00,4844.00,0.00,449232.37
5.05,0.00,0.00,0.00,38.00,0.00,2507.00,4851.00,0.00,447777.97
5.06,0.00,0.00,0.00,38.00,0.00,2501.00,4857.00,0.00,446360.08
5.06,0.00,0.00,0.00,38.00,0.00,2496.00,4862.00,0.00,444990.53
5.07,0.00,0.00,0.00,38.00,0.00,2485.00,4873.00,0.00,443574.99
5.08,0.00,0.00,0.00,38.00,0.00,2477.00,4881.00,0.00,442162.52
5.08,0.00,0.00,0.00,38.00,0.00,2466.00,4892.00,0.00,440707.79
5.09,0.00,0.00,0.00,38.00,0.00,2457.00,4901.00,0.00,439244.52
5.10,0.00,0.00,0.00,38.00,0.00,2447.00,4911.00,0.00,437758.43
5.10,0.00,0.00,0.00,38.00,0.00,2440.00,4918.00,0.00,436296.59
5.11,0.00,0.00,0.00,38.00,0.00,2432.00,4926.00,0.00,434841.85
5.12,0.00,0.00,0.00,38.00,0.00,2427.00,4931.00,0.00,433438.67
5.12,0.00,0.00,0.00,38.00,0.00,2417.00,4941.00,0.00,432007.45
5.13,0.00,0.00,0.00,38.00,0.00,2408.00,4950.00,0.00,430565.64
5.14,0.00,0.00,0.00,38.00,0.00,2400.00,4958.00,0.00,429129.19
5.15,0.00,0.00,0.00,38.00,0.00,2392.00,4966.00,0.00,427697.63
5.15,0.00,0.00,0.00,38.00,0.00,2385.00,4973.00,0.00,426285.57
5.16,0.00,0.00,0.00,38.00,0.00,2380.00,4978.00,0.00,424921.35
5.17,0.00,0.00,0.00,38.00,0.00,2376.00,4982.00,0.00,423615.83
5.17,0.00,0.00,0.00,38.00,0.00,2369.00,4989.00,0.00,422318.83
5.18,0.00,0.00,0.00,38.00,0.00,2363.00,4995.00,0.00,421044.62
5.19,0.00,0.00,0.00,38.00,0.00,2359.00,4999.00,0.00,419821.28
5.19,0.00,0.00,0.00,38.00,0.00,2350.00,5008.00,0.00,418569.25
5.20,0.00,0.00,0.00,38.00,0.00,2345.00,5013.00,0.00,417351.13
5.21,0.00,0.00,0.00,38.00,0.00,2339.00,5019.00,0.00,416148.94
5.22,0.00,0.00,0.00,38.00,0.00,2334.00,5024.00,0.00,414976.31
5.22,0.00,0.00,0.00,38.00,0.00,2328.00,5030.00,0.00,413815.66
5.23,0.00,0.00,0.00,38.00,0.00,2323.00,5035.00,0.00,412680.95
5.24,0.00,0.00,0.00,38.00,0.00,2317.00,5041.00,0.00,411554.91
5.24,0.00,0.00,0.00,38.00,0.00,2311.00,5047.00,0.00,410436.78
5.25,0.00,0.00,0.00,38.00,0.00,2304.00,5054.00,0.00,409310.86
5.26,0.00,0.00,0.00,38.00,0.00,2298.00,5060.00,0.00,408192.83
5.26,0.00,0.00,0.00,38.00,0.00,2293.00,5065.00,0.00,407097.04
5.27,0.00,0.00,0.00,38.00,0.00,2286.00,5072.00,0.00,405991.51
5.28,0.00,0.00,0.00,38.00,0.00,2273.00,5085.00,0.00,404786.94
5.28,0.00,0.00,0.00,38.00,0.00,2267.00,5091.00,0.00,403597.13
5.29,0.00,0.00,0.00,38.00,0.00,2260.00,5098.00,0.00,402405.75
5.30,0.00,0.00,0.00,38.00,0.00,2252.00,5106.00,0.00,401197.93
5.31,0.00,0.00,0.00,38.00,0.00,2244.00,5114.00,0.00,399975.10
5.31,0.00,0.00,0.00,38.00,0.00,2235.00,5123.00,0.00,398723.54
5.32,0.00,0.00,0.00,38.00,0.00,2229.00,5129.00,0.00,397490.82
5.33,0.00,0.00,0.00,38.00,0.00,2222.00,5136.00,0.00,396260.28
5.33,0.00,0.00,0.00,38.00,0.00,2216.00,5142.00,0.00,395046.75
5.34,0.00,0.00,0.00,38.00,0.00,2210.00,5148.00,0.00,393848.75
5.35,0.00,0.00,0.00,38.00,0.00,2199.00,5159.00,0.00,392589.82
5.35,0.00,0.00,0.00,38.00,0.00,2193.00,5165.00,0.00,391350.37
5.36,0.00,0.00,0.00,38.00,0.00,2185.00,5173.00,0.00,390098.66
5.37,0.00,0.00,0.00,38.00,0.00,2178.00,5180.00,0.00,388850.78
5.38,0.00,0.00,0.00,38.00,0.00,2175.00,5183.00,0.00,387666.49
5.38,0.00,0.00,0.00,38.00,0.00,2166.00,5192.00,0.00,386450.12
5.39,0.00,0.00,0.00,38.00,0.00,2160.00,5198.00,0.00,385249.53
5.40,0.00,0.00,0.00,38.00,0.00,2154.00,5204.00,0.00,384063.34
5.40,0.00,0.00,0.00,38.00,0.00,2151.00,5207.00,0.00,382935.37
5.41,0.00,0.00,0.00,38.00,0.00,2148.00,5210.00,0.00,381860.55
5.42,0.00,0.00,0.00,38.00,0.00,2139.00,5219.00,0.00,380744.11
5.42,0.00,0.00,0.00,38.00,0.00,2131.00,5227.00,0.00,379604.70
5.43,0.00,0.00,0.00,38.00,0.00,2119.00,5239.00,0.00,378384.23
5.44,0.00,0.00,0.00,38.00,0.00,2113.00,5245.00,0.00,377179.89
5.44,0.00,0.00,0.00,38.00,0.00,2107.00,5251.00,0.00,375990.29
5.45,0.00,0.00,0.00,38.00,0.00,2099.00,5259.00,0.00,374784.09
5.46,0.00,0.00,0.00,38.00,0.00,2090.00,5268.00,0.00,373547.71
5.47,0.00,0.00,0.00,38.00,0.00,2079.00,5279.00,0.00,372253.73
5.47,0.00,0.00,0.00,38.00,0.00,2073.00,5285.00,0.00,370982.29
5.48,0.00,0.00,0.00,38.00,0.00,2068.00,5290.00,0.00,369746.44
5.49,0.00,0.00,0.00,38.00,0.00,2060.00,5298.00,0.00,368498.03
5.49,0.00,0.00,0.00,38.00,0.00,2053.00,5305.00,0.00,367253.16
5.50,0.00,0.00,0.00,38.00,0.00,2045.00,5313.00,0.00,365996.50
5.51,0.00,0.00,0.00,38.00,0.00,2036.00,5322.00,0.00,364714.06
5.51,0.00,0.00,0.00,38.00,0.00,2030.00,5328.00,0.00,363453.15
5.52,0.00,0.00,0.00,38.00,0.00,2024.00,5334.00,0.00,362211.89
5.53,0.00,0.00,0.00,38.00,0.00,2019.00,5339.00,0.00,361003.61
5.53,0.00,0.00,0.00,38.00,0.00,2009.00,5349.00,0.00,359750.30
5.54,0.00,0.00,0.00,38.00,0.00,2007.00,5351.00,0.00,358576.09
5.55,0.00,0.00,0.00,38.00,0.00,2002.00,5356.00,0.00,357429.00
5.56,0.00,0.00,0.00,38.00,0.00,1998.00,5360.00,0.00,356321.70
5.56,0.00,0.00,0.00,38.00,0.00,1989.00,5369.00,0.00,355175.62
5.57,0.00,0.00,0.00,38.00,0.00,1979.00,5379.00,0.00,353979.10
5.58,0.00,0.00,0.00,38.00,0.00,1976.00,5382.00,0.00,352841.70
5.58,0.00,0.00,0.00,38.00,0.00,1964.00,5394.00,0.00,351623.06
5.59,0.00,0.00,0.00,38.00,0.00,1955.00,5403.00,0.00,350375.33
5.60,0.00,0.00,0.00,38.00,0.00,1949.00,5409.00,0.00,349146.10
5.60,0.00,0.00,0.00,38.00,0.00,1939.00,5419.00,0.00,347873.68
5.61,0.00,0.00,0.00,38.00,0.00,1930.00,5428.00,0.00,346576.85
5.62,0.00,0.00,0.00,38.00,0.00,1922.00,5436.00,0.00,345272.76
5.62,0.00,0.00,0.00,38.00,0.00,1916.00,5442.00,0.00,343992.09
5.63,0.00,0.00,0.00,38.00,0.00,1909.00,5449.00,0.00,342717.77
5.64,0.00,0.00,0.00,38.00,0.00,1904.00,5454.00,0.00,341479.29
5.65,0.00,0.00,0.00,38.00,0.00,1898.00,5460.00,0.00,340258.52
5.65,0.00,0.00,0.00,38.00,0.00,1886.00,5472.00,0.00,338963.77
5.66,0.00,0.00,0.00,38.00,0.00,1875.00,5483.00,0.00,337616.51
5.67,0.00,0.00,0.00,38.00,0.00,1865.00,5493.00,0.00,336236.33
5.67,0.00,0.00,0.00,38.00,0.00,1856.00,5502.00,0.00,334841.12
5.68,0.00,0.00,0.00,38.00,0.00,1851.00,5507.00,0.00,333492.29
5.69,0.00,0.00,0.00,38.00,0.00,1839.00,5519.00,0.00,332080.63
5.69,0.00,0.00,0.00,38.00,0.00,1834.00,5524.00,0.00,330716.78
5.70,0.00,0.00,0.00,38.00,0.00,1824.00,5534.00,0.00,329321.45
5.71,0.00,0.00,0.00,38.00,0.00,1818.00,5540.00,0.00,327957.49
5.72,0.00,0.00,0.00,38.00,0.00,1812.00,5546.00,0.00,326622.15
5.72,0.00,0.00,0.00,38.00,0.00,1810.00,5548.00,0.00,325373.05
5.73,0.00,0.00,0.00,38.00,0.00,1807.00,5551.00,0.00,324187.64
5.74,0.00,0.00,0.00,38.00,0.00,1803.00,5555.00,0.00,323045.36
5.74,0.00,0.00,0.00,38.00,0.00,1794.00,5564.00,0.00,321867.34
5.75,0.00,0.00,0.00,38.00,0.00,1790.00,5568.00,0.00,320731.80
5.76,0.00,0.00,0.00,38.00,0.00,1784.00,5574.00,0.00,319605.00
5.76,0.00,0.00,0.00,38.00,0.00,1777.00,5581.00,0.00,318471.16
5.77,0.00,0.00,0.00,38.00,0.00,1771.00,5587.00,0.00,317345.91
5.78,0.00,0.00,0.00,38.00,0.00,1764.00,5594.00,0.00,316213.48
5.78,0.00,0.00,0.00,38.00,0.00,1755.00,5603.00,0.00,315044.45
5.79,0.00,0.00,0.00,38.00,0.00,1750.00,5608.00,0.00,313902.09
5.80,0.00,0.00,0.00,38.00,0.00,1747.00,5611.00,0.00,312814.14
5.81,0.00,0.00,0.00,38.00,0.00,1742.00,5616.00,0.00,311745.81
5.81,0.00,0.00,0.00,38.00,0.00,1736.00,5622.00,0.00,310680.37
5.82,0.00,0.00,0.00,38.00,0.00,1729.00,5629.00,0.00,309602.54
5.83,0.00,0.00,0.00,38.00,0.00,1722.00,5636.00,0.00,308513.40
5.83,0.00,0.00,0.00,38.00,0.00,1713.00,5645.00,0.00,307383.89
5.84,0.00,0.00,0.00,38.00,0.00,1707.00,5651.00,0.00,306262.59
5.85,0.00,0.00,0.00,38.00,0.00,1703.00,5655.00,0.00,305178.84
5.85,0.00,0.00,0.00,38.00,0.00,1698.00,5660.00,0.00,304114.34
5.86,0.00,0.00,0.00,38.00,0.00,1685.00,5673.00,0.00,302947.24
5.87,0.00,0.00,0.00,38.00,0.00,1681.00,5677.00,0.00,301821.67
5.88,0.00,0.00,0.00,38.00,0.00,1672.00,5686.00,0.00,300658.90
5.88,0.00,0.00,0.00,38.00,0.00,1663.00,5695.00,0.00,299462.17
5.89,0.00,0.00,0.00,38.00,0.00,1655.00,5703.00,0.00,298249.46
5.90,0.00,0.00,0.00,38.00,0.00,1647.00,5711.00,0.00,297022.17
5.90,0.00,0.00,0.00,38.00,0.00,1638.00,5720.00,0.00,295766.54
5.91,0.00,0.00,0.00,38.00,0.00,1633.00,5725.00,0.00,294545.12
5.92,0.00,0.00,0.00,38.00,0.00,1624.00,5734.00,0.00,293294.85
5.92,0.00,0.00,0.00,38.00,0.00,1622.00,5736.00,0.00,292123.41
5.93,0.00,0.00,0.00,38.00,0.00,1616.00,5742.00,0.00,290963.83
5.94,0.00,0.00,0.00,38.00,0.00,1609.00,5749.00,0.00,289800.06
5.94,0.00,0.00,0.00,38.00,0.00,1604.00,5754.00,0.00,288662.52
5.95,0.00,0.00,0.00,38.00,0.00,1594.00,5764.00,0.00,287473.79
5.96,0.00,0.00,0.00,38.00,0.00,1585.00,5773.00,0.00,286253.36
5.97,0.00,0.00,0.00,38.00,0.00,1581.00,5777.00,0.00,285079.12
5.97,0.00,0.00,0.00,38.00,0.00,1576.00,5782.00,0.00,283932.00
5.98,0.00,0.00,0.00,38.00,0.00,1571.00,5787.00,0.00,282809.66
5.99,0.00,0.00,0.00,38.00,0.00,1563.00,5795.00,0.00,281664.86
5.99,0.00,0.00,0.00,38.00,0.00,1559.00,5799.00,0.00,280559.65
6.00,0.00,0.00,0.00,38.00,0.00,1550.00,5808.00,0.00,279415.47
6.01,0.00,0.00,0.00,38.00,0.00,1541.00,5817.00,0.00,278235.72
6.01,0.00,0.00,0.00,38.00,0.00,1534.00,5824.00,0.00,277053.53
6.02,0.00,0.00,0.00,38.00,0.00,1530.00,5828.00,0.00,275914.19
6.03,0.00,0.00,0.00,38.00,0.00,1524.00,5834.00,0.00,274783.92
6.03,0.00,0.00,0.00,38.00,0.00,1520.00,5838.00,0.00,273691.97
6.04,0.00,0.00,0.00,38.00,0.00,1515.00,5843.00,0.00,272619.99
6.05,0.00,0.00,0.00,38.00,0.00,1511.00,5847.00,0.00,271581.27
6.06,0.00,0.00,0.00,38.00,0.00,1506.00,5852.00,0.00,270557.87
6.06,0.00,0.00,0.00,38.00,0.00,1500.00,5858.00,0.00,269533.45
6.07,0.00,0.00,0.00,38.00,0.00,1494.00,5864.00,0.00,268508.10
6.08,0.00,0.00,0.00,38.00,0.00,1487.00,5871.00,0.00,267466.86
6.08,0.00,0.00,0.00,38.00,0.00,1481.00,5877.00,0.00,266426.16
6.09,0.00,0.00,0.00,38.00,0.00,1471.00,5887.00,0.00,265325.84
6.10,0.00,0.00,0.00,38.00,0.00,1461.00,5897.00,0.00,264171.10
6.10,0.00,0.00,0.00,38.00,0.00,1455.00,5903.00,0.00,263026.78
6.11,0.00,0.00,0.00,38.00,0.00,1447.00,5911.00,0.00,261861.91
6.12,0.00,0.00,0.00,38.00,0.00,1438.00,5920.00,0.00,260663.27
6.12,0.00,0.00,0.00,38.00,0.00,1428.00,5930.00,0.00,259418.77
6.13,0.00,0.00,0.00,38.00,0.00,1417.00,5941.00,0.00,258117.38
6.14,0.00,0.00,0.00,38.00,0.00,1414.00,5944.00,0.00,256884.24
6.15,0.00,0.00,0.00,38.00,0.00,1403.00,5955.00,0.00,255593.22
6.15,0.00,0.00,0.00,38.00,0.00,1394.00,5964.00,0.00,254279.41
6.16,0.00,0.00,0.00,38.00,0.00,1389.00,5969.00,0.00,253004.89
6.17,0.00,0.00,0.00,38.00,0.00,1379.00,5979.00,0.00,251691.12
6.17,0.00,0.00,0.00,38.00,0.00,1373.00,5985.00,0.00,250401.60
6.18,0.00,0.00,0.00,38.00,0.00,1365.00,5993.00,0.00,249104.19
6.19,0.00,0.00,0.00,38.00,0.00,1361.00,5997.00,0.00,247859.66
6.19,0.00,0.00,0.00,38.00,0.00,1353.00,6005.00,0.00,246603.31
6.20,0.00,0.00,0.00,38.00,0.00,1345.00,6013.00,0.00,245336.17
6.21,0.00,0.00,0.00,38.00,0.00,1336.00,6022.00,0.00,244044.17
6.22,0.00,0.00,0.00,38.00,0.00,1336.00,6022.00,0.00,242864.66
6.22,0.00,0.00,0.00,38.00,0.00,1327.00,6031.00,0.00,241652.66
6.23,0.00,0.00,0.00,38.00,0.00,1317.00,6041.00,0.00,240395.96
6.24,0.00,0.00,0.00,38.00,0.00,1311.00,6047.00,0.00,239158.55
6.24,0.00,0.00,0.00,38.00,0.00,1302.00,6056.00,0.00,237893.68
6.25,0.00,0.00,0.00,38.00,0.00,1297.00,6061.00,0.00,236663.83
6.26,0.00,0.00,0.00,38.00,0.00,1293.00,6065.00,0.00,235480.98
6.26,0.00,0.00,0.00,38.00,0.00,1287.00,6071.00,0.00,234310.99
6.27,0.00,0.00,0.00,38.00,0.00,1283.00,6075.00,0.00,233182.79
6.28,0.00,0.00,0.00,38.00,0.00,1276.00,6082.00,0.00,232047.67
6.28,0.00,0.00,0.00,38.00,0.00,1270.00,6088.00,0.00,230921.24
6.29,0.00,0.00,0.00,38.00,0.00,1263.00,6095.00,0.00,229787.74
6.30,0.00,0.00,0.00,38.00,0.00,1260.00,6098.00,0.00,228707.88
6.31,0.00,0.00,0.00,38.00,0.00,1247.00,6111.00,0.00,227526.74
6.31,0.00,0.00,0.00,38.00,0.00,1242.00,6116.00,0.00,226373.33
6.32,0.00,0.00,0.00,38.00,0.00,1236.00,6122.00,0.00,225230.22
6.33,0.00,0.00,0.00,38.00,0.00,1229.00,6129.00,0.00,224081.49
6.33,0.00,0.00,0.00,38.00,0.00,1225.00,6133.00,0.00,222972.69
6.34,0.00,0.00,0.00,38.00,0.00,1217.00,6141.00,0.00,221840.25
6.35,0.00,0.00,0.00,38.00,0.00,1209.00,6149.00,0.00,220686.24
6.35,0.00,0.00,0.00,38.00,0.00,1205.00,6153.00,0.00,219572.62
6.36,0.00,0.00,0.00,38.00,0.00,1201.00,6157.00,0.00,218495.88
6.37,0.00,0.00,0.00,38.00,0.00,1195.00,6163.00,0.00,217422.76
6.38,0.00,0.00,0.00,38.00,0.00,1188.00,6170.00,0.00,216337.92
6.38,0.00,0.00,0.00,38.00,0.00,1181.00,6177.00,0.00,215242.38
6.39,0.00,0.00,0.00,38.00,0.00,1171.00,6187.00,0.00,214092.01
6.40,0.00,0.00,0.00,38.00,0.00,1166.00,6192.00,0.00,212966.69
6.40,0.00,0.00,0.00,38.00,0.00,1161.00,6197.00,0.00,211864.24
6.41,0.00,0.00,0.00,38.00,0.00,1156.00,6202.00,0.00,210782.68
6.42,0.00,0.00,0.00,38.00,0.00,1152.00,6206.00,0.00,209735.20
6.42,0.00,0.00,0.00,38.00,0.00,1145.00,6213.00,0.00,208673.77
6.43,0.00,0.00,0.00,38.00,0.00,1135.00,6223.00,0.00,207554.53
6.44,0.00,0.00,0.00,38.00,0.00,1128.00,6230.00,0.00,206427.59
6.44,0.00,0.00,0.00,38.00,0.00,1122.00,6236.00,0.00,205308.64
6.45,0.00,0.00,0.00,38.00,0.00,1107.00,6251.00,0.00,204061.77
6.46,0.00,0.00,0.00,38.00,0.00,1103.00,6255.00,0.00,202863.39
6.47,0.00,0.00,0.00,38.00,0.00,1099.00,6259.00,0.00,201709.27
6.47,0.00,0.00,0.00,38.00,0.00,1092.00,6266.00,0.00,200550.47
6.48,0.00,0.00,0.00,38.00,0.00,1087.00,6271.00,0.00,199417.47
6.49,0.00,0.00,0.00,38.00,0.00,1079.00,6279.00,0.00,198262.94
6.49,0.00,0.00,0.00,38.00,0.00,1074.00,6284.00,0.00,197133.83
6.50,0.00,0.00,0.00,38.00,0.00,1070.00,6288.00,0.00,196042.94
6.51,0.00,0.00,0.00,38.00,0.00,1065.00,6293.00,0.00,194971.92
6.51,0.00,0.00,0.00,38.00,0.00,1055.00,6303.00,0.00,193843.94
6.52,0.00,0.00,0.00,38.00,0.00,1052.00,6306.00,0.00,192769.10
6.53,0.00,0.00,0.00,38.00,0.00,1046.00,6312.00,0.00,191697.72
6.53,0.00,0.00,0.00,38.00,0.00,1038.00,6320.00,0.00,190599.45
6.54,0.00,0.00,0.00,38.00,0.00,1035.00,6323.00,0.00,189551.74
6.55,0.00,0.00,0.00,38.00,0.00,1027.00,6331.00,0.00,188475.07
6.56,0.00,0.00,0.00,38.00,0.00,1022.00,6336.00,0.00,187417.05
6.56,0.00,0.00,0.00,38.00,0.00,1018.00,6340.00,0.00,186391.05
6.57,0.00,0.00,0.00,38.00,0.00,1012.00,6346.00,0.00,185364.26
6.58,0.00,0.00,0.00,38.00,0.00,1006.00,6352.00,0.00,184336.74
6.58,0.00,0.00,0.00,38.00,0.00,999.00,6359.00,0.00,183293.53
6.59,0.00,0.00,0.00,38.00,0.00,991.00,6367.00,0.00,182220.97
6.60,0.00,0.00,0.00,38.00,0.00,988.00,6370.00,0.00,181196.74
6.60,0.00,0.00,0.00,38.00,0.00,983.00,6375.00,0.00,180186.58
6.61,0.00,0.00,0.00,38.00,0.00,974.00,6384.00,0.00,179129.17
6.62,0.00,0.00,0.00,38.00,0.00,970.00,6388.00,0.00,178103.74
6.62,0.00,0.00,0.00,38.00,0.00,963.00,6395.00,0.00,177062.44
6.63,0.00,0.00,0.00,38.00,0.00,956.00,6402.00,0.00,176006.66
6.64,0.00,0.00,0.00,38.00,0.00,950.00,6408.00,0.00,174952.66
6.65,0.00,0.00,0.00,38.00,0.00,946.00,6412.00,0.00,173930.35
6.65,0.00,0.00,0.00,38.00,0.00,944.00,6414.00,0.00,172967.02
6.66,0.00,0.00,0.00,38.00,0.00,932.00,6426.00,0.00,171907.29
6.67,0.00,0.00,0.00,38.00,0.00,924.00,6434.00,0.00,170819.65
6.67,0.00,0.00,0.00,38.00,0.00,917.00,6441.00,0.00,169721.56
6.68,0.00,0.00,0.00,38.00,0.00,908.00,6450.00,0.00,168583.87
6.69,0.00,0.00,0.00,38.00,0.00,901.00,6457.00,0.00,167440.09
6.69,0.00,0.00,0.00,38.00,0.00,893.00,6465.00,0.00,166275.73
6.70,0.00,0.00,0.00,38.00,0.00,891.00,6467.00,0.00,165182.70
6.71,0.00,0.00,0.00,38.00,0.00,888.00,6470.00,0.00,164139.78
6.72,0.00,0.00,0.00,38.00,0.00,879.00,6479.00,0.00,163052.46
6.72,0.00,0.00,0.00,38.00,0.00,874.00,6484.00,0.00,161984.71
6.73,0.00,0.00,0.00,38.00,0.00,866.00,6492.00,0.00,160889.75
6.74,0.00,0.00,0.00,38.00,0.00,857.00,6501.00,0.00,159754.93
6.74,0.00,0.00,0.00,38.00,0.00,850.00,6508.00,0.00,158613.76
6.75,0.00,0.00,0.00,38.00,0.00,840.00,6518.00,0.00,157421.73
6.76,0.00,0.00,0.00,38.00,0.00,836.00,6522.00,0.00,156273.40
6.76,0.00,0.00,0.00,38.00,0.00,830.00,6528.00,0.00,155134.92
6.77,0.00,0.00,0.00,38.00,0.00,827.00,6531.00,0.00,154050.51
6.78,0.00,0.00,0.00,38.00,0.00,820.00,6538.00,0.00,152955.37
6.78,0.00,0.00,0.00,38.00,0.00,813.00,6545.00,0.00,151850.42
6.79,0.00,0.00,0.00,38.00,0.00,811.00,6547.00,0.00,150811.64
6.80,0.00,0.00,0.00,38.00,0.00,807.00,6551.00,0.00,149803.22
6.81,0.00,0.00,0.00,38.00,0.00,805.00,6553.00,0.00,148852.57
6.81,0.00,0.00,0.00,38.00,0.00,797.00,6561.00,0.00,147864.51
6.82,0.00,0.00,0.00,38.00,0.00,790.00,6568.00,0.00,146857.32
6.83,0.00,0.00,0.00,38.00,0.00,784.00,6574.00,0.00,145847.70
6.83,0.00,0.00,0.00,38.00,0.00,779.00,6579.00,0.00,144850.87
6.84,0.00,0.00,0.00,38.00,0.00,773.00,6585.00,0.00,143850.71
6.85,0.00,0.00,0.00,38.00,0.00,766.00,6592.00,0.00,142832.47
6.85,0.00,0.00,0.00,38.00,0.00,759.00,6599.00,0.00,141797.74
6.86,0.00,0.00,0.00,38.00,0.00,754.00,6604.00,0.00,140777.99
6.87,0.00,0.00,0.00,38.00,0.00,747.00,6611.00,0.00,139741.88
6.88,0.00,0.00,0.00,38.00,0.00,743.00,6615.00,0.00,138735.89
6.88,0.00,0.00,0.00,38.00,0.00,737.00,6621.00,0.00,137727.36
6.89,0.00,0.00,0.00,38.00,0.00,732.00,6626.00,0.00,136731.53
6.90,0.00,0.00,0.00,38.00,0.00,726.00,6632.00,0.00,135732.28
6.90,0.00,0.00,0.00,38.00,0.00,719.00,6639.00,0.00,134714.88
6.91,0.00,0.00,0.00,38.00,0.00,717.00,6641.00,0.00,133756.02
6.92,0.00,0.00,0.00,38.00,0.00,712.00,6646.00,0.00,132805.54
6.92,0.00,0.00,0.00,38.00,0.00,705.00,6653.00,0.00,131832.67
6.93,0.00,0.00,0.00,38.00,0.00,701.00,6657.00,0.00,130884.41
6.94,0.00,0.00,0.00,38.00,0.00,695.00,6663.00,0.00,129928.59
6.94,0.00,0.00,0.00,38.00,0.00,693.00,6665.00,0.00,129025.95
6.95,0.00,0.00,0.00,38.00,0.00,684.00,6674.00,0.00,128066.70
6.96,0.00,0.00,0.00,38.00,0.00,675.00,6683.00,0.00,127055.76
6.97,0.00,0.00,0.00,38.00,0.00,670.00,6688.00,0.00,126057.75
6.97,0.00,0.00,0.00,38.00,0.00,660.00,6698.00,0.00,124996.40
6.98,0.00,0.00,0.00,38.00,0.00,655.00,6703.00,0.00,123952.36
6.99,0.00,0.00,0.00,38.00,0.00,647.00,6711.00,0.00,122879.04
6.99,0.00,0.00,0.00,38.00,0.00,640.00,6718.00,0.00,121794.02
7.00,0.00,0.00,0.00,38.00,0.00,633.00,6725.00,0.00,120698.32
7.01,0.00,0.00,0.00,38.00,0.00,627.00,6731.00,0.00,119607.88
7.01,0.00,0.00,0.00,38.00,0.00,626.00,6732.00,0.00,118597.38
7.02,0.00,0.00,0.00,38.00,0.00,622.00,6736.00,0.00,117614.77
7.03,0.00,0.00,0.00,38.00,0.00,613.00,6745.00,0.00,116582.52
7.03,0.00,0.00,0.00,38.00,0.00,610.00,6748.00,0.00,115595.08
7.04,0.00,0.00,0.00,38.00,0.00,607.00,6751.00,0.00,114648.56
7.05,0.00,0.00,0.00,38.00,0.00,604.00,6754.00,0.00,113739.38
7.06,0.00,0.00,0.00,38.00,0.00,598.00,6760.00,0.00,112819.24
7.06,0.00,0.00,0.00,38.00,0.00,595.00,6763.00,0.00,111934.14
7.07,0.00,0.00,0.00,38.00,0.00,587.00,6771.00,0.00,111005.94
7.08,0.00,0.00,0.00,38.00,0.00,583.00,6775.00,0.00,110098.46
7.08,0.00,0.00,0.00,38.00,0.00,576.00,6782.00,0.00,109164.84
7.09,0.00,0.00,0.00,38.00,0.00,571.00,6787.00,0.00,108237.41
7.10,0.00,0.00,0.00,38.00,0.00,563.00,6795.00,0.00,107270.54
7.10,0.00,0.00,0.00,38.00,0.00,562.00,6796.00,0.00,106372.84
7.11,0.00,0.00,0.00,38.00,0.00,557.00,6801.00,0.00,105478.20
7.12,0.00,0.00,0.00,38.00,0.00,547.00,6811.00,0.00,104511.23
7.12,0.00,0.00,0.00,38.00,0.00,544.00,6814.00,0.00,103583.38
7.13,0.00,0.00,0.00,38.00,0.00,538.00,6820.00,0.00,102646.19
7.14,0.00,0.00,0.00,38.00,0.00,533.00,6825.00,0.00,101715.49
7.15,0.00,0.00,0.00,38.00,0.00,530.00,6828.00,0.00,100820.77
7.15,0.00,0.00,0.00,38.00,0.00,527.00,6831.00,0.00,99958.88
7.16,0.00,0.00,0.00,38.00,0.00,523.00,6835.00,0.00,99111.95
7.17,0.00,0.00,0.00,38.00,0.00,513.00,6845.00,0.00,98188.54
7.17,0.00,0.00,0.00,38.00,0.00,510.00,6848.00,0.00,97300.47
7.18,0.00,0.00,0.00,38.00,0.00,503.00,6855.00,0.00,96384.56
7.19,0.00,0.00,0.00,38.00,0.00,500.00,6858.00,0.00,95503.34
7.19,0.00,0.00,0.00,38.00,0.00,493.00,6865.00,0.00,94593.68
7.20,0.00,0.00,0.00,38.00,0.00,487.00,6871.00,0.00,93673.10
7.21,0.00,0.00,0.00,38.00,0.00,481.00,6877.00,0.00,92742.54
7.22,0.00,0.00,0.00,38.00,0.00,478.00,6880.00,0.00,91847.94
7.22,0.00,0.00,0.00,38.00,0.00,472.00,6886.00,0.00,90941.10
7.23,0.00,0.00,0.00,38.00,0.00,469.00,6889.00,0.00,90068.16
7.24,0.00,0.00,0.00,38.00,0.00,464.00,6894.00,0.00,89196.11
7.24,0.00,0.00,0.00,38.00,0.00,458.00,6900.00,0.00,88309.86
7.25,0.00,0.00,0.00,38.00,0.00,452.00,6906.00,0.00,87410.64
7.26,0.00,0.00,0.00,38.00,0.00,448.00,6910.00,0.00,86529.63
7.26,0.00,0.00,0.00,38.00,0.00,443.00,6915.00,0.00,85650.21
7.27,0.00,0.00,0.00,38.00,0.00,439.00,6919.00,0.00,84787.28
7.28,0.00,0.00,0.00,38.00,0.00,436.00,6922.00,0.00,83954.43
7.28,0.00,0.00,0.00,38.00,0.00,434.00,6924.00,0.00,83164.04
7.29,0.00,0.00,0.00,38.00,0.00,429.00,6929.00,0.00,82367.37
7.30,0.00,0.00,0.00,38.00,0.00,423.00,6935.00,0.00,81549.93
7.31,0.00,0.00,0.00,38.00,0.00,416.00,6942.00,0.00,80698.50
7.31,0.00,0.00,0.00,38.00,0.00,415.00,6943.00,0.00,79906.19
7.32,0.00,0.00,0.00,38.00,0.00,410.00,6948.00,0.00,79107.76
7.33,0.00,0.00,0.00,38.00,0.00,407.00,6951.00,0.00,78333.78
7.33,0.00,0.00,0.00,38.00,0.00,400.00,6958.00,0.00,77522.04
7.34,0.00,0.00,0.00,38.00,0.00,394.00,6964.00,0.00,76690.84
7.35,0.00,0.00,0.00,38.00,0.00,392.00,6966.00,0.00,75901.97
7.35,0.00,0.00,0.00,38.00,0.00,390.00,6968.00,0.00,75151.74
7.36,0.00,0.00,0.00,38.00,0.00,388.00,6970.00,0.00,74436.80
7.37,0.00,0.00,0.00,38.00,0.00,386.00,6972.00,0.00,73754.06
7.38,0.00,0.00,0.00,38.00,0.00,384.00,6974.00,0.00,73100.73
7.38,0.00,0.00,0.00,38.00,0.00,379.00,6979.00,0.00,72429.18
7.39,0.00,0.00,0.00,38.00,0.00,377.00,6981.00,0.00,71786.05
7.40,0.00,0.00,0.00,38.00,0.00,369.00,6989.00,0.00,71078.74
7.40,0.00,0.00,0.00,38.00,0.00,367.00,6991.00,0.00,70402.97
7.41,0.00,0.00,0.00,38.00,0.00,358.00,7000.00,0.00,69650.84
7.42,0.00,0.00,0.00,38.00,0.00,353.00,7005.00,0.00,68889.08
7.42,0.00,0.00,0.00,38.00,0.00,348.00,7010.00,0.00,68118.54
7.43,0.00,0.00,0.00,38.00,0.00,344.00,7014.00,0.00,67355.00
7.44,0.00,0.00,0.00,38.00,0.00,342.00,7016.00,0.00,66627.90
7.44,0.00,0.00,0.00,38.00,0.00,338.00,7020.00,0.00,65904.03
7.45,0.00,0.00,0.00,38.00,0.00,334.00,7024.00,0.00,65183.09
7.46,0.00,0.00,0.00,38.00,0.00,327.00,7031.00,0.00,64419.77
7.47,0.00,0.00,0.00,38.00,0.00,319.00,7039.00,0.00,63602.72
7.47,0.00,0.00,0.00,38.00,0.00,317.00,7041.00,0.00,62826.78
7.48,0.00,0.00,0.00,38.00,0.00,315.00,7043.00,0.00,62088.36
7.49,0.00,0.00,0.00,38.00,0.00,311.00,7047.00,0.00,61354.14
7.49,0.00,0.00,0.00,38.00,0.00,308.00,7050.00,0.00,60638.79
7.50,0.00,0.00,0.00,38.00,0.00,301.00,7057.00,0.00,59880.56
7.51,0.00,0.00,0.00,38.00,0.00,296.00,7062.00,0.00,59113.25
7.51,0.00,0.00,0.00,38.00,0.00,295.00,7063.00,0.00,58397.72
7.52,0.00,0.00,0.00,38.00,0.00,294.00,7064.00,0.00,57729.48
7.53,0.00,0.00,0.00,38.00,0.00,288.00,7070.00,0.00,57029.28
7.53,0.00,0.00,0.00,38.00,0.00,284.00,7074.00,0.00,56329.97
7.54,0.00,0.00,0.00,38.00,0.00,280.00,7078.00,0.00,55631.45
7.55,0.00,0.00,0.00,38.00,0.00,274.00,7084.00,0.00,54903.62
7.56,0.00,0.00,0.00,38.00,0.00,269.00,7089.00,0.00,54164.05
7.56,0.00,0.00,0.00,38.00,0.00,264.00,7094.00,0.00,53413.77
7.57,0.00,0.00,0.00,38.00,0.00,261.00,7097.00,0.00,52683.74
7.58,0.00,0.00,0.00,38.00,0.00,260.00,7098.00,0.00,52002.26
7.58,0.00,0.00,0.00,38.00,0.00,258.00,7100.00,0.00,51350.08
7.59,0.00,0.00,0.00,38.00,0.00,253.00,7105.00,0.00,50679.57
7.60,0.00,0.00,0.00,38.00,0.00,249.00,7109.00,0.00,50007.35
7.60,0.00,0.00,0.00,38.00,0.00,248.00,7110.00,0.00,49378.64
7.61,0.00,0.00,0.00,38.00,0.00,243.00,7115.00,0.00,48729.57
7.62,0.00,0.00,0.00,38.00,0.00,240.00,7118.00,0.00,48091.94
7.62,0.00,0.00,0.00,38.00,0.00,234.00,7124.00,0.00,47419.69
7.63,0.00,0.00,0.00,38.00,0.00,232.00,7126.00,0.00,46775.94
7.64,0.00,0.00,0.00,38.00,0.00,229.00,7129.00,0.00,46143.17
7.65,0.00,0.00,0.00,38.00,0.00,228.00,7130.00,0.00,45550.48
7.65,0.00,0.00,0.00,38.00,0.00,226.00,7132.00,0.00,44979.35
7.66,0.00,0.00,0.00,38.00,0.00,223.00,7135.00,0.00,44412.88
7.67,0.00,0.00,0.00,38.00,0.00,219.00,7139.00,0.00,43835.65
7.67,0.00,0.00,0.00,38.00,0.00,217.00,7141.00,0.00,43278.63
7.68,0.00,0.00,0.00,38.00,0.00,214.00,7144.00,0.00,42725.05
7.69,0.00,0.00,0.00,38.00,0.00,210.00,7148.00,0.00,42159.58
7.69,0.00,0.00,0.00,38.00,0.00,205.00,7153.00,0.00,41568.23
7.70,0.00,0.00,0.00,38.00,0.00,204.00,7154.00,0.00,41013.35
7.71,0.00,0.00,0.00,38.00,0.00,200.00,7158.00,0.00,40446.70
7.72,0.00,0.00,0.00,38.00,0.00,197.00,7161.00,0.00,39884.31
7.72,0.00,0.00,0.00,38.00,0.00,196.00,7162.00,0.00,39355.88
7.73,0.00,0.00,0.00,38.00,0.00,190.00,7168.00,0.00,38783.32
7.74,0.00,0.00,0.00,38.00,0.00,188.00,7170.00,0.00,38230.57
7.74,0.00,0.00,0.00,38.00,0.00,185.00,7173.00,0.00,37680.88
7.75,0.00,0.00,0.00,38.00,0.00,179.00,7179.00,0.00,37088.92
7.76,0.00,0.00,0.00,38.00,0.00,171.00,7187.00,0.00,36428.32
7.76,0.00,0.00,0.00,38.00,0.00,169.00,7189.00,0.00,35795.19
7.77,0.00,0.00,0.00,38.00,0.00,168.00,7190.00,0.00,35202.17
7.78,0.00,0.00,0.00,38.00,0.00,166.00,7192.00,0.00,34630.74
7.78,0.00,0.00,0.00,38.00,0.00,163.00,7195.00,0.00,34064.01
7.79,0.00,0.00,0.00,38.00,0.00,161.00,7197.00,0.00,33516.57
7.80,0.00,0.00,0.00,38.00,0.00,156.00,7202.00,0.00,32941.69
7.81,0.00,0.00,0.00,38.00,0.00,154.00,7204.00,0.00,32386.82
7.81,0.00,0.00,0.00,38.00,0.00,150.00,7208.00,0.00,31820.17
7.82,0.00,0.00,0.00,38.00,0.00,150.00,7208.00,0.00,31302.86
7.83,0.00,0.00,0.00,38.00,0.00,146.00,7212.00,0.00,30770.51
7.83,0.00,0.00,0.00,38.00,0.00,142.00,7216.00,0.00,30224.42
7.84,0.00,0.00,0.00,38.00,0.00,139.00,7219.00,0.00,29680.81
7.85,0.00,0.00,0.00,38.00,0.00,138.00,7220.00,0.00,29169.52
7.85,0.00,0.00,0.00,38.00,0.00,135.00,7223.00,0.00,28657.67
7.86,0.00,0.00,0.00,38.00,0.00,133.00,7225.00,0.00,28160.35
7.87,0.00,0.00,0.00,38.00,0.00,131.00,7227.00,0.00,27676.29
7.88,0.00,0.00,0.00,38.00,0.00,129.00,7229.00,0.00,27204.33
7.88,0.00,0.00,0.00,38.00,0.00,128.00,7230.00,0.00,26758.44
7.89,0.00,0.00,0.00,38.00,0.00,124.00,7234.00,0.00,26291.29
7.90,0.00,0.00,0.00,38.00,0.00,119.00,7239.00,0.00,25789.70
7.90,0.00,0.00,0.00,38.00,0.00,118.00,7240.00,0.00,25316.77
7.91,0.00,0.00,0.00,38.00,0.00,117.00,7241.00,0.00,24869.99
7.92,0.00,0.00,0.00,38.00,0.00,114.00,7244.00,0.00,24417.04
7.92,0.00,0.00,0.00,38.00,0.00,113.00,7245.00,0.00,23988.52
7.93,0.00,0.00,0.00,38.00,0.00,110.00,7248.00,0.00,23552.24
7.94,0.00,0.00,0.00,38.00,0.00,107.00,7251.00,0.00,23108.88
7.94,0.00,0.00,0.00,38.00,0.00,105.00,7253.00,0.00,22674.07
7.95,0.00,0.00,0.00,38.00,0.00,105.00,7253.00,0.00,22277.13
7.96,0.00,0.00,0.00,38.00,0.00,104.00,7254.00,0.00,21899.73
7.97,0.00,0.00,0.00,38.00,0.00,104.00,7254.00,0.00,21555.20
7.97,0.00,0.00,0.00,38.00,0.00,101.00,7257.00,0.00,21195.59
7.98,0.00,0.00,0.00,38.00,0.00,99.00,7259.00,0.00,20837.25
7.99,0.00,0.00,0.00,38.00,0.00,97.00,7261.00,0.00,20480.07
7.99,0.00,0.00,0.00,38.00,0.00,96.00,7262.00,0.00,20138.97
8.00,0.00,0.00,0.00,38.00,0.00,92.00,7266.00,0.00,19767.47
8.01,0.00,0.00,0.00,38.00,0.00,91.00,7267.00,0.00,19413.30
8.01,0.00,0.00,0.00,38.00,0.00,90.00,7268.00,0.00,19074.95
8.02,0.00,0.00,0.00,38.00,0.00,89.00,7269.00,0.00,18751.04
8.03,0.00,0.00,0.00,38.00,0.00,85.00,7273.00,0.00,18395.24
8.03,0.00,0.00,0.00,38.00,0.00,82.00,7276.00,0.00,18025.35
8.04,0.00,0.00,0.00,38.00,0.00,80.00,7278.00,0.00,17657.62
8.05,0.00,0.00,0.00,38.00,0.00,74.00,7284.00,0.00,17231.78
8.06,0.00,0.00,0.00,38.00,0.00,71.00,7287.00,0.00,16797.95
8.06,0.00,0.00,0.00,38.00,0.00,69.00,7289.00,0.00,16371.84
8.07,0.00,0.00,0.00,38.00,0.00,68.00,7290.00,0.00,15967.82
8.08,0.00,0.00,0.00,38.00,0.00,67.00,7291.00,0.00,15583.95
8.08,0.00,0.00,0.00,38.00,0.00,64.00,7294.00,0.00,15188.45
8.09,0.00,0.00,0.00,38.00,0.00,63.00,7295.00,0.00,14812.35
8.10,0.00,0.00,0.00,38.00,0.00,63.00,7295.00,0.00,14469.01
8.10,0.00,0.00,0.00,38.00,0.00,62.00,7296.00,0.00,14140.54
8.11,0.00,0.00,0.00,38.00,0.00,59.00,7299.00,0.00,13795.60
8.12,0.00,0.00,0.00,38.00,0.00,58.00,7300.00,0.00,13465.68
8.12,0.00,0.00,0.00,38.00,0.00,57.00,7301.00,0.00,13149.46
8.13,0.00,0.00,0.00,38.00,0.00,54.00,7304.00,0.00,12815.70
8.14,0.00,0.00,0.00,38.00,0.00,54.00,7304.00,0.00,12511.01
8.15,0.00,0.00,0.00,38.00,0.00,52.00,7306.00,0.00,12202.80
8.15,0.00,0.00,0.00,38.00,0.00,50.00,7308.00,0.00,11891.39
8.16,0.00,0.00,0.00,38.00,0.00,49.00,7309.00,0.00,11592.07
8.17,0.00,0.00,0.00,38.00,0.00,49.00,7309.00,0.00,11318.81
8.17,0.00,0.00,0.00,38.00,0.00,49.00,7309.00,0.00,11069.34
8.18,0.00,0.00,0.00,38.00,0.00,48.00,7310.00,0.00,10826.58
8.19,0.00,0.00,0.00,38.00,0.00,47.00,7311.00,0.00,10589.93
8.19,0.00,0.00,0.00,38.00,0.00,47.00,7311.00,0.00,10373.89
8.20,0.00,0.00,0.00,38.00,0.00,47.00,7311.00,0.00,10176.66
8.21,0.00,0.00,0.00,38.00,0.00,47.00,7311.00,0.00,9996.60
8.22,0.00,0.00,0.00,38.00,0.00,46.00,7312.00,0.00,9817.20
8.22,0.00,0.00,0.00,38.00,0.00,44.00,7314.00,0.00,9623.38
8.23,0.00,0.00,0.00,38.00,0.00,43.00,7315.00,0.00,9431.40
8.24,0.00,0.00,0.00,38.00,0.00,41.00,7317.00,0.00,9226.10
8.24,0.00,0.00,0.00,38.00,0.00,39.00,7319.00,0.00,9008.63
8.25,0.00,0.00,0.00,38.00,0.00,38.00,7320.00,0.00,8795.07
8.26,0.00,0.00,0.00,38.00,0.00,38.00,7320.00,0.00,8600.11
8.26,0.00,0.00,0.00,38.00,0.00,37.00,7321.00,0.00,8407.11
8.27,0.00,0.00,0.00,38.00,0.00,35.00,7323.00,0.00,8200.86
8.28,0.00,0.00,0.00,38.00,0.00,34.00,7324.00,0.00,7997.55
8.28,0.00,0.00,0.00,38.00,0.00,34.00,7324.00,0.00,7811.94
8.29,0.00,0.00,0.00,38.00,0.00,34.00,7324.00,0.00,7642.49
8.30,0.00,0.00,0.00,38.00,0.00,32.00,7326.00,0.00,7457.75
8.31,0.00,0.00,0.00,38.00,0.00,30.00,7328.00,0.00,7259.05
8.31,0.00,0.00,0.00,38.00,0.00,29.00,7329.00,0.00,7062.64
8.32,0.00,0.00,0.00,38.00,0.00,27.00,7331.00,0.00,6853.27
8.33,0.00,0.00,0.00,38.00,0.00,26.00,7332.00,0.00,6647.12
8.33,0.00,0.00,0.00,38.00,0.00,23.00,7335.00,0.00,6413.85
8.34,0.00,0.00,0.00,38.00,0.00,21.00,7337.00,0.00,6170.84
8.35,0.00,0.00,0.00,38.00,0.00,20.00,7338.00,0.00,5933.97
8.35,0.00,0.00,0.00,38.00,0.00,20.00,7338.00,0.00,5717.73
8.36,0.00,0.00,0.00,38.00,0.00,20.00,7338.00,0.00,5520.31
8.37,0.00,0.00,0.00,38.00,0.00,19.00,7339.00,0.00,5325.06
8.38,0.00,0.00,0.00,38.00,0.00,19.00,7339.00,0.00,5146.82
8.38,0.00,0.00,0.00,38.00,0.00,19.00,7339.00,0.00,4984.09
8.39,0.00,0.00,0.00,38.00,0.00,18.00,7340.00,0.00,4820.51
8.40,0.00,0.00,0.00,38.00,0.00,18.00,7340.00,0.00,4671.18
8.40,0.00,0.00,0.00,38.00,0.00,18.00,7340.00,0.00,4534.85
8.41,0.00,0.00,0.00,38.00,0.00,18.00,7340.00,0.00,4410.39
8.42,0.00,0.00,0.00,38.00,0.00,18.00,7340.00,0.00,4296.76
8.42,0.00,0.00,0.00,38.00,0.00,17.00,7341.00,0.00,4178.01
8.43,0.00,0.00,0.00,38.00,0.00,17.00,7341.00,0.00,4069.60
8.44,0.00,0.00,0.00,38.00,0.00,16.00,7342.00,0.00,3955.61
8.44,0.00,0.00,0.00,38.00,0.00,15.00,7343.00,0.00,3836.51
8.45,0.00,0.00,0.00,38.00,0.00,15.00,7343.00,0.00,3727.79
8.46,0.00,0.00,0.00,38.00,0.00,15.00,7343.00,0.00,3628.54
8.47,0.00,0.00,0.00,38.00,0.00,15.00,7343.00,0.00,3537.93
8.47,0.00,0.00,0.00,38.00,0.00,15.00,7343.00,0.00,3455.20
8.48,0.00,0.00,0.00,38.00,0.00,14.00,7344.00,0.00,3364.66
8.49,0.00,0.00,0.00,38.00,0.00,13.00,7345.00,0.00,3266.98
8.49,0.00,0.00,0.00,38.00,0.00,13.00,7345.00,0.00,3177.81
8.50,0.00,0.00,0.00,38.00,0.00,13.00,7345.00,0.00,3096.40
8.51,0.00,0.00,0.00,38.00,0.00,12.00,7346.00,0.00,3007.05
8.51,0.00,0.00,0.00,38.00,0.00,12.00,7346.00,0.00,2925.49
8.52,0.00,0.00,0.00,38.00,0.00,11.00,7347.00,0.00,2836.00
8.53,0.00,0.00,0.00,38.00,0.00,11.00,7347.00,0.00,2754.31
8.53,0.00,0.00,0.00,38.00,0.00,11.00,7347.00,0.00,2679.73
8.54,0.00,0.00,0.00,38.00,0.00,11.00,7347.00,0.00,2611.64
8.55,0.00,0.00,0.00,38.00,0.00,10.00,7348.00,0.00,2534.46
8.56,0.00,0.00,0.00,38.00,0.00,10.00,7348.00,0.00,2464.00
8.56,0.00,0.00,0.00,38.00,0.00,10.00,7348.00,0.00,2399.68
8.57,0.00,0.00,0.00,38.00,0.00,10.00,7348.00,0.00,2340.95
8.58,0.00,0.00,0.00,38.00,0.00,10.00,7348.00,0.00,2287.35
8.58,0.00,0.00,0.00,38.00,0.00,10.00,7348.00,0.00,2238.40
8.59,0.00,0.00,0.00,38.00,0.00,10.00,7348.00,0.00,2193.72
8.60,0.00,0.00,0.00,38.00,0.00,10.00,7348.00,0.00,2152.93
8.60,0.00,0.00,0.00,38.00,0.00,10.00,7348.00,0.00,2115.70
8.61,0.00,0.00,0.00,38.00,0.00,10.00,7348.00,0.00,2081.70
8.62,0.00,0.00,0.00,38.00,0.00,10.00,7348.00,0.00,2050.67
8.62,0.00,0.00,0.00,38.00,0.00,10.00,7348.00,0.00,2022.33
8.63,0.00,0.00,0.00,38.00,0.00,9.00,7349.00,0.00,1981.44
8.64,0.00,0.00,0.00,38.00,0.00,9.00,7349.00,0.00,1944.12
8.65,0.00,0.00,0.00,38.00,0.00,9.00,7349.00,0.00,1910.04
8.65,0.00,0.00,0.00,38.00,0.00,9.00,7349.00,0.00,1878.93
8.66,0.00,0.00,0.00,38.00,0.00,9.00,7349.00,0.00,1850.53
8.67,0.00,0.00,0.00,38.00,0.00,8.00,7350.00,0.00,1809.58
8.67,0.00,0.00,0.00,38.00,0.00,8.00,7350.00,0.00,1772.19
8.68,0.00,0.00,0.00,38.00,0.00,8.00,7350.00,0.00,1738.06
8.69,0.00,0.00,0.00,38.00,0.00,7.00,7351.00,0.00,1691.88
8.69,0.00,0.00,0.00,38.00,0.00,7.00,7351.00,0.00,1649.72
8.70,0.00,0.00,0.00,38.00,0.00,7.00,7351.00,0.00,1611.23
8.71,0.00,0.00,0.00,38.00,0.00,7.00,7351.00,0.00,1576.09
8.72,0.00,0.00,0.00,38.00,0.00,7.00,7351.00,0.00,1544.01
8.72,0.00,0.00,0.00,38.00,0.00,6.00,7352.00,0.00,1499.71
8.73,0.00,0.00,0.00,38.00,0.00,5.00,7353.00,0.00,1444.23
8.74,0.00,0.00,0.00,38.00,0.00,5.00,7353.00,0.00,1393.59
8.74,0.00,0.00,0.00,38.00,0.00,4.00,7354.00,0.00,1332.33
8.75,0.00,0.00,0.00,38.00,0.00,4.00,7354.00,0.00,1276.41
8.76,0.00,0.00,0.00,38.00,0.00,4.00,7354.00,0.00,1225.36
8.76,0.00,0.00,0.00,38.00,0.00,4.00,7354.00,0.00,1178.75
8.77,0.00,0.00,0.00,38.00,0.00,4.00,7354.00,0.00,1136.20
8.78,0.00,0.00,0.00,38.00,0.00,4.00,7354.00,0.00,1097.36
8.78,0.00,0.00,0.00,38.00,0.00,4.00,7354.00,0.00,1061.90
8.79,0.00,0.00,0.00,38.00,0.00,4.00,7354.00,0.00,1029.53
8.80,0.00,0.00,0.00,38.00,0.00,4.00,7354.00,0.00,999.97
8.81,0.00,0.00,0.00,38.00,0.00,4.00,7354.00,0.00,972.99
8.81,0.00,0.00,0.00,38.00,0.00,4.00,7354.00,0.00,948.36
8.82,0.00,0.00,0.00,38.00,0.00,4.00,7354.00,0.00,925.87
8.83,0.00,0.00,0.00,38.00,0.00,4.00,7354.00,0.00,905.34
8.83,0.00,0.00,0.00,38.00,0.00,3.00,7355.00,0.00,871.58
8.84,0.00,0.00,0.00,38.00,0.00,3.00,7355.00,0.00,840.75
8.85,0.00,0.00,0.00,38.00,0.00,3.00,7355.00,0.00,812.61
8.85,0.00,0.00,0.00,38.00,0.00,3.00,7355.00,0.00,786.92
8.86,0.00,0.00,0.00,38.00,0.00,3.00,7355.00,0.00,763.47
8.87,0.00,0.00,0.00,38.00,0.00,3.00,7355.00,0.00,742.06
8.88,0.00,0.00,0.00,38.00,0.00,3.00,7355.00,0.00,722.51
8.88,0.00,0.00,0.00,38.00,0.00,3.00,7355.00,0.00,704.67
8.89,0.00,0.00,0.00,38.00,0.00,3.00,7355.00,0.00,688.38
8.90,0.00,0.00,0.00,38.00,0.00,3.00,7355.00,0.00,673.51
8.90,0.00,0.00,0.00,38.00,0.00,3.00,7355.00,0.00,659.93
8.91,0.00,0.00,0.00,38.00,0.00,3.00,7355.00,0.00,647.54
8.92,0.00,0.00,0.00,38.00,0.00,3.00,7355.00,0.00,636.22
8.92,0.00,0.00,0.00,38.00,0.00,3.00,7355.00,0.00,625.89
8.93,0.00,0.00,0.00,38.00,0.00,3.00,7355.00,0.00,616.46
8.94,0.00,0.00,0.00,38.00,0.00,3.00,7355.00,0.00,607.85
8.94,0.00,0.00,0.00,38.00,0.00,3.00,7355.00,0.00,599.99
8.95,0.00,0.00,0.00,38.00,0.00,3.00,7355.00,0.00,592.81
8.96,0.00,0.00,0.00,38.00,0.00,3.00,7355.00,0.00,586.26
8.97,0.00,0.00,0.00,38.00,0.00,3.00,7355.00,0.00,580.28
8.97,0.00,0.00,0.00,38.00,0.00,3.00,7355.00,0.00,574.82
8.98,0.00,0.00,0.00,38.00,0.00,2.00,7356.00,0.00,554.82
8.99,0.00,0.00,0.00,38.00,0.00,2.00,7356.00,0.00,536.55
8.99,0.00,0.00,0.00,38.00,0.00,2.00,7356.00,0.00,519.88
9.00,0.00,0.00,0.00,38.00,0.00,2.00,7356.00,0.00,504.66
9.01,0.00,0.00,0.00,38.00,0.00,2.00,7356.00,0.00,490.76
9.01,0.00,0.00,0.00,38.00,0.00,2.00,7356.00,0.00,478.07
9.02,0.00,0.00,0.00,38.00,0.00,2.00,7356.00,0.00,466.49
9.03,0.00,0.00,0.00,38.00,0.00,2.00,7356.00,0.00,455.91
9.03,0.00,0.00,0.00,38.00,0.00,2.00,7356.00,0.00,446.26
9.04,0.00,0.00,0.00,38.00,0.00,2.00,7356.00,0.00,437.45
9.05,0.00,0.00,0.00,38.00,0.00,2.00,7356.00,0.00,429.40
9.06,0.00,0.00,0.00,38.00,0.00,2.00,7356.00,0.00,422.06
