Time,U,AI1,AI2,AD,BI2,BI2,BD,VA,VB
0.00,7388.00,5.00,0.00,0.00,3.00,0.00,0.00,75.00,75.00
0.01,7387.00,5.00,0.00,0.00,4.00,0.00,0.00,68.47,68.47
0.01,7384.00,7.00,0.00,0.00,5.00,0.00,0.00,62.51,62.51
0.02,7381.00,6.00,1.00,0.00,8.00,0.00,0.00,57.21,57.06
0.03,7381.00,6.00,1.00,0.00,8.00,0.00,0.00,52.38,52.10
0.03,7378.00,9.00,1.00,0.00,7.00,1.00,0.00,47.97,62.58
0.04,7377.00,10.00,1.00,0.00,7.00,1.00,0.00,43.94,72.16
0.05,7375.00,11.00,1.00,0.00,8.00,1.00,0.00,40.27,80.90
0.06,7372.00,12.00,1.00,0.00,10.00,1.00,0.00,36.91,88.88
0.06,7370.00,12.00,1.00,0.00,12.00,1.00,0.00,33.85,96.16
0.07,7369.00,12.00,1.00,0.00,13.00,1.00,0.00,31.05,102.81
0.08,7367.00,13.00,2.00,0.00,13.00,1.00,0.00,28.65,108.88
0.08,7365.00,13.00,3.00,0.00,14.00,1.00,0.00,26.60,114.42
0.09,7363.00,14.00,3.00,0.00,15.00,1.00,0.00,24.74,119.48
0.10,7362.00,15.00,3.00,0.00,15.00,1.00,0.00,23.03,124.10
0.10,7362.00,15.00,3.00,0.00,15.00,1.00,0.00,21.48,128.32
0.11,7362.00,13.00,5.00,0.00,14.00,1.00,1.00,20.36,132.17
0.12,7360.00,13.00,5.00,0.00,16.00,1.00,1.00,19.34,135.68
0.12,7360.00,13.00,5.00,0.00,16.00,1.00,1.00,18.41,138.89
0.13,7360.00,12.00,6.00,0.00,14.00,3.00,1.00,17.70,171.87
0.14,7359.00,12.00,6.00,0.00,14.00,4.00,1.00,17.06,216.99
0.15,7355.00,12.00,6.00,0.00,18.00,4.00,1.00,16.48,258.19
0.15,7352.00,12.00,6.00,0.00,21.00,4.00,1.00,15.95,295.80
0.16,7352.00,12.00,6.00,0.00,20.00,5.00,1.00,15.46,345.16
0.17,7345.00,12.00,6.00,0.00,26.00,6.00,1.00,15.01,405.24
0.17,7344.00,12.00,6.00,0.00,26.00,7.00,1.00,14.61,475.12
0.18,7343.00,12.00,5.00,1.00,27.00,7.00,1.00,14.09,538.91
0.19,7343.00,12.00,5.00,1.00,26.00,8.00,1.00,13.61,612.17
0.19,7341.00,12.00,5.00,1.00,27.00,9.00,1.00,13.18,694.07
0.20,7335.00,10.00,7.00,1.00,33.00,9.00,1.00,13.08,768.84
0.21,7332.00,9.00,8.00,1.00,36.00,9.00,1.00,13.14,837.10
0.22,7329.00,9.00,7.00,2.00,39.00,9.00,1.00,13.05,899.42
0.22,7324.00,9.00,6.00,3.00,43.00,10.00,1.00,12.82,971.33
0.23,7317.00,8.00,7.00,3.00,50.00,10.00,1.00,12.75,1036.98
0.24,7311.00,8.00,7.00,3.00,54.00,12.00,1.00,12.69,1126.97
0.24,7303.00,7.00,7.00,4.00,61.00,12.00,2.00,12.64,1209.11
0.25,7292.00,7.00,7.00,4.00,71.00,13.00,2.00,12.59,1299.13
0.26,7284.00,7.00,6.00,5.00,77.00,15.00,2.00,12.40,1411.35
0.26,7278.00,6.00,7.00,5.00,82.00,16.00,2.00,12.37,1528.83
0.27,7269.00,6.00,7.00,5.00,84.00,23.00,2.00,12.34,1741.23
0.28,7265.00,7.00,6.00,6.00,83.00,27.00,2.00,12.17,1995.24
0.28,7253.00,7.00,6.00,6.00,92.00,30.00,2.00,12.01,2272.20
0.29,7247.00,6.00,6.00,7.00,94.00,32.00,4.00,11.87,2555.08
0.30,7240.00,6.00,5.00,8.00,98.00,34.00,5.00,11.58,2843.38
0.31,7229.00,7.00,5.00,8.00,103.00,38.00,6.00,11.33,3166.67
0.31,7220.00,7.00,5.00,8.00,109.00,40.00,7.00,11.09,3491.85
0.32,7217.00,7.00,5.00,8.00,107.00,44.00,8.00,10.88,3848.82
0.33,7207.00,7.00,4.00,9.00,114.00,45.00,10.00,10.53,4189.72
0.33,7193.00,7.00,4.00,9.00,124.00,48.00,11.00,10.21,4546.00
0.34,7182.00,7.00,4.00,9.00,131.00,52.00,11.00,9.93,4931.36
0.35,7169.00,7.00,4.00,9.00,141.00,55.00,11.00,9.66,5328.23
0.35,7154.00,6.00,5.00,9.00,153.00,58.00,11.00,9.57,5735.61
0.36,7146.00,6.00,5.00,9.00,157.00,61.00,12.00,9.49,6152.58
0.37,7131.00,6.00,5.00,9.00,170.00,62.00,13.00,9.41,6548.28
0.38,7109.00,8.00,5.00,9.00,187.00,62.00,16.00,9.35,6909.51
0.38,7086.00,8.00,5.00,9.00,201.00,71.00,16.00,9.28,7374.50
0.39,7071.00,8.00,4.00,10.00,211.00,74.00,18.00,9.08,7844.07
0.40,7049.00,8.00,4.00,10.00,222.00,83.00,20.00,8.89,8407.96
0.40,7029.00,7.00,5.00,10.00,237.00,85.00,23.00,8.86,8952.79
0.41,7007.00,7.00,4.00,11.00,253.00,90.00,24.00,8.69,9525.30
0.42,6991.00,7.00,4.00,11.00,259.00,98.00,26.00,8.54,10168.14
0.42,6968.00,7.00,3.00,12.00,272.00,104.00,30.00,8.24,10845.15
0.43,6958.00,7.00,3.00,12.00,270.00,116.00,30.00,7.98,11643.48
0.44,6948.00,7.00,3.00,12.00,276.00,116.00,34.00,7.73,12372.29
0.44,6921.00,7.00,3.00,12.00,292.00,125.00,36.00,7.51,13172.85
0.45,6899.00,7.00,3.00,12.00,305.00,130.00,40.00,7.31,13978.82
0.46,6884.00,7.00,3.00,12.00,312.00,135.00,43.00,7.12,14789.72
0.47,6863.00,7.00,3.00,12.00,327.00,140.00,44.00,6.95,15605.13
0.47,6840.00,7.00,3.00,12.00,343.00,143.00,48.00,6.80,16394.61
0.48,6817.00,7.00,3.00,12.00,356.00,150.00,51.00,6.66,17220.50
0.49,6795.00,7.00,3.00,12.00,367.00,160.00,52.00,6.53,18124.71
0.49,6773.00,7.00,3.00,12.00,374.00,172.00,55.00,6.41,19130.46
0.50,6749.00,7.00,3.00,12.00,388.00,180.00,57.00,6.30,20168.82
0.51,6732.00,7.00,3.00,12.00,397.00,188.00,57.00,6.20,21236.94
0.51,6710.00,7.00,3.00,12.00,411.00,192.00,61.00,6.11,22272.16
0.52,6681.00,7.00,3.00,12.00,432.00,196.00,65.00,6.03,23277.32
0.53,6648.00,7.00,3.00,12.00,455.00,201.00,70.00,5.96,24270.07
0.53,6619.00,7.00,3.00,12.00,472.00,208.00,75.00,5.89,25281.54
0.54,6591.00,6.00,3.00,13.00,486.00,220.00,77.00,5.83,26385.21
0.55,6567.00,5.00,4.00,13.00,494.00,231.00,82.00,5.92,27558.03
0.56,6549.00,4.00,5.00,13.00,493.00,248.00,84.00,6.16,28884.13
0.56,6525.00,4.00,5.00,13.00,503.00,258.00,88.00,6.37,30244.98
0.57,6491.00,4.00,5.00,13.00,520.00,272.00,91.00,6.57,31697.66
0.58,6461.00,4.00,5.00,13.00,538.00,280.00,95.00,6.75,33144.03
0.58,6421.00,4.00,5.00,13.00,564.00,290.00,99.00,6.91,34614.68
0.59,6393.00,4.00,5.00,14.00,578.00,302.00,100.00,7.06,36137.56
0.60,6345.00,4.00,5.00,14.00,608.00,315.00,105.00,7.20,37723.13
0.60,6307.00,5.00,5.00,14.00,628.00,329.00,108.00,7.32,39380.96
0.61,6260.00,5.00,5.00,14.00,655.00,344.00,113.00,7.43,41119.78
0.62,6213.00,4.00,6.00,14.00,685.00,358.00,116.00,7.69,42917.51
0.62,6179.00,5.00,6.00,14.00,705.00,370.00,117.00,7.92,44738.98
0.63,6135.00,5.00,6.00,14.00,723.00,391.00,122.00,8.13,46717.33
0.64,6089.00,5.00,6.00,14.00,754.00,397.00,131.00,8.33,48613.55
0.65,6046.00,5.00,6.00,14.00,776.00,411.00,138.00,8.50,50554.98
0.65,6011.00,5.00,6.00,14.00,787.00,426.00,147.00,8.66,52552.71
0.66,5976.00,5.00,5.00,15.00,801.00,441.00,153.00,8.66,54601.83
0.67,5927.00,5.00,5.00,15.00,832.00,453.00,159.00,8.66,56652.79
0.67,5881.00,5.00,5.00,15.00,854.00,473.00,163.00,8.65,58825.63
0.68,5836.00,5.00,4.00,16.00,874.00,497.00,164.00,8.50,61169.83
0.69,5794.00,5.00,4.00,16.00,897.00,514.00,166.00,8.36,63565.29
0.69,5753.00,5.00,4.00,16.00,917.00,526.00,175.00,8.24,65932.44
0.70,5696.00,5.00,4.00,16.00,954.00,543.00,178.00,8.12,68348.86
0.71,5649.00,5.00,3.00,17.00,980.00,561.00,181.00,7.86,70825.29
0.72,5604.00,4.00,4.00,17.00,998.00,581.00,188.00,7.78,73386.54
0.72,5545.00,2.00,5.00,18.00,1032.00,604.00,190.00,7.85,76070.30
0.73,5496.00,2.00,5.00,18.00,1043.00,636.00,196.00,7.92,79001.11
0.74,5457.00,2.00,5.00,18.00,1060.00,653.00,201.00,7.98,81932.11
0.74,5402.00,2.00,5.00,18.00,1088.00,675.00,206.00,8.04,84938.40
0.75,5342.00,2.00,5.00,18.00,1119.00,703.00,207.00,8.09,88103.56
0.76,5291.00,2.00,5.00,18.00,1142.00,724.00,214.00,8.14,91308.60
0.76,5226.00,2.00,5.00,18.00,1173.00,749.00,223.00,8.18,94610.13
0.77,5183.00,2.00,5.00,18.00,1175.00,781.00,232.00,8.22,98104.92
0.78,5119.00,2.00,5.00,18.00,1206.00,809.00,237.00,8.25,101716.04
0.78,5059.00,3.00,5.00,18.00,1222.00,849.00,240.00,8.29,105613.65
0.79,4998.00,3.00,5.00,18.00,1250.00,875.00,247.00,8.32,109562.47
0.80,4926.00,3.00,5.00,18.00,1277.00,918.00,249.00,8.34,113813.43
0.81,4869.00,3.00,5.00,18.00,1300.00,946.00,255.00,8.37,118114.89
0.81,4802.00,3.00,5.00,18.00,1340.00,961.00,267.00,8.39,122267.14
0.82,4748.00,2.00,6.00,18.00,1352.00,999.00,271.00,8.56,126628.71
0.83,4692.00,2.00,6.00,18.00,1379.00,1023.00,276.00,8.72,130971.04
0.83,4625.00,2.00,6.00,18.00,1421.00,1041.00,283.00,8.86,135205.68
0.84,4555.00,2.00,6.00,18.00,1446.00,1079.00,290.00,8.99,139642.46
0.85,4490.00,2.00,6.00,18.00,1466.00,1115.00,299.00,9.11,144233.74
0.85,4422.00,2.00,6.00,18.00,1495.00,1140.00,313.00,9.22,148800.80
0.86,4367.00,2.00,6.00,18.00,1503.00,1174.00,326.00,9.31,153480.97
0.87,4310.00,2.00,5.00,19.00,1504.00,1224.00,332.00,9.25,158504.76
0.88,4238.00,2.00,5.00,19.00,1534.00,1259.00,339.00,9.20,163616.92
0.88,4170.00,2.00,5.00,19.00,1556.00,1298.00,346.00,9.15,168869.82
0.89,4094.00,2.00,5.00,19.00,1589.00,1334.00,353.00,9.10,174206.16
0.90,4024.00,2.00,5.00,19.00,1625.00,1360.00,361.00,9.06,179468.43
0.90,3963.00,2.00,5.00,19.00,1637.00,1401.00,369.00,9.02,184888.44
0.91,3895.00,2.00,5.00,19.00,1662.00,1435.00,378.00,8.99,190347.27
0.92,3830.00,2.00,5.00,19.00,1681.00,1476.00,383.00,8.96,195946.72
0.92,3751.00,2.00,5.00,19.00,1714.00,1514.00,391.00,8.93,201629.48
0.93,3682.00,2.00,5.00,19.00,1727.00,1568.00,393.00,8.90,207628.65
0.94,3617.00,2.00,5.00,19.00,1752.00,1601.00,400.00,8.88,213601.19
0.94,3552.00,2.00,5.00,19.00,1765.00,1648.00,405.00,8.86,219759.76
0.95,3480.00,2.00,5.00,19.00,1787.00,1691.00,412.00,8.84,226028.06
0.96,3410.00,2.00,5.00,19.00,1788.00,1752.00,420.00,8.82,232666.96
0.97,3344.00,2.00,5.00,19.00,1787.00,1815.00,424.00,8.80,239674.22
0.97,3274.00,2.00,5.00,19.00,1802.00,1863.00,431.00,8.79,246792.42
0.98,3209.00,2.00,5.00,19.00,1813.00,1911.00,437.00,8.77,254011.91
0.99,3134.00,2.00,5.00,19.00,1845.00,1946.00,445.00,8.76,261128.57
0.99,3065.00,2.00,4.00,20.00,1861.00,1994.00,450.00,8.60,268346.65
1.00,3001.00,2.00,4.00,20.00,1874.00,2043.00,452.00,8.45,275672.33
1.01,2934.00,2.00,4.00,20.00,1885.00,2090.00,461.00,8.32,283066.22
1.01,2862.00,2.00,4.00,20.00,1901.00,2134.00,473.00,8.19,290477.29
1.02,2796.00,2.00,4.00,20.00,1920.00,2176.00,478.00,8.08,297874.00
1.03,2740.00,2.00,4.00,20.00,1912.00,2233.00,485.00,7.98,305482.96
1.03,2660.00,2.00,4.00,20.00,1940.00,2282.00,488.00,7.88,313165.49
1.04,2598.00,2.00,2.00,22.00,1943.00,2336.00,493.00,7.50,320990.31
1.05,2544.00,2.00,2.00,22.00,1938.00,2387.00,501.00,7.15,328899.95
1.06,2482.00,2.00,2.00,22.00,1961.00,2423.00,504.00,6.82,336661.68
1.06,2421.00,2.00,2.00,22.00,1967.00,2470.00,512.00,6.53,344453.64
1.07,2356.00,2.00,2.00,22.00,1979.00,2522.00,513.00,6.26,352348.31
1.08,2312.00,2.00,2.00,22.00,1985.00,2553.00,520.00,6.02,360021.26
1.08,2263.00,2.00,2.00,22.00,1976.00,2604.00,527.00,5.79,367792.26
1.09,2212.00,2.00,2.00,22.00,1972.00,2653.00,533.00,5.59,375622.72
1.10,2156.00,2.00,2.00,22.00,1966.00,2711.00,537.00,5.40,383642.68
1.10,2107.00,2.00,2.00,22.00,1963.00,2758.00,542.00,5.23,391670.38
1.11,2063.00,2.00,2.00,22.00,1951.00,2810.00,546.00,5.08,399780.27
1.12,2012.00,1.00,3.00,22.00,1944.00,2864.00,550.00,5.09,407995.22
1.12,1966.00,1.00,3.00,22.00,1938.00,2912.00,554.00,5.09,416215.96
1.13,1925.00,1.00,2.00,23.00,1930.00,2954.00,561.00,4.95,424351.84
1.14,1871.00,1.00,2.00,23.00,1926.00,3008.00,565.00,4.82,432590.53
1.15,1832.00,1.00,2.00,23.00,1917.00,3048.00,573.00,4.70,440712.75
1.15,1788.00,1.00,2.00,23.00,1911.00,3098.00,573.00,4.59,448878.88
1.16,1752.00,1.00,2.00,23.00,1903.00,3137.00,578.00,4.49,456919.84
1.17,1706.00,1.00,2.00,23.00,1894.00,3185.00,585.00,4.40,464981.73
1.17,1659.00,1.00,2.00,23.00,1888.00,3230.00,593.00,4.32,473017.66
1.18,1627.00,1.00,2.00,23.00,1862.00,3282.00,599.00,4.24,481135.06
1.19,1597.00,1.00,2.00,23.00,1843.00,3328.00,602.00,4.17,489236.69
1.19,1561.00,1.00,1.00,24.00,1826.00,3370.00,613.00,3.96,497263.84
1.20,1517.00,1.00,1.00,24.00,1808.00,3425.00,620.00,3.77,505418.28
1.21,1482.00,1.00,1.00,24.00,1792.00,3468.00,628.00,3.59,513508.67
1.22,1437.00,1.00,1.00,24.00,1801.00,3500.00,632.00,3.43,521375.31
1.22,1408.00,1.00,1.00,24.00,1775.00,3550.00,637.00,3.28,529308.11
1.23,1376.00,1.00,1.00,24.00,1772.00,3581.00,641.00,3.14,537015.88
1.24,1339.00,1.00,1.00,24.00,1762.00,3620.00,649.00,3.02,544638.38
1.24,1305.00,1.00,1.00,24.00,1749.00,3659.00,657.00,2.91,552183.05
1.25,1277.00,1.00,1.00,24.00,1731.00,3700.00,662.00,2.80,559686.71
1.26,1233.00,1.00,1.00,24.00,1734.00,3732.00,671.00,2.71,567017.72
1.26,1197.00,1.00,1.00,24.00,1724.00,3772.00,677.00,2.62,574311.29
1.27,1166.00,1.00,1.00,24.00,1701.00,3823.00,680.00,2.55,581735.95
1.28,1141.00,1.00,1.00,24.00,1685.00,3857.00,687.00,2.47,589024.89
1.28,1104.00,1.00,1.00,24.00,1670.00,3906.00,690.00,2.41,596415.27
1.29,1074.00,1.00,1.00,24.00,1656.00,3943.00,697.00,2.35,603717.98
1.30,1039.00,1.00,1.00,24.00,1638.00,3989.00,704.00,2.30,611075.86
1.31,1014.00,1.00,1.00,24.00,1607.00,4035.00,714.00,2.25,618484.12
1.31,979.00,1.00,1.00,24.00,1586.00,4082.00,723.00,2.20,625953.37
1.32,953.00,1.00,1.00,24.00,1557.00,4126.00,734.00,2.16,633433.25
1.33,920.00,1.00,1.00,24.00,1552.00,4154.00,744.00,2.12,640682.46
1.33,886.00,1.00,1.00,24.00,1532.00,4203.00,749.00,2.09,648036.58
1.34,835.00,1.00,1.00,24.00,1530.00,4248.00,757.00,2.06,655426.36
1.35,801.00,1.00,1.00,24.00,1515.00,4292.00,762.00,2.03,662833.69
1.35,779.00,1.00,1.00,24.00,1507.00,4314.00,770.00,2.00,669926.53
1.36,745.00,1.00,1.00,24.00,1494.00,4353.00,778.00,1.98,676987.65
1.37,718.00,1.00,0.00,25.00,1476.00,4392.00,784.00,1.80,684019.82
1.38,688.00,1.00,0.00,25.00,1461.00,4427.00,794.00,1.65,690965.47
1.38,657.00,1.00,0.00,25.00,1446.00,4468.00,799.00,1.50,697922.26
1.39,627.00,1.00,0.00,25.00,1425.00,4507.00,811.00,1.37,704859.19
1.40,607.00,1.00,0.00,25.00,1402.00,4543.00,818.00,1.25,711732.91
1.40,577.00,1.00,0.00,25.00,1394.00,4574.00,825.00,1.14,718473.81
1.41,552.00,1.00,0.00,25.00,1385.00,4601.00,832.00,1.04,725033.36
1.42,527.00,1.00,0.00,25.00,1372.00,4634.00,837.00,0.95,731517.50
1.42,493.00,1.00,0.00,25.00,1363.00,4671.00,843.00,0.87,737992.88
1.43,469.00,1.00,0.00,25.00,1344.00,4704.00,853.00,0.79,744400.17
1.44,448.00,1.00,0.00,25.00,1322.00,4736.00,864.00,0.73,750730.28
1.44,421.00,1.00,0.00,25.00,1304.00,4777.00,868.00,0.66,757125.14
1.45,394.00,1.00,0.00,25.00,1288.00,4809.00,879.00,0.60,763443.90
1.46,364.00,1.00,0.00,25.00,1276.00,4846.00,884.00,0.55,769768.30
1.47,344.00,0.00,1.00,25.00,1266.00,4871.00,889.00,0.65,775917.58
1.47,324.00,0.00,1.00,25.00,1245.00,4906.00,895.00,0.75,782057.21
1.48,301.00,0.00,1.00,25.00,1236.00,4924.00,909.00,0.83,787932.65
1.49,283.00,0.00,1.00,25.00,1224.00,4949.00,914.00,0.91,793672.05
1.49,269.00,0.00,1.00,25.00,1192.00,4985.00,924.00,0.98,799452.52
1.50,250.00,0.00,1.00,25.00,1172.00,5017.00,931.00,1.05,805210.39
1.51,234.00,0.00,1.00,25.00,1151.00,5046.00,939.00,1.11,810902.56
1.51,226.00,0.00,1.00,25.00,1127.00,5076.00,941.00,1.16,816549.77
1.52,205.00,0.00,1.00,25.00,1116.00,5100.00,949.00,1.21,822065.80
1.53,194.00,0.00,1.00,25.00,1102.00,5118.00,956.00,1.25,827371.93
1.53,176.00,0.00,1.00,25.00,1092.00,5135.00,967.00,1.29,832471.42
1.54,168.00,0.00,1.00,25.00,1066.00,5161.00,975.00,1.33,837517.46
1.55,157.00,0.00,1.00,25.00,1050.00,5182.00,981.00,1.37,842439.61
1.56,144.00,0.00,1.00,25.00,1024.00,5212.00,990.00,1.40,847383.84
1.56,129.00,0.00,1.00,25.00,1011.00,5229.00,1001.00,1.43,852152.95
1.57,116.00,0.00,1.00,25.00,990.00,5257.00,1007.00,1.45,856927.42
1.58,107.00,0.00,1.00,25.00,972.00,5278.00,1013.00,1.48,861601.64
1.58,103.00,0.00,1.00,25.00,954.00,5290.00,1023.00,1.50,866049.13
1.59,95.00,0.00,1.00,25.00,927.00,5319.00,1029.00,1.52,870545.02
1.60,82.00,0.00,1.00,25.00,916.00,5341.00,1031.00,1.54,874979.93
1.60,69.00,0.00,1.00,25.00,900.00,5363.00,1038.00,1.55,879359.17
1.61,63.00,0.00,1.00,25.00,887.00,5377.00,1043.00,1.57,883567.42
1.62,58.00,0.00,1.00,25.00,872.00,5385.00,1055.00,1.58,887529.40
1.62,53.00,0.00,1.00,25.00,855.00,5404.00,1058.00,1.59,891431.84
1.63,50.00,0.00,1.00,25.00,827.00,5429.00,1064.00,1.60,895370.04
1.64,47.00,0.00,1.00,25.00,809.00,5439.00,1075.00,1.62,899115.56
1.65,41.00,0.00,1.00,25.00,791.00,5452.00,1086.00,1.63,902730.23
1.65,40.00,0.00,1.00,25.00,771.00,5467.00,1092.00,1.63,906255.49
1.66,35.00,0.00,1.00,25.00,756.00,5478.00,1101.00,1.64,909639.04
1.67,31.00,0.00,1.00,25.00,744.00,5486.00,1109.00,1.65,912848.16
1.67,29.00,0.00,1.00,25.00,722.00,5504.00,1115.00,1.66,916048.25
1.68,26.00,0.00,1.00,25.00,709.00,5511.00,1124.00,1.66,919074.85
1.69,22.00,0.00,1.00,25.00,690.00,5524.00,1134.00,1.67,922033.21
1.69,17.00,0.00,1.00,25.00,671.00,5544.00,1138.00,1.67,925034.42
1.70,14.00,0.00,1.00,25.00,656.00,5557.00,1143.00,1.68,927969.61
1.71,13.00,0.00,1.00,25.00,642.00,5568.00,1147.00,1.68,930814.46
1.72,11.00,0.00,1.00,25.00,630.00,5570.00,1159.00,1.68,933441.65
1.72,7.00,0.00,1.00,25.00,612.00,5587.00,1164.00,1.69,936095.46
1.73,5.00,0.00,1.00,25.00,599.00,5591.00,1175.00,1.69,938578.28
1.74,3.00,0.00,1.00,25.00,582.00,5601.00,1184.00,1.69,940995.14
1.74,3.00,0.00,1.00,25.00,562.00,5613.00,1192.00,1.70,943381.82
1.75,2.00,0.00,1.00,25.00,548.00,5625.00,1195.00,1.70,945740.96
1.76,2.00,0.00,1.00,25.00,537.00,5625.00,1206.00,1.70,947894.67
1.76,2.00,0.00,1.00,25.00,524.00,5631.00,1213.00,1.70,949950.99
1.77,1.00,0.00,1.00,25.00,514.00,5628.00,1227.00,1.71,951783.18
1.78,1.00,0.00,1.00,25.00,505.00,5629.00,1235.00,1.71,953470.85
1.78,0.00,0.00,1.00,25.00,493.00,5635.00,1242.00,1.71,955101.71
1.79,0.00,0.00,1.00,25.00,479.00,5641.00,1250.00,1.71,956680.70
1.80,0.00,0.00,1.00,25.00,462.00,5651.00,1257.00,1.71,958272.42
1.81,0.00,0.00,1.00,25.00,444.00,5663.00,1263.00,1.71,959905.83
1.81,0.00,0.00,1.00,25.00,428.00,5671.00,1271.00,1.71,961517.18
1.82,0.00,0.00,1.00,25.00,413.00,5685.00,1272.00,1.72,963198.55
1.83,0.00,0.00,1.00,25.00,400.00,5691.00,1279.00,1.72,964823.66
1.83,0.00,0.00,1.00,25.00,393.00,5690.00,1287.00,1.72,966292.23
1.84,0.00,0.00,1.00,25.00,379.00,5695.00,1296.00,1.72,967708.04
1.85,0.00,0.00,1.00,25.00,360.00,5710.00,1300.00,1.72,969225.91
1.85,0.00,0.00,1.00,25.00,341.00,5721.00,1308.00,1.72,970776.87
1.86,0.00,0.00,1.00,25.00,338.00,5714.00,1318.00,1.72,972087.61
1.87,0.00,0.00,1.00,25.00,327.00,5717.00,1326.00,1.72,973329.29
1.88,0.00,0.00,1.00,25.00,320.00,5718.00,1332.00,1.72,974477.87
1.88,0.00,0.00,1.00,25.00,312.00,5720.00,1338.00,1.72,975556.49
1.89,0.00,0.00,1.00,25.00,306.00,5716.00,1348.00,1.72,976481.09
1.90,0.00,0.00,1.00,25.00,292.00,5723.00,1355.00,1.72,977430.34
1.90,0.00,0.00,1.00,25.00,285.00,5718.00,1367.00,1.72,978221.82
1.91,0.00,0.00,1.00,25.00,272.00,5716.00,1382.00,1.72,978914.33
1.92,0.00,0.00,1.00,25.00,261.00,5715.00,1394.00,1.72,979531.52
1.92,0.00,0.00,1.00,25.00,254.00,5716.00,1400.00,1.72,980109.99
1.93,0.00,0.00,1.00,25.00,242.00,5719.00,1409.00,1.72,980683.16
1.94,0.00,0.00,1.00,25.00,236.00,5714.00,1420.00,1.72,981131.30
1.94,0.00,0.00,1.00,25.00,234.00,5705.00,1431.00,1.72,981405.22
1.95,0.00,0.00,1.00,25.00,229.00,5698.00,1443.00,1.72,981550.12
1.96,0.00,0.00,1.00,25.00,221.00,5698.00,1451.00,1.72,981682.40
1.97,0.00,0.00,1.00,25.00,217.00,5689.00,1464.00,1.72,981667.95
1.97,0.00,0.00,1.00,25.00,215.00,5682.00,1473.00,1.72,981549.61
1.98,0.00,0.00,1.00,25.00,205.00,5682.00,1483.00,1.72,981441.56
1.99,0.00,0.00,1.00,25.00,202.00,5676.00,1492.00,1.72,981252.79
1.99,0.00,0.00,1.00,25.00,194.00,5679.00,1497.00,1.72,981125.52
2.00,0.00,0.00,1.00,25.00,188.00,5680.00,1502.00,1.72,981024.36
2.01,0.00,0.00,1.00,25.00,184.00,5676.00,1510.00,1.72,980871.91
2.01,0.00,0.00,1.00,25.00,178.00,5674.00,1518.00,1.72,980702.70
2.02,0.00,0.00,1.00,25.00,176.00,5666.00,1528.00,1.72,980428.03
2.03,0.00,0.00,1.00,25.00,169.00,5664.00,1537.00,1.72,980147.23
2.03,0.00,0.00,1.00,25.00,163.00,5664.00,1543.00,1.72,979890.88
2.04,0.00,0.00,1.00,25.00,157.00,5657.00,1556.00,1.72,979551.70
2.05,0.00,0.00,1.00,25.00,153.00,5655.00,1562.00,1.72,979212.00
2.06,0.00,0.00,1.00,25.00,151.00,5646.00,1573.00,1.72,978766.67
2.06,0.00,0.00,1.00,25.00,150.00,5641.00,1579.00,1.72,978285.01
2.07,0.00,0.00,0.00,26.00,148.00,5636.00,1586.00,1.57,977770.17
2.08,0.00,0.00,0.00,26.00,148.00,5629.00,1593.00,1.44,977195.00
2.08,0.00,0.00,0.00,26.00,145.00,5623.00,1602.00,1.31,976579.77
2.09,0.00,0.00,0.00,26.00,139.00,5625.00,1606.00,1.20,976048.16
2.10,0.00,0.00,0.00,26.00,135.00,5625.00,1610.00,1.09,975562.85
2.10,0.00,0.00,0.00,26.00,129.00,5621.00,1620.00,1.00,975059.69
2.11,0.00,0.00,0.00,26.00,122.00,5624.00,1624.00,0.91,974645.43
2.12,0.00,0.00,0.00,26.00,119.00,5619.00,1632.00,0.83,974192.11
2.12,0.00,0.00,0.00,26.00,116.00,5608.00,1646.00,0.76,973613.02
2.13,0.00,0.00,0.00,26.00,114.00,5602.00,1654.00,0.69,972994.21
2.14,0.00,0.00,0.00,26.00,113.00,5595.00,1662.00,0.63,972324.12
2.15,0.00,0.00,0.00,26.00,111.00,5593.00,1666.00,0.58,971682.34
2.15,0.00,0.00,0.00,26.00,110.00,5588.00,1672.00,0.53,971021.33
2.16,0.00,0.00,0.00,26.00,105.00,5588.00,1677.00,0.48,970417.87
2.17,0.00,0.00,0.00,26.00,103.00,5581.00,1686.00,0.44,969761.80
2.17,0.00,0.00,0.00,26.00,101.00,5577.00,1692.00,0.40,969102.76
2.18,0.00,0.00,0.00,26.00,98.00,5571.00,1701.00,0.37,968410.97
2.19,0.00,0.00,0.00,26.00,95.00,5566.00,1709.00,0.33,967704.30
2.19,0.00,0.00,0.00,26.00,92.00,5560.00,1718.00,0.31,966969.03
2.20,0.00,0.00,0.00,26.00,91.00,5554.00,1725.00,0.28,966207.65
2.21,0.00,0.00,0.00,26.00,88.00,5546.00,1736.00,0.25,965392.37
2.22,0.00,0.00,0.00,26.00,83.00,5546.00,1741.00,0.23,964648.09
2.22,0.00,0.00,0.00,26.00,82.00,5540.00,1748.00,0.21,963878.48
2.23,0.00,0.00,0.00,26.00,81.00,5533.00,1756.00,0.19,963070.72
2.24,0.00,0.00,0.00,26.00,79.00,5529.00,1762.00,0.18,962273.21
2.24,0.00,0.00,0.00,26.00,76.00,5525.00,1769.00,0.16,961485.04
2.25,0.00,0.00,0.00,26.00,72.00,5523.00,1775.00,0.15,960735.47
2.26,0.00,0.00,0.00,26.00,71.00,5514.00,1785.00,0.13,959915.95
2.26,0.00,0.00,0.00,26.00,70.00,5508.00,1792.00,0.12,959077.65
2.27,0.00,0.00,0.00,26.00,69.00,5501.00,1800.00,0.11,958207.19
2.28,0.00,0.00,0.00,26.00,69.00,5491.00,1810.00,0.10,957262.29
2.28,0.00,0.00,0.00,26.00,65.00,5487.00,1818.00,0.09,956339.58
2.29,0.00,0.00,0.00,26.00,64.00,5486.00,1820.00,0.09,955482.19
2.30,0.00,0.00,0.00,26.00,60.00,5485.00,1825.00,0.08,954684.44
2.31,0.00,0.00,0.00,26.00,57.00,5481.00,1832.00,0.07,953896.06
2.31,0.00,0.00,0.00,26.00,55.00,5479.00,1836.00,0.06,953146.28
2.32,0.00,0.00,0.00,26.00,53.00,5475.00,1842.00,0.06,952401.70
2.33,0.00,0.00,0.00,26.00,47.00,5475.00,1848.00,0.05,951721.95
2.33,0.00,0.00,0.00,26.00,47.00,5467.00,1856.00,0.05,950981.21
2.34,0.00,0.00,0.00,26.00,44.00,5461.00,1865.00,0.05,950214.83
2.35,0.00,0.00,0.00,26.00,41.00,5458.00,1871.00,0.04,949470.11
2.35,0.00,0.00,0.00,26.00,39.00,5453.00,1878.00,0.04,948715.12
2.36,0.00,0.00,0.00,26.00,36.00,5450.00,1884.00,0.03,947980.81
2.37,0.00,0.00,0.00,26.00,35.00,5447.00,1888.00,0.03,947265.37
2.38,0.00,0.00,0.00,26.00,35.00,5434.00,1901.00,0.03,946416.92
2.38,0.00,0.00,0.00,26.00,34.00,5427.00,1909.00,0.03,945537.20
2.39,0.00,0.00,0.00,26.00,32.00,5424.00,1914.00,0.02,944689.00
2.40,0.00,0.00,0.00,26.00,31.00,5419.00,1920.00,0.02,943839.55
2.40,0.00,0.00,0.00,26.00,30.00,5414.00,1926.00,0.02,942988.95
2.41,0.00,0.00,0.00,26.00,28.00,5406.00,1936.00,0.02,942092.23
2.42,0.00,0.00,0.00,26.00,28.00,5393.00,1949.00,0.02,941078.29
2.42,0.00,0.00,0.00,26.00,28.00,5381.00,1961.00,0.02,939972.37
2.43,0.00,0.00,0.00,26.00,27.00,5375.00,1968.00,0.01,938872.60
2.44,0.00,0.00,0.00,26.00,27.00,5366.00,1977.00,0.01,937733.39
2.44,0.00,0.00,0.00,26.00,27.00,5364.00,1979.00,0.01,936663.34
2.45,0.00,0.00,0.00,26.00,27.00,5355.00,1988.00,0.01,935551.25
2.46,0.00,0.00,0.00,26.00,25.00,5347.00,1998.00,0.01,934415.81
2.47,0.00,0.00,0.00,26.00,25.00,5345.00,2000.00,0.01,933349.19
2.47,0.00,0.00,0.00,26.00,24.00,5338.00,2008.00,0.01,932270.29
2.48,0.00,0.00,0.00,26.00,23.00,5331.00,2016.00,0.01,931180.18
2.49,0.00,0.00,0.00,26.00,23.00,5315.00,2032.00,0.01,929944.61
2.49,0.00,0.00,0.00,26.00,23.00,5313.00,2034.00,0.01,928786.59
2.50,0.00,0.00,0.00,26.00,23.00,5307.00,2040.00,0.01,927639.27
2.51,0.00,0.00,0.00,26.00,23.00,5302.00,2045.00,0.01,926516.73
2.51,0.00,0.00,0.00,26.00,23.00,5296.00,2051.00,0.00,925401.80
2.52,0.00,0.00,0.00,26.00,23.00,5289.00,2058.00,0.00,924278.80
2.53,0.00,0.00,0.00,26.00,22.00,5284.00,2064.00,0.00,923178.46
2.53,0.00,0.00,0.00,26.00,22.00,5280.00,2068.00,0.00,922113.84
2.54,0.00,0.00,0.00,26.00,21.00,5277.00,2072.00,0.00,921096.86
2.55,0.00,0.00,0.00,26.00,20.00,5267.00,2083.00,0.00,920018.20
2.56,0.00,0.00,0.00,26.00,19.00,5258.00,2093.00,0.00,918898.26
2.56,0.00,0.00,0.00,26.00,19.00,5252.00,2099.00,0.00,917785.70
2.57,0.00,0.00,0.00,26.00,18.00,5245.00,2107.00,0.00,916664.86
2.58,0.00,0.00,0.00,26.00,18.00,5236.00,2116.00,0.00,915506.40
2.58,0.00,0.00,0.00,26.00,18.00,5221.00,2131.00,0.00,914223.48
2.59,0.00,0.00,0.00,26.00,18.00,5213.00,2139.00,0.00,912932.07
2.60,0.00,0.00,0.00,26.00,16.00,5208.00,2146.00,0.00,911678.01
2.60,0.00,0.00,0.00,26.00,16.00,5202.00,2152.00,0.00,910443.00
2.61,0.00,0.00,0.00,26.00,16.00,5199.00,2155.00,0.00,909270.47
2.62,0.00,0.00,0.00,26.00,15.00,5192.00,2163.00,0.00,908094.87
2.62,0.00,0.00,0.00,26.00,15.00,5185.00,2170.00,0.00,906916.48
2.63,0.00,0.00,0.00,26.00,15.00,5178.00,2177.00,0.00,905735.53
2.64,0.00,0.00,0.00,26.00,15.00,5169.00,2186.00,0.00,904522.21
2.65,0.00,0.00,0.00,26.00,15.00,5154.00,2201.00,0.00,903189.19
2.65,0.00,0.00,0.00,26.00,15.00,5147.00,2208.00,0.00,901867.09
2.66,0.00,0.00,0.00,26.00,15.00,5140.00,2215.00,0.00,900554.94
2.67,0.00,0.00,0.00,26.00,15.00,5130.00,2225.00,0.00,899206.83
2.67,0.00,0.00,0.00,26.00,15.00,5119.00,2236.00,0.00,897810.84
2.68,0.00,0.00,0.00,26.00,15.00,5115.00,2240.00,0.00,896476.32
2.69,0.00,0.00,0.00,26.00,14.00,5111.00,2245.00,0.00,895197.91
2.69,0.00,0.00,0.00,26.00,13.00,5107.00,2250.00,0.00,893970.73
2.70,0.00,0.00,0.00,26.00,13.00,5088.00,2269.00,0.00,892564.97
2.71,0.00,0.00,0.00,26.00,13.00,5082.00,2275.00,0.00,891191.47
2.72,0.00,0.00,0.00,26.00,13.00,5073.00,2284.00,0.00,889802.37
2.72,0.00,0.00,0.00,26.00,13.00,5069.00,2288.00,0.00,888474.13
2.73,0.00,0.00,0.00,26.00,12.00,5064.00,2294.00,0.00,887186.44
2.74,0.00,0.00,0.00,26.00,12.00,5054.00,2304.00,0.00,885860.64
2.74,0.00,0.00,0.00,26.00,12.00,5048.00,2310.00,0.00,884560.14
2.75,0.00,0.00,0.00,26.00,12.00,5044.00,2314.00,0.00,883312.80
2.76,0.00,0.00,0.00,26.00,12.00,5033.00,2325.00,0.00,882008.81
2.76,0.00,0.00,0.00,26.00,12.00,5023.00,2335.00,0.00,880668.14
2.77,0.00,0.00,0.00,26.00,12.00,5013.00,2345.00,0.00,879293.98
2.78,0.00,0.00,0.00,26.00,12.00,5002.00,2356.00,0.00,877874.22
2.78,0.00,0.00,0.00,26.00,12.00,4990.00,2368.00,0.00,876397.81
2.79,0.00,0.00,0.00,26.00,12.00,4985.00,2373.00,0.00,874974.85
2.80,0.00,0.00,0.00,26.00,12.00,4977.00,2381.00,0.00,873555.60
2.81,0.00,0.00,0.00,26.00,12.00,4970.00,2388.00,0.00,872154.78
2.81,0.00,0.00,0.00,26.00,12.00,4961.00,2397.00,0.00,870740.72
2.82,0.00,0.00,0.00,26.00,12.00,4957.00,2401.00,0.00,869389.71
2.83,0.00,0.00,0.00,26.00,12.00,4952.00,2406.00,0.00,868081.22
2.83,0.00,0.00,0.00,26.00,12.00,4943.00,2415.00,0.00,866751.46
2.84,0.00,0.00,0.00,26.00,12.00,4936.00,2422.00,0.00,865432.32
2.85,0.00,0.00,0.00,26.00,12.00,4927.00,2431.00,0.00,864092.85
2.85,0.00,0.00,0.00,26.00,12.00,4920.00,2438.00,0.00,862764.85
2.86,0.00,0.00,0.00,26.00,12.00,4911.00,2447.00,0.00,861417.27
2.87,0.00,0.00,0.00,26.00,12.00,4906.00,2452.00,0.00,860111.93
2.88,0.00,0.00,0.00,26.00,11.00,4901.00,2458.00,0.00,858845.13
2.88,0.00,0.00,0.00,26.00,10.00,4890.00,2470.00,0.00,857523.38
2.89,0.00,0.00,0.00,26.00,10.00,4884.00,2476.00,0.00,856226.59
2.90,0.00,0.00,0.00,26.00,10.00,4881.00,2479.00,0.00,854997.65
2.90,0.00,0.00,0.00,26.00,9.00,4873.00,2488.00,0.00,853755.54
2.91,0.00,0.00,0.00,26.00,9.00,4871.00,2490.00,0.00,852591.53
2.92,0.00,0.00,0.00,26.00,9.00,4862.00,2499.00,0.00,851393.68
2.92,0.00,0.00,0.00,26.00,9.00,4854.00,2507.00,0.00,850179.94
2.93,0.00,0.00,0.00,26.00,7.00,4852.00,2511.00,0.00,849041.85
2.94,0.00,0.00,0.00,26.00,7.00,4842.00,2521.00,0.00,847852.62
2.94,0.00,0.00,0.00,26.00,7.00,4834.00,2529.00,0.00,846646.77
2.95,0.00,0.00,0.00,26.00,7.00,4829.00,2534.00,0.00,845470.80
2.96,0.00,0.00,0.00,26.00,7.00,4823.00,2540.00,0.00,844307.09
2.97,0.00,0.00,0.00,26.00,7.00,4813.00,2550.00,0.00,843094.47
2.97,0.00,0.00,0.00,26.00,7.00,4803.00,2560.00,0.00,841837.22
2.98,0.00,0.00,0.00,26.00,7.00,4797.00,2566.00,0.00,840599.31
2.99,0.00,0.00,0.00,26.00,7.00,4788.00,2575.00,0.00,839333.98
2.99,0.00,0.00,0.00,26.00,5.00,4783.00,2582.00,0.00,838103.71
3.00,0.00,0.00,0.00,26.00,5.00,4778.00,2587.00,0.00,836905.46
3.01,0.00,0.00,0.00,26.00,5.00,4771.00,2594.00,0.00,835706.38
3.01,0.00,0.00,0.00,26.00,5.00,4762.00,2603.00,0.00,834476.50
3.02,0.00,0.00,0.00,26.00,4.00,4754.00,2612.00,0.00,833233.53
3.03,0.00,0.00,0.00,26.00,4.00,4744.00,2622.00,0.00,831948.57
3.03,0.00,0.00,0.00,26.00,4.00,4739.00,2627.00,0.00,830700.38
3.04,0.00,0.00,0.00,26.00,4.00,4732.00,2634.00,0.00,829455.71
3.05,0.00,0.00,0.00,26.00,4.00,4724.00,2642.00,0.00,828199.24
3.06,0.00,0.00,0.00,26.00,4.00,4721.00,2645.00,0.00,827007.11
3.06,0.00,0.00,0.00,26.00,4.00,4714.00,2652.00,0.00,825813.62
3.07,0.00,0.00,0.00,26.00,4.00,4706.00,2660.00,0.00,824603.87
3.08,0.00,0.00,0.00,26.00,4.00,4699.00,2667.00,0.00,823394.30
3.08,0.00,0.00,0.00,26.00,4.00,4693.00,2673.00,0.00,822199.92
3.09,0.00,0.00,0.00,26.00,4.00,4687.00,2679.00,0.00,821019.39
3.10,0.00,0.00,0.00,26.00,4.00,4681.00,2685.00,0.00,819851.53
3.10,0.00,0.00,0.00,26.00,4.00,4670.00,2696.00,0.00,818620.10
3.11,0.00,0.00,0.00,26.00,4.00,4660.00,2706.00,0.00,817345.67
3.12,0.00,0.00,0.00,26.00,4.00,4645.00,2721.00,0.00,815956.87
3.12,0.00,0.00,0.00,26.00,3.00,4637.00,2730.00,0.00,814568.81
3.13,0.00,0.00,0.00,26.00,2.00,4628.00,2740.00,0.00,813166.41
3.14,0.00,0.00,0.00,26.00,2.00,4624.00,2744.00,0.00,811826.03
3.15,0.00,0.00,0.00,26.00,2.00,4618.00,2750.00,0.00,810512.23
3.15,0.00,0.00,0.00,26.00,2.00,4609.00,2759.00,0.00,809177.62
3.16,0.00,0.00,0.00,26.00,2.00,4604.00,2764.00,0.00,807884.11
3.17,0.00,0.00,0.00,26.00,2.00,4593.00,2775.00,0.00,806537.98
3.17,0.00,0.00,0.00,26.00,2.00,4585.00,2783.00,0.00,805188.88
3.18,0.00,0.00,0.00,26.00,1.00,4582.00,2787.00,0.00,803912.18
3.19,0.00,0.00,0.00,26.00,1.00,4573.00,2796.00,0.00,802611.45
3.19,0.00,0.00,0.00,26.00,1.00,4561.00,2808.00,0.00,801243.70
3.20,0.00,0.00,0.00,26.00,1.00,4557.00,2812.00,0.00,799934.96
3.21,0.00,0.00,0.00,26.00,1.00,4552.00,2817.00,0.00,798665.06
3.22,0.00,0.00,0.00,26.00,1.00,4539.00,2830.00,0.00,797310.43
3.22,0.00,0.00,0.00,26.00,1.00,4533.00,2836.00,0.00,795983.63
3.23,0.00,0.00,0.00,26.00,1.00,4524.00,2845.00,0.00,794637.15
3.24,0.00,0.00,0.00,26.00,1.00,4519.00,2850.00,0.00,793332.80
3.24,0.00,0.00,0.00,26.00,1.00,4508.00,2861.00,0.00,791976.77
3.25,0.00,0.00,0.00,26.00,1.00,4498.00,2871.00,0.00,790588.59
3.26,0.00,0.00,0.00,26.00,1.00,4491.00,2878.00,0.00,789216.12
3.26,0.00,0.00,0.00,26.00,1.00,4480.00,2889.00,0.00,787797.91
3.27,0.00,0.00,0.00,26.00,1.00,4469.00,2900.00,0.00,786337.94
3.28,0.00,0.00,0.00,26.00,1.00,4454.00,2915.00,0.00,784779.75
3.28,0.00,0.00,0.00,26.00,1.00,4447.00,2922.00,0.00,783252.07
3.29,0.00,0.00,0.00,26.00,1.00,4444.00,2925.00,0.00,781812.36
3.30,0.00,0.00,0.00,26.00,1.00,4438.00,2931.00,0.00,780407.86
3.31,0.00,0.00,0.00,26.00,1.00,4433.00,2936.00,0.00,779050.56
3.31,0.00,0.00,0.00,26.00,1.00,4427.00,2942.00,0.00,777721.29
3.32,0.00,0.00,0.00,26.00,1.00,4421.00,2948.00,0.00,776417.64
3.33,0.00,0.00,0.00,26.00,1.00,4418.00,2951.00,0.00,775182.44
3.33,0.00,0.00,0.00,26.00,1.00,4409.00,2960.00,0.00,773919.58
3.34,0.00,0.00,0.00,26.00,1.00,4403.00,2966.00,0.00,772676.55
3.35,0.00,0.00,0.00,26.00,1.00,4394.00,2975.00,0.00,771406.55
3.35,0.00,0.00,0.00,26.00,1.00,4383.00,2986.00,0.00,770081.88
3.36,0.00,0.00,0.00,26.00,1.00,4380.00,2989.00,0.00,768827.49
3.37,0.00,0.00,0.00,26.00,1.00,4376.00,2993.00,0.00,767622.24
3.38,0.00,0.00,0.00,26.00,1.00,4369.00,3000.00,0.00,766416.77
3.38,0.00,0.00,0.00,26.00,1.00,4357.00,3012.00,0.00,765135.99
3.39,0.00,0.00,0.00,26.00,1.00,4349.00,3020.00,0.00,763846.55
3.40,0.00,0.00,0.00,26.00,1.00,4339.00,3030.00,0.00,762519.16
3.40,0.00,0.00,0.00,26.00,1.00,4335.00,3034.00,0.00,761247.26
3.41,0.00,0.00,0.00,26.00,1.00,4326.00,3043.00,0.00,759950.91
3.42,0.00,0.00,0.00,26.00,1.00,4315.00,3054.00,0.00,758602.18
3.42,0.00,0.00,0.00,26.00,1.00,4306.00,3063.00,0.00,757235.68
3.43,0.00,0.00,0.00,26.00,1.00,4301.00,3068.00,0.00,755913.06
3.44,0.00,0.00,0.00,26.00,1.00,4297.00,3072.00,0.00,754645.52
3.44,0.00,0.00,0.00,26.00,1.00,4288.00,3081.00,0.00,753353.14
3.45,0.00,0.00,0.00,26.00,1.00,4285.00,3084.00,0.00,752128.22
3.46,0.00,0.00,0.00,26.00,1.00,4279.00,3090.00,0.00,750919.83
3.47,0.00,0.00,0.00,26.00,1.00,4269.00,3100.00,0.00,749666.43
3.47,0.00,0.00,0.00,26.00,1.00,4255.00,3114.00,0.00,748311.84
3.48,0.00,0.00,0.00,26.00,1.00,4247.00,3122.00,0.00,746955.03
3.49,0.00,0.00,0.00,26.00,1.00,4243.00,3126.00,0.00,745656.26
3.49,0.00,0.00,0.00,26.00,0.00,4237.00,3133.00,0.00,744380.45
3.50,0.00,0.00,0.00,26.00,0.00,4227.00,3143.00,0.00,743065.50
3.51,0.00,0.00,0.00,26.00,0.00,4215.00,3155.00,0.00,741684.77
3.51,0.00,0.00,0.00,26.00,0.00,4206.00,3164.00,0.00,740289.07
3.52,0.00,0.00,0.00,26.00,0.00,4197.00,3173.00,0.00,738879.68
3.53,0.00,0.00,0.00,26.00,0.00,4192.00,3178.00,0.00,737517.91
3.53,0.00,0.00,0.00,26.00,0.00,4182.00,3188.00,0.00,736124.48
3.54,0.00,0.00,0.00,26.00,0.00,4175.00,3195.00,0.00,734747.23
3.55,0.00,0.00,0.00,26.00,0.00,4165.00,3205.00,0.00,733339.67
3.56,0.00,0.00,0.00,26.00,0.00,4159.00,3211.00,0.00,731964.53
3.56,0.00,0.00,0.00,26.00,0.00,4154.00,3216.00,0.00,730634.02
3.57,0.00,0.00,0.00,26.00,0.00,4149.00,3221.00,0.00,729344.25
3.58,0.00,0.00,0.00,26.00,0.00,4144.00,3226.00,0.00,728091.68
3.58,0.00,0.00,0.00,26.00,0.00,4136.00,3234.00,0.00,726827.98
3.59,0.00,0.00,0.00,26.00,0.00,4125.00,3245.00,0.00,725509.07
3.60,0.00,0.00,0.00,26.00,0.00,4121.00,3249.00,0.00,724244.92
3.60,0.00,0.00,0.00,26.00,0.00,4112.00,3258.00,0.00,722955.63
3.61,0.00,0.00,0.00,26.00,0.00,4109.00,3261.00,0.00,721733.54
3.62,0.00,0.00,0.00,26.00,0.00,4101.00,3269.00,0.00,720497.68
3.62,0.00,0.00,0.00,26.00,0.00,4092.00,3278.00,0.00,719234.22
3.63,0.00,0.00,0.00,26.00,0.00,4082.00,3288.00,0.00,717930.55
3.64,0.00,0.00,0.00,26.00,0.00,4072.00,3298.00,0.00,716590.17
3.65,0.00,0.00,0.00,26.00,0.00,4067.00,3303.00,0.00,715291.39
3.65,0.00,0.00,0.00,26.00,0.00,4057.00,3313.00,0.00,713955.47
3.66,0.00,0.00,0.00,26.00,0.00,4047.00,3323.00,0.00,712585.64
3.67,0.00,0.00,0.00,26.00,0.00,4040.00,3330.00,0.00,711229.93
3.67,0.00,0.00,0.00,26.00,0.00,4031.00,3339.00,0.00,709857.07
3.68,0.00,0.00,0.00,26.00,0.00,4022.00,3348.00,0.00,708468.53
3.69,0.00,0.00,0.00,26.00,0.00,4014.00,3356.00,0.00,707080.72
3.69,0.00,0.00,0.00,26.00,0.00,4007.00,3363.00,0.00,705708.60
3.70,0.00,0.00,0.00,26.00,0.00,3997.00,3373.00,0.00,704305.72
3.71,0.00,0.00,0.00,26.00,0.00,3988.00,3382.00,0.00,702889.79
3.72,0.00,0.00,0.00,26.00,0.00,3978.00,3392.00,0.00,701446.93
3.72,0.00,0.00,0.00,26.00,0.00,3971.00,3399.00,0.00,700024.54
3.73,0.00,0.00,0.00,26.00,0.00,3963.00,3407.00,0.00,698605.82
3.74,0.00,0.00,0.00,26.00,0.00,3952.00,3418.00,0.00,697145.38
3.74,0.00,0.00,0.00,26.00,0.00,3944.00,3426.00,0.00,695691.93
3.75,0.00,0.00,0.00,26.00,0.00,3939.00,3431.00,0.00,694289.92
3.76,0.00,0.00,0.00,26.00,0.00,3934.00,3436.00,0.00,692934.88
3.76,0.00,0.00,0.00,26.00,0.00,3927.00,3443.00,0.00,691592.67
3.77,0.00,0.00,0.00,26.00,0.00,3912.00,3458.00,0.00,690141.99
3.78,0.00,0.00,0.00,26.00,0.00,3904.00,3466.00,0.00,688697.44
3.78,0.00,0.00,0.00,26.00,0.00,3895.00,3475.00,0.00,687243.46
3.79,0.00,0.00,0.00,26.00,0.00,3889.00,3481.00,0.00,685825.96
3.80,0.00,0.00,0.00,26.00,0.00,3884.00,3486.00,0.00,684456.77
3.81,0.00,0.00,0.00,26.00,0.00,3876.00,3494.00,0.00,683086.62
3.81,0.00,0.00,0.00,26.00,0.00,3868.00,3502.00,0.00,681715.59
3.82,0.00,0.00,0.00,26.00,0.00,3863.00,3507.00,0.00,680388.83
3.83,0.00,0.00,0.00,26.00,0.00,3854.00,3516.00,0.00,679042.39
3.83,0.00,0.00,0.00,26.00,0.00,3846.00,3524.00,0.00,677693.01
3.84,0.00,0.00,0.00,26.00,0.00,3841.00,3529.00,0.00,676386.01
3.85,0.00,0.00,0.00,26.00,0.00,3834.00,3536.00,0.00,675087.66
3.85,0.00,0.00,0.00,26.00,0.00,3827.00,3543.00,0.00,673797.20
3.86,0.00,0.00,0.00,26.00,0.00,3814.00,3556.00,0.00,672423.81
3.87,0.00,0.00,0.00,26.00,0.00,3809.00,3561.00,0.00,671094.89
3.88,0.00,0.00,0.00,26.00,0.00,3797.00,3573.00,0.00,669701.42
3.88,0.00,0.00,0.00,26.00,0.00,3787.00,3583.00,0.00,668279.04
3.89,0.00,0.00,0.00,26.00,0.00,3777.00,3593.00,0.00,666830.30
3.90,0.00,0.00,0.00,26.00,0.00,3768.00,3602.00,0.00,665372.49
3.90,0.00,0.00,0.00,26.00,0.00,3766.00,3604.00,0.00,664011.58
3.91,0.00,0.00,0.00,26.00,0.00,3757.00,3613.00,0.00,662633.96
3.92,0.00,0.00,0.00,26.00,0.00,3743.00,3627.00,0.00,661165.98
3.92,0.00,0.00,0.00,26.00,0.00,3734.00,3636.00,0.00,659690.62
3.93,0.00,0.00,0.00,26.00,0.00,3725.00,3645.00,0.00,658208.51
3.94,0.00,0.00,0.00,26.00,0.00,3717.00,3653.00,0.00,656735.28
3.94,0.00,0.00,0.00,26.00,0.00,3710.00,3660.00,0.00,655285.17
3.95,0.00,0.00,0.00,26.00,0.00,3705.00,3665.00,0.00,653886.21
3.96,0.00,0.00,0.00,26.00,0.00,3699.00,3671.00,0.00,652518.93
3.97,0.00,0.00,0.00,26.00,0.00,3688.00,3682.00,0.00,651105.45
3.97,0.00,0.00,0.00,26.00,0.00,3679.00,3691.00,0.00,649679.85
3.98,0.00,0.00,0.00,26.00,0.00,3669.00,3701.00,0.00,648228.15
3.99,0.00,0.00,0.00,26.00,0.00,3661.00,3709.00,0.00,646782.67
3.99,0.00,0.00,0.00,26.00,0.00,3654.00,3716.00,0.00,645357.90
4.00,0.00,0.00,0.00,26.00,0.00,3647.00,3723.00,0.00,643952.02
4.01,0.00,0.00,0.00,26.00,0.00,3643.00,3727.00,0.00,642608.48
4.01,0.00,0.00,0.00,26.00,0.00,3635.00,3735.00,0.00,641261.74
4.02,0.00,0.00,0.00,26.00,0.00,3626.00,3744.00,0.00,639897.06
4.03,0.00,0.00,0.00,26.00,0.00,3618.00,3752.00,0.00,638531.03
4.03,0.00,0.00,0.00,26.00,0.00,3603.00,3767.00,0.00,637058.59
4.04,0.00,0.00,0.00,26.00,0.00,3596.00,3774.00,0.00,635609.21
4.05,0.00,0.00,0.00,26.00,0.00,3589.00,3781.00,0.00,634180.88
4.06,0.00,0.00,0.00,26.00,0.00,3581.00,3789.00,0.00,632756.73
4.06,0.00,0.00,0.00,26.00,0.00,3577.00,3793.00,0.00,631396.50
4.07,0.00,0.00,0.00,26.00,0.00,3571.00,3799.00,0.00,630064.57
4.08,0.00,0.00,0.00,26.00,0.00,3568.00,3802.00,0.00,628803.56
4.08,0.00,0.00,0.00,26.00,0.00,3562.00,3808.00,0.00,627562.21
4.09,0.00,0.00,0.00,26.00,0.00,3558.00,3812.00,0.00,626368.86
4.10,0.00,0.00,0.00,26.00,0.00,3552.00,3818.00,0.00,625189.28
4.10,0.00,0.00,0.00,26.00,0.00,3545.00,3825.00,0.00,624007.25
4.11,0.00,0.00,0.00,26.00,0.00,3534.00,3836.00,0.00,622762.90
4.12,0.00,0.00,0.00,26.00,0.00,3526.00,3844.00,0.00,621506.71
4.12,0.00,0.00,0.00,26.00,0.00,3513.00,3857.00,0.00,620164.61
4.13,0.00,0.00,0.00,26.00,0.00,3502.00,3868.00,0.00,618774.12
4.14,0.00,0.00,0.00,26.00,0.00,3491.00,3879.00,0.00,617339.45
4.15,0.00,0.00,0.00,26.00,0.00,3479.00,3891.00,0.00,615849.43
4.15,0.00,0.00,0.00,26.00,0.00,3472.00,3898.00,0.00,614383.99
4.16,0.00,0.00,0.00,26.00,0.00,3464.00,3906.00,0.00,612925.97
4.17,0.00,0.00,0.00,26.00,0.00,3457.00,3913.00,0.00,611489.75
4.17,0.00,0.00,0.00,26.00,0.00,3451.00,3919.00,0.00,610088.45
4.18,0.00,0.00,0.00,26.00,0.00,3444.00,3926.00,0.00,608704.01
4.19,0.00,0.00,0.00,26.00,0.00,3436.00,3934.00,0.00,607319.93
4.19,0.00,0.00,0.00,26.00,0.00,3424.00,3946.00,0.00,605876.10
4.20,0.00,0.00,0.00,26.00,0.00,3416.00,3954.00,0.00,604437.81
4.21,0.00,0.00,0.00,26.00,0.00,3406.00,3964.00,0.00,602974.52
4.22,0.00,0.00,0.00,26.00,0.00,3397.00,3973.00,0.00,601503.45
4.22,0.00,0.00,0.00,26.00,0.00,3392.00,3978.00,0.00,600085.35
4.23,0.00,0.00,0.00,26.00,0.00,3389.00,3981.00,0.00,598745.67
4.24,0.00,0.00,0.00,26.00,0.00,3380.00,3990.00,0.00,597387.43
4.24,0.00,0.00,0.00,26.00,0.00,3371.00,3999.00,0.00,596012.25
4.25,0.00,0.00,0.00,26.00,0.00,3368.00,4002.00,0.00,594711.75
4.26,0.00,0.00,0.00,26.00,0.00,3358.00,4012.00,0.00,593374.27
4.26,0.00,0.00,0.00,26.00,0.00,3349.00,4021.00,0.00,592018.03
4.27,0.00,0.00,0.00,26.00,0.00,3344.00,4026.00,0.00,590704.78
4.28,0.00,0.00,0.00,26.00,0.00,3334.00,4036.00,0.00,589355.65
4.28,0.00,0.00,0.00,26.00,0.00,3328.00,4042.00,0.00,588033.85
4.29,0.00,0.00,0.00,26.00,0.00,3322.00,4048.00,0.00,586737.02
4.30,0.00,0.00,0.00,26.00,0.00,3314.00,4056.00,0.00,585432.92
4.31,0.00,0.00,0.00,26.00,0.00,3307.00,4063.00,0.00,584137.22
4.31,0.00,0.00,0.00,26.00,0.00,3297.00,4073.00,0.00,582804.11
4.32,0.00,0.00,0.00,26.00,0.00,3290.00,4080.00,0.00,581481.92
4.33,0.00,0.00,0.00,26.00,0.00,3286.00,4084.00,0.00,580214.76
4.33,0.00,0.00,0.00,26.00,0.00,3278.00,4092.00,0.00,578937.77
4.34,0.00,0.00,0.00,26.00,0.00,3268.00,4102.00,0.00,577621.73
4.35,0.00,0.00,0.00,26.00,0.00,3260.00,4110.00,0.00,576300.11
4.35,0.00,0.00,0.00,26.00,0.00,3253.00,4117.00,0.00,574988.41
4.36,0.00,0.00,0.00,26.00,0.00,3249.00,4121.00,0.00,573730.83
4.37,0.00,0.00,0.00,26.00,0.00,3244.00,4126.00,0.00,572507.64
4.38,0.00,0.00,0.00,26.00,0.00,3236.00,4134.00,0.00,571270.78
4.38,0.00,0.00,0.00,26.00,0.00,3228.00,4142.00,0.00,570021.43
4.39,0.00,0.00,0.00,26.00,0.00,3222.00,4148.00,0.00,568790.73
4.40,0.00,0.00,0.00,26.00,0.00,3217.00,4153.00,0.00,567592.08
4.40,0.00,0.00,0.00,26.00,0.00,3216.00,4154.00,0.00,566482.78
4.41,0.00,0.00,0.00,26.00,0.00,3209.00,4161.00,0.00,565364.92
4.42,0.00,0.00,0.00,26.00,0.00,3203.00,4167.00,0.00,564254.25
4.42,0.00,0.00,0.00,26.00,0.00,3196.00,4174.00,0.00,563135.14
4.43,0.00,0.00,0.00,26.00,0.00,3188.00,4182.00,0.00,561993.28
4.44,0.00,0.00,0.00,26.00,0.00,3180.00,4190.00,0.00,560830.67
4.44,0.00,0.00,0.00,26.00,0.00,3174.00,4196.00,0.00,559679.16
4.45,0.00,0.00,0.00,26.00,0.00,3171.00,4199.00,0.00,558582.85
4.46,0.00,0.00,0.00,26.00,0.00,3170.00,4200.00,0.00,557566.97
4.47,0.00,0.00,0.00,26.00,0.00,3161.00,4209.00,0.00,556504.35
4.47,0.00,0.00,0.00,26.00,0.00,3151.00,4219.00,0.00,555384.02
4.48,0.00,0.00,0.00,26.00,0.00,3141.00,4229.00,0.00,554211.02
4.49,0.00,0.00,0.00,26.00,0.00,3129.00,4241.00,0.00,552959.88
4.49,0.00,0.00,0.00,26.00,0.00,3121.00,4249.00,0.00,551697.50
4.50,0.00,0.00,0.00,26.00,0.00,3117.00,4253.00,0.00,550484.95
4.51,0.00,0.00,0.00,26.00,0.00,3110.00,4260.00,0.00,549272.82
4.51,0.00,0.00,0.00,26.00,0.00,3101.00,4269.00,0.00,548031.03
4.52,0.00,0.00,0.00,26.00,0.00,3094.00,4276.00,0.00,546792.21
4.53,0.00,0.00,0.00,26.00,0.00,3088.00,4282.00,0.00,545571.12
4.53,0.00,0.00,0.00,26.00,0.00,3079.00,4291.00,0.00,544321.16
4.54,0.00,0.00,0.00,26.00,0.00,3072.00,4298.00,0.00,543074.87
4.55,0.00,0.00,0.00,26.00,0.00,3065.00,4305.00,0.00,541831.94
4.56,0.00,0.00,0.00,26.00,0.00,3054.00,4316.00,0.00,540531.99
4.56,0.00,0.00,0.00,26.00,0.00,3049.00,4321.00,0.00,539270.11
4.57,0.00,0.00,0.00,26.00,0.00,3039.00,4331.00,0.00,537967.88
4.58,0.00,0.00,0.00,26.00,0.00,3030.00,4340.00,0.00,536643.84
4.58,0.00,0.00,0.00,26.00,0.00,3024.00,4346.00,0.00,535344.96
4.59,0.00,0.00,0.00,26.00,0.00,3010.00,4360.00,0.00,533948.85
4.60,0.00,0.00,0.00,26.00,0.00,2998.00,4372.00,0.00,532494.03
4.60,0.00,0.00,0.00,26.00,0.00,2991.00,4379.00,0.00,531060.72
4.61,0.00,0.00,0.00,26.00,0.00,2983.00,4387.00,0.00,529632.04
4.62,0.00,0.00,0.00,26.00,0.00,2978.00,4392.00,0.00,528252.65
4.62,0.00,0.00,0.00,26.00,0.00,2971.00,4399.00,0.00,526888.21
4.63,0.00,0.00,0.00,26.00,0.00,2966.00,4404.00,0.00,525567.46
4.64,0.00,0.00,0.00,26.00,0.00,2963.00,4407.00,0.00,524316.65
4.65,0.00,0.00,0.00,26.00,0.00,2954.00,4416.00,0.00,523039.55
4.65,0.00,0.00,0.00,26.00,0.00,2943.00,4427.00,0.00,521708.39
4.66,0.00,0.00,0.00,26.00,0.00,2933.00,4437.00,0.00,520342.92
4.67,0.00,0.00,0.00,26.00,0.00,2928.00,4442.00,0.00,519021.23
4.67,0.00,0.00,0.00,26.00,0.00,2923.00,4447.00,0.00,517739.52
4.68,0.00,0.00,0.00,26.00,0.00,2915.00,4455.00,0.00,516449.22
4.69,0.00,0.00,0.00,26.00,0.00,2911.00,4459.00,0.00,515211.19
4.69,0.00,0.00,0.00,26.00,0.00,2906.00,4464.00,0.00,514005.84
4.70,0.00,0.00,0.00,26.00,0.00,2902.00,4468.00,0.00,512845.36
4.71,0.00,0.00,0.00,26.00,0.00,2893.00,4477.00,0.00,511650.72
4.72,0.00,0.00,0.00,26.00,0.00,2885.00,4485.00,0.00,510439.92
4.72,0.00,0.00,0.00,26.00,0.00,2880.00,4490.00,0.00,509259.44
4.73,0.00,0.00,0.00,26.00,0.00,2870.00,4500.00,0.00,508031.51
4.74,0.00,0.00,0.00,26.00,0.00,2867.00,4503.00,0.00,506865.44
4.74,0.00,0.00,0.00,26.00,0.00,2859.00,4511.00,0.00,505680.72
4.75,0.00,0.00,0.00,26.00,0.00,2854.00,4516.00,0.00,504524.05
4.76,0.00,0.00,0.00,26.00,0.00,2844.00,4526.00,0.00,503317.86
4.76,0.00,0.00,0.00,26.00,0.00,2839.00,4531.00,0.00,502141.59
4.77,0.00,0.00,0.00,26.00,0.00,2831.00,4539.00,0.00,500947.56
4.78,0.00,0.00,0.00,26.00,0.00,2829.00,4541.00,0.00,499827.45
4.78,0.00,0.00,0.00,26.00,0.00,2819.00,4551.00,0.00,498654.65
4.79,0.00,0.00,0.00,26.00,0.00,2814.00,4556.00,0.00,497508.86
4.80,0.00,0.00,0.00,26.00,0.00,2809.00,4561.00,0.00,496387.72
4.81,0.00,0.00,0.00,26.00,0.00,2801.00,4569.00,0.00,495244.01
4.81,0.00,0.00,0.00,26.00,0.00,2793.00,4577.00,0.00,494079.72
4.82,0.00,0.00,0.00,26.00,0.00,2787.00,4583.00,0.00,492926.66
4.83,0.00,0.00,0.00,26.00,0.00,2781.00,4589.00,0.00,491783.88
4.83,0.00,0.00,0.00,26.00,0.00,2773.00,4597.00,0.00,490620.41
4.84,0.00,0.00,0.00,26.00,0.00,2767.00,4603.00,0.00,489468.12
4.85,0.00,0.00,0.00,26.00,0.00,2760.00,4610.00,0.00,488311.00
4.85,0.00,0.00,0.00,26.00,0.00,2757.00,4613.00,0.00,487209.57
4.86,0.00,0.00,0.00,26.00,0.00,2750.00,4620.00,0.00,486098.89
4.87,0.00,0.00,0.00,26.00,0.00,2746.00,4624.00,0.00,485024.83
4.88,0.00,0.00,0.00,26.00,0.00,2736.00,4634.00,0.00,483894.06
4.88,0.00,0.00,0.00,26.00,0.00,2727.00,4643.00,0.00,482726.54
4.89,0.00,0.00,0.00,26.00,0.00,2724.00,4646.00,0.00,481615.62
4.90,0.00,0.00,0.00,26.00,0.00,2717.00,4653.00,0.00,480496.28
4.90,0.00,0.00,0.00,26.00,0.00,2707.00,4663.00,0.00,479324.16
4.91,0.00,0.00,0.00,26.00,0.00,2705.00,4665.00,0.00,478224.07
4.92,0.00,0.00,0.00,26.00,0.00,2699.00,4671.00,0.00,477129.63
4.92,0.00,0.00,0.00,26.00,0.00,2691.00,4679.00,0.00,476010.30
4.93,0.00,0.00,0.00,26.00,0.00,2680.00,4690.00,0.00,474823.19
4.94,0.00,0.00,0.00,26.00,0.00,2672.00,4698.00,0.00,473619.26
4.94,0.00,0.00,0.00,26.00,0.00,2663.00,4707.00,0.00,472384.95
4.95,0.00,0.00,0.00,26.00,0.00,2657.00,4713.00,0.00,471167.99
4.96,0.00,0.00,0.00,26.00,0.00,2650.00,4720.00,0.00,469951.83
4.97,0.00,0.00,0.00,26.00,0.00,2646.00,4724.00,0.00,468781.48
4.97,0.00,0.00,0.00,26.00,0.00,2640.00,4730.00,0.00,467622.90
4.98,0.00,0.00,0.00,26.00,0.00,2631.00,4739.00,0.00,466429.99
4.99,0.00,0.00,0.00,26.00,0.00,2626.00,4744.00,0.00,465265.84
4.99,0.00,0.00,0.00,26.00,0.00,2623.00,4747.00,0.00,464158.00
5.00,0.00,0.00,0.00,26.00,0.00,2615.00,4755.00,0.00,463026.43
5.01,0.00,0.00,0.00,26.00,0.00,2606.00,4764.00,0.00,461858.19
5.01,0.00,0.00,0.00,26.00,0.00,2600.00,4770.00,0.00,460701.53
5.02,0.00,0.00,0.00,26.00,0.00,2591.00,4779.00,0.00,459510.39
5.03,0.00,0.00,0.00,26.00,0.00,2587.00,4783.00,0.00,458362.87
5.03,0.00,0.00,0.00,26.00,0.00,2575.00,4795.00,0.00,457135.00
5.04,0.00,0.00,0.00,26.00,0.00,2569.00,4801.00,0.00,455923.90
5.05,0.00,0.00,0.00,26.00,0.00,2564.00,4806.00,0.00,454743.15
5.06,0.00,0.00,0.00,26.00,0.00,2554.00,4816.00,0.00,453514.98
5.06,0.00,0.00,0.00,26.00,0.00,2544.00,4826.00,0.00,452243.53
5.07,0.00,0.00,0.00,26.00,0.00,2535.00,4835.00,0.00,450947.57
5.08,0.00,0.00,0.00,26.00,0.00,2527.00,4843.00,0.00,449644.29
5.08,0.00,0.00,0.00,26.00,0.00,2521.00,4849.00,0.00,448364.34
5.09,0.00,0.00,0.00,26.00,0.00,2509.00,4861.00,0.00,447015.57
5.10,0.00,0.00,0.00,26.00,0.00,2500.00,4870.00,0.00,445649.04
5.10,0.00,0.00,0.00,26.00,0.00,2498.00,4872.00,0.00,444371.46
5.11,0.00,0.00,0.00,26.00,0.00,2490.00,4880.00,0.00,443084.94
5.12,0.00,0.00,0.00,26.00,0.00,2485.00,4885.00,0.00,441835.32
5.12,0.00,0.00,0.00,26.00,0.00,2477.00,4893.00,0.00,440574.34
5.13,0.00,0.00,0.00,26.00,0.00,2467.00,4903.00,0.00,439272.92
5.14,0.00,0.00,0.00,26.00,0.00,2460.00,4910.00,0.00,437979.66
5.15,0.00,0.00,0.00,26.00,0.00,2443.00,4927.00,0.00,436543.62
5.15,0.00,0.00,0.00,26.00,0.00,2436.00,4934.00,0.00,435127.47
5.16,0.00,0.00,0.00,26.00,0.00,2426.00,4944.00,0.00,433684.40
5.17,0.00,0.00,0.00,26.00,0.00,2420.00,4950.00,0.00,432276.84
5.17,0.00,0.00,0.00,26.00,0.00,2416.00,4954.00,0.00,430931.76
5.18,0.00,0.00,0.00,26.00,0.00,2405.00,4965.00,0.00,429538.55
5.19,0.00,0.00,0.00,26.00,0.00,2399.00,4971.00,0.00,428176.51
5.19,0.00,0.00,0.00,26.00,0.00,2389.00,4981.00,0.00,426782.84
5.20,0.00,0.00,0.00,26.00,0.00,2382.00,4988.00,0.00,425405.37
5.21,0.00,0.00,0.00,26.00,0.00,2374.00,4996.00,0.00,424027.66
5.22,0.00,0.00,0.00,26.00,0.00,2367.00,5003.00,0.00,422664.75
5.22,0.00,0.00,0.00,26.00,0.00,2356.00,5014.00,0.00,421255.26
5.23,0.00,0.00,0.00,26.00,0.00,2349.00,5021.00,0.00,419863.34
5.24,0.00,0.00,0.00,26.00,0.00,2343.00,5027.00,0.00,418502.49
5.24,0.00,0.00,0.00,26.00,0.00,2336.00,5034.00,0.00,417154.97
5.25,0.00,0.00,0.00,26.00,0.00,2329.00,5041.00,0.00,415819.63
5.26,0.00,0.00,0.00,26.00,0.00,2320.00,5050.00,0.00,414465.36
5.26,0.00,0.00,0.00,26.00,0.00,2308.00,5062.00,0.00,413048.73
5.27,0.00,0.00,0.00,26.00,0.00,2297.00,5073.00,0.00,411590.20
5.28,0.00,0.00,0.00,26.00,0.00,2288.00,5082.00,0.00,410123.47
5.28,0.00,0.00,0.00,26.00,0.00,2282.00,5088.00,0.00,408694.32
5.29,0.00,0.00,0.00,26.00,0.00,2276.00,5094.00,0.00,407299.47
5.30,0.00,0.00,0.00,26.00,0.00,2269.00,5101.00,0.00,405920.92
5.31,0.00,0.00,0.00,26.00,0.00,2266.00,5104.00,0.00,404617.33
5.31,0.00,0.00,0.00,26.00,0.00,2256.00,5114.00,0.00,403277.03
5.32,0.00,0.00,0.00,26.00,0.00,2252.00,5118.00,0.00,401993.34
5.33,0.00,0.00,0.00,26.00,0.00,2246.00,5124.00,0.00,400731.30
5.33,0.00,0.00,0.00,26.00,0.00,2240.00,5130.00,0.00,399489.00
5.34,0.00,0.00,0.00,26.00,0.00,2234.00,5136.00,0.00,398264.75
5.35,0.00,0.00,0.00,26.00,0.00,2230.00,5140.00,0.00,397087.00
5.35,0.00,0.00,0.00,26.00,0.00,2221.00,5149.00,0.00,395876.60
5.36,0.00,0.00,0.00,26.00,0.00,2213.00,5157.00,0.00,394651.41
5.37,0.00,0.00,0.00,26.00,0.00,2205.00,5165.00,0.00,393412.72
5.38,0.00,0.00,0.00,26.00,0.00,2196.00,5174.00,0.00,392146.69
5.38,0.00,0.00,0.00,26.00,0.00,2189.00,5181.00,0.00,390885.73
5.39,0.00,0.00,0.00,26.00,0.00,2172.00,5198.00,0.00,389479.18
5.40,0.00,0.00,0.00,26.00,0.00,2168.00,5202.00,0.00,388135.01
5.40,0.00,0.00,0.00,26.00,0.00,2163.00,5207.00,0.00,386832.77
5.41,0.00,0.00,0.00,26.00,0.00,2157.00,5213.00,0.00,385553.79
5.42,0.00,0.00,0.00,26.00,0.00,2151.00,5219.00,0.00,384296.04
5.42,0.00,0.00,0.00,26.00,0.00,2147.00,5223.00,0.00,383087.71
5.43,0.00,0.00,0.00,26.00,0.00,2142.00,5228.00,0.00,381909.49
5.44,0.00,0.00,0.00,26.00,0.00,2132.00,5238.00,0.00,380683.63
5.44,0.00,0.00,0.00,26.00,0.00,2120.00,5250.00,0.00,379384.23
5.45,0.00,0.00,0.00,26.00,0.00,2110.00,5260.00,0.00,378047.75
5.46,0.00,0.00,0.00,26.00,0.00,2104.00,5266.00,0.00,376737.51
5.47,0.00,0.00,0.00,26.00,0.00,2097.00,5273.00,0.00,375436.19
5.47,0.00,0.00,0.00,26.00,0.00,2093.00,5277.00,0.00,374188.10
5.48,0.00,0.00,0.00,26.00,0.00,2087.00,5283.00,0.00,372958.54
5.49,0.00,0.00,0.00,26.00,0.00,2081.00,5289.00,0.00,371745.92
5.49,0.00,0.00,0.00,26.00,0.00,2073.00,5297.00,0.00,370518.69
5.50,0.00,0.00,0.00,26.00,0.00,2066.00,5304.00,0.00,369293.17
5.51,0.00,0.00,0.00,26.00,0.00,2060.00,5310.00,0.00,368084.22
5.51,0.00,0.00,0.00,26.00,0.00,2054.00,5316.00,0.00,366890.41
5.52,0.00,0.00,0.00,26.00,0.00,2045.00,5325.00,0.00,365665.34
5.53,0.00,0.00,0.00,26.00,0.00,2040.00,5330.00,0.00,364471.82
5.53,0.00,0.00,0.00,26.00,0.00,2029.00,5341.00,0.00,363216.99
5.54,0.00,0.00,0.00,26.00,0.00,2024.00,5346.00,0.00,361996.30
5.55,0.00,0.00,0.00,26.00,0.00,2017.00,5353.00,0.00,360776.74
5.56,0.00,0.00,0.00,26.00,0.00,2003.00,5367.00,0.00,359453.05
5.56,0.00,0.00,0.00,26.00,0.00,1995.00,5375.00,0.00,358124.44
5.57,0.00,0.00,0.00,26.00,0.00,1990.00,5380.00,0.00,356836.40
5.58,0.00,0.00,0.00,26.00,0.00,1975.00,5395.00,0.00,355435.17
5.58,0.00,0.00,0.00,26.00,0.00,1963.00,5407.00,0.00,353975.68
5.59,0.00,0.00,0.00,26.00,0.00,1960.00,5410.00,0.00,352598.21
5.60,0.00,0.00,0.00,26.00,0.00,1959.00,5411.00,0.00,351325.66
5.60,0.00,0.00,0.00,26.00,0.00,1955.00,5415.00,0.00,350103.82
5.61,0.00,0.00,0.00,26.00,0.00,1946.00,5424.00,0.00,348853.17
5.62,0.00,0.00,0.00,26.00,0.00,1940.00,5430.00,0.00,347621.28
5.62,0.00,0.00,0.00,26.00,0.00,1934.00,5436.00,0.00,346406.52
5.63,0.00,0.00,0.00,26.00,0.00,1927.00,5443.00,0.00,345192.38
5.64,0.00,0.00,0.00,26.00,0.00,1919.00,5451.00,0.00,343963.77
5.65,0.00,0.00,0.00,26.00,0.00,1910.00,5460.00,0.00,342706.94
5.65,0.00,0.00,0.00,26.00,0.00,1902.00,5468.00,0.00,341439.36
5.66,0.00,0.00,0.00,26.00,0.00,1899.00,5471.00,0.00,340237.09
5.67,0.00,0.00,0.00,26.00,0.00,1893.00,5477.00,0.00,339049.37
5.67,0.00,0.00,0.00,26.00,0.00,1888.00,5482.00,0.00,337889.95
5.68,0.00,0.00,0.00,26.00,0.00,1883.00,5487.00,0.00,336756.38
5.69,0.00,0.00,0.00,26.00,0.00,1878.00,5492.00,0.00,335646.40
5.69,0.00,0.00,0.00,26.00,0.00,1874.00,5496.00,0.00,334572.98
5.70,0.00,0.00,0.00,26.00,0.00,1868.00,5502.00,0.00,333502.89
5.71,0.00,0.00,0.00,26.00,0.00,1858.00,5512.00,0.00,332375.75
5.72,0.00,0.00,0.00,26.00,0.00,1855.00,5515.00,0.00,331301.68
5.72,0.00,0.00,0.00,26.00,0.00,1853.00,5517.00,0.00,330291.10
5.73,0.00,0.00,0.00,26.00,0.00,1838.00,5532.00,0.00,329143.16
5.74,0.00,0.00,0.00,26.00,0.00,1835.00,5535.00,0.00,328050.11
5.74,0.00,0.00,0.00,26.00,0.00,1827.00,5543.00,0.00,326932.06
5.75,0.00,0.00,0.00,26.00,0.00,1822.00,5548.00,0.00,325836.25
5.76,0.00,0.00,0.00,26.00,0.00,1816.00,5554.00,0.00,324745.71
5.76,0.00,0.00,0.00,26.00,0.00,1813.00,5557.00,0.00,323705.07
5.77,0.00,0.00,0.00,26.00,0.00,1808.00,5562.00,0.00,322679.93
5.78,0.00,0.00,0.00,26.00,0.00,1804.00,5566.00,0.00,321683.95
5.78,0.00,0.00,0.00,26.00,0.00,1794.00,5576.00,0.00,320624.48
5.79,0.00,0.00,0.00,26.00,0.00,1787.00,5583.00,0.00,319552.09
5.80,0.00,0.00,0.00,26.00,0.00,1782.00,5588.00,0.00,318497.97
5.81,0.00,0.00,0.00,26.00,0.00,1776.00,5594.00,0.00,317445.50
5.81,0.00,0.00,0.00,26.00,0.00,1770.00,5600.00,0.00,316394.54
5.82,0.00,0.00,0.00,26.00,0.00,1760.00,5610.00,0.00,315284.86
5.83,0.00,0.00,0.00,26.00,0.00,1747.00,5623.00,0.00,314076.50
5.83,0.00,0.00,0.00,26.00,0.00,1739.00,5631.00,0.00,312853.18
5.84,0.00,0.00,0.00,26.00,0.00,1733.00,5637.00,0.00,311646.24
5.85,0.00,0.00,0.00,26.00,0.00,1727.00,5643.00,0.00,310454.26
5.85,0.00,0.00,0.00,26.00,0.00,1720.00,5650.00,0.00,309260.91
5.86,0.00,0.00,0.00,26.00,0.00,1714.00,5656.00,0.00,308081.33
5.87,0.00,0.00,0.00,26.00,0.00,1710.00,5660.00,0.00,306944.37
5.88,0.00,0.00,0.00,26.00,0.00,1703.00,5667.00,0.00,305801.26
5.88,0.00,0.00,0.00,26.00,0.00,1699.00,5671.00,0.00,304697.59
5.89,0.00,0.00,0.00,26.00,0.00,1692.00,5678.00,0.00,303584.86
5.90,0.00,0.00,0.00,26.00,0.00,1686.00,5684.00,0.00,302478.88
5.90,0.00,0.00,0.00,26.00,0.00,1680.00,5690.00,0.00,301379.07
5.91,0.00,0.00,0.00,26.00,0.00,1668.00,5702.00,0.00,300194.75
5.92,0.00,0.00,0.00,26.00,0.00,1664.00,5706.00,0.00,299053.46
5.92,0.00,0.00,0.00,26.00,0.00,1659.00,5711.00,0.00,297936.43
5.93,0.00,0.00,0.00,26.00,0.00,1651.00,5719.00,0.00,296796.49
5.94,0.00,0.00,0.00,26.00,0.00,1643.00,5727.00,0.00,295635.62
5.94,0.00,0.00,0.00,26.00,0.00,1638.00,5732.00,0.00,294500.72
5.95,0.00,0.00,0.00,26.00,0.00,1629.00,5741.00,0.00,293329.44
5.96,0.00,0.00,0.00,26.00,0.00,1622.00,5748.00,0.00,292154.98
5.97,0.00,0.00,0.00,26.00,0.00,1616.00,5754.00,0.00,290992.65
5.97,0.00,0.00,0.00,26.00,0.00,1608.00,5762.00,0.00,289811.35
5.98,0.00,0.00,0.00,26.00,0.00,1600.00,5770.00,0.00,288612.73
5.99,0.00,0.00,0.00,26.00,0.00,1592.00,5778.00,0.00,287398.29
5.99,0.00,0.00,0.00,26.00,0.00,1585.00,5785.00,0.00,286184.44
6.00,0.00,0.00,0.00,26.00,0.00,1577.00,5793.00,0.00,284956.10
6.01,0.00,0.00,0.00,26.00,0.00,1568.00,5802.00,0.00,283699.51
6.01,0.00,0.00,0.00,26.00,0.00,1563.00,5807.00,0.00,282477.23
6.02,0.00,0.00,0.00,26.00,0.00,1549.00,5821.00,0.00,281151.05
6.03,0.00,0.00,0.00,26.00,0.00,1545.00,5825.00,0.00,279880.26
6.03,0.00,0.00,0.00,26.00,0.00,1541.00,5829.00,0.00,278660.03
6.04,0.00,0.00,0.00,26.00,0.00,1535.00,5835.00,0.00,277455.92
6.05,0.00,0.00,0.00,26.00,0.00,1528.00,5842.00,0.00,276251.49
6.06,0.00,0.00,0.00,26.00,0.00,1524.00,5846.00,0.00,275091.85
6.06,0.00,0.00,0.00,26.00,0.00,1520.00,5850.00,0.00,273973.09
6.07,0.00,0.00,0.00,26.00,0.00,1512.00,5858.00,0.00,272831.57
6.08,0.00,0.00,0.00,26.00,0.00,1505.00,5865.00,0.00,271684.28
6.08,0.00,0.00,0.00,26.00,0.00,1498.00,5872.00,0.00,270531.73
6.09,0.00,0.00,0.00,26.00,0.00,1493.00,5877.00,0.00,269404.43
6.10,0.00,0.00,0.00,26.00,0.00,1485.00,5885.00,0.00,268255.10
6.10,0.00,0.00,0.00,26.00,0.00,1483.00,5887.00,0.00,267175.80
6.11,0.00,0.00,0.00,26.00,0.00,1474.00,5896.00,0.00,266055.28
6.12,0.00,0.00,0.00,26.00,0.00,1468.00,5902.00,0.00,264942.19
6.12,0.00,0.00,0.00,26.00,0.00,1465.00,5905.00,0.00,263880.95
6.13,0.00,0.00,0.00,26.00,0.00,1454.00,5916.00,0.00,262746.87
6.14,0.00,0.00,0.00,26.00,0.00,1445.00,5925.00,0.00,261576.33
6.15,0.00,0.00,0.00,26.00,0.00,1439.00,5931.00,0.00,260417.57
6.15,0.00,0.00,0.00,26.00,0.00,1432.00,5938.00,0.00,259254.56
6.16,0.00,0.00,0.00,26.00,0.00,1421.00,5949.00,0.00,258027.56
6.17,0.00,0.00,0.00,26.00,0.00,1413.00,5957.00,0.00,256787.22
6.17,0.00,0.00,0.00,26.00,0.00,1399.00,5971.00,0.00,255444.56
6.18,0.00,0.00,0.00,26.00,0.00,1397.00,5973.00,0.00,254188.76
6.19,0.00,0.00,0.00,26.00,0.00,1393.00,5977.00,0.00,252982.23
6.19,0.00,0.00,0.00,26.00,0.00,1386.00,5984.00,0.00,251775.59
6.20,0.00,0.00,0.00,26.00,0.00,1379.00,5991.00,0.00,250568.86
6.21,0.00,0.00,0.00,26.00,0.00,1368.00,6002.00,0.00,249301.95
6.22,0.00,0.00,0.00,26.00,0.00,1359.00,6011.00,0.00,248010.15
6.22,0.00,0.00,0.00,26.00,0.00,1354.00,6016.00,0.00,246755.72
6.23,0.00,0.00,0.00,26.00,0.00,1344.00,6026.00,0.00,245460.29
6.24,0.00,0.00,0.00,26.00,0.00,1336.00,6034.00,0.00,244157.48
6.24,0.00,0.00,0.00,26.00,0.00,1333.00,6037.00,0.00,242923.04
6.25,0.00,0.00,0.00,26.00,0.00,1326.00,6044.00,0.00,241690.93
6.26,0.00,0.00,0.00,26.00,0.00,1322.00,6048.00,0.00,240506.01
6.26,0.00,0.00,0.00,26.00,0.00,1317.00,6053.00,0.00,239349.16
6.27,0.00,0.00,0.00,26.00,0.00,1311.00,6059.00,0.00,238202.90
6.28,0.00,0.00,0.00,26.00,0.00,1298.00,6072.00,0.00,236961.15
6.28,0.00,0.00,0.00,26.00,0.00,1285.00,6085.00,0.00,235632.23
6.29,0.00,0.00,0.00,26.00,0.00,1283.00,6087.00,0.00,234388.98
6.30,0.00,0.00,0.00,26.00,0.00,1275.00,6095.00,0.00,233133.80
6.31,0.00,0.00,0.00,26.00,0.00,1271.00,6099.00,0.00,231927.82
6.31,0.00,0.00,0.00,26.00,0.00,1266.00,6104.00,0.00,230751.74
6.32,0.00,0.00,0.00,26.00,0.00,1262.00,6108.00,0.00,229617.98
6.33,0.00,0.00,0.00,26.00,0.00,1254.00,6116.00,0.00,228462.75
6.33,0.00,0.00,0.00,26.00,0.00,1247.00,6123.00,0.00,227302.96
6.34,0.00,0.00,0.00,26.00,0.00,1239.00,6131.00,0.00,226123.97
6.35,0.00,0.00,0.00,26.00,0.00,1234.00,6136.00,0.00,224972.53
6.35,0.00,0.00,0.00,26.00,0.00,1230.00,6140.00,0.00,223861.26
6.36,0.00,0.00,0.00,26.00,0.00,1229.00,6141.00,0.00,222831.73
6.37,0.00,0.00,0.00,26.00,0.00,1223.00,6147.00,0.00,221801.70
6.38,0.00,0.00,0.00,26.00,0.00,1217.00,6153.00,0.00,220771.24
6.38,0.00,0.00,0.00,26.00,0.00,1209.00,6161.00,0.00,219710.31
6.39,0.00,0.00,0.00,26.00,0.00,1205.00,6165.00,0.00,218681.67
6.40,0.00,0.00,0.00,26.00,0.00,1199.00,6171.00,0.00,217652.47
6.40,0.00,0.00,0.00,26.00,0.00,1197.00,6173.00,0.00,216682.83
6.41,0.00,0.00,0.00,26.00,0.00,1195.00,6175.00,0.00,215767.58
6.42,0.00,0.00,0.00,26.00,0.00,1189.00,6181.00,0.00,214841.89
6.42,0.00,0.00,0.00,26.00,0.00,1184.00,6186.00,0.00,213921.69
6.43,0.00,0.00,0.00,26.00,0.00,1176.00,6194.00,0.00,212961.44
6.44,0.00,0.00,0.00,26.00,0.00,1168.00,6202.00,0.00,211964.61
6.44,0.00,0.00,0.00,26.00,0.00,1158.00,6212.00,0.00,210904.35
6.45,0.00,0.00,0.00,26.00,0.00,1149.00,6221.00,0.00,209801.21
6.46,0.00,0.00,0.00,26.00,0.00,1143.00,6227.00,0.00,208703.98
6.47,0.00,0.00,0.00,26.00,0.00,1138.00,6232.00,0.00,207627.18
6.47,0.00,0.00,0.00,26.00,0.00,1131.00,6239.00,0.00,206538.98
6.48,0.00,0.00,0.00,26.00,0.00,1124.00,6246.00,0.00,205440.38
6.49,0.00,0.00,0.00,26.00,0.00,1120.00,6250.00,0.00,204377.35
6.49,0.00,0.00,0.00,26.00,0.00,1113.00,6257.00,0.00,203301.71
6.50,0.00,0.00,0.00,26.00,0.00,1107.00,6263.00,0.00,202229.61
6.51,0.00,0.00,0.00,26.00,0.00,1100.00,6270.00,0.00,201145.69
6.51,0.00,0.00,0.00,26.00,0.00,1094.00,6276.00,0.00,200066.02
6.52,0.00,0.00,0.00,26.00,0.00,1091.00,6279.00,0.00,199035.29
6.53,0.00,0.00,0.00,26.00,0.00,1085.00,6285.00,0.00,198004.18
6.53,0.00,0.00,0.00,26.00,0.00,1080.00,6290.00,0.00,196987.74
6.54,0.00,0.00,0.00,26.00,0.00,1072.00,6298.00,0.00,195939.62
6.55,0.00,0.00,0.00,26.00,0.00,1067.00,6303.00,0.00,194907.64
6.56,0.00,0.00,0.00,26.00,0.00,1061.00,6309.00,0.00,193875.39
6.56,0.00,0.00,0.00,26.00,0.00,1059.00,6311.00,0.00,192902.98
6.57,0.00,0.00,0.00,26.00,0.00,1053.00,6317.00,0.00,191925.11
6.58,0.00,0.00,0.00,26.00,0.00,1046.00,6324.00,0.00,190927.22
6.58,0.00,0.00,0.00,26.00,0.00,1037.00,6333.00,0.00,189881.01
6.59,0.00,0.00,0.00,26.00,0.00,1032.00,6338.00,0.00,188850.79
6.60,0.00,0.00,0.00,26.00,0.00,1027.00,6343.00,0.00,187835.16
6.60,0.00,0.00,0.00,26.00,0.00,1020.00,6350.00,0.00,186802.81
6.61,0.00,0.00,0.00,26.00,0.00,1013.00,6357.00,0.00,185755.19
6.62,0.00,0.00,0.00,26.00,0.00,1011.00,6359.00,0.00,184768.74
6.62,0.00,0.00,0.00,26.00,0.00,1006.00,6364.00,0.00,183793.08
6.63,0.00,0.00,0.00,26.00,0.00,1004.00,6366.00,0.00,182872.32
6.64,0.00,0.00,0.00,26.00,0.00,1000.00,6370.00,0.00,181971.65
6.65,0.00,0.00,0.00,26.00,0.00,995.00,6375.00,0.00,181074.29
6.65,0.00,0.00,0.00,26.00,0.00,992.00,6378.00,0.00,180210.00
6.66,0.00,0.00,0.00,26.00,0.00,984.00,6386.00,0.00,179300.78
6.67,0.00,0.00,0.00,26.00,0.00,977.00,6393.00,0.00,178365.57
6.67,0.00,0.00,0.00,26.00,0.00,969.00,6401.00,0.00,177391.61
6.68,0.00,0.00,0.00,26.00,0.00,964.00,6406.00,0.00,176427.35
6.69,0.00,0.00,0.00,26.00,0.00,957.00,6413.00,0.00,175441.88
6.69,0.00,0.00,0.00,26.00,0.00,951.00,6419.00,0.00,174452.09
6.70,0.00,0.00,0.00,26.00,0.00,947.00,6423.00,0.00,173488.39
6.71,0.00,0.00,0.00,26.00,0.00,939.00,6431.00,0.00,172488.43
6.72,0.00,0.00,0.00,26.00,0.00,938.00,6432.00,0.00,171560.51
6.72,0.00,0.00,0.00,26.00,0.00,932.00,6438.00,0.00,170623.25
6.73,0.00,0.00,0.00,26.00,0.00,924.00,6446.00,0.00,169647.42
6.74,0.00,0.00,0.00,26.00,0.00,919.00,6451.00,0.00,168681.45
6.74,0.00,0.00,0.00,26.00,0.00,916.00,6454.00,0.00,167754.52
6.75,0.00,0.00,0.00,26.00,0.00,910.00,6460.00,0.00,166818.17
6.76,0.00,0.00,0.00,26.00,0.00,898.00,6472.00,0.00,165783.07
6.76,0.00,0.00,0.00,26.00,0.00,892.00,6478.00,0.00,164747.96
6.77,0.00,0.00,0.00,26.00,0.00,882.00,6488.00,0.00,163652.76
6.78,0.00,0.00,0.00,26.00,0.00,877.00,6493.00,0.00,162577.81
6.78,0.00,0.00,0.00,26.00,0.00,869.00,6501.00,0.00,161476.27
6.79,0.00,0.00,0.00,26.00,0.00,865.00,6505.00,0.00,160410.56
6.80,0.00,0.00,0.00,26.00,0.00,856.00,6514.00,0.00,159302.44
6.81,0.00,0.00,0.00,26.00,0.00,852.00,6518.00,0.00,158230.72
6.81,0.00,0.00,0.00,26.00,0.00,845.00,6525.00,0.00,157147.15
6.82,0.00,0.00,0.00,26.00,0.00,839.00,6531.00,0.00,156067.80
6.83,0.00,0.00,0.00,26.00,0.00,832.00,6538.00,0.00,154977.28
6.83,0.00,0.00,0.00,26.00,0.00,827.00,6543.00,0.00,153906.60
6.84,0.00,0.00,0.00,26.00,0.00,825.00,6545.00,0.00,152899.10
6.85,0.00,0.00,0.00,26.00,0.00,820.00,6550.00,0.00,151904.21
6.85,0.00,0.00,0.00,26.00,0.00,814.00,6556.00,0.00,150905.82
6.86,0.00,0.00,0.00,26.00,0.00,808.00,6562.00,0.00,149904.22
6.87,0.00,0.00,0.00,26.00,0.00,805.00,6565.00,0.00,148944.77
6.88,0.00,0.00,0.00,26.00,0.00,794.00,6576.00,0.00,147903.61
6.88,0.00,0.00,0.00,26.00,0.00,789.00,6581.00,0.00,146878.00
6.89,0.00,0.00,0.00,26.00,0.00,778.00,6592.00,0.00,145776.44
6.90,0.00,0.00,0.00,26.00,0.00,774.00,6596.00,0.00,144710.70
6.90,0.00,0.00,0.00,26.00,0.00,770.00,6600.00,0.00,143677.67
6.91,0.00,0.00,0.00,26.00,0.00,760.00,6610.00,0.00,142584.37
6.92,0.00,0.00,0.00,26.00,0.00,754.00,6616.00,0.00,141496.12
6.92,0.00,0.00,0.00,26.00,0.00,751.00,6619.00,0.00,140457.57
6.93,0.00,0.00,0.00,26.00,0.00,742.00,6628.00,0.00,139374.24
6.94,0.00,0.00,0.00,26.00,0.00,741.00,6629.00,0.00,138370.22
6.94,0.00,0.00,0.00,26.00,0.00,734.00,6636.00,0.00,137348.46
6.95,0.00,0.00,0.00,26.00,0.00,725.00,6645.00,0.00,136280.47
6.96,0.00,0.00,0.00,26.00,0.00,719.00,6651.00,0.00,135215.33
6.97,0.00,0.00,0.00,26.00,0.00,712.00,6658.00,0.00,134137.78
6.97,0.00,0.00,0.00,26.00,0.00,706.00,6664.00,0.00,133063.92
6.98,0.00,0.00,0.00,26.00,0.00,703.00,6667.00,0.00,132038.50
6.99,0.00,0.00,0.00,26.00,0.00,694.00,6676.00,0.00,130967.16
6.99,0.00,0.00,0.00,26.00,0.00,691.00,6679.00,0.00,129944.04
7.00,0.00,0.00,0.00,26.00,0.00,687.00,6683.00,0.00,128949.91
7.01,0.00,0.00,0.00,26.00,0.00,681.00,6689.00,0.00,127952.21
7.01,0.00,0.00,0.00,26.00,0.00,677.00,6693.00,0.00,126981.30
7.02,0.00,0.00,0.00,26.00,0.00,667.00,6703.00,0.00,125944.69
7.03,0.00,0.00,0.00,26.00,0.00,660.00,6710.00,0.00,124893.19
7.03,0.00,0.00,0.00,26.00,0.00,655.00,6715.00,0.00,123858.13
7.04,0.00,0.00,0.00,26.00,0.00,647.00,6723.00,0.00,122793.02
7.05,0.00,0.00,0.00,26.00,0.00,639.00,6731.00,0.00,121700.47
7.06,0.00,0.00,0.00,26.00,0.00,635.00,6735.00,0.00,120642.96
7.06,0.00,0.00,0.00,26.00,0.00,631.00,6739.00,0.00,119617.44
7.07,0.00,0.00,0.00,26.00,0.00,626.00,6744.00,0.00,118606.10
7.08,0.00,0.00,0.00,26.00,0.00,621.00,6749.00,0.00,117607.71
7.08,0.00,0.00,0.00,26.00,0.00,618.00,6752.00,0.00,116651.19
7.09,0.00,0.00,0.00,26.00,0.00,614.00,6756.00,0.00,115717.87
7.10,0.00,0.00,0.00,26.00,0.00,605.00,6765.00,0.00,114730.60
7.10,0.00,0.00,0.00,26.00,0.00,602.00,6768.00,0.00,113784.24
7.11,0.00,0.00,0.00,26.00,0.00,600.00,6770.00,0.00,112890.23
7.12,0.00,0.00,0.00,26.00,0.00,593.00,6777.00,0.00,111968.91
7.12,0.00,0.00,0.00,26.00,0.00,586.00,6784.00,0.00,111022.65
7.13,0.00,0.00,0.00,26.00,0.00,584.00,6786.00,0.00,110128.75
7.14,0.00,0.00,0.00,26.00,0.00,582.00,6788.00,0.00,109282.63
7.15,0.00,0.00,0.00,26.00,0.00,579.00,6791.00,0.00,108465.12
7.15,0.00,0.00,0.00,26.00,0.00,573.00,6797.00,0.00,107628.66
7.16,0.00,0.00,0.00,26.00,0.00,566.00,6804.00,0.00,106759.87
7.17,0.00,0.00,0.00,26.00,0.00,562.00,6808.00,0.00,105906.64
7.17,0.00,0.00,0.00,26.00,0.00,554.00,6816.00,0.00,105007.52
7.18,0.00,0.00,0.00,26.00,0.00,550.00,6820.00,0.00,104126.60
7.19,0.00,0.00,0.00,26.00,0.00,546.00,6824.00,0.00,103262.30
7.19,0.00,0.00,0.00,26.00,0.00,537.00,6833.00,0.00,102338.04
7.20,0.00,0.00,0.00,26.00,0.00,529.00,6841.00,0.00,101374.08
7.21,0.00,0.00,0.00,26.00,0.00,521.00,6849.00,0.00,100373.88
7.22,0.00,0.00,0.00,26.00,0.00,513.00,6857.00,0.00,99340.58
7.22,0.00,0.00,0.00,26.00,0.00,507.00,6863.00,0.00,98307.12
7.23,0.00,0.00,0.00,26.00,0.00,502.00,6868.00,0.00,97288.54
7.24,0.00,0.00,0.00,26.00,0.00,497.00,6873.00,0.00,96283.53
7.24,0.00,0.00,0.00,26.00,0.00,495.00,6875.00,0.00,95335.99
7.25,0.00,0.00,0.00,26.00,0.00,491.00,6879.00,0.00,94410.86
7.26,0.00,0.00,0.00,26.00,0.00,487.00,6883.00,0.00,93506.20
7.26,0.00,0.00,0.00,26.00,0.00,482.00,6888.00,0.00,92605.20
7.27,0.00,0.00,0.00,26.00,0.00,473.00,6897.00,0.00,91647.44
7.28,0.00,0.00,0.00,26.00,0.00,470.00,6900.00,0.00,90728.01
7.28,0.00,0.00,0.00,26.00,0.00,464.00,6906.00,0.00,89798.51
7.29,0.00,0.00,0.00,26.00,0.00,458.00,6912.00,0.00,88859.80
7.30,0.00,0.00,0.00,26.00,0.00,451.00,6919.00,0.00,87897.67
7.31,0.00,0.00,0.00,26.00,0.00,445.00,6925.00,0.00,86929.18
7.31,0.00,0.00,0.00,26.00,0.00,438.00,6932.00,0.00,85939.86
7.32,0.00,0.00,0.00,26.00,0.00,430.00,6940.00,0.00,84916.50
7.33,0.00,0.00,0.00,26.00,0.00,428.00,6942.00,0.00,83952.21
7.33,0.00,0.00,0.00,26.00,0.00,427.00,6943.00,0.00,83056.86
7.34,0.00,0.00,0.00,26.00,0.00,423.00,6947.00,0.00,82179.38
7.35,0.00,0.00,0.00,26.00,0.00,418.00,6952.00,0.00,81303.19
7.35,0.00,0.00,0.00,26.00,0.00,417.00,6953.00,0.00,80488.27
7.36,0.00,0.00,0.00,26.00,0.00,412.00,6958.00,0.00,79669.20
7.37,0.00,0.00,0.00,26.00,0.00,404.00,6966.00,0.00,78801.26
7.38,0.00,0.00,0.00,26.00,0.00,397.00,6973.00,0.00,77903.74
7.38,0.00,0.00,0.00,26.00,0.00,392.00,6978.00,0.00,77009.26
7.39,0.00,0.00,0.00,26.00,0.00,388.00,6982.00,0.00,76132.57
7.40,0.00,0.00,0.00,26.00,0.00,383.00,6987.00,0.00,75257.10
7.40,0.00,0.00,0.00,26.00,0.00,378.00,6992.00,0.00,74382.76
7.41,0.00,0.00,0.00,26.00,0.00,375.00,6995.00,0.00,73539.47
7.42,0.00,0.00,0.00,26.00,0.00,371.00,6999.00,0.00,72709.52
7.42,0.00,0.00,0.00,26.00,0.00,368.00,7002.00,0.00,71906.78
7.43,0.00,0.00,0.00,26.00,0.00,366.00,7004.00,0.00,71143.88
7.44,0.00,0.00,0.00,26.00,0.00,362.00,7008.00,0.00,70387.33
7.44,0.00,0.00,0.00,26.00,0.00,356.00,7014.00,0.00,69606.51
7.45,0.00,0.00,0.00,26.00,0.00,351.00,7019.00,0.00,68818.57
7.46,0.00,0.00,0.00,26.00,0.00,349.00,7021.00,0.00,68069.19
7.47,0.00,0.00,0.00,26.00,0.00,345.00,7025.00,0.00,67324.97
7.47,0.00,0.00,0.00,26.00,0.00,341.00,7029.00,0.00,66585.47
7.48,0.00,0.00,0.00,26.00,0.00,338.00,7032.00,0.00,65865.29
7.49,0.00,0.00,0.00,26.00,0.00,333.00,7037.00,0.00,65132.70
7.49,0.00,0.00,0.00,26.00,0.00,331.00,7039.00,0.00,64433.85
7.50,0.00,0.00,0.00,26.00,0.00,326.00,7044.00,0.00,63720.75
7.51,0.00,0.00,0.00,26.00,0.00,324.00,7046.00,0.00,63039.69
7.51,0.00,0.00,0.00,26.00,0.00,317.00,7053.00,0.00,62312.78
7.52,0.00,0.00,0.00,26.00,0.00,313.00,7057.00,0.00,61589.06
7.53,0.00,0.00,0.00,26.00,0.00,312.00,7058.00,0.00,60913.35
7.53,0.00,0.00,0.00,26.00,0.00,309.00,7061.00,0.00,60251.40
7.54,0.00,0.00,0.00,26.00,0.00,305.00,7065.00,0.00,59587.00
7.55,0.00,0.00,0.00,26.00,0.00,300.00,7070.00,0.00,58905.34
7.56,0.00,0.00,0.00,26.00,0.00,297.00,7073.00,0.00,58237.96
7.56,0.00,0.00,0.00,26.00,0.00,290.00,7080.00,0.00,57523.54
7.57,0.00,0.00,0.00,26.00,0.00,287.00,7083.00,0.00,56826.25
7.58,0.00,0.00,0.00,26.00,0.00,281.00,7089.00,0.00,56099.55
7.58,0.00,0.00,0.00,26.00,0.00,276.00,7094.00,0.00,55361.00
7.59,0.00,0.00,0.00,26.00,0.00,271.00,7099.00,0.00,54611.65
7.60,0.00,0.00,0.00,26.00,0.00,268.00,7102.00,0.00,53882.48
7.60,0.00,0.00,0.00,26.00,0.00,264.00,7106.00,0.00,53156.72
7.61,0.00,0.00,0.00,26.00,0.00,260.00,7110.00,0.00,52434.05
7.62,0.00,0.00,0.00,26.00,0.00,256.00,7114.00,0.00,51714.22
7.62,0.00,0.00,0.00,26.00,0.00,253.00,7117.00,0.00,51012.00
7.63,0.00,0.00,0.00,26.00,0.00,251.00,7119.00,0.00,50340.88
7.64,0.00,0.00,0.00,26.00,0.00,249.00,7121.00,0.00,49698.16
7.65,0.00,0.00,0.00,26.00,0.00,248.00,7122.00,0.00,49096.37
7.65,0.00,0.00,0.00,26.00,0.00,243.00,7127.00,0.00,48471.88
7.66,0.00,0.00,0.00,26.00,0.00,238.00,7132.00,0.00,47826.64
7.67,0.00,0.00,0.00,26.00,0.00,234.00,7136.00,0.00,47177.50
7.67,0.00,0.00,0.00,26.00,0.00,232.00,7138.00,0.00,46554.83
7.68,0.00,0.00,0.00,26.00,0.00,227.00,7143.00,0.00,45911.27
7.69,0.00,0.00,0.00,26.00,0.00,226.00,7144.00,0.00,45308.73
7.69,0.00,0.00,0.00,26.00,0.00,224.00,7146.00,0.00,44728.60
7.70,0.00,0.00,0.00,26.00,0.00,220.00,7150.00,0.00,44138.90
7.71,0.00,0.00,0.00,26.00,0.00,218.00,7152.00,0.00,43570.50
7.72,0.00,0.00,0.00,26.00,0.00,216.00,7154.00,0.00,43021.55
7.72,0.00,0.00,0.00,26.00,0.00,212.00,7158.00,0.00,42460.31
7.73,0.00,0.00,0.00,26.00,0.00,210.00,7160.00,0.00,41917.89
7.74,0.00,0.00,0.00,26.00,0.00,209.00,7161.00,0.00,41407.68
7.74,0.00,0.00,0.00,26.00,0.00,206.00,7164.00,0.00,40896.82
7.75,0.00,0.00,0.00,26.00,0.00,202.00,7168.00,0.00,40370.36
7.76,0.00,0.00,0.00,26.00,0.00,199.00,7171.00,0.00,39844.67
7.76,0.00,0.00,0.00,26.00,0.00,196.00,7174.00,0.00,39319.69
7.77,0.00,0.00,0.00,26.00,0.00,193.00,7177.00,0.00,38795.35
7.78,0.00,0.00,0.00,26.00,0.00,191.00,7179.00,0.00,38286.62
7.78,0.00,0.00,0.00,26.00,0.00,188.00,7182.00,0.00,37777.12
7.79,0.00,0.00,0.00,26.00,0.00,181.00,7189.00,0.00,37206.82
7.80,0.00,0.00,0.00,26.00,0.00,181.00,7189.00,0.00,36686.19
7.81,0.00,0.00,0.00,26.00,0.00,176.00,7194.00,0.00,36135.77
7.81,0.00,0.00,0.00,26.00,0.00,175.00,7195.00,0.00,35618.26
7.82,0.00,0.00,0.00,26.00,0.00,174.00,7196.00,0.00,35130.78
7.83,0.00,0.00,0.00,26.00,0.00,170.00,7200.00,0.00,34625.67
7.83,0.00,0.00,0.00,26.00,0.00,164.00,7206.00,0.00,34074.39
7.84,0.00,0.00,0.00,26.00,0.00,163.00,7207.00,0.00,33556.10
7.85,0.00,0.00,0.00,26.00,0.00,159.00,7211.00,0.00,33022.84
7.85,0.00,0.00,0.00,26.00,0.00,155.00,7215.00,0.00,32475.93
7.86,0.00,0.00,0.00,26.00,0.00,152.00,7218.00,0.00,31931.57
7.87,0.00,0.00,0.00,26.00,0.00,147.00,7223.00,0.00,31359.49
7.88,0.00,0.00,0.00,26.00,0.00,143.00,7227.00,0.00,30777.14
7.88,0.00,0.00,0.00,26.00,0.00,142.00,7228.00,0.00,30230.47
7.89,0.00,0.00,0.00,26.00,0.00,142.00,7228.00,0.00,29731.41
7.90,0.00,0.00,0.00,26.00,0.00,140.00,7230.00,0.00,29245.75
7.90,0.00,0.00,0.00,26.00,0.00,138.00,7232.00,0.00,28772.34
7.91,0.00,0.00,0.00,26.00,0.00,134.00,7236.00,0.00,28280.06
7.92,0.00,0.00,0.00,26.00,0.00,132.00,7238.00,0.00,27800.59
7.92,0.00,0.00,0.00,26.00,0.00,128.00,7242.00,0.00,27302.79
7.93,0.00,0.00,0.00,26.00,0.00,128.00,7242.00,0.00,26848.33
7.94,0.00,0.00,0.00,26.00,0.00,126.00,7244.00,0.00,26403.40
7.94,0.00,0.00,0.00,26.00,0.00,124.00,7246.00,0.00,25967.16
7.95,0.00,0.00,0.00,26.00,0.00,122.00,7248.00,0.00,25538.86
7.96,0.00,0.00,0.00,26.00,0.00,117.00,7253.00,0.00,25072.75
7.97,0.00,0.00,0.00,26.00,0.00,117.00,7253.00,0.00,24647.22
7.97,0.00,0.00,0.00,26.00,0.00,114.00,7256.00,0.00,24213.67
7.98,0.00,0.00,0.00,26.00,0.00,110.00,7260.00,0.00,23757.78
7.99,0.00,0.00,0.00,26.00,0.00,108.00,7262.00,0.00,23311.55
7.99,0.00,0.00,0.00,26.00,0.00,106.00,7264.00,0.00,22874.12
8.00,0.00,0.00,0.00,26.00,0.00,105.00,7265.00,0.00,22459.76
8.01,0.00,0.00,0.00,26.00,0.00,104.00,7266.00,0.00,22066.46
8.01,0.00,0.00,0.00,26.00,0.00,100.00,7270.00,0.00,21647.31
8.02,0.00,0.00,0.00,26.00,0.00,99.00,7271.00,0.00,21249.64
8.03,0.00,0.00,0.00,26.00,0.00,99.00,7271.00,0.00,20886.59
8.03,0.00,0.00,0.00,26.00,0.00,96.00,7274.00,0.00,20510.09
8.04,0.00,0.00,0.00,26.00,0.00,94.00,7276.00,0.00,20136.33
8.05,0.00,0.00,0.00,26.00,0.00,92.00,7278.00,0.00,19765.06
8.06,0.00,0.00,0.00,26.00,0.00,89.00,7281.00,0.00,19381.06
8.06,0.00,0.00,0.00,26.00,0.00,87.00,7283.00,0.00,19000.44
8.07,0.00,0.00,0.00,26.00,0.00,85.00,7285.00,0.00,18622.93
8.08,0.00,0.00,0.00,26.00,0.00,84.00,7286.00,0.00,18263.26
8.08,0.00,0.00,0.00,26.00,0.00,81.00,7289.00,0.00,17889.84
8.09,0.00,0.00,0.00,26.00,0.00,77.00,7293.00,0.00,17488.84
8.10,0.00,0.00,0.00,26.00,0.00,76.00,7294.00,0.00,17107.74
8.10,0.00,0.00,0.00,26.00,0.00,74.00,7296.00,0.00,16729.78
8.11,0.00,0.00,0.00,26.00,0.00,73.00,7297.00,0.00,16369.70
8.12,0.00,0.00,0.00,26.00,0.00,72.00,7298.00,0.00,16025.96
8.12,0.00,0.00,0.00,26.00,0.00,70.00,7300.00,0.00,15682.10
8.13,0.00,0.00,0.00,26.00,0.00,70.00,7300.00,0.00,15368.18
8.14,0.00,0.00,0.00,26.00,0.00,68.00,7302.00,0.00,15051.56
8.15,0.00,0.00,0.00,26.00,0.00,64.00,7306.00,0.00,14702.41
8.15,0.00,0.00,0.00,26.00,0.00,62.00,7308.00,0.00,14353.61
8.16,0.00,0.00,0.00,26.00,0.00,61.00,7309.00,0.00,14020.17
8.17,0.00,0.00,0.00,26.00,0.00,61.00,7309.00,0.00,13715.76
8.17,0.00,0.00,0.00,26.00,0.00,59.00,7311.00,0.00,13407.81
8.18,0.00,0.00,0.00,26.00,0.00,58.00,7312.00,0.00,13111.65
8.19,0.00,0.00,0.00,26.00,0.00,57.00,7313.00,0.00,12826.26
8.19,0.00,0.00,0.00,26.00,0.00,56.00,7314.00,0.00,12550.69
8.20,0.00,0.00,0.00,26.00,0.00,55.00,7315.00,0.00,12284.10
8.21,0.00,0.00,0.00,26.00,0.00,55.00,7315.00,0.00,12040.72
8.22,0.00,0.00,0.00,26.00,0.00,53.00,7317.00,0.00,11788.49
8.22,0.00,0.00,0.00,26.00,0.00,51.00,7319.00,0.00,11528.17
8.23,0.00,0.00,0.00,26.00,0.00,48.00,7322.00,0.00,11245.46
8.24,0.00,0.00,0.00,26.00,0.00,47.00,7323.00,0.00,10972.33
8.24,0.00,0.00,0.00,26.00,0.00,46.00,7324.00,0.00,10707.97
8.25,0.00,0.00,0.00,26.00,0.00,45.00,7325.00,0.00,10451.60
8.26,0.00,0.00,0.00,26.00,0.00,44.00,7326.00,0.00,10202.54
8.26,0.00,0.00,0.00,26.00,0.00,43.00,7327.00,0.00,9960.13
8.27,0.00,0.00,0.00,26.00,0.00,42.00,7328.00,0.00,9723.82
8.28,0.00,0.00,0.00,26.00,0.00,42.00,7328.00,0.00,9508.08
8.28,0.00,0.00,0.00,26.00,0.00,41.00,7329.00,0.00,9296.10
8.29,0.00,0.00,0.00,26.00,0.00,41.00,7329.00,0.00,9102.58
8.30,0.00,0.00,0.00,26.00,0.00,40.00,7330.00,0.00,8910.89
8.31,0.00,0.00,0.00,26.00,0.00,40.00,7330.00,0.00,8735.89
8.31,0.00,0.00,0.00,26.00,0.00,38.00,7332.00,0.00,8546.08
8.32,0.00,0.00,0.00,26.00,0.00,38.00,7332.00,0.00,8372.80
8.33,0.00,0.00,0.00,26.00,0.00,37.00,7333.00,0.00,8199.58
8.33,0.00,0.00,0.00,26.00,0.00,36.00,7334.00,0.00,8026.43
8.34,0.00,0.00,0.00,26.00,0.00,36.00,7334.00,0.00,7868.35
8.35,0.00,0.00,0.00,26.00,0.00,36.00,7334.00,0.00,7724.04
8.35,0.00,0.00,0.00,26.00,0.00,36.00,7334.00,0.00,7592.29
8.36,0.00,0.00,0.00,26.00,0.00,36.00,7334.00,0.00,7472.02
8.37,0.00,0.00,0.00,26.00,0.00,35.00,7335.00,0.00,7347.19
8.38,0.00,0.00,0.00,26.00,0.00,33.00,7337.00,0.00,7203.19
8.38,0.00,0.00,0.00,26.00,0.00,33.00,7337.00,0.00,7071.73
8.39,0.00,0.00,0.00,26.00,0.00,33.00,7337.00,0.00,6951.72
8.40,0.00,0.00,0.00,26.00,0.00,33.00,7337.00,0.00,6842.15
8.40,0.00,0.00,0.00,26.00,0.00,32.00,7338.00,0.00,6727.10
8.41,0.00,0.00,0.00,26.00,0.00,32.00,7338.00,0.00,6622.07
8.42,0.00,0.00,0.00,26.00,0.00,31.00,7339.00,0.00,6511.17
8.42,0.00,0.00,0.00,26.00,0.00,31.00,7339.00,0.00,6409.92
8.43,0.00,0.00,0.00,26.00,0.00,31.00,7339.00,0.00,6317.48
8.44,0.00,0.00,0.00,26.00,0.00,30.00,7340.00,0.00,6218.08
8.44,0.00,0.00,0.00,26.00,0.00,29.00,7341.00,0.00,6112.30
8.45,0.00,0.00,0.00,26.00,0.00,27.00,7343.00,0.00,5985.69
8.46,0.00,0.00,0.00,26.00,0.00,27.00,7343.00,0.00,5870.10
8.47,0.00,0.00,0.00,26.00,0.00,26.00,7344.00,0.00,5749.56
8.47,0.00,0.00,0.00,26.00,0.00,25.00,7345.00,0.00,5624.49
8.48,0.00,0.00,0.00,26.00,0.00,23.00,7347.00,0.00,5480.26
8.49,0.00,0.00,0.00,26.00,0.00,22.00,7348.00,0.00,5333.57
8.49,0.00,0.00,0.00,26.00,0.00,21.00,7349.00,0.00,5184.63
8.50,0.00,0.00,0.00,26.00,0.00,21.00,7349.00,0.00,5048.66
8.51,0.00,0.00,0.00,26.00,0.00,20.00,7350.00,0.00,4909.51
8.51,0.00,0.00,0.00,26.00,0.00,20.00,7350.00,0.00,4782.47
8.52,0.00,0.00,0.00,26.00,0.00,20.00,7350.00,0.00,4666.49
8.53,0.00,0.00,0.00,26.00,0.00,20.00,7350.00,0.00,4560.61
8.53,0.00,0.00,0.00,26.00,0.00,17.00,7353.00,0.00,4418.89
8.54,0.00,0.00,0.00,26.00,0.00,17.00,7353.00,0.00,4289.50
8.55,0.00,0.00,0.00,26.00,0.00,16.00,7354.00,0.00,4156.36
8.56,0.00,0.00,0.00,26.00,0.00,15.00,7355.00,0.00,4019.79
8.56,0.00,0.00,0.00,26.00,0.00,15.00,7355.00,0.00,3895.11
8.57,0.00,0.00,0.00,26.00,0.00,15.00,7355.00,0.00,3781.28
8.58,0.00,0.00,0.00,26.00,0.00,15.00,7355.00,0.00,3677.37
8.58,0.00,0.00,0.00,26.00,0.00,14.00,7356.00,0.00,3567.48
8.59,0.00,0.00,0.00,26.00,0.00,14.00,7356.00,0.00,3467.16
8.60,0.00,0.00,0.00,26.00,0.00,13.00,7357.00,0.00,3360.56
8.60,0.00,0.00,0.00,26.00,0.00,13.00,7357.00,0.00,3263.23
8.61,0.00,0.00,0.00,26.00,0.00,12.00,7358.00,0.00,3159.36
8.62,0.00,0.00,0.00,26.00,0.00,12.00,7358.00,0.00,3064.54
8.62,0.00,0.00,0.00,26.00,0.00,12.00,7358.00,0.00,2977.96
8.63,0.00,0.00,0.00,26.00,0.00,11.00,7359.00,0.00,2883.91
8.64,0.00,0.00,0.00,26.00,0.00,10.00,7360.00,0.00,2783.02
8.65,0.00,0.00,0.00,26.00,0.00,9.00,7361.00,0.00,2675.90
8.65,0.00,0.00,0.00,26.00,0.00,9.00,7361.00,0.00,2578.10
8.66,0.00,0.00,0.00,26.00,0.00,9.00,7361.00,0.00,2488.81
8.67,0.00,0.00,0.00,26.00,0.00,8.00,7362.00,0.00,2392.28
8.67,0.00,0.00,0.00,26.00,0.00,8.00,7362.00,0.00,2304.16
8.68,0.00,0.00,0.00,26.00,0.00,8.00,7362.00,0.00,2223.71
8.69,0.00,0.00,0.00,26.00,0.00,8.00,7362.00,0.00,2150.26
8.69,0.00,0.00,0.00,26.00,0.00,8.00,7362.00,0.00,2083.21
8.70,0.00,0.00,0.00,26.00,0.00,8.00,7362.00,0.00,2022.00
8.71,0.00,0.00,0.00,26.00,0.00,8.00,7362.00,0.00,1966.11
8.72,0.00,0.00,0.00,26.00,0.00,8.00,7362.00,0.00,1915.10
8.72,0.00,0.00,0.00,26.00,0.00,7.00,7363.00,0.00,1853.50
8.73,0.00,0.00,0.00,26.00,0.00,7.00,7363.00,0.00,1797.27
8.74,0.00,0.00,0.00,26.00,0.00,7.00,7363.00,0.00,1745.93
8.74,0.00,0.00,0.00,26.00,0.00,7.00,7363.00,0.00,1699.06
8.75,0.00,0.00,0.00,26.00,0.00,6.00,7364.00,0.00,1641.25
8.76,0.00,0.00,0.00,26.00,0.00,5.00,7365.00,0.00,1573.46
8.76,0.00,0.00,0.00,26.00,0.00,5.00,7365.00,0.00,1511.56
8.77,0.00,0.00,0.00,26.00,0.00,5.00,7365.00,0.00,1455.06
8.78,0.00,0.00,0.00,26.00,0.00,3.00,7367.00,0.00,1373.42
8.78,0.00,0.00,0.00,26.00,0.00,3.00,7367.00,0.00,1298.90
8.79,0.00,0.00,0.00,26.00,0.00,3.00,7367.00,0.00,1230.87
8.80,0.00,0.00,0.00,26.00,0.00,3.00,7367.00,0.00,1168.76
8.81,0.00,0.00,0.00,26.00,0.00,3.00,7367.00,0.00,1112.06
8.81,0.00,0.00,0.00,26.00,0.00,1.00,7369.00,0.00,1030.25
8.82,0.00,0.00,0.00,26.00,0.00,1.00,7369.00,0.00,955.56
8.83,0.00,0.00,0.00,26.00,0.00,1.00,7369.00,0.00,887.38
8.83,0.00,0.00,0.00,26.00,0.00,1.00,7369.00,0.00,825.13
8.84,0.00,0.00,0.00,26.00,0.00,0.00,7370.00,0.00,753.28
8.85,0.00,0.00,0.00,26.00,0.00,0.00,7370.00,0.00,687.69
8.85,0.00,0.00,0.00,26.00,0.00,0.00,7370.00,0.00,627.81
8.86,0.00,0.00,0.00,26.00,0.00,0.00,7370.00,0.00,573.14
8.87,0.00,0.00,0.00,26.00,0.00,0.00,7370.00,0.00,523.23
8.88,0.00,0.00,0.00,26.00,0.00,0.00,7370.00,0.00,477.67
8.88,0.00,0.00,0.00,26.00,0.00,0.00,7370.00,0.00,436.08
8.89,0.00,0.00,0.00,26.00,0.00,0.00,7370.00,0.00,398.11
8.90,0.00,0.00,0.00,26.00,0.00,0.00,7370.00,0.00,363.44
8.90,0.00,0.00,0.00,26.00,0.00,0.00,7370.00,0.00,331.79
8.91,0.00,0.00,0.00,26.00,0.00,0.00,7370.00,0.00,302.90
8.92,0.00,0.00,0.00,26.00,0.00,0.00,7370.00,0.00,276.53
8.92,0.00,0.00,0.00,26.00,0.00,0.00,7370.00,0.00,252.45
8.93,0.00,0.00,0.00,26.00,0.00,0.00,7370.00,0.00,230.47
8.94,0.00,0.00,0.00,26.00,0.00,0.00,7370.00,0.00,210.40
8.94,0.00,0.00,0.00,26.00,0.00,0.00,7370.00,0.00,192.08
8.95,0.00,0.00,0.00,26.00,0.00,0.00,7370.00,0.00,175.35
8.96,0.00,0.00,0.00,26.00,0.00,0.00,7370.00,0.00,160.08
8.97,0.00,0.00,0.00,26.00,0.00,0.00,7370.00,0.00,146.14
8.97,0.00,0.00,0.00,26.00,0.00,0.00,7370.00,0.00,133.42
8.98,0.00,0.00,0.00,26.00,0.00,0.00,7370.00,0.00,121.80
8.99,0.00,0.00,0.00,26.00,0.00,0.00,7370.00,0.00,111.19
8.99,0.00,0.00,0.00,26.00,0.00,0.00,7370.00,0.00,101.51
9.00,0.00,0.00,0.00,26.00,0.00,0.00,7370.00,0.00,92.67
9.01,0.00,0.00,0.00,26.00,0.00,0.00,7370.00,0.00,84.60
9.01,0.00,0.00,0.00,26.00,0.00,0.00,7370.00,0.00,77.24
9.02,0.00,0.00,0.00,26.00,0.00,0.00,7370.00,0.00,70.51
9.03,0.00,0.00,0.00,26.00,0.00,0.00,7370.00,0.00,64.37
9.03,0.00,0.00,0.00,26.00,0.00,0.00,7370.00,0.00,58.77
9.04,0.00,0.00,0.00,26.00,0.00,0.00,7370.00,0.00,53.65
9.05,0.00,0.00,0.00,26.00,0.00,0.00,7370.00,0.00,48.98
9.06,0.00,0.00,0.00,26.00,0.00,0.00,7370.00,0.00,44.71
9.06,0.00,0.00,0.00,26.00,0.00,0.00,7370.00,0.00,40.82
9.07,0.00,0.00,0.00,26.00,0.00,0.00,7370.00,0.00,37.26
9.08,0.00,0.00,0.00,26.00,0.00,0.00,7370.00,0.00,34.02
9.08,0.00,0.00,0.00,26.00,0.00,0.00,7370.00,0.00,31.06
9.09,0.00,0.00,0.00,26.00,0.00,0.00,7370.00,0.00,28.35
9.10,0.00,0.00,0.00,26.00,0.00,0.00,7370.00,0.00,25.88
9.10,0.00,0.00,0.00,26.00,0.00,0.00,7370.00,0.00,23.63
9.11,0.00,0.00,0.00,26.00,0.00,0.00,7370.00,0.00,21.57
9.12,0.00,0.00,0.00,26.00,0.00,0.00,7370.00,0.00,19.69
9.12,0.00,0.00,0.00,26.00,0.00,0.00,7370.00,0.00,17.98
9.13,0.00,0.00,0.00,26.00,0.00,0.00,7370.00,0.00,16.41
9.14,0.00,0.00,0.00,26.00,0.00,0.00,7370.00,0.00,14.98
9.15,0.00,0.00,0.00,26.00,0.00,0.00,7370.00,0.00,13.68
9.15,0.00,0.00,0.00,26.00,0.00,0.00,7370.00,0.00,12.49
9.16,0.00,0.00,0.00,26.00,0.00,0.00,7370.00,0.00,11.40
9.17,0.00,0.00,0.00,26.00,0.00,0.00,7370.00,0.00,10.41
9.17,0.00,0.00,0.00,26.00,0.00,0.00,7370.00,0.00,9.50
9.18,0.00,0.00,0.00,26.00,0.00,0.00,7370.00,0.00,8.67
9.19,0.00,0.00,0.00,26.00,0.00,0.00,7370.00,0.00,7.92
9.19,0.00,0.00,0.00,26.00,0.00,0.00,7370.00,0.00,7.23
9.20,0.00,0.00,0.00,26.00,0.00,0.00,7370.00,0.00,6.60
9.21,0.00,0.00,0.00,26.00,0.00,0.00,7370.00,0.00,6.03
9.22,0.00,0.00,0.00,26.00,0.00,0.00,7370.00,0.00,5.50
9.22,0.00,0.00,0.00,26.00,0.00,0.00,7370.00,0.00,5.02
9.23,0.00,0.00,0.00,26.00,0.00,0.00,7370.00,0.00,4.58
9.24,0.00,0.00,0.00,26.00,0.00,0.00,7370.00,0.00,4.19
9.24,0.00,0.00,0.00,26.00,0.00,0.00,7370.00,0.00,3.82
9.25,0.00,0.00,0.00,26.00,0.00,0.00,7370.00,0.00,3.49
9.26,0.00,0.00,0.00,26.00,0.00,0.00,7370.00,0.00,3.18
9.26,0.00,0.00,0.00,26.00,0.00,0.00,7370.00,0.00,2.91
9.27,0.00,0.00,0.00,26.00,0.00,0.00,7370.00,0.00,2.65
9.28,0.00,0.00,0.00,26.00,0.00,0.00,7370.00,0.00,2.42
9.28,0.00,0.00,0.00,26.00,0.00,0.00,7370.00,0.00,2.21
9.29,0.00,0.00,0.00,26.00,0.00,0.00,7370.00,0.00,2.02
9.30,0.00,0.00,0.00,26.00,0.00,0.00,7370.00,0.00,1.84
9.31,0.00,0.00,0.00,26.00,0.00,0.00,7370.00,0.00,1.68
9.31,0.00,0.00,0.00,26.00,0.00,0.00,7370.00,0.00,1.54
9.32,0.00,0.00,0.00,26.00,0.00,0.00,7370.00,0.00,1.40
9.33,0.00,0.00,0.00,26.00,0.00,0.00,7370.00,0.00,1.28
9.33,0.00,0.00,0.00,26.00,0.00,0.00,7370.00,0.00,1.17
9.34,0.00,0.00,0.00,26.00,0.00,0.00,7370.00,0.00,1.07
9.35,0.00,0.00,0.00,26.00,0.00,0.00,7370.00,0.00,0.97
9.35,0.00,0.00,0.00,26.00,0.00,0.00,7370.00,0.00,0.89
9.36,0.00,0.00,0.00,26.00,0.00,0.00,7370.00,0.00,0.81
9.37,0.00,0.00,0.00,26.00,0.00,0.00,7370.00,0.00,0.74
9.38,0.00,0.00,0.00,26.00,0.00,0.00,7370.00,0.00,0.68
9.38,0.00,0.00,0.00,26.00,0.00,0.00,7370.00,0.00,0.62
9.39,0.00,0.00,0.00,26.00,0.00,0.00,7370.00,0.00,0.56
9.40,0.00,0.00,0.00,26.00,0.00,0.00,7370.00,0.00,0.51
9.40,0.00,0.00,0.00,26.00,0.00,0.00,7370.00,0.00,0.47
9.41,0.00,0.00,0.00,26.00,0.00,0.00,7370.00,0.00,0.43
9.42,0.00,0.00,0.00,26.00,0.00,0.00,7370.00,0.00,0.39
9.42,0.00,0.00,0.00,26.00,0.00,0.00,7370.00,0.00,0.36
9.43,0.00,0.00,0.00,26.00,0.00,0.00,7370.00,0.00,0.33
9.44,0.00,0.00,0.00,26.00,0.00,0.00,7370.00,0.00,0.30
9.44,0.00,0.00,0.00,26.00,0.00,0.00,7370.00,0.00,0.27
9.45,0.00,0.00,0.00,26.00,0.00,0.00,7370.00,0.00,0.25
9.46,0.00,0.00,0.00,26.00,0.00,0.00,7370.00,0.00,0.23
9.47,0.00,0.00,0.00,26.00,0.00,0.00,7370.00,0.00,0.21
9.47,0.00,0.00,0.00,26.00,0.00,0.00,7370.00,0.00,0.19
9.48,0.00,0.00,0.00,26.00,0.00,0.00,7370.00,0.00,0.17
9.49,0.00,0.00,0.00,26.00,0.00,0.00,7370.00,0.00,0.16
9.49,0.00,0.00,0.00,26.00,0.00,0.00,7370.00,0.00,0.14
9.50,0.00,0.00,0.00,26.00,0.00,0.00,7370.00,0.00,0.13
9.51,0.00,0.00,0.00,26.00,0.00,0.00,7370.00,0.00,0.12
9.51,0.00,0.00,0.00,26.00,0.00,0.00,7370.00,0.00,0.11
9.52,0.00,0.00,0.00,26.00,0.00,0.00,7370.00,0.00,0.10
9.53,0.00,0.00,0.00,26.00,0.00,0.00,7370.00,0.00,0.09
9.53,0.00,0.00,0.00,26.00,0.00,0.00,7370.00,0.00,0.08
9.54,0.00,0.00,0.00,26.00,0.00,0.00,7370.00,0.00,0.08
9.55,0.00,0.00,0.00,26.00,0.00,0.00,7370.00,0.00,0.07
9.56,0.00,0.00,0.00,26.00,0.00,0.00,7370.00,0.00,0.06
9.56,0.00,0.00,0.00,26.00,0.00,0.00,7370.00,0.00,0.06
9.57,0.00,0.00,0.00,26.00,0.00,0.00,7370.00,0.00,0.05
9.58,0.00,0.00,0.00,26.00,0.00,0.00,7370.00,0.00,0.05
9.58,0.00,0.00,0.00,26.00,0.00,0.00,7370.00,0.00,0.04
9.59,0.00,0.00,0.00,26.00,0.00,0.00,7370.00,0.00,0.04
9.60,0.00,0.00,0.00,26.00,0.00,0.00,7370.00,0.00,0.04
9.60,0.00,0.00,0.00,26.00,0.00,0.00,7370.00,0.00,0.03
9.61,0.00,0.00,0.00,26.00,0.00,0.00,7370.00,0.00,0.03
9.62,0.00,0.00,0.00,26.00,0.00,0.00,7370.00,0.00,0.03
9.62,0.00,0.00,0.00,26.00,0.00,0.00,7370.00,0.00,0.03
9.63,0.00,0.00,0.00,26.00,0.00,0.00,7370.00,0.00,0.02
9.64,0.00,0.00,0.00,26.00,0.00,0.00,7370.00,0.00,0.02
9.65,0.00,0.00,0.00,26.00,0.00,0.00,7370.00,0.00,0.02
9.65,0.00,0.00,0.00,26.00,0.00,0.00,7370.00,0.00,0.02
9.66,0.00,0.00,0.00,26.00,0.00,0.00,7370.00,0.00,0.02
9.67,0.00,0.00,0.00,26.00,0.00,0.00,7370.00,0.00,0.01
9.67,0.00,0.00,0.00,26.00,0.00,0.00,7370.00,0.00,0.01
9.68,0.00,0.00,0.00,26.00,0.00,0.00,7370.00,0.00,0.01
9.69,0.00,0.00,0.00,26.00,0.00,0.00,7370.00,0.00,0.01
9.69,0.00,0.00,0.00,26.00,0.00,0.00,7370.00,0.00,0.01
9.70,0.00,0.00,0.00,26.00,0.00,0.00,7370.00,0.00,0.01
9.71,0.00,0.00,0.00,26.00,0.00,0.00,7370.00,0.00,0.01
9.72,0.00,0.00,0.00,26.00,0.00,0.00,7370.00,0.00,0.01
9.72,0.00,0.00,0.00,26.00,0.00,0.00,7370.00,0.00,0.01
9.73,0.00,0.00,0.00,26.00,0.00,0.00,7370.00,0.00,0.01
9.74,0.00,0.00,0.00,26.00,0.00,0.00,7370.00,0.00,0.01
9.74,0.00,0.00,0.00,26.00,0.00,0.00,7370.00,0.00,0.01
9.75,0.00,0.00,0.00,26.00,0.00,0.00,7370.00,0.00,0.00
9.76,0.00,0.00,0.00,26.00,0.00,0.00,7370.00,0.00,0.00
9.76,0.00,0.00,0.00,26.00,0.00,0.00,7370.00,0.00,0.00
9.77,0.00,0.00,0.00,26.00,0.00,0.00,7370.00,0.00,0.00
9.78,0.00,0.00,0.00,26.00,0.00,0.00,7370.00,0.00,0.00
9.78,0.00,0.00,0.00,26.00,0.00,0.00,7370.00,0.00,0.00
9.79,0.00,0.00,0.00,26.00,0.00,0.00,7370.00,0.00,0.00
9.80,0.00,0.00,0.00,26.00,0.00,0.00,7370.00,0.00,0.00
9.81,0.00,0.00,0.00,26.00,0.00,0.00,7370.00,0.00,0.00
9.81,0.00,0.00,0.00,26.00,0.00,0.00,7370.00,0.00,0.00
9.82,0.00,0.00,0.00,26.00,0.00,0.00,7370.00,0.00,0.00
9.83,0.00,0.00,0.00,26.00,0.00,0.00,7370.00,0.00,0.00
9.83,0.00,0.00,0.00,26.00,0.00,0.00,7370.00,0.00,0.00
9.84,0.00,0.00,0.00,26.00,0.00,0.00,7370.00,0.00,0.00
9.85,0.00,0.00,0.00,26.00,0.00,0.00,7370.00,0.00,0.00
9.85,0.00,0.00,0.00,26.00,0.00,0.00,7370.00,0.00,0.00
9.86,0.00,0.00,0.00,26.00,0.00,0.00,7370.00,0.00,0.00
9.87,0.00,0.00,0.00,26.00,0.00,0.00,7370.00,0.00,0.00
9.88,0.00,0.00,0.00,26.00,0.00,0.00,7370.00,0.00,0.00
9.88,0.00,0.00,0.00,26.00,0.00,0.00,7370.00,0.00,0.00
9.89,0.00,0.00,0.00,26.00,0.00,0.00,7370.00,0.00,0.00
9.90,0.00,0.00,0.00,26.00,0.00,0.00,7370.00,0.00,0.00
9.90,0.00,0.00,0.00,26.00,0.00,0.00,7370.00,0.00,0.00
9.91,0.00,0.00,0.00,26.00,0.00,0.00,7370.00,0.00,0.00
9.92,0.00,0.00,0.00,26.00,0.00,0.00,7370.00,0.00,0.00
9.92,0.00,0.00,0.00,26.00,0.00,0.00,7370.00,0.00,0.00
9.93,0.00,0.00,0.00,26.00,0.00,0.00,7370.00,0.00,0.00
9.94,0.00,0.00,0.00,26.00,0.00,0.00,7370.00,0.00,0.00
9.94,0.00,0.00,0.00,26.00,0.00,0.00,7370.00,0.00,0.00
9.95,0.00,0.00,0.00,26.00,0.00,0.00,7370.00,0.00,0.00
9.96,0.00,0.00,0.00,26.00,0.00,0.00,7370.00,0.00,0.00
9.97,0.00,0.00,0.00,26.00,0.00,0.00,7370.00,0.00,0.00
9.97,0.00,0.00,0.00,26.00,0.00,0.00,7370.00,0.00,0.00
9.98,0.00,0.00,0.00,26.00,0.00,0.00,7370.00,0.00,0.00
9.99,0.00,0.00,0.00,26.00,0.00,0.00,7370.00,0.00,0.00
9.99,0.00,0.00,0.00,26.00,0.00,0.00,7370.00,0.00,0.00
