Time,U,AI1,AI2,AD,BI2,BI2,BD,VA,VB
0.00,7394.00,1.00,1.00,0.00,0.00,0.00,0.00,76.50,75.00
0.01,7392.00,2.00,1.00,0.00,1.00,0.00,0.00,71.10,68.47
0.01,7390.00,2.00,1.00,0.00,3.00,0.00,0.00,66.18,62.51
0.02,7389.00,3.00,1.00,0.00,3.00,0.00,0.00,61.71,57.06
0.03,7388.00,4.00,1.00,0.00,3.00,0.00,0.00,57.64,52.10
0.03,7387.00,5.00,1.00,0.00,3.00,0.00,0.00,53.94,47.56
0.04,7385.00,6.00,0.00,1.00,4.00,0.00,0.00,49.07,43.42
0.05,7384.00,6.00,0.00,1.00,4.00,1.00,0.00,44.64,54.66
0.06,7383.00,7.00,0.00,1.00,3.00,2.00,0.00,40.61,79.95
0.06,7381.00,7.00,1.00,1.00,4.00,2.00,0.00,38.45,103.03
0.07,7380.00,8.00,1.00,1.00,4.00,2.00,0.00,36.48,124.11
0.08,7380.00,8.00,1.00,1.00,4.00,2.00,0.00,34.69,143.35
0.08,7378.00,8.00,1.00,1.00,6.00,2.00,0.00,33.06,160.91
0.09,7378.00,8.00,1.00,1.00,6.00,2.00,0.00,31.58,176.95
0.10,7377.00,8.00,1.00,1.00,7.00,2.00,0.00,30.23,191.58
0.10,7373.00,9.00,1.00,1.00,10.00,2.00,0.00,29.00,204.95
0.11,7371.00,9.00,1.00,1.00,12.00,2.00,0.00,27.88,217.15
0.12,7368.00,8.00,2.00,1.00,15.00,2.00,0.00,28.37,228.29
0.12,7364.00,8.00,2.00,1.00,19.00,2.00,0.00,28.82,238.45
0.13,7364.00,8.00,2.00,1.00,19.00,2.00,0.00,29.22,247.74
0.14,7362.00,9.00,2.00,1.00,20.00,2.00,0.00,29.59,256.21
0.15,7362.00,9.00,2.00,1.00,19.00,3.00,0.00,29.92,278.97
0.15,7359.00,9.00,2.00,1.00,22.00,3.00,0.00,30.22,299.75
0.16,7356.00,8.00,3.00,1.00,24.00,4.00,0.00,32.00,333.74
0.17,7353.00,7.00,4.00,1.00,27.00,3.00,1.00,35.12,349.75
0.17,7350.00,7.00,4.00,1.00,30.00,3.00,1.00,37.96,364.36
0.18,7348.00,6.00,5.00,1.00,32.00,3.00,1.00,42.04,377.71
0.19,7348.00,6.00,5.00,1.00,30.00,5.00,1.00,45.76,419.93
0.19,7346.00,6.00,5.00,1.00,31.00,6.00,1.00,49.14,473.50
0.20,7344.00,6.00,5.00,1.00,31.00,8.00,1.00,52.22,552.46
0.21,7340.00,6.00,5.00,1.00,35.00,8.00,1.00,55.01,624.54
0.22,7340.00,5.00,6.00,1.00,35.00,8.00,1.00,59.06,690.34
0.22,7338.00,5.00,4.00,3.00,33.00,12.00,1.00,59.74,810.51
0.23,7335.00,5.00,4.00,3.00,36.00,12.00,1.00,60.35,920.21
0.24,7333.00,5.00,4.00,3.00,37.00,13.00,1.00,60.92,1035.38
0.24,7330.00,4.00,5.00,3.00,40.00,11.00,3.00,62.93,1110.48
0.25,7326.00,4.00,4.00,4.00,44.00,11.00,3.00,63.26,1179.04
0.26,7324.00,3.00,4.00,5.00,45.00,12.00,3.00,63.55,1256.65
0.26,7317.00,3.00,4.00,5.00,50.00,13.00,4.00,63.83,1342.53
0.27,7312.00,3.00,4.00,5.00,54.00,14.00,4.00,64.07,1435.95
0.28,7305.00,3.00,4.00,5.00,58.00,17.00,4.00,64.30,1566.30
0.28,7302.00,3.00,4.00,5.00,58.00,20.00,4.00,64.50,1730.38
0.29,7298.00,4.00,4.00,5.00,59.00,22.00,4.00,64.69,1910.21
0.30,7290.00,3.00,4.00,6.00,65.00,22.00,6.00,64.86,2074.39
0.31,7284.00,3.00,4.00,6.00,69.00,24.00,6.00,65.01,2254.31
0.31,7276.00,2.00,5.00,6.00,73.00,26.00,8.00,66.65,2448.62
0.32,7269.00,2.00,5.00,6.00,79.00,26.00,9.00,68.15,2626.00
0.33,7262.00,2.00,5.00,6.00,84.00,28.00,9.00,69.51,2817.99
0.33,7252.00,2.00,5.00,6.00,93.00,29.00,9.00,70.74,3008.28
0.34,7247.00,3.00,4.00,7.00,94.00,31.00,10.00,70.37,3212.05
0.35,7238.00,3.00,4.00,7.00,97.00,35.00,12.00,70.02,3458.17
0.35,7231.00,3.00,4.00,7.00,100.00,36.00,15.00,69.71,3697.88
0.36,7225.00,3.00,4.00,7.00,101.00,39.00,17.00,69.43,3961.78
0.37,7215.00,2.00,5.00,7.00,107.00,42.00,18.00,70.67,4247.78
0.38,7200.00,2.00,5.00,7.00,120.00,43.00,19.00,71.80,4523.89
0.38,7193.00,2.00,5.00,7.00,125.00,45.00,19.00,72.83,4806.01
0.39,7177.00,3.00,5.00,7.00,136.00,46.00,22.00,73.77,5078.59
0.40,7165.00,5.00,5.00,7.00,142.00,48.00,24.00,74.62,5357.47
0.40,7154.00,5.00,4.00,8.00,146.00,53.00,26.00,73.89,5687.19
0.41,7142.00,5.00,4.00,8.00,155.00,56.00,26.00,73.23,6033.27
0.42,7129.00,5.00,4.00,8.00,161.00,63.00,26.00,72.63,6454.37
0.42,7115.00,5.00,4.00,8.00,172.00,65.00,27.00,72.08,6868.85
0.43,7104.00,5.00,4.00,8.00,181.00,67.00,27.00,71.58,7277.29
0.44,7090.00,5.00,4.00,8.00,190.00,70.00,29.00,71.13,7695.23
0.44,7072.00,5.00,4.00,8.00,204.00,72.00,31.00,70.72,8106.83
0.45,7057.00,5.00,4.00,8.00,217.00,73.00,32.00,70.34,8497.61
0.46,7042.00,5.00,4.00,8.00,223.00,81.00,33.00,70.00,8974.54
0.47,7030.00,4.00,5.00,8.00,233.00,83.00,33.00,71.19,9439.99
0.47,7018.00,4.00,5.00,8.00,239.00,89.00,33.00,72.28,9955.06
0.48,7006.00,3.00,6.00,8.00,244.00,95.00,34.00,74.77,10515.41
0.49,6986.00,3.00,6.00,8.00,260.00,97.00,36.00,77.03,11057.01
0.49,6969.00,3.00,6.00,8.00,269.00,102.00,39.00,79.09,11626.57
0.50,6961.00,3.00,6.00,8.00,271.00,106.00,41.00,80.96,12206.62
0.51,6950.00,3.00,6.00,8.00,277.00,109.00,43.00,82.67,12781.24
0.51,6935.00,3.00,6.00,8.00,284.00,113.00,47.00,84.22,13365.91
0.52,6920.00,3.00,6.00,8.00,291.00,118.00,50.00,85.63,13974.79
0.53,6903.00,4.00,6.00,8.00,300.00,119.00,56.00,86.91,14545.68
0.53,6888.00,4.00,6.00,8.00,306.00,127.00,57.00,88.08,15187.03
0.54,6873.00,4.00,6.00,8.00,309.00,137.00,59.00,89.14,15922.78
0.55,6861.00,4.00,6.00,8.00,315.00,142.00,60.00,90.11,16669.57
0.56,6842.00,4.00,6.00,8.00,323.00,146.00,67.00,90.99,17411.42
0.56,6826.00,3.00,7.00,8.00,329.00,152.00,71.00,93.29,18178.82
0.57,6804.00,3.00,7.00,8.00,343.00,158.00,73.00,95.38,18969.54
0.58,6789.00,3.00,6.00,9.00,354.00,159.00,76.00,95.79,19706.42
0.58,6767.00,3.00,6.00,9.00,366.00,166.00,79.00,96.15,20484.30
0.59,6756.00,3.00,6.00,9.00,369.00,170.00,83.00,96.49,21254.54
0.60,6729.00,3.00,6.00,9.00,386.00,176.00,87.00,96.79,22047.85
0.60,6707.00,3.00,6.00,9.00,393.00,188.00,90.00,97.07,22952.36
0.61,6692.00,3.00,6.00,9.00,402.00,190.00,94.00,97.32,23808.16
0.62,6683.00,2.00,7.00,9.00,400.00,198.00,97.00,99.05,24709.62
0.62,6663.00,2.00,7.00,9.00,410.00,200.00,105.00,100.62,25562.63
0.63,6640.00,1.00,8.00,9.00,419.00,211.00,108.00,103.56,26506.61
0.64,6618.00,1.00,8.00,9.00,432.00,217.00,111.00,106.23,27458.54
0.65,6593.00,1.00,8.00,9.00,445.00,226.00,114.00,108.66,28462.79
0.65,6570.00,1.00,8.00,9.00,451.00,237.00,120.00,110.86,29544.84
0.66,6549.00,1.00,8.00,9.00,460.00,245.00,124.00,112.87,30652.86
0.67,6526.00,1.00,8.00,9.00,465.00,263.00,124.00,114.70,31934.81
0.67,6498.00,1.00,7.00,10.00,477.00,272.00,131.00,114.86,33240.35
0.68,6476.00,1.00,6.00,11.00,488.00,279.00,135.00,113.51,34537.36
0.69,6449.00,1.00,6.00,11.00,501.00,290.00,138.00,112.27,35886.69
0.69,6422.00,1.00,6.00,11.00,512.00,305.00,139.00,111.15,37343.88
0.70,6398.00,1.00,6.00,11.00,520.00,319.00,141.00,110.13,38884.50
0.71,6373.00,1.00,6.00,11.00,533.00,327.00,145.00,109.20,40411.15
0.72,6350.00,1.00,6.00,11.00,536.00,337.00,155.00,108.36,41955.11
0.72,6331.00,1.00,6.00,11.00,539.00,350.00,158.00,107.59,43559.92
0.73,6305.00,2.00,6.00,11.00,552.00,359.00,161.00,106.89,45160.19
0.74,6266.00,2.00,6.00,11.00,579.00,366.00,166.00,106.25,46726.29
0.74,6244.00,2.00,6.00,11.00,584.00,378.00,171.00,105.68,48336.29
0.75,6223.00,2.00,6.00,11.00,585.00,396.00,173.00,105.15,50076.52
0.76,6204.00,1.00,6.00,12.00,596.00,399.00,178.00,104.67,51710.28
0.76,6168.00,2.00,6.00,12.00,616.00,409.00,183.00,104.24,53352.01
0.77,6148.00,1.00,7.00,12.00,630.00,411.00,187.00,105.34,54880.84
0.78,6127.00,1.00,7.00,12.00,635.00,422.00,192.00,106.35,56441.79
0.78,6095.00,1.00,7.00,12.00,643.00,444.00,194.00,107.26,58197.33
0.79,6073.00,1.00,5.00,14.00,650.00,457.00,196.00,105.09,59995.31
0.80,6049.00,1.00,5.00,14.00,652.00,475.00,200.00,103.12,61907.14
0.81,6019.00,1.00,5.00,14.00,666.00,487.00,204.00,101.32,63832.78
0.81,5997.00,1.00,5.00,14.00,672.00,496.00,211.00,99.68,65725.94
0.82,5971.00,1.00,5.00,14.00,675.00,514.00,216.00,98.20,67724.68
0.83,5942.00,1.00,5.00,14.00,682.00,530.00,222.00,96.84,69789.74
0.83,5914.00,1.00,5.00,14.00,681.00,549.00,232.00,95.61,71960.42
0.84,5899.00,1.00,4.00,15.00,665.00,575.00,237.00,92.99,74332.69
0.85,5861.00,2.00,4.00,15.00,686.00,586.00,242.00,90.60,76663.65
0.85,5833.00,2.00,4.00,15.00,700.00,594.00,248.00,88.43,78911.82
0.86,5797.00,2.00,4.00,15.00,715.00,606.00,257.00,86.46,81144.51
0.87,5778.00,2.00,4.00,15.00,717.00,617.00,263.00,84.66,83348.04
0.88,5753.00,2.00,4.00,15.00,724.00,630.00,268.00,83.03,85554.99
0.88,5718.00,2.00,4.00,15.00,740.00,645.00,272.00,81.54,87795.12
0.89,5696.00,2.00,4.00,15.00,741.00,664.00,274.00,80.19,90125.62
0.90,5661.00,2.00,4.00,15.00,756.00,680.00,278.00,78.96,92493.57
0.90,5643.00,2.00,4.00,15.00,751.00,695.00,286.00,77.84,94880.67
0.91,5611.00,2.00,4.00,15.00,766.00,704.00,294.00,76.82,97195.12
0.92,5589.00,2.00,3.00,16.00,764.00,726.00,296.00,74.39,99638.54
0.92,5552.00,2.00,3.00,16.00,786.00,737.00,300.00,72.19,102034.46
0.93,5521.00,2.00,3.00,16.00,797.00,751.00,306.00,70.18,104432.07
0.94,5482.00,2.00,3.00,16.00,811.00,774.00,308.00,68.35,106966.44
0.94,5451.00,2.00,2.00,17.00,824.00,783.00,317.00,65.18,109415.34
0.95,5414.00,2.00,2.00,17.00,840.00,795.00,326.00,62.30,111831.27
0.96,5389.00,2.00,2.00,17.00,843.00,813.00,330.00,59.68,114307.25
0.97,5351.00,2.00,2.00,17.00,859.00,831.00,334.00,57.30,116838.05
0.97,5328.00,2.00,2.00,17.00,850.00,863.00,334.00,55.13,119629.21
0.98,5293.00,2.00,2.00,17.00,854.00,885.00,343.00,53.16,122507.84
0.99,5254.00,2.00,2.00,17.00,878.00,895.00,348.00,51.36,125286.04
0.99,5230.00,2.00,2.00,17.00,871.00,920.00,354.00,49.73,128197.91
1.00,5203.00,2.00,2.00,17.00,865.00,943.00,364.00,48.25,131201.75
1.01,5163.00,2.00,2.00,17.00,881.00,962.00,369.00,46.90,134229.47
1.01,5127.00,2.00,2.00,17.00,890.00,985.00,373.00,45.67,137339.08
1.02,5088.00,2.00,2.00,17.00,901.00,1006.00,380.00,44.55,140493.41
1.03,5052.00,2.00,2.00,17.00,919.00,1021.00,383.00,43.53,143598.41
1.03,5013.00,2.00,2.00,17.00,929.00,1046.00,387.00,42.61,146808.62
1.04,4984.00,2.00,2.00,17.00,939.00,1060.00,392.00,41.76,149949.62
1.05,4939.00,2.00,2.00,17.00,957.00,1083.00,396.00,41.00,153162.65
1.06,4904.00,3.00,2.00,17.00,963.00,1107.00,400.00,40.30,156456.46
1.06,4870.00,3.00,2.00,17.00,970.00,1124.00,410.00,39.67,159718.84
1.07,4837.00,3.00,2.00,17.00,977.00,1145.00,415.00,39.09,163012.64
1.08,4803.00,3.00,2.00,17.00,984.00,1160.00,427.00,38.57,166244.97
1.08,4765.00,3.00,2.00,17.00,990.00,1187.00,432.00,38.09,169601.47
1.09,4728.00,3.00,2.00,17.00,998.00,1211.00,437.00,37.66,173026.26
1.10,4691.00,3.00,2.00,17.00,1009.00,1234.00,440.00,37.26,176498.35
1.10,4655.00,3.00,2.00,17.00,1010.00,1254.00,455.00,36.90,179968.58
1.11,4628.00,3.00,1.00,18.00,1005.00,1279.00,462.00,35.07,183512.21
1.12,4584.00,3.00,1.00,18.00,1026.00,1297.00,467.00,33.41,187017.69
1.12,4549.00,4.00,1.00,18.00,1034.00,1309.00,481.00,31.89,190398.20
1.13,4518.00,4.00,1.00,18.00,1043.00,1326.00,486.00,30.52,193739.75
1.14,4490.00,4.00,1.00,18.00,1039.00,1352.00,492.00,29.27,197180.93
1.15,4448.00,4.00,1.00,18.00,1058.00,1367.00,500.00,28.13,200547.81
1.15,4409.00,4.00,1.00,18.00,1071.00,1383.00,510.00,27.09,203861.88
1.16,4372.00,4.00,1.00,18.00,1082.00,1402.00,517.00,26.15,207172.82
1.17,4334.00,4.00,1.00,18.00,1090.00,1424.00,525.00,25.29,210525.97
1.17,4289.00,4.00,1.00,18.00,1105.00,1450.00,529.00,24.51,213977.73
1.18,4255.00,4.00,1.00,18.00,1104.00,1475.00,539.00,23.80,217504.51
1.19,4218.00,4.00,1.00,18.00,1115.00,1494.00,546.00,23.15,221009.63
1.19,4180.00,4.00,1.00,18.00,1121.00,1518.00,554.00,22.56,224570.10
1.20,4140.00,4.00,1.00,18.00,1125.00,1546.00,562.00,22.03,228241.18
1.21,4095.00,4.00,1.00,18.00,1138.00,1564.00,576.00,21.54,231863.01
1.22,4067.00,4.00,1.00,18.00,1132.00,1591.00,583.00,21.10,235575.09
1.22,4038.00,4.00,0.00,19.00,1124.00,1620.00,591.00,19.19,239399.61
1.23,4011.00,4.00,0.00,19.00,1120.00,1643.00,599.00,17.46,243236.64
1.24,3974.00,4.00,0.00,19.00,1130.00,1662.00,607.00,15.89,247025.00
1.24,3947.00,3.00,1.00,19.00,1114.00,1696.00,616.00,15.95,250994.26
1.25,3911.00,3.00,1.00,19.00,1129.00,1708.00,625.00,16.02,254798.18
1.26,3858.00,3.00,1.00,19.00,1148.00,1733.00,634.00,16.07,258646.44
1.26,3822.00,3.00,1.00,19.00,1147.00,1765.00,639.00,16.12,262640.35
1.27,3784.00,3.00,1.00,19.00,1147.00,1794.00,648.00,16.17,266722.16
1.28,3745.00,3.00,1.00,19.00,1146.00,1824.00,658.00,16.21,270899.24
1.28,3709.00,3.00,1.00,19.00,1145.00,1854.00,665.00,16.25,275163.28
1.29,3667.00,3.00,1.00,19.00,1158.00,1876.00,672.00,16.29,279386.54
1.30,3633.00,3.00,1.00,19.00,1156.00,1907.00,677.00,16.32,283707.77
1.31,3596.00,3.00,1.00,19.00,1161.00,1929.00,687.00,16.35,287983.23
1.31,3572.00,3.00,1.00,19.00,1152.00,1956.00,693.00,16.37,292292.03
1.32,3531.00,4.00,1.00,19.00,1161.00,1979.00,701.00,16.40,296571.17
1.33,3495.00,4.00,1.00,19.00,1165.00,2003.00,709.00,16.42,300838.25
1.33,3466.00,4.00,1.00,19.00,1168.00,2023.00,715.00,16.44,305034.23
1.34,3436.00,4.00,1.00,19.00,1162.00,2049.00,725.00,16.46,309255.45
1.35,3402.00,4.00,1.00,19.00,1165.00,2075.00,730.00,16.47,313499.69
1.35,3368.00,4.00,1.00,19.00,1166.00,2097.00,741.00,16.49,317704.88
1.36,3341.00,4.00,1.00,19.00,1165.00,2120.00,746.00,16.50,321889.43
1.37,3308.00,4.00,1.00,19.00,1168.00,2141.00,755.00,16.52,326025.08
1.38,3275.00,4.00,1.00,19.00,1148.00,2189.00,760.00,16.53,330521.74
1.38,3252.00,4.00,1.00,19.00,1152.00,2199.00,769.00,16.54,334777.07
1.39,3226.00,4.00,1.00,19.00,1155.00,2213.00,778.00,16.55,338872.19
1.40,3195.00,4.00,1.00,19.00,1156.00,2240.00,781.00,16.56,343016.34
1.40,3172.00,4.00,1.00,19.00,1156.00,2256.00,788.00,16.56,347040.01
1.41,3143.00,4.00,1.00,19.00,1158.00,2273.00,798.00,16.57,350968.71
1.42,3114.00,4.00,1.00,19.00,1157.00,2298.00,803.00,16.58,354930.89
1.42,3081.00,4.00,1.00,19.00,1156.00,2326.00,809.00,16.58,358968.71
1.43,3055.00,4.00,1.00,19.00,1151.00,2347.00,819.00,16.59,362970.41
1.44,3032.00,4.00,1.00,19.00,1147.00,2362.00,831.00,16.59,366849.01
1.44,2998.00,4.00,1.00,19.00,1155.00,2379.00,840.00,16.60,370645.27
1.45,2978.00,4.00,1.00,19.00,1134.00,2416.00,844.00,16.60,374666.82
1.46,2956.00,4.00,1.00,19.00,1132.00,2437.00,847.00,16.60,378653.68
1.47,2926.00,4.00,1.00,19.00,1132.00,2461.00,853.00,16.61,382653.93
1.47,2901.00,3.00,2.00,19.00,1127.00,2489.00,855.00,18.11,386726.50
1.48,2879.00,3.00,2.00,19.00,1116.00,2516.00,861.00,19.48,390850.08
1.49,2857.00,3.00,2.00,19.00,1098.00,2544.00,873.00,20.73,395035.24
1.49,2825.00,3.00,2.00,19.00,1106.00,2561.00,880.00,21.86,399111.36
1.50,2794.00,3.00,2.00,19.00,1111.00,2580.00,887.00,22.89,403117.99
1.51,2760.00,3.00,2.00,19.00,1113.00,2602.00,897.00,23.83,407106.25
1.51,2728.00,3.00,2.00,19.00,1111.00,2631.00,902.00,24.68,411182.89
1.52,2704.00,3.00,2.00,19.00,1111.00,2652.00,905.00,25.46,415220.05
1.53,2680.00,3.00,2.00,19.00,1106.00,2668.00,918.00,26.17,419146.03
1.53,2653.00,3.00,2.00,19.00,1094.00,2700.00,925.00,26.81,423210.90
1.54,2627.00,3.00,2.00,19.00,1083.00,2732.00,930.00,27.39,427402.55
1.55,2611.00,3.00,2.00,19.00,1063.00,2758.00,940.00,27.92,431619.81
1.56,2575.00,3.00,1.00,20.00,1066.00,2784.00,947.00,26.91,435860.45
1.56,2547.00,3.00,0.00,21.00,1071.00,2798.00,956.00,24.48,439942.16
1.57,2522.00,3.00,0.00,21.00,1061.00,2826.00,963.00,22.27,444089.10
1.58,2496.00,3.00,0.00,21.00,1046.00,2862.00,968.00,20.26,448415.76
1.58,2467.00,3.00,0.00,21.00,1051.00,2883.00,971.00,18.43,452681.17
1.59,2442.00,3.00,0.00,21.00,1037.00,2917.00,976.00,16.76,457085.95
1.60,2414.00,2.00,1.00,21.00,1039.00,2929.00,990.00,16.75,461287.45
1.60,2386.00,2.00,1.00,21.00,1039.00,2951.00,996.00,16.74,465453.61
1.61,2360.00,2.00,1.00,21.00,1032.00,2978.00,1002.00,16.73,469662.63
1.62,2324.00,2.00,1.00,21.00,1043.00,2995.00,1010.00,16.73,473760.53
1.62,2295.00,2.00,1.00,21.00,1044.00,3016.00,1017.00,16.72,477817.09
1.63,2266.00,2.00,1.00,21.00,1041.00,3043.00,1022.00,16.71,481926.04
1.64,2239.00,2.00,1.00,21.00,1046.00,3054.00,1033.00,16.70,485842.46
1.65,2212.00,2.00,1.00,21.00,1049.00,3071.00,1040.00,16.70,489673.25
1.65,2180.00,2.00,1.00,21.00,1048.00,3092.00,1052.00,16.69,493485.95
1.66,2153.00,2.00,1.00,21.00,1039.00,3123.00,1057.00,16.69,497432.37
1.67,2127.00,2.00,1.00,21.00,1041.00,3137.00,1067.00,16.68,501245.48
1.67,2103.00,2.00,1.00,21.00,1045.00,3151.00,1073.00,16.68,504936.88
1.68,2074.00,2.00,1.00,21.00,1045.00,3175.00,1078.00,16.68,508667.40
1.69,2049.00,2.00,1.00,21.00,1045.00,3195.00,1083.00,16.67,512373.55
1.69,2021.00,2.00,1.00,21.00,1048.00,3214.00,1089.00,16.67,516042.42
1.70,1997.00,2.00,0.00,22.00,1038.00,3239.00,1098.00,15.17,519767.40
1.71,1973.00,2.00,0.00,22.00,1028.00,3269.00,1102.00,13.80,523618.71
1.72,1947.00,2.00,0.00,22.00,1021.00,3296.00,1108.00,12.55,527540.29
1.72,1929.00,2.00,0.00,22.00,1017.00,3309.00,1117.00,11.42,531315.70
1.73,1906.00,2.00,0.00,22.00,1018.00,3326.00,1122.00,10.39,535017.75
1.74,1885.00,2.00,0.00,22.00,1011.00,3348.00,1128.00,9.45,538727.95
1.74,1863.00,2.00,0.00,22.00,1000.00,3375.00,1134.00,8.60,542520.71
1.75,1830.00,2.00,0.00,22.00,1005.00,3393.00,1144.00,7.82,546253.62
1.76,1799.00,2.00,0.00,22.00,999.00,3425.00,1149.00,7.11,550142.23
1.76,1775.00,2.00,0.00,22.00,992.00,3445.00,1160.00,6.47,553992.70
1.77,1749.00,2.00,0.00,22.00,989.00,3467.00,1167.00,5.89,557838.39
1.78,1724.00,2.00,0.00,22.00,979.00,3493.00,1176.00,5.36,561739.81
1.78,1695.00,2.00,0.00,22.00,979.00,3513.00,1185.00,4.87,565601.98
1.79,1665.00,2.00,0.00,22.00,988.00,3528.00,1191.00,4.43,569353.19
1.80,1648.00,2.00,0.00,22.00,979.00,3547.00,1198.00,4.03,573063.20
1.81,1620.00,2.00,0.00,22.00,981.00,3565.00,1206.00,3.67,576720.57
1.81,1589.00,2.00,0.00,22.00,977.00,3592.00,1214.00,3.34,580465.10
1.82,1558.00,2.00,0.00,22.00,979.00,3617.00,1218.00,3.04,584259.15
1.83,1533.00,2.00,0.00,22.00,983.00,3623.00,1233.00,2.76,587812.96
1.83,1504.00,2.00,0.00,22.00,984.00,3647.00,1237.00,2.51,591417.88
1.84,1479.00,2.00,0.00,22.00,976.00,3676.00,1241.00,2.29,595144.57
1.85,1452.00,2.00,0.00,22.00,978.00,3697.00,1245.00,2.08,598862.24
1.85,1423.00,2.00,0.00,22.00,973.00,3724.00,1252.00,1.89,602661.81
1.86,1393.00,2.00,0.00,22.00,972.00,3750.00,1257.00,1.72,606521.13
1.87,1373.00,2.00,0.00,22.00,954.00,3783.00,1262.00,1.57,610540.16
1.88,1336.00,2.00,0.00,22.00,974.00,3791.00,1271.00,1.42,614329.42
1.88,1299.00,2.00,0.00,22.00,984.00,3807.00,1282.00,1.30,618029.09
1.89,1266.00,2.00,0.00,22.00,994.00,3819.00,1293.00,1.18,621586.88
1.90,1239.00,2.00,0.00,22.00,991.00,3840.00,1302.00,1.07,625150.37
1.90,1206.00,2.00,0.00,22.00,992.00,3866.00,1308.00,0.98,628794.16
1.91,1175.00,2.00,0.00,22.00,1003.00,3882.00,1312.00,0.89,632361.03
1.92,1147.00,2.00,0.00,22.00,1013.00,3894.00,1318.00,0.81,635797.59
1.92,1129.00,2.00,0.00,22.00,1005.00,3915.00,1323.00,0.73,639250.40
1.93,1100.00,2.00,0.00,22.00,1008.00,3931.00,1333.00,0.67,642642.92
1.94,1076.00,2.00,0.00,22.00,1002.00,3952.00,1342.00,0.61,646055.51
1.94,1043.00,2.00,0.00,22.00,998.00,3981.00,1350.00,0.55,649606.63
1.95,1015.00,2.00,0.00,22.00,1000.00,3993.00,1364.00,0.50,653028.80
1.96,984.00,2.00,0.00,22.00,999.00,4018.00,1371.00,0.46,656528.56
1.97,957.00,2.00,0.00,22.00,1001.00,4038.00,1376.00,0.42,660024.04
1.97,930.00,2.00,0.00,22.00,1003.00,4053.00,1386.00,0.38,663440.50
1.98,905.00,2.00,0.00,22.00,1005.00,4072.00,1390.00,0.34,666844.90
1.99,878.00,2.00,0.00,22.00,1006.00,4089.00,1399.00,0.31,670208.25
1.99,859.00,2.00,0.00,22.00,1001.00,4101.00,1411.00,0.29,673459.01
2.00,831.00,2.00,0.00,22.00,994.00,4127.00,1420.00,0.26,676817.32
2.01,805.00,2.00,0.00,22.00,994.00,4147.00,1426.00,0.24,680183.65
2.01,779.00,2.00,0.00,22.00,990.00,4168.00,1435.00,0.21,683572.35
2.02,763.00,2.00,0.00,22.00,981.00,4181.00,1447.00,0.20,686861.27
2.03,743.00,2.00,0.00,22.00,967.00,4204.00,1458.00,0.18,690209.33
2.03,720.00,2.00,0.00,22.00,968.00,4221.00,1463.00,0.16,693521.26
2.04,695.00,2.00,0.00,22.00,963.00,4246.00,1468.00,0.15,696920.37
2.05,668.00,2.00,0.00,22.00,968.00,4258.00,1478.00,0.13,700203.78
2.06,648.00,2.00,0.00,22.00,963.00,4280.00,1481.00,0.12,703531.79
2.06,630.00,2.00,0.00,22.00,949.00,4303.00,1490.00,0.11,706915.54
2.07,606.00,2.00,0.00,22.00,940.00,4329.00,1497.00,0.10,710395.25
2.08,582.00,2.00,0.00,22.00,940.00,4353.00,1497.00,0.09,713932.52
2.08,566.00,2.00,0.00,22.00,927.00,4371.00,1508.00,0.08,717432.19
2.09,547.00,2.00,0.00,22.00,920.00,4387.00,1518.00,0.08,720867.50
2.10,522.00,1.00,1.00,22.00,929.00,4400.00,1521.00,1.57,724198.97
2.10,504.00,1.00,1.00,22.00,926.00,4410.00,1532.00,2.93,727390.58
2.11,487.00,1.00,1.00,22.00,912.00,4432.00,1541.00,4.17,730634.79
2.12,469.00,1.00,1.00,22.00,898.00,4453.00,1552.00,5.30,733911.99
2.12,457.00,1.00,1.00,22.00,889.00,4462.00,1564.00,6.32,737039.03
2.13,437.00,1.00,1.00,22.00,884.00,4483.00,1568.00,7.25,740209.27
2.14,421.00,1.00,1.00,22.00,881.00,4497.00,1573.00,8.10,743313.78
2.15,407.00,1.00,1.00,22.00,877.00,4512.00,1576.00,8.87,746373.31
2.15,394.00,1.00,1.00,22.00,850.00,4546.00,1582.00,9.57,749677.21
2.16,377.00,1.00,1.00,22.00,837.00,4568.00,1590.00,10.21,753023.93
2.17,360.00,1.00,1.00,22.00,827.00,4586.00,1599.00,10.79,756349.65
2.17,343.00,1.00,1.00,22.00,824.00,4599.00,1606.00,11.32,759581.08
2.18,334.00,1.00,1.00,22.00,808.00,4617.00,1613.00,11.80,762801.55
2.19,322.00,1.00,1.00,22.00,796.00,4630.00,1624.00,12.24,765936.89
2.19,311.00,1.00,0.00,23.00,784.00,4646.00,1631.00,11.13,769039.58
2.20,296.00,1.00,0.00,23.00,780.00,4661.00,1635.00,10.13,772097.46
2.21,284.00,1.00,0.00,23.00,780.00,4661.00,1647.00,9.21,774889.06
2.22,275.00,1.00,0.00,23.00,766.00,4680.00,1651.00,8.38,777723.03
2.22,258.00,1.00,0.00,23.00,766.00,4687.00,1661.00,7.62,780415.38
2.23,247.00,1.00,0.00,23.00,752.00,4706.00,1667.00,6.94,783158.74
2.24,241.00,1.00,0.00,23.00,742.00,4712.00,1677.00,6.31,785753.35
2.24,236.00,1.00,0.00,23.00,716.00,4730.00,1690.00,5.74,788392.45
2.25,224.00,1.00,0.00,23.00,711.00,4740.00,1697.00,5.22,790951.98
2.26,216.00,1.00,0.00,23.00,701.00,4749.00,1706.00,4.75,793423.84
2.26,200.00,1.00,0.00,23.00,698.00,4758.00,1716.00,4.32,795815.68
2.27,189.00,1.00,0.00,23.00,686.00,4771.00,1726.00,3.93,798194.54
2.28,183.00,1.00,0.00,23.00,673.00,4775.00,1741.00,3.58,800426.35
2.28,169.00,1.00,0.00,23.00,667.00,4781.00,1755.00,3.25,802553.96
2.29,157.00,1.00,0.00,23.00,662.00,4780.00,1773.00,2.96,804481.29
2.30,142.00,1.00,0.00,23.00,660.00,4788.00,1782.00,2.69,806360.97
2.31,138.00,1.00,0.00,23.00,649.00,4794.00,1791.00,2.45,808167.13
2.31,133.00,1.00,0.00,23.00,637.00,4804.00,1798.00,2.23,809966.23
2.32,121.00,1.00,0.00,23.00,632.00,4812.00,1807.00,2.03,811728.87
2.33,111.00,1.00,0.00,23.00,631.00,4820.00,1810.00,1.84,813458.20
2.33,100.00,1.00,0.00,23.00,616.00,4834.00,1822.00,1.68,815247.28
2.34,95.00,1.00,0.00,23.00,601.00,4848.00,1828.00,1.53,817090.89
2.35,92.00,1.00,0.00,23.00,587.00,4855.00,1838.00,1.39,818879.14
2.35,89.00,1.00,0.00,23.00,576.00,4864.00,1843.00,1.26,820646.87
2.36,84.00,1.00,0.00,23.00,560.00,4877.00,1851.00,1.15,822455.98
2.37,76.00,1.00,0.00,23.00,555.00,4883.00,1858.00,1.05,824197.70
2.38,73.00,1.00,0.00,23.00,543.00,4890.00,1866.00,0.95,825892.92
2.38,63.00,1.00,0.00,23.00,538.00,4894.00,1877.00,0.87,827500.62
2.39,60.00,1.00,0.00,23.00,525.00,4902.00,1885.00,0.79,829088.51
2.40,54.00,0.00,1.00,23.00,518.00,4908.00,1892.00,2.22,830628.27
2.40,49.00,0.00,1.00,23.00,500.00,4919.00,1904.00,3.52,832199.21
2.41,43.00,0.00,0.00,24.00,491.00,4927.00,1911.00,3.20,833753.55
2.42,41.00,0.00,0.00,24.00,478.00,4934.00,1919.00,2.91,835277.70
2.42,38.00,0.00,0.00,24.00,465.00,4946.00,1923.00,2.65,836849.41
2.43,31.00,0.00,0.00,24.00,463.00,4945.00,1933.00,2.41,838269.24
2.44,30.00,0.00,0.00,24.00,450.00,4956.00,1936.00,2.19,839730.69
2.44,29.00,0.00,0.00,24.00,440.00,4959.00,1944.00,2.00,841109.95
2.45,25.00,0.00,0.00,24.00,436.00,4961.00,1950.00,1.82,842399.16
2.46,20.00,0.00,0.00,24.00,423.00,4969.00,1960.00,1.65,843696.30
2.47,14.00,0.00,0.00,24.00,417.00,4975.00,1966.00,1.50,844970.62
2.47,10.00,0.00,0.00,24.00,415.00,4975.00,1972.00,1.37,846133.98
2.48,10.00,0.00,0.00,24.00,406.00,4975.00,1981.00,1.24,847196.04
2.49,9.00,0.00,0.00,24.00,396.00,4977.00,1990.00,1.13,848195.67
2.49,9.00,0.00,0.00,24.00,383.00,4983.00,1997.00,1.03,849198.39
2.50,6.00,0.00,0.00,24.00,377.00,4981.00,2008.00,0.94,850083.75
2.51,5.00,0.00,0.00,24.00,369.00,4983.00,2015.00,0.85,850922.07
2.51,4.00,0.00,0.00,24.00,355.00,4992.00,2021.00,0.77,851822.59
2.52,3.00,0.00,0.00,24.00,345.00,4994.00,2030.00,0.70,852674.75
2.53,1.00,0.00,0.00,24.00,338.00,5000.00,2033.00,0.64,853542.84
2.53,1.00,0.00,0.00,24.00,332.00,4997.00,2042.00,0.58,854290.28
2.54,1.00,0.00,0.00,24.00,322.00,5002.00,2047.00,0.53,855047.75
2.55,0.00,0.00,0.00,24.00,311.00,5009.00,2052.00,0.48,855844.42
2.56,0.00,0.00,0.00,24.00,299.00,5014.00,2059.00,0.44,856646.83
2.56,0.00,0.00,0.00,24.00,289.00,5022.00,2061.00,0.40,857499.56
2.57,0.00,0.00,0.00,24.00,277.00,5022.00,2073.00,0.36,858278.04
2.58,0.00,0.00,0.00,24.00,262.00,5029.00,2081.00,0.33,859093.89
2.58,0.00,0.00,0.00,24.00,251.00,5030.00,2091.00,0.30,859853.73
2.59,0.00,0.00,0.00,24.00,247.00,5025.00,2100.00,0.27,860472.28
2.60,0.00,0.00,0.00,24.00,242.00,5017.00,2113.00,0.25,860916.79
2.60,0.00,0.00,0.00,24.00,232.00,5018.00,2122.00,0.23,861337.62
2.61,0.00,0.00,0.00,24.00,228.00,5013.00,2131.00,0.21,861646.68
2.62,0.00,0.00,0.00,24.00,222.00,5010.00,2140.00,0.19,861883.77
2.62,0.00,0.00,0.00,24.00,215.00,5010.00,2147.00,0.17,862100.21
2.63,0.00,0.00,0.00,24.00,212.00,5004.00,2156.00,0.16,862207.66
2.64,0.00,0.00,0.00,24.00,204.00,5005.00,2163.00,0.14,862320.78
2.65,0.00,0.00,0.00,24.00,198.00,5003.00,2171.00,0.13,862394.01
2.65,0.00,0.00,0.00,24.00,195.00,5001.00,2176.00,0.12,862430.81
2.66,0.00,0.00,0.00,24.00,184.00,5007.00,2181.00,0.11,862554.55
2.67,0.00,0.00,0.00,24.00,178.00,5006.00,2188.00,0.10,862652.49
2.67,0.00,0.00,0.00,24.00,173.00,5002.00,2197.00,0.09,862681.80
2.68,0.00,0.00,0.00,24.00,169.00,4995.00,2208.00,0.08,862603.41
2.69,0.00,0.00,0.00,24.00,166.00,4993.00,2213.00,0.07,862501.79
2.69,0.00,0.00,0.00,24.00,164.00,4989.00,2219.00,0.07,862348.93
2.70,0.00,0.00,0.00,24.00,159.00,4987.00,2226.00,0.06,862179.33
2.71,0.00,0.00,0.00,24.00,153.00,4985.00,2234.00,0.05,861994.46
2.72,0.00,0.00,0.00,24.00,151.00,4979.00,2242.00,0.05,861735.54
2.72,0.00,0.00,0.00,24.00,146.00,4978.00,2248.00,0.05,861484.15
2.73,0.00,0.00,0.00,24.00,143.00,4974.00,2255.00,0.04,861194.56
2.74,0.00,0.00,0.00,24.00,139.00,4969.00,2264.00,0.04,860855.06
2.74,0.00,0.00,0.00,24.00,139.00,4961.00,2272.00,0.03,860424.94
2.75,0.00,0.00,0.00,24.00,135.00,4958.00,2279.00,0.03,859987.21
2.76,0.00,0.00,0.00,24.00,132.00,4954.00,2286.00,0.03,859527.50
2.76,0.00,0.00,0.00,24.00,130.00,4952.00,2290.00,0.03,859077.77
2.77,0.00,0.00,0.00,24.00,128.00,4949.00,2295.00,0.02,858622.14
2.78,0.00,0.00,0.00,24.00,125.00,4943.00,2304.00,0.02,858116.04
2.78,0.00,0.00,0.00,24.00,123.00,4935.00,2314.00,0.02,857533.82
2.79,0.00,0.00,0.00,24.00,117.00,4932.00,2323.00,0.02,856957.23
2.80,0.00,0.00,0.00,24.00,114.00,4927.00,2331.00,0.02,856355.74
2.81,0.00,0.00,0.00,24.00,111.00,4927.00,2334.00,0.01,855806.62
2.81,0.00,0.00,0.00,24.00,108.00,4921.00,2343.00,0.01,855215.17
2.82,0.00,0.00,0.00,24.00,105.00,4914.00,2353.00,0.01,854570.07
2.83,0.00,0.00,0.00,24.00,104.00,4909.00,2359.00,0.01,853906.02
2.83,0.00,0.00,0.00,24.00,102.00,4906.00,2364.00,0.01,853254.72
2.84,0.00,0.00,0.00,24.00,100.00,4903.00,2369.00,0.01,852615.07
2.85,0.00,0.00,0.00,24.00,98.00,4901.00,2373.00,0.01,852001.07
2.85,0.00,0.00,0.00,24.00,94.00,4900.00,2378.00,0.01,851425.51
2.86,0.00,0.00,0.00,24.00,91.00,4892.00,2389.00,0.01,850779.89
2.87,0.00,0.00,0.00,24.00,89.00,4887.00,2396.00,0.01,850115.36
2.88,0.00,0.00,0.00,24.00,84.00,4886.00,2402.00,0.01,849493.68
2.88,0.00,0.00,0.00,24.00,82.00,4883.00,2407.00,0.01,848881.06
2.89,0.00,0.00,0.00,24.00,80.00,4877.00,2415.00,0.00,848231.65
2.90,0.00,0.00,0.00,24.00,75.00,4872.00,2425.00,0.00,847563.67
2.90,0.00,0.00,0.00,24.00,73.00,4865.00,2434.00,0.00,846848.70
2.91,0.00,0.00,0.00,24.00,71.00,4859.00,2442.00,0.00,846105.84
2.92,0.00,0.00,0.00,24.00,68.00,4856.00,2448.00,0.00,845382.60
2.92,0.00,0.00,0.00,24.00,67.00,4849.00,2456.00,0.00,844617.17
2.93,0.00,0.00,0.00,24.00,66.00,4840.00,2466.00,0.00,843783.18
2.94,0.00,0.00,0.00,24.00,64.00,4831.00,2477.00,0.00,842886.61
2.94,0.00,0.00,0.00,24.00,63.00,4822.00,2487.00,0.00,841932.90
2.95,0.00,0.00,0.00,24.00,59.00,4814.00,2499.00,0.00,840942.05
2.96,0.00,0.00,0.00,24.00,59.00,4806.00,2507.00,0.00,839917.29
2.97,0.00,0.00,0.00,24.00,58.00,4805.00,2509.00,0.00,838966.74
2.97,0.00,0.00,0.00,24.00,55.00,4799.00,2518.00,0.00,838008.82
2.98,0.00,0.00,0.00,24.00,54.00,4791.00,2527.00,0.00,837014.13
2.99,0.00,0.00,0.00,24.00,53.00,4785.00,2534.00,0.00,836015.92
2.99,0.00,0.00,0.00,24.00,53.00,4775.00,2544.00,0.00,834954.39
3.00,0.00,0.00,0.00,24.00,53.00,4766.00,2553.00,0.00,833850.09
3.01,0.00,0.00,0.00,24.00,50.00,4761.00,2561.00,0.00,832766.83
3.01,0.00,0.00,0.00,24.00,50.00,4755.00,2567.00,0.00,831687.76
3.02,0.00,0.00,0.00,24.00,50.00,4746.00,2576.00,0.00,830567.44
3.03,0.00,0.00,0.00,24.00,50.00,4740.00,2582.00,0.00,829454.54
3.03,0.00,0.00,0.00,24.00,49.00,4732.00,2591.00,0.00,828318.36
3.04,0.00,0.00,0.00,24.00,48.00,4726.00,2598.00,0.00,827190.97
3.05,0.00,0.00,0.00,24.00,48.00,4719.00,2605.00,0.00,826056.59
3.06,0.00,0.00,0.00,24.00,45.00,4714.00,2613.00,0.00,824945.87
3.06,0.00,0.00,0.00,24.00,43.00,4703.00,2626.00,0.00,823766.62
3.07,0.00,0.00,0.00,24.00,43.00,4698.00,2631.00,0.00,822614.93
3.08,0.00,0.00,0.00,24.00,41.00,4694.00,2637.00,0.00,821503.43
3.08,0.00,0.00,0.00,24.00,41.00,4689.00,2642.00,0.00,820413.61
3.09,0.00,0.00,0.00,24.00,41.00,4677.00,2654.00,0.00,819238.40
3.10,0.00,0.00,0.00,24.00,40.00,4667.00,2665.00,0.00,818015.30
3.10,0.00,0.00,0.00,24.00,39.00,4658.00,2675.00,0.00,816763.49
3.11,0.00,0.00,0.00,24.00,39.00,4654.00,2679.00,0.00,815560.59
3.12,0.00,0.00,0.00,24.00,39.00,4645.00,2688.00,0.00,814327.23
3.12,0.00,0.00,0.00,24.00,38.00,4635.00,2699.00,0.00,813051.03
3.13,0.00,0.00,0.00,24.00,35.00,4631.00,2706.00,0.00,811825.86
3.14,0.00,0.00,0.00,24.00,35.00,4623.00,2714.00,0.00,810587.19
3.15,0.00,0.00,0.00,24.00,34.00,4611.00,2727.00,0.00,809276.11
3.15,0.00,0.00,0.00,24.00,34.00,4598.00,2740.00,0.00,807883.88
3.16,0.00,0.00,0.00,24.00,33.00,4589.00,2750.00,0.00,806477.68
3.17,0.00,0.00,0.00,24.00,33.00,4582.00,2757.00,0.00,805088.76
3.17,0.00,0.00,0.00,24.00,33.00,4575.00,2764.00,0.00,803715.62
3.18,0.00,0.00,0.00,24.00,32.00,4566.00,2774.00,0.00,802326.85
3.19,0.00,0.00,0.00,24.00,30.00,4563.00,2779.00,0.00,801013.93
3.19,0.00,0.00,0.00,24.00,30.00,4557.00,2785.00,0.00,799725.19
3.20,0.00,0.00,0.00,24.00,29.00,4547.00,2796.00,0.00,798398.44
3.21,0.00,0.00,0.00,24.00,28.00,4543.00,2801.00,0.00,797127.13
3.22,0.00,0.00,0.00,24.00,27.00,4534.00,2811.00,0.00,795831.31
3.22,0.00,0.00,0.00,24.00,27.00,4522.00,2823.00,0.00,794468.05
3.23,0.00,0.00,0.00,24.00,27.00,4516.00,2829.00,0.00,793133.36
3.24,0.00,0.00,0.00,24.00,27.00,4511.00,2834.00,0.00,791839.77
3.24,0.00,0.00,0.00,24.00,27.00,4504.00,2841.00,0.00,790553.66
3.25,0.00,0.00,0.00,24.00,27.00,4501.00,2844.00,0.00,789334.47
3.26,0.00,0.00,0.00,24.00,27.00,4492.00,2853.00,0.00,788086.23
3.26,0.00,0.00,0.00,24.00,27.00,4482.00,2863.00,0.00,786796.45
3.27,0.00,0.00,0.00,24.00,26.00,4474.00,2872.00,0.00,785498.80
3.28,0.00,0.00,0.00,24.00,25.00,4465.00,2882.00,0.00,784178.94
3.28,0.00,0.00,0.00,24.00,24.00,4456.00,2892.00,0.00,782838.79
3.29,0.00,0.00,0.00,24.00,24.00,4451.00,2897.00,0.00,781540.22
3.30,0.00,0.00,0.00,24.00,23.00,4448.00,2901.00,0.00,780309.66
3.31,0.00,0.00,0.00,24.00,22.00,4436.00,2914.00,0.00,779005.97
3.31,0.00,0.00,0.00,24.00,21.00,4431.00,2920.00,0.00,777740.69
3.32,0.00,0.00,0.00,24.00,21.00,4422.00,2929.00,0.00,776450.37
3.33,0.00,0.00,0.00,24.00,21.00,4416.00,2935.00,0.00,775182.28
3.33,0.00,0.00,0.00,24.00,19.00,4412.00,2941.00,0.00,773964.51
3.34,0.00,0.00,0.00,24.00,19.00,4401.00,2952.00,0.00,772687.52
3.35,0.00,0.00,0.00,24.00,18.00,4392.00,2962.00,0.00,771386.52
3.35,0.00,0.00,0.00,24.00,17.00,4383.00,2972.00,0.00,770063.60
3.36,0.00,0.00,0.00,24.00,16.00,4375.00,2981.00,0.00,768735.69
3.37,0.00,0.00,0.00,24.00,16.00,4371.00,2985.00,0.00,767463.31
3.38,0.00,0.00,0.00,24.00,15.00,4363.00,2994.00,0.00,766181.54
3.38,0.00,0.00,0.00,24.00,13.00,4358.00,3001.00,0.00,764936.27
3.39,0.00,0.00,0.00,24.00,13.00,4345.00,3014.00,0.00,763604.13
3.40,0.00,0.00,0.00,24.00,12.00,4339.00,3021.00,0.00,762297.85
3.40,0.00,0.00,0.00,24.00,12.00,4332.00,3028.00,0.00,761000.16
3.41,0.00,0.00,0.00,24.00,11.00,4328.00,3033.00,0.00,759755.37
3.42,0.00,0.00,0.00,24.00,11.00,4316.00,3045.00,0.00,758438.69
3.42,0.00,0.00,0.00,24.00,11.00,4305.00,3056.00,0.00,757071.41
3.43,0.00,0.00,0.00,24.00,11.00,4294.00,3067.00,0.00,755657.93
3.44,0.00,0.00,0.00,24.00,11.00,4287.00,3074.00,0.00,754262.37
3.44,0.00,0.00,0.00,24.00,11.00,4282.00,3079.00,0.00,752913.22
3.45,0.00,0.00,0.00,24.00,10.00,4276.00,3086.00,0.00,751591.40
3.46,0.00,0.00,0.00,24.00,9.00,4269.00,3094.00,0.00,750279.53
3.47,0.00,0.00,0.00,24.00,9.00,4256.00,3107.00,0.00,748886.58
3.47,0.00,0.00,0.00,24.00,9.00,4253.00,3110.00,0.00,747569.86
3.48,0.00,0.00,0.00,24.00,9.00,4239.00,3124.00,0.00,746157.47
3.49,0.00,0.00,0.00,24.00,9.00,4227.00,3136.00,0.00,744687.78
3.49,0.00,0.00,0.00,24.00,8.00,4224.00,3140.00,0.00,743301.00
3.50,0.00,0.00,0.00,24.00,8.00,4220.00,3144.00,0.00,741974.89
3.51,0.00,0.00,0.00,24.00,8.00,4217.00,3147.00,0.00,740719.17
3.51,0.00,0.00,0.00,24.00,8.00,4206.00,3158.00,0.00,739407.55
3.52,0.00,0.00,0.00,24.00,8.00,4197.00,3167.00,0.00,738074.93
3.53,0.00,0.00,0.00,24.00,8.00,4188.00,3176.00,0.00,736723.14
3.53,0.00,0.00,0.00,24.00,8.00,4183.00,3181.00,0.00,735413.94
3.54,0.00,0.00,0.00,24.00,8.00,4176.00,3188.00,0.00,734113.58
3.55,0.00,0.00,0.00,24.00,8.00,4168.00,3196.00,0.00,732806.27
3.56,0.00,0.00,0.00,24.00,8.00,4157.00,3207.00,0.00,731447.53
3.56,0.00,0.00,0.00,24.00,8.00,4145.00,3219.00,0.00,730026.83
3.57,0.00,0.00,0.00,24.00,8.00,4138.00,3226.00,0.00,728624.68
3.58,0.00,0.00,0.00,24.00,8.00,4133.00,3231.00,0.00,727269.51
3.58,0.00,0.00,0.00,24.00,8.00,4126.00,3238.00,0.00,725927.18
3.59,0.00,0.00,0.00,24.00,8.00,4118.00,3246.00,0.00,724581.55
3.60,0.00,0.00,0.00,24.00,8.00,4112.00,3252.00,0.00,723262.95
3.60,0.00,0.00,0.00,24.00,8.00,4108.00,3256.00,0.00,721999.08
3.61,0.00,0.00,0.00,24.00,8.00,4096.00,3268.00,0.00,720664.98
3.62,0.00,0.00,0.00,24.00,8.00,4092.00,3272.00,0.00,719386.96
3.62,0.00,0.00,0.00,24.00,8.00,4083.00,3281.00,0.00,718085.01
3.63,0.00,0.00,0.00,24.00,8.00,4077.00,3287.00,0.00,716806.30
3.64,0.00,0.00,0.00,24.00,8.00,4070.00,3294.00,0.00,715533.77
3.65,0.00,0.00,0.00,24.00,7.00,4062.00,3303.00,0.00,714251.86
3.65,0.00,0.00,0.00,24.00,7.00,4057.00,3308.00,0.00,713006.46
3.66,0.00,0.00,0.00,24.00,7.00,4048.00,3317.00,0.00,711734.29
3.67,0.00,0.00,0.00,24.00,7.00,4037.00,3328.00,0.00,710407.65
3.67,0.00,0.00,0.00,24.00,7.00,4027.00,3338.00,0.00,709046.29
3.68,0.00,0.00,0.00,24.00,7.00,4024.00,3341.00,0.00,707758.40
3.69,0.00,0.00,0.00,24.00,7.00,4018.00,3347.00,0.00,706492.53
3.69,0.00,0.00,0.00,24.00,7.00,4012.00,3353.00,0.00,705246.74
3.70,0.00,0.00,0.00,24.00,7.00,4004.00,3361.00,0.00,703989.24
3.71,0.00,0.00,0.00,24.00,7.00,3995.00,3370.00,0.00,702706.03
3.72,0.00,0.00,0.00,24.00,7.00,3989.00,3376.00,0.00,701444.42
3.72,0.00,0.00,0.00,24.00,7.00,3976.00,3389.00,0.00,700097.37
3.73,0.00,0.00,0.00,24.00,7.00,3972.00,3393.00,0.00,698807.52
3.74,0.00,0.00,0.00,24.00,7.00,3962.00,3403.00,0.00,697479.75
3.74,0.00,0.00,0.00,24.00,7.00,3952.00,3413.00,0.00,696117.37
3.75,0.00,0.00,0.00,24.00,6.00,3941.00,3425.00,0.00,694708.36
3.76,0.00,0.00,0.00,24.00,6.00,3936.00,3430.00,0.00,693346.93
3.76,0.00,0.00,0.00,24.00,6.00,3930.00,3436.00,0.00,692013.91
3.77,0.00,0.00,0.00,24.00,6.00,3923.00,3443.00,0.00,690691.80
3.78,0.00,0.00,0.00,24.00,6.00,3913.00,3453.00,0.00,689334.59
3.78,0.00,0.00,0.00,24.00,5.00,3907.00,3460.00,0.00,688005.41
3.79,0.00,0.00,0.00,24.00,5.00,3898.00,3469.00,0.00,686656.77
3.80,0.00,0.00,0.00,24.00,4.00,3891.00,3477.00,0.00,685320.40
3.81,0.00,0.00,0.00,24.00,4.00,3883.00,3485.00,0.00,683980.21
3.81,0.00,0.00,0.00,24.00,4.00,3878.00,3490.00,0.00,682681.60
3.82,0.00,0.00,0.00,24.00,4.00,3868.00,3500.00,0.00,681345.84
3.83,0.00,0.00,0.00,24.00,4.00,3858.00,3510.00,0.00,679976.16
3.83,0.00,0.00,0.00,24.00,4.00,3852.00,3516.00,0.00,678635.61
3.84,0.00,0.00,0.00,24.00,4.00,3844.00,3524.00,0.00,677291.61
3.85,0.00,0.00,0.00,24.00,4.00,3838.00,3530.00,0.00,675974.49
3.85,0.00,0.00,0.00,24.00,4.00,3833.00,3535.00,0.00,674696.95
3.86,0.00,0.00,0.00,24.00,3.00,3831.00,3538.00,0.00,673500.61
3.87,0.00,0.00,0.00,24.00,3.00,3820.00,3549.00,0.00,672243.18
3.88,0.00,0.00,0.00,24.00,3.00,3816.00,3553.00,0.00,671035.15
3.88,0.00,0.00,0.00,24.00,2.00,3809.00,3561.00,0.00,669827.16
3.89,0.00,0.00,0.00,24.00,2.00,3804.00,3566.00,0.00,668649.23
3.90,0.00,0.00,0.00,24.00,2.00,3799.00,3571.00,0.00,667498.76
3.90,0.00,0.00,0.00,24.00,2.00,3791.00,3579.00,0.00,666328.28
3.91,0.00,0.00,0.00,24.00,2.00,3783.00,3587.00,0.00,665139.54
3.92,0.00,0.00,0.00,24.00,2.00,3776.00,3594.00,0.00,663949.14
3.92,0.00,0.00,0.00,24.00,2.00,3768.00,3602.00,0.00,662742.22
3.93,0.00,0.00,0.00,24.00,2.00,3762.00,3608.00,0.00,661550.25
3.94,0.00,0.00,0.00,24.00,2.00,3759.00,3611.00,0.00,660417.00
3.94,0.00,0.00,0.00,24.00,2.00,3746.00,3624.00,0.00,659187.13
3.95,0.00,0.00,0.00,24.00,2.00,3742.00,3628.00,0.00,658004.26
3.96,0.00,0.00,0.00,24.00,2.00,3734.00,3636.00,0.00,656804.21
3.97,0.00,0.00,0.00,24.00,2.00,3727.00,3643.00,0.00,655603.49
3.97,0.00,0.00,0.00,24.00,2.00,3719.00,3651.00,0.00,654387.14
3.98,0.00,0.00,0.00,24.00,2.00,3711.00,3659.00,0.00,653156.52
3.99,0.00,0.00,0.00,24.00,2.00,3702.00,3668.00,0.00,651897.84
3.99,0.00,0.00,0.00,24.00,2.00,3693.00,3677.00,0.00,650613.56
4.00,0.00,0.00,0.00,24.00,2.00,3687.00,3683.00,0.00,649350.98
4.01,0.00,0.00,0.00,24.00,2.00,3678.00,3692.00,0.00,648063.12
4.01,0.00,0.00,0.00,24.00,2.00,3671.00,3699.00,0.00,646782.25
4.02,0.00,0.00,0.00,24.00,2.00,3662.00,3708.00,0.00,645477.69
4.03,0.00,0.00,0.00,24.00,2.00,3654.00,3716.00,0.00,644166.55
4.03,0.00,0.00,0.00,24.00,2.00,3645.00,3725.00,0.00,642834.37
4.04,0.00,0.00,0.00,24.00,2.00,3639.00,3731.00,0.00,641528.06
4.05,0.00,0.00,0.00,24.00,2.00,3630.00,3740.00,0.00,640200.28
4.06,0.00,0.00,0.00,24.00,2.00,3618.00,3752.00,0.00,638807.84
4.06,0.00,0.00,0.00,24.00,2.00,3608.00,3762.00,0.00,637386.43
4.07,0.00,0.00,0.00,24.00,1.00,3607.00,3764.00,0.00,636073.75
4.08,0.00,0.00,0.00,24.00,1.00,3596.00,3775.00,0.00,634710.13
4.08,0.00,0.00,0.00,24.00,1.00,3590.00,3781.00,0.00,633375.11
4.09,0.00,0.00,0.00,24.00,1.00,3583.00,3788.00,0.00,632051.17
4.10,0.00,0.00,0.00,24.00,1.00,3579.00,3792.00,0.00,630782.42
4.10,0.00,0.00,0.00,24.00,1.00,3570.00,3801.00,0.00,629488.94
4.11,0.00,0.00,0.00,24.00,0.00,3561.00,3811.00,0.00,628172.89
4.12,0.00,0.00,0.00,24.00,0.00,3558.00,3814.00,0.00,626926.36
4.12,0.00,0.00,0.00,24.00,0.00,3552.00,3820.00,0.00,625698.24
4.13,0.00,0.00,0.00,24.00,0.00,3547.00,3825.00,0.00,624501.94
4.14,0.00,0.00,0.00,24.00,0.00,3535.00,3837.00,0.00,623229.54
4.15,0.00,0.00,0.00,24.00,0.00,3526.00,3846.00,0.00,621932.72
4.15,0.00,0.00,0.00,24.00,0.00,3519.00,3853.00,0.00,620643.66
4.16,0.00,0.00,0.00,24.00,0.00,3510.00,3862.00,0.00,619331.64
4.17,0.00,0.00,0.00,24.00,0.00,3502.00,3870.00,0.00,618013.68
4.17,0.00,0.00,0.00,24.00,0.00,3494.00,3878.00,0.00,616690.29
4.18,0.00,0.00,0.00,24.00,0.00,3491.00,3881.00,0.00,615437.08
4.19,0.00,0.00,0.00,24.00,0.00,3482.00,3890.00,0.00,614157.78
4.19,0.00,0.00,0.00,24.00,0.00,3473.00,3899.00,0.00,612854.66
4.20,0.00,0.00,0.00,24.00,0.00,3465.00,3907.00,0.00,611544.84
4.21,0.00,0.00,0.00,24.00,0.00,3456.00,3916.00,0.00,610213.86
4.22,0.00,0.00,0.00,24.00,0.00,3450.00,3922.00,0.00,608908.63
4.22,0.00,0.00,0.00,24.00,0.00,3443.00,3929.00,0.00,607611.90
4.23,0.00,0.00,0.00,24.00,0.00,3435.00,3937.00,0.00,606307.90
4.24,0.00,0.00,0.00,24.00,0.00,3423.00,3949.00,0.00,604937.17
4.24,0.00,0.00,0.00,24.00,0.00,3413.00,3959.00,0.00,603535.56
4.25,0.00,0.00,0.00,24.00,0.00,3407.00,3965.00,0.00,602165.87
4.26,0.00,0.00,0.00,24.00,0.00,3398.00,3974.00,0.00,600780.23
4.26,0.00,0.00,0.00,24.00,0.00,3391.00,3981.00,0.00,599410.09
4.27,0.00,0.00,0.00,24.00,0.00,3389.00,3983.00,0.00,598129.20
4.28,0.00,0.00,0.00,24.00,0.00,3377.00,3995.00,0.00,596779.57
4.28,0.00,0.00,0.00,24.00,0.00,3368.00,4004.00,0.00,595412.26
4.29,0.00,0.00,0.00,24.00,0.00,3364.00,4008.00,0.00,594103.91
4.30,0.00,0.00,0.00,24.00,0.00,3356.00,4016.00,0.00,592789.31
4.31,0.00,0.00,0.00,24.00,0.00,3345.00,4027.00,0.00,591423.92
4.31,0.00,0.00,0.00,24.00,0.00,3335.00,4037.00,0.00,590027.19
4.32,0.00,0.00,0.00,24.00,0.00,3332.00,4040.00,0.00,588707.01
4.33,0.00,0.00,0.00,24.00,0.00,3319.00,4053.00,0.00,587306.49
4.33,0.00,0.00,0.00,24.00,0.00,3310.00,4062.00,0.00,585892.71
4.34,0.00,0.00,0.00,24.00,0.00,3303.00,4069.00,0.00,584496.88
4.35,0.00,0.00,0.00,24.00,0.00,3296.00,4076.00,0.00,583117.43
4.35,0.00,0.00,0.00,24.00,0.00,3288.00,4084.00,0.00,581737.91
4.36,0.00,0.00,0.00,24.00,0.00,3283.00,4089.00,0.00,580403.40
4.37,0.00,0.00,0.00,24.00,0.00,3275.00,4097.00,0.00,579064.90
4.38,0.00,0.00,0.00,24.00,0.00,3267.00,4105.00,0.00,577722.78
4.38,0.00,0.00,0.00,24.00,0.00,3261.00,4111.00,0.00,576407.38
4.39,0.00,0.00,0.00,24.00,0.00,3251.00,4121.00,0.00,575056.29
4.40,0.00,0.00,0.00,24.00,0.00,3244.00,4128.00,0.00,573717.68
4.40,0.00,0.00,0.00,24.00,0.00,3242.00,4130.00,0.00,572465.59
4.41,0.00,0.00,0.00,24.00,0.00,3235.00,4137.00,0.00,571217.37
4.42,0.00,0.00,0.00,24.00,0.00,3232.00,4140.00,0.00,570032.76
4.42,0.00,0.00,0.00,24.00,0.00,3224.00,4148.00,0.00,568831.12
4.43,0.00,0.00,0.00,24.00,0.00,3215.00,4157.00,0.00,567598.91
4.44,0.00,0.00,0.00,24.00,0.00,3202.00,4170.00,0.00,566278.70
4.44,0.00,0.00,0.00,24.00,0.00,3195.00,4177.00,0.00,564968.28
4.45,0.00,0.00,0.00,24.00,0.00,3187.00,4185.00,0.00,563651.78
4.46,0.00,0.00,0.00,24.00,0.00,3179.00,4193.00,0.00,562329.73
4.47,0.00,0.00,0.00,24.00,0.00,3172.00,4200.00,0.00,561017.64
4.47,0.00,0.00,0.00,24.00,0.00,3162.00,4210.00,0.00,559669.57
4.48,0.00,0.00,0.00,24.00,0.00,3155.00,4217.00,0.00,558333.72
4.49,0.00,0.00,0.00,24.00,0.00,3146.00,4226.00,0.00,556978.98
4.49,0.00,0.00,0.00,24.00,0.00,3137.00,4235.00,0.00,555607.00
4.50,0.00,0.00,0.00,24.00,0.00,3130.00,4242.00,0.00,554249.33
4.51,0.00,0.00,0.00,24.00,0.00,3121.00,4251.00,0.00,552874.67
4.51,0.00,0.00,0.00,24.00,0.00,3111.00,4261.00,0.00,551469.48
4.52,0.00,0.00,0.00,24.00,0.00,3103.00,4269.00,0.00,550066.46
4.53,0.00,0.00,0.00,24.00,0.00,3096.00,4276.00,0.00,548680.44
4.53,0.00,0.00,0.00,24.00,0.00,3091.00,4281.00,0.00,547340.01
4.54,0.00,0.00,0.00,24.00,0.00,3084.00,4288.00,0.00,546011.13
4.55,0.00,0.00,0.00,24.00,0.00,3075.00,4297.00,0.00,544662.75
4.56,0.00,0.00,0.00,24.00,0.00,3069.00,4303.00,0.00,543341.65
4.56,0.00,0.00,0.00,24.00,0.00,3064.00,4308.00,0.00,542060.47
4.57,0.00,0.00,0.00,24.00,0.00,3057.00,4315.00,0.00,540785.68
4.58,0.00,0.00,0.00,24.00,0.00,3050.00,4322.00,0.00,539516.74
4.58,0.00,0.00,0.00,24.00,0.00,3044.00,4328.00,0.00,538268.15
4.59,0.00,0.00,0.00,24.00,0.00,3036.00,4336.00,0.00,537008.10
4.60,0.00,0.00,0.00,24.00,0.00,3028.00,4344.00,0.00,535737.59
4.60,0.00,0.00,0.00,24.00,0.00,3026.00,4346.00,0.00,534547.66
4.61,0.00,0.00,0.00,24.00,0.00,3015.00,4357.00,0.00,533296.09
4.62,0.00,0.00,0.00,24.00,0.00,3010.00,4362.00,0.00,532078.39
4.62,0.00,0.00,0.00,24.00,0.00,3001.00,4371.00,0.00,530831.51
4.63,0.00,0.00,0.00,24.00,0.00,2990.00,4382.00,0.00,529527.95
4.64,0.00,0.00,0.00,24.00,0.00,2982.00,4390.00,0.00,528217.71
4.65,0.00,0.00,0.00,24.00,0.00,2975.00,4397.00,0.00,526916.41
4.65,0.00,0.00,0.00,24.00,0.00,2970.00,4402.00,0.00,525653.29
4.66,0.00,0.00,0.00,24.00,0.00,2964.00,4408.00,0.00,524410.03
4.67,0.00,0.00,0.00,24.00,0.00,2954.00,4418.00,0.00,523124.80
4.67,0.00,0.00,0.00,24.00,0.00,2949.00,4423.00,0.00,521876.36
4.68,0.00,0.00,0.00,24.00,0.00,2940.00,4432.00,0.00,520601.42
4.69,0.00,0.00,0.00,24.00,0.00,2933.00,4439.00,0.00,519332.34
4.69,0.00,0.00,0.00,24.00,0.00,2927.00,4445.00,0.00,518083.62
4.70,0.00,0.00,0.00,24.00,0.00,2917.00,4455.00,0.00,516793.41
4.71,0.00,0.00,0.00,24.00,0.00,2908.00,4464.00,0.00,515480.34
4.72,0.00,0.00,0.00,24.00,0.00,2900.00,4472.00,0.00,514161.41
4.72,0.00,0.00,0.00,24.00,0.00,2893.00,4479.00,0.00,512852.18
4.73,0.00,0.00,0.00,24.00,0.00,2887.00,4485.00,0.00,511566.81
4.74,0.00,0.00,0.00,24.00,0.00,2880.00,4492.00,0.00,510288.20
4.74,0.00,0.00,0.00,24.00,0.00,2871.00,4501.00,0.00,508985.71
4.75,0.00,0.00,0.00,24.00,0.00,2864.00,4508.00,0.00,507691.49
4.76,0.00,0.00,0.00,24.00,0.00,2858.00,4514.00,0.00,506419.82
4.76,0.00,0.00,0.00,24.00,0.00,2856.00,4516.00,0.00,505228.83
4.77,0.00,0.00,0.00,24.00,0.00,2846.00,4526.00,0.00,503991.32
4.78,0.00,0.00,0.00,24.00,0.00,2839.00,4533.00,0.00,502756.41
4.78,0.00,0.00,0.00,24.00,0.00,2833.00,4539.00,0.00,501538.89
4.79,0.00,0.00,0.00,24.00,0.00,2824.00,4548.00,0.00,500292.17
4.80,0.00,0.00,0.00,24.00,0.00,2818.00,4554.00,0.00,499063.88
4.81,0.00,0.00,0.00,24.00,0.00,2808.00,4564.00,0.00,497792.31
4.81,0.00,0.00,0.00,24.00,0.00,2801.00,4571.00,0.00,496526.30
4.82,0.00,0.00,0.00,24.00,0.00,2795.00,4577.00,0.00,495280.40
4.83,0.00,0.00,0.00,24.00,0.00,2790.00,4582.00,0.00,494067.86
4.83,0.00,0.00,0.00,24.00,0.00,2783.00,4589.00,0.00,492855.75
4.84,0.00,0.00,0.00,24.00,0.00,2777.00,4595.00,0.00,491659.04
4.85,0.00,0.00,0.00,24.00,0.00,2770.00,4602.00,0.00,490461.38
4.85,0.00,0.00,0.00,24.00,0.00,2758.00,4614.00,0.00,489187.72
4.86,0.00,0.00,0.00,24.00,0.00,2752.00,4620.00,0.00,487934.84
4.87,0.00,0.00,0.00,24.00,0.00,2749.00,4623.00,0.00,486745.98
4.88,0.00,0.00,0.00,24.00,0.00,2741.00,4631.00,0.00,485540.45
4.88,0.00,0.00,0.00,24.00,0.00,2728.00,4644.00,0.00,484244.60
4.89,0.00,0.00,0.00,24.00,0.00,2721.00,4651.00,0.00,482956.42
4.90,0.00,0.00,0.00,24.00,0.00,2712.00,4660.00,0.00,481645.21
4.90,0.00,0.00,0.00,24.00,0.00,2704.00,4668.00,0.00,480327.98
4.91,0.00,0.00,0.00,24.00,0.00,2696.00,4676.00,0.00,479005.27
4.92,0.00,0.00,0.00,24.00,0.00,2689.00,4683.00,0.00,477692.57
4.92,0.00,0.00,0.00,24.00,0.00,2682.00,4690.00,0.00,476389.02
4.93,0.00,0.00,0.00,24.00,0.00,2673.00,4699.00,0.00,475063.77
4.94,0.00,0.00,0.00,24.00,0.00,2664.00,4708.00,0.00,473718.70
4.94,0.00,0.00,0.00,24.00,0.00,2657.00,4715.00,0.00,472385.60
4.95,0.00,0.00,0.00,24.00,0.00,2652.00,4720.00,0.00,471093.46
4.96,0.00,0.00,0.00,24.00,0.00,2644.00,4728.00,0.00,469793.65
4.97,0.00,0.00,0.00,24.00,0.00,2639.00,4733.00,0.00,468531.91
4.97,0.00,0.00,0.00,24.00,0.00,2630.00,4742.00,0.00,467244.83
4.98,0.00,0.00,0.00,24.00,0.00,2619.00,4753.00,0.00,465904.57
4.99,0.00,0.00,0.00,24.00,0.00,2612.00,4760.00,0.00,464575.85
4.99,0.00,0.00,0.00,24.00,0.00,2608.00,4764.00,0.00,463302.73
5.00,0.00,0.00,0.00,24.00,0.00,2607.00,4765.00,0.00,462125.45
5.01,0.00,0.00,0.00,24.00,0.00,2602.00,4770.00,0.00,460975.57
5.01,0.00,0.00,0.00,24.00,0.00,2596.00,4776.00,0.00,459835.68
5.02,0.00,0.00,0.00,24.00,0.00,2589.00,4783.00,0.00,458689.88
5.03,0.00,0.00,0.00,24.00,0.00,2583.00,4789.00,0.00,457553.72
5.03,0.00,0.00,0.00,24.00,0.00,2576.00,4796.00,0.00,456411.33
5.04,0.00,0.00,0.00,24.00,0.00,2566.00,4806.00,0.00,455218.18
5.05,0.00,0.00,0.00,24.00,0.00,2561.00,4811.00,0.00,454053.81
5.06,0.00,0.00,0.00,24.00,0.00,2555.00,4817.00,0.00,452900.69
5.06,0.00,0.00,0.00,24.00,0.00,2545.00,4827.00,0.00,451697.74
5.07,0.00,0.00,0.00,24.00,0.00,2538.00,4834.00,0.00,450494.39
5.08,0.00,0.00,0.00,24.00,0.00,2533.00,4839.00,0.00,449320.70
5.08,0.00,0.00,0.00,24.00,0.00,2527.00,4845.00,0.00,448159.07
5.09,0.00,0.00,0.00,24.00,0.00,2520.00,4852.00,0.00,446993.43
5.10,0.00,0.00,0.00,24.00,0.00,2511.00,4861.00,0.00,445794.08
5.10,0.00,0.00,0.00,24.00,0.00,2507.00,4865.00,0.00,444639.07
5.11,0.00,0.00,0.00,24.00,0.00,2499.00,4873.00,0.00,443464.46
5.12,0.00,0.00,0.00,24.00,0.00,2490.00,4882.00,0.00,442256.91
5.12,0.00,0.00,0.00,24.00,0.00,2483.00,4889.00,0.00,441049.35
5.13,0.00,0.00,0.00,24.00,0.00,2477.00,4895.00,0.00,439856.80
5.14,0.00,0.00,0.00,24.00,0.00,2468.00,4904.00,0.00,438632.89
5.15,0.00,0.00,0.00,24.00,0.00,2461.00,4911.00,0.00,437410.39
5.15,0.00,0.00,0.00,24.00,0.00,2449.00,4923.00,0.00,436114.06
5.16,0.00,0.00,0.00,24.00,0.00,2447.00,4925.00,0.00,434900.56
5.17,0.00,0.00,0.00,24.00,0.00,2443.00,4929.00,0.00,433732.64
5.17,0.00,0.00,0.00,24.00,0.00,2434.00,4938.00,0.00,432531.21
5.18,0.00,0.00,0.00,24.00,0.00,2426.00,4946.00,0.00,431314.21
5.19,0.00,0.00,0.00,24.00,0.00,2422.00,4950.00,0.00,430143.09
5.19,0.00,0.00,0.00,24.00,0.00,2413.00,4959.00,0.00,428938.73
5.20,0.00,0.00,0.00,24.00,0.00,2409.00,4963.00,0.00,427779.16
5.21,0.00,0.00,0.00,24.00,0.00,2399.00,4973.00,0.00,426570.32
5.22,0.00,0.00,0.00,24.00,0.00,2392.00,4980.00,0.00,425361.58
5.22,0.00,0.00,0.00,24.00,0.00,2381.00,4991.00,0.00,424092.84
5.23,0.00,0.00,0.00,24.00,0.00,2377.00,4995.00,0.00,422874.49
5.24,0.00,0.00,0.00,24.00,0.00,2366.00,5006.00,0.00,421596.97
5.24,0.00,0.00,0.00,24.00,0.00,2360.00,5012.00,0.00,420340.55
5.25,0.00,0.00,0.00,24.00,0.00,2354.00,5018.00,0.00,419103.40
5.26,0.00,0.00,0.00,24.00,0.00,2347.00,5025.00,0.00,417868.81
5.26,0.00,0.00,0.00,24.00,0.00,2338.00,5034.00,0.00,416606.52
5.27,0.00,0.00,0.00,24.00,0.00,2333.00,5039.00,0.00,415379.03
5.28,0.00,0.00,0.00,24.00,0.00,2325.00,5047.00,0.00,414138.23
5.28,0.00,0.00,0.00,24.00,0.00,2318.00,5054.00,0.00,412900.32
5.29,0.00,0.00,0.00,24.00,0.00,2305.00,5067.00,0.00,411574.90
5.30,0.00,0.00,0.00,24.00,0.00,2298.00,5074.00,0.00,410259.73
5.31,0.00,0.00,0.00,24.00,0.00,2289.00,5083.00,0.00,408923.88
5.31,0.00,0.00,0.00,24.00,0.00,2284.00,5088.00,0.00,407629.22
5.32,0.00,0.00,0.00,24.00,0.00,2276.00,5096.00,0.00,406327.12
5.33,0.00,0.00,0.00,24.00,0.00,2269.00,5103.00,0.00,405033.24
5.33,0.00,0.00,0.00,24.00,0.00,2259.00,5113.00,0.00,403701.79
5.34,0.00,0.00,0.00,24.00,0.00,2252.00,5120.00,0.00,402381.11
5.35,0.00,0.00,0.00,24.00,0.00,2249.00,5123.00,0.00,401130.37
5.35,0.00,0.00,0.00,24.00,0.00,2243.00,5129.00,0.00,399898.40
5.36,0.00,0.00,0.00,24.00,0.00,2237.00,5135.00,0.00,398683.56
5.37,0.00,0.00,0.00,24.00,0.00,2230.00,5142.00,0.00,397469.35
5.38,0.00,0.00,0.00,24.00,0.00,2222.00,5150.00,0.00,396240.68
5.38,0.00,0.00,0.00,24.00,0.00,2218.00,5154.00,0.00,395058.90
5.39,0.00,0.00,0.00,24.00,0.00,2210.00,5162.00,0.00,393859.84
5.40,0.00,0.00,0.00,24.00,0.00,2203.00,5169.00,0.00,392660.04
5.40,0.00,0.00,0.00,24.00,0.00,2195.00,5177.00,0.00,391444.52
5.41,0.00,0.00,0.00,24.00,0.00,2189.00,5183.00,0.00,390244.70
5.42,0.00,0.00,0.00,24.00,0.00,2186.00,5186.00,0.00,389104.29
5.42,0.00,0.00,0.00,24.00,0.00,2182.00,5190.00,0.00,388003.09
5.43,0.00,0.00,0.00,24.00,0.00,2174.00,5198.00,0.00,386877.60
5.44,0.00,0.00,0.00,24.00,0.00,2167.00,5205.00,0.00,385744.94
5.44,0.00,0.00,0.00,24.00,0.00,2157.00,5215.00,0.00,384560.68
5.45,0.00,0.00,0.00,24.00,0.00,2149.00,5223.00,0.00,383359.36
5.46,0.00,0.00,0.00,24.00,0.00,2140.00,5232.00,0.00,382127.43
5.47,0.00,0.00,0.00,24.00,0.00,2130.00,5242.00,0.00,380852.55
5.47,0.00,0.00,0.00,24.00,0.00,2126.00,5246.00,0.00,379628.58
5.48,0.00,0.00,0.00,24.00,0.00,2118.00,5254.00,0.00,378391.01
5.49,0.00,0.00,0.00,24.00,0.00,2108.00,5264.00,0.00,377110.97
5.49,0.00,0.00,0.00,24.00,0.00,2100.00,5272.00,0.00,375822.20
5.50,0.00,0.00,0.00,24.00,0.00,2096.00,5276.00,0.00,374585.57
5.51,0.00,0.00,0.00,24.00,0.00,2086.00,5286.00,0.00,373306.38
5.51,0.00,0.00,0.00,24.00,0.00,2080.00,5292.00,0.00,372048.44
5.52,0.00,0.00,0.00,24.00,0.00,2076.00,5296.00,0.00,370839.94
5.53,0.00,0.00,0.00,24.00,0.00,2070.00,5302.00,0.00,369646.54
5.53,0.00,0.00,0.00,24.00,0.00,2067.00,5305.00,0.00,368511.99
5.54,0.00,0.00,0.00,24.00,0.00,2060.00,5312.00,0.00,367371.06
5.55,0.00,0.00,0.00,24.00,0.00,2053.00,5319.00,0.00,366224.32
5.56,0.00,0.00,0.00,24.00,0.00,2047.00,5325.00,0.00,365087.30
5.56,0.00,0.00,0.00,24.00,0.00,2042.00,5330.00,0.00,363974.16
5.57,0.00,0.00,0.00,24.00,0.00,2032.00,5340.00,0.00,362807.73
5.58,0.00,0.00,0.00,24.00,0.00,2026.00,5346.00,0.00,361652.72
5.58,0.00,0.00,0.00,24.00,0.00,2022.00,5350.00,0.00,360538.20
5.59,0.00,0.00,0.00,24.00,0.00,2008.00,5364.00,0.00,359310.39
5.60,0.00,0.00,0.00,24.00,0.00,2004.00,5368.00,0.00,358129.41
5.60,0.00,0.00,0.00,24.00,0.00,1997.00,5375.00,0.00,356946.10
5.61,0.00,0.00,0.00,24.00,0.00,1987.00,5385.00,0.00,355715.60
5.62,0.00,0.00,0.00,24.00,0.00,1980.00,5392.00,0.00,354487.09
5.62,0.00,0.00,0.00,24.00,0.00,1968.00,5404.00,0.00,353185.27
5.63,0.00,0.00,0.00,24.00,0.00,1966.00,5406.00,0.00,351966.76
5.64,0.00,0.00,0.00,24.00,0.00,1953.00,5419.00,0.00,350659.05
5.65,0.00,0.00,0.00,24.00,0.00,1947.00,5425.00,0.00,349375.08
5.65,0.00,0.00,0.00,24.00,0.00,1938.00,5434.00,0.00,348067.70
5.66,0.00,0.00,0.00,24.00,0.00,1933.00,5439.00,0.00,346799.04
5.67,0.00,0.00,0.00,24.00,0.00,1927.00,5445.00,0.00,345550.72
5.67,0.00,0.00,0.00,24.00,0.00,1918.00,5454.00,0.00,344275.89
5.68,0.00,0.00,0.00,24.00,0.00,1911.00,5461.00,0.00,343006.90
5.69,0.00,0.00,0.00,24.00,0.00,1907.00,5465.00,0.00,341788.32
5.69,0.00,0.00,0.00,24.00,0.00,1901.00,5471.00,0.00,340585.71
5.70,0.00,0.00,0.00,24.00,0.00,1893.00,5479.00,0.00,339367.63
5.71,0.00,0.00,0.00,24.00,0.00,1889.00,5483.00,0.00,338195.53
5.72,0.00,0.00,0.00,24.00,0.00,1883.00,5489.00,0.00,337035.35
5.72,0.00,0.00,0.00,24.00,0.00,1873.00,5499.00,0.00,335825.96
5.73,0.00,0.00,0.00,24.00,0.00,1864.00,5508.00,0.00,334586.67
5.74,0.00,0.00,0.00,24.00,0.00,1858.00,5514.00,0.00,333365.16
5.74,0.00,0.00,0.00,24.00,0.00,1852.00,5520.00,0.00,332159.87
5.75,0.00,0.00,0.00,24.00,0.00,1850.00,5522.00,0.00,331029.48
5.76,0.00,0.00,0.00,24.00,0.00,1841.00,5531.00,0.00,329862.32
5.76,0.00,0.00,0.00,24.00,0.00,1835.00,5537.00,0.00,328706.65
5.77,0.00,0.00,0.00,24.00,0.00,1830.00,5542.00,0.00,327576.50
5.78,0.00,0.00,0.00,24.00,0.00,1822.00,5550.00,0.00,326424.57
5.78,0.00,0.00,0.00,24.00,0.00,1814.00,5558.00,0.00,325252.76
5.79,0.00,0.00,0.00,24.00,0.00,1804.00,5568.00,0.00,324032.76
5.80,0.00,0.00,0.00,24.00,0.00,1797.00,5575.00,0.00,322813.83
5.81,0.00,0.00,0.00,24.00,0.00,1788.00,5584.00,0.00,321565.83
5.81,0.00,0.00,0.00,24.00,0.00,1784.00,5588.00,0.00,320366.41
5.82,0.00,0.00,0.00,24.00,0.00,1778.00,5594.00,0.00,319181.29
5.83,0.00,0.00,0.00,24.00,0.00,1774.00,5598.00,0.00,318039.27
5.83,0.00,0.00,0.00,24.00,0.00,1767.00,5605.00,0.00,316891.53
5.84,0.00,0.00,0.00,24.00,0.00,1761.00,5611.00,0.00,315753.60
5.85,0.00,0.00,0.00,24.00,0.00,1757.00,5615.00,0.00,314654.66
5.85,0.00,0.00,0.00,24.00,0.00,1751.00,5621.00,0.00,313561.27
5.86,0.00,0.00,0.00,24.00,0.00,1744.00,5628.00,0.00,312457.93
5.87,0.00,0.00,0.00,24.00,0.00,1742.00,5630.00,0.00,311420.61
5.88,0.00,0.00,0.00,24.00,0.00,1739.00,5633.00,0.00,310428.56
5.88,0.00,0.00,0.00,24.00,0.00,1734.00,5638.00,0.00,309447.77
5.89,0.00,0.00,0.00,24.00,0.00,1726.00,5646.00,0.00,308432.20
5.90,0.00,0.00,0.00,24.00,0.00,1720.00,5652.00,0.00,307414.92
5.90,0.00,0.00,0.00,24.00,0.00,1716.00,5656.00,0.00,306426.13
5.91,0.00,0.00,0.00,24.00,0.00,1711.00,5661.00,0.00,305448.33
5.92,0.00,0.00,0.00,24.00,0.00,1703.00,5669.00,0.00,304435.48
5.92,0.00,0.00,0.00,24.00,0.00,1695.00,5677.00,0.00,303390.64
5.93,0.00,0.00,0.00,24.00,0.00,1688.00,5684.00,0.00,302331.62
5.94,0.00,0.00,0.00,24.00,0.00,1682.00,5690.00,0.00,301274.68
5.94,0.00,0.00,0.00,24.00,0.00,1674.00,5698.00,0.00,300189.59
5.95,0.00,0.00,0.00,24.00,0.00,1665.00,5707.00,0.00,299063.77
5.96,0.00,0.00,0.00,24.00,0.00,1660.00,5712.00,0.00,297960.87
5.97,0.00,0.00,0.00,24.00,0.00,1653.00,5719.00,0.00,296848.85
5.97,0.00,0.00,0.00,24.00,0.00,1647.00,5725.00,0.00,295743.51
5.98,0.00,0.00,0.00,24.00,0.00,1638.00,5734.00,0.00,294599.22
5.99,0.00,0.00,0.00,24.00,0.00,1635.00,5737.00,0.00,293509.50
5.99,0.00,0.00,0.00,24.00,0.00,1628.00,5744.00,0.00,292409.50
6.00,0.00,0.00,0.00,24.00,0.00,1622.00,5750.00,0.00,291315.15
6.01,0.00,0.00,0.00,24.00,0.00,1617.00,5755.00,0.00,290240.98
6.01,0.00,0.00,0.00,24.00,0.00,1614.00,5758.00,0.00,289215.27
6.02,0.00,0.00,0.00,24.00,0.00,1610.00,5762.00,0.00,288218.78
6.03,0.00,0.00,0.00,24.00,0.00,1602.00,5770.00,0.00,287188.88
6.03,0.00,0.00,0.00,24.00,0.00,1596.00,5776.00,0.00,286158.52
6.04,0.00,0.00,0.00,24.00,0.00,1589.00,5783.00,0.00,285112.71
6.05,0.00,0.00,0.00,24.00,0.00,1585.00,5787.00,0.00,284097.88
6.06,0.00,0.00,0.00,24.00,0.00,1579.00,5793.00,0.00,283081.28
6.06,0.00,0.00,0.00,24.00,0.00,1572.00,5800.00,0.00,282048.04
6.07,0.00,0.00,0.00,24.00,0.00,1566.00,5806.00,0.00,281014.62
6.08,0.00,0.00,0.00,24.00,0.00,1564.00,5808.00,0.00,280041.15
6.08,0.00,0.00,0.00,24.00,0.00,1558.00,5814.00,0.00,279062.31
6.09,0.00,0.00,0.00,24.00,0.00,1552.00,5820.00,0.00,278078.56
6.10,0.00,0.00,0.00,24.00,0.00,1545.00,5827.00,0.00,277075.31
6.10,0.00,0.00,0.00,24.00,0.00,1537.00,5835.00,0.00,276039.23
6.11,0.00,0.00,0.00,24.00,0.00,1534.00,5838.00,0.00,275048.30
6.12,0.00,0.00,0.00,24.00,0.00,1524.00,5848.00,0.00,273993.43
6.12,0.00,0.00,0.00,24.00,0.00,1512.00,5860.00,0.00,272850.14
6.13,0.00,0.00,0.00,24.00,0.00,1506.00,5866.00,0.00,271716.25
6.14,0.00,0.00,0.00,24.00,0.00,1501.00,5871.00,0.00,270605.99
6.15,0.00,0.00,0.00,24.00,0.00,1496.00,5876.00,0.00,269517.29
6.15,0.00,0.00,0.00,24.00,0.00,1486.00,5886.00,0.00,268373.16
6.16,0.00,0.00,0.00,24.00,0.00,1481.00,5891.00,0.00,267253.53
6.17,0.00,0.00,0.00,24.00,0.00,1476.00,5896.00,0.00,266156.29
6.17,0.00,0.00,0.00,24.00,0.00,1469.00,5903.00,0.00,265049.42
6.18,0.00,0.00,0.00,24.00,0.00,1462.00,5910.00,0.00,263933.78
6.19,0.00,0.00,0.00,24.00,0.00,1456.00,5916.00,0.00,262825.14
6.19,0.00,0.00,0.00,24.00,0.00,1454.00,5918.00,0.00,261782.99
6.20,0.00,0.00,0.00,24.00,0.00,1450.00,5922.00,0.00,260771.50
6.21,0.00,0.00,0.00,24.00,0.00,1445.00,5927.00,0.00,259772.97
6.22,0.00,0.00,0.00,24.00,0.00,1433.00,5939.00,0.00,258681.11
6.22,0.00,0.00,0.00,24.00,0.00,1428.00,5944.00,0.00,257609.20
6.23,0.00,0.00,0.00,24.00,0.00,1417.00,5955.00,0.00,256465.38
6.24,0.00,0.00,0.00,24.00,0.00,1412.00,5960.00,0.00,255346.05
6.24,0.00,0.00,0.00,24.00,0.00,1406.00,5966.00,0.00,254234.04
6.25,0.00,0.00,0.00,24.00,0.00,1397.00,5975.00,0.00,253083.65
6.26,0.00,0.00,0.00,24.00,0.00,1392.00,5980.00,0.00,251958.32
6.26,0.00,0.00,0.00,24.00,0.00,1388.00,5984.00,0.00,250870.89
6.27,0.00,0.00,0.00,24.00,0.00,1386.00,5986.00,0.00,249848.10
6.28,0.00,0.00,0.00,24.00,0.00,1380.00,5992.00,0.00,248824.23
6.28,0.00,0.00,0.00,24.00,0.00,1371.00,6001.00,0.00,247754.30
6.29,0.00,0.00,0.00,24.00,0.00,1362.00,6010.00,0.00,246642.34
6.30,0.00,0.00,0.00,24.00,0.00,1354.00,6018.00,0.00,245507.01
6.31,0.00,0.00,0.00,24.00,0.00,1346.00,6026.00,0.00,244350.36
6.31,0.00,0.00,0.00,24.00,0.00,1339.00,6033.00,0.00,243189.26
6.32,0.00,0.00,0.00,24.00,0.00,1331.00,6041.00,0.00,242009.09
6.33,0.00,0.00,0.00,24.00,0.00,1323.00,6049.00,0.00,240811.49
6.33,0.00,0.00,0.00,24.00,0.00,1318.00,6054.00,0.00,239643.06
6.34,0.00,0.00,0.00,24.00,0.00,1313.00,6059.00,0.00,238501.25
6.35,0.00,0.00,0.00,24.00,0.00,1309.00,6063.00,0.00,237398.78
6.35,0.00,0.00,0.00,24.00,0.00,1302.00,6070.00,0.00,236287.15
6.36,0.00,0.00,0.00,24.00,0.00,1300.00,6072.00,0.00,235242.26
6.37,0.00,0.00,0.00,24.00,0.00,1289.00,6083.00,0.00,234123.10
6.38,0.00,0.00,0.00,24.00,0.00,1281.00,6091.00,0.00,232981.22
6.38,0.00,0.00,0.00,24.00,0.00,1279.00,6093.00,0.00,231908.71
6.39,0.00,0.00,0.00,24.00,0.00,1273.00,6099.00,0.00,230839.46
6.40,0.00,0.00,0.00,24.00,0.00,1269.00,6103.00,0.00,229803.22
6.40,0.00,0.00,0.00,24.00,0.00,1264.00,6108.00,0.00,228782.10
6.41,0.00,0.00,0.00,24.00,0.00,1260.00,6112.00,0.00,227789.80
6.42,0.00,0.00,0.00,24.00,0.00,1253.00,6119.00,0.00,226778.74
6.42,0.00,0.00,0.00,24.00,0.00,1244.00,6128.00,0.00,225720.51
6.43,0.00,0.00,0.00,24.00,0.00,1237.00,6135.00,0.00,224649.27
6.44,0.00,0.00,0.00,24.00,0.00,1231.00,6141.00,0.00,223581.17
6.44,0.00,0.00,0.00,24.00,0.00,1226.00,6146.00,0.00,222530.96
6.45,0.00,0.00,0.00,24.00,0.00,1220.00,6152.00,0.00,221482.06
6.46,0.00,0.00,0.00,24.00,0.00,1213.00,6159.00,0.00,220419.33
6.47,0.00,0.00,0.00,24.00,0.00,1205.00,6167.00,0.00,219328.95
6.47,0.00,0.00,0.00,24.00,0.00,1202.00,6170.00,0.00,218288.45
6.48,0.00,0.00,0.00,24.00,0.00,1197.00,6175.00,0.00,217263.44
6.49,0.00,0.00,0.00,24.00,0.00,1190.00,6182.00,0.00,216222.52
6.49,0.00,0.00,0.00,24.00,0.00,1185.00,6187.00,0.00,215197.12
6.50,0.00,0.00,0.00,24.00,0.00,1179.00,6193.00,0.00,214170.88
6.51,0.00,0.00,0.00,24.00,0.00,1175.00,6197.00,0.00,213173.90
6.51,0.00,0.00,0.00,24.00,0.00,1167.00,6205.00,0.00,212143.55
6.52,0.00,0.00,0.00,24.00,0.00,1164.00,6208.00,0.00,211157.84
6.53,0.00,0.00,0.00,24.00,0.00,1156.00,6216.00,0.00,210137.79
6.53,0.00,0.00,0.00,24.00,0.00,1151.00,6221.00,0.00,209131.44
6.54,0.00,0.00,0.00,24.00,0.00,1143.00,6229.00,0.00,208092.53
6.55,0.00,0.00,0.00,24.00,0.00,1141.00,6231.00,0.00,207114.05
6.56,0.00,0.00,0.00,24.00,0.00,1128.00,6244.00,0.00,206025.46
6.56,0.00,0.00,0.00,24.00,0.00,1121.00,6251.00,0.00,204926.50
6.57,0.00,0.00,0.00,24.00,0.00,1116.00,6256.00,0.00,203848.12
6.58,0.00,0.00,0.00,24.00,0.00,1111.00,6261.00,0.00,202788.53
6.58,0.00,0.00,0.00,24.00,0.00,1106.00,6266.00,0.00,201746.08
6.59,0.00,0.00,0.00,24.00,0.00,1101.00,6271.00,0.00,200719.30
6.60,0.00,0.00,0.00,24.00,0.00,1094.00,6278.00,0.00,199676.75
6.60,0.00,0.00,0.00,24.00,0.00,1088.00,6284.00,0.00,198634.85
6.61,0.00,0.00,0.00,24.00,0.00,1083.00,6289.00,0.00,197608.56
6.62,0.00,0.00,0.00,24.00,0.00,1072.00,6300.00,0.00,196506.38
6.62,0.00,0.00,0.00,24.00,0.00,1069.00,6303.00,0.00,195455.11
6.63,0.00,0.00,0.00,24.00,0.00,1061.00,6311.00,0.00,194375.19
6.64,0.00,0.00,0.00,24.00,0.00,1057.00,6315.00,0.00,193329.21
6.65,0.00,0.00,0.00,24.00,0.00,1054.00,6318.00,0.00,192329.24
6.65,0.00,0.00,0.00,24.00,0.00,1047.00,6325.00,0.00,191311.18
6.66,0.00,0.00,0.00,24.00,0.00,1041.00,6331.00,0.00,190291.64
6.67,0.00,0.00,0.00,24.00,0.00,1034.00,6338.00,0.00,189255.71
6.67,0.00,0.00,0.00,24.00,0.00,1032.00,6340.00,0.00,188279.94
6.68,0.00,0.00,0.00,24.00,0.00,1029.00,6343.00,0.00,187344.06
6.69,0.00,0.00,0.00,24.00,0.00,1021.00,6351.00,0.00,186369.49
6.69,0.00,0.00,0.00,24.00,0.00,1012.00,6360.00,0.00,185344.58
6.70,0.00,0.00,0.00,24.00,0.00,1005.00,6367.00,0.00,184303.75
6.71,0.00,0.00,0.00,24.00,0.00,999.00,6373.00,0.00,183263.41
6.72,0.00,0.00,0.00,24.00,0.00,990.00,6382.00,0.00,182178.45
6.72,0.00,0.00,0.00,24.00,0.00,985.00,6387.00,0.00,181112.85
6.73,0.00,0.00,0.00,24.00,0.00,977.00,6395.00,0.00,180019.86
6.74,0.00,0.00,0.00,24.00,0.00,968.00,6404.00,0.00,178886.83
6.74,0.00,0.00,0.00,24.00,0.00,960.00,6412.00,0.00,177732.27
6.75,0.00,0.00,0.00,24.00,0.00,955.00,6417.00,0.00,176603.13
6.76,0.00,0.00,0.00,24.00,0.00,946.00,6426.00,0.00,175437.11
6.76,0.00,0.00,0.00,24.00,0.00,939.00,6433.00,0.00,174267.45
6.77,0.00,0.00,0.00,24.00,0.00,933.00,6439.00,0.00,173109.51
6.78,0.00,0.00,0.00,24.00,0.00,929.00,6443.00,0.00,171992.30
6.78,0.00,0.00,0.00,24.00,0.00,920.00,6452.00,0.00,170837.17
6.79,0.00,0.00,0.00,24.00,0.00,912.00,6460.00,0.00,169662.44
6.80,0.00,0.00,0.00,24.00,0.00,907.00,6465.00,0.00,168514.88
6.81,0.00,0.00,0.00,24.00,0.00,905.00,6467.00,0.00,167437.20
6.81,0.00,0.00,0.00,24.00,0.00,901.00,6471.00,0.00,166393.27
6.82,0.00,0.00,0.00,24.00,0.00,898.00,6474.00,0.00,165395.17
6.83,0.00,0.00,0.00,24.00,0.00,890.00,6482.00,0.00,164363.79
6.83,0.00,0.00,0.00,24.00,0.00,885.00,6487.00,0.00,163347.11
6.84,0.00,0.00,0.00,24.00,0.00,872.00,6500.00,0.00,162223.66
6.85,0.00,0.00,0.00,24.00,0.00,865.00,6507.00,0.00,161092.87
6.85,0.00,0.00,0.00,24.00,0.00,860.00,6512.00,0.00,159985.43
6.86,0.00,0.00,0.00,24.00,0.00,854.00,6518.00,0.00,158884.28
6.87,0.00,0.00,0.00,24.00,0.00,852.00,6520.00,0.00,157848.97
6.88,0.00,0.00,0.00,24.00,0.00,845.00,6527.00,0.00,156798.65
6.88,0.00,0.00,0.00,24.00,0.00,836.00,6536.00,0.00,155704.57
6.89,0.00,0.00,0.00,24.00,0.00,826.00,6546.00,0.00,154555.54
6.90,0.00,0.00,0.00,24.00,0.00,819.00,6553.00,0.00,153401.39
6.90,0.00,0.00,0.00,24.00,0.00,814.00,6558.00,0.00,152272.63
6.91,0.00,0.00,0.00,24.00,0.00,806.00,6566.00,0.00,151121.97
6.92,0.00,0.00,0.00,24.00,0.00,800.00,6572.00,0.00,149981.37
6.92,0.00,0.00,0.00,24.00,0.00,796.00,6576.00,0.00,148879.99
6.93,0.00,0.00,0.00,24.00,0.00,794.00,6578.00,0.00,147844.48
6.94,0.00,0.00,0.00,24.00,0.00,789.00,6583.00,0.00,146824.01
6.94,0.00,0.00,0.00,24.00,0.00,785.00,6587.00,0.00,145832.31
6.95,0.00,0.00,0.00,24.00,0.00,780.00,6592.00,0.00,144851.85
6.96,0.00,0.00,0.00,24.00,0.00,775.00,6597.00,0.00,143881.65
6.97,0.00,0.00,0.00,24.00,0.00,771.00,6601.00,0.00,142935.83
6.97,0.00,0.00,0.00,24.00,0.00,764.00,6608.00,0.00,141967.21
6.98,0.00,0.00,0.00,24.00,0.00,756.00,6616.00,0.00,140962.75
6.99,0.00,0.00,0.00,24.00,0.00,751.00,6621.00,0.00,139970.64
6.99,0.00,0.00,0.00,24.00,0.00,748.00,6624.00,0.00,139019.85
7.00,0.00,0.00,0.00,24.00,0.00,743.00,6629.00,0.00,138076.74
7.01,0.00,0.00,0.00,24.00,0.00,738.00,6634.00,0.00,137140.63
7.01,0.00,0.00,0.00,24.00,0.00,733.00,6639.00,0.00,136210.92
7.02,0.00,0.00,0.00,24.00,0.00,723.00,6649.00,0.00,135211.93
7.03,0.00,0.00,0.00,24.00,0.00,711.00,6661.00,0.00,134119.65
7.03,0.00,0.00,0.00,24.00,0.00,705.00,6667.00,0.00,133032.35
7.04,0.00,0.00,0.00,24.00,0.00,700.00,6672.00,0.00,131964.60
7.05,0.00,0.00,0.00,24.00,0.00,693.00,6679.00,0.00,130884.68
7.06,0.00,0.00,0.00,24.00,0.00,688.00,6684.00,0.00,129823.67
7.06,0.00,0.00,0.00,24.00,0.00,684.00,6688.00,0.00,128794.95
7.07,0.00,0.00,0.00,24.00,0.00,676.00,6696.00,0.00,127735.63
7.08,0.00,0.00,0.00,24.00,0.00,663.00,6709.00,0.00,126573.25
7.08,0.00,0.00,0.00,24.00,0.00,658.00,6714.00,0.00,125436.97
7.09,0.00,0.00,0.00,24.00,0.00,654.00,6718.00,0.00,124339.54
7.10,0.00,0.00,0.00,24.00,0.00,648.00,6724.00,0.00,123247.53
7.10,0.00,0.00,0.00,24.00,0.00,640.00,6732.00,0.00,122130.42
7.11,0.00,0.00,0.00,24.00,0.00,639.00,6733.00,0.00,121095.57
7.12,0.00,0.00,0.00,24.00,0.00,637.00,6735.00,0.00,120120.78
7.12,0.00,0.00,0.00,24.00,0.00,633.00,6739.00,0.00,119170.77
7.13,0.00,0.00,0.00,24.00,0.00,630.00,6742.00,0.00,118258.42
7.14,0.00,0.00,0.00,24.00,0.00,622.00,6750.00,0.00,117305.33
7.15,0.00,0.00,0.00,24.00,0.00,617.00,6755.00,0.00,116360.12
7.15,0.00,0.00,0.00,24.00,0.00,608.00,6764.00,0.00,115362.00
7.16,0.00,0.00,0.00,24.00,0.00,599.00,6773.00,0.00,114315.58
7.17,0.00,0.00,0.00,24.00,0.00,593.00,6779.00,0.00,113270.15
7.17,0.00,0.00,0.00,24.00,0.00,588.00,6784.00,0.00,112240.63
7.18,0.00,0.00,0.00,24.00,0.00,582.00,6790.00,0.00,111210.62
7.19,0.00,0.00,0.00,24.00,0.00,571.00,6801.00,0.00,110105.05
7.19,0.00,0.00,0.00,24.00,0.00,567.00,6805.00,0.00,109035.65
7.20,0.00,0.00,0.00,24.00,0.00,561.00,6811.00,0.00,107969.23
7.21,0.00,0.00,0.00,24.00,0.00,560.00,6812.00,0.00,106980.64
7.22,0.00,0.00,0.00,24.00,0.00,556.00,6816.00,0.00,106018.05
7.22,0.00,0.00,0.00,24.00,0.00,545.00,6827.00,0.00,104974.02
7.23,0.00,0.00,0.00,24.00,0.00,542.00,6830.00,0.00,103975.83
7.24,0.00,0.00,0.00,24.00,0.00,533.00,6839.00,0.00,102929.36
7.24,0.00,0.00,0.00,24.00,0.00,519.00,6853.00,0.00,101763.68
7.25,0.00,0.00,0.00,24.00,0.00,512.00,6860.00,0.00,100594.34
7.26,0.00,0.00,0.00,24.00,0.00,505.00,6867.00,0.00,99421.66
7.26,0.00,0.00,0.00,24.00,0.00,499.00,6873.00,0.00,98260.96
7.27,0.00,0.00,0.00,24.00,0.00,493.00,6879.00,0.00,97111.18
7.28,0.00,0.00,0.00,24.00,0.00,488.00,6884.00,0.00,95986.41
7.28,0.00,0.00,0.00,24.00,0.00,482.00,6890.00,0.00,94869.44
7.29,0.00,0.00,0.00,24.00,0.00,478.00,6894.00,0.00,93789.64
7.30,0.00,0.00,0.00,24.00,0.00,475.00,6897.00,0.00,92758.79
7.31,0.00,0.00,0.00,24.00,0.00,471.00,6901.00,0.00,91757.62
7.31,0.00,0.00,0.00,24.00,0.00,462.00,6910.00,0.00,90708.41
7.32,0.00,0.00,0.00,24.00,0.00,454.00,6918.00,0.00,89630.38
7.33,0.00,0.00,0.00,24.00,0.00,451.00,6921.00,0.00,88601.15
7.33,0.00,0.00,0.00,24.00,0.00,448.00,6924.00,0.00,87616.47
7.34,0.00,0.00,0.00,24.00,0.00,440.00,6932.00,0.00,86597.35
7.35,0.00,0.00,0.00,24.00,0.00,431.00,6941.00,0.00,85531.77
7.35,0.00,0.00,0.00,24.00,0.00,426.00,6946.00,0.00,84483.85
7.36,0.00,0.00,0.00,24.00,0.00,426.00,6946.00,0.00,83527.18
7.37,0.00,0.00,0.00,24.00,0.00,422.00,6950.00,0.00,82593.72
7.38,0.00,0.00,0.00,24.00,0.00,416.00,6956.00,0.00,81651.41
7.38,0.00,0.00,0.00,24.00,0.00,413.00,6959.00,0.00,80746.08
7.39,0.00,0.00,0.00,24.00,0.00,403.00,6969.00,0.00,79769.35
7.40,0.00,0.00,0.00,24.00,0.00,395.00,6977.00,0.00,78757.49
7.40,0.00,0.00,0.00,24.00,0.00,393.00,6979.00,0.00,77803.68
7.41,0.00,0.00,0.00,24.00,0.00,388.00,6984.00,0.00,76857.82
7.42,0.00,0.00,0.00,24.00,0.00,382.00,6990.00,0.00,75904.18
7.42,0.00,0.00,0.00,24.00,0.00,379.00,6993.00,0.00,74988.51
7.43,0.00,0.00,0.00,24.00,0.00,374.00,6998.00,0.00,74077.45
7.44,0.00,0.00,0.00,24.00,0.00,368.00,7004.00,0.00,73155.59
7.44,0.00,0.00,0.00,24.00,0.00,364.00,7008.00,0.00,72253.91
7.45,0.00,0.00,0.00,24.00,0.00,360.00,7012.00,0.00,71370.65
7.46,0.00,0.00,0.00,24.00,0.00,354.00,7018.00,0.00,70474.16
7.47,0.00,0.00,0.00,24.00,0.00,353.00,7019.00,0.00,69640.72
7.47,0.00,0.00,0.00,24.00,0.00,348.00,7024.00,0.00,68804.73
7.48,0.00,0.00,0.00,24.00,0.00,341.00,7031.00,0.00,67936.37
7.49,0.00,0.00,0.00,24.00,0.00,337.00,7035.00,0.00,67083.53
7.49,0.00,0.00,0.00,24.00,0.00,332.00,7040.00,0.00,66229.84
7.50,0.00,0.00,0.00,24.00,0.00,327.00,7045.00,0.00,65375.37
7.51,0.00,0.00,0.00,24.00,0.00,322.00,7050.00,0.00,64520.19
7.51,0.00,0.00,0.00,24.00,0.00,318.00,7054.00,0.00,63679.38
7.52,0.00,0.00,0.00,24.00,0.00,313.00,7059.00,0.00,62836.67
7.53,0.00,0.00,0.00,24.00,0.00,307.00,7065.00,0.00,61977.20
7.53,0.00,0.00,0.00,24.00,0.00,302.00,7070.00,0.00,61117.46
7.54,0.00,0.00,0.00,24.00,0.00,300.00,7072.00,0.00,60302.53
7.55,0.00,0.00,0.00,24.00,0.00,299.00,7073.00,0.00,59543.54
7.56,0.00,0.00,0.00,24.00,0.00,295.00,7077.00,0.00,58790.54
7.56,0.00,0.00,0.00,24.00,0.00,294.00,7078.00,0.00,58088.09
7.57,0.00,0.00,0.00,24.00,0.00,290.00,7082.00,0.00,57386.72
7.58,0.00,0.00,0.00,24.00,0.00,286.00,7086.00,0.00,56686.32
7.58,0.00,0.00,0.00,24.00,0.00,281.00,7091.00,0.00,55971.80
7.59,0.00,0.00,0.00,24.00,0.00,276.00,7096.00,0.00,55244.38
7.60,0.00,0.00,0.00,24.00,0.00,272.00,7100.00,0.00,54520.21
7.60,0.00,0.00,0.00,24.00,0.00,268.00,7104.00,0.00,53799.00
7.61,0.00,0.00,0.00,24.00,0.00,260.00,7112.00,0.00,53020.41
7.62,0.00,0.00,0.00,24.00,0.00,257.00,7115.00,0.00,52264.55
7.62,0.00,0.00,0.00,24.00,0.00,252.00,7120.00,0.00,51499.39
7.63,0.00,0.00,0.00,24.00,0.00,249.00,7123.00,0.00,50755.78
7.64,0.00,0.00,0.00,24.00,0.00,248.00,7124.00,0.00,50061.90
7.65,0.00,0.00,0.00,24.00,0.00,244.00,7128.00,0.00,49368.35
7.65,0.00,0.00,0.00,24.00,0.00,240.00,7132.00,0.00,48675.10
7.66,0.00,0.00,0.00,24.00,0.00,234.00,7138.00,0.00,47952.08
7.67,0.00,0.00,0.00,24.00,0.00,234.00,7138.00,0.00,47292.01
7.67,0.00,0.00,0.00,24.00,0.00,231.00,7141.00,0.00,46644.35
7.68,0.00,0.00,0.00,24.00,0.00,230.00,7142.00,0.00,46038.07
7.69,0.00,0.00,0.00,24.00,0.00,226.00,7146.00,0.00,45424.48
7.69,0.00,0.00,0.00,24.00,0.00,224.00,7148.00,0.00,44834.28
7.70,0.00,0.00,0.00,24.00,0.00,221.00,7151.00,0.00,44250.40
7.71,0.00,0.00,0.00,24.00,0.00,218.00,7154.00,0.00,43672.29
7.72,0.00,0.00,0.00,24.00,0.00,212.00,7160.00,0.00,43054.38
7.72,0.00,0.00,0.00,24.00,0.00,209.00,7163.00,0.00,42445.21
7.73,0.00,0.00,0.00,24.00,0.00,207.00,7165.00,0.00,41859.04
7.74,0.00,0.00,0.00,24.00,0.00,204.00,7168.00,0.00,41278.83
7.74,0.00,0.00,0.00,24.00,0.00,203.00,7169.00,0.00,40734.13
7.75,0.00,0.00,0.00,24.00,0.00,198.00,7174.00,0.00,40161.74
7.76,0.00,0.00,0.00,24.00,0.00,194.00,7178.00,0.00,39579.10
7.76,0.00,0.00,0.00,24.00,0.00,191.00,7181.00,0.00,39002.13
7.77,0.00,0.00,0.00,24.00,0.00,187.00,7185.00,0.00,38415.30
7.78,0.00,0.00,0.00,24.00,0.00,183.00,7189.00,0.00,37819.48
7.78,0.00,0.00,0.00,24.00,0.00,179.00,7193.00,0.00,37215.45
7.79,0.00,0.00,0.00,24.00,0.00,177.00,7195.00,0.00,36633.97
7.80,0.00,0.00,0.00,24.00,0.00,175.00,7197.00,0.00,36073.08
7.81,0.00,0.00,0.00,24.00,0.00,173.00,7199.00,0.00,35530.98
7.81,0.00,0.00,0.00,24.00,0.00,168.00,7204.00,0.00,34960.96
7.82,0.00,0.00,0.00,24.00,0.00,166.00,7206.00,0.00,34410.54
7.83,0.00,0.00,0.00,24.00,0.00,163.00,7209.00,0.00,33862.98
7.83,0.00,0.00,0.00,24.00,0.00,162.00,7210.00,0.00,33348.07
7.84,0.00,0.00,0.00,24.00,0.00,161.00,7211.00,0.00,32862.97
7.85,0.00,0.00,0.00,24.00,0.00,155.00,7217.00,0.00,32329.98
7.85,0.00,0.00,0.00,24.00,0.00,151.00,7221.00,0.00,31783.31
7.86,0.00,0.00,0.00,24.00,0.00,146.00,7226.00,0.00,31209.12
7.87,0.00,0.00,0.00,24.00,0.00,145.00,7227.00,0.00,30669.90
7.88,0.00,0.00,0.00,24.00,0.00,139.00,7233.00,0.00,30087.50
7.88,0.00,0.00,0.00,24.00,0.00,136.00,7236.00,0.00,29510.75
7.89,0.00,0.00,0.00,24.00,0.00,136.00,7236.00,0.00,28984.21
7.90,0.00,0.00,0.00,24.00,0.00,133.00,7239.00,0.00,28458.46
7.90,0.00,0.00,0.00,24.00,0.00,131.00,7241.00,0.00,27948.44
7.91,0.00,0.00,0.00,24.00,0.00,129.00,7243.00,0.00,27452.78
7.92,0.00,0.00,0.00,24.00,0.00,126.00,7246.00,0.00,26955.22
7.92,0.00,0.00,0.00,24.00,0.00,120.00,7252.00,0.00,26410.84
7.93,0.00,0.00,0.00,24.00,0.00,119.00,7253.00,0.00,25898.84
7.94,0.00,0.00,0.00,24.00,0.00,115.00,7257.00,0.00,25371.33
7.94,0.00,0.00,0.00,24.00,0.00,112.00,7260.00,0.00,24844.68
7.95,0.00,0.00,0.00,24.00,0.00,110.00,7262.00,0.00,24333.85
7.96,0.00,0.00,0.00,24.00,0.00,107.00,7265.00,0.00,23822.43
7.97,0.00,0.00,0.00,24.00,0.00,103.00,7269.00,0.00,23295.45
7.97,0.00,0.00,0.00,24.00,0.00,99.00,7273.00,0.00,22754.26
7.98,0.00,0.00,0.00,24.00,0.00,99.00,7273.00,0.00,22260.20
7.99,0.00,0.00,0.00,24.00,0.00,95.00,7277.00,0.00,21749.07
7.99,0.00,0.00,0.00,24.00,0.00,95.00,7277.00,0.00,21282.44
8.00,0.00,0.00,0.00,24.00,0.00,95.00,7277.00,0.00,20856.45
8.01,0.00,0.00,0.00,24.00,0.00,92.00,7280.00,0.00,20422.48
8.01,0.00,0.00,0.00,24.00,0.00,88.00,7284.00,0.00,19966.20
8.02,0.00,0.00,0.00,24.00,0.00,84.00,7288.00,0.00,19489.57
8.03,0.00,0.00,0.00,24.00,0.00,84.00,7288.00,0.00,19054.44
8.03,0.00,0.00,0.00,24.00,0.00,81.00,7291.00,0.00,18612.13
8.04,0.00,0.00,0.00,24.00,0.00,79.00,7293.00,0.00,18178.28
8.05,0.00,0.00,0.00,24.00,0.00,78.00,7294.00,0.00,17767.19
8.06,0.00,0.00,0.00,24.00,0.00,76.00,7296.00,0.00,17361.85
8.06,0.00,0.00,0.00,24.00,0.00,74.00,7298.00,0.00,16961.76
8.07,0.00,0.00,0.00,24.00,0.00,72.00,7300.00,0.00,16566.46
8.08,0.00,0.00,0.00,24.00,0.00,72.00,7300.00,0.00,16205.59
8.08,0.00,0.00,0.00,24.00,0.00,69.00,7303.00,0.00,15831.06
8.09,0.00,0.00,0.00,24.00,0.00,68.00,7304.00,0.00,15474.13
8.10,0.00,0.00,0.00,24.00,0.00,66.00,7306.00,0.00,15118.23
8.10,0.00,0.00,0.00,24.00,0.00,64.00,7308.00,0.00,14763.28
8.11,0.00,0.00,0.00,24.00,0.00,63.00,7309.00,0.00,14424.20
8.12,0.00,0.00,0.00,24.00,0.00,59.00,7313.00,0.00,14054.57
8.12,0.00,0.00,0.00,24.00,0.00,54.00,7318.00,0.00,13642.00
8.13,0.00,0.00,0.00,24.00,0.00,54.00,7318.00,0.00,13265.36
8.14,0.00,0.00,0.00,24.00,0.00,54.00,7318.00,0.00,12921.51
8.15,0.00,0.00,0.00,24.00,0.00,52.00,7320.00,0.00,12577.56
8.15,0.00,0.00,0.00,24.00,0.00,51.00,7321.00,0.00,12248.53
8.16,0.00,0.00,0.00,24.00,0.00,50.00,7322.00,0.00,11933.14
8.17,0.00,0.00,0.00,24.00,0.00,48.00,7324.00,0.00,11615.16
8.17,0.00,0.00,0.00,24.00,0.00,48.00,7324.00,0.00,11324.86
8.18,0.00,0.00,0.00,24.00,0.00,48.00,7324.00,0.00,11059.85
8.19,0.00,0.00,0.00,24.00,0.00,44.00,7328.00,0.00,10757.82
8.19,0.00,0.00,0.00,24.00,0.00,42.00,7330.00,0.00,10452.04
8.20,0.00,0.00,0.00,24.00,0.00,42.00,7330.00,0.00,10172.89
8.21,0.00,0.00,0.00,24.00,0.00,40.00,7332.00,0.00,9888.00
8.22,0.00,0.00,0.00,24.00,0.00,40.00,7332.00,0.00,9627.92
8.22,0.00,0.00,0.00,24.00,0.00,39.00,7333.00,0.00,9375.46
8.23,0.00,0.00,0.00,24.00,0.00,38.00,7334.00,0.00,9129.96
8.24,0.00,0.00,0.00,24.00,0.00,37.00,7335.00,0.00,8890.81
8.24,0.00,0.00,0.00,24.00,0.00,36.00,7336.00,0.00,8657.47
8.25,0.00,0.00,0.00,24.00,0.00,35.00,7337.00,0.00,8429.42
8.26,0.00,0.00,0.00,24.00,0.00,33.00,7339.00,0.00,8191.18
8.26,0.00,0.00,0.00,24.00,0.00,31.00,7341.00,0.00,7943.64
8.27,0.00,0.00,0.00,24.00,0.00,31.00,7341.00,0.00,7717.66
8.28,0.00,0.00,0.00,24.00,0.00,31.00,7341.00,0.00,7511.35
8.28,0.00,0.00,0.00,24.00,0.00,29.00,7343.00,0.00,7292.97
8.29,0.00,0.00,0.00,24.00,0.00,26.00,7346.00,0.00,7048.52
8.30,0.00,0.00,0.00,24.00,0.00,25.00,7347.00,0.00,6810.34
8.31,0.00,0.00,0.00,24.00,0.00,25.00,7347.00,0.00,6592.90
8.31,0.00,0.00,0.00,24.00,0.00,25.00,7347.00,0.00,6394.40
8.32,0.00,0.00,0.00,24.00,0.00,25.00,7347.00,0.00,6213.18
8.33,0.00,0.00,0.00,24.00,0.00,24.00,7348.00,0.00,6032.71
8.33,0.00,0.00,0.00,24.00,0.00,23.00,7349.00,0.00,5852.94
8.34,0.00,0.00,0.00,24.00,0.00,23.00,7349.00,0.00,5688.82
8.35,0.00,0.00,0.00,24.00,0.00,21.00,7351.00,0.00,5508.95
8.35,0.00,0.00,0.00,24.00,0.00,20.00,7352.00,0.00,5329.71
8.36,0.00,0.00,0.00,24.00,0.00,18.00,7354.00,0.00,5136.04
8.37,0.00,0.00,0.00,24.00,0.00,18.00,7354.00,0.00,4959.23
8.38,0.00,0.00,0.00,24.00,0.00,16.00,7356.00,0.00,4767.77
8.38,0.00,0.00,0.00,24.00,0.00,16.00,7356.00,0.00,4592.98
8.39,0.00,0.00,0.00,24.00,0.00,16.00,7356.00,0.00,4433.41
8.40,0.00,0.00,0.00,24.00,0.00,16.00,7356.00,0.00,4287.74
8.40,0.00,0.00,0.00,24.00,0.00,15.00,7357.00,0.00,4139.73
8.41,0.00,0.00,0.00,24.00,0.00,14.00,7358.00,0.00,3989.58
8.42,0.00,0.00,0.00,24.00,0.00,14.00,7358.00,0.00,3852.51
8.42,0.00,0.00,0.00,24.00,0.00,14.00,7358.00,0.00,3727.37
8.43,0.00,0.00,0.00,24.00,0.00,14.00,7358.00,0.00,3613.13
8.44,0.00,0.00,0.00,24.00,0.00,14.00,7358.00,0.00,3508.83
8.44,0.00,0.00,0.00,24.00,0.00,14.00,7358.00,0.00,3413.62
8.45,0.00,0.00,0.00,24.00,0.00,14.00,7358.00,0.00,3326.70
8.46,0.00,0.00,0.00,24.00,0.00,14.00,7358.00,0.00,3247.35
8.47,0.00,0.00,0.00,24.00,0.00,14.00,7358.00,0.00,3174.91
8.47,0.00,0.00,0.00,24.00,0.00,13.00,7359.00,0.00,3093.75
8.48,0.00,0.00,0.00,24.00,0.00,13.00,7359.00,0.00,3019.66
8.49,0.00,0.00,0.00,24.00,0.00,13.00,7359.00,0.00,2952.02
8.49,0.00,0.00,0.00,24.00,0.00,13.00,7359.00,0.00,2890.27
8.50,0.00,0.00,0.00,24.00,0.00,13.00,7359.00,0.00,2833.90
8.51,0.00,0.00,0.00,24.00,0.00,13.00,7359.00,0.00,2782.43
8.51,0.00,0.00,0.00,24.00,0.00,12.00,7360.00,0.00,2720.43
8.52,0.00,0.00,0.00,24.00,0.00,12.00,7360.00,0.00,2663.82
8.53,0.00,0.00,0.00,24.00,0.00,12.00,7360.00,0.00,2612.14
8.53,0.00,0.00,0.00,24.00,0.00,12.00,7360.00,0.00,2564.97
8.54,0.00,0.00,0.00,24.00,0.00,11.00,7361.00,0.00,2506.87
8.55,0.00,0.00,0.00,24.00,0.00,11.00,7361.00,0.00,2453.84
8.56,0.00,0.00,0.00,24.00,0.00,10.00,7362.00,0.00,2390.40
8.56,0.00,0.00,0.00,24.00,0.00,9.00,7363.00,0.00,2317.46
8.57,0.00,0.00,0.00,24.00,0.00,9.00,7363.00,0.00,2250.87
8.58,0.00,0.00,0.00,24.00,0.00,9.00,7363.00,0.00,2190.08
8.58,0.00,0.00,0.00,24.00,0.00,9.00,7363.00,0.00,2134.59
8.59,0.00,0.00,0.00,24.00,0.00,9.00,7363.00,0.00,2083.93
8.60,0.00,0.00,0.00,24.00,0.00,9.00,7363.00,0.00,2037.67
8.60,0.00,0.00,0.00,24.00,0.00,9.00,7363.00,0.00,1995.45
8.61,0.00,0.00,0.00,24.00,0.00,9.00,7363.00,0.00,1956.90
8.62,0.00,0.00,0.00,24.00,0.00,9.00,7363.00,0.00,1921.71
8.62,0.00,0.00,0.00,24.00,0.00,9.00,7363.00,0.00,1889.58
8.63,0.00,0.00,0.00,24.00,0.00,9.00,7363.00,0.00,1860.25
8.64,0.00,0.00,0.00,24.00,0.00,9.00,7363.00,0.00,1833.48
8.65,0.00,0.00,0.00,24.00,0.00,9.00,7363.00,0.00,1809.03
8.65,0.00,0.00,0.00,24.00,0.00,9.00,7363.00,0.00,1786.72
8.66,0.00,0.00,0.00,24.00,0.00,9.00,7363.00,0.00,1766.35
8.67,0.00,0.00,0.00,24.00,0.00,9.00,7363.00,0.00,1747.75
8.67,0.00,0.00,0.00,24.00,0.00,9.00,7363.00,0.00,1730.77
8.68,0.00,0.00,0.00,24.00,0.00,9.00,7363.00,0.00,1715.27
8.69,0.00,0.00,0.00,24.00,0.00,9.00,7363.00,0.00,1701.12
8.69,0.00,0.00,0.00,24.00,0.00,9.00,7363.00,0.00,1688.20
8.70,0.00,0.00,0.00,24.00,0.00,9.00,7363.00,0.00,1676.41
8.71,0.00,0.00,0.00,24.00,0.00,9.00,7363.00,0.00,1665.64
8.72,0.00,0.00,0.00,24.00,0.00,9.00,7363.00,0.00,1655.81
8.72,0.00,0.00,0.00,24.00,0.00,9.00,7363.00,0.00,1646.84
8.73,0.00,0.00,0.00,24.00,0.00,9.00,7363.00,0.00,1638.65
8.74,0.00,0.00,0.00,24.00,0.00,8.00,7364.00,0.00,1616.14
8.74,0.00,0.00,0.00,24.00,0.00,8.00,7364.00,0.00,1595.60
8.75,0.00,0.00,0.00,24.00,0.00,7.00,7365.00,0.00,1561.82
8.76,0.00,0.00,0.00,24.00,0.00,7.00,7365.00,0.00,1530.99
8.76,0.00,0.00,0.00,24.00,0.00,7.00,7365.00,0.00,1502.84
8.77,0.00,0.00,0.00,24.00,0.00,7.00,7365.00,0.00,1477.14
8.78,0.00,0.00,0.00,24.00,0.00,7.00,7365.00,0.00,1453.68
8.78,0.00,0.00,0.00,24.00,0.00,7.00,7365.00,0.00,1432.26
8.79,0.00,0.00,0.00,24.00,0.00,7.00,7365.00,0.00,1412.71
8.80,0.00,0.00,0.00,24.00,0.00,7.00,7365.00,0.00,1394.85
8.81,0.00,0.00,0.00,24.00,0.00,7.00,7365.00,0.00,1378.56
8.81,0.00,0.00,0.00,24.00,0.00,6.00,7366.00,0.00,1348.66
8.82,0.00,0.00,0.00,24.00,0.00,6.00,7366.00,0.00,1321.36
8.83,0.00,0.00,0.00,24.00,0.00,6.00,7366.00,0.00,1296.44
8.83,0.00,0.00,0.00,24.00,0.00,6.00,7366.00,0.00,1273.69
8.84,0.00,0.00,0.00,24.00,0.00,6.00,7366.00,0.00,1252.92
8.85,0.00,0.00,0.00,24.00,0.00,5.00,7367.00,0.00,1218.94
8.85,0.00,0.00,0.00,24.00,0.00,5.00,7367.00,0.00,1187.91
8.86,0.00,0.00,0.00,24.00,0.00,5.00,7367.00,0.00,1159.59
8.87,0.00,0.00,0.00,24.00,0.00,5.00,7367.00,0.00,1133.73
8.88,0.00,0.00,0.00,24.00,0.00,5.00,7367.00,0.00,1110.13
8.88,0.00,0.00,0.00,24.00,0.00,5.00,7367.00,0.00,1088.58
8.89,0.00,0.00,0.00,24.00,0.00,5.00,7367.00,0.00,1068.90
8.90,0.00,0.00,0.00,24.00,0.00,5.00,7367.00,0.00,1050.94
8.90,0.00,0.00,0.00,24.00,0.00,4.00,7368.00,0.00,1019.52
8.91,0.00,0.00,0.00,24.00,0.00,4.00,7368.00,0.00,990.84
8.92,0.00,0.00,0.00,24.00,0.00,4.00,7368.00,0.00,964.65
8.92,0.00,0.00,0.00,24.00,0.00,4.00,7368.00,0.00,940.75
8.93,0.00,0.00,0.00,24.00,0.00,4.00,7368.00,0.00,918.92
8.94,0.00,0.00,0.00,24.00,0.00,4.00,7368.00,0.00,899.00
8.94,0.00,0.00,0.00,24.00,0.00,4.00,7368.00,0.00,880.81
8.95,0.00,0.00,0.00,24.00,0.00,4.00,7368.00,0.00,864.21
8.96,0.00,0.00,0.00,24.00,0.00,4.00,7368.00,0.00,849.05
8.97,0.00,0.00,0.00,24.00,0.00,4.00,7368.00,0.00,835.21
8.97,0.00,0.00,0.00,24.00,0.00,4.00,7368.00,0.00,822.57
8.98,0.00,0.00,0.00,24.00,0.00,4.00,7368.00,0.00,811.04
8.99,0.00,0.00,0.00,24.00,0.00,4.00,7368.00,0.00,800.51
8.99,0.00,0.00,0.00,24.00,0.00,4.00,7368.00,0.00,790.90
9.00,0.00,0.00,0.00,24.00,0.00,3.00,7369.00,0.00,767.10
9.01,0.00,0.00,0.00,24.00,0.00,3.00,7369.00,0.00,745.37
9.01,0.00,0.00,0.00,24.00,0.00,3.00,7369.00,0.00,725.54
9.02,0.00,0.00,0.00,24.00,0.00,3.00,7369.00,0.00,707.43
9.03,0.00,0.00,0.00,24.00,0.00,3.00,7369.00,0.00,690.90
9.03,0.00,0.00,0.00,24.00,0.00,3.00,7369.00,0.00,675.81
9.04,0.00,0.00,0.00,24.00,0.00,3.00,7369.00,0.00,662.03
9.05,0.00,0.00,0.00,24.00,0.00,2.00,7370.00,0.00,634.43
9.06,0.00,0.00,0.00,24.00,0.00,2.00,7370.00,0.00,609.23
9.06,0.00,0.00,0.00,24.00,0.00,2.00,7370.00,0.00,586.23
9.07,0.00,0.00,0.00,24.00,0.00,2.00,7370.00,0.00,565.23
9.08,0.00,0.00,0.00,24.00,0.00,2.00,7370.00,0.00,546.06
9.08,0.00,0.00,0.00,24.00,0.00,2.00,7370.00,0.00,528.55
9.09,0.00,0.00,0.00,24.00,0.00,2.00,7370.00,0.00,512.58
9.10,0.00,0.00,0.00,24.00,0.00,2.00,7370.00,0.00,497.99
9.10,0.00,0.00,0.00,24.00,0.00,2.00,7370.00,0.00,484.67
9.11,0.00,0.00,0.00,24.00,0.00,2.00,7370.00,0.00,472.52
9.12,0.00,0.00,0.00,24.00,0.00,2.00,7370.00,0.00,461.42
9.12,0.00,0.00,0.00,24.00,0.00,2.00,7370.00,0.00,451.29
9.13,0.00,0.00,0.00,24.00,0.00,2.00,7370.00,0.00,442.04
9.14,0.00,0.00,0.00,24.00,0.00,2.00,7370.00,0.00,433.59
9.15,0.00,0.00,0.00,24.00,0.00,2.00,7370.00,0.00,425.88
9.15,0.00,0.00,0.00,24.00,0.00,2.00,7370.00,0.00,418.84
9.16,0.00,0.00,0.00,24.00,0.00,2.00,7370.00,0.00,412.42
9.17,0.00,0.00,0.00,24.00,0.00,2.00,7370.00,0.00,406.55
9.17,0.00,0.00,0.00,24.00,0.00,2.00,7370.00,0.00,401.20
9.18,0.00,0.00,0.00,24.00,0.00,2.00,7370.00,0.00,396.31
9.19,0.00,0.00,0.00,24.00,0.00,2.00,7370.00,0.00,391.85
9.19,0.00,0.00,0.00,24.00,0.00,2.00,7370.00,0.00,387.77
9.20,0.00,0.00,0.00,24.00,0.00,2.00,7370.00,0.00,384.05
9.21,0.00,0.00,0.00,24.00,0.00,2.00,7370.00,0.00,380.66
9.22,0.00,0.00,0.00,24.00,0.00,2.00,7370.00,0.00,377.56
9.22,0.00,0.00,0.00,24.00,0.00,2.00,7370.00,0.00,374.73
9.23,0.00,0.00,0.00,24.00,0.00,2.00,7370.00,0.00,372.14
9.24,0.00,0.00,0.00,24.00,0.00,2.00,7370.00,0.00,369.79
9.24,0.00,0.00,0.00,24.00,0.00,2.00,7370.00,0.00,367.63
9.25,0.00,0.00,0.00,24.00,0.00,2.00,7370.00,0.00,365.67
9.26,0.00,0.00,0.00,24.00,0.00,2.00,7370.00,0.00,363.87
9.26,0.00,0.00,0.00,24.00,0.00,2.00,7370.00,0.00,362.23
9.27,0.00,0.00,0.00,24.00,0.00,2.00,7370.00,0.00,360.74
9.28,0.00,0.00,0.00,24.00,0.00,2.00,7370.00,0.00,359.37
9.28,0.00,0.00,0.00,24.00,0.00,2.00,7370.00,0.00,358.13
9.29,0.00,0.00,0.00,24.00,0.00,2.00,7370.00,0.00,356.99
9.30,0.00,0.00,0.00,24.00,0.00,2.00,7370.00,0.00,355.95
9.31,0.00,0.00,0.00,24.00,0.00,2.00,7370.00,0.00,355.00
9.31,0.00,0.00,0.00,24.00,0.00,2.00,7370.00,0.00,354.14
9.32,0.00,0.00,0.00,24.00,0.00,2.00,7370.00,0.00,353.34
9.33,0.00,0.00,0.00,24.00,0.00,2.00,7370.00,0.00,352.62
9.33,0.00,0.00,0.00,24.00,0.00,2.00,7370.00,0.00,351.96
9.34,0.00,0.00,0.00,24.00,0.00,2.00,7370.00,0.00,351.36
9.35,0.00,0.00,0.00,24.00,0.00,2.00,7370.00,0.00,350.81
9.35,0.00,0.00,0.00,24.00,0.00,2.00,7370.00,0.00,350.31
9.36,0.00,0.00,0.00,24.00,0.00,2.00,7370.00,0.00,349.86
9.37,0.00,0.00,0.00,24.00,0.00,2.00,7370.00,0.00,349.44
9.38,0.00,0.00,0.00,24.00,0.00,2.00,7370.00,0.00,349.06
9.38,0.00,0.00,0.00,24.00,0.00,2.00,7370.00,0.00,348.71
9.39,0.00,0.00,0.00,24.00,0.00,2.00,7370.00,0.00,348.39
9.40,0.00,0.00,0.00,24.00,0.00,2.00,7370.00,0.00,348.10
9.40,0.00,0.00,0.00,24.00,0.00,2.00,7370.00,0.00,347.83
9.41,0.00,0.00,0.00,24.00,0.00,2.00,7370.00,0.00,347.59
9.42,0.00,0.00,0.00,24.00,0.00,2.00,7370.00,0.00,347.37
9.42,0.00,0.00,0.00,24.00,0.00,2.00,7370.00,0.00,347.17
9.43,0.00,0.00,0.00,24.00,0.00,2.00,7370.00,0.00,346.99
9.44,0.00,0.00,0.00,24.00,0.00,2.00,7370.00,0.00,346.82
9.44,0.00,0.00,0.00,24.00,0.00,2.00,7370.00,0.00,346.67
9.45,0.00,0.00,0.00,24.00,0.00,2.00,7370.00,0.00,346.53
9.46,0.00,0.00,0.00,24.00,0.00,2.00,7370.00,0.00,346.40
9.47,0.00,0.00,0.00,24.00,0.00,2.00,7370.00,0.00,346.28
9.47,0.00,0.00,0.00,24.00,0.00,2.00,7370.00,0.00,346.17
9.48,0.00,0.00,0.00,24.00,0.00,2.00,7370.00,0.00,346.08
9.49,0.00,0.00,0.00,24.00,0.00,2.00,7370.00,0.00,345.99
9.49,0.00,0.00,0.00,24.00,0.00,1.00,7371.00,0.00,330.88
9.50,0.00,0.00,0.00,24.00,0.00,1.00,7371.00,0.00,317.10
9.51,0.00,0.00,0.00,24.00,0.00,1.00,7371.00,0.00,304.51
9.51,0.00,0.00,0.00,24.00,0.00,0.00,7372.00,0.00,277.99
9.52,0.00,0.00,0.00,24.00,0.00,0.00,7372.00,0.00,253.79
9.53,0.00,0.00,0.00,24.00,0.00,0.00,7372.00,0.00,231.69
9.53,0.00,0.00,0.00,24.00,0.00,0.00,7372.00,0.00,211.51
9.54,0.00,0.00,0.00,24.00,0.00,0.00,7372.00,0.00,193.09
9.55,0.00,0.00,0.00,24.00,0.00,0.00,7372.00,0.00,176.28
9.56,0.00,0.00,0.00,24.00,0.00,0.00,7372.00,0.00,160.93
9.56,0.00,0.00,0.00,24.00,0.00,0.00,7372.00,0.00,146.92
9.57,0.00,0.00,0.00,24.00,0.00,0.00,7372.00,0.00,134.12
9.58,0.00,0.00,0.00,24.00,0.00,0.00,7372.00,0.00,122.45
9.58,0.00,0.00,0.00,24.00,0.00,0.00,7372.00,0.00,111.78
9.59,0.00,0.00,0.00,24.00,0.00,0.00,7372.00,0.00,102.05
9.60,0.00,0.00,0.00,24.00,0.00,0.00,7372.00,0.00,93.16
9.60,0.00,0.00,0.00,24.00,0.00,0.00,7372.00,0.00,85.05
9.61,0.00,0.00,0.00,24.00,0.00,0.00,7372.00,0.00,77.65
9.62,0.00,0.00,0.00,24.00,0.00,0.00,7372.00,0.00,70.88
9.62,0.00,0.00,0.00,24.00,0.00,0.00,7372.00,0.00,64.71
9.63,0.00,0.00,0.00,24.00,0.00,0.00,7372.00,0.00,59.08
9.64,0.00,0.00,0.00,24.00,0.00,0.00,7372.00,0.00,53.93
9.65,0.00,0.00,0.00,24.00,0.00,0.00,7372.00,0.00,49.24
9.65,0.00,0.00,0.00,24.00,0.00,0.00,7372.00,0.00,44.95
9.66,0.00,0.00,0.00,24.00,0.00,0.00,7372.00,0.00,41.04
9.67,0.00,0.00,0.00,24.00,0.00,0.00,7372.00,0.00,37.46
9.67,0.00,0.00,0.00,24.00,0.00,0.00,7372.00,0.00,34.20
9.68,0.00,0.00,0.00,24.00,0.00,0.00,7372.00,0.00,31.22
9.69,0.00,0.00,0.00,24.00,0.00,0.00,7372.00,0.00,28.50
9.69,0.00,0.00,0.00,24.00,0.00,0.00,7372.00,0.00,26.02
9.70,0.00,0.00,0.00,24.00,0.00,0.00,7372.00,0.00,23.76
9.71,0.00,0.00,0.00,24.00,0.00,0.00,7372.00,0.00,21.69
9.72,0.00,0.00,0.00,24.00,0.00,0.00,7372.00,0.00,19.80
9.72,0.00,0.00,0.00,24.00,0.00,0.00,7372.00,0.00,18.07
9.73,0.00,0.00,0.00,24.00,0.00,0.00,7372.00,0.00,16.50
9.74,0.00,0.00,0.00,24.00,0.00,0.00,7372.00,0.00,15.06
9.74,0.00,0.00,0.00,24.00,0.00,0.00,7372.00,0.00,13.75
9.75,0.00,0.00,0.00,24.00,0.00,0.00,7372.00,0.00,12.55
9.76,0.00,0.00,0.00,24.00,0.00,0.00,7372.00,0.00,11.46
9.76,0.00,0.00,0.00,24.00,0.00,0.00,7372.00,0.00,10.46
9.77,0.00,0.00,0.00,24.00,0.00,0.00,7372.00,0.00,9.55
9.78,0.00,0.00,0.00,24.00,0.00,0.00,7372.00,0.00,8.72
9.78,0.00,0.00,0.00,24.00,0.00,0.00,7372.00,0.00,7.96
9.79,0.00,0.00,0.00,24.00,0.00,0.00,7372.00,0.00,7.27
9.80,0.00,0.00,0.00,24.00,0.00,0.00,7372.00,0.00,6.64
9.81,0.00,0.00,0.00,24.00,0.00,0.00,7372.00,0.00,6.06
9.81,0.00,0.00,0.00,24.00,0.00,0.00,7372.00,0.00,5.53
9.82,0.00,0.00,0.00,24.00,0.00,0.00,7372.00,0.00,5.05
9.83,0.00,0.00,0.00,24.00,0.00,0.00,7372.00,0.00,4.61
9.83,0.00,0.00,0.00,24.00,0.00,0.00,7372.00,0.00,4.21
9.84,0.00,0.00,0.00,24.00,0.00,0.00,7372.00,0.00,3.84
9.85,0.00,0.00,0.00,24.00,0.00,0.00,7372.00,0.00,3.51
9.85,0.00,0.00,0.00,24.00,0.00,0.00,7372.00,0.00,3.20
9.86,0.00,0.00,0.00,24.00,0.00,0.00,7372.00,0.00,2.92
9.87,0.00,0.00,0.00,24.00,0.00,0.00,7372.00,0.00,2.67
9.88,0.00,0.00,0.00,24.00,0.00,0.00,7372.00,0.00,2.44
9.88,0.00,0.00,0.00,24.00,0.00,0.00,7372.00,0.00,2.22
9.89,0.00,0.00,0.00,24.00,0.00,0.00,7372.00,0.00,2.03
9.90,0.00,0.00,0.00,24.00,0.00,0.00,7372.00,0.00,1.85
9.90,0.00,0.00,0.00,24.00,0.00,0.00,7372.00,0.00,1.69
9.91,0.00,0.00,0.00,24.00,0.00,0.00,7372.00,0.00,1.54
9.92,0.00,0.00,0.00,24.00,0.00,0.00,7372.00,0.00,1.41
9.92,0.00,0.00,0.00,24.00,0.00,0.00,7372.00,0.00,1.29
9.93,0.00,0.00,0.00,24.00,0.00,0.00,7372.00,0.00,1.18
9.94,0.00,0.00,0.00,24.00,0.00,0.00,7372.00,0.00,1.07
9.94,0.00,0.00,0.00,24.00,0.00,0.00,7372.00,0.00,0.98
9.95,0.00,0.00,0.00,24.00,0.00,0.00,7372.00,0.00,0.89
9.96,0.00,0.00,0.00,24.00,0.00,0.00,7372.00,0.00,0.82
9.97,0.00,0.00,0.00,24.00,0.00,0.00,7372.00,0.00,0.75
9.97,0.00,0.00,0.00,24.00,0.00,0.00,7372.00,0.00,0.68
9.98,0.00,0.00,0.00,24.00,0.00,0.00,7372.00,0.00,0.62
9.99,0.00,0.00,0.00,24.00,0.00,0.00,7372.00,0.00,0.57
9.99,0.00,0.00,0.00,24.00,0.00,0.00,7372.00,0.00,0.52
