Time,U,AI1,AI2,AD,BI2,BI2,BD,VA,VB
0.00,7395.00,0.00,0.00,0.00,1.00,0.00,0.00,75.00,75.00
0.01,7392.00,0.00,0.00,0.00,4.00,0.00,0.00,68.52,68.47
0.01,7391.00,0.00,0.00,0.00,5.00,0.00,0.00,62.60,62.51
0.02,7390.00,0.00,0.00,0.00,6.00,0.00,0.00,57.19,57.06
0.03,7388.00,0.00,0.00,0.00,7.00,1.00,0.00,52.25,67.12
0.03,7386.00,0.00,0.00,0.00,9.00,0.00,1.00,47.73,61.27
0.04,7386.00,0.00,0.00,0.00,7.00,1.00,2.00,43.61,70.96
0.05,7384.00,0.00,0.00,0.00,9.00,1.00,2.00,39.84,79.81
0.06,7382.00,2.00,0.00,0.00,9.00,1.00,2.00,36.40,87.88
0.06,7382.00,2.00,0.00,0.00,8.00,1.00,3.00,33.25,95.25
0.07,7381.00,3.00,0.00,0.00,8.00,1.00,3.00,30.38,101.98
0.08,7380.00,3.00,0.00,0.00,9.00,1.00,3.00,27.75,108.12
0.08,7380.00,3.00,0.00,0.00,8.00,2.00,3.00,25.36,128.75
0.09,7379.00,3.00,0.00,0.00,9.00,2.00,3.00,23.17,147.59
0.10,7377.00,3.00,0.00,0.00,11.00,2.00,3.00,21.16,164.78
0.10,7376.00,3.00,0.00,0.00,12.00,2.00,3.00,19.34,180.48
0.11,7376.00,2.00,1.00,0.00,11.00,3.00,3.00,1519.98,209.84
0.12,7353.00,21.00,2.00,0.00,14.00,2.00,4.00,4393.27,221.61
0.12,7328.00,44.00,2.00,0.00,15.00,3.00,4.00,7018.28,247.38
0.13,7307.00,64.00,3.00,0.00,14.00,4.00,4.00,10918.79,285.93
0.14,7280.00,85.00,5.00,0.00,17.00,5.00,4.00,17486.90,336.15
0.15,7234.00,124.00,9.00,0.00,19.00,6.00,4.00,29496.72,397.02
0.15,7175.00,179.00,11.00,0.00,21.00,6.00,4.00,43473.43,452.59
0.16,7132.00,217.00,15.00,0.00,22.00,6.00,4.00,62251.71,503.32
0.17,7084.00,258.00,19.00,0.00,25.00,6.00,4.00,85416.65,549.63
0.17,7021.00,310.00,27.00,1.00,27.00,6.00,4.00,118598.48,591.91
0.18,6955.00,366.00,35.00,1.00,29.00,6.00,4.00,160931.66,630.51
0.19,6884.00,420.00,47.00,3.00,30.00,8.00,4.00,217634.70,695.79
0.19,6798.00,487.00,60.00,4.00,35.00,8.00,4.00,288968.25,755.39
0.20,6686.00,576.00,80.00,5.00,37.00,8.00,4.00,384184.32,809.80
0.21,6564.00,684.00,91.00,6.00,39.00,8.00,4.00,487698.45,859.47
0.22,6436.00,782.00,112.00,9.00,44.00,9.00,4.00,613816.77,919.84
0.22,6272.00,917.00,137.00,13.00,43.00,10.00,4.00,766595.37,989.97
0.23,6092.00,1054.00,170.00,19.00,46.00,10.00,5.00,955749.09,1054.00
0.24,5890.00,1216.00,201.00,23.00,49.00,12.00,5.00,1175130.25,1142.50
0.24,5683.00,1393.00,224.00,27.00,51.00,13.00,5.00,1410108.44,1238.32
0.25,5499.00,1516.00,280.00,30.00,51.00,14.00,6.00,1708912.31,1340.81
0.26,5225.00,1730.00,330.00,37.00,54.00,14.00,6.00,2057012.97,1434.38
0.26,4939.00,1955.00,385.00,39.00,57.00,15.00,6.00,2457662.36,1534.83
0.27,4664.00,2155.00,448.00,46.00,60.00,17.00,6.00,2918338.41,1656.58
0.28,4377.00,2370.00,507.00,52.00,63.00,21.00,6.00,3427845.10,1827.81
0.28,4086.00,2575.00,583.00,55.00,69.00,22.00,6.00,4007502.41,1999.16
0.29,3788.00,2791.00,652.00,61.00,75.00,23.00,6.00,4640732.62,2170.62
0.30,3506.00,2981.00,735.00,65.00,77.00,25.00,7.00,5343939.01,2357.19
0.31,3258.00,3143.00,810.00,73.00,79.00,25.00,8.00,6099056.63,2527.51
0.31,3028.00,3279.00,893.00,81.00,77.00,29.00,9.00,6913618.47,2743.10
0.32,2778.00,3434.00,979.00,85.00,80.00,30.00,10.00,7786994.99,2954.93
0.33,2519.00,3574.00,1085.00,93.00,84.00,31.00,10.00,8744150.51,3163.34
0.33,2256.00,3718.00,1196.00,98.00,84.00,33.00,11.00,9785357.41,3383.66
0.34,2010.00,3846.00,1304.00,102.00,86.00,36.00,12.00,10898846.13,3629.85
0.35,1771.00,3971.00,1413.00,104.00,87.00,38.00,12.00,12079873.23,3884.66
0.35,1517.00,4104.00,1523.00,108.00,89.00,42.00,13.00,13324105.25,4177.37
0.36,1276.00,4226.00,1627.00,118.00,92.00,43.00,14.00,14617066.89,4459.62
0.37,1042.00,4348.00,1726.00,126.00,94.00,46.00,14.00,15947036.02,4762.35
0.38,853.00,4378.00,1877.00,131.00,96.00,45.00,16.00,17388935.17,5023.71
0.38,694.00,4403.00,2003.00,136.00,96.00,48.00,16.00,18895534.90,5307.37
0.39,544.00,4419.00,2126.00,140.00,100.00,49.00,18.00,20456737.66,5581.36
0.40,413.00,4423.00,2245.00,147.00,98.00,52.00,18.00,22061816.11,5876.56
0.40,302.00,4423.00,2347.00,151.00,102.00,52.00,19.00,23681439.87,6146.06
0.41,220.00,4365.00,2476.00,157.00,102.00,56.00,20.00,25354914.35,6452.18
0.42,152.00,4315.00,2582.00,165.00,102.00,60.00,20.00,27043033.46,6791.74
0.42,92.00,4259.00,2687.00,175.00,103.00,58.00,22.00,28743029.23,7071.68
0.43,47.00,4160.00,2819.00,183.00,102.00,62.00,23.00,30494438.03,7387.34
0.44,25.00,4084.00,2907.00,192.00,102.00,62.00,24.00,32226715.57,7675.51
0.44,8.00,3985.00,3018.00,197.00,100.00,64.00,24.00,33976068.12,7968.64
0.45,1.00,3902.00,3100.00,203.00,100.00,66.00,24.00,35697453.23,8266.29
0.46,0.00,3819.00,3183.00,204.00,99.00,65.00,26.00,37394789.74,8523.00
0.47,0.00,3709.00,3283.00,214.00,93.00,70.00,27.00,39095695.11,8832.47
0.47,0.00,3620.00,3360.00,226.00,88.00,74.00,28.00,40765307.59,9175.08
0.48,0.00,3505.00,3470.00,231.00,86.00,75.00,29.00,42455907.38,9502.89
0.49,0.00,3412.00,3554.00,240.00,83.00,77.00,30.00,44126621.20,9832.19
0.49,0.00,3296.00,3663.00,247.00,80.00,75.00,35.00,45816724.91,10102.78
0.50,0.00,3199.00,3753.00,254.00,79.00,75.00,36.00,47495999.24,10349.81
0.51,0.00,3117.00,3829.00,260.00,76.00,78.00,36.00,49144347.48,10620.39
0.51,0.00,3013.00,3928.00,265.00,74.00,80.00,36.00,50798995.21,10897.46
0.52,0.00,2920.00,4014.00,272.00,73.00,80.00,37.00,52439867.85,11150.40
0.53,0.00,2841.00,4083.00,282.00,70.00,81.00,39.00,54042616.38,11396.34
0.53,0.00,2768.00,4150.00,288.00,67.00,82.00,41.00,55607530.57,11635.89
0.54,0.00,2685.00,4229.00,292.00,66.00,82.00,42.00,57155906.95,11854.58
0.55,0.00,2614.00,4287.00,305.00,65.00,79.00,46.00,58657626.23,12009.16
0.56,0.00,2530.00,4364.00,312.00,65.00,78.00,47.00,60145263.80,12135.25
0.56,0.00,2468.00,4418.00,320.00,65.00,78.00,47.00,61585483.22,12250.36
0.57,0.00,2403.00,4476.00,327.00,64.00,79.00,47.00,62988391.06,12370.48
0.58,0.00,2331.00,4540.00,335.00,63.00,79.00,48.00,64366225.02,12480.13
0.58,0.00,2278.00,4577.00,351.00,60.00,82.00,48.00,65680589.30,12625.31
0.59,0.00,2212.00,4638.00,356.00,58.00,80.00,52.00,66973023.99,12727.80
0.60,0.00,2158.00,4687.00,361.00,57.00,81.00,52.00,68227395.68,12836.38
0.60,0.00,2094.00,4742.00,370.00,56.00,81.00,53.00,69456007.39,12935.52
0.61,0.00,2034.00,4793.00,379.00,55.00,82.00,53.00,70655076.17,13041.04
0.62,0.00,1974.00,4851.00,381.00,55.00,80.00,55.00,71837670.47,13107.33
0.62,0.00,1919.00,4897.00,390.00,53.00,80.00,57.00,72987185.85,13167.84
0.63,0.00,1868.00,4943.00,395.00,51.00,77.00,62.00,74106480.97,13178.02
0.64,0.00,1810.00,4990.00,406.00,49.00,77.00,64.00,75199669.32,13187.31
0.65,0.00,1765.00,5031.00,410.00,49.00,75.00,66.00,76259992.63,13165.75
0.65,0.00,1712.00,5079.00,415.00,47.00,77.00,66.00,77300807.20,13176.11
0.66,0.00,1652.00,5130.00,424.00,45.00,79.00,66.00,78328305.63,13215.61
0.67,0.00,1603.00,5163.00,440.00,43.00,78.00,69.00,79316596.54,13236.65
0.67,0.00,1559.00,5201.00,446.00,42.00,78.00,70.00,80276579.69,13255.86
0.68,0.00,1523.00,5230.00,453.00,42.00,75.00,73.00,81197180.10,13228.33
0.69,0.00,1479.00,5263.00,464.00,42.00,74.00,74.00,82087810.08,13188.17
0.69,0.00,1445.00,5290.00,471.00,41.00,71.00,78.00,82942045.40,13106.44
0.70,0.00,1409.00,5321.00,476.00,39.00,71.00,80.00,83769040.11,13031.82
0.71,0.00,1377.00,5341.00,488.00,38.00,71.00,81.00,84554622.52,12963.70
0.72,0.00,1348.00,5362.00,496.00,36.00,71.00,83.00,85303872.95,12901.52
0.72,0.00,1313.00,5387.00,506.00,35.00,72.00,83.00,86025940.55,12859.77
0.73,0.00,1284.00,5407.00,515.00,33.00,72.00,85.00,86715662.12,12821.66
0.74,0.00,1246.00,5431.00,529.00,33.00,72.00,85.00,87381842.33,12786.86
0.74,0.00,1201.00,5467.00,538.00,30.00,74.00,86.00,88044542.93,12785.15
0.75,0.00,1161.00,5496.00,549.00,30.00,72.00,88.00,88693548.26,12753.53
0.76,0.00,1137.00,5510.00,559.00,29.00,72.00,89.00,89307506.97,12724.67
0.76,0.00,1096.00,5542.00,568.00,29.00,70.00,91.00,89916489.16,12668.27
0.77,0.00,1068.00,5564.00,574.00,29.00,69.00,92.00,90505901.47,12601.77
0.78,0.00,1048.00,5571.00,587.00,29.00,69.00,92.00,91054900.22,12541.05
0.78,0.00,1023.00,5591.00,592.00,29.00,67.00,94.00,91586507.49,12455.57
0.79,0.00,991.00,5611.00,604.00,27.00,68.00,95.00,92102226.70,12392.56
0.80,0.00,965.00,5625.00,616.00,26.00,67.00,97.00,92594416.04,12320.02
0.81,0.00,938.00,5641.00,627.00,26.00,63.00,101.00,93068113.66,12193.70
0.81,0.00,909.00,5662.00,635.00,25.00,64.00,101.00,93532428.86,12093.40
0.82,0.00,889.00,5674.00,643.00,25.00,63.00,102.00,93974651.24,11986.81
0.83,0.00,862.00,5694.00,650.00,25.00,61.00,104.00,94408708.71,11859.46
0.83,0.00,845.00,5707.00,654.00,25.00,61.00,104.00,94824790.34,11743.19
0.84,0.00,823.00,5721.00,662.00,25.00,60.00,105.00,95225951.99,11622.03
0.85,0.00,802.00,5731.00,673.00,24.00,60.00,106.00,95607473.22,11511.42
0.85,0.00,783.00,5737.00,686.00,24.00,59.00,107.00,95965042.16,11395.41
0.86,0.00,761.00,5753.00,692.00,23.00,58.00,109.00,96315751.10,11274.49
0.87,0.00,740.00,5771.00,695.00,23.00,57.00,110.00,96663198.22,11149.07
0.88,0.00,718.00,5787.00,701.00,23.00,57.00,110.00,97004660.13,11034.57
0.88,0.00,702.00,5795.00,709.00,21.00,58.00,111.00,97328635.80,10945.06
0.89,0.00,686.00,5809.00,711.00,19.00,60.00,111.00,97645649.78,10893.40
0.90,0.00,664.00,5825.00,717.00,19.00,59.00,112.00,97959308.60,10831.21
0.90,0.00,640.00,5839.00,727.00,18.00,56.00,116.00,98266897.07,10729.36
0.91,0.00,626.00,5849.00,731.00,15.00,58.00,117.00,98562931.00,10666.44
0.92,0.00,614.00,5852.00,740.00,14.00,58.00,118.00,98837892.06,10608.99
0.92,0.00,602.00,5858.00,746.00,14.00,56.00,120.00,99098108.51,10526.49
0.93,0.00,592.00,5858.00,756.00,14.00,56.00,120.00,99335840.41,10451.18
0.94,0.00,575.00,5862.00,769.00,14.00,55.00,121.00,99559039.40,10367.41
0.94,0.00,557.00,5874.00,775.00,13.00,53.00,124.00,99780980.51,10260.88
0.95,0.00,542.00,5886.00,778.00,13.00,53.00,124.00,100001771.66,10163.63
0.96,0.00,532.00,5889.00,785.00,13.00,53.00,124.00,100207991.85,10074.85
0.97,0.00,512.00,5900.00,794.00,13.00,52.00,125.00,100412918.33,9978.77
0.97,0.00,495.00,5914.00,797.00,12.00,53.00,125.00,100621170.00,9906.08
0.98,0.00,486.00,5917.00,803.00,12.00,50.00,128.00,100815934.43,9794.66
0.99,0.00,471.00,5919.00,816.00,12.00,50.00,128.00,100996874.18,9692.93
0.99,0.00,458.00,5926.00,822.00,11.00,51.00,128.00,101172695.71,9615.09
1.00,0.00,438.00,5940.00,828.00,11.00,49.00,130.00,101354357.41,9513.98
1.01,0.00,430.00,5941.00,835.00,11.00,48.00,131.00,101521824.27,9406.65
1.01,0.00,418.00,5947.00,841.00,11.00,46.00,133.00,101683834.66,9278.62
1.02,0.00,401.00,5957.00,848.00,11.00,46.00,133.00,101846869.31,9161.74
1.03,0.00,391.00,5960.00,855.00,10.00,47.00,133.00,102000323.42,9070.06
1.03,0.00,377.00,5966.00,863.00,10.00,46.00,134.00,102149531.80,8971.34
1.04,0.00,367.00,5973.00,866.00,10.00,45.00,135.00,102296363.87,8866.19
1.05,0.00,356.00,5981.00,869.00,9.00,45.00,136.00,102442526.77,8770.20
1.06,0.00,344.00,5983.00,879.00,9.00,44.00,137.00,102579064.93,8667.54
1.06,0.00,333.00,5985.00,888.00,9.00,44.00,137.00,102706809.73,8573.82
1.07,0.00,324.00,5988.00,894.00,9.00,43.00,138.00,102828023.28,8473.24
1.08,0.00,316.00,5992.00,898.00,8.00,42.00,140.00,102944772.26,8366.40
1.08,0.00,307.00,5995.00,904.00,8.00,42.00,140.00,103055940.26,8268.86
1.09,0.00,299.00,5999.00,908.00,8.00,41.00,141.00,103163511.84,8164.78
1.10,0.00,294.00,6000.00,912.00,8.00,41.00,141.00,103263290.61,8069.78
1.10,0.00,288.00,5999.00,919.00,8.00,39.00,143.00,103352945.70,7952.99
1.11,0.00,285.00,5995.00,926.00,8.00,37.00,145.00,103428844.58,7816.33
1.12,0.00,278.00,5998.00,930.00,8.00,37.00,145.00,103502692.13,7691.57
1.12,0.00,271.00,5998.00,937.00,8.00,35.00,147.00,103570158.51,7547.63
1.13,0.00,267.00,5994.00,945.00,8.00,34.00,148.00,103625786.28,7401.20
1.14,0.00,262.00,5992.00,952.00,8.00,34.00,148.00,103673602.79,7267.52
1.15,0.00,255.00,5992.00,959.00,8.00,34.00,148.00,103717287.44,7145.48
1.15,0.00,245.00,5998.00,963.00,7.00,35.00,148.00,103766211.63,7049.09
1.16,0.00,237.00,5997.00,972.00,6.00,36.00,148.00,103809405.47,6976.11
1.17,0.00,230.00,5997.00,979.00,6.00,36.00,148.00,103848867.38,6909.49
1.17,0.00,225.00,6000.00,981.00,5.00,37.00,148.00,103889426.40,6863.70
1.18,0.00,222.00,5989.00,995.00,5.00,36.00,149.00,103909955.40,6806.87
1.19,0.00,221.00,5985.00,1000.00,5.00,36.00,149.00,103922701.13,6754.98
1.19,0.00,216.00,5981.00,1009.00,5.00,36.00,149.00,103928336.22,6707.62
1.20,0.00,211.00,5979.00,1016.00,5.00,35.00,150.00,103930479.75,6649.36
1.21,0.00,202.00,5980.00,1024.00,5.00,35.00,150.00,103933940.53,6596.17
1.22,0.00,198.00,5975.00,1033.00,5.00,35.00,150.00,103929590.63,6547.61
1.22,0.00,195.00,5971.00,1040.00,5.00,35.00,150.00,103919607.51,6503.28
1.23,0.00,191.00,5968.00,1047.00,5.00,35.00,150.00,103905980.15,6462.81
1.24,0.00,183.00,5968.00,1055.00,5.00,35.00,150.00,103893530.30,6425.86
1.24,0.00,181.00,5963.00,1062.00,5.00,35.00,150.00,103874644.31,6392.13
1.25,0.00,178.00,5958.00,1070.00,5.00,35.00,150.00,103849878.83,6361.34
1.26,0.00,175.00,5950.00,1081.00,5.00,35.00,150.00,103815234.84,6333.23
1.26,0.00,166.00,5946.00,1094.00,5.00,34.00,151.00,103777575.41,6292.54
1.27,0.00,160.00,5936.00,1110.00,5.00,34.00,151.00,103728146.56,6255.40
1.28,0.00,156.00,5934.00,1116.00,5.00,34.00,151.00,103679984.26,6221.49
1.28,0.00,150.00,5934.00,1122.00,4.00,35.00,151.00,103635983.19,6205.56
1.29,0.00,144.00,5930.00,1132.00,3.00,35.00,152.00,103589775.20,6191.01
1.30,0.00,141.00,5924.00,1141.00,2.00,36.00,152.00,103538545.98,6192.75
1.31,0.00,135.00,5922.00,1149.00,2.00,34.00,154.00,103488738.88,6164.30
1.31,0.00,131.00,5920.00,1155.00,2.00,33.00,155.00,103440230.49,6123.30
1.32,0.00,129.00,5917.00,1160.00,2.00,33.00,155.00,103391406.85,6085.87
1.33,0.00,126.00,5912.00,1168.00,2.00,33.00,155.00,103339290.45,6051.70
1.33,0.00,118.00,5915.00,1173.00,2.00,30.00,158.00,103296184.35,5975.44
1.34,0.00,117.00,5909.00,1180.00,2.00,30.00,158.00,103247788.76,5905.81
1.35,0.00,116.00,5903.00,1187.00,2.00,29.00,159.00,103194561.23,5827.23
1.35,0.00,112.00,5896.00,1198.00,1.00,30.00,159.00,103135416.69,5770.51
1.36,0.00,109.00,5896.00,1201.00,1.00,30.00,159.00,103081382.92,5718.73
1.37,0.00,106.00,5885.00,1215.00,1.00,29.00,160.00,103015492.34,5656.44
1.38,0.00,102.00,5881.00,1223.00,1.00,29.00,160.00,102949285.70,5599.57
1.38,0.00,97.00,5878.00,1231.00,1.00,28.00,161.00,102884293.23,5532.63
1.39,0.00,92.00,5875.00,1239.00,1.00,26.00,163.00,102820409.55,5441.47
1.40,0.00,90.00,5869.00,1247.00,1.00,26.00,163.00,102753032.03,5358.25
1.40,0.00,87.00,5866.00,1253.00,1.00,26.00,163.00,102686969.62,5282.27
1.41,0.00,86.00,5858.00,1262.00,1.00,24.00,165.00,102614596.50,5182.87
1.42,0.00,82.00,5853.00,1271.00,1.00,24.00,165.00,102540965.96,5092.12
1.42,0.00,79.00,5846.00,1281.00,1.00,24.00,165.00,102463181.30,5009.27
1.43,0.00,77.00,5838.00,1291.00,1.00,24.00,165.00,102380099.27,4933.64
1.44,0.00,75.00,5828.00,1303.00,1.00,24.00,165.00,102289173.10,4864.59
1.44,0.00,72.00,5824.00,1310.00,1.00,24.00,165.00,102200094.27,4801.56
1.45,0.00,70.00,5820.00,1316.00,1.00,23.00,166.00,102112703.26,4728.99
1.46,0.00,64.00,5816.00,1326.00,1.00,22.00,167.00,102026854.34,4647.72
1.47,0.00,63.00,5809.00,1334.00,1.00,22.00,167.00,101937907.11,4573.52
1.47,0.00,61.00,5805.00,1340.00,1.00,21.00,168.00,101850636.33,4490.76
1.48,0.00,59.00,5798.00,1349.00,1.00,21.00,168.00,101760390.07,4415.21
1.49,0.00,57.00,5795.00,1354.00,1.00,21.00,168.00,101673434.80,4346.24
1.49,0.00,56.00,5788.00,1362.00,1.00,20.00,169.00,101583477.23,4268.25
1.50,0.00,56.00,5777.00,1373.00,1.00,17.00,172.00,101484766.82,4151.98
1.51,0.00,56.00,5770.00,1380.00,1.00,17.00,172.00,101384069.86,4045.83
1.51,0.00,55.00,5761.00,1390.00,1.00,17.00,172.00,101278552.87,3948.93
1.52,0.00,55.00,5756.00,1395.00,1.00,17.00,172.00,101174641.88,3860.47
1.53,0.00,53.00,5754.00,1399.00,1.00,17.00,172.00,101076704.64,3779.71
1.53,0.00,52.00,5745.00,1409.00,1.00,16.00,173.00,100973709.55,3690.95
1.54,0.00,51.00,5738.00,1417.00,1.00,16.00,173.00,100869097.48,3609.93
1.55,0.00,50.00,5730.00,1426.00,1.00,16.00,173.00,100761506.40,3535.96
1.56,0.00,49.00,5723.00,1434.00,1.00,13.00,176.00,100652695.83,3423.37
1.56,0.00,47.00,5716.00,1443.00,1.00,12.00,177.00,100542770.78,3305.55
1.57,0.00,45.00,5707.00,1454.00,1.00,12.00,177.00,100428823.49,3197.99
1.58,0.00,44.00,5705.00,1457.00,1.00,12.00,177.00,100321717.52,3099.80
1.58,0.00,44.00,5699.00,1463.00,1.00,11.00,178.00,100214852.59,2995.14
1.59,0.00,42.00,5692.00,1472.00,1.00,11.00,178.00,100106705.19,2899.59
1.60,0.00,39.00,5688.00,1479.00,1.00,11.00,178.00,100001893.32,2812.36
1.60,0.00,37.00,5680.00,1489.00,1.00,11.00,178.00,99894119.29,2732.72
1.61,0.00,37.00,5672.00,1497.00,1.00,11.00,178.00,99783639.65,2660.02
1.62,0.00,36.00,5661.00,1509.00,1.00,11.00,178.00,99666180.54,2593.65
1.62,0.00,34.00,5653.00,1519.00,1.00,11.00,178.00,99546852.30,2533.06
1.63,0.00,33.00,5650.00,1523.00,1.00,11.00,178.00,99433328.12,2477.75
1.64,0.00,32.00,5644.00,1530.00,1.00,11.00,178.00,99320599.24,2427.25
1.65,0.00,30.00,5636.00,1540.00,1.00,11.00,178.00,99205592.82,2381.15
1.65,0.00,29.00,5629.00,1548.00,1.00,11.00,178.00,99090007.45,2339.06
1.66,0.00,29.00,5626.00,1551.00,1.00,11.00,178.00,98979902.30,2300.64
1.67,0.00,29.00,5615.00,1562.00,1.00,11.00,178.00,98862786.10,2265.56
1.67,0.00,29.00,5609.00,1568.00,1.00,11.00,178.00,98746775.51,2233.54
1.68,0.00,29.00,5601.00,1576.00,1.00,11.00,178.00,98628770.23,2204.31
1.69,0.00,29.00,5594.00,1583.00,1.00,11.00,178.00,98510445.41,2177.62
1.69,0.00,29.00,5585.00,1592.00,1.00,11.00,178.00,98388824.11,2153.26
1.70,0.00,29.00,5571.00,1606.00,1.00,11.00,178.00,98256679.65,2131.01
1.71,0.00,29.00,5564.00,1613.00,1.00,11.00,178.00,98125437.05,2110.71
1.72,0.00,29.00,5557.00,1620.00,1.00,10.00,179.00,97995018.56,2077.15
1.72,0.00,27.00,5552.00,1627.00,1.00,10.00,179.00,97868357.46,2046.51
1.73,0.00,25.00,5545.00,1636.00,1.00,10.00,179.00,97742124.78,2018.54
1.74,0.00,24.00,5543.00,1639.00,1.00,10.00,179.00,97623795.11,1993.00
1.74,0.00,23.00,5533.00,1650.00,1.00,9.00,180.00,97500666.65,1954.67
1.75,0.00,22.00,5527.00,1657.00,1.00,9.00,180.00,97379163.80,1919.67
1.76,0.00,22.00,5522.00,1662.00,1.00,8.00,181.00,97260647.70,1872.70
1.76,0.00,22.00,5515.00,1669.00,1.00,8.00,181.00,97141856.52,1829.82
1.77,0.00,22.00,5504.00,1680.00,1.00,8.00,181.00,97016804.03,1790.67
1.78,0.00,22.00,5496.00,1688.00,1.00,8.00,181.00,96890538.50,1754.93
1.78,0.00,22.00,5492.00,1692.00,1.00,8.00,181.00,96769174.23,1722.30
1.79,0.00,22.00,5483.00,1701.00,1.00,8.00,181.00,96644775.85,1692.52
1.80,0.00,22.00,5477.00,1707.00,1.00,8.00,181.00,96522112.51,1665.32
1.81,0.00,21.00,5469.00,1716.00,1.00,8.00,181.00,96398029.83,1640.50
1.81,0.00,21.00,5467.00,1718.00,1.00,8.00,181.00,96281664.13,1617.84
1.82,0.00,20.00,5460.00,1726.00,1.00,8.00,181.00,96164837.28,1597.15
1.83,0.00,20.00,5442.00,1744.00,1.00,8.00,181.00,96031063.04,1578.26
1.83,0.00,20.00,5434.00,1752.00,1.00,8.00,181.00,95896829.56,1561.01
1.84,0.00,20.00,5429.00,1757.00,1.00,7.00,182.00,95766683.52,1530.25
1.85,0.00,20.00,5425.00,1761.00,1.00,7.00,182.00,95641773.60,1502.16
1.85,0.00,20.00,5415.00,1771.00,1.00,7.00,182.00,95512633.74,1476.52
1.86,0.00,20.00,5403.00,1783.00,1.00,7.00,182.00,95376624.44,1453.11
1.87,0.00,20.00,5394.00,1792.00,1.00,7.00,182.00,95238846.77,1431.74
1.88,0.00,19.00,5386.00,1801.00,1.00,7.00,182.00,95100956.05,1412.24
1.88,0.00,19.00,5384.00,1803.00,1.00,7.00,182.00,94971975.18,1394.43
1.89,0.00,18.00,5378.00,1810.00,1.00,7.00,182.00,94845125.30,1378.17
1.90,0.00,18.00,5368.00,1820.00,1.00,7.00,182.00,94714213.06,1363.32
1.90,0.00,17.00,5360.00,1829.00,1.00,7.00,182.00,94582594.32,1349.77
1.91,0.00,16.00,5353.00,1837.00,1.00,7.00,182.00,94451831.91,1337.40
1.92,0.00,15.00,5348.00,1843.00,1.00,7.00,182.00,94324856.86,1326.11
1.92,0.00,14.00,5341.00,1851.00,1.00,7.00,182.00,94198337.33,1315.80
1.93,0.00,14.00,5332.00,1860.00,1.00,7.00,182.00,94069229.22,1306.38
1.94,0.00,14.00,5323.00,1869.00,1.00,7.00,182.00,93937756.25,1297.79
1.94,0.00,13.00,5315.00,1878.00,1.00,6.00,183.00,93805625.00,1274.92
1.95,0.00,13.00,5306.00,1887.00,1.00,6.00,183.00,93671390.07,1254.05
1.96,0.00,13.00,5305.00,1888.00,1.00,6.00,183.00,93547251.82,1234.99
1.97,0.00,13.00,5293.00,1900.00,1.00,6.00,183.00,93415812.25,1217.59
1.97,0.00,13.00,5282.00,1911.00,1.00,6.00,183.00,93279204.51,1201.71
1.98,0.00,12.00,5276.00,1918.00,1.00,6.00,183.00,93145386.88,1187.20
1.99,0.00,10.00,5272.00,1924.00,1.00,6.00,183.00,93017122.79,1173.97
1.99,0.00,10.00,5263.00,1933.00,1.00,6.00,183.00,92886420.93,1161.88
2.00,0.00,10.00,5259.00,1937.00,1.00,6.00,183.00,92761003.16,1150.85
2.01,0.00,9.00,5253.00,1944.00,1.00,6.00,183.00,92637408.66,1140.77
2.01,0.00,9.00,5251.00,1946.00,1.00,6.00,183.00,92521488.96,1131.58
2.02,0.00,8.00,5242.00,1956.00,1.00,5.00,184.00,92402064.84,1108.16
2.03,0.00,8.00,5232.00,1966.00,1.00,5.00,184.00,92277936.92,1086.78
2.03,0.00,8.00,5229.00,1969.00,1.00,5.00,184.00,92160027.47,1067.27
2.04,0.00,8.00,5223.00,1975.00,1.00,5.00,184.00,92043292.38,1049.45
2.05,0.00,8.00,5214.00,1984.00,1.00,5.00,184.00,91923123.29,1033.18
2.06,0.00,8.00,5208.00,1990.00,1.00,5.00,184.00,91804323.72,1018.33
2.06,0.00,8.00,5202.00,1996.00,1.00,5.00,184.00,91686775.56,1004.78
2.07,0.00,8.00,5197.00,2001.00,1.00,5.00,184.00,91571872.83,992.40
2.08,0.00,8.00,5193.00,2005.00,0.00,6.00,184.00,91460889.40,996.12
2.08,0.00,8.00,5185.00,2013.00,0.00,6.00,184.00,91347477.28,999.52
2.09,0.00,8.00,5175.00,2023.00,0.00,6.00,184.00,91228841.68,1002.63
2.10,0.00,7.00,5163.00,2036.00,0.00,6.00,184.00,91102429.52,1005.46
2.10,0.00,7.00,5162.00,2037.00,0.00,6.00,184.00,90985437.97,1008.05
2.11,0.00,7.00,5156.00,2043.00,0.00,6.00,184.00,90869541.36,1010.41
2.12,0.00,7.00,5146.00,2053.00,0.00,6.00,184.00,90748636.16,1012.57
2.12,0.00,7.00,5142.00,2057.00,0.00,6.00,184.00,90632168.35,1014.54
2.13,0.00,7.00,5130.00,2069.00,0.00,6.00,184.00,90507736.73,1016.33
2.14,0.00,7.00,5125.00,2074.00,0.00,6.00,184.00,90386545.39,1017.97
2.15,0.00,7.00,5114.00,2085.00,0.00,6.00,184.00,90259300.38,1019.47
2.15,0.00,7.00,5105.00,2094.00,0.00,6.00,184.00,90129529.35,1020.84
2.16,0.00,7.00,5098.00,2101.00,0.00,6.00,184.00,90000455.44,1022.09
2.17,0.00,6.00,5091.00,2109.00,0.00,6.00,184.00,89872018.25,1023.23
2.17,0.00,6.00,5084.00,2116.00,0.00,6.00,184.00,89744162.75,1024.27
2.18,0.00,6.00,5078.00,2122.00,0.00,5.00,185.00,89618341.19,1010.19
2.19,0.00,6.00,5072.00,2128.00,0.00,4.00,186.00,89494377.62,982.32
2.19,0.00,6.00,5067.00,2133.00,0.00,4.00,186.00,89373614.02,956.88
2.20,0.00,6.00,5060.00,2140.00,0.00,4.00,186.00,89252769.00,933.65
2.21,0.00,6.00,5053.00,2147.00,0.00,4.00,186.00,89131849.78,912.44
2.22,0.00,5.00,5048.00,2153.00,0.00,4.00,186.00,89013867.30,893.08
2.22,0.00,5.00,5043.00,2158.00,0.00,4.00,186.00,88898567.58,875.41
2.23,0.00,5.00,5037.00,2164.00,0.00,4.00,186.00,88784216.91,859.28
2.24,0.00,5.00,5027.00,2174.00,0.00,4.00,186.00,88664723.91,844.55
2.24,0.00,5.00,5016.00,2185.00,0.00,4.00,186.00,88539030.40,831.10
2.25,0.00,5.00,5008.00,2193.00,0.00,4.00,186.00,88412179.46,818.82
2.26,0.00,5.00,5003.00,2198.00,0.00,4.00,186.00,88288778.03,807.61
2.26,0.00,5.00,4996.00,2205.00,0.00,4.00,186.00,88165522.90,797.38
2.27,0.00,5.00,4992.00,2209.00,0.00,3.00,187.00,88046908.79,773.02
2.28,0.00,5.00,4987.00,2214.00,0.00,3.00,187.00,87931032.21,750.78
2.28,0.00,5.00,4981.00,2220.00,0.00,3.00,187.00,87816154.36,730.47
2.29,0.00,5.00,4973.00,2228.00,0.00,3.00,187.00,87699184.18,711.93
2.30,0.00,5.00,4971.00,2230.00,0.00,3.00,187.00,87589316.62,695.01
2.31,0.00,5.00,4966.00,2235.00,0.00,3.00,187.00,87481430.87,679.56
2.31,0.00,4.00,4959.00,2243.00,0.00,3.00,187.00,87372350.94,665.46
2.32,0.00,4.00,4952.00,2250.00,0.00,3.00,187.00,87262179.98,652.58
2.33,0.00,4.00,4944.00,2258.00,0.00,3.00,187.00,87149510.25,640.83
2.33,0.00,4.00,4934.00,2268.00,0.00,3.00,187.00,87031553.14,630.10
2.34,0.00,4.00,4927.00,2275.00,0.00,3.00,187.00,86913272.20,620.30
2.35,0.00,4.00,4920.00,2282.00,0.00,3.00,187.00,86794695.05,611.36
2.35,0.00,4.00,4913.00,2289.00,0.00,3.00,187.00,86675848.10,603.19
2.36,0.00,4.00,4909.00,2293.00,0.00,3.00,187.00,86561261.13,595.74
2.37,0.00,4.00,4899.00,2303.00,0.00,3.00,187.00,86441552.09,588.93
2.38,0.00,4.00,4889.00,2313.00,0.00,3.00,187.00,86317163.70,582.72
2.38,0.00,4.00,4880.00,2322.00,0.00,3.00,187.00,86190002.61,577.05
2.39,0.00,4.00,4872.00,2330.00,0.00,3.00,187.00,86061810.45,571.87
2.40,0.00,4.00,4865.00,2337.00,0.00,3.00,187.00,85934178.94,567.14
2.40,0.00,4.00,4854.00,2348.00,0.00,3.00,187.00,85801050.48,562.83
2.41,0.00,4.00,4847.00,2355.00,0.00,3.00,187.00,85668908.86,558.89
2.42,0.00,4.00,4835.00,2367.00,0.00,3.00,187.00,85530157.51,555.29
2.42,0.00,4.00,4829.00,2373.00,0.00,3.00,187.00,85394381.58,552.01
2.43,0.00,4.00,4822.00,2380.00,0.00,3.00,187.00,85259821.66,549.01
2.44,0.00,4.00,4818.00,2384.00,0.00,3.00,187.00,85130879.24,546.27
2.44,0.00,4.00,4814.00,2388.00,0.00,3.00,187.00,85007069.45,543.78
2.45,0.00,4.00,4804.00,2398.00,0.00,3.00,187.00,84878934.25,541.50
2.46,0.00,4.00,4801.00,2401.00,0.00,3.00,187.00,84757363.93,539.41
2.47,0.00,4.00,4792.00,2410.00,0.00,3.00,187.00,84632777.75,537.51
2.47,0.00,3.00,4780.00,2423.00,0.00,3.00,187.00,84500928.98,535.78
2.48,0.00,3.00,4771.00,2432.00,0.00,3.00,187.00,84366951.82,534.19
2.49,0.00,3.00,4760.00,2443.00,0.00,3.00,187.00,84228025.92,532.75
2.49,0.00,3.00,4754.00,2449.00,0.00,3.00,187.00,84092090.59,531.43
2.50,0.00,3.00,4744.00,2459.00,0.00,2.00,188.00,83952877.88,515.20
2.51,0.00,3.00,4736.00,2467.00,0.00,2.00,188.00,83813675.38,500.38
2.51,0.00,3.00,4730.00,2473.00,0.00,2.00,188.00,83677487.43,486.86
2.52,0.00,3.00,4715.00,2488.00,0.00,2.00,188.00,83530532.48,474.51
2.53,0.00,2.00,4707.00,2497.00,0.00,1.00,189.00,83384256.96,448.22
2.53,0.00,2.00,4701.00,2503.00,0.00,1.00,189.00,83241606.97,424.21
2.54,0.00,2.00,4694.00,2510.00,0.00,1.00,189.00,83100766.78,402.29
2.55,0.00,2.00,4690.00,2514.00,0.00,1.00,189.00,82966086.88,382.29
2.56,0.00,2.00,4679.00,2525.00,0.00,1.00,189.00,82826518.89,364.02
2.56,0.00,1.00,4674.00,2531.00,0.00,1.00,189.00,82691498.92,347.35
2.57,0.00,1.00,4665.00,2540.00,0.00,1.00,189.00,82554625.02,332.13
2.58,0.00,1.00,4655.00,2550.00,0.00,1.00,189.00,82414554.95,318.23
2.58,0.00,1.00,4648.00,2557.00,0.00,1.00,189.00,82276071.61,305.54
2.59,0.00,1.00,4639.00,2566.00,0.00,1.00,189.00,82136033.53,293.96
2.60,0.00,1.00,4630.00,2575.00,0.00,1.00,189.00,81994575.29,283.39
2.60,0.00,1.00,4619.00,2586.00,0.00,1.00,189.00,81848814.43,273.73
2.61,0.00,1.00,4612.00,2593.00,0.00,1.00,189.00,81705132.17,264.92
2.62,0.00,1.00,4606.00,2599.00,0.00,1.00,189.00,81564851.40,256.88
2.62,0.00,1.00,4597.00,2608.00,0.00,1.00,189.00,81423171.13,249.53
2.63,0.00,1.00,4590.00,2615.00,0.00,1.00,189.00,81283216.82,242.83
2.64,0.00,1.00,4586.00,2619.00,0.00,1.00,189.00,81149346.37,236.70
2.65,0.00,1.00,4580.00,2625.00,0.00,1.00,189.00,81018029.52,231.12
2.65,0.00,1.00,4569.00,2636.00,0.00,1.00,189.00,80881533.98,226.01
2.66,0.00,1.00,4560.00,2645.00,0.00,1.00,189.00,80743311.79,221.36
2.67,0.00,1.00,4552.00,2653.00,0.00,1.00,189.00,80605014.35,217.11
2.67,0.00,1.00,4548.00,2657.00,0.00,1.00,189.00,80472657.45,213.22
2.68,0.00,1.00,4539.00,2666.00,0.00,1.00,189.00,80338216.97,209.68
2.69,0.00,1.00,4532.00,2673.00,0.00,1.00,189.00,80204876.59,206.45
2.69,0.00,1.00,4519.00,2686.00,0.00,1.00,189.00,80063527.70,203.49
2.70,0.00,1.00,4512.00,2693.00,0.00,1.00,189.00,79923876.19,200.80
2.71,0.00,1.00,4501.00,2704.00,0.00,1.00,189.00,79779766.31,198.33
2.72,0.00,1.00,4496.00,2709.00,0.00,1.00,189.00,79640597.32,196.09
2.72,0.00,1.00,4494.00,2711.00,0.00,1.00,189.00,79510448.73,194.04
2.73,0.00,1.00,4487.00,2718.00,0.00,1.00,189.00,79381029.58,192.16
2.74,0.00,1.00,4478.00,2727.00,0.00,1.00,189.00,79249272.54,190.45
2.74,0.00,1.00,4466.00,2739.00,0.00,1.00,189.00,79110872.46,188.89
2.75,0.00,1.00,4461.00,2744.00,0.00,1.00,189.00,78976919.85,187.47
2.76,0.00,1.00,4455.00,2750.00,0.00,1.00,189.00,78845527.53,186.17
2.76,0.00,1.00,4447.00,2758.00,0.00,1.00,189.00,78713470.11,184.98
2.77,0.00,1.00,4440.00,2765.00,0.00,1.00,189.00,78582307.35,183.90
2.78,0.00,1.00,4438.00,2767.00,0.00,1.00,189.00,78459473.40,182.91
2.78,0.00,1.00,4433.00,2772.00,0.00,1.00,189.00,78339741.79,182.00
2.79,0.00,1.00,4431.00,2774.00,0.00,1.00,189.00,78227351.33,181.18
2.80,0.00,1.00,4419.00,2786.00,0.00,1.00,189.00,78106644.31,180.42
2.81,0.00,1.00,4410.00,2795.00,0.00,1.00,189.00,77982846.54,179.74
2.81,0.00,1.00,4399.00,2806.00,0.00,1.00,189.00,77853220.35,179.11
2.82,0.00,1.00,4388.00,2817.00,0.00,1.00,189.00,77718269.31,178.54
2.83,0.00,1.00,4380.00,2825.00,0.00,1.00,189.00,77582960.75,178.01
2.83,0.00,1.00,4376.00,2829.00,0.00,1.00,189.00,77453334.38,177.54
2.84,0.00,1.00,4367.00,2838.00,0.00,1.00,189.00,77321388.02,177.10
2.85,0.00,1.00,4360.00,2845.00,0.00,1.00,189.00,77190326.67,176.70
2.85,0.00,1.00,4355.00,2850.00,0.00,1.00,189.00,77063078.47,176.34
2.86,0.00,1.00,4346.00,2859.00,0.00,1.00,189.00,76933304.57,176.01
2.87,0.00,0.00,4343.00,2863.00,0.00,1.00,189.00,76810236.82,175.70
2.88,0.00,0.00,4333.00,2873.00,0.00,1.00,189.00,76682780.26,175.43
2.88,0.00,0.00,4323.00,2883.00,0.00,1.00,189.00,76551313.63,175.17
2.89,0.00,0.00,4320.00,2886.00,0.00,1.00,189.00,76426700.06,174.94
2.90,0.00,0.00,4311.00,2895.00,0.00,1.00,189.00,76299333.18,174.73
2.90,0.00,0.00,4304.00,2902.00,0.00,1.00,189.00,76172455.55,174.54
2.91,0.00,0.00,4300.00,2906.00,0.00,1.00,189.00,76050531.70,174.37
2.92,0.00,0.00,4291.00,2915.00,0.00,1.00,189.00,75925622.17,174.21
2.92,0.00,0.00,4289.00,2917.00,0.00,1.00,189.00,75808501.17,174.06
2.93,0.00,0.00,4280.00,2926.00,0.00,1.00,189.00,75687979.23,173.93
2.94,0.00,0.00,4273.00,2933.00,0.00,1.00,189.00,75567355.47,173.81
2.94,0.00,0.00,4260.00,2946.00,0.00,1.00,189.00,75437624.37,173.69
2.95,0.00,0.00,4255.00,2951.00,0.00,1.00,189.00,75311591.46,173.59
2.96,0.00,0.00,4250.00,2956.00,0.00,1.00,189.00,75188937.32,173.50
2.97,0.00,0.00,4239.00,2967.00,0.00,1.00,189.00,75060355.74,173.42
2.97,0.00,0.00,4231.00,2975.00,0.00,1.00,189.00,74930866.02,173.34
2.98,0.00,0.00,4220.00,2986.00,0.00,1.00,189.00,74796039.86,173.27
2.99,0.00,0.00,4216.00,2990.00,0.00,1.00,189.00,74666854.31,173.20
2.99,0.00,0.00,4207.00,2999.00,0.00,1.00,189.00,74535310.79,173.14
3.00,0.00,0.00,4206.00,3000.00,0.00,1.00,189.00,74413631.18,173.09
3.01,0.00,0.00,4196.00,3010.00,0.00,1.00,189.00,74287442.53,173.04
3.01,0.00,0.00,4185.00,3021.00,0.00,1.00,189.00,74155632.09,173.00
3.02,0.00,0.00,4178.00,3028.00,0.00,1.00,189.00,74024694.88,172.96
3.03,0.00,0.00,4172.00,3034.00,0.00,1.00,189.00,73896057.58,172.92
3.03,0.00,0.00,4165.00,3041.00,0.00,1.00,189.00,73768019.53,172.89
3.04,0.00,0.00,4160.00,3046.00,0.00,1.00,189.00,73643533.27,172.85
3.05,0.00,0.00,4148.00,3058.00,0.00,1.00,189.00,73511775.75,172.83
3.06,0.00,0.00,4138.00,3068.00,0.00,1.00,189.00,73376380.03,172.80
3.06,0.00,0.00,4132.00,3074.00,0.00,1.00,189.00,73243669.46,172.78
3.07,0.00,0.00,4124.00,3082.00,0.00,1.00,189.00,73110407.66,172.75
3.08,0.00,0.00,4116.00,3090.00,0.00,1.00,189.00,72976642.08,172.74
3.08,0.00,0.00,4108.00,3098.00,0.00,1.00,189.00,72842416.48,172.72
3.09,0.00,0.00,4097.00,3109.00,0.00,1.00,189.00,72703263.67,172.70
3.10,0.00,0.00,4088.00,3118.00,0.00,1.00,189.00,72562613.82,172.69
3.10,0.00,0.00,4079.00,3127.00,0.00,1.00,189.00,72420596.26,172.67
3.11,0.00,0.00,4073.00,3133.00,0.00,1.00,189.00,72281836.24,172.66
3.12,0.00,0.00,4064.00,3142.00,0.00,1.00,189.00,72141545.37,172.65
3.12,0.00,0.00,4059.00,3147.00,0.00,1.00,189.00,72005865.10,172.64
3.13,0.00,0.00,4054.00,3152.00,0.00,1.00,189.00,71874397.15,172.63
3.14,0.00,0.00,4048.00,3158.00,0.00,1.00,189.00,71745275.05,172.62
3.15,0.00,0.00,4040.00,3166.00,0.00,1.00,189.00,71615291.65,172.61
3.15,0.00,0.00,4031.00,3175.00,0.00,1.00,189.00,71483018.95,172.60
3.16,0.00,0.00,4029.00,3177.00,0.00,1.00,189.00,71359170.89,172.60
3.17,0.00,0.00,4020.00,3186.00,0.00,1.00,189.00,71232503.38,172.59
3.17,0.00,0.00,4005.00,3201.00,0.00,1.00,189.00,71094246.33,172.59
3.18,0.00,0.00,3998.00,3208.00,0.00,1.00,189.00,70957419.55,172.58
3.19,0.00,0.00,3994.00,3212.00,0.00,1.00,189.00,70826406.42,172.58
3.19,0.00,0.00,3987.00,3219.00,0.00,0.00,190.00,70696197.48,157.55
3.20,0.00,0.00,3981.00,3225.00,0.00,0.00,190.00,70568225.59,143.83
3.21,0.00,0.00,3972.00,3234.00,0.00,0.00,190.00,70437790.86,131.31
3.22,0.00,0.00,3965.00,3241.00,0.00,0.00,190.00,70308110.29,119.87
3.22,0.00,0.00,3952.00,3254.00,0.00,0.00,190.00,70170105.29,109.43
3.23,0.00,0.00,3942.00,3264.00,0.00,0.00,190.00,70029001.73,99.91
3.24,0.00,0.00,3930.00,3276.00,0.00,0.00,190.00,69882062.87,91.21
3.24,0.00,0.00,3925.00,3281.00,0.00,0.00,190.00,69740308.97,83.26
3.25,0.00,0.00,3915.00,3291.00,0.00,0.00,190.00,69595780.51,76.01
3.26,0.00,0.00,3911.00,3295.00,0.00,0.00,190.00,69457731.22,69.40
3.26,0.00,0.00,3899.00,3307.00,0.00,0.00,190.00,69313582.63,63.35
3.27,0.00,0.00,3890.00,3316.00,0.00,0.00,190.00,69168368.67,57.84
3.28,0.00,0.00,3884.00,3322.00,0.00,0.00,190.00,69026688.58,52.80
3.28,0.00,0.00,3881.00,3325.00,0.00,0.00,190.00,68892743.62,48.20
3.29,0.00,0.00,3873.00,3333.00,0.00,0.00,190.00,68758354.18,44.00
3.30,0.00,0.00,3869.00,3337.00,0.00,0.00,190.00,68629567.74,40.17
3.31,0.00,0.00,3859.00,3347.00,0.00,0.00,190.00,68496886.44,36.68
3.31,0.00,0.00,3854.00,3352.00,0.00,0.00,190.00,68368158.05,33.48
3.32,0.00,0.00,3847.00,3359.00,0.00,0.00,190.00,68240036.63,30.57
3.33,0.00,0.00,3833.00,3373.00,0.00,0.00,190.00,68101953.70,27.90
3.33,0.00,0.00,3828.00,3378.00,0.00,0.00,190.00,67968290.28,25.47
3.34,0.00,0.00,3823.00,3383.00,0.00,0.00,190.00,67838664.80,23.26
3.35,0.00,0.00,3814.00,3392.00,0.00,0.00,190.00,67706719.25,21.23
3.35,0.00,0.00,3804.00,3402.00,0.00,0.00,190.00,67571151.66,19.38
3.36,0.00,0.00,3787.00,3419.00,0.00,0.00,190.00,67421758.62,17.69
3.37,0.00,0.00,3781.00,3425.00,0.00,0.00,190.00,67276260.38,16.15
3.38,0.00,0.00,3774.00,3432.00,0.00,0.00,190.00,67132818.30,14.75
3.38,0.00,0.00,3766.00,3440.00,0.00,0.00,190.00,66989752.09,13.46
3.39,0.00,0.00,3756.00,3450.00,0.00,0.00,190.00,66844024.58,12.29
3.40,0.00,0.00,3746.00,3460.00,0.00,0.00,190.00,66695866.19,11.22
3.40,0.00,0.00,3742.00,3464.00,0.00,0.00,190.00,66554500.27,10.24
3.41,0.00,0.00,3736.00,3470.00,0.00,0.00,190.00,66416335.70,9.35
3.42,0.00,0.00,3730.00,3476.00,0.00,0.00,190.00,66281095.76,8.54
3.42,0.00,0.00,3723.00,3483.00,0.00,0.00,190.00,66147025.30,7.79
3.43,0.00,0.00,3717.00,3489.00,0.00,0.00,190.00,66015525.56,7.12
3.44,0.00,0.00,3709.00,3497.00,0.00,0.00,190.00,65883370.29,6.50
3.44,0.00,0.00,3705.00,3501.00,0.00,0.00,190.00,65756624.71,5.93
3.45,0.00,0.00,3698.00,3508.00,0.00,0.00,190.00,65630314.76,5.41
3.46,0.00,0.00,3692.00,3514.00,0.00,0.00,190.00,65505905.07,4.94
3.47,0.00,0.00,3684.00,3522.00,0.00,0.00,190.00,65380226.72,4.51
3.47,0.00,0.00,3678.00,3528.00,0.00,0.00,190.00,65256394.10,4.12
3.48,0.00,0.00,3670.00,3536.00,0.00,0.00,190.00,65131243.02,3.76
3.49,0.00,0.00,3664.00,3542.00,0.00,0.00,190.00,65007892.18,3.43
3.49,0.00,0.00,3659.00,3547.00,0.00,0.00,190.00,64887688.12,3.13
3.50,0.00,0.00,3650.00,3556.00,0.00,0.00,190.00,64764349.72,2.86
3.51,0.00,0.00,3643.00,3563.00,0.00,0.00,190.00,64641152.50,2.61
3.51,0.00,0.00,3638.00,3568.00,0.00,0.00,190.00,64521088.77,2.38
3.52,0.00,0.00,3629.00,3577.00,0.00,0.00,190.00,64397878.73,2.18
3.53,0.00,0.00,3621.00,3585.00,0.00,0.00,190.00,64273296.38,1.99
3.53,0.00,0.00,3613.00,3593.00,0.00,0.00,190.00,64147460.46,1.81
3.54,0.00,0.00,3606.00,3600.00,0.00,0.00,190.00,64021981.72,1.66
3.55,0.00,0.00,3602.00,3604.00,0.00,0.00,190.00,63901335.74,1.51
3.56,0.00,0.00,3593.00,3613.00,0.00,0.00,190.00,63777593.81,1.38
3.56,0.00,0.00,3589.00,3617.00,0.00,0.00,190.00,63658534.64,1.26
3.57,0.00,0.00,3583.00,3623.00,0.00,0.00,190.00,63540749.52,1.15
3.58,0.00,0.00,3577.00,3629.00,0.00,0.00,190.00,63424127.93,1.05
3.58,0.00,0.00,3565.00,3641.00,0.00,0.00,190.00,63299555.48,0.96
3.59,0.00,0.00,3558.00,3648.00,0.00,0.00,190.00,63175230.83,0.88
3.60,0.00,0.00,3548.00,3658.00,0.00,0.00,190.00,63046625.68,0.80
3.60,0.00,0.00,3543.00,3663.00,0.00,0.00,190.00,62921621.46,0.73
3.61,0.00,0.00,3533.00,3673.00,0.00,0.00,190.00,62792395.36,0.67
3.62,0.00,0.00,3523.00,3683.00,0.00,0.00,190.00,62659312.17,0.61
3.62,0.00,0.00,3513.00,3693.00,0.00,0.00,190.00,62522705.33,0.56
3.63,0.00,0.00,3508.00,3698.00,0.00,0.00,190.00,62390390.73,0.51
3.64,0.00,0.00,3502.00,3704.00,0.00,0.00,190.00,62260495.21,0.46
3.65,0.00,0.00,3495.00,3711.00,0.00,0.00,190.00,62131307.49,0.42
3.65,0.00,0.00,3485.00,3721.00,0.00,0.00,190.00,61998259.45,0.39
3.66,0.00,0.00,3478.00,3728.00,0.00,0.00,190.00,61866191.51,0.35
3.67,0.00,0.00,3470.00,3736.00,0.00,0.00,190.00,61733516.72,0.32
3.67,0.00,0.00,3465.00,3741.00,0.00,0.00,190.00,61604794.48,0.29
3.68,0.00,0.00,3457.00,3749.00,0.00,0.00,190.00,61475176.46,0.27
3.69,0.00,0.00,3453.00,3753.00,0.00,0.00,190.00,61350749.05,0.24
3.69,0.00,0.00,3446.00,3760.00,0.00,0.00,190.00,61226556.80,0.22
3.70,0.00,0.00,3434.00,3772.00,0.00,0.00,190.00,61095068.03,0.20
3.71,0.00,0.00,3426.00,3780.00,0.00,0.00,190.00,60962922.33,0.19
3.72,0.00,0.00,3419.00,3787.00,0.00,0.00,190.00,60831678.67,0.17
3.72,0.00,0.00,3406.00,3800.00,0.00,0.00,190.00,60692245.70,0.16
3.73,0.00,0.00,3400.00,3806.00,0.00,0.00,190.00,60555846.62,0.14
3.74,0.00,0.00,3394.00,3812.00,0.00,0.00,190.00,60422219.60,0.13
3.74,0.00,0.00,3383.00,3823.00,0.00,0.00,190.00,60283613.59,0.12
3.75,0.00,0.00,3375.00,3831.00,0.00,0.00,190.00,60144965.61,0.11
3.76,0.00,0.00,3366.00,3840.00,0.00,0.00,190.00,60004777.12,0.10
3.76,0.00,0.00,3360.00,3846.00,0.00,0.00,190.00,59867688.02,0.09
3.77,0.00,0.00,3351.00,3855.00,0.00,0.00,190.00,59728923.72,0.08
3.78,0.00,0.00,3341.00,3865.00,0.00,0.00,190.00,59587126.43,0.07
3.78,0.00,0.00,3334.00,3872.00,0.00,0.00,190.00,59447065.37,0.07
3.79,0.00,0.00,3329.00,3877.00,0.00,0.00,190.00,59311595.01,0.06
3.80,0.00,0.00,3323.00,3883.00,0.00,0.00,190.00,59178816.53,0.06
3.81,0.00,0.00,3315.00,3891.00,0.00,0.00,190.00,59045492.58,0.05
3.81,0.00,0.00,3312.00,3894.00,0.00,0.00,190.00,58919181.75,0.05
3.82,0.00,0.00,3302.00,3904.00,0.00,0.00,190.00,58788762.01,0.04
3.83,0.00,0.00,3291.00,3915.00,0.00,0.00,190.00,58653086.06,0.04
3.83,0.00,0.00,3281.00,3925.00,0.00,0.00,190.00,58514110.39,0.04
3.84,0.00,0.00,3265.00,3941.00,0.00,0.00,190.00,58363106.37,0.03
3.85,0.00,0.00,3259.00,3947.00,0.00,0.00,190.00,58216136.17,0.03
3.85,0.00,0.00,3255.00,3951.00,0.00,0.00,190.00,58075856.20,0.03
3.86,0.00,0.00,3241.00,3965.00,0.00,0.00,190.00,57926665.16,0.03
3.87,0.00,0.00,3229.00,3977.00,0.00,0.00,190.00,57772337.43,0.02
3.88,0.00,0.00,3217.00,3989.00,0.00,0.00,190.00,57613317.07,0.02
3.88,0.00,0.00,3211.00,3995.00,0.00,0.00,190.00,57459023.45,0.02
3.89,0.00,0.00,3204.00,4002.00,0.00,0.00,190.00,57307545.63,0.02
3.90,0.00,0.00,3198.00,4008.00,0.00,0.00,190.00,57160142.70,0.02
3.90,0.00,0.00,3192.00,4014.00,0.00,0.00,190.00,57016462.59,0.01
3.91,0.00,0.00,3188.00,4018.00,0.00,0.00,190.00,56879188.39,0.01
3.92,0.00,0.00,3178.00,4028.00,0.00,0.00,190.00,56738752.41,0.01
3.92,0.00,0.00,3173.00,4033.00,0.00,0.00,190.00,56602939.82,0.01
3.93,0.00,0.00,3165.00,4041.00,0.00,0.00,190.00,56466843.76,0.01
3.94,0.00,0.00,3155.00,4051.00,0.00,0.00,190.00,56327484.33,0.01
3.94,0.00,0.00,3146.00,4060.00,0.00,0.00,190.00,56186645.84,0.01
3.95,0.00,0.00,3138.00,4068.00,0.00,0.00,190.00,56045958.26,0.01
3.96,0.00,0.00,3128.00,4078.00,0.00,0.00,190.00,55902403.86,0.01
3.97,0.00,0.00,3119.00,4087.00,0.00,0.00,190.00,55757733.07,0.01
3.97,0.00,0.00,3111.00,4095.00,0.00,0.00,190.00,55613544.45,0.01
3.98,0.00,0.00,3106.00,4100.00,0.00,0.00,190.00,55474303.05,0.01
3.99,0.00,0.00,3098.00,4108.00,0.00,0.00,190.00,55335074.73,0.00
3.99,0.00,0.00,3093.00,4113.00,0.00,0.00,190.00,55200365.26,0.00
4.00,0.00,0.00,3083.00,4123.00,0.00,0.00,190.00,55062272.54,0.00
4.01,0.00,0.00,3076.00,4130.00,0.00,0.00,190.00,54925596.02,0.00
4.01,0.00,0.00,3072.00,4134.00,0.00,0.00,190.00,54794719.94,0.00
4.02,0.00,0.00,3064.00,4142.00,0.00,0.00,190.00,54663134.06,0.00
4.03,0.00,0.00,3050.00,4156.00,0.00,0.00,190.00,54521885.73,0.00
4.03,0.00,0.00,3039.00,4167.00,0.00,0.00,190.00,54376316.85,0.00
4.04,0.00,0.00,3029.00,4177.00,0.00,0.00,190.00,54228303.17,0.00
4.05,0.00,0.00,3022.00,4184.00,0.00,0.00,190.00,54082562.74,0.00
4.06,0.00,0.00,3015.00,4191.00,0.00,0.00,190.00,53938899.26,0.00
4.06,0.00,0.00,3004.00,4202.00,0.00,0.00,190.00,53791123.75,0.00
4.07,0.00,0.00,2999.00,4207.00,0.00,0.00,190.00,53648605.72,0.00
4.08,0.00,0.00,2992.00,4214.00,0.00,0.00,190.00,53507886.07,0.00
4.08,0.00,0.00,2982.00,4224.00,0.00,0.00,190.00,53364302.54,0.00
4.09,0.00,0.00,2978.00,4228.00,0.00,0.00,190.00,53227116.60,0.00
4.10,0.00,0.00,2971.00,4235.00,0.00,0.00,190.00,53091268.19,0.00
4.10,0.00,0.00,2966.00,4240.00,0.00,0.00,190.00,52959646.65,0.00
4.11,0.00,0.00,2958.00,4248.00,0.00,0.00,190.00,52827379.60,0.00
4.12,0.00,0.00,2951.00,4255.00,0.00,0.00,190.00,52696025.24,0.00
4.12,0.00,0.00,2944.00,4262.00,0.00,0.00,190.00,52565504.72,0.00
4.13,0.00,0.00,2938.00,4268.00,0.00,0.00,190.00,52437248.14,0.00
4.14,0.00,0.00,2930.00,4276.00,0.00,0.00,190.00,52308055.43,0.00
4.15,0.00,0.00,2918.00,4288.00,0.00,0.00,190.00,52171998.15,0.00
4.15,0.00,0.00,2907.00,4299.00,0.00,0.00,190.00,52031171.86,0.00
4.16,0.00,0.00,2899.00,4307.00,0.00,0.00,190.00,51890495.44,0.00
4.17,0.00,0.00,2890.00,4316.00,0.00,0.00,190.00,51748453.80,0.00
4.17,0.00,0.00,2885.00,4321.00,0.00,0.00,190.00,51611174.15,0.00
4.18,0.00,0.00,2876.00,4330.00,0.00,0.00,190.00,51472235.53,0.00
4.19,0.00,0.00,2870.00,4336.00,0.00,0.00,190.00,51336288.45,0.00
4.19,0.00,0.00,2860.00,4346.00,0.00,0.00,190.00,51197065.05,0.00
4.20,0.00,0.00,2855.00,4351.00,0.00,0.00,190.00,51062360.04,0.00
4.21,0.00,0.00,2851.00,4355.00,0.00,0.00,190.00,50933285.25,0.00
4.22,0.00,0.00,2843.00,4363.00,0.00,0.00,190.00,50803344.97,0.00
4.22,0.00,0.00,2841.00,4365.00,0.00,0.00,190.00,50681627.88,0.00
4.23,0.00,0.00,2833.00,4373.00,0.00,0.00,190.00,50558409.65,0.00
4.24,0.00,0.00,2821.00,4385.00,0.00,0.00,190.00,50427810.53,0.00
4.24,0.00,0.00,2816.00,4390.00,0.00,0.00,190.00,50300984.57,0.00
4.25,0.00,0.00,2809.00,4397.00,0.00,0.00,190.00,50174601.11,0.00
4.26,0.00,0.00,2804.00,4402.00,0.00,0.00,190.00,50051626.60,0.00
4.26,0.00,0.00,2800.00,4406.00,0.00,0.00,190.00,49933268.81,0.00
4.27,0.00,0.00,2793.00,4413.00,0.00,0.00,190.00,49814621.69,0.00
4.28,0.00,0.00,2784.00,4422.00,0.00,0.00,190.00,49692705.72,0.00
4.28,0.00,0.00,2777.00,4429.00,0.00,0.00,190.00,49570808.14,0.00
4.29,0.00,0.00,2774.00,4432.00,0.00,0.00,190.00,49454936.38,0.00
4.30,0.00,0.00,2767.00,4439.00,0.00,0.00,190.00,49338560.72,0.00
4.31,0.00,0.00,2761.00,4445.00,0.00,0.00,190.00,49223226.98,0.00
4.31,0.00,0.00,2757.00,4449.00,0.00,0.00,190.00,49111849.56,0.00
4.32,0.00,0.00,2747.00,4459.00,0.00,0.00,190.00,48995073.01,0.00
4.33,0.00,0.00,2738.00,4468.00,0.00,0.00,190.00,48874865.91,0.00
4.33,0.00,0.00,2729.00,4477.00,0.00,0.00,190.00,48751524.82,0.00
4.34,0.00,0.00,2721.00,4485.00,0.00,0.00,190.00,48626822.81,0.00
4.35,0.00,0.00,2717.00,4489.00,0.00,0.00,190.00,48506886.70,0.00
4.35,0.00,0.00,2710.00,4496.00,0.00,0.00,190.00,48386797.81,0.00
4.36,0.00,0.00,2704.00,4502.00,0.00,0.00,190.00,48268071.57,0.00
4.37,0.00,0.00,2698.00,4508.00,0.00,0.00,190.00,48150590.25,0.00
4.38,0.00,0.00,2686.00,4520.00,0.00,0.00,190.00,48025232.50,0.00
4.38,0.00,0.00,2679.00,4527.00,0.00,0.00,190.00,47900190.42,0.00
4.39,0.00,0.00,2670.00,4536.00,0.00,0.00,190.00,47772432.00,0.00
4.40,0.00,0.00,2666.00,4540.00,0.00,0.00,190.00,47649703.64,0.00
4.40,0.00,0.00,2656.00,4550.00,0.00,0.00,190.00,47522556.86,0.00
4.41,0.00,0.00,2647.00,4559.00,0.00,0.00,190.00,47392875.63,0.00
4.42,0.00,0.00,2641.00,4565.00,0.00,0.00,190.00,47265385.99,0.00
4.42,0.00,0.00,2632.00,4574.00,0.00,0.00,190.00,47135391.58,0.00
4.43,0.00,0.00,2619.00,4587.00,0.00,0.00,190.00,46997099.63,0.00
4.44,0.00,0.00,2612.00,4594.00,0.00,0.00,190.00,46860240.91,0.00
4.44,0.00,0.00,2605.00,4601.00,0.00,0.00,190.00,46724691.55,0.00
4.45,0.00,0.00,2602.00,4604.00,0.00,0.00,190.00,46596347.86,0.00
4.46,0.00,0.00,2597.00,4609.00,0.00,0.00,190.00,46471582.35,0.00
4.47,0.00,0.00,2586.00,4620.00,0.00,0.00,190.00,46341072.07,0.00
4.47,0.00,0.00,2576.00,4630.00,0.00,0.00,190.00,46206815.69,0.00
4.48,0.00,0.00,2567.00,4639.00,0.00,0.00,190.00,46070639.32,0.00
4.49,0.00,0.00,2562.00,4644.00,0.00,0.00,190.00,45938718.14,0.00
4.49,0.00,0.00,2555.00,4651.00,0.00,0.00,190.00,45807679.60,0.00
4.50,0.00,0.00,2550.00,4656.00,0.00,0.00,190.00,45680452.22,0.00
4.51,0.00,0.00,2540.00,4666.00,0.00,0.00,190.00,45549195.24,0.00
4.51,0.00,0.00,2530.00,4676.00,0.00,0.00,190.00,45414256.48,0.00
4.52,0.00,0.00,2525.00,4681.00,0.00,0.00,190.00,45283466.07,0.00
4.53,0.00,0.00,2518.00,4688.00,0.00,0.00,190.00,45153460.60,0.00
4.53,0.00,0.00,2512.00,4694.00,0.00,0.00,190.00,45025674.67,0.00
4.54,0.00,0.00,2506.00,4700.00,0.00,0.00,190.00,44899916.60,0.00
4.55,0.00,0.00,2492.00,4714.00,0.00,0.00,190.00,44763992.51,0.00
4.56,0.00,0.00,2486.00,4720.00,0.00,0.00,190.00,44630799.55,0.00
4.56,0.00,0.00,2477.00,4729.00,0.00,0.00,190.00,44495594.60,0.00
4.57,0.00,0.00,2470.00,4736.00,0.00,0.00,190.00,44361556.04,0.00
4.58,0.00,0.00,2463.00,4743.00,0.00,0.00,190.00,44228583.33,0.00
4.58,0.00,0.00,2456.00,4750.00,0.00,0.00,190.00,44096584.19,0.00
4.59,0.00,0.00,2450.00,4756.00,0.00,0.00,190.00,43966976.84,0.00
4.60,0.00,0.00,2445.00,4761.00,0.00,0.00,190.00,43841057.05,0.00
4.60,0.00,0.00,2438.00,4768.00,0.00,0.00,190.00,43715501.55,0.00
4.61,0.00,0.00,2430.00,4776.00,0.00,0.00,190.00,43588776.48,0.00
4.62,0.00,0.00,2424.00,4782.00,0.00,0.00,190.00,43463987.43,0.00
4.62,0.00,0.00,2419.00,4787.00,0.00,0.00,190.00,43342469.54,0.00
4.63,0.00,0.00,2410.00,4796.00,0.00,0.00,190.00,43217930.91,0.00
4.64,0.00,0.00,2400.00,4806.00,0.00,0.00,190.00,43089130.12,0.00
4.65,0.00,0.00,2393.00,4813.00,0.00,0.00,190.00,42960942.56,0.00
4.65,0.00,0.00,2387.00,4819.00,0.00,0.00,190.00,42834817.60,0.00
4.66,0.00,0.00,2377.00,4829.00,0.00,0.00,190.00,42704567.61,0.00
4.67,0.00,0.00,2367.00,4839.00,0.00,0.00,190.00,42570548.86,0.00
4.67,0.00,0.00,2358.00,4848.00,0.00,0.00,190.00,42434589.53,0.00
4.68,0.00,0.00,2352.00,4854.00,0.00,0.00,190.00,42301364.35,0.00
4.69,0.00,0.00,2347.00,4859.00,0.00,0.00,190.00,42172139.23,0.00
4.69,0.00,0.00,2340.00,4866.00,0.00,0.00,190.00,42043564.01,0.00
4.70,0.00,0.00,2336.00,4870.00,0.00,0.00,190.00,41920089.33,0.00
4.71,0.00,0.00,2329.00,4877.00,0.00,0.00,190.00,41796767.66,0.00
4.72,0.00,0.00,2321.00,4885.00,0.00,0.00,190.00,41672083.29,0.00
4.72,0.00,0.00,2319.00,4887.00,0.00,0.00,190.00,41555167.96,0.00
4.73,0.00,0.00,2312.00,4894.00,0.00,0.00,190.00,41437838.86,0.00
4.74,0.00,0.00,2302.00,4904.00,0.00,0.00,190.00,41315624.77,0.00
4.74,0.00,0.00,2295.00,4911.00,0.00,0.00,190.00,41193454.63,0.00
4.75,0.00,0.00,2280.00,4926.00,0.00,0.00,190.00,41059306.20,0.00
4.76,0.00,0.00,2274.00,4932.00,0.00,0.00,190.00,40927735.38,0.00
4.76,0.00,0.00,2264.00,4942.00,0.00,0.00,190.00,40792510.10,0.00
4.77,0.00,0.00,2260.00,4946.00,0.00,0.00,190.00,40662959.99,0.00
4.78,0.00,0.00,2250.00,4956.00,0.00,0.00,190.00,40529580.94,0.00
4.78,0.00,0.00,2241.00,4965.00,0.00,0.00,190.00,40394206.13,0.00
4.79,0.00,0.00,2237.00,4969.00,0.00,0.00,190.00,40264519.24,0.00
4.80,0.00,0.00,2227.00,4979.00,0.00,0.00,190.00,40131015.30,0.00
4.81,0.00,0.00,2216.00,4990.00,0.00,0.00,190.00,39992521.53,0.00
4.81,0.00,0.00,2204.00,5002.00,0.00,0.00,190.00,39847966.96,0.00
4.82,0.00,0.00,2198.00,5008.00,0.00,0.00,190.00,39706888.94,0.00
4.83,0.00,0.00,2190.00,5016.00,0.00,0.00,190.00,39565982.69,0.00
4.83,0.00,0.00,2187.00,5019.00,0.00,0.00,190.00,39432744.85,0.00
4.84,0.00,0.00,2183.00,5023.00,0.00,0.00,190.00,39305010.57,0.00
4.85,0.00,0.00,2175.00,5031.00,0.00,0.00,190.00,39176294.97,0.00
4.85,0.00,0.00,2168.00,5038.00,0.00,0.00,190.00,39048185.12,0.00
4.86,0.00,0.00,2164.00,5042.00,0.00,0.00,190.00,38925135.67,0.00
4.87,0.00,0.00,2159.00,5047.00,0.00,0.00,190.00,38805207.04,0.00
4.88,0.00,0.00,2153.00,5053.00,0.00,0.00,190.00,38686627.37,0.00
4.88,0.00,0.00,2144.00,5062.00,0.00,0.00,190.00,38564772.94,0.00
4.89,0.00,0.00,2130.00,5076.00,0.00,0.00,190.00,38432415.32,0.00
4.90,0.00,0.00,2123.00,5083.00,0.00,0.00,190.00,38300978.19,0.00
4.90,0.00,0.00,2114.00,5092.00,0.00,0.00,190.00,38167377.45,0.00
4.91,0.00,0.00,2106.00,5100.00,0.00,0.00,190.00,38033302.40,0.00
4.92,0.00,0.00,2098.00,5108.00,0.00,0.00,190.00,37898793.76,0.00
4.92,0.00,0.00,2089.00,5117.00,0.00,0.00,190.00,37762386.72,0.00
4.93,0.00,0.00,2083.00,5123.00,0.00,0.00,190.00,37628752.54,0.00
4.94,0.00,0.00,2075.00,5131.00,0.00,0.00,190.00,37494646.79,0.00
4.94,0.00,0.00,2068.00,5138.00,0.00,0.00,190.00,37361612.58,0.00
4.95,0.00,0.00,2060.00,5146.00,0.00,0.00,190.00,37228055.05,0.00
4.96,0.00,0.00,2050.00,5156.00,0.00,0.00,190.00,37091014.73,0.00
4.97,0.00,0.00,2041.00,5165.00,0.00,0.00,190.00,36952294.91,0.00
4.97,0.00,0.00,2029.00,5177.00,0.00,0.00,190.00,36807533.73,0.00
4.98,0.00,0.00,2026.00,5180.00,0.00,0.00,190.00,36670774.25,0.00
4.99,0.00,0.00,2018.00,5188.00,0.00,0.00,190.00,36533813.17,0.00
4.99,0.00,0.00,2015.00,5191.00,0.00,0.00,190.00,36404179.54,0.00
5.00,0.00,0.00,2008.00,5198.00,0.00,0.00,190.00,36275231.14,0.00
5.01,0.00,0.00,2002.00,5204.00,0.00,0.00,190.00,36148410.93,0.00
5.01,0.00,0.00,1998.00,5208.00,0.00,0.00,190.00,36026539.70,0.00
5.02,0.00,0.00,1995.00,5211.00,0.00,0.00,190.00,35910692.14,0.00
5.03,0.00,0.00,1985.00,5221.00,0.00,0.00,190.00,35789831.42,0.00
5.03,0.00,0.00,1981.00,5225.00,0.00,0.00,190.00,35673404.79,0.00
5.04,0.00,0.00,1975.00,5231.00,0.00,0.00,190.00,35558024.40,0.00
5.05,0.00,0.00,1968.00,5238.00,0.00,0.00,190.00,35442097.63,0.00
5.06,0.00,0.00,1964.00,5242.00,0.00,0.00,190.00,35330178.43,0.00
5.06,0.00,0.00,1958.00,5248.00,0.00,0.00,190.00,35218916.16,0.00
5.07,0.00,0.00,1953.00,5253.00,0.00,0.00,190.00,35109756.00,0.00
5.08,0.00,0.00,1948.00,5258.00,0.00,0.00,190.00,35002516.71,0.00
5.08,0.00,0.00,1940.00,5266.00,0.00,0.00,190.00,34892525.07,0.00
5.09,0.00,0.00,1932.00,5274.00,0.00,0.00,190.00,34780019.09,0.00
5.10,0.00,0.00,1927.00,5279.00,0.00,0.00,190.00,34669722.93,0.00
5.10,0.00,0.00,1925.00,5281.00,0.00,0.00,190.00,34565952.54,0.00
5.11,0.00,0.00,1922.00,5284.00,0.00,0.00,190.00,34466641.65,0.00
5.12,0.00,0.00,1918.00,5288.00,0.00,0.00,190.00,34369902.81,0.00
5.12,0.00,0.00,1912.00,5294.00,0.00,0.00,190.00,34272509.03,0.00
5.13,0.00,0.00,1907.00,5299.00,0.00,0.00,190.00,34176019.21,0.00
5.14,0.00,0.00,1900.00,5306.00,0.00,0.00,190.00,34077350.70,0.00
5.15,0.00,0.00,1893.00,5313.00,0.00,0.00,190.00,33976691.76,0.00
5.15,0.00,0.00,1888.00,5318.00,0.00,0.00,190.00,33877218.92,0.00
5.16,0.00,0.00,1881.00,5325.00,0.00,0.00,190.00,33775824.99,0.00
5.17,0.00,0.00,1875.00,5331.00,0.00,0.00,190.00,33674178.41,0.00
5.17,0.00,0.00,1859.00,5347.00,0.00,0.00,190.00,33557277.80,0.00
5.18,0.00,0.00,1849.00,5357.00,0.00,0.00,190.00,33435455.09,0.00
5.19,0.00,0.00,1840.00,5366.00,0.00,0.00,190.00,33310638.12,0.00
5.19,0.00,0.00,1829.00,5377.00,0.00,0.00,190.00,33180080.73,0.00
5.20,0.00,0.00,1824.00,5382.00,0.00,0.00,190.00,33053292.92,0.00
5.21,0.00,0.00,1814.00,5392.00,0.00,0.00,190.00,32922437.38,0.00
5.22,0.00,0.00,1808.00,5398.00,0.00,0.00,190.00,32793874.89,0.00
5.22,0.00,0.00,1802.00,5404.00,0.00,0.00,190.00,32667407.30,0.00
5.23,0.00,0.00,1799.00,5407.00,0.00,0.00,190.00,32547360.48,0.00
5.24,0.00,0.00,1791.00,5415.00,0.00,0.00,190.00,32425668.03,0.00
5.24,0.00,0.00,1785.00,5421.00,0.00,0.00,190.00,32305476.86,0.00
5.25,0.00,0.00,1779.00,5427.00,0.00,0.00,190.00,32186657.34,0.00
5.26,0.00,0.00,1770.00,5436.00,0.00,0.00,190.00,32064583.75,0.00
5.26,0.00,0.00,1761.00,5445.00,0.00,0.00,190.00,31939537.50,0.00
5.27,0.00,0.00,1758.00,5448.00,0.00,0.00,190.00,31820789.15,0.00
5.28,0.00,0.00,1749.00,5457.00,0.00,0.00,190.00,31698780.72,0.00
5.28,0.00,0.00,1741.00,5465.00,0.00,0.00,190.00,31575296.22,0.00
5.29,0.00,0.00,1735.00,5471.00,0.00,0.00,190.00,31453467.90,0.00
5.30,0.00,0.00,1731.00,5475.00,0.00,0.00,190.00,31336157.37,0.00
5.31,0.00,0.00,1725.00,5481.00,0.00,0.00,190.00,31219969.35,0.00
5.31,0.00,0.00,1713.00,5493.00,0.00,0.00,190.00,31095793.02,0.00
5.32,0.00,0.00,1706.00,5500.00,0.00,0.00,190.00,30971830.28,0.00
5.33,0.00,0.00,1697.00,5509.00,0.00,0.00,190.00,30845057.97,0.00
5.33,0.00,0.00,1692.00,5514.00,0.00,0.00,190.00,30721728.20,0.00
5.34,0.00,0.00,1688.00,5518.00,0.00,0.00,190.00,30603045.83,0.00
5.35,0.00,0.00,1678.00,5528.00,0.00,0.00,190.00,30479595.38,0.00
5.35,0.00,0.00,1669.00,5537.00,0.00,0.00,190.00,30353291.19,0.00
5.36,0.00,0.00,1659.00,5547.00,0.00,0.00,190.00,30222877.53,0.00
5.37,0.00,0.00,1651.00,5555.00,0.00,0.00,190.00,30091713.92,0.00
5.38,0.00,0.00,1647.00,5559.00,0.00,0.00,190.00,29965874.66,0.00
5.38,0.00,0.00,1642.00,5564.00,0.00,0.00,190.00,29843397.25,0.00
5.39,0.00,0.00,1636.00,5570.00,0.00,0.00,190.00,29722489.01,0.00
5.40,0.00,0.00,1626.00,5580.00,0.00,0.00,190.00,29597005.02,0.00
5.40,0.00,0.00,1618.00,5588.00,0.00,0.00,190.00,29470345.15,0.00
5.41,0.00,0.00,1610.00,5596.00,0.00,0.00,190.00,29342611.17,0.00
5.42,0.00,0.00,1598.00,5608.00,0.00,0.00,190.00,29207886.66,0.00
5.42,0.00,0.00,1590.00,5616.00,0.00,0.00,190.00,29072784.78,0.00
5.43,0.00,0.00,1583.00,5623.00,0.00,0.00,190.00,28938840.61,0.00
5.44,0.00,0.00,1579.00,5627.00,0.00,0.00,190.00,28810460.91,0.00
5.44,0.00,0.00,1577.00,5629.00,0.00,0.00,190.00,28690169.56,0.00
5.45,0.00,0.00,1572.00,5634.00,0.00,0.00,190.00,28572760.75,0.00
5.46,0.00,0.00,1567.00,5639.00,0.00,0.00,190.00,28457985.31,0.00
5.47,0.00,0.00,1564.00,5642.00,0.00,0.00,190.00,28348620.42,0.00
5.47,0.00,0.00,1561.00,5645.00,0.00,0.00,190.00,28244198.59,0.00
5.48,0.00,0.00,1555.00,5651.00,0.00,0.00,190.00,28139785.67,0.00
5.49,0.00,0.00,1550.00,5656.00,0.00,0.00,190.00,28036883.20,0.00
5.49,0.00,0.00,1539.00,5667.00,0.00,0.00,190.00,27926346.86,0.00
5.50,0.00,0.00,1533.00,5673.00,0.00,0.00,190.00,27816347.74,0.00
5.51,0.00,0.00,1526.00,5680.00,0.00,0.00,190.00,27705337.21,0.00
5.51,0.00,0.00,1520.00,5686.00,0.00,0.00,190.00,27594904.94,0.00
5.52,0.00,0.00,1510.00,5696.00,0.00,0.00,190.00,27478991.73,0.00
5.53,0.00,0.00,1508.00,5698.00,0.00,0.00,190.00,27370089.67,0.00
5.53,0.00,0.00,1503.00,5703.00,0.00,0.00,190.00,27263086.06,0.00
5.54,0.00,0.00,1496.00,5710.00,0.00,0.00,190.00,27154812.08,0.00
5.55,0.00,0.00,1491.00,5715.00,0.00,0.00,190.00,27048382.27,0.00
5.56,0.00,0.00,1487.00,5719.00,0.00,0.00,190.00,26945139.51,0.00
5.56,0.00,0.00,1480.00,5726.00,0.00,0.00,190.00,26840301.51,0.00
5.57,0.00,0.00,1469.00,5737.00,0.00,0.00,190.00,26727996.74,0.00
5.58,0.00,0.00,1463.00,5743.00,0.00,0.00,190.00,26616382.15,0.00
5.58,0.00,0.00,1454.00,5752.00,0.00,0.00,190.00,26500891.04,0.00
5.59,0.00,0.00,1448.00,5758.00,0.00,0.00,190.00,26386365.40,0.00
5.60,0.00,0.00,1443.00,5763.00,0.00,0.00,190.00,26274224.00,0.00
5.60,0.00,0.00,1437.00,5769.00,0.00,0.00,190.00,26162758.55,0.00
5.61,0.00,0.00,1430.00,5776.00,0.00,0.00,190.00,26050408.39,0.00
5.62,0.00,0.00,1424.00,5782.00,0.00,0.00,190.00,25938752.27,0.00
5.62,0.00,0.00,1422.00,5784.00,0.00,0.00,190.00,25833739.46,0.00
5.63,0.00,0.00,1417.00,5789.00,0.00,0.00,190.00,25730288.97,0.00
5.64,0.00,0.00,1411.00,5795.00,0.00,0.00,190.00,25626763.53,0.00
5.65,0.00,0.00,1403.00,5803.00,0.00,0.00,190.00,25520164.91,0.00
5.65,0.00,0.00,1397.00,5809.00,0.00,0.00,190.00,25413763.31,0.00
5.66,0.00,0.00,1391.00,5815.00,0.00,0.00,190.00,25307541.83,0.00
5.67,0.00,0.00,1386.00,5820.00,0.00,0.00,190.00,25202987.06,0.00
5.67,0.00,0.00,1378.00,5828.00,0.00,0.00,190.00,25095448.09,0.00
5.68,0.00,0.00,1373.00,5833.00,0.00,0.00,190.00,24989689.76,0.00
5.69,0.00,0.00,1367.00,5839.00,0.00,0.00,190.00,24884055.75,0.00
5.69,0.00,0.00,1363.00,5843.00,0.00,0.00,190.00,24781540.23,0.00
5.70,0.00,0.00,1355.00,5851.00,0.00,0.00,190.00,24675864.23,0.00
5.71,0.00,0.00,1349.00,5857.00,0.00,0.00,190.00,24570305.53,0.00
5.72,0.00,0.00,1342.00,5864.00,0.00,0.00,190.00,24463351.72,0.00
5.72,0.00,0.00,1337.00,5869.00,0.00,0.00,190.00,24358127.91,0.00
5.73,0.00,0.00,1330.00,5876.00,0.00,0.00,190.00,24251480.14,0.00
5.74,0.00,0.00,1326.00,5880.00,0.00,0.00,190.00,24148038.27,0.00
5.74,0.00,0.00,1319.00,5887.00,0.00,0.00,190.00,24043018.27,0.00
5.75,0.00,0.00,1313.00,5893.00,0.00,0.00,190.00,23938058.91,0.00
5.76,0.00,0.00,1305.00,5901.00,0.00,0.00,190.00,23830150.34,0.00
5.76,0.00,0.00,1300.00,5906.00,0.00,0.00,190.00,23724054.26,0.00
5.77,0.00,0.00,1292.00,5914.00,0.00,0.00,190.00,23615107.23,0.00
5.78,0.00,0.00,1286.00,5920.00,0.00,0.00,190.00,23506560.15,0.00
5.78,0.00,0.00,1280.00,5926.00,0.00,0.00,190.00,23398378.45,0.00
5.79,0.00,0.00,1274.00,5932.00,0.00,0.00,190.00,23290530.64,0.00
5.80,0.00,0.00,1265.00,5941.00,0.00,0.00,190.00,23178480.79,0.00
5.81,0.00,0.00,1262.00,5944.00,0.00,0.00,190.00,23071606.00,0.00
5.81,0.00,0.00,1255.00,5951.00,0.00,0.00,190.00,22963449.79,0.00
5.82,0.00,0.00,1246.00,5960.00,0.00,0.00,190.00,22851118.17,0.00
5.83,0.00,0.00,1241.00,5965.00,0.00,0.00,190.00,22740981.41,0.00
5.83,0.00,0.00,1231.00,5975.00,0.00,0.00,190.00,22625338.11,0.00
5.84,0.00,0.00,1225.00,5981.00,0.00,0.00,190.00,22510673.37,0.00
5.85,0.00,0.00,1218.00,5988.00,0.00,0.00,190.00,22395400.35,0.00
5.85,0.00,0.00,1212.00,5994.00,0.00,0.00,190.00,22281073.91,0.00
5.86,0.00,0.00,1204.00,6002.00,0.00,0.00,190.00,22164607.60,0.00
5.87,0.00,0.00,1200.00,6006.00,0.00,0.00,190.00,22052195.61,0.00
5.88,0.00,0.00,1193.00,6013.00,0.00,0.00,190.00,21938980.62,0.00
5.88,0.00,0.00,1182.00,6024.00,0.00,0.00,190.00,21819022.80,0.00
5.89,0.00,0.00,1176.00,6030.00,0.00,0.00,190.00,21700416.32,0.00
5.90,0.00,0.00,1170.00,6036.00,0.00,0.00,190.00,21583044.51,0.00
5.90,0.00,0.00,1161.00,6045.00,0.00,0.00,190.00,21462293.69,0.00
5.91,0.00,0.00,1151.00,6055.00,0.00,0.00,190.00,21336953.50,0.00
5.92,0.00,0.00,1144.00,6062.00,0.00,0.00,190.00,21211927.45,0.00
5.92,0.00,0.00,1139.00,6067.00,0.00,0.00,190.00,21090193.08,0.00
5.93,0.00,0.00,1136.00,6070.00,0.00,0.00,190.00,20974470.48,0.00
5.94,0.00,0.00,1131.00,6075.00,0.00,0.00,190.00,20861235.58,0.00
5.94,0.00,0.00,1126.00,6080.00,0.00,0.00,190.00,20750273.53,0.00
5.95,0.00,0.00,1118.00,6088.00,0.00,0.00,190.00,20636880.83,0.00
5.96,0.00,0.00,1113.00,6093.00,0.00,0.00,190.00,20525774.57,0.00
5.97,0.00,0.00,1106.00,6100.00,0.00,0.00,190.00,20413752.56,0.00
5.97,0.00,0.00,1099.00,6107.00,0.00,0.00,190.00,20300893.92,0.00
5.98,0.00,0.00,1093.00,6113.00,0.00,0.00,190.00,20188773.23,0.00
5.99,0.00,0.00,1082.00,6124.00,0.00,0.00,190.00,20069815.11,0.00
5.99,0.00,0.00,1078.00,6128.00,0.00,0.00,190.00,19955126.60,0.00
6.00,0.00,0.00,1073.00,6133.00,0.00,0.00,190.00,19842836.48,0.00
6.01,0.00,0.00,1066.00,6140.00,0.00,0.00,190.00,19729732.92,0.00
6.01,0.00,0.00,1061.00,6145.00,0.00,0.00,190.00,19618890.80,0.00
6.02,0.00,0.00,1054.00,6152.00,0.00,0.00,190.00,19507110.01,0.00
6.03,0.00,0.00,1050.00,6156.00,0.00,0.00,190.00,19398978.67,0.00
6.03,0.00,0.00,1045.00,6161.00,0.00,0.00,190.00,19292679.13,0.00
6.04,0.00,0.00,1039.00,6167.00,0.00,0.00,190.00,19186550.79,0.00
6.05,0.00,0.00,1033.00,6173.00,0.00,0.00,190.00,19080578.79,0.00
6.06,0.00,0.00,1027.00,6179.00,0.00,0.00,190.00,18974749.75,0.00
6.06,0.00,0.00,1017.00,6189.00,0.00,0.00,190.00,18863042.01,0.00
6.07,0.00,0.00,1009.00,6197.00,0.00,0.00,190.00,18748968.13,0.00
6.08,0.00,0.00,1002.00,6204.00,0.00,0.00,190.00,18634234.89,0.00
6.08,0.00,0.00,995.00,6211.00,0.00,0.00,190.00,18518899.31,0.00
6.09,0.00,0.00,987.00,6219.00,0.00,0.00,190.00,18401511.07,0.00
6.10,0.00,0.00,980.00,6226.00,0.00,0.00,190.00,18283749.83,0.00
6.10,0.00,0.00,975.00,6231.00,0.00,0.00,190.00,18168652.47,0.00
6.11,0.00,0.00,973.00,6233.00,0.00,0.00,190.00,18060495.74,0.00
6.12,0.00,0.00,966.00,6240.00,0.00,0.00,190.00,17951168.46,0.00
6.12,0.00,0.00,960.00,6246.00,0.00,0.00,190.00,17842273.94,0.00
6.13,0.00,0.00,954.00,6252.00,0.00,0.00,190.00,17733774.85,0.00
6.14,0.00,0.00,950.00,6256.00,0.00,0.00,190.00,17628641.66,0.00
6.15,0.00,0.00,943.00,6263.00,0.00,0.00,190.00,17522076.54,0.00
6.15,0.00,0.00,934.00,6272.00,0.00,0.00,190.00,17411198.59,0.00
6.16,0.00,0.00,928.00,6278.00,0.00,0.00,190.00,17300887.45,0.00
6.17,0.00,0.00,921.00,6285.00,0.00,0.00,190.00,17189591.82,0.00
6.17,0.00,0.00,918.00,6288.00,0.00,0.00,190.00,17083406.08,0.00
6.18,0.00,0.00,913.00,6293.00,0.00,0.00,190.00,16978884.00,0.00
6.19,0.00,0.00,910.00,6296.00,0.00,0.00,190.00,16878886.44,0.00
6.19,0.00,0.00,902.00,6304.00,0.00,0.00,190.00,16775510.89,0.00
6.20,0.00,0.00,896.00,6310.00,0.00,0.00,190.00,16672053.90,0.00
6.21,0.00,0.00,890.00,6316.00,0.00,0.00,190.00,16568522.51,0.00
6.22,0.00,0.00,881.00,6325.00,0.00,0.00,190.00,16460416.18,0.00
6.22,0.00,0.00,875.00,6331.00,0.00,0.00,190.00,16352637.18,0.00
6.23,0.00,0.00,870.00,6336.00,0.00,0.00,190.00,16246659.54,0.00
6.24,0.00,0.00,866.00,6340.00,0.00,0.00,190.00,16143829.83,0.00
6.24,0.00,0.00,861.00,6345.00,0.00,0.00,190.00,16042373.83,0.00
6.25,0.00,0.00,853.00,6353.00,0.00,0.00,190.00,15937665.91,0.00
6.26,0.00,0.00,847.00,6359.00,0.00,0.00,190.00,15832991.64,0.00
6.26,0.00,0.00,841.00,6365.00,0.00,0.00,190.00,15728348.15,0.00
6.27,0.00,0.00,836.00,6370.00,0.00,0.00,190.00,15625235.06,0.00
6.28,0.00,0.00,833.00,6373.00,0.00,0.00,190.00,15526524.75,0.00
6.28,0.00,0.00,827.00,6379.00,0.00,0.00,190.00,15427329.92,0.00
6.29,0.00,0.00,826.00,6380.00,0.00,0.00,190.00,15335203.92,0.00
6.30,0.00,0.00,820.00,6386.00,0.00,0.00,190.00,15242024.45,0.00
6.31,0.00,0.00,810.00,6396.00,0.00,0.00,190.00,15141873.29,0.00
6.31,0.00,0.00,807.00,6399.00,0.00,0.00,190.00,15045868.96,0.00
6.32,0.00,0.00,799.00,6407.00,0.00,0.00,190.00,14946141.63,0.00
6.33,0.00,0.00,796.00,6410.00,0.00,0.00,190.00,14850524.51,0.00
6.33,0.00,0.00,789.00,6417.00,0.00,0.00,190.00,14752653.22,0.00
6.34,0.00,0.00,787.00,6419.00,0.00,0.00,190.00,14660234.12,0.00
6.35,0.00,0.00,778.00,6428.00,0.00,0.00,190.00,14562279.90,0.00
6.35,0.00,0.00,773.00,6433.00,0.00,0.00,190.00,14465278.10,0.00
6.36,0.00,0.00,765.00,6441.00,0.00,0.00,190.00,14364639.49,0.00
6.37,0.00,0.00,763.00,6443.00,0.00,0.00,190.00,14269692.20,0.00
6.38,0.00,0.00,757.00,6449.00,0.00,0.00,190.00,14173935.18,0.00
6.38,0.00,0.00,755.00,6451.00,0.00,0.00,190.00,14083447.65,0.00
6.39,0.00,0.00,753.00,6453.00,0.00,0.00,190.00,13997774.27,0.00
6.40,0.00,0.00,749.00,6457.00,0.00,0.00,190.00,13913494.50,0.00
6.40,0.00,0.00,745.00,6461.00,0.00,0.00,190.00,13830487.83,0.00
6.41,0.00,0.00,743.00,6463.00,0.00,0.00,190.00,13751648.99,0.00
6.42,0.00,0.00,739.00,6467.00,0.00,0.00,190.00,13673613.15,0.00
6.42,0.00,0.00,735.00,6471.00,0.00,0.00,190.00,13596310.91,0.00
6.43,0.00,0.00,731.00,6475.00,0.00,0.00,190.00,13519678.90,0.00
6.44,0.00,0.00,726.00,6480.00,0.00,0.00,190.00,13442156.89,0.00
6.44,0.00,0.00,721.00,6485.00,0.00,0.00,190.00,13363821.82,0.00
6.45,0.00,0.00,715.00,6491.00,0.00,0.00,190.00,13283241.61,0.00
6.46,0.00,0.00,709.00,6497.00,0.00,0.00,190.00,13200610.27,0.00
6.47,0.00,0.00,699.00,6507.00,0.00,0.00,190.00,13110095.76,0.00
6.47,0.00,0.00,694.00,6512.00,0.00,0.00,190.00,13019890.78,0.00
6.48,0.00,0.00,691.00,6515.00,0.00,0.00,190.00,12932973.26,0.00
6.49,0.00,0.00,689.00,6517.00,0.00,0.00,190.00,12850561.46,0.00
6.49,0.00,0.00,680.00,6526.00,0.00,0.00,190.00,12761749.79,0.00
6.50,0.00,0.00,672.00,6534.00,0.00,0.00,190.00,12668593.61,0.00
6.51,0.00,0.00,665.00,6541.00,0.00,0.00,190.00,12572970.63,0.00
6.51,0.00,0.00,661.00,6545.00,0.00,0.00,190.00,12479600.97,0.00
6.52,0.00,0.00,656.00,6550.00,0.00,0.00,190.00,12386787.55,0.00
6.53,0.00,0.00,651.00,6555.00,0.00,0.00,190.00,12294482.36,0.00
6.53,0.00,0.00,645.00,6561.00,0.00,0.00,190.00,12201139.15,0.00
6.54,0.00,0.00,643.00,6563.00,0.00,0.00,190.00,12112856.86,0.00
6.55,0.00,0.00,636.00,6570.00,0.00,0.00,190.00,12021686.62,0.00
6.56,0.00,0.00,631.00,6575.00,0.00,0.00,190.00,11930882.60,0.00
6.56,0.00,0.00,624.00,6582.00,0.00,0.00,190.00,11837408.55,0.00
6.57,0.00,0.00,617.00,6589.00,0.00,0.00,190.00,11741495.16,0.00
6.58,0.00,0.00,612.00,6594.00,0.00,0.00,190.00,11646357.85,0.00
6.58,0.00,0.00,609.00,6597.00,0.00,0.00,190.00,11554934.16,0.00
6.59,0.00,0.00,603.00,6603.00,0.00,0.00,190.00,11462396.28,0.00
6.60,0.00,0.00,600.00,6606.00,0.00,0.00,190.00,11373347.43,0.00
6.60,0.00,0.00,598.00,6608.00,0.00,0.00,190.00,11288988.44,0.00
6.61,0.00,0.00,591.00,6615.00,0.00,0.00,190.00,11201402.49,0.00
6.62,0.00,0.00,586.00,6620.00,0.00,0.00,190.00,11113873.04,0.00
6.62,0.00,0.00,578.00,6628.00,0.00,0.00,190.00,11021888.30,0.00
6.63,0.00,0.00,573.00,6633.00,0.00,0.00,190.00,10930340.18,0.00
6.64,0.00,0.00,571.00,6635.00,0.00,0.00,190.00,10843697.85,0.00
6.65,0.00,0.00,562.00,6644.00,0.00,0.00,190.00,10751021.26,0.00
6.65,0.00,0.00,560.00,6646.00,0.00,0.00,190.00,10663348.02,0.00
6.66,0.00,0.00,559.00,6647.00,0.00,0.00,190.00,10581748.08,0.00
6.67,0.00,0.00,554.00,6652.00,0.00,0.00,190.00,10499687.42,0.00
6.67,0.00,0.00,552.00,6654.00,0.00,0.00,190.00,10421712.75,0.00
6.68,0.00,0.00,550.00,6656.00,0.00,0.00,190.00,10347471.12,0.00
6.69,0.00,0.00,545.00,6661.00,0.00,0.00,190.00,10272132.90,0.00
6.69,0.00,0.00,537.00,6669.00,0.00,0.00,190.00,10191285.97,0.00
6.70,0.00,0.00,533.00,6673.00,0.00,0.00,190.00,10111415.57,0.00
6.71,0.00,0.00,526.00,6680.00,0.00,0.00,190.00,10027930.38,0.00
6.72,0.00,0.00,524.00,6682.00,0.00,0.00,190.00,9948654.29,0.00
6.72,0.00,0.00,517.00,6689.00,0.00,0.00,190.00,9865712.07,0.00
6.73,0.00,0.00,511.00,6695.00,0.00,0.00,190.00,9780922.80,0.00
6.74,0.00,0.00,506.00,6700.00,0.00,0.00,190.00,9695948.37,0.00
6.74,0.00,0.00,501.00,6705.00,0.00,0.00,190.00,9610804.83,0.00
6.75,0.00,0.00,499.00,6707.00,0.00,0.00,190.00,9530013.69,0.00
6.76,0.00,0.00,498.00,6708.00,0.00,0.00,190.00,9454701.21,0.00
6.76,0.00,0.00,489.00,6717.00,0.00,0.00,190.00,9372375.45,0.00
6.77,0.00,0.00,487.00,6719.00,0.00,0.00,190.00,9294158.64,0.00
6.78,0.00,0.00,480.00,6726.00,0.00,0.00,190.00,9212184.15,0.00
6.78,0.00,0.00,478.00,6728.00,0.00,0.00,190.00,9134288.21,0.00
6.79,0.00,0.00,473.00,6733.00,0.00,0.00,190.00,9055611.54,0.00
6.80,0.00,0.00,465.00,6741.00,0.00,0.00,190.00,8971714.58,0.00
6.81,0.00,0.00,461.00,6745.00,0.00,0.00,190.00,8889057.71,0.00
6.81,0.00,0.00,456.00,6750.00,0.00,0.00,190.00,8806031.47,0.00
6.82,0.00,0.00,449.00,6757.00,0.00,0.00,190.00,8719663.10,0.00
6.83,0.00,0.00,441.00,6765.00,0.00,0.00,190.00,8628739.12,0.00
6.83,0.00,0.00,433.00,6773.00,0.00,0.00,190.00,8533653.13,0.00
6.84,0.00,0.00,426.00,6780.00,0.00,0.00,190.00,8436267.09,0.00
6.85,0.00,0.00,421.00,6785.00,0.00,0.00,190.00,8339784.36,0.00
6.85,0.00,0.00,420.00,6786.00,0.00,0.00,190.00,8250136.16,0.00
6.86,0.00,0.00,414.00,6792.00,0.00,0.00,190.00,8159220.35,0.00
6.87,0.00,0.00,408.00,6798.00,0.00,0.00,190.00,8067146.45,0.00
6.88,0.00,0.00,405.00,6801.00,0.00,0.00,190.00,7978521.51,0.00
6.88,0.00,0.00,400.00,6806.00,0.00,0.00,190.00,7890042.85,0.00
6.89,0.00,0.00,394.00,6812.00,0.00,0.00,190.00,7800195.54,0.00
6.90,0.00,0.00,390.00,6816.00,0.00,0.00,190.00,7712102.44,0.00
6.90,0.00,0.00,385.00,6821.00,0.00,0.00,190.00,7624109.65,0.00
6.91,0.00,0.00,383.00,6823.00,0.00,0.00,190.00,7540715.49,0.00
6.92,0.00,0.00,375.00,6831.00,0.00,0.00,190.00,7452508.71,0.00
6.92,0.00,0.00,369.00,6837.00,0.00,0.00,190.00,7362909.80,0.00
6.93,0.00,0.00,364.00,6842.00,0.00,0.00,190.00,7273541.32,0.00
6.94,0.00,0.00,364.00,6842.00,0.00,0.00,190.00,7191894.95,0.00
6.94,0.00,0.00,360.00,6846.00,0.00,0.00,190.00,7111294.17,0.00
6.95,0.00,0.00,354.00,6852.00,0.00,0.00,190.00,7028644.03,0.00
6.96,0.00,0.00,346.00,6860.00,0.00,0.00,190.00,6941116.97,0.00
6.97,0.00,0.00,337.00,6869.00,0.00,0.00,190.00,6847632.09,0.00
6.97,0.00,0.00,332.00,6874.00,0.00,0.00,190.00,6754713.43,0.00
6.98,0.00,0.00,326.00,6880.00,0.00,0.00,190.00,6660809.77,0.00
6.99,0.00,0.00,320.00,6886.00,0.00,0.00,190.00,6566006.19,0.00
6.99,0.00,0.00,314.00,6892.00,0.00,0.00,190.00,6470380.47,0.00
7.00,0.00,0.00,311.00,6895.00,0.00,0.00,190.00,6378510.60,0.00
7.01,0.00,0.00,310.00,6896.00,0.00,0.00,190.00,6293076.66,0.00
7.01,0.00,0.00,308.00,6898.00,0.00,0.00,190.00,6212020.24,0.00
7.02,0.00,0.00,306.00,6900.00,0.00,0.00,190.00,6134963.06,0.00
7.03,0.00,0.00,302.00,6904.00,0.00,0.00,190.00,6058554.93,0.00
7.03,0.00,0.00,299.00,6907.00,0.00,0.00,190.00,5984242.11,0.00
7.04,0.00,0.00,295.00,6911.00,0.00,0.00,190.00,5910341.23,0.00
7.05,0.00,0.00,292.00,6914.00,0.00,0.00,190.00,5838318.98,0.00
7.06,0.00,0.00,288.00,6918.00,0.00,0.00,190.00,5766510.74,0.00
7.06,0.00,0.00,281.00,6925.00,0.00,0.00,190.00,5690391.07,0.00
7.07,0.00,0.00,278.00,6928.00,0.00,0.00,190.00,5616341.77,0.00
7.08,0.00,0.00,275.00,6931.00,0.00,0.00,190.00,5544183.96,0.00
7.08,0.00,0.00,271.00,6935.00,0.00,0.00,190.00,5472251.86,0.00
7.09,0.00,0.00,269.00,6937.00,0.00,0.00,190.00,5403530.61,0.00
7.10,0.00,0.00,267.00,6939.00,0.00,0.00,190.00,5337742.77,0.00
7.10,0.00,0.00,261.00,6945.00,0.00,0.00,190.00,5268625.61,0.00
7.11,0.00,0.00,258.00,6948.00,0.00,0.00,190.00,5200973.75,0.00
7.12,0.00,0.00,255.00,6951.00,0.00,0.00,190.00,5134660.58,0.00
7.12,0.00,0.00,250.00,6956.00,0.00,0.00,190.00,5066565.80,0.00
7.13,0.00,0.00,249.00,6957.00,0.00,0.00,190.00,5002852.59,0.00
7.14,0.00,0.00,249.00,6957.00,0.00,0.00,190.00,4944644.69,0.00
7.15,0.00,0.00,247.00,6959.00,0.00,0.00,190.00,4888461.77,0.00
7.15,0.00,0.00,245.00,6961.00,0.00,0.00,190.00,4834128.85,0.00
7.16,0.00,0.00,244.00,6962.00,0.00,0.00,190.00,4782988.35,0.00
7.17,0.00,0.00,243.00,6963.00,0.00,0.00,190.00,4734764.49,0.00
7.17,0.00,0.00,243.00,6963.00,0.00,0.00,190.00,4690707.53,0.00
7.18,0.00,0.00,240.00,6966.00,0.00,0.00,190.00,4645950.47,0.00
7.19,0.00,0.00,234.00,6972.00,0.00,0.00,190.00,4596046.89,0.00
7.19,0.00,0.00,230.00,6976.00,0.00,0.00,190.00,4544446.10,0.00
7.20,0.00,0.00,228.00,6978.00,0.00,0.00,190.00,4494299.38,0.00
7.21,0.00,0.00,223.00,6983.00,0.00,0.00,190.00,4440974.13,0.00
7.22,0.00,0.00,220.00,6986.00,0.00,0.00,190.00,4387749.63,0.00
7.22,0.00,0.00,214.00,6992.00,0.00,0.00,190.00,4330110.27,0.00
7.23,0.00,0.00,209.00,6997.00,0.00,0.00,190.00,4269939.81,0.00
7.24,0.00,0.00,207.00,6999.00,0.00,0.00,190.00,4211963.89,0.00
7.24,0.00,0.00,196.00,7010.00,0.00,0.00,190.00,4142472.09,0.00
7.25,0.00,0.00,193.00,7013.00,0.00,0.00,190.00,4074477.96,0.00
7.26,0.00,0.00,191.00,7015.00,0.00,0.00,190.00,4009354.41,0.00
7.26,0.00,0.00,190.00,7016.00,0.00,0.00,190.00,3948355.71,0.00
7.27,0.00,0.00,185.00,7021.00,0.00,0.00,190.00,3885116.16,0.00
7.28,0.00,0.00,182.00,7024.00,0.00,0.00,190.00,3822834.07,0.00
7.28,0.00,0.00,178.00,7028.00,0.00,0.00,190.00,3759924.35,0.00
7.29,0.00,0.00,172.00,7034.00,0.00,0.00,190.00,3693436.63,0.00
7.30,0.00,0.00,171.00,7035.00,0.00,0.00,190.00,3631191.62,0.00
7.31,0.00,0.00,168.00,7038.00,0.00,0.00,190.00,3569818.12,0.00
7.31,0.00,0.00,167.00,7039.00,0.00,0.00,190.00,3512245.43,0.00
7.32,0.00,0.00,165.00,7041.00,0.00,0.00,190.00,3456642.82,0.00
7.33,0.00,0.00,163.00,7043.00,0.00,0.00,190.00,3402840.08,0.00
7.33,0.00,0.00,160.00,7046.00,0.00,0.00,190.00,3349179.34,0.00
7.34,0.00,0.00,158.00,7048.00,0.00,0.00,190.00,3297150.67,0.00
7.35,0.00,0.00,156.00,7050.00,0.00,0.00,190.00,3246613.05,0.00
7.35,0.00,0.00,151.00,7055.00,0.00,0.00,190.00,3192930.68,0.00
7.36,0.00,0.00,145.00,7061.00,0.00,0.00,190.00,3134873.00,0.00
7.37,0.00,0.00,142.00,7064.00,0.00,0.00,190.00,3077325.00,0.00
7.38,0.00,0.00,141.00,7065.00,0.00,0.00,190.00,3023247.25,0.00
7.38,0.00,0.00,140.00,7066.00,0.00,0.00,190.00,2972339.92,0.00
7.39,0.00,0.00,137.00,7069.00,0.00,0.00,190.00,2921324.42,0.00
7.40,0.00,0.00,132.00,7074.00,0.00,0.00,190.00,2867205.48,0.00
7.40,0.00,0.00,129.00,7077.00,0.00,0.00,190.00,2813255.88,0.00
7.41,0.00,0.00,126.00,7080.00,0.00,0.00,190.00,2759460.99,0.00
7.42,0.00,0.00,126.00,7080.00,0.00,0.00,190.00,2710314.37,0.00
7.42,0.00,0.00,123.00,7083.00,0.00,0.00,190.00,2660907.45,0.00
7.43,0.00,0.00,121.00,7085.00,0.00,0.00,190.00,2612765.04,0.00
7.44,0.00,0.00,117.00,7089.00,0.00,0.00,190.00,2562773.23,0.00
7.44,0.00,0.00,114.00,7092.00,0.00,0.00,190.00,2512594.15,0.00
7.45,0.00,0.00,112.00,7094.00,0.00,0.00,190.00,2463746.30,0.00
7.46,0.00,0.00,110.00,7096.00,0.00,0.00,190.00,2416114.64,0.00
7.47,0.00,0.00,108.00,7098.00,0.00,0.00,190.00,2369594.08,0.00
7.47,0.00,0.00,106.00,7100.00,0.00,0.00,190.00,2324088.63,0.00
7.48,0.00,0.00,102.00,7104.00,0.00,0.00,190.00,2276505.92,0.00
7.49,0.00,0.00,98.00,7108.00,0.00,0.00,190.00,2227025.47,0.00
7.49,0.00,0.00,97.00,7109.00,0.00,0.00,190.00,2180318.18,0.00
7.50,0.00,0.00,94.00,7112.00,0.00,0.00,190.00,2133139.82,0.00
7.51,0.00,0.00,93.00,7113.00,0.00,0.00,190.00,2088535.70,0.00
7.51,0.00,0.00,90.00,7116.00,0.00,0.00,190.00,2043278.78,0.00
7.52,0.00,0.00,88.00,7118.00,0.00,0.00,190.00,1998927.76,0.00
7.53,0.00,0.00,88.00,7118.00,0.00,0.00,190.00,1958409.00,0.00
7.53,0.00,0.00,85.00,7121.00,0.00,0.00,190.00,1916884.43,0.00
7.54,0.00,0.00,81.00,7125.00,0.00,0.00,190.00,1872938.64,0.00
7.55,0.00,0.00,79.00,7127.00,0.00,0.00,190.00,1829785.47,0.00
7.56,0.00,0.00,79.00,7127.00,0.00,0.00,190.00,1790361.06,0.00
7.56,0.00,0.00,79.00,7127.00,0.00,0.00,190.00,1754343.21,0.00
7.57,0.00,0.00,78.00,7128.00,0.00,0.00,190.00,1719935.25,0.00
7.58,0.00,0.00,77.00,7129.00,0.00,0.00,190.00,1686998.10,0.00
7.58,0.00,0.00,77.00,7129.00,0.00,0.00,190.00,1656906.95,0.00
7.59,0.00,0.00,76.00,7130.00,0.00,0.00,190.00,1627913.60,0.00
7.60,0.00,0.00,75.00,7131.00,0.00,0.00,190.00,1599923.17,0.00
7.60,0.00,0.00,74.00,7132.00,0.00,0.00,190.00,1572849.01,0.00
7.61,0.00,0.00,72.00,7134.00,0.00,0.00,190.00,1545109.64,0.00
7.62,0.00,0.00,72.00,7134.00,0.00,0.00,190.00,1519767.15,0.00
7.62,0.00,0.00,69.00,7137.00,0.00,0.00,190.00,1492107.51,0.00
7.63,0.00,0.00,69.00,7137.00,0.00,0.00,190.00,1466837.86,0.00
7.64,0.00,0.00,69.00,7137.00,0.00,0.00,190.00,1443751.70,0.00
7.65,0.00,0.00,67.00,7139.00,0.00,0.00,190.00,1419655.74,0.00
7.65,0.00,0.00,65.00,7141.00,0.00,0.00,190.00,1394637.22,0.00
7.66,0.00,0.00,63.00,7143.00,0.00,0.00,190.00,1368775.85,0.00
7.67,0.00,0.00,61.00,7145.00,0.00,0.00,190.00,1342144.48,0.00
7.67,0.00,0.00,59.00,7147.00,0.00,0.00,190.00,1314809.63,0.00
7.68,0.00,0.00,58.00,7148.00,0.00,0.00,190.00,1288334.40,0.00
7.69,0.00,0.00,54.00,7152.00,0.00,0.00,190.00,1258137.58,0.00
7.69,0.00,0.00,53.00,7153.00,0.00,0.00,190.00,1229047.67,0.00
7.70,0.00,0.00,52.00,7154.00,0.00,0.00,190.00,1200969.04,0.00
7.71,0.00,0.00,51.00,7155.00,0.00,0.00,190.00,1173814.30,0.00
7.72,0.00,0.00,51.00,7155.00,0.00,0.00,190.00,1149005.93,0.00
7.72,0.00,0.00,50.00,7156.00,0.00,0.00,190.00,1124838.88,0.00
7.73,0.00,0.00,48.00,7158.00,0.00,0.00,190.00,1099755.41,0.00
7.74,0.00,0.00,47.00,7159.00,0.00,0.00,190.00,1075337.04,0.00
7.74,0.00,0.00,47.00,7159.00,0.00,0.00,190.00,1053028.59,0.00
7.75,0.00,0.00,47.00,7159.00,0.00,0.00,190.00,1032647.76,0.00
7.76,0.00,0.00,47.00,7159.00,0.00,0.00,190.00,1014028.00,0.00
7.76,0.00,0.00,46.00,7160.00,0.00,0.00,190.00,995514.80,0.00
7.77,0.00,0.00,46.00,7160.00,0.00,0.00,190.00,978601.28,0.00
7.78,0.00,0.00,44.00,7162.00,0.00,0.00,190.00,960144.58,0.00
7.78,0.00,0.00,42.00,7164.00,0.00,0.00,190.00,940278.06,0.00
7.79,0.00,0.00,41.00,7165.00,0.00,0.00,190.00,920625.84,0.00
7.80,0.00,0.00,40.00,7166.00,0.00,0.00,190.00,901169.40,0.00
7.81,0.00,0.00,38.00,7168.00,0.00,0.00,190.00,880389.52,0.00
7.81,0.00,0.00,37.00,7169.00,0.00,0.00,190.00,859902.87,0.00
7.82,0.00,0.00,36.00,7170.00,0.00,0.00,190.00,839684.10,0.00
7.83,0.00,0.00,36.00,7170.00,0.00,0.00,190.00,821212.38,0.00
7.83,0.00,0.00,35.00,7171.00,0.00,0.00,190.00,802834.45,0.00
7.84,0.00,0.00,35.00,7171.00,0.00,0.00,190.00,786044.51,0.00
7.85,0.00,0.00,35.00,7171.00,0.00,0.00,190.00,770705.34,0.00
7.85,0.00,0.00,35.00,7171.00,0.00,0.00,190.00,756691.59,0.00
7.86,0.00,0.00,34.00,7172.00,0.00,0.00,190.00,742386.43,0.00
7.87,0.00,0.00,30.00,7176.00,0.00,0.00,190.00,723308.08,0.00
7.88,0.00,0.00,30.00,7176.00,0.00,0.00,190.00,705878.24,0.00
7.88,0.00,0.00,29.00,7177.00,0.00,0.00,190.00,688452.16,0.00
7.89,0.00,0.00,28.00,7178.00,0.00,0.00,190.00,671029.51,0.00
7.90,0.00,0.00,27.00,7179.00,0.00,0.00,190.00,653609.99,0.00
7.90,0.00,0.00,25.00,7181.00,0.00,0.00,190.00,634691.03,0.00
7.91,0.00,0.00,25.00,7181.00,0.00,0.00,190.00,617406.80,0.00
7.92,0.00,0.00,25.00,7181.00,0.00,0.00,190.00,601616.06,0.00
7.92,0.00,0.00,25.00,7181.00,0.00,0.00,190.00,587189.76,0.00
7.93,0.00,0.00,25.00,7181.00,0.00,0.00,190.00,574010.00,0.00
7.94,0.00,0.00,24.00,7182.00,0.00,0.00,190.00,560466.76,0.00
7.94,0.00,0.00,24.00,7182.00,0.00,0.00,190.00,548093.75,0.00
7.95,0.00,0.00,23.00,7183.00,0.00,0.00,190.00,535287.55,0.00
7.96,0.00,0.00,23.00,7183.00,0.00,0.00,190.00,523587.90,0.00
7.97,0.00,0.00,23.00,7183.00,0.00,0.00,190.00,512899.19,0.00
7.97,0.00,0.00,23.00,7183.00,0.00,0.00,190.00,503134.07,0.00
7.98,0.00,0.00,22.00,7184.00,0.00,0.00,190.00,492710.41,0.00
7.99,0.00,0.00,20.00,7186.00,0.00,0.00,190.00,480182.81,0.00
7.99,0.00,0.00,19.00,7187.00,0.00,0.00,190.00,467235.37,0.00
8.00,0.00,0.00,18.00,7188.00,0.00,0.00,190.00,453904.37,0.00
8.01,0.00,0.00,18.00,7188.00,0.00,0.00,190.00,441725.28,0.00
8.01,0.00,0.00,18.00,7188.00,0.00,0.00,190.00,430598.54,0.00
8.02,0.00,0.00,18.00,7188.00,0.00,0.00,190.00,420433.24,0.00
8.03,0.00,0.00,18.00,7188.00,0.00,0.00,190.00,411146.30,0.00
8.03,0.00,0.00,18.00,7188.00,0.00,0.00,190.00,402661.82,0.00
8.04,0.00,0.00,17.00,7189.00,0.00,0.00,190.00,393408.15,0.00
8.05,0.00,0.00,17.00,7189.00,0.00,0.00,190.00,384954.06,0.00
8.06,0.00,0.00,17.00,7189.00,0.00,0.00,190.00,377230.47,0.00
8.06,0.00,0.00,16.00,7190.00,0.00,0.00,190.00,368671.95,0.00
8.07,0.00,0.00,15.00,7191.00,0.00,0.00,190.00,359350.63,0.00
8.08,0.00,0.00,15.00,7191.00,0.00,0.00,190.00,350834.74,0.00
8.08,0.00,0.00,15.00,7191.00,0.00,0.00,190.00,343054.69,0.00
8.09,0.00,0.00,15.00,7191.00,0.00,0.00,190.00,335946.90,0.00
8.10,0.00,0.00,15.00,7191.00,0.00,0.00,190.00,329453.27,0.00
8.10,0.00,0.00,14.00,7192.00,0.00,0.00,190.00,322018.42,0.00
8.11,0.00,0.00,14.00,7192.00,0.00,0.00,190.00,315226.00,0.00
8.12,0.00,0.00,14.00,7192.00,0.00,0.00,190.00,309020.50,0.00
8.12,0.00,0.00,14.00,7192.00,0.00,0.00,190.00,303351.20,0.00
8.13,0.00,0.00,13.00,7193.00,0.00,0.00,190.00,296669.46,0.00
8.14,0.00,0.00,12.00,7194.00,0.00,0.00,190.00,289062.76,0.00
8.15,0.00,0.00,12.00,7194.00,0.00,0.00,190.00,282113.33,0.00
8.15,0.00,0.00,11.00,7195.00,0.00,0.00,190.00,274262.07,0.00
8.16,0.00,0.00,11.00,7195.00,0.00,0.00,190.00,267089.22,0.00
8.17,0.00,0.00,11.00,7195.00,0.00,0.00,190.00,260536.15,0.00
8.17,0.00,0.00,11.00,7195.00,0.00,0.00,190.00,254549.32,0.00
8.18,0.00,0.00,11.00,7195.00,0.00,0.00,190.00,249079.80,0.00
8.19,0.00,0.00,11.00,7195.00,0.00,0.00,190.00,244082.89,0.00
8.19,0.00,0.00,11.00,7195.00,0.00,0.00,190.00,239517.74,0.00
8.20,0.00,0.00,11.00,7195.00,0.00,0.00,190.00,235347.07,0.00
8.21,0.00,0.00,11.00,7195.00,0.00,0.00,190.00,231536.76,0.00
8.22,0.00,0.00,11.00,7195.00,0.00,0.00,190.00,228055.70,0.00
8.22,0.00,0.00,11.00,7195.00,0.00,0.00,190.00,224875.42,0.00
8.23,0.00,0.00,11.00,7195.00,0.00,0.00,190.00,221969.95,0.00
8.24,0.00,0.00,11.00,7195.00,0.00,0.00,190.00,219315.53,0.00
8.24,0.00,0.00,10.00,7196.00,0.00,0.00,190.00,215388.16,0.00
8.25,0.00,0.00,10.00,7196.00,0.00,0.00,190.00,211800.14,0.00
8.26,0.00,0.00,10.00,7196.00,0.00,0.00,190.00,208522.16,0.00
8.26,0.00,0.00,10.00,7196.00,0.00,0.00,190.00,205527.41,0.00
8.27,0.00,0.00,10.00,7196.00,0.00,0.00,190.00,202791.44,0.00
8.28,0.00,0.00,10.00,7196.00,0.00,0.00,190.00,200291.87,0.00
8.28,0.00,0.00,10.00,7196.00,0.00,0.00,190.00,198008.29,0.00
8.29,0.00,0.00,10.00,7196.00,0.00,0.00,190.00,195922.02,0.00
8.30,0.00,0.00,9.00,7197.00,0.00,0.00,190.00,192513.71,0.00
8.31,0.00,0.00,9.00,7197.00,0.00,0.00,190.00,189399.90,0.00
8.31,0.00,0.00,8.00,7198.00,0.00,0.00,190.00,185052.84,0.00
8.32,0.00,0.00,8.00,7198.00,0.00,0.00,190.00,181081.39,0.00
8.33,0.00,0.00,8.00,7198.00,0.00,0.00,190.00,177453.11,0.00
8.33,0.00,0.00,8.00,7198.00,0.00,0.00,190.00,174138.34,0.00
8.34,0.00,0.00,8.00,7198.00,0.00,0.00,190.00,171109.99,0.00
8.35,0.00,0.00,7.00,7199.00,0.00,0.00,190.00,166841.00,0.00
8.35,0.00,0.00,7.00,7199.00,0.00,0.00,190.00,162940.88,0.00
8.36,0.00,0.00,7.00,7199.00,0.00,0.00,190.00,159377.76,0.00
8.37,0.00,0.00,7.00,7199.00,0.00,0.00,190.00,156122.52,0.00
8.38,0.00,0.00,7.00,7199.00,0.00,0.00,190.00,153148.56,0.00
8.38,0.00,0.00,7.00,7199.00,0.00,0.00,190.00,150431.57,0.00
8.39,0.00,0.00,7.00,7199.00,0.00,0.00,190.00,147949.35,0.00
8.40,0.00,0.00,7.00,7199.00,0.00,0.00,190.00,145681.61,0.00
8.40,0.00,0.00,7.00,7199.00,0.00,0.00,190.00,143609.82,0.00
8.41,0.00,0.00,6.00,7200.00,0.00,0.00,190.00,140214.73,0.00
8.42,0.00,0.00,5.00,7201.00,0.00,0.00,190.00,135610.70,0.00
8.42,0.00,0.00,5.00,7201.00,0.00,0.00,190.00,131404.49,0.00
8.43,0.00,0.00,5.00,7201.00,0.00,0.00,190.00,127561.72,0.00
8.44,0.00,0.00,5.00,7201.00,0.00,0.00,190.00,124051.00,0.00
8.44,0.00,0.00,5.00,7201.00,0.00,0.00,190.00,120843.63,0.00
8.45,0.00,0.00,5.00,7201.00,0.00,0.00,190.00,117913.40,0.00
8.46,0.00,0.00,5.00,7201.00,0.00,0.00,190.00,115236.36,0.00
8.47,0.00,0.00,5.00,7201.00,0.00,0.00,190.00,112790.65,0.00
8.47,0.00,0.00,5.00,7201.00,0.00,0.00,190.00,110556.25,0.00
8.48,0.00,0.00,4.00,7202.00,0.00,0.00,190.00,107012.62,0.00
8.49,0.00,0.00,4.00,7202.00,0.00,0.00,190.00,103775.18,0.00
8.49,0.00,0.00,4.00,7202.00,0.00,0.00,190.00,100817.48,0.00
8.50,0.00,0.00,4.00,7202.00,0.00,0.00,190.00,98115.35,0.00
8.51,0.00,0.00,4.00,7202.00,0.00,0.00,190.00,95646.70,0.00
8.51,0.00,0.00,4.00,7202.00,0.00,0.00,190.00,93391.36,0.00
8.52,0.00,0.00,4.00,7202.00,0.00,0.00,190.00,91330.90,0.00
8.53,0.00,0.00,4.00,7202.00,0.00,0.00,190.00,89448.48,0.00
8.53,0.00,0.00,3.00,7203.00,0.00,0.00,190.00,86226.40,0.00
8.54,0.00,0.00,3.00,7203.00,0.00,0.00,190.00,83282.73,0.00
8.55,0.00,0.00,3.00,7203.00,0.00,0.00,190.00,80593.42,0.00
8.56,0.00,0.00,3.00,7203.00,0.00,0.00,190.00,78136.49,0.00
8.56,0.00,0.00,2.00,7204.00,0.00,0.00,190.00,74389.53,0.00
8.57,0.00,0.00,2.00,7204.00,0.00,0.00,190.00,70966.35,0.00
8.58,0.00,0.00,2.00,7204.00,0.00,0.00,190.00,67838.95,0.00
8.58,0.00,0.00,2.00,7204.00,0.00,0.00,190.00,64981.78,0.00
8.59,0.00,0.00,2.00,7204.00,0.00,0.00,190.00,62371.50,0.00
8.60,0.00,0.00,2.00,7204.00,0.00,0.00,190.00,59986.76,0.00
8.60,0.00,0.00,2.00,7204.00,0.00,0.00,190.00,57808.08,0.00
8.61,0.00,0.00,2.00,7204.00,0.00,0.00,190.00,55817.65,0.00
8.62,0.00,0.00,2.00,7204.00,0.00,0.00,190.00,53999.22,0.00
8.62,0.00,0.00,2.00,7204.00,0.00,0.00,190.00,52337.91,0.00
8.63,0.00,0.00,2.00,7204.00,0.00,0.00,190.00,50820.15,0.00
8.64,0.00,0.00,2.00,7204.00,0.00,0.00,190.00,49433.53,0.00
8.65,0.00,0.00,2.00,7204.00,0.00,0.00,190.00,48166.73,0.00
8.65,0.00,0.00,2.00,7204.00,0.00,0.00,190.00,47009.39,0.00
8.66,0.00,0.00,2.00,7204.00,0.00,0.00,190.00,45952.05,0.00
8.67,0.00,0.00,2.00,7204.00,0.00,0.00,190.00,44986.08,0.00
8.67,0.00,0.00,2.00,7204.00,0.00,0.00,190.00,44103.57,0.00
8.68,0.00,0.00,2.00,7204.00,0.00,0.00,190.00,43297.32,0.00
8.69,0.00,0.00,2.00,7204.00,0.00,0.00,190.00,42560.73,0.00
8.69,0.00,0.00,2.00,7204.00,0.00,0.00,190.00,41887.79,0.00
8.70,0.00,0.00,2.00,7204.00,0.00,0.00,190.00,41273.00,0.00
8.71,0.00,0.00,2.00,7204.00,0.00,0.00,190.00,40711.33,0.00
8.72,0.00,0.00,2.00,7204.00,0.00,0.00,190.00,40198.19,0.00
8.72,0.00,0.00,2.00,7204.00,0.00,0.00,190.00,39729.40,0.00
8.73,0.00,0.00,2.00,7204.00,0.00,0.00,190.00,39301.10,0.00
8.74,0.00,0.00,2.00,7204.00,0.00,0.00,190.00,38909.82,0.00
8.74,0.00,0.00,2.00,7204.00,0.00,0.00,190.00,38552.35,0.00
8.75,0.00,0.00,2.00,7204.00,0.00,0.00,190.00,38225.76,0.00
8.76,0.00,0.00,1.00,7205.00,0.00,0.00,190.00,36425.08,0.00
8.76,0.00,0.00,1.00,7205.00,0.00,0.00,190.00,34780.00,0.00
8.77,0.00,0.00,1.00,7205.00,0.00,0.00,190.00,33277.06,0.00
8.78,0.00,0.00,1.00,7205.00,0.00,0.00,190.00,31903.98,0.00
8.78,0.00,0.00,1.00,7205.00,0.00,0.00,190.00,30649.55,0.00
8.79,0.00,0.00,1.00,7205.00,0.00,0.00,190.00,29503.52,0.00
8.80,0.00,0.00,1.00,7205.00,0.00,0.00,190.00,28456.50,0.00
8.81,0.00,0.00,1.00,7205.00,0.00,0.00,190.00,27499.96,0.00
8.81,0.00,0.00,1.00,7205.00,0.00,0.00,190.00,26626.07,0.00
8.82,0.00,0.00,1.00,7205.00,0.00,0.00,190.00,25827.69,0.00
8.83,0.00,0.00,1.00,7205.00,0.00,0.00,190.00,25098.30,0.00
8.83,0.00,0.00,1.00,7205.00,0.00,0.00,190.00,24431.93,0.00
8.84,0.00,0.00,1.00,7205.00,0.00,0.00,190.00,23823.14,0.00
8.85,0.00,0.00,1.00,7205.00,0.00,0.00,190.00,23266.96,0.00
8.85,0.00,0.00,1.00,7205.00,0.00,0.00,190.00,22758.83,0.00
8.86,0.00,0.00,1.00,7205.00,0.00,0.00,190.00,22294.61,0.00
8.87,0.00,0.00,0.00,7206.00,0.00,0.00,190.00,20368.19,0.00
8.88,0.00,0.00,0.00,7206.00,0.00,0.00,190.00,18608.23,0.00
8.88,0.00,0.00,0.00,7206.00,0.00,0.00,190.00,17000.34,0.00
8.89,0.00,0.00,0.00,7206.00,0.00,0.00,190.00,15531.38,0.00
8.90,0.00,0.00,0.00,7206.00,0.00,0.00,190.00,14189.35,0.00
8.90,0.00,0.00,0.00,7206.00,0.00,0.00,190.00,12963.29,0.00
8.91,0.00,0.00,0.00,7206.00,0.00,0.00,190.00,11843.16,0.00
8.92,0.00,0.00,0.00,7206.00,0.00,0.00,190.00,10819.82,0.00
8.92,0.00,0.00,0.00,7206.00,0.00,0.00,190.00,9884.91,0.00
8.93,0.00,0.00,0.00,7206.00,0.00,0.00,190.00,9030.78,0.00
8.94,0.00,0.00,0.00,7206.00,0.00,0.00,190.00,8250.45,0.00
8.94,0.00,0.00,0.00,7206.00,0.00,0.00,190.00,7537.55,0.00
8.95,0.00,0.00,0.00,7206.00,0.00,0.00,190.00,6886.25,0.00
8.96,0.00,0.00,0.00,7206.00,0.00,0.00,190.00,6291.23,0.00
8.97,0.00,0.00,0.00,7206.00,0.00,0.00,190.00,5747.62,0.00
8.97,0.00,0.00,0.00,7206.00,0.00,0.00,190.00,5250.98,0.00
8.98,0.00,0.00,0.00,7206.00,0.00,0.00,190.00,4797.26,0.00
8.99,0.00,0.00,0.00,7206.00,0.00,0.00,190.00,4382.74,0.00
8.99,0.00,0.00,0.00,7206.00,0.00,0.00,190.00,4004.04,0.00
9.00,0.00,0.00,0.00,7206.00,0.00,0.00,190.00,3658.06,0.00
9.01,0.00,0.00,0.00,7206.00,0.00,0.00,190.00,3341.97,0.00
9.01,0.00,0.00,0.00,7206.00,0.00,0.00,190.00,3053.20,0.00
9.02,0.00,0.00,0.00,7206.00,0.00,0.00,190.00,2789.38,0.00
9.03,0.00,0.00,0.00,7206.00,0.00,0.00,190.00,2548.36,0.00
9.03,0.00,0.00,0.00,7206.00,0.00,0.00,190.00,2328.16,0.00
9.04,0.00,0.00,0.00,7206.00,0.00,0.00,190.00,2126.99,0.00
9.05,0.00,0.00,0.00,7206.00,0.00,0.00,190.00,1943.20,0.00
9.06,0.00,0.00,0.00,7206.00,0.00,0.00,190.00,1775.30,0.00
9.06,0.00,0.00,0.00,7206.00,0.00,0.00,190.00,1621.90,0.00
9.07,0.00,0.00,0.00,7206.00,0.00,0.00,190.00,1481.75,0.00
9.08,0.00,0.00,0.00,7206.00,0.00,0.00,190.00,1353.72,0.00
9.08,0.00,0.00,0.00,7206.00,0.00,0.00,190.00,1236.75,0.00
9.09,0.00,0.00,0.00,7206.00,0.00,0.00,190.00,1129.88,0.00
9.10,0.00,0.00,0.00,7206.00,0.00,0.00,190.00,1032.25,0.00
9.10,0.00,0.00,0.00,7206.00,0.00,0.00,190.00,943.06,0.00
9.11,0.00,0.00,0.00,7206.00,0.00,0.00,190.00,861.57,0.00
9.12,0.00,0.00,0.00,7206.00,0.00,0.00,190.00,787.12,0.00
9.12,0.00,0.00,0.00,7206.00,0.00,0.00,190.00,719.11,0.00
9.13,0.00,0.00,0.00,7206.00,0.00,0.00,190.00,656.97,0.00
9.14,0.00,0.00,0.00,7206.00,0.00,0.00,190.00,600.21,0.00
9.15,0.00,0.00,0.00,7206.00,0.00,0.00,190.00,548.34,0.00
9.15,0.00,0.00,0.00,7206.00,0.00,0.00,190.00,500.96,0.00
9.16,0.00,0.00,0.00,7206.00,0.00,0.00,190.00,457.68,0.00
9.17,0.00,0.00,0.00,7206.00,0.00,0.00,190.00,418.13,0.00
9.17,0.00,0.00,0.00,7206.00,0.00,0.00,190.00,382.00,0.00
9.18,0.00,0.00,0.00,7206.00,0.00,0.00,190.00,348.99,0.00
9.19,0.00,0.00,0.00,7206.00,0.00,0.00,190.00,318.84,0.00
9.19,0.00,0.00,0.00,7206.00,0.00,0.00,190.00,291.29,0.00
9.20,0.00,0.00,0.00,7206.00,0.00,0.00,190.00,266.12,0.00
9.21,0.00,0.00,0.00,7206.00,0.00,0.00,190.00,243.12,0.00
9.22,0.00,0.00,0.00,7206.00,0.00,0.00,190.00,222.12,0.00
9.22,0.00,0.00,0.00,7206.00,0.00,0.00,190.00,202.92,0.00
9.23,0.00,0.00,0.00,7206.00,0.00,0.00,190.00,185.39,0.00
9.24,0.00,0.00,0.00,7206.00,0.00,0.00,190.00,169.37,0.00
9.24,0.00,0.00,0.00,7206.00,0.00,0.00,190.00,154.74,0.00
9.25,0.00,0.00,0.00,7206.00,0.00,0.00,190.00,141.36,0.00
9.26,0.00,0.00,0.00,7206.00,0.00,0.00,190.00,129.15,0.00
9.26,0.00,0.00,0.00,7206.00,0.00,0.00,190.00,117.99,0.00
9.27,0.00,0.00,0.00,7206.00,0.00,0.00,190.00,107.80,0.00
9.28,0.00,0.00,0.00,7206.00,0.00,0.00,190.00,98.48,0.00
9.28,0.00,0.00,0.00,7206.00,0.00,0.00,190.00,89.97,0.00
9.29,0.00,0.00,0.00,7206.00,0.00,0.00,190.00,82.20,0.00
9.30,0.00,0.00,0.00,7206.00,0.00,0.00,190.00,75.09,0.00
9.31,0.00,0.00,0.00,7206.00,0.00,0.00,190.00,68.61,0.00
9.31,0.00,0.00,0.00,7206.00,0.00,0.00,190.00,62.68,0.00
9.32,0.00,0.00,0.00,7206.00,0.00,0.00,190.00,57.26,0.00
9.33,0.00,0.00,0.00,7206.00,0.00,0.00,190.00,52.31,0.00
9.33,0.00,0.00,0.00,7206.00,0.00,0.00,190.00,47.79,0.00
9.34,0.00,0.00,0.00,7206.00,0.00,0.00,190.00,43.66,0.00
9.35,0.00,0.00,0.00,7206.00,0.00,0.00,190.00,39.89,0.00
9.35,0.00,0.00,0.00,7206.00,0.00,0.00,190.00,36.44,0.00
9.36,0.00,0.00,0.00,7206.00,0.00,0.00,190.00,33.30,0.00
9.37,0.00,0.00,0.00,7206.00,0.00,0.00,190.00,30.42,0.00
9.38,0.00,0.00,0.00,7206.00,0.00,0.00,190.00,27.79,0.00
9.38,0.00,0.00,0.00,7206.00,0.00,0.00,190.00,25.39,0.00
9.39,0.00,0.00,0.00,7206.00,0.00,0.00,190.00,23.19,0.00
9.40,0.00,0.00,0.00,7206.00,0.00,0.00,190.00,21.19,0.00
9.40,0.00,0.00,0.00,7206.00,0.00,0.00,190.00,19.36,0.00
9.41,0.00,0.00,0.00,7206.00,0.00,0.00,190.00,17.69,0.00
9.42,0.00,0.00,0.00,7206.00,0.00,0.00,190.00,16.16,0.00
9.42,0.00,0.00,0.00,7206.00,0.00,0.00,190.00,14.76,0.00
9.43,0.00,0.00,0.00,7206.00,0.00,0.00,190.00,13.49,0.00
9.44,0.00,0.00,0.00,7206.00,0.00,0.00,190.00,12.32,0.00
9.44,0.00,0.00,0.00,7206.00,0.00,0.00,190.00,11.26,0.00
9.45,0.00,0.00,0.00,7206.00,0.00,0.00,190.00,10.28,0.00
9.46,0.00,0.00,0.00,7206.00,0.00,0.00,190.00,9.40,0.00
9.47,0.00,0.00,0.00,7206.00,0.00,0.00,190.00,8.58,0.00
9.47,0.00,0.00,0.00,7206.00,0.00,0.00,190.00,7.84,0.00
9.48,0.00,0.00,0.00,7206.00,0.00,0.00,190.00,7.16,0.00
9.49,0.00,0.00,0.00,7206.00,0.00,0.00,190.00,6.55,0.00
9.49,0.00,0.00,0.00,7206.00,0.00,0.00,190.00,5.98,0.00
9.50,0.00,0.00,0.00,7206.00,0.00,0.00,190.00,5.46,0.00
9.51,0.00,0.00,0.00,7206.00,0.00,0.00,190.00,4.99,0.00
9.51,0.00,0.00,0.00,7206.00,0.00,0.00,190.00,4.56,0.00
9.52,0.00,0.00,0.00,7206.00,0.00,0.00,190.00,4.17,0.00
9.53,0.00,0.00,0.00,7206.00,0.00,0.00,190.00,3.81,0.00
9.53,0.00,0.00,0.00,7206.00,0.00,0.00,190.00,3.48,0.00
9.54,0.00,0.00,0.00,7206.00,0.00,0.00,190.00,3.18,0.00
9.55,0.00,0.00,0.00,7206.00,0.00,0.00,190.00,2.90,0.00
9.56,0.00,0.00,0.00,7206.00,0.00,0.00,190.00,2.65,0.00
9.56,0.00,0.00,0.00,7206.00,0.00,0.00,190.00,2.42,0.00
9.57,0.00,0.00,0.00,7206.00,0.00,0.00,190.00,2.21,0.00
9.58,0.00,0.00,0.00,7206.00,0.00,0.00,190.00,2.02,0.00
9.58,0.00,0.00,0.00,7206.00,0.00,0.00,190.00,1.85,0.00
9.59,0.00,0.00,0.00,7206.00,0.00,0.00,190.00,1.69,0.00
9.60,0.00,0.00,0.00,7206.00,0.00,0.00,190.00,1.54,0.00
9.60,0.00,0.00,0.00,7206.00,0.00,0.00,190.00,1.41,0.00
9.61,0.00,0.00,0.00,7206.00,0.00,0.00,190.00,1.29,0.00
9.62,0.00,0.00,0.00,7206.00,0.00,0.00,190.00,1.18,0.00
9.62,0.00,0.00,0.00,7206.00,0.00,0.00,190.00,1.07,0.00
9.63,0.00,0.00,0.00,7206.00,0.00,0.00,190.00,0.98,0.00
9.64,0.00,0.00,0.00,7206.00,0.00,0.00,190.00,0.90,0.00
9.65,0.00,0.00,0.00,7206.00,0.00,0.00,190.00,0.82,0.00
9.65,0.00,0.00,0.00,7206.00,0.00,0.00,190.00,0.75,0.00
9.66,0.00,0.00,0.00,7206.00,0.00,0.00,190.00,0.68,0.00
9.67,0.00,0.00,0.00,7206.00,0.00,0.00,190.00,0.62,0.00
9.67,0.00,0.00,0.00,7206.00,0.00,0.00,190.00,0.57,0.00
9.68,0.00,0.00,0.00,7206.00,0.00,0.00,190.00,0.52,0.00
9.69,0.00,0.00,0.00,7206.00,0.00,0.00,190.00,0.48,0.00
9.69,0.00,0.00,0.00,7206.00,0.00,0.00,190.00,0.44,0.00
9.70,0.00,0.00,0.00,7206.00,0.00,0.00,190.00,0.40,0.00
9.71,0.00,0.00,0.00,7206.00,0.00,0.00,190.00,0.36,0.00
9.72,0.00,0.00,0.00,7206.00,0.00,0.00,190.00,0.33,0.00
9.72,0.00,0.00,0.00,7206.00,0.00,0.00,190.00,0.30,0.00
9.73,0.00,0.00,0.00,7206.00,0.00,0.00,190.00,0.28,0.00
9.74,0.00,0.00,0.00,7206.00,0.00,0.00,190.00,0.25,0.00
9.74,0.00,0.00,0.00,7206.00,0.00,0.00,190.00,0.23,0.00
9.75,0.00,0.00,0.00,7206.00,0.00,0.00,190.00,0.21,0.00
9.76,0.00,0.00,0.00,7206.00,0.00,0.00,190.00,0.19,0.00
9.76,0.00,0.00,0.00,7206.00,0.00,0.00,190.00,0.18,0.00
9.77,0.00,0.00,0.00,7206.00,0.00,0.00,190.00,0.16,0.00
9.78,0.00,0.00,0.00,7206.00,0.00,0.00,190.00,0.15,0.00
9.78,0.00,0.00,0.00,7206.00,0.00,0.00,190.00,0.13,0.00
9.79,0.00,0.00,0.00,7206.00,0.00,0.00,190.00,0.12,0.00
9.80,0.00,0.00,0.00,7206.00,0.00,0.00,190.00,0.11,0.00
9.81,0.00,0.00,0.00,7206.00,0.00,0.00,190.00,0.10,0.00
9.81,0.00,0.00,0.00,7206.00,0.00,0.00,190.00,0.09,0.00
9.82,0.00,0.00,0.00,7206.00,0.00,0.00,190.00,0.09,0.00
9.83,0.00,0.00,0.00,7206.00,0.00,0.00,190.00,0.08,0.00
9.83,0.00,0.00,0.00,7206.00,0.00,0.00,190.00,0.07,0.00
9.84,0.00,0.00,0.00,7206.00,0.00,0.00,190.00,0.07,0.00
9.85,0.00,0.00,0.00,7206.00,0.00,0.00,190.00,0.06,0.00
9.85,0.00,0.00,0.00,7206.00,0.00,0.00,190.00,0.05,0.00
9.86,0.00,0.00,0.00,7206.00,0.00,0.00,190.00,0.05,0.00
9.87,0.00,0.00,0.00,7206.00,0.00,0.00,190.00,0.05,0.00
9.88,0.00,0.00,0.00,7206.00,0.00,0.00,190.00,0.04,0.00
9.88,0.00,0.00,0.00,7206.00,0.00,0.00,190.00,0.04,0.00
9.89,0.00,0.00,0.00,7206.00,0.00,0.00,190.00,0.03,0.00
9.90,0.00,0.00,0.00,7206.00,0.00,0.00,190.00,0.03,0.00
9.90,0.00,0.00,0.00,7206.00,0.00,0.00,190.00,0.03,0.00
9.91,0.00,0.00,0.00,7206.00,0.00,0.00,190.00,0.03,0.00
9.92,0.00,0.00,0.00,7206.00,0.00,0.00,190.00,0.02,0.00
9.92,0.00,0.00,0.00,7206.00,0.00,0.00,190.00,0.02,0.00
9.93,0.00,0.00,0.00,7206.00,0.00,0.00,190.00,0.02,0.00
9.94,0.00,0.00,0.00,7206.00,0.00,0.00,190.00,0.02,0.00
9.94,0.00,0.00,0.00,7206.00,0.00,0.00,190.00,0.02,0.00
9.95,0.00,0.00,0.00,7206.00,0.00,0.00,190.00,0.02,0.00
9.96,0.00,0.00,0.00,7206.00,0.00,0.00,190.00,0.01,0.00
9.97,0.00,0.00,0.00,7206.00,0.00,0.00,190.00,0.01,0.00
9.97,0.00,0.00,0.00,7206.00,0.00,0.00,190.00,0.01,0.00
9.98,0.00,0.00,0.00,7206.00,0.00,0.00,190.00,0.01,0.00
9.99,0.00,0.00,0.00,7206.00,0.00,0.00,190.00,0.01,0.00
9.99,0.00,0.00,0.00,7206.00,0.00,0.00,190.00,0.01,0.00
