Time,U,AI1,AI2,AD,BI2,BI2,BD,VA,VB
0.00,7394.00,0.00,0.00,0.00,2.00,0.00,0.00,75.00,75.00
0.01,7391.00,2.00,0.00,0.00,3.00,0.00,0.00,68.47,68.47
0.01,7390.00,3.00,0.00,0.00,3.00,0.00,0.00,62.51,62.51
0.02,7389.00,2.00,1.00,0.00,4.00,0.00,0.00,72.09,57.06
0.03,7389.00,2.00,1.00,0.00,4.00,0.00,0.00,80.83,52.10
0.03,7387.00,4.00,1.00,0.00,4.00,0.00,0.00,88.82,47.56
0.04,7386.00,5.00,1.00,0.00,4.00,0.00,0.00,96.11,43.42
0.05,7381.00,8.00,2.00,0.00,5.00,0.00,0.00,117.78,39.64
0.06,7380.00,9.00,1.00,1.00,5.00,0.00,0.00,122.55,36.19
0.06,7377.00,12.00,1.00,1.00,5.00,0.00,0.00,126.90,33.03
0.07,7376.00,13.00,1.00,1.00,4.00,1.00,0.00,130.88,45.18
0.08,7375.00,14.00,1.00,1.00,4.00,1.00,0.00,134.50,56.27
0.08,7374.00,14.00,2.00,1.00,4.00,1.00,0.00,152.84,66.39
0.09,7372.00,15.00,2.00,1.00,5.00,1.00,0.00,169.58,75.64
0.10,7371.00,16.00,2.00,1.00,5.00,1.00,0.00,184.86,84.07
0.10,7371.00,16.00,2.00,1.00,5.00,1.00,0.00,198.81,91.78
0.11,7369.00,17.00,2.00,1.00,6.00,1.00,0.00,211.54,98.81
0.12,7366.00,18.00,3.00,1.00,6.00,2.00,0.00,238.19,120.25
0.12,7363.00,19.00,4.00,1.00,7.00,2.00,0.00,277.54,139.82
0.13,7360.00,21.00,4.00,1.00,7.00,2.00,1.00,313.47,157.70
0.14,7357.00,24.00,4.00,1.00,7.00,2.00,1.00,346.26,174.01
0.15,7353.00,28.00,4.00,1.00,7.00,2.00,1.00,376.21,188.90
0.15,7348.00,31.00,4.00,2.00,8.00,2.00,1.00,403.54,202.50
0.16,7345.00,32.00,4.00,2.00,9.00,3.00,1.00,428.49,229.94
0.17,7342.00,35.00,3.00,3.00,9.00,3.00,1.00,436.25,254.99
0.17,7339.00,37.00,4.00,3.00,9.00,3.00,1.00,458.36,277.85
0.18,7338.00,37.00,4.00,3.00,10.00,3.00,1.00,478.54,298.73
0.19,7334.00,38.00,4.00,3.00,13.00,3.00,1.00,496.96,317.78
0.19,7331.00,40.00,4.00,3.00,13.00,4.00,1.00,513.78,350.21
0.20,7326.00,41.00,5.00,3.00,15.00,5.00,1.00,544.16,394.83
0.21,7322.00,41.00,6.00,3.00,18.00,5.00,1.00,586.91,435.56
0.22,7318.00,43.00,6.00,3.00,20.00,5.00,1.00,625.95,472.75
0.22,7316.00,42.00,8.00,3.00,21.00,5.00,1.00,691.63,506.70
0.23,7311.00,41.00,9.00,3.00,25.00,6.00,1.00,766.61,552.72
0.24,7304.00,44.00,9.00,4.00,25.00,9.00,1.00,835.07,639.80
0.24,7296.00,48.00,9.00,4.00,26.00,12.00,1.00,897.56,764.36
0.25,7288.00,50.00,11.00,4.00,29.00,13.00,1.00,984.66,893.11
0.26,7278.00,53.00,11.00,5.00,33.00,15.00,1.00,1064.17,1040.69
0.26,7268.00,58.00,12.00,5.00,36.00,16.00,1.00,1151.79,1190.44
0.27,7257.00,62.00,13.00,5.00,42.00,16.00,1.00,1246.79,1327.15
0.28,7245.00,68.00,13.00,6.00,44.00,19.00,1.00,1333.53,1497.03
0.28,7233.00,70.00,16.00,6.00,49.00,20.00,2.00,1457.78,1667.13
0.29,7218.00,74.00,17.00,6.00,58.00,20.00,3.00,1586.24,1822.43
0.30,7212.00,76.00,19.00,6.00,58.00,21.00,4.00,1733.55,1979.22
0.31,7199.00,78.00,22.00,6.00,61.00,26.00,4.00,1913.11,2197.48
0.31,7184.00,84.00,25.00,6.00,67.00,26.00,4.00,2122.10,2396.74
0.32,7170.00,89.00,28.00,6.00,73.00,25.00,5.00,2357.97,2563.62
0.33,7157.00,94.00,31.00,6.00,75.00,28.00,5.00,2618.36,2761.03
0.33,7136.00,102.00,33.00,6.00,83.00,31.00,5.00,2886.13,2986.33
0.34,7114.00,111.00,37.00,6.00,88.00,34.00,6.00,3190.67,3237.08
0.35,7096.00,117.00,38.00,6.00,98.00,35.00,6.00,3483.72,3481.02
0.35,7076.00,127.00,40.00,8.00,101.00,38.00,6.00,3781.30,3748.78
0.36,7061.00,130.00,42.00,9.00,109.00,38.00,7.00,4083.01,3993.23
0.37,7047.00,138.00,44.00,10.00,109.00,41.00,7.00,4388.49,4261.47
0.38,7029.00,147.00,47.00,10.00,112.00,43.00,8.00,4712.45,4536.39
0.38,7011.00,154.00,50.00,11.00,113.00,47.00,10.00,5053.26,4847.47
0.39,6993.00,164.00,50.00,12.00,117.00,50.00,10.00,5364.40,5176.52
0.40,6970.00,171.00,52.00,13.00,126.00,53.00,11.00,5678.49,5522.00
0.40,6949.00,180.00,54.00,15.00,129.00,57.00,12.00,5995.28,5897.48
0.41,6924.00,189.00,54.00,18.00,135.00,62.00,14.00,6284.48,6315.39
0.42,6904.00,195.00,56.00,19.00,145.00,60.00,17.00,6578.55,6666.86
0.42,6881.00,199.00,63.00,20.00,154.00,60.00,19.00,6952.18,6987.72
0.43,6863.00,205.00,68.00,20.00,153.00,67.00,20.00,7368.38,7385.81
0.44,6841.00,210.00,68.00,23.00,161.00,73.00,20.00,7748.34,7839.37
0.44,6817.00,219.00,70.00,25.00,169.00,75.00,21.00,8125.27,8283.48
0.45,6788.00,230.00,71.00,27.00,179.00,79.00,22.00,8484.39,8749.02
0.46,6759.00,235.00,81.00,27.00,188.00,84.00,22.00,8962.48,9249.13
0.47,6721.00,252.00,86.00,28.00,198.00,89.00,22.00,9474.05,9780.81
0.47,6688.00,261.00,89.00,34.00,204.00,95.00,25.00,9986.15,10356.33
0.48,6649.00,277.00,92.00,36.00,213.00,102.00,27.00,10498.72,10986.91
0.49,6620.00,277.00,100.00,38.00,223.00,111.00,27.00,11086.85,11697.78
0.49,6585.00,281.00,106.00,40.00,239.00,114.00,31.00,11713.90,12391.82
0.50,6550.00,284.00,115.00,42.00,253.00,120.00,32.00,12421.56,13115.56
0.51,6525.00,287.00,121.00,47.00,257.00,124.00,35.00,13157.74,13836.38
0.51,6485.00,300.00,128.00,47.00,266.00,135.00,35.00,13934.98,14659.68
0.52,6442.00,317.00,134.00,49.00,278.00,140.00,36.00,14734.67,15486.42
0.53,6404.00,332.00,140.00,51.00,282.00,149.00,38.00,15554.87,16376.37
0.53,6360.00,345.00,153.00,51.00,294.00,153.00,40.00,16498.96,17248.92
0.54,6327.00,345.00,164.00,54.00,309.00,155.00,42.00,17526.09,18075.53
0.55,6287.00,354.00,173.00,54.00,323.00,160.00,45.00,18598.98,18905.29
0.56,6240.00,357.00,187.00,58.00,339.00,168.00,47.00,19788.78,19782.98
0.56,6192.00,369.00,197.00,61.00,353.00,175.00,49.00,21025.21,20689.40
0.57,6151.00,384.00,208.00,62.00,354.00,187.00,50.00,22319.23,21697.18
0.58,6106.00,394.00,220.00,67.00,357.00,198.00,54.00,23680.85,22782.45
0.58,6061.00,401.00,232.00,71.00,365.00,207.00,59.00,25104.18,23908.43
0.59,5999.00,426.00,242.00,74.00,379.00,215.00,61.00,26553.81,25056.55
0.60,5956.00,436.00,253.00,77.00,380.00,228.00,66.00,28042.46,26300.00
0.60,5901.00,445.00,264.00,80.00,398.00,240.00,68.00,29566.74,27615.45
0.61,5849.00,458.00,273.00,86.00,411.00,249.00,70.00,31093.50,28951.57
0.62,5810.00,462.00,285.00,92.00,412.00,263.00,72.00,32667.59,30381.66
0.62,5758.00,482.00,292.00,97.00,419.00,271.00,77.00,34209.78,31807.42
0.63,5710.00,487.00,310.00,99.00,429.00,282.00,79.00,35888.10,33274.28
0.64,5651.00,500.00,324.00,103.00,445.00,290.00,83.00,37630.60,34733.59
0.65,5618.00,500.00,337.00,107.00,447.00,301.00,86.00,39416.67,36231.09
0.65,5557.00,517.00,354.00,108.00,458.00,310.00,92.00,41302.61,37733.40
0.66,5497.00,531.00,360.00,112.00,485.00,316.00,95.00,43114.47,39195.03
0.67,5443.00,545.00,367.00,114.00,502.00,325.00,100.00,44873.72,40664.60
0.67,5400.00,557.00,380.00,117.00,503.00,332.00,107.00,46675.08,42111.37
0.68,5352.00,569.00,390.00,119.00,511.00,346.00,109.00,48469.82,43642.48
0.69,5303.00,581.00,398.00,121.00,523.00,358.00,112.00,50228.47,45220.55
0.69,5254.00,584.00,410.00,125.00,541.00,366.00,116.00,52014.26,46781.39
0.70,5207.00,590.00,425.00,128.00,543.00,384.00,119.00,53869.89,48476.73
0.71,5164.00,592.00,440.00,131.00,544.00,401.00,124.00,55789.29,50279.84
0.72,5099.00,603.00,449.00,138.00,563.00,415.00,129.00,57676.76,52136.27
0.72,5049.00,607.00,465.00,140.00,574.00,430.00,131.00,59640.26,54056.40
0.73,5000.00,619.00,471.00,145.00,587.00,439.00,135.00,61522.91,55944.53
0.74,4948.00,624.00,485.00,149.00,592.00,454.00,144.00,63451.96,57893.61
0.74,4905.00,620.00,499.00,152.00,607.00,464.00,149.00,65423.35,59823.19
0.75,4858.00,621.00,511.00,159.00,611.00,485.00,151.00,67403.37,61900.24
0.76,4811.00,638.00,512.00,169.00,610.00,500.00,156.00,69225.99,64021.78
0.76,4760.00,639.00,528.00,169.00,621.00,517.00,162.00,71130.28,66213.97
0.77,4707.00,637.00,545.00,172.00,640.00,527.00,168.00,73124.14,68365.51
0.78,4666.00,630.00,565.00,177.00,648.00,538.00,172.00,75244.85,70494.96
0.78,4615.00,645.00,572.00,179.00,656.00,551.00,178.00,77286.05,72634.28
0.79,4565.00,644.00,588.00,183.00,672.00,562.00,182.00,79389.89,74752.57
0.80,4508.00,648.00,606.00,186.00,678.00,584.00,186.00,81580.95,77016.92
0.81,4461.00,657.00,616.00,190.00,675.00,608.00,189.00,83731.45,79444.66
0.81,4414.00,662.00,624.00,196.00,687.00,621.00,192.00,85814.88,81856.29
0.82,4365.00,667.00,641.00,203.00,688.00,637.00,195.00,87972.28,84298.30
0.83,4305.00,675.00,656.00,207.00,701.00,651.00,201.00,90167.18,86738.00
0.83,4255.00,674.00,664.00,217.00,714.00,665.00,207.00,92291.13,89175.58
0.84,4212.00,678.00,678.00,222.00,714.00,679.00,213.00,94440.47,91611.22
0.85,4167.00,679.00,686.00,230.00,724.00,692.00,218.00,96522.83,94030.09
0.85,4116.00,695.00,690.00,237.00,726.00,705.00,227.00,98483.96,96433.62
0.86,4078.00,700.00,704.00,239.00,722.00,721.00,232.00,100484.65,98868.24
0.87,4022.00,707.00,712.00,248.00,732.00,739.00,236.00,102431.31,101361.28
0.88,3966.00,705.00,737.00,251.00,737.00,757.00,243.00,104584.05,103907.65
0.88,3926.00,699.00,759.00,253.00,734.00,776.00,249.00,106879.84,106517.73
0.89,3880.00,696.00,778.00,256.00,740.00,792.00,254.00,109261.16,109140.90
0.90,3815.00,693.00,801.00,261.00,763.00,806.00,257.00,111780.65,111745.99
0.90,3762.00,690.00,822.00,265.00,776.00,819.00,262.00,114396.25,114319.53
0.91,3710.00,700.00,832.00,270.00,775.00,841.00,268.00,116934.32,116999.49
0.92,3663.00,712.00,837.00,278.00,776.00,859.00,271.00,119326.50,119716.51
0.92,3595.00,721.00,850.00,282.00,800.00,871.00,277.00,121705.68,122377.21
0.93,3541.00,718.00,868.00,287.00,814.00,888.00,280.00,124148.11,125061.63
0.94,3495.00,710.00,887.00,290.00,824.00,901.00,289.00,126663.29,127707.59
0.94,3455.00,700.00,911.00,294.00,824.00,917.00,295.00,129320.03,130363.53
0.95,3385.00,702.00,935.00,302.00,836.00,936.00,300.00,132105.97,133073.64
0.96,3333.00,706.00,953.00,309.00,835.00,957.00,303.00,134919.75,135863.25
0.97,3274.00,699.00,975.00,320.00,844.00,973.00,311.00,137819.02,138650.32
0.97,3215.00,702.00,996.00,327.00,852.00,990.00,314.00,140781.32,141450.09
0.98,3166.00,705.00,1008.00,335.00,855.00,1006.00,321.00,143665.96,144246.44
0.99,3114.00,707.00,1026.00,339.00,862.00,1020.00,328.00,146569.82,147009.63
0.99,3069.00,708.00,1042.00,348.00,856.00,1037.00,336.00,149461.20,149787.59
1.00,3019.00,713.00,1056.00,351.00,863.00,1052.00,342.00,152311.14,152549.01
1.01,2974.00,714.00,1071.00,355.00,868.00,1064.00,350.00,155138.25,155250.26
1.01,2927.00,722.00,1078.00,359.00,875.00,1078.00,357.00,157824.36,157926.61
1.02,2870.00,736.00,1092.00,365.00,871.00,1101.00,361.00,160486.90,160715.45
1.03,2822.00,738.00,1107.00,370.00,876.00,1119.00,364.00,163142.93,163531.87
1.03,2768.00,748.00,1123.00,374.00,876.00,1139.00,368.00,165808.07,166403.50
1.04,2725.00,743.00,1149.00,381.00,862.00,1157.00,379.00,168631.73,169295.50
1.05,2667.00,741.00,1172.00,386.00,874.00,1170.00,386.00,171555.05,172130.98
1.06,2618.00,746.00,1178.00,394.00,877.00,1191.00,392.00,174313.96,175035.04
1.06,2572.00,744.00,1196.00,399.00,872.00,1211.00,402.00,177103.05,177986.69
1.07,2521.00,756.00,1207.00,405.00,868.00,1233.00,406.00,179814.54,181011.83
1.08,2474.00,756.00,1221.00,416.00,858.00,1255.00,416.00,182500.24,184104.06
1.08,2415.00,761.00,1231.00,427.00,861.00,1281.00,420.00,185102.31,187317.63
1.09,2373.00,769.00,1239.00,432.00,853.00,1302.00,428.00,187597.99,190566.87
1.10,2320.00,769.00,1257.00,438.00,858.00,1323.00,431.00,190146.77,193848.66
1.10,2263.00,772.00,1268.00,446.00,870.00,1340.00,437.00,192638.87,197100.08
1.11,2215.00,778.00,1280.00,454.00,862.00,1365.00,442.00,195094.24,200443.95
1.12,2163.00,779.00,1300.00,461.00,866.00,1379.00,448.00,197636.27,203706.98
1.12,2118.00,787.00,1312.00,466.00,859.00,1403.00,451.00,200137.23,207046.43
1.13,2070.00,777.00,1334.00,473.00,865.00,1417.00,460.00,202750.92,210305.42
1.14,2022.00,781.00,1349.00,478.00,866.00,1431.00,469.00,205362.37,213490.95
1.15,1963.00,793.00,1367.00,481.00,864.00,1454.00,474.00,208016.85,216744.63
1.15,1914.00,801.00,1380.00,485.00,865.00,1471.00,480.00,210635.48,219970.39
1.16,1862.00,802.00,1404.00,489.00,864.00,1489.00,486.00,213386.65,223185.67
1.17,1817.00,801.00,1422.00,495.00,864.00,1506.00,491.00,216168.67,226376.38
1.17,1776.00,801.00,1442.00,500.00,849.00,1535.00,493.00,219008.91,229724.92
1.18,1726.00,804.00,1461.00,509.00,848.00,1544.00,504.00,221887.27,232917.09
1.19,1679.00,804.00,1486.00,511.00,843.00,1560.00,513.00,224890.57,236071.67
1.19,1629.00,801.00,1513.00,513.00,835.00,1583.00,522.00,228037.98,239297.10
1.20,1575.00,800.00,1538.00,519.00,848.00,1585.00,531.00,231286.91,242271.71
1.21,1539.00,799.00,1550.00,526.00,839.00,1602.00,541.00,234433.21,245242.70
1.22,1492.00,795.00,1567.00,534.00,835.00,1625.00,548.00,237560.93,248300.52
1.22,1451.00,803.00,1581.00,539.00,822.00,1648.00,552.00,240626.63,251437.60
1.23,1409.00,804.00,1594.00,547.00,820.00,1659.00,563.00,243620.68,254466.78
1.24,1371.00,802.00,1610.00,555.00,802.00,1687.00,569.00,246594.39,257652.84
1.24,1330.00,794.00,1638.00,558.00,806.00,1695.00,575.00,249729.81,260681.65
1.25,1286.00,797.00,1653.00,563.00,809.00,1707.00,581.00,252817.56,263627.00
1.26,1240.00,800.00,1672.00,567.00,800.00,1730.00,587.00,255921.87,266661.41
1.26,1201.00,797.00,1697.00,571.00,794.00,1740.00,596.00,259131.46,269581.84
1.27,1167.00,797.00,1707.00,579.00,781.00,1765.00,600.00,262211.79,272623.54
1.28,1126.00,796.00,1722.00,589.00,776.00,1779.00,608.00,265249.25,275610.70
1.28,1095.00,783.00,1746.00,596.00,767.00,1796.00,613.00,268382.78,278593.15
1.29,1058.00,782.00,1762.00,601.00,765.00,1807.00,621.00,271483.82,281481.15
1.30,1027.00,773.00,1783.00,608.00,756.00,1821.00,628.00,274630.32,284328.00
1.31,986.00,782.00,1797.00,612.00,740.00,1848.00,631.00,277713.16,287332.58
1.31,955.00,780.00,1802.00,625.00,731.00,1867.00,636.00,280602.67,290360.98
1.32,923.00,774.00,1808.00,638.00,727.00,1886.00,640.00,283330.71,293411.11
1.33,897.00,771.00,1818.00,647.00,714.00,1900.00,649.00,285971.44,296405.97
1.33,862.00,767.00,1831.00,655.00,708.00,1917.00,656.00,288577.53,299395.45
1.34,828.00,766.00,1844.00,663.00,703.00,1932.00,660.00,291151.98,302349.96
1.35,792.00,764.00,1850.00,675.00,701.00,1947.00,667.00,293592.41,305272.55
1.35,770.00,750.00,1866.00,684.00,694.00,1958.00,674.00,296060.70,308105.91
1.36,742.00,745.00,1877.00,691.00,693.00,1967.00,681.00,298479.31,310827.76
1.37,716.00,749.00,1880.00,700.00,680.00,1985.00,686.00,300732.39,313583.01
1.38,688.00,750.00,1885.00,707.00,676.00,1997.00,693.00,302864.40,316278.63
1.38,672.00,744.00,1893.00,713.00,663.00,2010.00,701.00,304930.95,318934.82
1.39,644.00,742.00,1902.00,720.00,654.00,2030.00,704.00,306952.76,321660.19
1.40,615.00,732.00,1920.00,729.00,648.00,2041.00,711.00,309068.93,324313.50
1.40,591.00,729.00,1932.00,733.00,632.00,2055.00,724.00,311181.11,326946.09
1.41,574.00,725.00,1938.00,739.00,615.00,2076.00,729.00,313199.51,329664.93
1.42,544.00,724.00,1956.00,743.00,610.00,2085.00,734.00,315312.57,332282.23
1.42,523.00,717.00,1967.00,749.00,603.00,2096.00,741.00,317406.89,334836.88
1.43,502.00,705.00,1982.00,757.00,595.00,2106.00,749.00,319544.20,337319.32
1.44,485.00,700.00,1992.00,762.00,586.00,2116.00,755.00,321645.62,339735.82
1.44,467.00,687.00,2006.00,771.00,579.00,2128.00,758.00,323774.38,342122.19
1.45,452.00,675.00,2013.00,783.00,571.00,2138.00,764.00,325822.95,344450.99
1.46,434.00,667.00,2026.00,789.00,558.00,2150.00,772.00,327888.43,346757.28
1.47,420.00,659.00,2037.00,792.00,551.00,2162.00,775.00,329939.31,349043.03
1.47,402.00,653.00,2048.00,798.00,540.00,2174.00,781.00,331976.87,351310.02
1.48,378.00,648.00,2060.00,801.00,541.00,2184.00,784.00,334017.28,353529.85
1.49,348.00,647.00,2074.00,806.00,527.00,2206.00,788.00,336090.34,355886.88
1.49,327.00,647.00,2078.00,815.00,518.00,2213.00,798.00,338042.98,358143.84
1.50,315.00,629.00,2097.00,822.00,507.00,2219.00,807.00,340111.03,360294.41
1.51,297.00,617.00,2109.00,831.00,503.00,2227.00,812.00,342179.28,362377.91
1.51,279.00,610.00,2117.00,839.00,496.00,2240.00,815.00,344187.63,364475.28
1.52,263.00,603.00,2123.00,849.00,490.00,2242.00,826.00,346111.23,366420.06
1.53,241.00,595.00,2137.00,854.00,488.00,2247.00,834.00,348077.65,368270.62
1.53,216.00,580.00,2158.00,859.00,490.00,2250.00,843.00,350188.34,370005.11
1.54,197.00,579.00,2163.00,868.00,479.00,2261.00,849.00,352190.35,371753.82
1.55,183.00,569.00,2175.00,874.00,473.00,2268.00,854.00,354198.31,373455.42
1.56,170.00,561.00,2185.00,879.00,464.00,2274.00,863.00,356181.65,375098.99
1.56,164.00,547.00,2199.00,885.00,453.00,2274.00,874.00,358202.62,376599.44
1.57,148.00,540.00,2211.00,890.00,448.00,2283.00,876.00,360227.89,378104.45
1.58,134.00,528.00,2226.00,895.00,444.00,2286.00,883.00,362302.15,379523.48
1.58,119.00,513.00,2234.00,907.00,432.00,2301.00,890.00,364315.98,381044.29
1.59,107.00,508.00,2240.00,914.00,423.00,2313.00,891.00,366244.59,382612.96
1.60,94.00,500.00,2250.00,920.00,414.00,2315.00,903.00,368155.49,384075.07
1.60,86.00,482.00,2269.00,924.00,407.00,2314.00,914.00,370185.45,385394.85
1.61,75.00,481.00,2265.00,935.00,403.00,2310.00,927.00,371978.55,386539.62
1.62,70.00,471.00,2273.00,942.00,395.00,2311.00,934.00,373735.69,387599.72
1.62,64.00,463.00,2276.00,951.00,385.00,2315.00,942.00,375384.90,388627.61
1.63,58.00,451.00,2278.00,963.00,382.00,2317.00,947.00,376920.56,389596.04
1.64,48.00,439.00,2290.00,968.00,379.00,2319.00,953.00,378502.77,390510.19
1.65,38.00,427.00,2300.00,975.00,378.00,2319.00,959.00,380097.44,391344.74
1.65,32.00,418.00,2308.00,982.00,370.00,2324.00,962.00,381673.43,392181.73
1.66,29.00,411.00,2314.00,985.00,362.00,2325.00,970.00,383202.34,392960.87
1.67,28.00,399.00,2320.00,992.00,354.00,2326.00,977.00,384688.25,393687.18
1.67,25.00,392.00,2318.00,1003.00,347.00,2328.00,983.00,386014.72,394380.30
1.68,22.00,383.00,2318.00,1015.00,337.00,2327.00,994.00,387225.70,394998.04
1.69,22.00,372.00,2319.00,1025.00,330.00,2332.00,996.00,388346.25,395637.11
1.69,19.00,369.00,2316.00,1033.00,317.00,2342.00,1000.00,389324.15,396370.76
1.70,17.00,366.00,2315.00,1039.00,310.00,2341.00,1008.00,390201.89,397025.50
1.71,16.00,361.00,2313.00,1047.00,304.00,2343.00,1012.00,390973.14,397653.27
1.72,14.00,352.00,2315.00,1055.00,291.00,2346.00,1023.00,391707.29,398271.46
1.72,12.00,349.00,2313.00,1062.00,282.00,2345.00,1033.00,392347.46,398820.79
1.73,9.00,344.00,2311.00,1071.00,271.00,2349.00,1041.00,392901.84,399382.37
1.74,7.00,335.00,2315.00,1078.00,259.00,2354.00,1048.00,393468.04,399970.18
1.74,6.00,322.00,2321.00,1086.00,252.00,2343.00,1066.00,394075.08,400341.54
1.75,6.00,310.00,2324.00,1095.00,247.00,2339.00,1075.00,394674.32,400620.48
1.76,6.00,301.00,2318.00,1110.00,238.00,2340.00,1083.00,395131.25,400890.15
1.76,3.00,293.00,2320.00,1117.00,235.00,2340.00,1088.00,395578.44,401136.34
1.77,2.00,287.00,2316.00,1128.00,226.00,2346.00,1091.00,395926.60,401451.23
1.78,1.00,284.00,2313.00,1135.00,220.00,2344.00,1099.00,396199.37,401708.65
1.78,0.00,280.00,2309.00,1144.00,214.00,2344.00,1105.00,396388.29,401943.66
1.79,0.00,272.00,2311.00,1150.00,207.00,2341.00,1115.00,396590.82,402113.14
1.80,0.00,263.00,2313.00,1157.00,200.00,2336.00,1127.00,396805.75,402192.74
1.81,0.00,255.00,2317.00,1161.00,197.00,2333.00,1133.00,397062.06,402220.34
1.81,0.00,248.00,2318.00,1167.00,191.00,2334.00,1138.00,397311.07,402260.56
1.82,0.00,239.00,2317.00,1177.00,183.00,2335.00,1145.00,397523.38,402312.31
1.83,0.00,225.00,2323.00,1185.00,177.00,2328.00,1158.00,397807.34,402254.38
1.83,0.00,218.00,2321.00,1194.00,176.00,2321.00,1166.00,398036.53,402096.34
1.84,0.00,212.00,2323.00,1198.00,168.00,2320.00,1175.00,398275.81,401937.03
1.85,0.00,204.00,2326.00,1203.00,160.00,2322.00,1181.00,398539.32,401821.65
1.85,0.00,197.00,2324.00,1212.00,157.00,2321.00,1185.00,398749.84,401701.28
1.86,0.00,189.00,2321.00,1223.00,151.00,2317.00,1195.00,398896.96,401531.31
1.87,0.00,186.00,2317.00,1230.00,150.00,2313.00,1200.00,398971.17,401316.04
1.88,0.00,179.00,2318.00,1236.00,145.00,2312.00,1206.00,399053.95,401104.50
1.88,0.00,175.00,2316.00,1242.00,142.00,2308.00,1213.00,399099.47,400851.28
1.89,0.00,169.00,2313.00,1251.00,139.00,2303.00,1221.00,399095.96,400545.00
1.90,0.00,163.00,2310.00,1260.00,135.00,2303.00,1225.00,399047.68,400265.39
1.90,0.00,157.00,2313.00,1263.00,129.00,2302.00,1232.00,399048.68,399995.10
1.91,0.00,150.00,2310.00,1273.00,128.00,2297.00,1238.00,399004.52,399673.23
1.92,0.00,145.00,2307.00,1281.00,126.00,2289.00,1248.00,398919.14,399259.20
1.92,0.00,142.00,2304.00,1287.00,123.00,2279.00,1261.00,398796.13,398731.00
1.93,0.00,139.00,2301.00,1293.00,121.00,2272.00,1270.00,398638.75,398143.62
1.94,0.00,136.00,2298.00,1299.00,120.00,2266.00,1277.00,398450.01,397517.26
1.94,0.00,131.00,2295.00,1307.00,118.00,2259.00,1286.00,398232.64,396840.27
1.95,0.00,128.00,2294.00,1311.00,114.00,2256.00,1293.00,398019.17,396177.16
1.96,0.00,127.00,2293.00,1313.00,114.00,2244.00,1305.00,397809.26,395391.52
1.97,0.00,123.00,2290.00,1320.00,108.00,2246.00,1309.00,397572.56,394704.33
1.97,0.00,117.00,2291.00,1325.00,105.00,2243.00,1315.00,397371.50,394031.91
1.98,0.00,114.00,2282.00,1337.00,105.00,2235.00,1323.00,397052.74,393297.86
1.99,0.00,108.00,2284.00,1341.00,101.00,2228.00,1334.00,396791.78,392522.56
1.99,0.00,106.00,2277.00,1350.00,100.00,2223.00,1340.00,396448.38,391739.66
2.00,0.00,101.00,2276.00,1356.00,95.00,2225.00,1343.00,396119.86,391054.98
2.01,0.00,98.00,2273.00,1362.00,95.00,2220.00,1348.00,395774.87,390354.80
2.01,0.00,96.00,2265.00,1372.00,93.00,2214.00,1356.00,395339.74,389625.45
2.02,0.00,95.00,2258.00,1380.00,92.00,2210.00,1361.00,394837.34,388899.52
2.03,0.00,91.00,2258.00,1384.00,90.00,2210.00,1363.00,394378.69,388236.79
2.03,0.00,89.00,2251.00,1393.00,86.00,2206.00,1371.00,393854.81,387571.69
2.04,0.00,85.00,2250.00,1398.00,83.00,2204.00,1376.00,393361.53,386934.45
2.05,0.00,84.00,2243.00,1406.00,82.00,2199.00,1382.00,392806.03,386277.58
2.06,0.00,79.00,2240.00,1414.00,78.00,2197.00,1388.00,392253.84,385647.87
2.06,0.00,76.00,2230.00,1427.00,76.00,2192.00,1395.00,391599.50,384997.87
2.07,0.00,75.00,2226.00,1432.00,73.00,2187.00,1403.00,390942.05,384329.36
2.08,0.00,71.00,2220.00,1442.00,72.00,2180.00,1411.00,390251.70,383613.89
2.08,0.00,69.00,2214.00,1450.00,70.00,2174.00,1419.00,389531.33,382870.59
2.09,0.00,68.00,2211.00,1454.00,66.00,2172.00,1425.00,388828.61,382161.96
2.10,0.00,66.00,2210.00,1457.00,65.00,2166.00,1432.00,388172.06,381424.91
2.10,0.00,65.00,2203.00,1465.00,61.00,2164.00,1438.00,387467.52,380721.98
2.11,0.00,63.00,2201.00,1469.00,61.00,2151.00,1451.00,386794.29,379884.96
2.12,0.00,62.00,2194.00,1477.00,60.00,2145.00,1458.00,386074.51,379030.69
2.12,0.00,60.00,2187.00,1486.00,58.00,2141.00,1464.00,385312.25,378190.71
2.13,0.00,60.00,2178.00,1495.00,57.00,2134.00,1472.00,384481.15,377318.71
2.14,0.00,59.00,2167.00,1507.00,54.00,2126.00,1483.00,383557.17,376402.46
2.15,0.00,57.00,2163.00,1513.00,50.00,2125.00,1488.00,382653.55,375550.96
2.15,0.00,55.00,2157.00,1521.00,48.00,2118.00,1497.00,381738.48,374668.45
2.16,0.00,55.00,2150.00,1528.00,46.00,2117.00,1500.00,380797.92,373847.76
2.17,0.00,53.00,2144.00,1536.00,46.00,2112.00,1505.00,379849.13,373023.42
2.17,0.00,51.00,2138.00,1544.00,43.00,2108.00,1512.00,378892.81,372210.77
2.18,0.00,51.00,2133.00,1549.00,43.00,2103.00,1517.00,377944.65,371393.76
2.19,0.00,50.00,2129.00,1554.00,41.00,2096.00,1526.00,377018.97,370542.74
2.19,0.00,48.00,2128.00,1557.00,40.00,2088.00,1535.00,376158.86,369645.63
2.20,0.00,47.00,2123.00,1563.00,39.00,2081.00,1543.00,375298.53,368721.48
2.21,0.00,45.00,2121.00,1567.00,37.00,2077.00,1549.00,374483.07,367817.70
2.22,0.00,43.00,2113.00,1577.00,36.00,2074.00,1553.00,373618.43,366947.56
2.22,0.00,43.00,2100.00,1590.00,36.00,2066.00,1561.00,372633.78,366032.99
2.23,0.00,42.00,2096.00,1595.00,35.00,2060.00,1568.00,371674.78,365107.93
2.24,0.00,42.00,2086.00,1605.00,34.00,2054.00,1575.00,370649.05,364173.28
2.24,0.00,42.00,2080.00,1611.00,34.00,2052.00,1577.00,369622.50,363289.96
2.25,0.00,41.00,2073.00,1619.00,34.00,2049.00,1580.00,368580.18,362438.50
2.26,0.00,40.00,2064.00,1629.00,34.00,2043.00,1586.00,367493.41,361571.03
2.26,0.00,40.00,2059.00,1634.00,32.00,2035.00,1596.00,366426.15,360658.92
2.27,0.00,40.00,2057.00,1636.00,32.00,2030.00,1601.00,365421.78,359751.12
2.28,0.00,40.00,2048.00,1645.00,31.00,2021.00,1611.00,364369.66,358787.15
2.28,0.00,40.00,2040.00,1653.00,30.00,2014.00,1619.00,363288.97,357801.96
2.29,0.00,40.00,2032.00,1661.00,28.00,2007.00,1628.00,362182.20,356797.40
2.30,0.00,37.00,2030.00,1666.00,28.00,1996.00,1639.00,361141.75,355715.05
2.31,0.00,37.00,2021.00,1675.00,28.00,1988.00,1647.00,360056.69,354606.77
2.31,0.00,37.00,2015.00,1681.00,27.00,1985.00,1651.00,358975.98,353549.92
2.32,0.00,37.00,2014.00,1682.00,27.00,1979.00,1657.00,357974.35,352494.96
2.33,0.00,36.00,2007.00,1690.00,27.00,1971.00,1665.00,356954.77,351411.67
2.33,0.00,35.00,2006.00,1692.00,27.00,1961.00,1675.00,356008.96,350272.48
2.34,0.00,35.00,1996.00,1702.00,27.00,1955.00,1681.00,354995.27,349142.35
2.35,0.00,33.00,1990.00,1710.00,26.00,1950.00,1687.00,353979.70,348035.51
2.35,0.00,32.00,1985.00,1716.00,25.00,1945.00,1693.00,352977.46,346949.94
2.36,0.00,32.00,1974.00,1727.00,23.00,1942.00,1698.00,351897.23,345913.82
2.37,0.00,31.00,1970.00,1732.00,23.00,1933.00,1707.00,350850.97,344832.72
2.38,0.00,31.00,1965.00,1737.00,23.00,1923.00,1717.00,349820.70,343695.52
2.38,0.00,31.00,1959.00,1743.00,23.00,1918.00,1722.00,348790.00,342582.23
2.39,0.00,31.00,1951.00,1751.00,23.00,1913.00,1727.00,347728.87,341490.77
2.40,0.00,31.00,1946.00,1756.00,22.00,1909.00,1732.00,346685.02,340434.25
2.40,0.00,30.00,1945.00,1758.00,21.00,1901.00,1741.00,345717.04,339349.54
2.41,0.00,30.00,1935.00,1768.00,21.00,1895.00,1747.00,344683.11,338269.15
2.42,0.00,30.00,1931.00,1772.00,21.00,1889.00,1753.00,343679.13,337192.70
2.42,0.00,29.00,1925.00,1779.00,19.00,1887.00,1757.00,342672.43,336179.93
2.43,0.00,28.00,1921.00,1784.00,19.00,1879.00,1765.00,341693.29,335135.17
2.44,0.00,28.00,1919.00,1786.00,19.00,1876.00,1768.00,340769.37,334136.31
2.44,0.00,28.00,1908.00,1797.00,18.00,1872.00,1773.00,339760.65,333164.33
2.45,0.00,26.00,1901.00,1806.00,17.00,1866.00,1780.00,338734.60,332186.85
2.46,0.00,26.00,1894.00,1813.00,17.00,1858.00,1788.00,337692.73,331174.31
2.47,0.00,25.00,1888.00,1820.00,17.00,1852.00,1794.00,336651.45,330159.79
2.47,0.00,24.00,1883.00,1826.00,16.00,1845.00,1802.00,335625.72,329128.45
2.48,0.00,24.00,1875.00,1834.00,15.00,1835.00,1813.00,334569.12,328036.68
2.49,0.00,24.00,1862.00,1847.00,14.00,1830.00,1819.00,333409.23,326964.87
2.49,0.00,23.00,1852.00,1858.00,14.00,1822.00,1827.00,332200.10,325866.20
2.50,0.00,21.00,1851.00,1861.00,14.00,1814.00,1835.00,331081.24,324743.01
2.51,0.00,20.00,1843.00,1870.00,13.00,1809.00,1841.00,329939.61,323642.51
2.51,0.00,20.00,1837.00,1876.00,11.00,1809.00,1843.00,328807.26,322637.83
2.52,0.00,19.00,1833.00,1881.00,11.00,1799.00,1853.00,327713.42,321570.41
2.53,0.00,17.00,1825.00,1891.00,11.00,1791.00,1861.00,326594.63,320475.75
2.53,0.00,16.00,1820.00,1897.00,11.00,1786.00,1866.00,325498.15,319401.29
2.54,0.00,16.00,1808.00,1909.00,11.00,1776.00,1876.00,324316.88,318270.17
2.55,0.00,16.00,1802.00,1915.00,11.00,1766.00,1886.00,323148.32,317087.30
2.56,0.00,16.00,1794.00,1923.00,11.00,1758.00,1894.00,321961.33,315887.25
2.56,0.00,16.00,1784.00,1933.00,11.00,1748.00,1904.00,320727.47,314641.46
2.57,0.00,15.00,1779.00,1939.00,10.00,1745.00,1908.00,319525.93,313459.08
2.58,0.00,15.00,1774.00,1944.00,10.00,1737.00,1916.00,318353.90,312259.48
2.58,0.00,15.00,1769.00,1949.00,10.00,1734.00,1919.00,317208.82,311119.26
2.59,0.00,12.00,1766.00,1955.00,10.00,1728.00,1925.00,316118.37,309988.19
2.60,0.00,12.00,1756.00,1965.00,10.00,1724.00,1929.00,314972.64,308895.51
2.60,0.00,10.00,1749.00,1974.00,9.00,1717.00,1937.00,313821.52,307792.82
2.61,0.00,10.00,1739.00,1984.00,9.00,1706.00,1948.00,312620.40,306620.89
2.62,0.00,10.00,1734.00,1989.00,9.00,1700.00,1954.00,311448.75,305460.87
2.62,0.00,10.00,1727.00,1996.00,9.00,1689.00,1965.00,310273.97,304236.61
2.63,0.00,10.00,1718.00,2005.00,9.00,1685.00,1969.00,309066.27,303058.86
2.64,0.00,10.00,1709.00,2014.00,9.00,1682.00,1972.00,307828.52,301938.59
2.65,0.00,10.00,1702.00,2021.00,9.00,1674.00,1980.00,306593.39,300795.68
2.65,0.00,10.00,1693.00,2030.00,9.00,1669.00,1985.00,305330.61,299677.18
2.66,0.00,10.00,1688.00,2035.00,9.00,1664.00,1990.00,304102.66,298580.96
2.67,0.00,10.00,1682.00,2041.00,8.00,1660.00,1995.00,302891.50,297520.10
2.67,0.00,9.00,1674.00,2050.00,8.00,1652.00,2003.00,301665.62,296431.44
2.68,0.00,9.00,1668.00,2056.00,8.00,1641.00,2014.00,300456.35,295272.31
2.69,0.00,9.00,1662.00,2062.00,8.00,1635.00,2020.00,299262.23,294123.98
2.69,0.00,9.00,1651.00,2073.00,8.00,1631.00,2024.00,298006.84,293015.54
2.70,0.00,8.00,1645.00,2080.00,8.00,1628.00,2027.00,296770.63,291958.56
2.71,0.00,7.00,1634.00,2092.00,8.00,1622.00,2033.00,295476.81,290903.47
2.72,0.00,7.00,1624.00,2102.00,8.00,1619.00,2036.00,294145.41,289895.19
2.72,0.00,7.00,1612.00,2114.00,8.00,1613.00,2042.00,292749.67,288884.57
2.73,0.00,7.00,1605.00,2121.00,8.00,1608.00,2047.00,291370.31,287886.83
2.74,0.00,7.00,1600.00,2126.00,8.00,1599.00,2056.00,290035.94,286840.76
2.74,0.00,6.00,1599.00,2128.00,8.00,1594.00,2061.00,288802.73,285810.67
2.75,0.00,6.00,1595.00,2132.00,7.00,1587.00,2069.00,287616.82,284765.11
2.76,0.00,6.00,1590.00,2137.00,7.00,1579.00,2077.00,286459.06,283690.40
2.76,0.00,5.00,1586.00,2142.00,7.00,1570.00,2086.00,285342.01,282574.08
2.77,0.00,5.00,1576.00,2152.00,7.00,1565.00,2091.00,284172.01,281479.84
2.78,0.00,5.00,1568.00,2160.00,7.00,1557.00,2099.00,282983.69,280360.69
2.78,0.00,5.00,1558.00,2170.00,7.00,1552.00,2104.00,281748.62,279263.89
2.79,0.00,5.00,1549.00,2179.00,7.00,1543.00,2113.00,280485.89,278127.38
2.80,0.00,5.00,1542.00,2186.00,7.00,1533.00,2123.00,279227.95,276939.60
2.81,0.00,5.00,1542.00,2186.00,7.00,1524.00,2132.00,278079.55,275720.04
2.81,0.00,5.00,1534.00,2194.00,6.00,1521.00,2136.00,276910.95,274561.60
2.82,0.00,4.00,1531.00,2198.00,6.00,1509.00,2148.00,275799.05,273323.76
2.83,0.00,3.00,1525.00,2205.00,6.00,1499.00,2158.00,274693.83,272043.48
2.83,0.00,3.00,1511.00,2219.00,6.00,1491.00,2166.00,273474.52,270754.49
2.84,0.00,3.00,1505.00,2225.00,6.00,1484.00,2173.00,272271.25,269472.58
2.85,0.00,2.00,1500.00,2231.00,6.00,1479.00,2178.00,271097.63,268227.18
2.85,0.00,2.00,1492.00,2239.00,6.00,1474.00,2183.00,269906.03,267015.10
2.86,0.00,2.00,1487.00,2244.00,6.00,1467.00,2190.00,268743.07,265803.41
2.87,0.00,2.00,1483.00,2248.00,6.00,1457.00,2200.00,267621.28,264547.00
2.88,0.00,2.00,1473.00,2258.00,6.00,1454.00,2203.00,266446.94,263354.92
2.88,0.00,2.00,1465.00,2266.00,5.00,1446.00,2212.00,265254.68,262146.45
2.89,0.00,2.00,1457.00,2274.00,5.00,1438.00,2220.00,264046.05,260923.03
2.90,0.00,2.00,1451.00,2280.00,5.00,1436.00,2222.00,262852.52,259776.10
2.90,0.00,2.00,1444.00,2287.00,5.00,1433.00,2225.00,261657.75,258683.96
2.91,0.00,2.00,1439.00,2292.00,5.00,1428.00,2230.00,260491.91,257611.81
2.92,0.00,2.00,1431.00,2300.00,5.00,1422.00,2236.00,259307.40,256542.88
2.92,0.00,2.00,1423.00,2308.00,5.00,1413.00,2245.00,258105.85,255431.82
2.93,0.00,2.00,1416.00,2315.00,4.00,1411.00,2248.00,256903.76,254387.46
2.94,0.00,2.00,1406.00,2325.00,4.00,1403.00,2256.00,255656.11,253313.85
2.94,0.00,2.00,1401.00,2330.00,4.00,1397.00,2262.00,254441.99,252243.59
2.95,0.00,1.00,1397.00,2335.00,4.00,1394.00,2265.00,253273.49,251221.45
2.96,0.00,1.00,1394.00,2338.00,4.00,1388.00,2271.00,252161.68,250198.18
2.97,0.00,1.00,1390.00,2342.00,4.00,1379.00,2280.00,251086.58,249128.81
2.97,0.00,1.00,1383.00,2349.00,4.00,1373.00,2286.00,249999.94,248062.41
2.98,0.00,1.00,1377.00,2355.00,4.00,1366.00,2293.00,248917.78,246983.71
2.99,0.00,1.00,1372.00,2360.00,4.00,1361.00,2298.00,247854.73,245923.82
2.99,0.00,1.00,1367.00,2365.00,4.00,1358.00,2301.00,246809.14,244911.15
3.00,0.00,1.00,1361.00,2371.00,4.00,1351.00,2308.00,245764.45,243881.50
3.01,0.00,1.00,1357.00,2375.00,4.00,1345.00,2314.00,244750.64,242851.37
3.01,0.00,1.00,1349.00,2383.00,4.00,1337.00,2322.00,243704.92,241790.75
3.02,0.00,1.00,1347.00,2385.00,4.00,1329.00,2330.00,242720.21,240702.31
3.03,0.00,1.00,1340.00,2392.00,4.00,1324.00,2335.00,241716.08,239633.52
3.03,0.00,1.00,1335.00,2397.00,4.00,1316.00,2343.00,240724.28,238537.62
3.04,0.00,1.00,1328.00,2404.00,4.00,1304.00,2355.00,239713.67,237356.86
3.05,0.00,1.00,1324.00,2408.00,4.00,1292.00,2367.00,238730.97,236098.64
3.06,0.00,1.00,1311.00,2421.00,4.00,1286.00,2373.00,237638.54,234859.85
3.06,0.00,1.00,1309.00,2423.00,4.00,1277.00,2382.00,236611.19,233593.71
3.07,0.00,1.00,1303.00,2429.00,4.00,1270.00,2389.00,235583.16,232332.67
3.08,0.00,1.00,1296.00,2436.00,4.00,1261.00,2398.00,234539.48,231046.22
3.08,0.00,1.00,1287.00,2445.00,4.00,1256.00,2403.00,233451.48,229796.68
3.09,0.00,1.00,1280.00,2452.00,3.00,1245.00,2415.00,232353.05,228490.68
3.10,0.00,1.00,1275.00,2457.00,3.00,1234.00,2426.00,231275.15,227133.16
3.10,0.00,1.00,1267.00,2465.00,3.00,1231.00,2429.00,230170.92,225848.77
3.11,0.00,1.00,1256.00,2476.00,3.00,1226.00,2434.00,228997.60,224601.10
3.12,0.00,1.00,1250.00,2482.00,3.00,1214.00,2446.00,227836.30,223281.80
3.12,0.00,1.00,1241.00,2491.00,3.00,1206.00,2454.00,226640.92,221957.20
3.13,0.00,1.00,1238.00,2494.00,3.00,1199.00,2461.00,225504.55,220642.77
3.14,0.00,1.00,1232.00,2500.00,3.00,1194.00,2466.00,224377.00,219367.69
3.15,0.00,1.00,1226.00,2506.00,3.00,1189.00,2471.00,223257.49,218128.51
3.15,0.00,1.00,1220.00,2512.00,2.00,1187.00,2474.00,222145.33,216967.20
3.16,0.00,1.00,1212.00,2520.00,1.00,1181.00,2481.00,221009.82,215816.86
3.17,0.00,1.00,1205.00,2527.00,1.00,1174.00,2488.00,219868.03,214661.54
3.17,0.00,1.00,1202.00,2530.00,1.00,1171.00,2491.00,218780.59,213561.74
3.18,0.00,1.00,1197.00,2535.00,1.00,1163.00,2499.00,217712.72,212437.52
3.19,0.00,1.00,1192.00,2540.00,1.00,1156.00,2506.00,216662.73,211306.04
3.19,0.00,1.00,1188.00,2544.00,1.00,1154.00,2508.00,215644.07,210243.03
3.20,0.00,1.00,1178.00,2554.00,1.00,1148.00,2514.00,214563.88,209182.45
3.21,0.00,1.00,1174.00,2558.00,1.00,1146.00,2516.00,213517.66,208184.17
3.22,0.00,1.00,1170.00,2562.00,1.00,1141.00,2521.00,212502.44,207197.71
3.22,0.00,1.00,1166.00,2566.00,1.00,1134.00,2528.00,211515.54,206191.98
3.23,0.00,1.00,1160.00,2572.00,1.00,1133.00,2529.00,210524.43,205258.80
3.24,0.00,1.00,1152.00,2580.00,1.00,1125.00,2537.00,209499.43,204286.69
3.24,0.00,1.00,1145.00,2587.00,1.00,1120.00,2542.00,208458.53,203324.11
3.25,0.00,1.00,1138.00,2594.00,1.00,1115.00,2547.00,207403.11,202370.24
3.26,0.00,1.00,1130.00,2602.00,1.00,1112.00,2550.00,206319.40,201454.36
3.26,0.00,0.00,1117.00,2616.00,1.00,1106.00,2556.00,205134.75,200528.09
3.27,0.00,0.00,1111.00,2622.00,1.00,1098.00,2564.00,203963.12,199562.29
3.28,0.00,0.00,1102.00,2631.00,1.00,1095.00,2567.00,202758.31,198635.52
3.28,0.00,0.00,1098.00,2635.00,1.00,1090.00,2572.00,201598.31,197714.33
3.29,0.00,0.00,1094.00,2639.00,1.00,1085.00,2577.00,200479.23,196798.24
3.30,0.00,0.00,1085.00,2648.00,1.00,1079.00,2583.00,199322.38,195871.78
3.31,0.00,0.00,1080.00,2653.00,1.00,1073.00,2589.00,198191.15,194935.86
3.31,0.00,0.00,1071.00,2662.00,1.00,1070.00,2592.00,197023.22,194036.36
3.32,0.00,0.00,1064.00,2669.00,1.00,1063.00,2599.00,195851.82,193110.02
3.33,0.00,0.00,1060.00,2673.00,1.00,1060.00,2602.00,194722.34,192219.28
3.33,0.00,0.00,1051.00,2682.00,1.00,1054.00,2608.00,193555.99,191315.96
3.34,0.00,0.00,1044.00,2689.00,1.00,1048.00,2614.00,192386.05,190401.16
3.35,0.00,0.00,1038.00,2695.00,1.00,1040.00,2622.00,191227.84,189445.83
3.35,0.00,0.00,1037.00,2696.00,1.00,1034.00,2628.00,190155.46,188483.55
3.36,0.00,0.00,1035.00,2698.00,1.00,1027.00,2635.00,189146.41,187499.90
3.37,0.00,0.00,1027.00,2706.00,1.00,1020.00,2642.00,188105.04,186496.74
3.38,0.00,0.00,1020.00,2713.00,1.00,1015.00,2647.00,187049.18,185505.82
3.38,0.00,0.00,1011.00,2722.00,1.00,1012.00,2650.00,185950.06,184556.11
3.39,0.00,0.00,1003.00,2730.00,1.00,1008.00,2654.00,184826.46,183629.00
3.40,0.00,0.00,998.00,2735.00,1.00,999.00,2663.00,183725.58,182647.42
3.40,0.00,0.00,993.00,2740.00,1.00,994.00,2668.00,182645.45,181676.19
3.41,0.00,0.00,985.00,2748.00,1.00,991.00,2671.00,181539.19,180744.47
3.42,0.00,0.00,978.00,2755.00,1.00,986.00,2676.00,180424.09,179818.76
3.42,0.00,0.00,971.00,2762.00,1.00,984.00,2678.00,179300.93,178943.61
3.43,0.00,0.00,963.00,2770.00,1.00,979.00,2683.00,178155.39,178069.55
3.44,0.00,0.00,957.00,2776.00,1.00,977.00,2685.00,177019.45,177241.55
3.44,0.00,0.00,950.00,2783.00,1.00,972.00,2690.00,175877.27,176410.54
3.45,0.00,0.00,945.00,2788.00,1.00,967.00,2695.00,174759.43,175576.77
3.46,0.00,0.00,938.00,2795.00,1.00,958.00,2704.00,173633.76,174680.39
3.47,0.00,0.00,930.00,2803.00,1.00,952.00,2710.00,172485.93,173771.93
3.47,0.00,0.00,922.00,2811.00,1.00,944.00,2718.00,171317.86,172822.39
3.48,0.00,0.00,919.00,2814.00,1.00,937.00,2725.00,170206.43,171850.37
3.49,0.00,0.00,915.00,2818.00,1.00,932.00,2730.00,169131.69,170887.87
3.49,0.00,0.00,909.00,2824.00,1.00,929.00,2733.00,168060.39,169964.12
3.50,0.00,0.00,906.00,2827.00,1.00,925.00,2737.00,167037.31,169060.71
3.51,0.00,0.00,899.00,2834.00,1.00,923.00,2739.00,165998.15,168205.92
3.51,0.00,0.00,896.00,2837.00,1.00,918.00,2744.00,165004.41,167350.44
3.52,0.00,0.00,889.00,2844.00,1.00,913.00,2749.00,163992.04,166494.34
3.53,0.00,0.00,882.00,2851.00,1.00,908.00,2754.00,162962.66,165637.67
3.53,0.00,0.00,877.00,2856.00,1.00,899.00,2763.00,161947.80,164720.39
3.54,0.00,0.00,870.00,2863.00,1.00,890.00,2772.00,160916.14,163747.77
3.55,0.00,0.00,865.00,2868.00,0.00,888.00,2775.00,159899.21,162829.80
3.56,0.00,0.00,857.00,2876.00,0.00,881.00,2782.00,158850.64,161886.60
3.56,0.00,0.00,850.00,2883.00,0.00,874.00,2789.00,157788.21,160920.37
3.57,0.00,0.00,843.00,2890.00,0.00,871.00,2792.00,156713.13,159993.20
3.58,0.00,0.00,842.00,2891.00,0.00,866.00,2797.00,155716.64,159071.65
3.58,0.00,0.00,836.00,2897.00,0.00,863.00,2800.00,154716.79,158185.28
3.59,0.00,0.00,830.00,2903.00,0.00,856.00,2807.00,153713.86,157270.93
3.60,0.00,0.00,824.00,2909.00,0.00,853.00,2810.00,152708.12,156391.13
3.60,0.00,0.00,818.00,2915.00,0.00,846.00,2817.00,151699.82,155482.77
3.61,0.00,0.00,816.00,2917.00,0.00,833.00,2830.00,150749.27,154458.21
3.62,0.00,0.00,810.00,2923.00,0.00,825.00,2838.00,149791.35,153402.68
3.62,0.00,0.00,804.00,2929.00,0.00,814.00,2849.00,148826.71,152273.81
3.63,0.00,0.00,802.00,2931.00,0.00,803.00,2860.00,147916.01,151077.98
3.64,0.00,0.00,797.00,2936.00,0.00,797.00,2866.00,147009.50,149896.14
3.65,0.00,0.00,790.00,2943.00,0.00,789.00,2874.00,146076.77,148697.02
3.65,0.00,0.00,786.00,2947.00,0.00,782.00,2881.00,145165.16,147497.16
3.66,0.00,0.00,783.00,2950.00,0.00,775.00,2888.00,144287.86,146296.61
3.67,0.00,0.00,779.00,2954.00,0.00,770.00,2893.00,143426.86,145125.49
3.67,0.00,0.00,774.00,2959.00,0.00,763.00,2900.00,142565.71,143951.18
3.68,0.00,0.00,769.00,2964.00,0.00,759.00,2904.00,141704.44,142819.03
3.69,0.00,0.00,764.00,2969.00,0.00,752.00,2911.00,140843.05,141680.31
3.69,0.00,0.00,757.00,2976.00,0.00,748.00,2915.00,139951.50,140580.65
3.70,0.00,0.00,754.00,2979.00,0.00,741.00,2922.00,139092.51,139471.58
3.71,0.00,0.00,749.00,2984.00,0.00,733.00,2930.00,138233.21,138338.89
3.72,0.00,0.00,744.00,2989.00,0.00,727.00,2936.00,137373.61,137214.70
3.72,0.00,0.00,735.00,2998.00,0.00,722.00,2941.00,136453.66,136113.29
3.73,0.00,0.00,729.00,3004.00,0.00,715.00,2948.00,135523.68,135002.62
3.74,0.00,0.00,720.00,3013.00,0.00,707.00,2956.00,134539.46,133868.47
3.74,0.00,0.00,708.00,3025.00,0.00,702.00,2961.00,133460.67,132757.97
3.75,0.00,0.00,705.00,3028.00,0.00,699.00,2964.00,132430.75,131699.10
3.76,0.00,0.00,701.00,3032.00,0.00,693.00,2970.00,131430.41,130642.29
3.76,0.00,0.00,699.00,3034.00,0.00,689.00,2974.00,130487.14,129617.41
3.77,0.00,0.00,692.00,3041.00,0.00,684.00,2979.00,129520.84,128606.65
3.78,0.00,0.00,684.00,3049.00,0.00,681.00,2982.00,128518.49,127638.84
3.78,0.00,0.00,677.00,3056.00,0.00,678.00,2985.00,127498.27,126710.24
3.79,0.00,0.00,675.00,3058.00,0.00,677.00,2986.00,126536.83,125847.47
3.80,0.00,0.00,671.00,3062.00,0.00,676.00,2987.00,125599.02,125044.80
3.81,0.00,0.00,661.00,3072.00,0.00,674.00,2989.00,124592.64,124281.98
3.81,0.00,0.00,657.00,3076.00,0.00,669.00,2994.00,123613.80,123510.47
3.82,0.00,0.00,655.00,3078.00,0.00,667.00,2996.00,122690.15,122776.09
3.83,0.00,0.00,651.00,3082.00,0.00,662.00,3001.00,121786.83,122030.55
3.83,0.00,0.00,648.00,3085.00,0.00,660.00,3003.00,120917.10,121319.87
3.84,0.00,0.00,644.00,3089.00,0.00,657.00,3006.00,120063.01,120626.01
3.85,0.00,0.00,638.00,3095.00,0.00,652.00,3011.00,119193.16,119917.45
3.85,0.00,0.00,633.00,3100.00,0.00,650.00,3013.00,118323.93,119240.55
3.86,0.00,0.00,628.00,3105.00,0.00,644.00,3019.00,117455.27,118532.45
3.87,0.00,0.00,621.00,3112.00,0.00,641.00,3022.00,116557.09,117840.93
3.88,0.00,0.00,616.00,3117.00,0.00,639.00,3024.00,115662.01,117179.59
3.88,0.00,0.00,611.00,3122.00,0.00,637.00,3026.00,114769.75,116545.79
3.89,0.00,0.00,606.00,3127.00,0.00,629.00,3034.00,113880.07,115846.99
3.90,0.00,0.00,598.00,3135.00,0.00,623.00,3040.00,112947.67,115118.90
3.90,0.00,0.00,591.00,3142.00,0.00,617.00,3046.00,111991.30,114364.07
3.91,0.00,0.00,587.00,3146.00,0.00,615.00,3048.00,111058.12,113644.92
3.92,0.00,0.00,581.00,3152.00,0.00,606.00,3057.00,110116.05,112853.18
3.92,0.00,0.00,573.00,3160.00,0.00,603.00,3060.00,109135.83,112085.32
3.93,0.00,0.00,570.00,3163.00,0.00,596.00,3067.00,108195.90,111279.16
3.94,0.00,0.00,563.00,3170.00,0.00,589.00,3074.00,107232.65,110438.03
3.94,0.00,0.00,555.00,3178.00,0.00,584.00,3079.00,106233.09,109595.03
3.95,0.00,0.00,552.00,3181.00,0.00,578.00,3085.00,105275.50,108735.29
3.96,0.00,0.00,548.00,3185.00,0.00,571.00,3092.00,104341.20,107845.26
3.97,0.00,0.00,543.00,3190.00,0.00,568.00,3095.00,103413.13,106987.66
3.97,0.00,0.00,538.00,3195.00,0.00,561.00,3102.00,102490.77,106099.57
3.98,0.00,0.00,534.00,3199.00,0.00,554.00,3109.00,101588.63,105183.65
3.99,0.00,0.00,529.00,3204.00,0.00,548.00,3115.00,100689.93,104257.35
3.99,0.00,0.00,524.00,3209.00,0.00,543.00,3120.00,99794.36,103336.59
4.00,0.00,0.00,520.00,3213.00,0.00,541.00,3122.00,98916.69,102465.96
4.01,0.00,0.00,515.00,3218.00,0.00,536.00,3127.00,98040.33,101596.02
4.01,0.00,0.00,503.00,3230.00,0.00,532.00,3131.00,97059.99,100741.75
4.02,0.00,0.00,501.00,3232.00,0.00,526.00,3137.00,96134.98,99871.72
4.03,0.00,0.00,496.00,3237.00,0.00,523.00,3140.00,95215.40,99032.38
4.03,0.00,0.00,492.00,3241.00,0.00,518.00,3145.00,94315.79,98191.01
4.04,0.00,0.00,487.00,3246.00,0.00,510.00,3153.00,93419.41,97302.72
4.05,0.00,0.00,482.00,3251.00,0.00,506.00,3157.00,92525.97,96431.69
4.06,0.00,0.00,478.00,3255.00,0.00,501.00,3162.00,91650.22,95561.38
4.06,0.00,0.00,477.00,3256.00,0.00,498.00,3165.00,90835.72,94721.79
4.07,0.00,0.00,473.00,3260.00,0.00,494.00,3169.00,90032.04,93895.22
4.08,0.00,0.00,470.00,3263.00,0.00,492.00,3171.00,89253.28,93110.57
4.08,0.00,0.00,460.00,3273.00,0.00,483.00,3180.00,88392.09,92259.04
4.09,0.00,0.00,455.00,3278.00,0.00,479.00,3184.00,87530.78,91421.57
4.10,0.00,0.00,449.00,3284.00,0.00,476.00,3187.00,86654.33,90611.95
4.10,0.00,0.00,445.00,3288.00,0.00,474.00,3189.00,85794.10,89842.78
4.11,0.00,0.00,439.00,3294.00,0.00,471.00,3192.00,84918.65,89095.52
4.12,0.00,0.00,433.00,3300.00,0.00,464.00,3199.00,84029.28,88308.16
4.12,0.00,0.00,431.00,3302.00,0.00,459.00,3204.00,83187.31,87514.25
4.13,0.00,0.00,426.00,3307.00,0.00,456.00,3207.00,82343.54,86744.40
4.14,0.00,0.00,425.00,3308.00,0.00,448.00,3215.00,81558.22,85921.40
4.15,0.00,0.00,423.00,3310.00,0.00,447.00,3216.00,80811.23,85155.04
4.15,0.00,0.00,418.00,3315.00,0.00,445.00,3218.00,80054.18,84425.37
4.16,0.00,0.00,415.00,3318.00,0.00,440.00,3223.00,79317.97,83684.12
4.17,0.00,0.00,410.00,3323.00,0.00,436.00,3227.00,78570.76,82947.32
4.17,0.00,0.00,405.00,3328.00,0.00,432.00,3231.00,77813.50,82214.59
4.18,0.00,0.00,399.00,3334.00,0.00,429.00,3234.00,77032.03,81500.59
4.19,0.00,0.00,395.00,3338.00,0.00,425.00,3238.00,76258.52,80788.67
4.19,0.00,0.00,389.00,3344.00,0.00,424.00,3239.00,75462.23,80123.71
4.20,0.00,0.00,381.00,3352.00,0.00,417.00,3246.00,74615.09,79411.50
4.21,0.00,0.00,376.00,3357.00,0.00,411.00,3252.00,73766.59,78671.17
4.22,0.00,0.00,369.00,3364.00,0.00,403.00,3260.00,72886.82,77875.11
4.22,0.00,0.00,366.00,3367.00,0.00,396.00,3267.00,72038.59,77043.21
4.23,0.00,0.00,364.00,3369.00,0.00,392.00,3271.00,71234.17,76223.66
4.24,0.00,0.00,361.00,3372.00,0.00,385.00,3278.00,70454.73,75370.31
4.24,0.00,0.00,356.00,3377.00,0.00,384.00,3279.00,69668.05,74576.24
4.25,0.00,0.00,350.00,3383.00,0.00,376.00,3287.00,68859.72,73731.13
4.26,0.00,0.00,349.00,3384.00,0.00,372.00,3291.00,68106.76,72899.52
4.26,0.00,0.00,344.00,3389.00,0.00,369.00,3294.00,67344.25,72095.25
4.27,0.00,0.00,340.00,3393.00,0.00,365.00,3298.00,66588.04,71300.92
4.28,0.00,0.00,336.00,3397.00,0.00,363.00,3300.00,65837.59,70545.72
4.28,0.00,0.00,330.00,3403.00,0.00,360.00,3303.00,65062.34,69811.20
4.29,0.00,0.00,326.00,3407.00,0.00,359.00,3304.00,64294.51,69125.62
4.30,0.00,0.00,323.00,3410.00,0.00,355.00,3308.00,63548.47,68439.64
4.31,0.00,0.00,320.00,3413.00,0.00,349.00,3314.00,62822.32,67723.26
4.31,0.00,0.00,314.00,3419.00,0.00,344.00,3319.00,62069.26,66994.14
4.32,0.00,0.00,307.00,3426.00,0.00,340.00,3323.00,61276.62,66268.42
4.33,0.00,0.00,305.00,3428.00,0.00,335.00,3328.00,60522.94,65530.78
4.33,0.00,0.00,300.00,3433.00,0.00,332.00,3331.00,59759.78,64812.29
4.34,0.00,0.00,295.00,3438.00,0.00,329.00,3334.00,58987.96,64111.30
4.35,0.00,0.00,292.00,3441.00,0.00,324.00,3339.00,58238.27,63396.24
4.35,0.00,0.00,289.00,3444.00,0.00,317.00,3346.00,57508.80,62638.27
4.36,0.00,0.00,287.00,3446.00,0.00,314.00,3349.00,56812.80,61901.24
4.37,0.00,0.00,285.00,3448.00,0.00,309.00,3354.00,56147.36,61153.27
4.38,0.00,0.00,278.00,3455.00,0.00,305.00,3358.00,55434.69,60410.34
4.38,0.00,0.00,276.00,3457.00,0.00,299.00,3364.00,54754.04,59641.96
4.39,0.00,0.00,273.00,3460.00,0.00,298.00,3365.00,54087.59,58925.47
4.40,0.00,0.00,273.00,3460.00,0.00,295.00,3368.00,53479.17,58226.29
4.40,0.00,0.00,271.00,3462.00,0.00,287.00,3376.00,52893.68,57467.82
4.41,0.00,0.00,265.00,3468.00,0.00,282.00,3381.00,52269.04,56700.27
4.42,0.00,0.00,262.00,3471.00,0.00,281.00,3382.00,51653.72,55984.53
4.42,0.00,0.00,259.00,3474.00,0.00,275.00,3388.00,51046.91,55240.98
4.43,0.00,0.00,252.00,3481.00,0.00,271.00,3392.00,50387.77,54502.08
4.44,0.00,0.00,249.00,3484.00,0.00,265.00,3398.00,49740.96,53737.38
4.44,0.00,0.00,244.00,3489.00,0.00,263.00,3400.00,49075.36,53009.23
4.45,0.00,0.00,242.00,3491.00,0.00,260.00,3403.00,48437.67,52299.41
4.46,0.00,0.00,242.00,3491.00,0.00,259.00,3404.00,47855.50,51636.37
4.47,0.00,0.00,241.00,3492.00,0.00,255.00,3408.00,47309.01,50970.98
4.47,0.00,0.00,238.00,3495.00,0.00,249.00,3414.00,46765.03,50273.38
4.48,0.00,0.00,234.00,3499.00,0.00,245.00,3418.00,46208.33,49576.44
4.49,0.00,0.00,232.00,3501.00,0.00,240.00,3423.00,45670.06,48865.07
4.49,0.00,0.00,228.00,3505.00,0.00,234.00,3429.00,45118.56,48125.51
4.50,0.00,0.00,225.00,3508.00,0.00,228.00,3435.00,44570.02,47360.20
4.51,0.00,0.00,221.00,3512.00,0.00,226.00,3437.00,44009.15,46631.49
4.51,0.00,0.00,218.00,3515.00,0.00,224.00,3439.00,43452.05,45936.18
4.52,0.00,0.00,212.00,3521.00,0.00,222.00,3441.00,42853.32,45271.38
4.53,0.00,0.00,210.00,3523.00,0.00,219.00,3444.00,42276.68,44619.39
4.53,0.00,0.00,207.00,3526.00,0.00,216.00,3447.00,41705.18,43979.10
4.54,0.00,0.00,200.00,3533.00,0.00,213.00,3450.00,41078.28,43349.50
4.55,0.00,0.00,196.00,3537.00,0.00,212.00,3451.00,40445.88,42759.70
4.56,0.00,0.00,191.00,3542.00,0.00,211.00,3452.00,39793.43,42206.24
4.56,0.00,0.00,190.00,3543.00,0.00,208.00,3455.00,39182.77,41655.89
4.57,0.00,0.00,187.00,3546.00,0.00,206.00,3457.00,38580.21,41123.43
4.58,0.00,0.00,183.00,3550.00,0.00,205.00,3458.00,37970.03,40622.30
4.58,0.00,0.00,181.00,3552.00,0.00,203.00,3460.00,37382.94,40134.77
4.59,0.00,0.00,177.00,3556.00,0.00,201.00,3462.00,36786.87,39659.64
4.60,0.00,0.00,175.00,3558.00,0.00,198.00,3465.00,36212.66,39180.81
4.60,0.00,0.00,167.00,3566.00,0.00,197.00,3466.00,35568.27,38728.66
4.61,0.00,0.00,163.00,3570.00,0.00,195.00,3468.00,34919.90,38285.83
4.62,0.00,0.00,161.00,3572.00,0.00,192.00,3471.00,34297.93,37836.49
4.62,0.00,0.00,159.00,3574.00,0.00,187.00,3476.00,33700.08,37351.16
4.63,0.00,0.00,155.00,3578.00,0.00,183.00,3480.00,33094.20,36848.01
4.64,0.00,0.00,152.00,3581.00,0.00,179.00,3484.00,32496.00,36328.57
4.65,0.00,0.00,150.00,3583.00,0.00,177.00,3486.00,31919.85,35824.31
4.65,0.00,0.00,147.00,3586.00,0.00,175.00,3488.00,31348.79,35333.92
4.66,0.00,0.00,144.00,3589.00,0.00,175.00,3488.00,30782.39,34886.23
4.67,0.00,0.00,144.00,3589.00,0.00,174.00,3489.00,30265.31,34462.50
4.67,0.00,0.00,140.00,3593.00,0.00,171.00,3492.00,29733.17,34030.59
4.68,0.00,0.00,136.00,3597.00,0.00,169.00,3494.00,29187.27,33606.25
4.69,0.00,0.00,136.00,3597.00,0.00,168.00,3495.00,28688.90,33203.84
4.69,0.00,0.00,133.00,3600.00,0.00,165.00,3498.00,28188.86,32791.40
4.70,0.00,0.00,133.00,3600.00,0.00,163.00,3500.00,27732.36,32384.82
4.71,0.00,0.00,131.00,3602.00,0.00,162.00,3501.00,27285.57,31998.62
4.72,0.00,0.00,130.00,3603.00,0.00,155.00,3508.00,26862.65,31540.90
4.72,0.00,0.00,129.00,3604.00,0.00,150.00,3513.00,26461.54,31047.91
4.73,0.00,0.00,126.00,3607.00,0.00,147.00,3516.00,26050.29,30552.78
4.74,0.00,0.00,120.00,3613.00,0.00,144.00,3519.00,25584.71,30055.69
4.74,0.00,0.00,117.00,3616.00,0.00,141.00,3522.00,25114.60,29556.82
4.75,0.00,0.00,116.00,3617.00,0.00,138.00,3525.00,24670.40,29056.32
4.76,0.00,0.00,115.00,3618.00,0.00,135.00,3528.00,24249.86,28554.34
4.76,0.00,0.00,114.00,3619.00,0.00,134.00,3529.00,23850.91,28081.04
4.77,0.00,0.00,114.00,3619.00,0.00,134.00,3529.00,23486.71,27648.95
4.78,0.00,0.00,113.00,3620.00,0.00,131.00,3532.00,23139.19,27209.42
4.78,0.00,0.00,112.00,3621.00,0.00,130.00,3533.00,22806.91,26793.14
4.79,0.00,0.00,111.00,3622.00,0.00,128.00,3535.00,22488.54,26383.06
4.80,0.00,0.00,109.00,3624.00,0.00,125.00,3538.00,22167.85,25963.61
4.81,0.00,0.00,104.00,3629.00,0.00,124.00,3539.00,21799.97,25565.67
4.81,0.00,0.00,100.00,3633.00,0.00,119.00,3544.00,21404.02,25127.27
4.82,0.00,0.00,96.00,3637.00,0.00,118.00,3545.00,20982.47,24712.01
4.83,0.00,0.00,92.00,3641.00,0.00,113.00,3550.00,20537.52,24257.80
4.83,0.00,0.00,90.00,3643.00,0.00,113.00,3550.00,20101.28,23843.14
4.84,0.00,0.00,90.00,3643.00,0.00,111.00,3552.00,19703.02,23434.54
4.85,0.00,0.00,89.00,3644.00,0.00,109.00,3554.00,19324.42,23031.48
4.85,0.00,0.00,88.00,3645.00,0.00,105.00,3558.00,18963.76,22603.41
4.86,0.00,0.00,87.00,3646.00,0.00,105.00,3558.00,18619.48,22212.63
4.87,0.00,0.00,84.00,3649.00,0.00,102.00,3561.00,18260.11,21810.80
4.88,0.00,0.00,83.00,3650.00,0.00,98.00,3565.00,17917.01,21383.87
4.88,0.00,0.00,82.00,3651.00,0.00,98.00,3565.00,17588.77,20994.11
4.89,0.00,0.00,77.00,3656.00,0.00,98.00,3565.00,17213.99,20638.29
4.90,0.00,0.00,76.00,3657.00,0.00,96.00,3567.00,16856.82,20283.41
4.90,0.00,0.00,74.00,3659.00,0.00,95.00,3568.00,16500.71,19944.41
4.91,0.00,0.00,72.00,3661.00,0.00,91.00,3572.00,16145.55,19574.83
4.92,0.00,0.00,71.00,3662.00,0.00,89.00,3574.00,15806.31,19207.39
4.92,0.00,0.00,70.00,3663.00,0.00,85.00,3578.00,15481.57,18811.85
4.93,0.00,0.00,68.00,3665.00,0.00,84.00,3579.00,15155.07,18435.73
4.94,0.00,0.00,65.00,3668.00,0.00,84.00,3579.00,14811.93,18092.37
4.94,0.00,0.00,65.00,3668.00,0.00,84.00,3579.00,14498.67,17778.90
4.95,0.00,0.00,64.00,3669.00,0.00,81.00,3582.00,14197.66,17447.65
4.96,0.00,0.00,64.00,3669.00,0.00,78.00,3585.00,13922.87,17100.19
4.97,0.00,0.00,62.00,3671.00,0.00,73.00,3590.00,13641.95,16707.86
4.97,0.00,0.00,62.00,3671.00,0.00,73.00,3590.00,13385.50,16349.69
4.98,0.00,0.00,62.00,3671.00,0.00,70.00,3593.00,13151.38,15977.64
4.99,0.00,0.00,58.00,3675.00,0.00,70.00,3593.00,12877.55,15637.99
4.99,0.00,0.00,55.00,3678.00,0.00,67.00,3596.00,12582.49,15282.85
5.00,0.00,0.00,55.00,3678.00,0.00,65.00,3598.00,12313.13,14928.58
5.01,0.00,0.00,51.00,3682.00,0.00,64.00,3599.00,12007.13,14590.14
5.01,0.00,0.00,50.00,3683.00,0.00,63.00,3600.00,11712.76,14266.14
5.02,0.00,0.00,49.00,3684.00,0.00,60.00,3603.00,11428.99,13925.29
5.03,0.00,0.00,49.00,3684.00,0.00,58.00,3605.00,11169.93,13584.07
5.03,0.00,0.00,48.00,3685.00,0.00,56.00,3607.00,10918.41,13242.52
5.04,0.00,0.00,47.00,3686.00,0.00,56.00,3607.00,10673.76,12930.71
5.05,0.00,0.00,47.00,3686.00,0.00,55.00,3608.00,10450.42,12631.03
5.06,0.00,0.00,47.00,3686.00,0.00,53.00,3610.00,10246.53,12327.39
5.06,0.00,0.00,46.00,3687.00,0.00,53.00,3610.00,10045.36,12050.20
5.07,0.00,0.00,44.00,3689.00,0.00,53.00,3610.00,9831.67,11797.14
5.08,0.00,0.00,42.00,3691.00,0.00,52.00,3611.00,9606.54,11551.09
5.08,0.00,0.00,40.00,3693.00,0.00,51.00,3612.00,9370.96,11311.45
5.09,0.00,0.00,38.00,3695.00,0.00,50.00,3613.00,9125.86,11077.65
5.10,0.00,0.00,38.00,3695.00,0.00,49.00,3614.00,8902.09,10849.18
5.10,0.00,0.00,37.00,3696.00,0.00,48.00,3615.00,8682.79,10625.59
5.11,0.00,0.00,36.00,3697.00,0.00,48.00,3615.00,8467.56,10421.47
5.12,0.00,0.00,35.00,3698.00,0.00,47.00,3616.00,8256.05,10220.09
5.12,0.00,0.00,35.00,3698.00,0.00,45.00,3618.00,8062.95,10006.21
5.13,0.00,0.00,34.00,3699.00,0.00,44.00,3619.00,7871.65,9795.93
5.14,0.00,0.00,34.00,3699.00,0.00,44.00,3619.00,7697.00,9603.95
5.15,0.00,0.00,34.00,3699.00,0.00,42.00,3621.00,7537.56,9398.65
5.15,0.00,0.00,33.00,3700.00,0.00,42.00,3621.00,7376.99,9211.22
5.16,0.00,0.00,33.00,3700.00,0.00,40.00,3623.00,7230.39,9010.07
5.17,0.00,0.00,33.00,3700.00,0.00,39.00,3624.00,7096.56,8811.41
5.17,0.00,0.00,30.00,3703.00,0.00,38.00,3625.00,6929.31,8615.03
5.18,0.00,0.00,30.00,3703.00,0.00,36.00,3627.00,6776.63,8405.70
5.19,0.00,0.00,29.00,3704.00,0.00,34.00,3629.00,6622.22,8184.55
5.19,0.00,0.00,29.00,3704.00,0.00,32.00,3631.00,6481.25,7952.61
5.20,0.00,0.00,28.00,3705.00,0.00,31.00,3632.00,6337.54,7725.85
5.21,0.00,0.00,28.00,3705.00,0.00,31.00,3632.00,6206.34,7518.83
5.22,0.00,0.00,27.00,3706.00,0.00,31.00,3632.00,6071.54,7329.83
5.22,0.00,0.00,26.00,3707.00,0.00,29.00,3634.00,5933.45,7127.25
5.23,0.00,0.00,26.00,3707.00,0.00,28.00,3635.00,5807.39,6927.29
5.24,0.00,0.00,26.00,3707.00,0.00,26.00,3637.00,5692.31,6714.69
5.24,0.00,0.00,25.00,3708.00,0.00,25.00,3638.00,5572.22,6505.58
5.25,0.00,0.00,25.00,3708.00,0.00,25.00,3638.00,5462.60,6314.67
5.26,0.00,0.00,24.00,3709.00,0.00,25.00,3638.00,5347.49,6140.40
5.26,0.00,0.00,24.00,3709.00,0.00,25.00,3638.00,5242.41,5981.29
5.27,0.00,0.00,23.00,3710.00,0.00,25.00,3638.00,5131.45,5836.04
5.28,0.00,0.00,23.00,3710.00,0.00,25.00,3638.00,5030.16,5703.44
5.28,0.00,0.00,23.00,3710.00,0.00,24.00,3639.00,4937.68,5567.36
5.29,0.00,0.00,23.00,3710.00,0.00,22.00,3641.00,4853.26,5413.09
5.30,0.00,0.00,22.00,3711.00,0.00,21.00,3642.00,4761.17,5257.22
5.31,0.00,0.00,22.00,3711.00,0.00,20.00,3643.00,4677.09,5099.91
5.31,0.00,0.00,21.00,3712.00,0.00,20.00,3643.00,4585.31,4956.29
5.32,0.00,0.00,21.00,3712.00,0.00,20.00,3643.00,4501.53,4825.18
5.33,0.00,0.00,21.00,3712.00,0.00,19.00,3644.00,4425.04,4690.46
5.33,0.00,0.00,21.00,3712.00,0.00,19.00,3644.00,4355.21,4567.47
5.34,0.00,0.00,21.00,3712.00,0.00,19.00,3644.00,4291.46,4455.20
5.35,0.00,0.00,21.00,3712.00,0.00,18.00,3645.00,4233.26,4337.67
5.35,0.00,0.00,20.00,3713.00,0.00,18.00,3645.00,4165.11,4230.38
5.36,0.00,0.00,20.00,3713.00,0.00,18.00,3645.00,4102.89,4132.43
5.37,0.00,0.00,20.00,3713.00,0.00,18.00,3645.00,4046.09,4043.01
5.38,0.00,0.00,20.00,3713.00,0.00,18.00,3645.00,3994.24,3961.38
5.38,0.00,0.00,20.00,3713.00,0.00,18.00,3645.00,3946.90,3886.85
5.39,0.00,0.00,20.00,3713.00,0.00,18.00,3645.00,3903.68,3818.82
5.40,0.00,0.00,20.00,3713.00,0.00,15.00,3648.00,3864.22,3711.64
5.40,0.00,0.00,20.00,3713.00,0.00,15.00,3648.00,3828.20,3613.79
5.41,0.00,0.00,20.00,3713.00,0.00,12.00,3651.00,3795.32,3479.39
5.42,0.00,0.00,20.00,3713.00,0.00,12.00,3651.00,3765.30,3356.70
5.42,0.00,0.00,20.00,3713.00,0.00,12.00,3651.00,3737.90,3244.69
5.43,0.00,0.00,20.00,3713.00,0.00,11.00,3652.00,3712.88,3127.41
5.44,0.00,0.00,18.00,3715.00,0.00,11.00,3652.00,3659.99,3020.34
5.44,0.00,0.00,18.00,3715.00,0.00,11.00,3652.00,3611.71,2922.59
5.45,0.00,0.00,17.00,3716.00,0.00,11.00,3652.00,3552.61,2833.36
5.46,0.00,0.00,17.00,3716.00,0.00,10.00,3653.00,3498.66,2736.87
5.47,0.00,0.00,17.00,3716.00,0.00,10.00,3653.00,3449.40,2648.79
5.47,0.00,0.00,17.00,3716.00,0.00,10.00,3653.00,3404.43,2568.37
5.48,0.00,0.00,17.00,3716.00,0.00,10.00,3653.00,3363.38,2494.96
5.49,0.00,0.00,16.00,3717.00,0.00,10.00,3653.00,3310.88,2427.94
5.49,0.00,0.00,15.00,3718.00,0.00,10.00,3653.00,3247.93,2366.76
5.50,0.00,0.00,14.00,3719.00,0.00,10.00,3653.00,3175.44,2310.90
5.51,0.00,0.00,14.00,3719.00,0.00,10.00,3653.00,3109.26,2259.91
5.51,0.00,0.00,14.00,3719.00,0.00,10.00,3653.00,3048.84,2213.36
5.52,0.00,0.00,13.00,3720.00,0.00,10.00,3653.00,2978.66,2170.86
5.53,0.00,0.00,13.00,3720.00,0.00,10.00,3653.00,2914.59,2132.06
5.53,0.00,0.00,12.00,3721.00,0.00,10.00,3653.00,2841.08,2096.64
5.54,0.00,0.00,12.00,3721.00,0.00,10.00,3653.00,2773.96,2064.30
5.55,0.00,0.00,12.00,3721.00,0.00,10.00,3653.00,2712.70,2034.78
5.56,0.00,0.00,12.00,3721.00,0.00,10.00,3653.00,2656.76,2007.83
5.56,0.00,0.00,12.00,3721.00,0.00,10.00,3653.00,2605.70,1983.23
5.57,0.00,0.00,12.00,3721.00,0.00,10.00,3653.00,2559.08,1960.77
5.58,0.00,0.00,12.00,3721.00,0.00,10.00,3653.00,2516.53,1940.26
5.58,0.00,0.00,12.00,3721.00,0.00,10.00,3653.00,2477.67,1921.55
5.59,0.00,0.00,12.00,3721.00,0.00,10.00,3653.00,2442.21,1904.46
5.60,0.00,0.00,10.00,3723.00,0.00,10.00,3653.00,2379.78,1888.85
5.60,0.00,0.00,10.00,3723.00,0.00,10.00,3653.00,2322.79,1874.61
5.61,0.00,0.00,9.00,3724.00,0.00,10.00,3653.00,2255.74,1861.61
5.62,0.00,0.00,9.00,3724.00,0.00,9.00,3654.00,2194.52,1834.72
5.62,0.00,0.00,9.00,3724.00,0.00,9.00,3654.00,2138.64,1810.16
5.63,0.00,0.00,9.00,3724.00,0.00,9.00,3654.00,2087.63,1787.75
5.64,0.00,0.00,9.00,3724.00,0.00,9.00,3654.00,2041.05,1767.29
5.65,0.00,0.00,9.00,3724.00,0.00,9.00,3654.00,1998.53,1748.61
5.65,0.00,0.00,8.00,3725.00,0.00,9.00,3654.00,1944.69,1731.55
5.66,0.00,0.00,8.00,3725.00,0.00,9.00,3654.00,1895.54,1715.99
5.67,0.00,0.00,8.00,3725.00,0.00,9.00,3654.00,1850.67,1701.77
5.67,0.00,0.00,8.00,3725.00,0.00,9.00,3654.00,1809.71,1688.80
5.68,0.00,0.00,8.00,3725.00,0.00,9.00,3654.00,1772.31,1676.95
5.69,0.00,0.00,8.00,3725.00,0.00,9.00,3654.00,1738.17,1666.14
5.69,0.00,0.00,8.00,3725.00,0.00,9.00,3654.00,1707.00,1656.26
5.70,0.00,0.00,8.00,3725.00,0.00,9.00,3654.00,1678.55,1647.25
5.71,0.00,0.00,7.00,3726.00,0.00,8.00,3655.00,1637.55,1624.00
5.72,0.00,0.00,7.00,3726.00,0.00,8.00,3655.00,1600.12,1602.77
5.72,0.00,0.00,7.00,3726.00,0.00,8.00,3655.00,1565.95,1583.40
5.73,0.00,0.00,7.00,3726.00,0.00,8.00,3655.00,1534.75,1565.71
5.74,0.00,0.00,7.00,3726.00,0.00,8.00,3655.00,1506.28,1549.55
5.74,0.00,0.00,7.00,3726.00,0.00,8.00,3655.00,1480.28,1534.81
5.75,0.00,0.00,6.00,3727.00,0.00,7.00,3656.00,1441.52,1506.33
5.76,0.00,0.00,6.00,3727.00,0.00,7.00,3656.00,1406.14,1480.32
5.76,0.00,0.00,6.00,3727.00,0.00,7.00,3656.00,1373.83,1456.59
5.77,0.00,0.00,6.00,3727.00,0.00,7.00,3656.00,1344.34,1434.91
5.78,0.00,0.00,6.00,3727.00,0.00,7.00,3656.00,1317.42,1415.13
5.78,0.00,0.00,6.00,3727.00,0.00,7.00,3656.00,1292.85,1397.07
5.79,0.00,0.00,6.00,3727.00,0.00,7.00,3656.00,1270.41,1380.58
5.80,0.00,0.00,6.00,3727.00,0.00,7.00,3656.00,1249.93,1365.52
5.81,0.00,0.00,6.00,3727.00,0.00,7.00,3656.00,1231.23,1351.78
5.81,0.00,0.00,6.00,3727.00,0.00,5.00,3658.00,1214.15,1309.19
5.82,0.00,0.00,6.00,3727.00,0.00,5.00,3658.00,1198.57,1270.31
5.83,0.00,0.00,6.00,3727.00,0.00,5.00,3658.00,1184.34,1234.81
5.83,0.00,0.00,6.00,3727.00,0.00,5.00,3658.00,1171.35,1202.40
5.84,0.00,0.00,6.00,3727.00,0.00,5.00,3658.00,1159.49,1172.82
5.85,0.00,0.00,6.00,3727.00,0.00,5.00,3658.00,1148.67,1145.81
5.85,0.00,0.00,5.00,3728.00,0.00,5.00,3658.00,1123.76,1121.15
5.86,0.00,0.00,5.00,3728.00,0.00,5.00,3658.00,1101.03,1098.64
5.87,0.00,0.00,5.00,3728.00,0.00,5.00,3658.00,1080.27,1078.09
5.88,0.00,0.00,5.00,3728.00,0.00,5.00,3658.00,1061.32,1059.33
5.88,0.00,0.00,5.00,3728.00,0.00,5.00,3658.00,1044.02,1042.20
5.89,0.00,0.00,5.00,3728.00,0.00,4.00,3659.00,1028.23,1011.55
5.90,0.00,0.00,5.00,3728.00,0.00,4.00,3659.00,1013.81,983.56
5.90,0.00,0.00,5.00,3728.00,0.00,4.00,3659.00,1000.64,958.01
5.91,0.00,0.00,5.00,3728.00,0.00,4.00,3659.00,988.63,934.68
5.92,0.00,0.00,5.00,3728.00,0.00,3.00,3660.00,977.66,898.36
5.92,0.00,0.00,5.00,3728.00,0.00,3.00,3660.00,967.64,865.20
5.93,0.00,0.00,4.00,3729.00,0.00,3.00,3660.00,943.48,834.93
5.94,0.00,0.00,4.00,3729.00,0.00,3.00,3660.00,921.42,807.30
5.94,0.00,0.00,4.00,3729.00,0.00,2.00,3661.00,901.27,767.05
5.95,0.00,0.00,4.00,3729.00,0.00,2.00,3661.00,882.89,730.31
5.96,0.00,0.00,4.00,3729.00,0.00,2.00,3661.00,866.10,696.76
5.97,0.00,0.00,3.00,3730.00,0.00,2.00,3661.00,835.75,666.13
5.97,0.00,0.00,3.00,3730.00,0.00,2.00,3661.00,808.05,638.18
5.98,0.00,0.00,3.00,3730.00,0.00,2.00,3661.00,782.76,612.65
5.99,0.00,0.00,3.00,3730.00,0.00,2.00,3661.00,759.67,589.35
5.99,0.00,0.00,3.00,3730.00,0.00,2.00,3661.00,738.59,568.08
6.00,0.00,0.00,3.00,3730.00,0.00,2.00,3661.00,719.34,548.66
6.01,0.00,0.00,2.00,3731.00,0.00,2.00,3661.00,686.75,530.93
6.01,0.00,0.00,2.00,3731.00,0.00,2.00,3661.00,657.00,514.75
6.02,0.00,0.00,2.00,3731.00,0.00,2.00,3661.00,629.84,499.97
6.03,0.00,0.00,2.00,3731.00,0.00,2.00,3661.00,605.04,486.48
6.03,0.00,0.00,2.00,3731.00,0.00,1.00,3662.00,582.40,459.14
6.04,0.00,0.00,2.00,3731.00,0.00,1.00,3662.00,561.73,434.19
6.05,0.00,0.00,2.00,3731.00,0.00,1.00,3662.00,542.87,411.40
6.06,0.00,0.00,2.00,3731.00,0.00,1.00,3662.00,525.64,390.60
6.06,0.00,0.00,2.00,3731.00,0.00,1.00,3662.00,509.92,371.61
6.07,0.00,0.00,2.00,3731.00,0.00,1.00,3662.00,495.56,354.28
6.08,0.00,0.00,2.00,3731.00,0.00,1.00,3662.00,482.46,338.45
6.08,0.00,0.00,2.00,3731.00,0.00,1.00,3662.00,470.49,324.00
6.09,0.00,0.00,1.00,3732.00,0.00,1.00,3662.00,444.55,310.81
6.10,0.00,0.00,1.00,3732.00,0.00,1.00,3662.00,420.86,298.77
6.10,0.00,0.00,1.00,3732.00,0.00,1.00,3662.00,399.24,287.78
6.11,0.00,0.00,1.00,3732.00,0.00,1.00,3662.00,379.50,277.74
6.12,0.00,0.00,1.00,3732.00,0.00,1.00,3662.00,361.47,268.58
6.12,0.00,0.00,1.00,3732.00,0.00,1.00,3662.00,345.02,260.22
6.13,0.00,0.00,1.00,3732.00,0.00,1.00,3662.00,330.00,252.58
6.14,0.00,0.00,1.00,3732.00,0.00,1.00,3662.00,316.29,245.61
6.15,0.00,0.00,1.00,3732.00,0.00,1.00,3662.00,303.77,239.25
6.15,0.00,0.00,1.00,3732.00,0.00,1.00,3662.00,292.34,233.44
6.16,0.00,0.00,1.00,3732.00,0.00,1.00,3662.00,281.91,228.13
6.17,0.00,0.00,1.00,3732.00,0.00,1.00,3662.00,272.39,223.29
6.17,0.00,0.00,1.00,3732.00,0.00,1.00,3662.00,263.69,218.87
6.18,0.00,0.00,1.00,3732.00,0.00,0.00,3663.00,255.75,199.81
6.19,0.00,0.00,1.00,3732.00,0.00,0.00,3663.00,248.51,182.41
6.19,0.00,0.00,1.00,3732.00,0.00,0.00,3663.00,241.89,166.53
6.20,0.00,0.00,1.00,3732.00,0.00,0.00,3663.00,235.85,152.03
6.21,0.00,0.00,1.00,3732.00,0.00,0.00,3663.00,230.34,138.79
6.22,0.00,0.00,1.00,3732.00,0.00,0.00,3663.00,225.30,126.71
6.22,0.00,0.00,1.00,3732.00,0.00,0.00,3663.00,220.71,115.67
6.23,0.00,0.00,1.00,3732.00,0.00,0.00,3663.00,216.51,105.60
6.24,0.00,0.00,1.00,3732.00,0.00,0.00,3663.00,212.68,96.41
6.24,0.00,0.00,1.00,3732.00,0.00,0.00,3663.00,209.19,88.01
6.25,0.00,0.00,1.00,3732.00,0.00,0.00,3663.00,205.99,80.35
6.26,0.00,0.00,1.00,3732.00,0.00,0.00,3663.00,203.08,73.35
6.26,0.00,0.00,1.00,3732.00,0.00,0.00,3663.00,200.42,66.96
6.27,0.00,0.00,1.00,3732.00,0.00,0.00,3663.00,197.99,61.13
6.28,0.00,0.00,1.00,3732.00,0.00,0.00,3663.00,195.77,55.81
6.28,0.00,0.00,1.00,3732.00,0.00,0.00,3663.00,193.75,50.95
6.29,0.00,0.00,1.00,3732.00,0.00,0.00,3663.00,191.90,46.51
6.30,0.00,0.00,0.00,3733.00,0.00,0.00,3663.00,175.19,42.46
6.31,0.00,0.00,0.00,3733.00,0.00,0.00,3663.00,159.94,38.77
6.31,0.00,0.00,0.00,3733.00,0.00,0.00,3663.00,146.01,35.39
6.32,0.00,0.00,0.00,3733.00,0.00,0.00,3663.00,133.30,32.31
6.33,0.00,0.00,0.00,3733.00,0.00,0.00,3663.00,121.69,29.50
6.33,0.00,0.00,0.00,3733.00,0.00,0.00,3663.00,111.09,26.93
6.34,0.00,0.00,0.00,3733.00,0.00,0.00,3663.00,101.42,24.58
6.35,0.00,0.00,0.00,3733.00,0.00,0.00,3663.00,92.59,22.44
6.35,0.00,0.00,0.00,3733.00,0.00,0.00,3663.00,84.53,20.49
6.36,0.00,0.00,0.00,3733.00,0.00,0.00,3663.00,77.17,18.70
6.37,0.00,0.00,0.00,3733.00,0.00,0.00,3663.00,70.45,17.07
6.38,0.00,0.00,0.00,3733.00,0.00,0.00,3663.00,64.31,15.59
6.38,0.00,0.00,0.00,3733.00,0.00,0.00,3663.00,58.71,14.23
6.39,0.00,0.00,0.00,3733.00,0.00,0.00,3663.00,53.60,12.99
6.40,0.00,0.00,0.00,3733.00,0.00,0.00,3663.00,48.93,11.86
6.40,0.00,0.00,0.00,3733.00,0.00,0.00,3663.00,44.67,10.83
6.41,0.00,0.00,0.00,3733.00,0.00,0.00,3663.00,40.78,9.88
6.42,0.00,0.00,0.00,3733.00,0.00,0.00,3663.00,37.23,9.02
6.42,0.00,0.00,0.00,3733.00,0.00,0.00,3663.00,33.99,8.24
6.43,0.00,0.00,0.00,3733.00,0.00,0.00,3663.00,31.03,7.52
6.44,0.00,0.00,0.00,3733.00,0.00,0.00,3663.00,28.33,6.87
6.44,0.00,0.00,0.00,3733.00,0.00,0.00,3663.00,25.86,6.27
6.45,0.00,0.00,0.00,3733.00,0.00,0.00,3663.00,23.61,5.72
6.46,0.00,0.00,0.00,3733.00,0.00,0.00,3663.00,21.55,5.22
6.47,0.00,0.00,0.00,3733.00,0.00,0.00,3663.00,19.68,4.77
6.47,0.00,0.00,0.00,3733.00,0.00,0.00,3663.00,17.96,4.35
6.48,0.00,0.00,0.00,3733.00,0.00,0.00,3663.00,16.40,3.97
6.49,0.00,0.00,0.00,3733.00,0.00,0.00,3663.00,14.97,3.63
6.49,0.00,0.00,0.00,3733.00,0.00,0.00,3663.00,13.67,3.31
6.50,0.00,0.00,0.00,3733.00,0.00,0.00,3663.00,12.48,3.02
6.51,0.00,0.00,0.00,3733.00,0.00,0.00,3663.00,11.39,2.76
6.51,0.00,0.00,0.00,3733.00,0.00,0.00,3663.00,10.40,2.52
6.52,0.00,0.00,0.00,3733.00,0.00,0.00,3663.00,9.49,2.30
6.53,0.00,0.00,0.00,3733.00,0.00,0.00,3663.00,8.67,2.10
6.53,0.00,0.00,0.00,3733.00,0.00,0.00,3663.00,7.91,1.92
6.54,0.00,0.00,0.00,3733.00,0.00,0.00,3663.00,7.22,1.75
6.55,0.00,0.00,0.00,3733.00,0.00,0.00,3663.00,6.59,1.60
6.56,0.00,0.00,0.00,3733.00,0.00,0.00,3663.00,6.02,1.46
6.56,0.00,0.00,0.00,3733.00,0.00,0.00,3663.00,5.50,1.33
6.57,0.00,0.00,0.00,3733.00,0.00,0.00,3663.00,5.02,1.22
6.58,0.00,0.00,0.00,3733.00,0.00,0.00,3663.00,4.58,1.11
6.58,0.00,0.00,0.00,3733.00,0.00,0.00,3663.00,4.18,1.01
6.59,0.00,0.00,0.00,3733.00,0.00,0.00,3663.00,3.82,0.93
6.60,0.00,0.00,0.00,3733.00,0.00,0.00,3663.00,3.48,0.84
6.60,0.00,0.00,0.00,3733.00,0.00,0.00,3663.00,3.18,0.77
6.61,0.00,0.00,0.00,3733.00,0.00,0.00,3663.00,2.90,0.70
6.62,0.00,0.00,0.00,3733.00,0.00,0.00,3663.00,2.65,0.64
6.62,0.00,0.00,0.00,3733.00,0.00,0.00,3663.00,2.42,0.59
6.63,0.00,0.00,0.00,3733.00,0.00,0.00,3663.00,2.21,0.54
6.64,0.00,0.00,0.00,3733.00,0.00,0.00,3663.00,2.02,0.49
6.65,0.00,0.00,0.00,3733.00,0.00,0.00,3663.00,1.84,0.45
6.65,0.00,0.00,0.00,3733.00,0.00,0.00,3663.00,1.68,0.41
6.66,0.00,0.00,0.00,3733.00,0.00,0.00,3663.00,1.54,0.37
6.67,0.00,0.00,0.00,3733.00,0.00,0.00,3663.00,1.40,0.34
6.67,0.00,0.00,0.00,3733.00,0.00,0.00,3663.00,1.28,0.31
6.68,0.00,0.00,0.00,3733.00,0.00,0.00,3663.00,1.17,0.28
6.69,0.00,0.00,0.00,3733.00,0.00,0.00,3663.00,1.07,0.26
6.69,0.00,0.00,0.00,3733.00,0.00,0.00,3663.00,0.97,0.24
6.70,0.00,0.00,0.00,3733.00,0.00,0.00,3663.00,0.89,0.22
6.71,0.00,0.00,0.00,3733.00,0.00,0.00,3663.00,0.81,0.20
6.72,0.00,0.00,0.00,3733.00,0.00,0.00,3663.00,0.74,0.18
6.72,0.00,0.00,0.00,3733.00,0.00,0.00,3663.00,0.68,0.16
6.73,0.00,0.00,0.00,3733.00,0.00,0.00,3663.00,0.62,0.15
6.74,0.00,0.00,0.00,3733.00,0.00,0.00,3663.00,0.56,0.14
6.74,0.00,0.00,0.00,3733.00,0.00,0.00,3663.00,0.51,0.12
6.75,0.00,0.00,0.00,3733.00,0.00,0.00,3663.00,0.47,0.11
6.76,0.00,0.00,0.00,3733.00,0.00,0.00,3663.00,0.43,0.10
6.76,0.00,0.00,0.00,3733.00,0.00,0.00,3663.00,0.39,0.09
6.77,0.00,0.00,0.00,3733.00,0.00,0.00,3663.00,0.36,0.09
6.78,0.00,0.00,0.00,3733.00,0.00,0.00,3663.00,0.33,0.08
6.78,0.00,0.00,0.00,3733.00,0.00,0.00,3663.00,0.30,0.07
6.79,0.00,0.00,0.00,3733.00,0.00,0.00,3663.00,0.27,0.07
6.80,0.00,0.00,0.00,3733.00,0.00,0.00,3663.00,0.25,0.06
6.81,0.00,0.00,0.00,3733.00,0.00,0.00,3663.00,0.23,0.05
6.81,0.00,0.00,0.00,3733.00,0.00,0.00,3663.00,0.21,0.05
6.82,0.00,0.00,0.00,3733.00,0.00,0.00,3663.00,0.19,0.05
6.83,0.00,0.00,0.00,3733.00,0.00,0.00,3663.00,0.17,0.04
6.83,0.00,0.00,0.00,3733.00,0.00,0.00,3663.00,0.16,0.04
6.84,0.00,0.00,0.00,3733.00,0.00,0.00,3663.00,0.14,0.03
6.85,0.00,0.00,0.00,3733.00,0.00,0.00,3663.00,0.13,0.03
6.85,0.00,0.00,0.00,3733.00,0.00,0.00,3663.00,0.12,0.03
6.86,0.00,0.00,0.00,3733.00,0.00,0.00,3663.00,0.11,0.03
6.87,0.00,0.00,0.00,3733.00,0.00,0.00,3663.00,0.10,0.02
6.88,0.00,0.00,0.00,3733.00,0.00,0.00,3663.00,0.09,0.02
6.88,0.00,0.00,0.00,3733.00,0.00,0.00,3663.00,0.08,0.02
6.89,0.00,0.00,0.00,3733.00,0.00,0.00,3663.00,0.08,0.02
6.90,0.00,0.00,0.00,3733.00,0.00,0.00,3663.00,0.07,0.02
6.90,0.00,0.00,0.00,3733.00,0.00,0.00,3663.00,0.06,0.02
6.91,0.00,0.00,0.00,3733.00,0.00,0.00,3663.00,0.06,0.01
6.92,0.00,0.00,0.00,3733.00,0.00,0.00,3663.00,0.05,0.01
6.92,0.00,0.00,0.00,3733.00,0.00,0.00,3663.00,0.05,0.01
6.93,0.00,0.00,0.00,3733.00,0.00,0.00,3663.00,0.04,0.01
6.94,0.00,0.00,0.00,3733.00,0.00,0.00,3663.00,0.04,0.01
6.94,0.00,0.00,0.00,3733.00,0.00,0.00,3663.00,0.04,0.01
6.95,0.00,0.00,0.00,3733.00,0.00,0.00,3663.00,0.03,0.01
6.96,0.00,0.00,0.00,3733.00,0.00,0.00,3663.00,0.03,0.01
6.97,0.00,0.00,0.00,3733.00,0.00,0.00,3663.00,0.03,0.01
6.97,0.00,0.00,0.00,3733.00,0.00,0.00,3663.00,0.03,0.01
6.98,0.00,0.00,0.00,3733.00,0.00,0.00,3663.00,0.02,0.01
6.99,0.00,0.00,0.00,3733.00,0.00,0.00,3663.00,0.02,0.01
6.99,0.00,0.00,0.00,3733.00,0.00,0.00,3663.00,0.02,0.00
7.00,0.00,0.00,0.00,3733.00,0.00,0.00,3663.00,0.02,0.00
7.01,0.00,0.00,0.00,3733.00,0.00,0.00,3663.00,0.02,0.00
7.01,0.00,0.00,0.00,3733.00,0.00,0.00,3663.00,0.01,0.00
7.02,0.00,0.00,0.00,3733.00,0.00,0.00,3663.00,0.01,0.00
7.03,0.00,0.00,0.00,3733.00,0.00,0.00,3663.00,0.01,0.00
7.03,0.00,0.00,0.00,3733.00,0.00,0.00,3663.00,0.01,0.00
7.04,0.00,0.00,0.00,3733.00,0.00,0.00,3663.00,0.01,0.00
7.05,0.00,0.00,0.00,3733.00,0.00,0.00,3663.00,0.01,0.00
7.06,0.00,0.00,0.00,3733.00,0.00,0.00,3663.00,0.01,0.00
7.06,0.00,0.00,0.00,3733.00,0.00,0.00,3663.00,0.01,0.00
7.07,0.00,0.00,0.00,3733.00,0.00,0.00,3663.00,0.01,0.00
7.08,0.00,0.00,0.00,3733.00,0.00,0.00,3663.00,0.01,0.00
7.08,0.00,0.00,0.00,3733.00,0.00,0.00,3663.00,0.01,0.00
7.09,0.00,0.00,0.00,3733.00,0.00,0.00,3663.00,0.01,0.00
7.10,0.00,0.00,0.00,3733.00,0.00,0.00,3663.00,0.00,0.00
7.10,0.00,0.00,0.00,3733.00,0.00,0.00,3663.00,0.00,0.00
7.11,0.00,0.00,0.00,3733.00,0.00,0.00,3663.00,0.00,0.00
7.12,0.00,0.00,0.00,3733.00,0.00,0.00,3663.00,0.00,0.00
7.12,0.00,0.00,0.00,3733.00,0.00,0.00,3663.00,0.00,0.00
7.13,0.00,0.00,0.00,3733.00,0.00,0.00,3663.00,0.00,0.00
7.14,0.00,0.00,0.00,3733.00,0.00,0.00,3663.00,0.00,0.00
7.15,0.00,0.00,0.00,3733.00,0.00,0.00,3663.00,0.00,0.00
7.15,0.00,0.00,0.00,3733.00,0.00,0.00,3663.00,0.00,0.00
7.16,0.00,0.00,0.00,3733.00,0.00,0.00,3663.00,0.00,0.00
7.17,0.00,0.00,0.00,3733.00,0.00,0.00,3663.00,0.00,0.00
7.17,0.00,0.00,0.00,3733.00,0.00,0.00,3663.00,0.00,0.00
7.18,0.00,0.00,0.00,3733.00,0.00,0.00,3663.00,0.00,0.00
7.19,0.00,0.00,0.00,3733.00,0.00,0.00,3663.00,0.00,0.00
7.19,0.00,0.00,0.00,3733.00,0.00,0.00,3663.00,0.00,0.00
7.20,0.00,0.00,0.00,3733.00,0.00,0.00,3663.00,0.00,0.00
7.21,0.00,0.00,0.00,3733.00,0.00,0.00,3663.00,0.00,0.00
7.22,0.00,0.00,0.00,3733.00,0.00,0.00,3663.00,0.00,0.00
7.22,0.00,0.00,0.00,3733.00,0.00,0.00,3663.00,0.00,0.00
7.23,0.00,0.00,0.00,3733.00,0.00,0.00,3663.00,0.00,0.00
7.24,0.00,0.00,0.00,3733.00,0.00,0.00,3663.00,0.00,0.00
7.24,0.00,0.00,0.00,3733.00,0.00,0.00,3663.00,0.00,0.00
7.25,0.00,0.00,0.00,3733.00,0.00,0.00,3663.00,0.00,0.00
7.26,0.00,0.00,0.00,3733.00,0.00,0.00,3663.00,0.00,0.00
7.26,0.00,0.00,0.00,3733.00,0.00,0.00,3663.00,0.00,0.00
7.27,0.00,0.00,0.00,3733.00,0.00,0.00,3663.00,0.00,0.00
7.28,0.00,0.00,0.00,3733.00,0.00,0.00,3663.00,0.00,0.00
7.28,0.00,0.00,0.00,3733.00,0.00,0.00,3663.00,0.00,0.00
7.29,0.00,0.00,0.00,3733.00,0.00,0.00,3663.00,0.00,0.00
7.30,0.00,0.00,0.00,3733.00,0.00,0.00,3663.00,0.00,0.00
7.31,0.00,0.00,0.00,3733.00,0.00,0.00,3663.00,0.00,0.00
7.31,0.00,0.00,0.00,3733.00,0.00,0.00,3663.00,0.00,0.00
7.32,0.00,0.00,0.00,3733.00,0.00,0.00,3663.00,0.00,0.00
7.33,0.00,0.00,0.00,3733.00,0.00,0.00,3663.00,0.00,0.00
7.33,0.00,0.00,0.00,3733.00,0.00,0.00,3663.00,0.00,0.00
7.34,0.00,0.00,0.00,3733.00,0.00,0.00,3663.00,0.00,0.00
7.35,0.00,0.00,0.00,3733.00,0.00,0.00,3663.00,0.00,0.00
7.35,0.00,0.00,0.00,3733.00,0.00,0.00,3663.00,0.00,0.00
7.36,0.00,0.00,0.00,3733.00,0.00,0.00,3663.00,0.00,0.00
7.37,0.00,0.00,0.00,3733.00,0.00,0.00,3663.00,0.00,0.00
7.38,0.00,0.00,0.00,3733.00,0.00,0.00,3663.00,0.00,0.00
7.38,0.00,0.00,0.00,3733.00,0.00,0.00,3663.00,0.00,0.00
7.39,0.00,0.00,0.00,3733.00,0.00,0.00,3663.00,0.00,0.00
7.40,0.00,0.00,0.00,3733.00,0.00,0.00,3663.00,0.00,0.00
7.40,0.00,0.00,0.00,3733.00,0.00,0.00,3663.00,0.00,0.00
7.41,0.00,0.00,0.00,3733.00,0.00,0.00,3663.00,0.00,0.00
7.42,0.00,0.00,0.00,3733.00,0.00,0.00,3663.00,0.00,0.00
7.42,0.00,0.00,0.00,3733.00,0.00,0.00,3663.00,0.00,0.00
7.43,0.00,0.00,0.00,3733.00,0.00,0.00,3663.00,0.00,0.00
7.44,0.00,0.00,0.00,3733.00,0.00,0.00,3663.00,0.00,0.00
7.44,0.00,0.00,0.00,3733.00,0.00,0.00,3663.00,0.00,0.00
7.45,0.00,0.00,0.00,3733.00,0.00,0.00,3663.00,0.00,0.00
7.46,0.00,0.00,0.00,3733.00,0.00,0.00,3663.00,0.00,0.00
7.47,0.00,0.00,0.00,3733.00,0.00,0.00,3663.00,0.00,0.00
7.47,0.00,0.00,0.00,3733.00,0.00,0.00,3663.00,0.00,0.00
7.48,0.00,0.00,0.00,3733.00,0.00,0.00,3663.00,0.00,0.00
7.49,0.00,0.00,0.00,3733.00,0.00,0.00,3663.00,0.00,0.00
7.49,0.00,0.00,0.00,3733.00,0.00,0.00,3663.00,0.00,0.00
7.50,0.00,0.00,0.00,3733.00,0.00,0.00,3663.00,0.00,0.00
7.51,0.00,0.00,0.00,3733.00,0.00,0.00,3663.00,0.00,0.00
7.51,0.00,0.00,0.00,3733.00,0.00,0.00,3663.00,0.00,0.00
7.52,0.00,0.00,0.00,3733.00,0.00,0.00,3663.00,0.00,0.00
7.53,0.00,0.00,0.00,3733.00,0.00,0.00,3663.00,0.00,0.00
7.53,0.00,0.00,0.00,3733.00,0.00,0.00,3663.00,0.00,0.00
7.54,0.00,0.00,0.00,3733.00,0.00,0.00,3663.00,0.00,0.00
7.55,0.00,0.00,0.00,3733.00,0.00,0.00,3663.00,0.00,0.00
7.56,0.00,0.00,0.00,3733.00,0.00,0.00,3663.00,0.00,0.00
7.56,0.00,0.00,0.00,3733.00,0.00,0.00,3663.00,0.00,0.00
7.57,0.00,0.00,0.00,3733.00,0.00,0.00,3663.00,0.00,0.00
7.58,0.00,0.00,0.00,3733.00,0.00,0.00,3663.00,0.00,0.00
7.58,0.00,0.00,0.00,3733.00,0.00,0.00,3663.00,0.00,0.00
7.59,0.00,0.00,0.00,3733.00,0.00,0.00,3663.00,0.00,0.00
7.60,0.00,0.00,0.00,3733.00,0.00,0.00,3663.00,0.00,0.00
7.60,0.00,0.00,0.00,3733.00,0.00,0.00,3663.00,0.00,0.00
7.61,0.00,0.00,0.00,3733.00,0.00,0.00,3663.00,0.00,0.00
7.62,0.00,0.00,0.00,3733.00,0.00,0.00,3663.00,0.00,0.00
7.62,0.00,0.00,0.00,3733.00,0.00,0.00,3663.00,0.00,0.00
7.63,0.00,0.00,0.00,3733.00,0.00,0.00,3663.00,0.00,0.00
7.64,0.00,0.00,0.00,3733.00,0.00,0.00,3663.00,0.00,0.00
7.65,0.00,0.00,0.00,3733.00,0.00,0.00,3663.00,0.00,0.00
7.65,0.00,0.00,0.00,3733.00,0.00,0.00,3663.00,0.00,0.00
7.66,0.00,0.00,0.00,3733.00,0.00,0.00,3663.00,0.00,0.00
7.67,0.00,0.00,0.00,3733.00,0.00,0.00,3663.00,0.00,0.00
7.67,0.00,0.00,0.00,3733.00,0.00,0.00,3663.00,0.00,0.00
7.68,0.00,0.00,0.00,3733.00,0.00,0.00,3663.00,0.00,0.00
7.69,0.00,0.00,0.00,3733.00,0.00,0.00,3663.00,0.00,0.00
7.69,0.00,0.00,0.00,3733.00,0.00,0.00,3663.00,0.00,0.00
7.70,0.00,0.00,0.00,3733.00,0.00,0.00,3663.00,0.00,0.00
7.71,0.00,0.00,0.00,3733.00,0.00,0.00,3663.00,0.00,0.00
7.72,0.00,0.00,0.00,3733.00,0.00,0.00,3663.00,0.00,0.00
7.72,0.00,0.00,0.00,3733.00,0.00,0.00,3663.00,0.00,0.00
7.73,0.00,0.00,0.00,3733.00,0.00,0.00,3663.00,0.00,0.00
7.74,0.00,0.00,0.00,3733.00,0.00,0.00,3663.00,0.00,0.00
7.74,0.00,0.00,0.00,3733.00,0.00,0.00,3663.00,0.00,0.00
7.75,0.00,0.00,0.00,3733.00,0.00,0.00,3663.00,0.00,0.00
7.76,0.00,0.00,0.00,3733.00,0.00,0.00,3663.00,0.00,0.00
7.76,0.00,0.00,0.00,3733.00,0.00,0.00,3663.00,0.00,0.00
7.77,0.00,0.00,0.00,3733.00,0.00,0.00,3663.00,0.00,0.00
7.78,0.00,0.00,0.00,3733.00,0.00,0.00,3663.00,0.00,0.00
7.78,0.00,0.00,0.00,3733.00,0.00,0.00,3663.00,0.00,0.00
7.79,0.00,0.00,0.00,3733.00,0.00,0.00,3663.00,0.00,0.00
7.80,0.00,0.00,0.00,3733.00,0.00,0.00,3663.00,0.00,0.00
7.81,0.00,0.00,0.00,3733.00,0.00,0.00,3663.00,0.00,0.00
7.81,0.00,0.00,0.00,3733.00,0.00,0.00,3663.00,0.00,0.00
7.82,0.00,0.00,0.00,3733.00,0.00,0.00,3663.00,0.00,0.00
7.83,0.00,0.00,0.00,3733.00,0.00,0.00,3663.00,0.00,0.00
7.83,0.00,0.00,0.00,3733.00,0.00,0.00,3663.00,0.00,0.00
7.84,0.00,0.00,0.00,3733.00,0.00,0.00,3663.00,0.00,0.00
7.85,0.00,0.00,0.00,3733.00,0.00,0.00,3663.00,0.00,0.00
7.85,0.00,0.00,0.00,3733.00,0.00,0.00,3663.00,0.00,0.00
7.86,0.00,0.00,0.00,3733.00,0.00,0.00,3663.00,0.00,0.00
7.87,0.00,0.00,0.00,3733.00,0.00,0.00,3663.00,0.00,0.00
7.88,0.00,0.00,0.00,3733.00,0.00,0.00,3663.00,0.00,0.00
7.88,0.00,0.00,0.00,3733.00,0.00,0.00,3663.00,0.00,0.00
7.89,0.00,0.00,0.00,3733.00,0.00,0.00,3663.00,0.00,0.00
7.90,0.00,0.00,0.00,3733.00,0.00,0.00,3663.00,0.00,0.00
7.90,0.00,0.00,0.00,3733.00,0.00,0.00,3663.00,0.00,0.00
7.91,0.00,0.00,0.00,3733.00,0.00,0.00,3663.00,0.00,0.00
7.92,0.00,0.00,0.00,3733.00,0.00,0.00,3663.00,0.00,0.00
7.92,0.00,0.00,0.00,3733.00,0.00,0.00,3663.00,0.00,0.00
7.93,0.00,0.00,0.00,3733.00,0.00,0.00,3663.00,0.00,0.00
7.94,0.00,0.00,0.00,3733.00,0.00,0.00,3663.00,0.00,0.00
7.94,0.00,0.00,0.00,3733.00,0.00,0.00,3663.00,0.00,0.00
7.95,0.00,0.00,0.00,3733.00,0.00,0.00,3663.00,0.00,0.00
7.96,0.00,0.00,0.00,3733.00,0.00,0.00,3663.00,0.00,0.00
7.97,0.00,0.00,0.00,3733.00,0.00,0.00,3663.00,0.00,0.00
7.97,0.00,0.00,0.00,3733.00,0.00,0.00,3663.00,0.00,0.00
7.98,0.00,0.00,0.00,3733.00,0.00,0.00,3663.00,0.00,0.00
7.99,0.00,0.00,0.00,3733.00,0.00,0.00,3663.00,0.00,0.00
7.99,0.00,0.00,0.00,3733.00,0.00,0.00,3663.00,0.00,0.00
8.00,0.00,0.00,0.00,3733.00,0.00,0.00,3663.00,0.00,0.00
8.01,0.00,0.00,0.00,3733.00,0.00,0.00,3663.00,0.00,0.00
8.01,0.00,0.00,0.00,3733.00,0.00,0.00,3663.00,0.00,0.00
8.02,0.00,0.00,0.00,3733.00,0.00,0.00,3663.00,0.00,0.00
8.03,0.00,0.00,0.00,3733.00,0.00,0.00,3663.00,0.00,0.00
8.03,0.00,0.00,0.00,3733.00,0.00,0.00,3663.00,0.00,0.00
8.04,0.00,0.00,0.00,3733.00,0.00,0.00,3663.00,0.00,0.00
8.05,0.00,0.00,0.00,3733.00,0.00,0.00,3663.00,0.00,0.00
8.06,0.00,0.00,0.00,3733.00,0.00,0.00,3663.00,0.00,0.00
8.06,0.00,0.00,0.00,3733.00,0.00,0.00,3663.00,0.00,0.00
8.07,0.00,0.00,0.00,3733.00,0.00,0.00,3663.00,0.00,0.00
8.08,0.00,0.00,0.00,3733.00,0.00,0.00,3663.00,0.00,0.00
8.08,0.00,0.00,0.00,3733.00,0.00,0.00,3663.00,0.00,0.00
8.09,0.00,0.00,0.00,3733.00,0.00,0.00,3663.00,0.00,0.00
8.10,0.00,0.00,0.00,3733.00,0.00,0.00,3663.00,0.00,0.00
8.10,0.00,0.00,0.00,3733.00,0.00,0.00,3663.00,0.00,0.00
8.11,0.00,0.00,0.00,3733.00,0.00,0.00,3663.00,0.00,0.00
8.12,0.00,0.00,0.00,3733.00,0.00,0.00,3663.00,0.00,0.00
8.12,0.00,0.00,0.00,3733.00,0.00,0.00,3663.00,0.00,0.00
8.13,0.00,0.00,0.00,3733.00,0.00,0.00,3663.00,0.00,0.00
8.14,0.00,0.00,0.00,3733.00,0.00,0.00,3663.00,0.00,0.00
8.15,0.00,0.00,0.00,3733.00,0.00,0.00,3663.00,0.00,0.00
8.15,0.00,0.00,0.00,3733.00,0.00,0.00,3663.00,0.00,0.00
8.16,0.00,0.00,0.00,3733.00,0.00,0.00,3663.00,0.00,0.00
8.17,0.00,0.00,0.00,3733.00,0.00,0.00,3663.00,0.00,0.00
8.17,0.00,0.00,0.00,3733.00,0.00,0.00,3663.00,0.00,0.00
8.18,0.00,0.00,0.00,3733.00,0.00,0.00,3663.00,0.00,0.00
8.19,0.00,0.00,0.00,3733.00,0.00,0.00,3663.00,0.00,0.00
8.19,0.00,0.00,0.00,3733.00,0.00,0.00,3663.00,0.00,0.00
8.20,0.00,0.00,0.00,3733.00,0.00,0.00,3663.00,0.00,0.00
8.21,0.00,0.00,0.00,3733.00,0.00,0.00,3663.00,0.00,0.00
8.22,0.00,0.00,0.00,3733.00,0.00,0.00,3663.00,0.00,0.00
8.22,0.00,0.00,0.00,3733.00,0.00,0.00,3663.00,0.00,0.00
8.23,0.00,0.00,0.00,3733.00,0.00,0.00,3663.00,0.00,0.00
8.24,0.00,0.00,0.00,3733.00,0.00,0.00,3663.00,0.00,0.00
8.24,0.00,0.00,0.00,3733.00,0.00,0.00,3663.00,0.00,0.00
8.25,0.00,0.00,0.00,3733.00,0.00,0.00,3663.00,0.00,0.00
8.26,0.00,0.00,0.00,3733.00,0.00,0.00,3663.00,0.00,0.00
8.26,0.00,0.00,0.00,3733.00,0.00,0.00,3663.00,0.00,0.00
8.27,0.00,0.00,0.00,3733.00,0.00,0.00,3663.00,0.00,0.00
8.28,0.00,0.00,0.00,3733.00,0.00,0.00,3663.00,0.00,0.00
8.28,0.00,0.00,0.00,3733.00,0.00,0.00,3663.00,0.00,0.00
8.29,0.00,0.00,0.00,3733.00,0.00,0.00,3663.00,0.00,0.00
8.30,0.00,0.00,0.00,3733.00,0.00,0.00,3663.00,0.00,0.00
8.31,0.00,0.00,0.00,3733.00,0.00,0.00,3663.00,0.00,0.00
8.31,0.00,0.00,0.00,3733.00,0.00,0.00,3663.00,0.00,0.00
8.32,0.00,0.00,0.00,3733.00,0.00,0.00,3663.00,0.00,0.00
8.33,0.00,0.00,0.00,3733.00,0.00,0.00,3663.00,0.00,0.00
8.33,0.00,0.00,0.00,3733.00,0.00,0.00,3663.00,0.00,0.00
8.34,0.00,0.00,0.00,3733.00,0.00,0.00,3663.00,0.00,0.00
8.35,0.00,0.00,0.00,3733.00,0.00,0.00,3663.00,0.00,0.00
8.35,0.00,0.00,0.00,3733.00,0.00,0.00,3663.00,0.00,0.00
8.36,0.00,0.00,0.00,3733.00,0.00,0.00,3663.00,0.00,0.00
8.37,0.00,0.00,0.00,3733.00,0.00,0.00,3663.00,0.00,0.00
8.38,0.00,0.00,0.00,3733.00,0.00,0.00,3663.00,0.00,0.00
8.38,0.00,0.00,0.00,3733.00,0.00,0.00,3663.00,0.00,0.00
8.39,0.00,0.00,0.00,3733.00,0.00,0.00,3663.00,0.00,0.00
8.40,0.00,0.00,0.00,3733.00,0.00,0.00,3663.00,0.00,0.00
8.40,0.00,0.00,0.00,3733.00,0.00,0.00,3663.00,0.00,0.00
8.41,0.00,0.00,0.00,3733.00,0.00,0.00,3663.00,0.00,0.00
8.42,0.00,0.00,0.00,3733.00,0.00,0.00,3663.00,0.00,0.00
8.42,0.00,0.00,0.00,3733.00,0.00,0.00,3663.00,0.00,0.00
8.43,0.00,0.00,0.00,3733.00,0.00,0.00,3663.00,0.00,0.00
8.44,0.00,0.00,0.00,3733.00,0.00,0.00,3663.00,0.00,0.00
8.44,0.00,0.00,0.00,3733.00,0.00,0.00,3663.00,0.00,0.00
8.45,0.00,0.00,0.00,3733.00,0.00,0.00,3663.00,0.00,0.00
8.46,0.00,0.00,0.00,3733.00,0.00,0.00,3663.00,0.00,0.00
8.47,0.00,0.00,0.00,3733.00,0.00,0.00,3663.00,0.00,0.00
8.47,0.00,0.00,0.00,3733.00,0.00,0.00,3663.00,0.00,0.00
8.48,0.00,0.00,0.00,3733.00,0.00,0.00,3663.00,0.00,0.00
8.49,0.00,0.00,0.00,3733.00,0.00,0.00,3663.00,0.00,0.00
8.49,0.00,0.00,0.00,3733.00,0.00,0.00,3663.00,0.00,0.00
8.50,0.00,0.00,0.00,3733.00,0.00,0.00,3663.00,0.00,0.00
8.51,0.00,0.00,0.00,3733.00,0.00,0.00,3663.00,0.00,0.00
8.51,0.00,0.00,0.00,3733.00,0.00,0.00,3663.00,0.00,0.00
8.52,0.00,0.00,0.00,3733.00,0.00,0.00,3663.00,0.00,0.00
8.53,0.00,0.00,0.00,3733.00,0.00,0.00,3663.00,0.00,0.00
8.53,0.00,0.00,0.00,3733.00,0.00,0.00,3663.00,0.00,0.00
8.54,0.00,0.00,0.00,3733.00,0.00,0.00,3663.00,0.00,0.00
8.55,0.00,0.00,0.00,3733.00,0.00,0.00,3663.00,0.00,0.00
8.56,0.00,0.00,0.00,3733.00,0.00,0.00,3663.00,0.00,0.00
8.56,0.00,0.00,0.00,3733.00,0.00,0.00,3663.00,0.00,0.00
8.57,0.00,0.00,0.00,3733.00,0.00,0.00,3663.00,0.00,0.00
8.58,0.00,0.00,0.00,3733.00,0.00,0.00,3663.00,0.00,0.00
8.58,0.00,0.00,0.00,3733.00,0.00,0.00,3663.00,0.00,0.00
8.59,0.00,0.00,0.00,3733.00,0.00,0.00,3663.00,0.00,0.00
8.60,0.00,0.00,0.00,3733.00,0.00,0.00,3663.00,0.00,0.00
8.60,0.00,0.00,0.00,3733.00,0.00,0.00,3663.00,0.00,0.00
8.61,0.00,0.00,0.00,3733.00,0.00,0.00,3663.00,0.00,0.00
8.62,0.00,0.00,0.00,3733.00,0.00,0.00,3663.00,0.00,0.00
8.62,0.00,0.00,0.00,3733.00,0.00,0.00,3663.00,0.00,0.00
8.63,0.00,0.00,0.00,3733.00,0.00,0.00,3663.00,0.00,0.00
8.64,0.00,0.00,0.00,3733.00,0.00,0.00,3663.00,0.00,0.00
8.65,0.00,0.00,0.00,3733.00,0.00,0.00,3663.00,0.00,0.00
8.65,0.00,0.00,0.00,3733.00,0.00,0.00,3663.00,0.00,0.00
8.66,0.00,0.00,0.00,3733.00,0.00,0.00,3663.00,0.00,0.00
8.67,0.00,0.00,0.00,3733.00,0.00,0.00,3663.00,0.00,0.00
8.67,0.00,0.00,0.00,3733.00,0.00,0.00,3663.00,0.00,0.00
8.68,0.00,0.00,0.00,3733.00,0.00,0.00,3663.00,0.00,0.00
8.69,0.00,0.00,0.00,3733.00,0.00,0.00,3663.00,0.00,0.00
8.69,0.00,0.00,0.00,3733.00,0.00,0.00,3663.00,0.00,0.00
8.70,0.00,0.00,0.00,3733.00,0.00,0.00,3663.00,0.00,0.00
8.71,0.00,0.00,0.00,3733.00,0.00,0.00,3663.00,0.00,0.00
8.72,0.00,0.00,0.00,3733.00,0.00,0.00,3663.00,0.00,0.00
8.72,0.00,0.00,0.00,3733.00,0.00,0.00,3663.00,0.00,0.00
8.73,0.00,0.00,0.00,3733.00,0.00,0.00,3663.00,0.00,0.00
8.74,0.00,0.00,0.00,3733.00,0.00,0.00,3663.00,0.00,0.00
8.74,0.00,0.00,0.00,3733.00,0.00,0.00,3663.00,0.00,0.00
8.75,0.00,0.00,0.00,3733.00,0.00,0.00,3663.00,0.00,0.00
8.76,0.00,0.00,0.00,3733.00,0.00,0.00,3663.00,0.00,0.00
8.76,0.00,0.00,0.00,3733.00,0.00,0.00,3663.00,0.00,0.00
8.77,0.00,0.00,0.00,3733.00,0.00,0.00,3663.00,0.00,0.00
8.78,0.00,0.00,0.00,3733.00,0.00,0.00,3663.00,0.00,0.00
8.78,0.00,0.00,0.00,3733.00,0.00,0.00,3663.00,0.00,0.00
8.79,0.00,0.00,0.00,3733.00,0.00,0.00,3663.00,0.00,0.00
8.80,0.00,0.00,0.00,3733.00,0.00,0.00,3663.00,0.00,0.00
8.81,0.00,0.00,0.00,3733.00,0.00,0.00,3663.00,0.00,0.00
8.81,0.00,0.00,0.00,3733.00,0.00,0.00,3663.00,0.00,0.00
8.82,0.00,0.00,0.00,3733.00,0.00,0.00,3663.00,0.00,0.00
8.83,0.00,0.00,0.00,3733.00,0.00,0.00,3663.00,0.00,0.00
8.83,0.00,0.00,0.00,3733.00,0.00,0.00,3663.00,0.00,0.00
8.84,0.00,0.00,0.00,3733.00,0.00,0.00,3663.00,0.00,0.00
8.85,0.00,0.00,0.00,3733.00,0.00,0.00,3663.00,0.00,0.00
8.85,0.00,0.00,0.00,3733.00,0.00,0.00,3663.00,0.00,0.00
8.86,0.00,0.00,0.00,3733.00,0.00,0.00,3663.00,0.00,0.00
8.87,0.00,0.00,0.00,3733.00,0.00,0.00,3663.00,0.00,0.00
8.88,0.00,0.00,0.00,3733.00,0.00,0.00,3663.00,0.00,0.00
8.88,0.00,0.00,0.00,3733.00,0.00,0.00,3663.00,0.00,0.00
8.89,0.00,0.00,0.00,3733.00,0.00,0.00,3663.00,0.00,0.00
8.90,0.00,0.00,0.00,3733.00,0.00,0.00,3663.00,0.00,0.00
8.90,0.00,0.00,0.00,3733.00,0.00,0.00,3663.00,0.00,0.00
8.91,0.00,0.00,0.00,3733.00,0.00,0.00,3663.00,0.00,0.00
8.92,0.00,0.00,0.00,3733.00,0.00,0.00,3663.00,0.00,0.00
8.92,0.00,0.00,0.00,3733.00,0.00,0.00,3663.00,0.00,0.00
8.93,0.00,0.00,0.00,3733.00,0.00,0.00,3663.00,0.00,0.00
8.94,0.00,0.00,0.00,3733.00,0.00,0.00,3663.00,0.00,0.00
8.94,0.00,0.00,0.00,3733.00,0.00,0.00,3663.00,0.00,0.00
8.95,0.00,0.00,0.00,3733.00,0.00,0.00,3663.00,0.00,0.00
8.96,0.00,0.00,0.00,3733.00,0.00,0.00,3663.00,0.00,0.00
8.97,0.00,0.00,0.00,3733.00,0.00,0.00,3663.00,0.00,0.00
8.97,0.00,0.00,0.00,3733.00,0.00,0.00,3663.00,0.00,0.00
8.98,0.00,0.00,0.00,3733.00,0.00,0.00,3663.00,0.00,0.00
8.99,0.00,0.00,0.00,3733.00,0.00,0.00,3663.00,0.00,0.00
8.99,0.00,0.00,0.00,3733.00,0.00,0.00,3663.00,0.00,0.00
9.00,0.00,0.00,0.00,3733.00,0.00,0.00,3663.00,0.00,0.00
9.01,0.00,0.00,0.00,3733.00,0.00,0.00,3663.00,0.00,0.00
9.01,0.00,0.00,0.00,3733.00,0.00,0.00,3663.00,0.00,0.00
9.02,0.00,0.00,0.00,3733.00,0.00,0.00,3663.00,0.00,0.00
9.03,0.00,0.00,0.00,3733.00,0.00,0.00,3663.00,0.00,0.00
9.03,0.00,0.00,0.00,3733.00,0.00,0.00,3663.00,0.00,0.00
9.04,0.00,0.00,0.00,3733.00,0.00,0.00,3663.00,0.00,0.00
9.05,0.00,0.00,0.00,3733.00,0.00,0.00,3663.00,0.00,0.00
9.06,0.00,0.00,0.00,3733.00,0.00,0.00,3663.00,0.00,0.00
9.06,0.00,0.00,0.00,3733.00,0.00,0.00,3663.00,0.00,0.00
9.07,0.00,0.00,0.00,3733.00,0.00,0.00,3663.00,0.00,0.00
9.08,0.00,0.00,0.00,3733.00,0.00,0.00,3663.00,0.00,0.00
9.08,0.00,0.00,0.00,3733.00,0.00,0.00,3663.00,0.00,0.00
9.09,0.00,0.00,0.00,3733.00,0.00,0.00,3663.00,0.00,0.00
9.10,0.00,0.00,0.00,3733.00,0.00,0.00,3663.00,0.00,0.00
9.10,0.00,0.00,0.00,3733.00,0.00,0.00,3663.00,0.00,0.00
9.11,0.00,0.00,0.00,3733.00,0.00,0.00,3663.00,0.00,0.00
9.12,0.00,0.00,0.00,3733.00,0.00,0.00,3663.00,0.00,0.00
9.12,0.00,0.00,0.00,3733.00,0.00,0.00,3663.00,0.00,0.00
9.13,0.00,0.00,0.00,3733.00,0.00,0.00,3663.00,0.00,0.00
9.14,0.00,0.00,0.00,3733.00,0.00,0.00,3663.00,0.00,0.00
9.15,0.00,0.00,0.00,3733.00,0.00,0.00,3663.00,0.00,0.00
9.15,0.00,0.00,0.00,3733.00,0.00,0.00,3663.00,0.00,0.00
9.16,0.00,0.00,0.00,3733.00,0.00,0.00,3663.00,0.00,0.00
9.17,0.00,0.00,0.00,3733.00,0.00,0.00,3663.00,0.00,0.00
9.17,0.00,0.00,0.00,3733.00,0.00,0.00,3663.00,0.00,0.00
9.18,0.00,0.00,0.00,3733.00,0.00,0.00,3663.00,0.00,0.00
9.19,0.00,0.00,0.00,3733.00,0.00,0.00,3663.00,0.00,0.00
9.19,0.00,0.00,0.00,3733.00,0.00,0.00,3663.00,0.00,0.00
9.20,0.00,0.00,0.00,3733.00,0.00,0.00,3663.00,0.00,0.00
9.21,0.00,0.00,0.00,3733.00,0.00,0.00,3663.00,0.00,0.00
9.22,0.00,0.00,0.00,3733.00,0.00,0.00,3663.00,0.00,0.00
9.22,0.00,0.00,0.00,3733.00,0.00,0.00,3663.00,0.00,0.00
9.23,0.00,0.00,0.00,3733.00,0.00,0.00,3663.00,0.00,0.00
9.24,0.00,0.00,0.00,3733.00,0.00,0.00,3663.00,0.00,0.00
9.24,0.00,0.00,0.00,3733.00,0.00,0.00,3663.00,0.00,0.00
9.25,0.00,0.00,0.00,3733.00,0.00,0.00,3663.00,0.00,0.00
9.26,0.00,0.00,0.00,3733.00,0.00,0.00,3663.00,0.00,0.00
9.26,0.00,0.00,0.00,3733.00,0.00,0.00,3663.00,0.00,0.00
9.27,0.00,0.00,0.00,3733.00,0.00,0.00,3663.00,0.00,0.00
9.28,0.00,0.00,0.00,3733.00,0.00,0.00,3663.00,0.00,0.00
9.28,0.00,0.00,0.00,3733.00,0.00,0.00,3663.00,0.00,0.00
9.29,0.00,0.00,0.00,3733.00,0.00,0.00,3663.00,0.00,0.00
9.30,0.00,0.00,0.00,3733.00,0.00,0.00,3663.00,0.00,0.00
9.31,0.00,0.00,0.00,3733.00,0.00,0.00,3663.00,0.00,0.00
9.31,0.00,0.00,0.00,3733.00,0.00,0.00,3663.00,0.00,0.00
9.32,0.00,0.00,0.00,3733.00,0.00,0.00,3663.00,0.00,0.00
9.33,0.00,0.00,0.00,3733.00,0.00,0.00,3663.00,0.00,0.00
9.33,0.00,0.00,0.00,3733.00,0.00,0.00,3663.00,0.00,0.00
9.34,0.00,0.00,0.00,3733.00,0.00,0.00,3663.00,0.00,0.00
9.35,0.00,0.00,0.00,3733.00,0.00,0.00,3663.00,0.00,0.00
9.35,0.00,0.00,0.00,3733.00,0.00,0.00,3663.00,0.00,0.00
9.36,0.00,0.00,0.00,3733.00,0.00,0.00,3663.00,0.00,0.00
9.37,0.00,0.00,0.00,3733.00,0.00,0.00,3663.00,0.00,0.00
9.38,0.00,0.00,0.00,3733.00,0.00,0.00,3663.00,0.00,0.00
9.38,0.00,0.00,0.00,3733.00,0.00,0.00,3663.00,0.00,0.00
9.39,0.00,0.00,0.00,3733.00,0.00,0.00,3663.00,0.00,0.00
9.40,0.00,0.00,0.00,3733.00,0.00,0.00,3663.00,0.00,0.00
9.40,0.00,0.00,0.00,3733.00,0.00,0.00,3663.00,0.00,0.00
9.41,0.00,0.00,0.00,3733.00,0.00,0.00,3663.00,0.00,0.00
9.42,0.00,0.00,0.00,3733.00,0.00,0.00,3663.00,0.00,0.00
9.42,0.00,0.00,0.00,3733.00,0.00,0.00,3663.00,0.00,0.00
9.43,0.00,0.00,0.00,3733.00,0.00,0.00,3663.00,0.00,0.00
9.44,0.00,0.00,0.00,3733.00,0.00,0.00,3663.00,0.00,0.00
9.44,0.00,0.00,0.00,3733.00,0.00,0.00,3663.00,0.00,0.00
9.45,0.00,0.00,0.00,3733.00,0.00,0.00,3663.00,0.00,0.00
9.46,0.00,0.00,0.00,3733.00,0.00,0.00,3663.00,0.00,0.00
9.47,0.00,0.00,0.00,3733.00,0.00,0.00,3663.00,0.00,0.00
9.47,0.00,0.00,0.00,3733.00,0.00,0.00,3663.00,0.00,0.00
9.48,0.00,0.00,0.00,3733.00,0.00,0.00,3663.00,0.00,0.00
9.49,0.00,0.00,0.00,3733.00,0.00,0.00,3663.00,0.00,0.00
9.49,0.00,0.00,0.00,3733.00,0.00,0.00,3663.00,0.00,0.00
9.50,0.00,0.00,0.00,3733.00,0.00,0.00,3663.00,0.00,0.00
9.51,0.00,0.00,0.00,3733.00,0.00,0.00,3663.00,0.00,0.00
9.51,0.00,0.00,0.00,3733.00,0.00,0.00,3663.00,0.00,0.00
9.52,0.00,0.00,0.00,3733.00,0.00,0.00,3663.00,0.00,0.00
9.53,0.00,0.00,0.00,3733.00,0.00,0.00,3663.00,0.00,0.00
9.53,0.00,0.00,0.00,3733.00,0.00,0.00,3663.00,0.00,0.00
9.54,0.00,0.00,0.00,3733.00,0.00,0.00,3663.00,0.00,0.00
9.55,0.00,0.00,0.00,3733.00,0.00,0.00,3663.00,0.00,0.00
9.56,0.00,0.00,0.00,3733.00,0.00,0.00,3663.00,0.00,0.00
9.56,0.00,0.00,0.00,3733.00,0.00,0.00,3663.00,0.00,0.00
9.57,0.00,0.00,0.00,3733.00,0.00,0.00,3663.00,0.00,0.00
9.58,0.00,0.00,0.00,3733.00,0.00,0.00,3663.00,0.00,0.00
9.58,0.00,0.00,0.00,3733.00,0.00,0.00,3663.00,0.00,0.00
9.59,0.00,0.00,0.00,3733.00,0.00,0.00,3663.00,0.00,0.00
9.60,0.00,0.00,0.00,3733.00,0.00,0.00,3663.00,0.00,0.00
9.60,0.00,0.00,0.00,3733.00,0.00,0.00,3663.00,0.00,0.00
9.61,0.00,0.00,0.00,3733.00,0.00,0.00,3663.00,0.00,0.00
9.62,0.00,0.00,0.00,3733.00,0.00,0.00,3663.00,0.00,0.00
9.62,0.00,0.00,0.00,3733.00,0.00,0.00,3663.00,0.00,0.00
9.63,0.00,0.00,0.00,3733.00,0.00,0.00,3663.00,0.00,0.00
9.64,0.00,0.00,0.00,3733.00,0.00,0.00,3663.00,0.00,0.00
9.65,0.00,0.00,0.00,3733.00,0.00,0.00,3663.00,0.00,0.00
9.65,0.00,0.00,0.00,3733.00,0.00,0.00,3663.00,0.00,0.00
9.66,0.00,0.00,0.00,3733.00,0.00,0.00,3663.00,0.00,0.00
9.67,0.00,0.00,0.00,3733.00,0.00,0.00,3663.00,0.00,0.00
9.67,0.00,0.00,0.00,3733.00,0.00,0.00,3663.00,0.00,0.00
9.68,0.00,0.00,0.00,3733.00,0.00,0.00,3663.00,0.00,0.00
9.69,0.00,0.00,0.00,3733.00,0.00,0.00,3663.00,0.00,0.00
9.69,0.00,0.00,0.00,3733.00,0.00,0.00,3663.00,0.00,0.00
9.70,0.00,0.00,0.00,3733.00,0.00,0.00,3663.00,0.00,0.00
9.71,0.00,0.00,0.00,3733.00,0.00,0.00,3663.00,0.00,0.00
9.72,0.00,0.00,0.00,3733.00,0.00,0.00,3663.00,0.00,0.00
9.72,0.00,0.00,0.00,3733.00,0.00,0.00,3663.00,0.00,0.00
9.73,0.00,0.00,0.00,3733.00,0.00,0.00,3663.00,0.00,0.00
9.74,0.00,0.00,0.00,3733.00,0.00,0.00,3663.00,0.00,0.00
9.74,0.00,0.00,0.00,3733.00,0.00,0.00,3663.00,0.00,0.00
9.75,0.00,0.00,0.00,3733.00,0.00,0.00,3663.00,0.00,0.00
9.76,0.00,0.00,0.00,3733.00,0.00,0.00,3663.00,0.00,0.00
9.76,0.00,0.00,0.00,3733.00,0.00,0.00,3663.00,0.00,0.00
9.77,0.00,0.00,0.00,3733.00,0.00,0.00,3663.00,0.00,0.00
9.78,0.00,0.00,0.00,3733.00,0.00,0.00,3663.00,0.00,0.00
9.78,0.00,0.00,0.00,3733.00,0.00,0.00,3663.00,0.00,0.00
9.79,0.00,0.00,0.00,3733.00,0.00,0.00,3663.00,0.00,0.00
9.80,0.00,0.00,0.00,3733.00,0.00,0.00,3663.00,0.00,0.00
9.81,0.00,0.00,0.00,3733.00,0.00,0.00,3663.00,0.00,0.00
9.81,0.00,0.00,0.00,3733.00,0.00,0.00,3663.00,0.00,0.00
9.82,0.00,0.00,0.00,3733.00,0.00,0.00,3663.00,0.00,0.00
9.83,0.00,0.00,0.00,3733.00,0.00,0.00,3663.00,0.00,0.00
9.83,0.00,0.00,0.00,3733.00,0.00,0.00,3663.00,0.00,0.00
9.84,0.00,0.00,0.00,3733.00,0.00,0.00,3663.00,0.00,0.00
9.85,0.00,0.00,0.00,3733.00,0.00,0.00,3663.00,0.00,0.00
9.85,0.00,0.00,0.00,3733.00,0.00,0.00,3663.00,0.00,0.00
9.86,0.00,0.00,0.00,3733.00,0.00,0.00,3663.00,0.00,0.00
9.87,0.00,0.00,0.00,3733.00,0.00,0.00,3663.00,0.00,0.00
9.88,0.00,0.00,0.00,3733.00,0.00,0.00,3663.00,0.00,0.00
9.88,0.00,0.00,0.00,3733.00,0.00,0.00,3663.00,0.00,0.00
9.89,0.00,0.00,0.00,3733.00,0.00,0.00,3663.00,0.00,0.00
9.90,0.00,0.00,0.00,3733.00,0.00,0.00,3663.00,0.00,0.00
9.90,0.00,0.00,0.00,3733.00,0.00,0.00,3663.00,0.00,0.00
9.91,0.00,0.00,0.00,3733.00,0.00,0.00,3663.00,0.00,0.00
9.92,0.00,0.00,0.00,3733.00,0.00,0.00,3663.00,0.00,0.00
9.92,0.00,0.00,0.00,3733.00,0.00,0.00,3663.00,0.00,0.00
9.93,0.00,0.00,0.00,3733.00,0.00,0.00,3663.00,0.00,0.00
9.94,0.00,0.00,0.00,3733.00,0.00,0.00,3663.00,0.00,0.00
9.94,0.00,0.00,0.00,3733.00,0.00,0.00,3663.00,0.00,0.00
9.95,0.00,0.00,0.00,3733.00,0.00,0.00,3663.00,0.00,0.00
9.96,0.00,0.00,0.00,3733.00,0.00,0.00,3663.00,0.00,0.00
9.97,0.00,0.00,0.00,3733.00,0.00,0.00,3663.00,0.00,0.00
9.97,0.00,0.00,0.00,3733.00,0.00,0.00,3663.00,0.00,0.00
9.98,0.00,0.00,0.00,3733.00,0.00,0.00,3663.00,0.00,0.00
9.99,0.00,0.00,0.00,3733.00,0.00,0.00,3663.00,0.00,0.00
9.99,0.00,0.00,0.00,3733.00,0.00,0.00,3663.00,0.00,0.00
