Time,CC3DV,CC3DH,CC3DP,CC3DIFNe_Scalar,CC3DIFNe_Field,CC3DSTATP,CC3DIRF7,CC3DIRF7P,CC3DIFN
0.000000e+00,8.627131e-08,1.000000e+00,1.000000e+00,0.000000e+00,0.000000e+00,0.000000e+00,0.000000e+00,0.000000e+00,1.171624e-23
1.666667e-01,1.078675e-07,1.000000e+00,1.000000e+00,2.027886e-23,0.000000e+00,2.504631e-23,9.206456e-25,9.791981e-26,2.952181e-23
3.333333e-01,1.348672e-07,1.000000e+00,1.000000e+00,5.961107e-23,1.094518e-23,9.735286e-23,3.899881e-24,4.467649e-25,6.224115e-23
5.000000e-01,1.686215e-07,1.000000e+00,1.000000e+00,1.327558e-22,3.348643e-23,2.563842e-22,1.092898e-23,1.321471e-24,1.253910e-22
6.666667e-01,2.108250e-07,9.999999e-01,1.000000e+00,2.727662e-22,7.621875e-23,5.806183e-22,2.582823e-23,3.252126e-24,2.492229e-22
8.333333e-01,2.635872e-07,9.999999e-01,1.000000e+00,5.458797e-22,1.582767e-22,1.226795e-21,5.606434e-23,7.277115e-24,4.928216e-22
1.000000e+00,3.295583e-07,9.999999e-01,1.000000e+00,1.082171e-21,3.182486e-22,2.505419e-21,1.162439e-22,1.543054e-23,9.719844e-22
1.166667e+00,4.120360e-07,9.999998e-01,1.000000e+00,2.136674e-21,6.321579e-22,5.028753e-21,2.349045e-22,3.168820e-23,1.914002e-21
1.333333e+00,5.151519e-07,9.999998e-01,1.000000e+00,4.209865e-21,1.249214e-21,1.000194e-20,4.677545e-22,6.380738e-23,3.764690e-21
1.500000e+00,6.440711e-07,9.999997e-01,1.000000e+00,8.283493e-21,2.462282e-21,1.979463e-20,9.234642e-22,1.268994e-22,7.398538e-21
1.666667e+00,8.052508e-07,9.999997e-01,1.000000e+00,1.628332e-20,4.845908e-21,3.906381e-20,1.813920e-21,2.503650e-22,1.453041e-20
1.833333e+00,1.006764e-06,9.999996e-01,1.000000e+00,3.198600e-20,9.527132e-21,7.695829e-20,3.552124e-21,4.913464e-22,2.852230e-20
2.000000e+00,1.258705e-06,9.999994e-01,1.000000e+00,6.279613e-20,1.871626e-20,1.514458e-19,6.942892e-21,9.608050e-22,5.596400e-20
2.166667e+00,1.573691e-06,9.999993e-01,1.000000e+00,1.232283e-19,3.674701e-20,2.978050e-19,1.355424e-20,1.874041e-21,1.097696e-19
2.333333e+00,1.967502e-06,9.999991e-01,1.000000e+00,2.417281e-19,7.211455e-20,5.852871e-19,2.644068e-20,3.648520e-21,2.152422e-19
2.500000e+00,2.459862e-06,9.999989e-01,1.000000e+00,4.740340e-19,1.414682e-19,1.149803e-18,5.155155e-20,7.093200e-21,4.219532e-19
2.666667e+00,3.075432e-06,9.999986e-01,1.000000e+00,9.293460e-19,2.774321e-19,2.258041e-18,1.004735e-19,1.377482e-20,8.270017e-19
2.833333e+00,3.845045e-06,9.999982e-01,1.000000e+00,1.821573e-18,5.439235e-19,4.433216e-18,1.957700e-19,2.672617e-20,1.620560e-18
3.000000e+00,4.807250e-06,9.999978e-01,1.000000e+00,3.569676e-18,1.066150e-18,8.701661e-18,3.813773e-19,5.181532e-20,3.175048e-18
3.166667e+00,6.010238e-06,9.999972e-01,1.000000e+00,6.994147e-18,2.089346e-18,1.707635e-17,7.428445e-19,1.003913e-19,6.219699e-18
3.333333e+00,7.514264e-06,9.999965e-01,1.000000e+00,1.370164e-17,4.093785e-18,3.350485e-17,1.446737e-18,1.943946e-19,1.218228e-17
3.500000e+00,9.394659e-06,9.999956e-01,1.000000e+00,2.683790e-17,8.019928e-18,6.572767e-17,2.817349e-18,3.762262e-19,2.385798e-17
3.666667e+00,1.174561e-05,9.999945e-01,1.000000e+00,5.256163e-17,1.570918e-17,1.289209e-16,5.486035e-18,7.277985e-19,4.671854e-17
3.833333e+00,1.468485e-05,9.999931e-01,1.000000e+00,1.029291e-16,3.076663e-17,2.528360e-16,1.068193e-17,1.407300e-18,9.147448e-17
4.000000e+00,1.835962e-05,9.999913e-01,1.000000e+00,2.015402e-16,6.024973e-17,4.957921e-16,2.079788e-17,2.720127e-18,1.790891e-16
4.166667e+00,2.295394e-05,9.999892e-01,1.000000e+00,3.945867e-16,1.179733e-16,9.720973e-16,4.049212e-17,5.255685e-18,3.505906e-16
4.333333e+00,2.869794e-05,9.999864e-01,1.000000e+00,7.724746e-16,2.309773e-16,1.905781e-15,7.883284e-17,1.015117e-17,6.862714e-16
4.500000e+00,3.587929e-05,9.999830e-01,1.000000e+00,1.512132e-15,4.521841e-16,3.735874e-15,1.534729e-16,1.960002e-17,1.343255e-15
4.666667e+00,4.485764e-05,9.999788e-01,1.000000e+00,2.959794e-15,8.851661e-16,7.322688e-15,2.987764e-16,3.783177e-17,2.628997e-15
4.833333e+00,5.608265e-05,9.999735e-01,1.000000e+00,5.792976e-15,1.732608e-15,1.435193e-14,5.816377e-16,7.299977e-17,5.145085e-15
5.000000e+00,7.011646e-05,9.999668e-01,1.000000e+00,1.133737e-14,3.391127e-15,2.812758e-14,1.132149e-15,1.407280e-16,1.006859e-14
5.166667e+00,8.766183e-05,9.999585e-01,1.000000e+00,2.218686e-14,6.636788e-15,5.545862e-14,2.165359e-15,2.476571e-16,1.972282e-14
5.333333e+00,1.095974e-04,9.999481e-01,1.000000e+00,4.345170e-14,1.298807e-14,1.095492e-13,4.111914e-15,4.205484e-16,3.866029e-14
5.500000e+00,1.370214e-04,9.999351e-01,1.000000e+00,8.515698e-14,2.543494e-14,2.163895e-13,7.796462e-15,7.094719e-16,7.585294e-14
5.666667e+00,1.713069e-04,9.999189e-01,1.000000e+00,1.670405e-13,4.984410e-14,4.271671e-13,1.481137e-14,1.210124e-15,1.489844e-13
5.833333e+00,2.141705e-04,9.998985e-01,1.000000e+00,3.279964e-13,9.776352e-14,8.427492e-13,2.825288e-14,2.107405e-15,2.929076e-13
6.000000e+00,2.677575e-04,9.998731e-01,1.000000e+00,6.446781e-13,1.919459e-13,1.665996e-12,5.310964e-14,3.629839e-15,5.862272e-13
6.166667e+00,3.347499e-04,9.998414e-01,1.000000e+00,1.285319e-12,3.772307e-13,3.323551e-12,9.819472e-14,6.194664e-15,1.228426e-12
6.333333e+00,4.185000e-04,9.998017e-01,1.000000e+00,2.665820e-12,7.512511e-13,6.783095e-12,1.860911e-13,1.078015e-14,2.472129e-12
6.500000e+00,5.231972e-04,9.997521e-01,1.000000e+00,5.398043e-12,1.553057e-12,1.380410e-11,3.605335e-13,1.936821e-14,4.941406e-12
6.666667e+00,6.540775e-04,9.996901e-01,1.000000e+00,1.081903e-11,3.147673e-12,2.788998e-11,7.071159e-13,3.587531e-14,9.802692e-12
6.833333e+00,8.176836e-04,9.996125e-01,1.000000e+00,2.150901e-11,6.315112e-12,5.586126e-11,1.404397e-12,6.961489e-14,1.968233e-11
7.000000e+00,1.022190e-03,9.995156e-01,1.000000e+00,4.309704e-11,1.256604e-11,1.119390e-10,2.795313e-12,1.350386e-13,3.809381e-11
7.166667e+00,1.277809e-03,9.993945e-01,1.000000e+00,8.402760e-11,2.516934e-11,2.211672e-10,5.542300e-12,2.630664e-13,7.361091e-11
7.333333e+00,1.597295e-03,9.992431e-01,1.000000e+00,1.626858e-10,4.917155e-11,4.324536e-10,1.091095e-11,5.139454e-13,1.428680e-10
7.500000e+00,1.996575e-03,9.990538e-01,1.000000e+00,3.155816e-10,9.530604e-11,8.421444e-10,2.134428e-11,1.005228e-12,2.792723e-10
7.666667e+00,2.495527e-03,9.988173e-01,1.000000e+00,6.158655e-10,1.849056e-10,1.641643e-09,4.166002e-11,1.960352e-12,5.426771e-10
7.833333e+00,3.118959e-03,9.985219e-01,1.000000e+00,1.197844e-09,3.606929e-10,3.196144e-09,8.117952e-11,3.824095e-12,1.062103e-09
8.000000e+00,3.897805e-03,9.981527e-01,1.000000e+00,2.341218e-09,7.016410e-10,6.234198e-09,1.582001e-10,7.444810e-12,2.066597e-09
8.166667e+00,4.870623e-03,9.976915e-01,1.000000e+00,4.559857e-09,1.370904e-09,1.214861e-08,3.082609e-10,1.449043e-11,4.025872e-09
8.333333e+00,6.085434e-03,9.971157e-01,1.000000e+00,8.882493e-09,2.670516e-09,2.366419e-08,6.003638e-10,2.820414e-11,7.853312e-09
8.500000e+00,7.601981e-03,9.963966e-01,1.000000e+00,1.732194e-08,5.202292e-09,4.610873e-08,1.169095e-09,5.489061e-11,1.530763e-08
8.666667e+00,9.494508e-03,9.954993e-01,1.000000e+00,3.376729e-08,1.014433e-08,8.982998e-08,2.276271e-09,1.068164e-10,2.982580e-08
8.833333e+00,1.185513e-02,9.943798e-01,1.000000e+00,6.580012e-08,1.977546e-08,1.749470e-07,4.430702e-09,2.077952e-10,5.804968e-08
9.000000e+00,1.479793e-02,9.929839e-01,1.000000e+00,1.280994e-07,3.853641e-08,3.404535e-07,8.619003e-09,4.040494e-10,1.128864e-07
9.166667e+00,1.846383e-02,9.912447e-01,1.000000e+00,2.491680e-07,7.502877e-08,6.618995e-07,1.675110e-08,7.850610e-10,2.192792e-07
9.333333e+00,2.302642e-02,9.890794e-01,1.000000e+00,4.841447e-07,1.459528e-07,1.285315e-06,3.251653e-08,1.523665e-09,4.252511e-07
9.500000e+00,2.869867e-02,9.863865e-01,1.000000e+00,9.392989e-07,2.836238e-07,2.491980e-06,6.302046e-08,2.952788e-09,8.231971e-07
9.666667e+00,3.574067e-02,9.830418e-01,1.000000e+00,1.819166e-06,5.503462e-07,4.822138e-06,1.218968e-07,5.711363e-09,1.589725e-06
9.833333e+00,4.446808e-02,9.788943e-01,1.000000e+00,3.515295e-06,1.066062e-06,9.308464e-06,2.351883e-07,1.102014e-08,3.061137e-06
1.000000e+01,5.526111e-02,9.737613e-01,1.000000e+00,6.774155e-06,2.060493e-06,1.791468e-05,4.523605e-07,2.119841e-08,5.873023e-06
1.016667e+01,6.857330e-02,9.674247e-01,1.000000e+00,1.300924e-05,3.971797e-06,3.434914e-05,8.667077e-07,4.062212e-08,1.121729e-05
1.033333e+01,8.493887e-02,9.596260e-01,1.000000e+00,2.487698e-05,7.630226e-06,6.555615e-05,1.652652e-06,7.747642e-08,2.130594e-05
1.050000e+01,1.049772e-01,9.500637e-01,1.000000e+00,4.732122e-05,1.459736e-05,1.244036e-04,3.132758e-06,1.469080e-07,4.019173e-05
1.066667e+01,1.293914e-01,9.383929e-01,1.000000e+00,8.943222e-05,2.778247e-05,2.344259e-04,5.895553e-06,2.765755e-07,7.518211e-05
1.083333e+01,1.589579e-01,9.242282e-01,9.991349e-01,1.676743e-04,5.254180e-05,4.379723e-04,1.099697e-05,5.161602e-07,1.391917e-04
1.100000e+01,1.945023e-01,9.071532e-01,9.974048e-01,3.111045e-04,9.850628e-05,8.094655e-04,2.029041e-05,9.530819e-07,2.544805e-04
1.116667e+01,2.368567e-01,8.867372e-01,9.930796e-01,5.699322e-04,1.826968e-04,1.476382e-03,3.694211e-05,1.737229e-06,4.582284e-04
1.133333e+01,2.867935e-01,8.625633e-01,9.904844e-01,1.026905e-03,3.337952e-04,2.648509e-03,6.617229e-05,3.117399e-06,8.101209e-04
1.150000e+01,3.449365e-01,8.342663e-01,9.870242e-01,1.819970e-03,6.014757e-04,4.664167e-03,1.162765e-04,5.490582e-06,1.401232e-03
1.166667e+01,4.116391e-01,8.015859e-01,9.775087e-01,3.157913e-03,1.065412e-03,8.036129e-03,1.998122e-04,9.461665e-06,2.361721e-03
1.183333e+01,4.868627e-01,7.644221e-01,9.723183e-01,5.321603e-03,1.838069e-03,1.347208e-02,3.344412e-04,1.589843e-05,3.861765e-03
1.200000e+01,5.700512e-01,7.228916e-01,9.645329e-01,8.733232e-03,3.098909e-03,2.193531e-02,5.432714e-04,2.595394e-05,6.097451e-03
1.216667e+01,6.600458e-01,6.773723e-01,9.446367e-01,1.384587e-02,5.074191e-03,3.453855e-02,8.535438e-04,4.102599e-05,9.252268e-03
1.233333e+01,7.550504e-01,6.285247e-01,9.212803e-01,2.094049e-02,7.938711e-03,5.222937e-02,1.291601e-03,6.259540e-05,1.343096e-02
1.250000e+01,8.527045e-01,5.772710e-01,8.953287e-01,3.020829e-02,1.185257e-02,7.561387e-02,1.875505e-03,9.191310e-05,1.857764e-02
1.266667e+01,9.502465e-01,5.247335e-01,8.624567e-01,4.147157e-02,1.686115e-02,1.046190e-01,2.607294e-03,1.296101e-04,2.441092e-02
1.283333e+01,1.044752e+00,4.721433e-01,8.252595e-01,5.385101e-02,2.267474e-02,1.380990e-01,3.466044e-03,1.753422e-04,3.041998e-02
1.300000e+01,1.133420e+00,4.207178e-01,7.698962e-01,6.605995e-02,2.872111e-02,1.739434e-01,4.406096e-03,2.276061e-04,3.595067e-02
1.316667e+01,1.213847e+00,3.715470e-01,7.197232e-01,7.564067e-02,3.367027e-02,2.088996e-01,5.360957e-03,2.838392e-04,4.035617e-02
1.333333e+01,1.284208e+00,3.255102e-01,6.652249e-01,8.202900e-02,3.718477e-02,2.403106e-01,6.256786e-03,3.407996e-04,4.316280e-02
1.350000e+01,1.343355e+00,2.832279e-01,6.133218e-01,8.413587e-02,3.856302e-02,2.659703e-01,7.028164e-03,3.951577e-04,4.416883e-02
1.366667e+01,1.390817e+00,2.450513e-01,5.458478e-01,8.221081e-02,3.793068e-02,2.847798e-01,7.628577e-03,4.440465e-04,4.345486e-02
1.383333e+01,1.426723e+00,2.110872e-01,4.809689e-01,7.556975e-02,3.449606e-02,2.961689e-01,8.034210e-03,4.854215e-04,4.131285e-02
1.400000e+01,1.451655e+00,1.812467e-01,4.160900e-01,6.611869e-02,2.956706e-02,3.007781e-01,8.243059e-03,5.181727e-04,3.814281e-02
1.416667e+01,1.466516e+00,1.552991e-01,3.641869e-01,5.522860e-02,2.386458e-02,2.997763e-01,8.270857e-03,5.420498e-04,3.435924e-02
1.433333e+01,1.472404e+00,1.329211e-01,3.209343e-01,4.484504e-02,1.863167e-02,2.946662e-01,8.144528e-03,5.574685e-04,3.032460e-02
1.450000e+01,1.470483e+00,1.137449e-01,2.716263e-01,3.567227e-02,1.417032e-02,2.867707e-01,7.895789e-03,5.652796e-04,2.631783e-02
1.466667e+01,1.461908e+00,9.739030e-02,2.370242e-01,2.734947e-02,1.030033e-02,2.770337e-01,7.556059e-03,5.665570e-04,2.253105e-02
1.483333e+01,1.447775e+00,8.348825e-02,2.084775e-01,2.072557e-02,7.515251e-03,2.662797e-01,7.153668e-03,5.624345e-04,1.907886e-02
1.500000e+01,1.429078e+00,7.169570e-02,1.885813e-01,1.558570e-02,5.430636e-03,2.550706e-01,6.712646e-03,5.539991e-04,1.601516e-02
1.516667e+01,1.406700e+00,6.170348e-02,1.583045e-01,1.177079e-02,4.037535e-03,2.437836e-01,6.252357e-03,5.422299e-04,1.335172e-02
1.533333e+01,1.381411e+00,5.323831e-02,1.410035e-01,8.600124e-03,2.738167e-03,2.326191e-01,5.787764e-03,5.279719e-04,1.107262e-02
1.550000e+01,1.353868e+00,4.606333e-02,1.237024e-01,6.312931e-03,1.940335e-03,2.217333e-01,5.330005e-03,5.119309e-04,9.146066e-03
1.566667e+01,1.324627e+00,3.997544e-02,1.081315e-01,4.608627e-03,1.362663e-03,2.112093e-01,4.887065e-03,4.946826e-04,7.532777e-03
1.583333e+01,1.294155e+00,3.480207e-02,9.083045e-02,3.344672e-03,9.513032e-04,2.010911e-01,4.464393e-03,4.766875e-04,6.191512e-03
1.600000e+01,1.262837e+00,3.039752e-02,7.958478e-02,2.377587e-03,6.319276e-04,1.913969e-01,4.065459e-03,4.583074e-04,5.082629e-03
1.616667e+01,1.230992e+00,2.663936e-02,6.833910e-02,1.698312e-03,4.431598e-04,1.821329e-01,3.692219e-03,4.398224e-04,4.169613e-03
1.633333e+01,1.198881e+00,2.342503e-02,5.795848e-02,1.206205e-03,3.025238e-04,1.732940e-01,3.345498e-03,4.214463e-04,3.420076e-03
1.650000e+01,1.166718e+00,2.066876e-02,5.363322e-02,8.494949e-04,2.082149e-04,1.648696e-01,3.025294e-03,4.033391e-04,2.806017e-03
1.666667e+01,1.134673e+00,1.829889e-02,4.498270e-02,6.171293e-04,1.551607e-04,1.568462e-01,2.731015e-03,3.856188e-04,2.303642e-03
1.683333e+01,1.102887e+00,1.625557e-02,4.238754e-02,4.384474e-04,1.046472e-04,1.492077e-01,2.461665e-03,3.683699e-04,1.892925e-03
1.700000e+01,1.071469e+00,1.448882e-02,3.806228e-02,3.229507e-04,7.848330e-05,1.419379e-01,2.215981e-03,3.516510e-04,1.557214e-03
1.716667e+01,1.040507e+00,1.295679e-02,3.546713e-02,2.381739e-04,5.643015e-05,1.350203e-01,1.992541e-03,3.355005e-04,1.282770e-03
1.733333e+01,1.010070e+00,1.162446e-02,3.027682e-02,1.787396e-04,4.322118e-05,1.284384e-01,1.789840e-03,3.199414e-04,1.058271e-03
1.750000e+01,9.802103e-01,1.046247e-02,2.595156e-02,1.304986e-04,2.996401e-05,1.221765e-01,1.606352e-03,3.049850e-04,8.744794e-04
1.766667e+01,9.509686e-01,9.446137e-03,2.249135e-02,9.406737e-05,2.138578e-05,1.162192e-01,1.440568e-03,2.906333e-04,7.238576e-04
1.783333e+01,9.223743e-01,8.554672e-03,1.989619e-02,6.767151e-05,1.508086e-05,1.105520e-01,1.291022e-03,2.768820e-04,6.002648e-04
1.800000e+01,8.944480e-01,7.770544e-03,1.730104e-02,4.908207e-05,1.093148e-05,1.051609e-01,1.156316e-03,2.637215e-04,4.987078e-04
1.816667e+01,8.672036e-01,7.078927e-03,1.643599e-02,3.554020e-05,7.737432e-06,1.000325e-01,1.035128e-03,2.511388e-04,4.151290e-04
1.833333e+01,8.406488e-01,6.467253e-03,1.557093e-02,2.673053e-05,5.966031e-06,9.515412e-02,9.262219e-04,2.391183e-04,3.462328e-04
1.850000e+01,8.147870e-01,5.924844e-03,1.557093e-02,2.055358e-05,4.599698e-06,9.051358e-02,8.284461e-04,2.276424e-04,2.893417e-04
1.866667e+01,7.896172e-01,5.442605e-03,1.470588e-02,1.642704e-05,3.777644e-06,8.609932e-02,7.407379e-04,2.166925e-04,2.422795e-04
1.883333e+01,7.651357e-01,5.012769e-03,1.384083e-02,1.306346e-05,2.931347e-06,8.190030e-02,6.621197e-04,2.062495e-04,2.032762e-04
1.900000e+01,7.413361e-01,4.628690e-03,1.211073e-02,1.035420e-05,2.291561e-06,7.790605e-02,5.916962e-04,1.962936e-04,1.708910e-04
1.916667e+01,7.182098e-01,4.284666e-03,1.211073e-02,7.929194e-06,1.635817e-06,7.410658e-02,5.286503e-04,1.868053e-04,1.439494e-04
1.933333e+01,6.957469e-01,3.975791e-03,1.211073e-02,6.346358e-06,1.349486e-06,7.049239e-02,4.722383e-04,1.777650e-04,1.214934e-04
1.950000e+01,6.739359e-01,3.697836e-03,1.211073e-02,5.211114e-06,1.122538e-06,6.705447e-02,4.217853e-04,1.691535e-04,1.027398e-04
1.966667e+01,6.527645e-01,3.447144e-03,1.124567e-02,4.341394e-06,9.396762e-07,6.378421e-02,3.766803e-04,1.609522e-04,8.704780e-05
1.983333e+01,6.322196e-01,3.220550e-03,1.124567e-02,3.516994e-06,7.322795e-07,6.067343e-02,3.363705e-04,1.531428e-04,7.389143e-05
2.000000e+01,6.122875e-01,3.015303e-03,1.038062e-02,2.914803e-06,6.178414e-07,5.771437e-02,3.003575e-04,1.457076e-04,6.284101e-05
2.016667e+01,5.929541e-01,2.829008e-03,1.038062e-02,2.352804e-06,4.825813e-07,5.489961e-02,2.681920e-04,1.386294e-04,5.354142e-05
2.033333e+01,5.742050e-01,2.659576e-03,1.038062e-02,1.949771e-06,4.090973e-07,5.222214e-02,2.394698e-04,1.318919e-04,4.570024e-05
2.050000e+01,5.560257e-01,2.505183e-03,1.038062e-02,1.639681e-06,3.475927e-07,4.967524e-02,2.138273e-04,1.254792e-04,3.907639e-05
2.066667e+01,5.384016e-01,2.364227e-03,1.038062e-02,1.390483e-06,2.959760e-07,4.725256e-02,1.909384e-04,1.193762e-04,3.347050e-05
2.083333e+01,5.213182e-01,2.235304e-03,1.038062e-02,1.185140e-06,2.525405e-07,4.494803e-02,1.705103e-04,1.135681e-04,2.871757e-05
2.100000e+01,5.047608e-01,2.117177e-03,1.038062e-02,1.013533e-06,2.158966e-07,4.275589e-02,1.522804e-04,1.080412e-04,2.468050e-05
2.116667e+01,4.887152e-01,2.008756e-03,9.515571e-03,8.689528e-07,1.849105e-07,4.067066e-02,1.360138e-04,1.027820e-04,2.124516e-05
2.133333e+01,4.731670e-01,1.909075e-03,9.515571e-03,7.147204e-07,1.454467e-07,3.868713e-02,1.215000e-04,9.777771e-05,1.831719e-05
2.150000e+01,4.581023e-01,1.817283e-03,9.515571e-03,6.017451e-07,1.250039e-07,3.680034e-02,1.085507e-04,9.301623e-05,1.581736e-05
2.166667e+01,4.435072e-01,1.732621e-03,8.650519e-03,5.131425e-07,1.076128e-07,3.500557e-02,9.699752e-05,8.848590e-05,1.367924e-05
2.183333e+01,4.293681e-01,1.654418e-03,7.785467e-03,4.202482e-07,8.432658e-08,3.329833e-02,8.669002e-05,8.417561e-05,1.184767e-05
2.200000e+01,4.156719e-01,1.582073e-03,6.920415e-03,3.360857e-07,6.554615e-08,3.167435e-02,7.749372e-05,8.007477e-05,1.027622e-05
2.216667e+01,4.024053e-01,1.515051e-03,6.920415e-03,2.641895e-07,5.039841e-08,3.012958e-02,6.928855e-05,7.617329e-05,8.925693e-06
2.233333e+01,3.895557e-01,1.452876e-03,6.055363e-03,2.178283e-07,4.365442e-08,2.866014e-02,6.196730e-05,7.246154e-05,7.763251e-06
2.250000e+01,3.771106e-01,1.395117e-03,6.055363e-03,1.728168e-07,3.313204e-08,2.726237e-02,5.543428e-05,6.893034e-05,6.761229e-06
2.266667e+01,3.650580e-01,1.341393e-03,6.055363e-03,1.434175e-07,2.877863e-08,2.593277e-02,4.960413e-05,6.557097e-05,5.896235e-06
2.283333e+01,3.533858e-01,1.291358e-03,5.190311e-03,1.220089e-07,2.503176e-08,2.466801e-02,4.440065e-05,6.237511e-05,5.148450e-06
2.300000e+01,3.420826e-01,1.244701e-03,5.190311e-03,9.747481e-08,1.868477e-08,2.346494e-02,3.975593e-05,5.933482e-05,4.501066e-06
2.316667e+01,3.311372e-01,1.201143e-03,5.190311e-03,8.135879e-08,1.629658e-08,2.232054e-02,3.560939e-05,5.644257e-05,3.939841e-06
2.333333e+01,3.205385e-01,1.160432e-03,4.325260e-03,6.955094e-08,1.423161e-08,2.123196e-02,3.190700e-05,5.369116e-05,3.452650e-06
2.350000e+01,3.102759e-01,1.122339e-03,2.595156e-03,5.504739e-08,1.036984e-08,2.019646e-02,2.860062e-05,5.107376e-05,3.029173e-06
2.366667e+01,3.003391e-01,1.086657e-03,2.595156e-03,3.671711e-08,5.446935e-09,1.921147e-02,2.564733e-05,4.858386e-05,2.660606e-06
2.383333e+01,2.907179e-01,1.053199e-03,2.595156e-03,2.736593e-08,4.773902e-09,1.827452e-02,2.300887e-05,4.621527e-05,2.339429e-06
2.400000e+01,2.814026e-01,1.021795e-03,1.730104e-03,2.199734e-08,4.188851e-09,1.738326e-02,2.065116e-05,4.396208e-05,2.059207e-06
2.416667e+01,2.723837e-01,9.922891e-04,1.730104e-03,1.540156e-08,2.453178e-09,1.653547e-02,1.854380e-05,4.181868e-05,1.814426e-06
2.433333e+01,2.636519e-01,9.645408e-04,8.650519e-04,1.189942e-08,2.157294e-09,1.572902e-02,1.665973e-05,3.977973e-05,1.600356e-06
2.450000e+01,2.551983e-01,9.384215e-04,8.650519e-04,7.391925e-09,9.495710e-10,1.496191e-02,1.497481e-05,3.784015e-05,1.412931e-06
2.466667e+01,2.470141e-01,9.138135e-04,8.650519e-04,5.218902e-09,8.368043e-10,1.423221e-02,1.346756e-05,3.599511e-05,1.248654e-06
2.483333e+01,2.390909e-01,8.906096e-04,8.650519e-04,4.060630e-09,7.381701e-10,1.353810e-02,1.211882e-05,3.423999e-05,1.104513e-06
2.500000e+01,0.000000e+00,0.000000e+00,0.000000e+00,3.358532e-09,6.518009e-10,0.000000e+00,0.000000e+00,0.000000e+00,0.000000e+00
2.516667e+01,0.000000e+00,0.000000e+00,0.000000e+00,1.410024e-09,0.000000e+00,0.000000e+00,0.000000e+00,0.000000e+00,0.000000e+00
2.533333e+01,0.000000e+00,0.000000e+00,0.000000e+00,5.919749e-10,0.000000e+00,0.000000e+00,0.000000e+00,0.000000e+00,0.000000e+00
2.550000e+01,0.000000e+00,0.000000e+00,0.000000e+00,2.485308e-10,0.000000e+00,0.000000e+00,0.000000e+00,0.000000e+00,0.000000e+00
2.566667e+01,0.000000e+00,0.000000e+00,0.000000e+00,1.043415e-10,0.000000e+00,0.000000e+00,0.000000e+00,0.000000e+00,0.000000e+00
2.583333e+01,0.000000e+00,0.000000e+00,0.000000e+00,4.380605e-11,0.000000e+00,0.000000e+00,0.000000e+00,0.000000e+00,0.000000e+00
2.600000e+01,0.000000e+00,0.000000e+00,0.000000e+00,1.839124e-11,0.000000e+00,0.000000e+00,0.000000e+00,0.000000e+00,0.000000e+00
2.616667e+01,0.000000e+00,0.000000e+00,0.000000e+00,7.721255e-12,0.000000e+00,0.000000e+00,0.000000e+00,0.000000e+00,0.000000e+00
2.633333e+01,0.000000e+00,0.000000e+00,0.000000e+00,3.241640e-12,0.000000e+00,0.000000e+00,0.000000e+00,0.000000e+00,0.000000e+00
2.650000e+01,0.000000e+00,0.000000e+00,0.000000e+00,1.360949e-12,0.000000e+00,0.000000e+00,0.000000e+00,0.000000e+00,0.000000e+00
2.666667e+01,0.000000e+00,0.000000e+00,0.000000e+00,5.713716e-13,0.000000e+00,0.000000e+00,0.000000e+00,0.000000e+00,0.000000e+00
2.683333e+01,0.000000e+00,0.000000e+00,0.000000e+00,2.398808e-13,0.000000e+00,0.000000e+00,0.000000e+00,0.000000e+00,0.000000e+00
2.700000e+01,0.000000e+00,0.000000e+00,0.000000e+00,1.007100e-13,0.000000e+00,0.000000e+00,0.000000e+00,0.000000e+00,0.000000e+00
2.716667e+01,0.000000e+00,0.000000e+00,0.000000e+00,4.228140e-14,0.000000e+00,0.000000e+00,0.000000e+00,0.000000e+00,0.000000e+00
2.733333e+01,0.000000e+00,0.000000e+00,0.000000e+00,1.775114e-14,0.000000e+00,0.000000e+00,0.000000e+00,0.000000e+00,0.000000e+00
2.750000e+01,0.000000e+00,0.000000e+00,0.000000e+00,7.452521e-15,0.000000e+00,0.000000e+00,0.000000e+00,0.000000e+00,0.000000e+00
2.766667e+01,0.000000e+00,0.000000e+00,0.000000e+00,3.128817e-15,0.000000e+00,0.000000e+00,0.000000e+00,0.000000e+00,0.000000e+00
2.783333e+01,0.000000e+00,0.000000e+00,0.000000e+00,1.313582e-15,0.000000e+00,0.000000e+00,0.000000e+00,0.000000e+00,0.000000e+00
2.800000e+01,0.000000e+00,0.000000e+00,0.000000e+00,5.514853e-16,0.000000e+00,0.000000e+00,0.000000e+00,0.000000e+00,0.000000e+00
2.816667e+01,0.000000e+00,0.000000e+00,0.000000e+00,2.315319e-16,0.000000e+00,0.000000e+00,0.000000e+00,0.000000e+00,0.000000e+00
2.833333e+01,0.000000e+00,0.000000e+00,0.000000e+00,9.720482e-17,0.000000e+00,0.000000e+00,0.000000e+00,0.000000e+00,0.000000e+00
2.850000e+01,0.000000e+00,0.000000e+00,0.000000e+00,4.080982e-17,0.000000e+00,0.000000e+00,0.000000e+00,0.000000e+00,0.000000e+00
2.866667e+01,0.000000e+00,0.000000e+00,0.000000e+00,1.713332e-17,0.000000e+00,0.000000e+00,0.000000e+00,0.000000e+00,0.000000e+00
2.883333e+01,0.000000e+00,0.000000e+00,0.000000e+00,7.193141e-18,0.000000e+00,0.000000e+00,0.000000e+00,0.000000e+00,0.000000e+00
2.900000e+01,0.000000e+00,0.000000e+00,0.000000e+00,3.019920e-18,0.000000e+00,0.000000e+00,0.000000e+00,0.000000e+00,0.000000e+00
2.916667e+01,0.000000e+00,0.000000e+00,0.000000e+00,1.267863e-18,0.000000e+00,0.000000e+00,0.000000e+00,0.000000e+00,0.000000e+00
2.933333e+01,0.000000e+00,0.000000e+00,0.000000e+00,5.322912e-19,0.000000e+00,0.000000e+00,0.000000e+00,0.000000e+00,0.000000e+00
2.950000e+01,0.000000e+00,0.000000e+00,0.000000e+00,2.234736e-19,0.000000e+00,0.000000e+00,0.000000e+00,0.000000e+00,0.000000e+00
2.966667e+01,0.000000e+00,0.000000e+00,0.000000e+00,9.382167e-20,0.000000e+00,0.000000e+00,0.000000e+00,0.000000e+00,0.000000e+00
2.983333e+01,0.000000e+00,0.000000e+00,0.000000e+00,3.938946e-20,0.000000e+00,0.000000e+00,0.000000e+00,0.000000e+00,0.000000e+00
