Time,CC3DV,CC3DH,CC3DP,CC3DIFNe_Scalar,CC3DIFNe_Field,CC3DSTATP,CC3DIRF7,CC3DIRF7P,CC3DIFN
0.000000e+00,8.627131e-08,1.000000e+00,1.000000e+00,0.000000e+00,0.000000e+00,0.000000e+00,0.000000e+00,0.000000e+00,1.171624e-23
1.666667e-01,1.078675e-07,1.000000e+00,1.000000e+00,2.027886e-23,0.000000e+00,2.504631e-23,9.206456e-25,9.791981e-26,2.952181e-23
3.333333e-01,1.348672e-07,1.000000e+00,1.000000e+00,5.961107e-23,1.094518e-23,9.735286e-23,3.899881e-24,4.467649e-25,6.224115e-23
5.000000e-01,1.686215e-07,1.000000e+00,1.000000e+00,1.327558e-22,3.348643e-23,2.563842e-22,1.092898e-23,1.321471e-24,1.253910e-22
6.666667e-01,2.108250e-07,9.999999e-01,1.000000e+00,2.727662e-22,7.621875e-23,5.806183e-22,2.582823e-23,3.252126e-24,2.492229e-22
8.333333e-01,2.635872e-07,9.999999e-01,1.000000e+00,5.458797e-22,1.582767e-22,1.226795e-21,5.606433e-23,7.277115e-24,4.928216e-22
1.000000e+00,3.295583e-07,9.999999e-01,1.000000e+00,1.082171e-21,3.182486e-22,2.505419e-21,1.162439e-22,1.543053e-23,9.719844e-22
1.166667e+00,4.120360e-07,9.999998e-01,1.000000e+00,2.136674e-21,6.321579e-22,5.028753e-21,2.349045e-22,3.168820e-23,1.914002e-21
1.333333e+00,5.151519e-07,9.999998e-01,1.000000e+00,4.209865e-21,1.249214e-21,1.000194e-20,4.677545e-22,6.380738e-23,3.764690e-21
1.500000e+00,6.440711e-07,9.999997e-01,1.000000e+00,8.283493e-21,2.462282e-21,1.979463e-20,9.234642e-22,1.268994e-22,7.398538e-21
1.666667e+00,8.052508e-07,9.999997e-01,1.000000e+00,1.628332e-20,4.845908e-21,3.906381e-20,1.813920e-21,2.503650e-22,1.453041e-20
1.833333e+00,1.006764e-06,9.999996e-01,1.000000e+00,3.198600e-20,9.527132e-21,7.695829e-20,3.552124e-21,4.913464e-22,2.852230e-20
2.000000e+00,1.258705e-06,9.999994e-01,1.000000e+00,6.279613e-20,1.871626e-20,1.514458e-19,6.942892e-21,9.608050e-22,5.596400e-20
2.166667e+00,1.573691e-06,9.999993e-01,1.000000e+00,1.232283e-19,3.674701e-20,2.978050e-19,1.355424e-20,1.874041e-21,1.097696e-19
2.333333e+00,1.967502e-06,9.999991e-01,1.000000e+00,2.417281e-19,7.211456e-20,5.852871e-19,2.644068e-20,3.648520e-21,2.152422e-19
2.500000e+00,2.459862e-06,9.999989e-01,1.000000e+00,4.740340e-19,1.414682e-19,1.149803e-18,5.155155e-20,7.093200e-21,4.219533e-19
2.666667e+00,3.075432e-06,9.999986e-01,1.000000e+00,9.293460e-19,2.774321e-19,2.258041e-18,1.004735e-19,1.377482e-20,8.270017e-19
2.833333e+00,3.845045e-06,9.999982e-01,1.000000e+00,1.821573e-18,5.439235e-19,4.433216e-18,1.957700e-19,2.672617e-20,1.620560e-18
3.000000e+00,4.807250e-06,9.999978e-01,1.000000e+00,3.569677e-18,1.066150e-18,8.701661e-18,3.813773e-19,5.181532e-20,3.175048e-18
3.166667e+00,6.010238e-06,9.999972e-01,1.000000e+00,6.994147e-18,2.089346e-18,1.707635e-17,7.428445e-19,1.003913e-19,6.219699e-18
3.333333e+00,7.514264e-06,9.999965e-01,1.000000e+00,1.370164e-17,4.093785e-18,3.350485e-17,1.446737e-18,1.943946e-19,1.218228e-17
3.500000e+00,9.394659e-06,9.999956e-01,1.000000e+00,2.683790e-17,8.019929e-18,6.572767e-17,2.817349e-18,3.762262e-19,2.385797e-17
3.666667e+00,1.174561e-05,9.999945e-01,1.000000e+00,5.256163e-17,1.570918e-17,1.289209e-16,5.486035e-18,7.277985e-19,4.671854e-17
3.833333e+00,1.468485e-05,9.999931e-01,1.000000e+00,1.029291e-16,3.076663e-17,2.528360e-16,1.068193e-17,1.407300e-18,9.147448e-17
4.000000e+00,1.835962e-05,9.999913e-01,1.000000e+00,2.015402e-16,6.024974e-17,4.957921e-16,2.079788e-17,2.720127e-18,1.790891e-16
4.166667e+00,2.295394e-05,9.999892e-01,1.000000e+00,3.945867e-16,1.179733e-16,9.720973e-16,4.049212e-17,5.255685e-18,3.505906e-16
4.333333e+00,2.869794e-05,9.999864e-01,1.000000e+00,7.724746e-16,2.309772e-16,1.905780e-15,7.883284e-17,1.015117e-17,6.862714e-16
4.500000e+00,3.587929e-05,9.999830e-01,1.000000e+00,1.512132e-15,4.521840e-16,3.735874e-15,1.534729e-16,1.960002e-17,1.343255e-15
4.666667e+00,4.485764e-05,9.999788e-01,1.000000e+00,2.959794e-15,8.851661e-16,7.322688e-15,2.987764e-16,3.783177e-17,2.628997e-15
4.833333e+00,5.608265e-05,9.999735e-01,1.000000e+00,5.792976e-15,1.732608e-15,1.435193e-14,5.816377e-16,7.299976e-17,5.145085e-15
5.000000e+00,7.011646e-05,9.999668e-01,1.000000e+00,1.133737e-14,3.391128e-15,2.812758e-14,1.132149e-15,1.407280e-16,1.006859e-14
5.166667e+00,8.766183e-05,9.999585e-01,1.000000e+00,2.218686e-14,6.636788e-15,5.545862e-14,2.165359e-15,2.476571e-16,1.972282e-14
5.333333e+00,1.095974e-04,9.999481e-01,1.000000e+00,4.345170e-14,1.298807e-14,1.095492e-13,4.111914e-15,4.205484e-16,3.866029e-14
5.500000e+00,1.370214e-04,9.999351e-01,1.000000e+00,8.515698e-14,2.543493e-14,2.163895e-13,7.796462e-15,7.094719e-16,7.585294e-14
5.666667e+00,1.713069e-04,9.999189e-01,1.000000e+00,1.670405e-13,4.984410e-14,4.271671e-13,1.481137e-14,1.210124e-15,1.489844e-13
5.833333e+00,2.141705e-04,9.998985e-01,1.000000e+00,3.279964e-13,9.776353e-14,8.427492e-13,2.825288e-14,2.107405e-15,2.929076e-13
6.000000e+00,2.677575e-04,9.998731e-01,1.000000e+00,6.446781e-13,1.919459e-13,1.665996e-12,5.310964e-14,3.629839e-15,5.862272e-13
6.166667e+00,3.347499e-04,9.998414e-01,1.000000e+00,1.285319e-12,3.772307e-13,3.323551e-12,9.819472e-14,6.194664e-15,1.228426e-12
6.333333e+00,4.185000e-04,9.998017e-01,1.000000e+00,2.665820e-12,7.512511e-13,6.783095e-12,1.860911e-13,1.078015e-14,2.472129e-12
6.500000e+00,5.231972e-04,9.997521e-01,1.000000e+00,5.398043e-12,1.553057e-12,1.380410e-11,3.605335e-13,1.936821e-14,4.941406e-12
6.666667e+00,6.540775e-04,9.996901e-01,1.000000e+00,1.081903e-11,3.147673e-12,2.788998e-11,7.071159e-13,3.587531e-14,9.802692e-12
6.833333e+00,8.176836e-04,9.996125e-01,1.000000e+00,2.150901e-11,6.315112e-12,5.586126e-11,1.404397e-12,6.961489e-14,1.968233e-11
7.000000e+00,1.022190e-03,9.995156e-01,1.000000e+00,4.309704e-11,1.256604e-11,1.119390e-10,2.795313e-12,1.350386e-13,3.809381e-11
7.166667e+00,1.277809e-03,9.993945e-01,1.000000e+00,8.402760e-11,2.516934e-11,2.211672e-10,5.542300e-12,2.630664e-13,7.361091e-11
7.333333e+00,1.597295e-03,9.992431e-01,1.000000e+00,1.626858e-10,4.917155e-11,4.324536e-10,1.091095e-11,5.139454e-13,1.428680e-10
7.500000e+00,1.996575e-03,9.990538e-01,1.000000e+00,3.155816e-10,9.530604e-11,8.421444e-10,2.134428e-11,1.005228e-12,2.792723e-10
7.666667e+00,2.495527e-03,9.988173e-01,1.000000e+00,6.158655e-10,1.849056e-10,1.641643e-09,4.166002e-11,1.960352e-12,5.426771e-10
7.833333e+00,3.118959e-03,9.985219e-01,1.000000e+00,1.197844e-09,3.606929e-10,3.196144e-09,8.117952e-11,3.824095e-12,1.062103e-09
8.000000e+00,3.897805e-03,9.981527e-01,1.000000e+00,2.341218e-09,7.016409e-10,6.234198e-09,1.582001e-10,7.444810e-12,2.066597e-09
8.166667e+00,4.870623e-03,9.976915e-01,1.000000e+00,4.559857e-09,1.370904e-09,1.214861e-08,3.082609e-10,1.449043e-11,4.025872e-09
8.333333e+00,6.085434e-03,9.971157e-01,1.000000e+00,8.882493e-09,2.670516e-09,2.366419e-08,6.003638e-10,2.820414e-11,7.853312e-09
8.500000e+00,7.601981e-03,9.963966e-01,1.000000e+00,1.732194e-08,5.202292e-09,4.610873e-08,1.169095e-09,5.489061e-11,1.530763e-08
8.666667e+00,9.494508e-03,9.954993e-01,1.000000e+00,3.376729e-08,1.014433e-08,8.982998e-08,2.276271e-09,1.068164e-10,2.982580e-08
8.833333e+00,1.185513e-02,9.943798e-01,1.000000e+00,6.580012e-08,1.977546e-08,1.749470e-07,4.430702e-09,2.077952e-10,5.804968e-08
9.000000e+00,1.479793e-02,9.929839e-01,1.000000e+00,1.280994e-07,3.853641e-08,3.404535e-07,8.619003e-09,4.040494e-10,1.128864e-07
9.166667e+00,1.846383e-02,9.912447e-01,1.000000e+00,2.491680e-07,7.502877e-08,6.618995e-07,1.675110e-08,7.850610e-10,2.192792e-07
9.333333e+00,2.302642e-02,9.890794e-01,1.000000e+00,4.841447e-07,1.459528e-07,1.285315e-06,3.251653e-08,1.523665e-09,4.252511e-07
9.500000e+00,2.869867e-02,9.863865e-01,1.000000e+00,9.392989e-07,2.836238e-07,2.491980e-06,6.302046e-08,2.952788e-09,8.231971e-07
9.666667e+00,3.574067e-02,9.830418e-01,9.998000e-01,1.819166e-06,5.503463e-07,4.822138e-06,1.218968e-07,5.711363e-09,1.589725e-06
9.833333e+00,4.446808e-02,9.788943e-01,9.997000e-01,3.514745e-06,1.065849e-06,9.307725e-06,2.351816e-07,1.102006e-08,3.061137e-06
1.000000e+01,5.526111e-02,9.737613e-01,9.995000e-01,6.772335e-06,2.059689e-06,1.791154e-05,4.523197e-07,2.119768e-08,5.873023e-06
1.016667e+01,6.857330e-02,9.674247e-01,9.994000e-01,1.300339e-05,3.969151e-06,3.433837e-05,8.665475e-07,4.061853e-08,1.121729e-05
1.033333e+01,8.493887e-02,9.596260e-01,9.990000e-01,2.486287e-05,7.623503e-06,6.552726e-05,1.652159e-06,7.746338e-08,2.130593e-05
1.050000e+01,1.049772e-01,9.500637e-01,9.989000e-01,4.727840e-05,1.457744e-05,1.243200e-04,3.131333e-06,1.468676e-07,4.019170e-05
1.066667e+01,1.293914e-01,9.383929e-01,9.984000e-01,8.933766e-05,2.773603e-05,2.342236e-04,5.891807e-06,2.764610e-07,7.518202e-05
1.083333e+01,1.589579e-01,9.242282e-01,9.978000e-01,1.674263e-04,5.242185e-05,4.374618e-04,1.098753e-05,5.158599e-07,1.391915e-04
1.100000e+01,1.945023e-01,9.071532e-01,9.962000e-01,3.106783e-04,9.828315e-05,8.084418e-04,2.026911e-05,9.523477e-07,2.544799e-04
1.116667e+01,2.368567e-01,8.867372e-01,9.944000e-01,5.692216e-04,1.823111e-04,1.474528e-03,3.689942e-05,1.735605e-06,4.582270e-04
1.133333e+01,2.867935e-01,8.625633e-01,9.917000e-01,1.027651e-03,3.340349e-04,2.647650e-03,6.611283e-05,3.114319e-06,8.101182e-04
1.150000e+01,3.449365e-01,8.342663e-01,9.869000e-01,1.821984e-03,6.027463e-04,4.665722e-03,1.162294e-04,5.486055e-06,1.401227e-03
1.166667e+01,4.116391e-01,8.015859e-01,9.803000e-01,3.158449e-03,1.066514e-03,8.038219e-03,1.997975e-04,9.456505e-06,2.361715e-03
1.183333e+01,4.868627e-01,7.644221e-01,9.713000e-01,5.333229e-03,1.843918e-03,1.348680e-02,3.345517e-04,1.589441e-05,3.861760e-03
1.200000e+01,5.700512e-01,7.228916e-01,9.585000e-01,8.731298e-03,3.101092e-03,2.194729e-02,5.435520e-04,2.595517e-05,6.097449e-03
1.216667e+01,6.600458e-01,6.773723e-01,9.415000e-01,1.378138e-02,5.043585e-03,3.448629e-02,8.535174e-04,4.103182e-05,9.252270e-03
1.233333e+01,7.550505e-01,6.285247e-01,9.221000e-01,2.086319e-02,7.889292e-03,5.210814e-02,1.290507e-03,6.258980e-05,1.343096e-02
1.250000e+01,8.527045e-01,5.772710e-01,8.960000e-01,3.019490e-02,1.182994e-02,7.548706e-02,1.873132e-03,9.187173e-05,1.857763e-02
1.266667e+01,9.502466e-01,5.247335e-01,8.647000e-01,4.148751e-02,1.685923e-02,1.045109e-01,2.603975e-03,1.295162e-04,2.441088e-02
1.283333e+01,1.044752e+00,4.721433e-01,8.233000e-01,5.395242e-02,2.274221e-02,1.380688e-01,3.462461e-03,1.751922e-04,3.041991e-02
1.300000e+01,1.133420e+00,4.207177e-01,7.775000e-01,6.599925e-02,2.875016e-02,1.738756e-01,4.402499e-03,2.274083e-04,3.595057e-02
1.316667e+01,1.213847e+00,3.715470e-01,7.264000e-01,7.608818e-02,3.410592e-02,2.090918e-01,5.358268e-03,2.836053e-04,4.035606e-02
1.333333e+01,1.284207e+00,3.255102e-01,6.732000e-01,8.268311e-02,3.785992e-02,2.408248e-01,6.256795e-03,3.405590e-04,4.316267e-02
1.350000e+01,1.343354e+00,2.832279e-01,6.089000e-01,8.500613e-02,3.949891e-02,2.668457e-01,7.032266e-03,3.949494e-04,4.416870e-02
1.366667e+01,1.390816e+00,2.450514e-01,5.528000e-01,8.223800e-02,3.824799e-02,2.856230e-01,7.636571e-03,4.439052e-04,4.345474e-02
1.383333e+01,1.426722e+00,2.110872e-01,4.983000e-01,7.610394e-02,3.528440e-02,2.971496e-01,8.045296e-03,4.853638e-04,4.131276e-02
1.400000e+01,1.451653e+00,1.812468e-01,4.377000e-01,6.758216e-02,3.100147e-02,3.021323e-01,8.257302e-03,5.182051e-04,3.814275e-02
1.416667e+01,1.466515e+00,1.552991e-01,3.856000e-01,5.726965e-02,2.553807e-02,3.015692e-01,8.288588e-03,5.421753e-04,3.435920e-02
1.433333e+01,1.472402e+00,1.329211e-01,3.379000e-01,4.697536e-02,2.032185e-02,2.968231e-01,8.165721e-03,5.576870e-04,3.032457e-02
1.450000e+01,1.470480e+00,1.137450e-01,2.995000e-01,3.745710e-02,1.559956e-02,2.891463e-01,7.919933e-03,5.655864e-04,2.631781e-02
1.466667e+01,1.461906e+00,9.739041e-02,2.587000e-01,2.936849e-02,1.181509e-02,2.796070e-01,7.582450e-03,5.669432e-04,2.253104e-02
1.483333e+01,1.447772e+00,8.348837e-02,2.224000e-01,2.241852e-02,8.562373e-03,2.689527e-01,7.181572e-03,5.628888e-04,1.907886e-02
1.500000e+01,1.429075e+00,7.169582e-02,1.939000e-01,1.675621e-02,6.078568e-03,2.577467e-01,6.741300e-03,5.545088e-04,1.601517e-02
1.516667e+01,1.406697e+00,6.170360e-02,1.673000e-01,1.240964e-02,4.307028e-03,2.463917e-01,6.281063e-03,5.427823e-04,1.335173e-02
1.533333e+01,1.381408e+00,5.323843e-02,1.456000e-01,9.076222e-03,2.989541e-03,2.351401e-01,5.815953e-03,5.285550e-04,1.107264e-02
1.550000e+01,1.353865e+00,4.606345e-02,1.272000e-01,6.600910e-03,2.079194e-03,2.241523e-01,5.357255e-03,5.125340e-04,9.146087e-03
1.566667e+01,1.324625e+00,3.997555e-02,1.113000e-01,4.784903e-03,1.439290e-03,2.135214e-01,4.913080e-03,4.952967e-04,7.532799e-03
1.583333e+01,1.294152e+00,3.480217e-02,9.640000e-02,3.459993e-03,1.002198e-03,2.032968e-01,4.488982e-03,4.773048e-04,6.191534e-03
1.600000e+01,1.262835e+00,3.039762e-02,8.580000e-02,2.485692e-03,6.862380e-04,1.935001e-01,4.088513e-03,4.589218e-04,5.082650e-03
1.616667e+01,1.230990e+00,2.663946e-02,7.420000e-02,1.798378e-03,4.848307e-04,1.841377e-01,3.713691e-03,4.404291e-04,4.169632e-03
1.633333e+01,1.198879e+00,2.342512e-02,6.530000e-02,1.290516e-03,3.319445e-04,1.752042e-01,3.365389e-03,4.220414e-04,3.420094e-03
1.650000e+01,1.166716e+00,2.066884e-02,5.810000e-02,9.283523e-04,2.321504e-04,1.666891e-01,3.043636e-03,4.039200e-04,2.806034e-03
1.666667e+01,1.134672e+00,1.829896e-02,5.190000e-02,6.719319e-04,1.639651e-04,1.585785e-01,2.747866e-03,3.861833e-04,2.303657e-03
1.683333e+01,1.102885e+00,1.625564e-02,4.600000e-02,4.890375e-04,1.166172e-04,1.508568e-01,2.477095e-03,3.689166e-04,1.892938e-03
1.700000e+01,1.071467e+00,1.448888e-02,4.090000e-02,3.560268e-04,8.285459e-05,1.435073e-01,2.230070e-03,3.521788e-04,1.557225e-03
1.716667e+01,1.040505e+00,1.295685e-02,3.600000e-02,2.597096e-04,5.919620e-05,1.365135e-01,2.005375e-03,3.360090e-04,1.282780e-03
1.733333e+01,1.010068e+00,1.162452e-02,3.270000e-02,1.889648e-04,4.215859e-05,1.298590e-01,1.801507e-03,3.204303e-04,1.058280e-03
1.750000e+01,9.802088e-01,1.046253e-02,2.980000e-02,1.392305e-04,3.107500e-05,1.235279e-01,1.616940e-03,3.054543e-04,8.744873e-04
1.766667e+01,9.509671e-01,9.446186e-03,2.700000e-02,1.035586e-04,2.301763e-05,1.175049e-01,1.450160e-03,2.910832e-04,7.238645e-04
1.783333e+01,9.223728e-01,8.554717e-03,2.390000e-02,7.730536e-05,1.707668e-05,1.117751e-01,1.299702e-03,2.773127e-04,6.002709e-04
1.800000e+01,8.944466e-01,7.770587e-03,2.210000e-02,5.728672e-05,1.235409e-05,1.063244e-01,1.164160e-03,2.641336e-04,4.987131e-04
1.816667e+01,8.672022e-01,7.078967e-03,1.980000e-02,4.312736e-05,9.398467e-06,1.011394e-01,1.042210e-03,2.515327e-04,4.151337e-04
1.833333e+01,8.406475e-01,6.467291e-03,1.830000e-02,3.233314e-05,6.961175e-06,9.620709e-02,9.326099e-04,2.394945e-04,3.462369e-04
1.850000e+01,8.147857e-01,5.924879e-03,1.700000e-02,2.454133e-05,5.299282e-06,9.151523e-02,8.342036e-04,2.280015e-04,2.893453e-04
1.866667e+01,7.896160e-01,5.442638e-03,1.580000e-02,1.881701e-05,4.046548e-06,8.705214e-02,7.459235e-04,2.170353e-04,2.422827e-04
1.883333e+01,7.651346e-01,5.012800e-03,1.450000e-02,1.452575e-05,3.108208e-06,8.280666e-02,6.667874e-04,2.065764e-04,2.032790e-04
1.900000e+01,7.413350e-01,4.628719e-03,1.330000e-02,1.120011e-05,2.378368e-06,7.876821e-02,5.958956e-04,1.966053e-04,1.708934e-04
1.916667e+01,7.182087e-01,4.284693e-03,1.280000e-02,8.636159e-06,1.821767e-06,7.492670e-02,5.324265e-04,1.871024e-04,1.439516e-04
1.933333e+01,6.957458e-01,3.975817e-03,1.180000e-02,6.814947e-06,1.465795e-06,7.127252e-02,4.756328e-04,1.780481e-04,1.214953e-04
1.950000e+01,6.739349e-01,3.697860e-03,1.080000e-02,5.342541e-06,1.133165e-06,6.779655e-02,4.248357e-04,1.694233e-04,1.027414e-04
1.966667e+01,6.527635e-01,3.447168e-03,9.600000e-03,4.163523e-06,8.711934e-07,6.449009e-02,3.794206e-04,1.612091e-04,8.704930e-05
1.983333e+01,6.322186e-01,3.220572e-03,9.500000e-03,3.194397e-06,6.531008e-07,6.134489e-02,3.388317e-04,1.533875e-04,7.389276e-05
2.000000e+01,6.122866e-01,3.015324e-03,9.000000e-03,2.556127e-06,5.453820e-07,5.835308e-02,3.025677e-04,1.459405e-04,6.284220e-05
2.016667e+01,5.929532e-01,2.829028e-03,8.400000e-03,2.052072e-06,4.340488e-07,5.550717e-02,2.701764e-04,1.388513e-04,5.354247e-05
2.033333e+01,5.742041e-01,2.659595e-03,7.800000e-03,1.639982e-06,3.428452e-07,5.280006e-02,2.412513e-04,1.321031e-04,4.570118e-05
2.050000e+01,5.560249e-01,2.505201e-03,7.500000e-03,1.305508e-06,2.703301e-07,5.022498e-02,2.154267e-04,1.256803e-04,3.907723e-05
2.066667e+01,5.384008e-01,2.364245e-03,6.900000e-03,1.055367e-06,2.199964e-07,4.777548e-02,1.923741e-04,1.195675e-04,3.347125e-05
2.083333e+01,5.213174e-01,2.235321e-03,6.500000e-03,8.428170e-07,1.724181e-07,4.544545e-02,1.717991e-04,1.137503e-04,2.871824e-05
2.100000e+01,5.047601e-01,2.117193e-03,6.300000e-03,6.769349e-07,1.386974e-07,4.322905e-02,1.534374e-04,1.082145e-04,2.468110e-05
2.116667e+01,4.887145e-01,2.008771e-03,5.700000e-03,5.533288e-07,1.150677e-07,4.112074e-02,1.370525e-04,1.029469e-04,2.124571e-05
2.133333e+01,4.731663e-01,1.909090e-03,5.300000e-03,4.419107e-07,8.917507e-08,3.911526e-02,1.224326e-04,9.793469e-05,1.831768e-05
2.150000e+01,4.581016e-01,1.817297e-03,5.000000e-03,3.535645e-07,7.123720e-08,3.720759e-02,1.093881e-04,9.316562e-05,1.581781e-05
2.166667e+01,4.435066e-01,1.732635e-03,4.600000e-03,2.853281e-07,5.737143e-08,3.539296e-02,9.774959e-05,8.862805e-05,1.367964e-05
2.183333e+01,4.293675e-01,1.654431e-03,4.500000e-03,2.287052e-07,4.503275e-08,3.366682e-02,8.736556e-05,8.431087e-05,1.184803e-05
2.200000e+01,4.156713e-01,1.582085e-03,4.300000e-03,1.882995e-07,3.802443e-08,3.202487e-02,7.810063e-05,8.020347e-05,1.027655e-05
2.216667e+01,4.024047e-01,1.515063e-03,4.000000e-03,1.555385e-07,3.140979e-08,3.046300e-02,6.983393e-05,7.629573e-05,8.925989e-06
2.233333e+01,3.895552e-01,1.452887e-03,3.800000e-03,1.270978e-07,2.529914e-08,2.897731e-02,6.245750e-05,7.257803e-05,7.763520e-06
2.250000e+01,3.771101e-01,1.395129e-03,3.700000e-03,1.044219e-07,2.084121e-08,2.756407e-02,5.587502e-05,6.904118e-05,6.761473e-06
2.266667e+01,3.650575e-01,1.341404e-03,3.700000e-03,8.714083e-08,1.762262e-08,2.621975e-02,5.000049e-05,6.567643e-05,5.896458e-06
2.283333e+01,3.533853e-01,1.291368e-03,3.700000e-03,7.434603e-08,1.532574e-08,2.494100e-02,4.475724e-05,6.247543e-05,5.148653e-06
2.300000e+01,3.420822e-01,1.244711e-03,3.600000e-03,6.418534e-08,1.334730e-08,2.372461e-02,4.007683e-05,5.943027e-05,4.501252e-06
2.316667e+01,3.311367e-01,1.201153e-03,3.400000e-03,5.499445e-08,1.132621e-08,2.256755e-02,3.589828e-05,5.653337e-05,3.940010e-06
2.333333e+01,3.205380e-01,1.160442e-03,2.800000e-03,4.627480e-08,9.341555e-09,2.146692e-02,3.216718e-05,5.377755e-05,3.452805e-06
2.350000e+01,3.102755e-01,1.122348e-03,2.600000e-03,3.616115e-08,6.729385e-09,2.041997e-02,2.883504e-05,5.115595e-05,3.029315e-06
2.366667e+01,3.003386e-01,1.086666e-03,2.400000e-03,2.881408e-08,5.471036e-09,1.942407e-02,2.585863e-05,4.866205e-05,2.660737e-06
2.383333e+01,2.907175e-01,1.053208e-03,2.300000e-03,2.314981e-08,4.426792e-09,1.847675e-02,2.319942e-05,4.628965e-05,2.339549e-06
2.400000e+01,2.814022e-01,1.021804e-03,2.200000e-03,1.903261e-08,3.722805e-09,1.757563e-02,2.082307e-05,4.403284e-05,2.059317e-06
2.416667e+01,2.723833e-01,9.922976e-04,2.200000e-03,1.583206e-08,3.128473e-09,1.671845e-02,1.869898e-05,4.188599e-05,1.814527e-06
2.433333e+01,2.636515e-01,9.645491e-04,2.000000e-03,1.355624e-08,2.751159e-09,1.590309e-02,1.679988e-05,3.984377e-05,1.600449e-06
2.450000e+01,2.551979e-01,9.384295e-04,1.900000e-03,1.123158e-08,2.199131e-09,1.512748e-02,1.510146e-05,3.790107e-05,1.413017e-06
2.466667e+01,2.470138e-01,9.138214e-04,1.800000e-03,9.362218e-09,1.838361e-09,1.438971e-02,1.358206e-05,3.605305e-05,1.248733e-06
2.483333e+01,2.390906e-01,8.906173e-04,1.800000e-03,7.821000e-09,1.536329e-09,1.368791e-02,1.222240e-05,3.429511e-05,1.104586e-06
2.500000e+01,2.314203e-01,8.687189e-04,1.700000e-03,6.724856e-09,1.356565e-09,1.302035e-02,1.100527e-05,3.262286e-05,9.779739e-07
2.516667e+01,2.239948e-01,8.480361e-04,1.600000e-03,5.700925e-09,1.132393e-09,1.238534e-02,9.915358e-06,3.103212e-05,8.666573e-07
2.533333e+01,2.168064e-01,8.284861e-04,1.500000e-03,4.793501e-09,9.428802e-10,1.178130e-02,8.938996e-06,2.951893e-05,7.686727e-07
2.550000e+01,2.098478e-01,8.099929e-04,1.400000e-03,4.008138e-09,7.827376e-10,1.120672e-02,8.064016e-06,2.807951e-05,6.823464e-07
2.566667e+01,2.031115e-01,7.924865e-04,1.300000e-03,3.336189e-09,6.474853e-10,1.066016e-02,7.279572e-06,2.671026e-05,6.062186e-07
2.583333e+01,1.965907e-01,7.759027e-04,1.300000e-03,2.764686e-09,5.333359e-10,1.014026e-02,6.575995e-06,2.540777e-05,5.390249e-07
2.600000e+01,1.902784e-01,7.601818e-04,1.300000e-03,2.373558e-09,4.734984e-10,9.645713e-03,5.944666e-06,2.416878e-05,4.796620e-07
2.616667e+01,1.841681e-01,7.452693e-04,1.300000e-03,2.075778e-09,4.207250e-10,9.175286e-03,5.377900e-06,2.299019e-05,4.271707e-07
2.633333e+01,1.782533e-01,7.311143e-04,1.300000e-03,1.832651e-09,3.741385e-10,8.727803e-03,4.868848e-06,2.186907e-05,3.807151e-07
2.650000e+01,1.725279e-01,7.176701e-04,1.300000e-03,1.626049e-09,3.329761e-10,8.302143e-03,4.411398e-06,2.080262e-05,3.395681e-07
2.666667e+01,1.669858e-01,7.048932e-04,1.100000e-03,1.446726e-09,2.965739e-10,7.897243e-03,4.000103e-06,1.978816e-05,3.030885e-07
2.683333e+01,1.616213e-01,6.927434e-04,1.100000e-03,1.184439e-09,2.236931e-10,7.512091e-03,3.630102e-06,1.882317e-05,2.707192e-07
2.700000e+01,1.564286e-01,6.811835e-04,1.000000e-03,1.012694e-09,1.995399e-10,7.145722e-03,3.297059e-06,1.790524e-05,2.419874e-07
2.716667e+01,1.514023e-01,6.701787e-04,9.000000e-04,8.440025e-10,1.619121e-10,6.797222e-03,2.997105e-06,1.703206e-05,2.164537e-07
2.733333e+01,1.465371e-01,6.596969e-04,9.000000e-04,6.915212e-10,1.301591e-10,6.465718e-03,2.726787e-06,1.620146e-05,1.937474e-07
2.750000e+01,1.418279e-01,6.497081e-04,8.000000e-04,5.921337e-10,1.163580e-10,6.150382e-03,2.483023e-06,1.541136e-05,1.735406e-07
2.766667e+01,1.372697e-01,6.401844e-04,8.000000e-04,4.888934e-10,9.252694e-11,5.850425e-03,2.263060e-06,1.465979e-05,1.555453e-07
2.783333e+01,1.328577e-01,6.310998e-04,8.000000e-04,4.206321e-10,8.283073e-11,5.565097e-03,2.064441e-06,1.394487e-05,1.395097e-07
2.800000e+01,1.285872e-01,6.224299e-04,8.000000e-04,3.697698e-10,7.420089e-11,5.293684e-03,1.884969e-06,1.326482e-05,1.252059e-07
2.816667e+01,1.244537e-01,6.141522e-04,8.000000e-04,3.286101e-10,6.651508e-11,5.035509e-03,1.722683e-06,1.261792e-05,1.124377e-07
2.833333e+01,1.204528e-01,6.062455e-04,8.000000e-04,2.936502e-10,5.966407e-11,4.789924e-03,1.575829e-06,1.200257e-05,1.010350e-07
2.850000e+01,1.165803e-01,5.986899e-04,8.000000e-04,2.631839e-10,5.355244e-11,4.556317e-03,1.442841e-06,1.141723e-05,9.084805e-08
2.866667e+01,1.128321e-01,5.914669e-04,8.000000e-04,2.362877e-10,4.809714e-11,4.334103e-03,1.322315e-06,1.086043e-05,8.174054e-08
2.883333e+01,1.092042e-01,5.845591e-04,8.000000e-04,2.123848e-10,4.322542e-11,4.122727e-03,1.212999e-06,1.033079e-05,7.359249e-08
2.900000e+01,1.056928e-01,5.779503e-04,7.000000e-04,1.910673e-10,3.887212e-11,3.921660e-03,1.113770e-06,9.826975e-06,6.629775e-08
2.916667e+01,1.022941e-01,5.716251e-04,7.000000e-04,1.605417e-10,3.060706e-11,3.730399e-03,1.023624e-06,9.347729e-06,5.976363e-08
2.933333e+01,9.900457e-02,5.655693e-04,7.000000e-04,1.398094e-10,2.755937e-11,3.548466e-03,9.416603e-07,8.891856e-06,5.391461e-08
2.950000e+01,9.582066e-02,5.597693e-04,7.000000e-04,1.240187e-10,2.483076e-11,3.375406e-03,8.670730e-07,8.458214e-06,4.866210e-08
2.966667e+01,9.273901e-02,5.542125e-04,7.000000e-04,1.110254e-10,2.238815e-11,3.210787e-03,7.991394e-07,8.045720e-06,4.394546e-08
2.983333e+01,8.975634e-02,5.488869e-04,7.000000e-04,9.985574e-11,2.019755e-11,3.054196e-03,7.372119e-07,7.653342e-06,3.970857e-08
3.000000e+01,8.686949e-02,5.437814e-04,7.000000e-04,9.003301e-11,1.823161e-11,2.905242e-03,6.807094e-07,7.280100e-06,3.590307e-08
3.016667e+01,8.407538e-02,5.388853e-04,7.000000e-04,8.129842e-11,1.646640e-11,2.763553e-03,6.291108e-07,6.925060e-06,3.248415e-08
3.033333e+01,8.137104e-02,5.341887e-04,7.000000e-04,7.348905e-11,1.488119e-11,2.628774e-03,5.819477e-07,6.587334e-06,2.940756e-08
3.050000e+01,7.875359e-02,5.296821e-04,6.000000e-04,6.648286e-11,1.345729e-11,2.500568e-03,5.387995e-07,6.266079e-06,2.663818e-08
3.066667e+01,7.622025e-02,5.253567e-04,6.000000e-04,5.557547e-11,1.043738e-11,2.378616e-03,4.992883e-07,5.960491e-06,2.414398e-08
3.083333e+01,7.376833e-02,5.212041e-04,6.000000e-04,4.840596e-11,9.450009e-12,2.262610e-03,4.630743e-07,5.669806e-06,2.189674e-08
3.100000e+01,7.139521e-02,5.172164e-04,6.000000e-04,4.306219e-11,8.561153e-12,2.152263e-03,4.298516e-07,5.393298e-06,1.987066e-08
3.116667e+01,6.909836e-02,5.133859e-04,6.000000e-04,3.871462e-11,7.760613e-12,2.047297e-03,3.993451e-07,5.130274e-06,1.804287e-08
3.133333e+01,6.687532e-02,5.097057e-04,6.000000e-04,3.499121e-11,7.039191e-12,1.947451e-03,3.713065e-07,4.880077e-06,1.639025e-08
3.150000e+01,6.472374e-02,5.061690e-04,6.000000e-04,3.171175e-11,6.388681e-12,1.852474e-03,3.455127e-07,4.642082e-06,1.490040e-08
3.166667e+01,6.264133e-02,5.027695e-04,6.000000e-04,2.878771e-11,5.801187e-12,1.762129e-03,3.217622e-07,4.415694e-06,1.355509e-08
3.183333e+01,6.062587e-02,4.995010e-04,6.000000e-04,2.616300e-11,5.271202e-12,1.676190e-03,2.998732e-07,4.200346e-06,1.233871e-08
3.200000e+01,5.867520e-02,4.963580e-04,6.000000e-04,2.379785e-11,4.792819e-12,1.594443e-03,2.796814e-07,3.995501e-06,1.123843e-08
3.216667e+01,5.678726e-02,4.933350e-04,6.000000e-04,2.166224e-11,4.360589e-12,1.516682e-03,2.610385e-07,3.800646e-06,1.024268e-08
3.233333e+01,5.496002e-02,4.904267e-04,6.000000e-04,1.973156e-11,3.969814e-12,1.442714e-03,2.438103e-07,3.615294e-06,9.341079e-09
3.250000e+01,5.319153e-02,4.876283e-04,6.000000e-04,1.798467e-11,3.616320e-12,1.372353e-03,2.278753e-07,3.438981e-06,8.524384e-09
3.266667e+01,5.147992e-02,4.849353e-04,6.000000e-04,1.640314e-11,3.296383e-12,1.305424e-03,2.131238e-07,3.271267e-06,7.784101e-09
3.283333e+01,4.982335e-02,4.823430e-04,6.000000e-04,1.497037e-11,3.006685e-12,1.241759e-03,1.994560e-07,3.111732e-06,7.112697e-09
3.300000e+01,4.822005e-02,4.798473e-04,6.000000e-04,1.367160e-11,2.744210e-12,1.181199e-03,1.867816e-07,2.959977e-06,6.503428e-09
3.316667e+01,4.666832e-02,4.774443e-04,6.000000e-04,1.249360e-11,2.506265e-12,1.123593e-03,1.750187e-07,2.815624e-06,5.950239e-09
3.333333e+01,4.516649e-02,4.751300e-04,6.000000e-04,1.142455e-11,2.290435e-12,1.068796e-03,1.640927e-07,2.678310e-06,5.447690e-09
3.350000e+01,4.371298e-02,4.729009e-04,6.000000e-04,1.045383e-11,2.094557e-12,1.016671e-03,1.539361e-07,2.547693e-06,4.990890e-09
3.366667e+01,4.230621e-02,4.707535e-04,6.000000e-04,9.571908e-12,1.916687e-12,9.670890e-04,1.444871e-07,2.423446e-06,4.575441e-09
3.383333e+01,4.094469e-02,4.686845e-04,6.000000e-04,8.770202e-12,1.755080e-12,9.199247e-04,1.356898e-07,2.305258e-06,4.197385e-09
3.400000e+01,3.962697e-02,4.666907e-04,6.000000e-04,8.041008e-12,1.608166e-12,8.750606e-04,1.274931e-07,2.192835e-06,3.853160e-09
3.416667e+01,3.835164e-02,4.647692e-04,6.000000e-04,7.377389e-12,1.474534e-12,8.323846e-04,1.198503e-07,2.085894e-06,3.539556e-09
3.433333e+01,3.711734e-02,4.629171e-04,6.000000e-04,6.773102e-12,1.352914e-12,7.917898e-04,1.127190e-07,1.984168e-06,3.253682e-09
3.450000e+01,3.592274e-02,4.611316e-04,6.000000e-04,6.222524e-12,1.242163e-12,7.531748e-04,1.060602e-07,1.887403e-06,2.992934e-09
3.466667e+01,3.476657e-02,4.594101e-04,6.000000e-04,5.720585e-12,1.141250e-12,7.164431e-04,9.983852e-08,1.795358e-06,2.754962e-09
3.483333e+01,3.364761e-02,4.577501e-04,6.000000e-04,5.262721e-12,1.049248e-12,6.815028e-04,9.402138e-08,1.707801e-06,2.537646e-09
3.500000e+01,3.256464e-02,4.561493e-04,6.000000e-04,4.844811e-12,9.653206e-13,6.482665e-04,8.857902e-08,1.624515e-06,2.339073e-09
3.516667e+01,3.151651e-02,4.546053e-04,6.000000e-04,4.463141e-12,8.887134e-13,6.166511e-04,8.348414e-08,1.545290e-06,2.157517e-09
3.533333e+01,3.050211e-02,4.531160e-04,6.000000e-04,4.114357e-12,8.187460e-13,5.865776e-04,7.871168e-08,1.469929e-06,1.991417e-09
3.550000e+01,2.952035e-02,4.516793e-04,6.000000e-04,3.795430e-12,7.548041e-13,5.579708e-04,7.423864e-08,1.398243e-06,1.839362e-09
3.566667e+01,2.857018e-02,4.502932e-04,6.000000e-04,3.503625e-12,6.963331e-13,5.307591e-04,7.004387e-08,1.330053e-06,1.699947e-09
3.583333e+01,2.765058e-02,4.489557e-04,6.000000e-04,3.236334e-12,6.428319e-13,5.048745e-04,6.610793e-08,1.265188e-06,1.572218e-09
3.600000e+01,2.676057e-02,4.476651e-04,6.000000e-04,2.991469e-12,5.938201e-13,4.802521e-04,6.241286e-08,1.203487e-06,1.454843e-09
3.616667e+01,2.589920e-02,4.464195e-04,6.000000e-04,2.766773e-12,5.489206e-13,4.568305e-04,5.894220e-08,1.144795e-06,1.347350e-09
3.633333e+01,2.506555e-02,4.452174e-04,6.000000e-04,2.560807e-12,5.077133e-13,4.345512e-04,5.568074e-08,1.088965e-06,1.248679e-09
3.650000e+01,2.425872e-02,4.440570e-04,6.000000e-04,2.371865e-12,4.699451e-13,4.133585e-04,5.261441e-08,1.035857e-06,1.158018e-09
3.666667e+01,2.347786e-02,4.429368e-04,6.000000e-04,2.198390e-12,4.352971e-13,3.931993e-04,4.973022e-08,9.853402e-07,1.074657e-09
3.683333e+01,2.272213e-02,4.418554e-04,6.000000e-04,2.038988e-12,4.034826e-13,3.740232e-04,4.701617e-08,9.372866e-07,9.979630e-10
3.700000e+01,2.199071e-02,4.408114e-04,6.000000e-04,1.892420e-12,3.742471e-13,3.557824e-04,4.446115e-08,8.915764e-07,9.273460e-10
3.716667e+01,2.128284e-02,4.398032e-04,6.000000e-04,1.757550e-12,3.473637e-13,3.384312e-04,4.205485e-08,8.480955e-07,8.622849e-10
3.733333e+01,2.059775e-02,4.388297e-04,6.000000e-04,1.633361e-12,3.226245e-13,3.219261e-04,3.978774e-08,8.067351e-07,8.023032e-10
3.750000e+01,1.993470e-02,4.378897e-04,6.000000e-04,1.518931e-12,2.998433e-13,3.062260e-04,3.765096e-08,7.673919e-07,7.469678e-10
3.766667e+01,1.929299e-02,4.369817e-04,6.000000e-04,1.413424e-12,2.788512e-13,2.912916e-04,3.563629e-08,7.299673e-07,6.958847e-10
3.783333e+01,1.867194e-02,4.361049e-04,6.000000e-04,1.316079e-12,2.594950e-13,2.770856e-04,3.373609e-08,6.943679e-07,6.486958e-10
3.800000e+01,1.807087e-02,4.352579e-04,6.000000e-04,1.226204e-12,2.416353e-13,2.635724e-04,3.194326e-08,6.605046e-07,6.050705e-10
3.816667e+01,1.748915e-02,4.344397e-04,6.000000e-04,1.143167e-12,2.251453e-13,2.507182e-04,3.025119e-08,6.282928e-07,5.647163e-10
3.833333e+01,1.692616e-02,4.336494e-04,6.000000e-04,1.066398e-12,2.099089e-13,2.384908e-04,2.865373e-08,5.976519e-07,5.273653e-10
3.850000e+01,1.638128e-02,4.328858e-04,6.000000e-04,9.953781e-13,1.958218e-13,2.268598e-04,2.714514e-08,5.685053e-07,4.927715e-10
3.866667e+01,1.585394e-02,4.321481e-04,6.000000e-04,9.296361e-13,1.827892e-13,2.157961e-04,2.572008e-08,5.407802e-07,4.607101e-10
3.883333e+01,1.534357e-02,4.314354e-04,6.000000e-04,8.687397e-13,1.707245e-13,2.052719e-04,2.437354e-08,5.144071e-07,4.309763e-10
3.900000e+01,1.484963e-02,4.307467e-04,6.000000e-04,8.122948e-13,1.595484e-13,1.952609e-04,2.310088e-08,4.893203e-07,4.033831e-10
3.916667e+01,1.437159e-02,4.300813e-04,6.000000e-04,7.599418e-13,1.491887e-13,1.857382e-04,2.189774e-08,4.654569e-07,3.777597e-10
3.933333e+01,1.390894e-02,4.294382e-04,6.000000e-04,7.113523e-13,1.395796e-13,1.766799e-04,2.076005e-08,4.427572e-07,3.539502e-10
3.950000e+01,1.346117e-02,4.288168e-04,6.000000e-04,6.662267e-13,1.306608e-13,1.680634e-04,1.968399e-08,4.211646e-07,3.318122e-10
3.966667e+01,1.302782e-02,4.282162e-04,6.000000e-04,6.242912e-13,1.223773e-13,1.598671e-04,1.866601e-08,4.006251e-07,3.112153e-10
3.983333e+01,1.260842e-02,4.276358e-04,6.000000e-04,5.852954e-13,1.146791e-13,1.520705e-04,1.770277e-08,3.810872e-07,2.920404e-10
