Time,CC3DV,CC3DH,CC3DP,CC3DIFNe_Scalar,CC3DIFNe_Field,CC3DSTATP,CC3DIRF7,CC3DIRF7P,CC3DIFN
0.000000e+00,8.627131e-08,1.000000e+00,1.000000e+00,0.000000e+00,0.000000e+00,0.000000e+00,0.000000e+00,0.000000e+00,1.171624e-23
1.666667e-01,1.078675e-07,1.000000e+00,1.000000e+00,2.027886e-23,0.000000e+00,2.504631e-23,9.206457e-25,9.791982e-26,2.952181e-23
3.333333e-01,1.348672e-07,1.000000e+00,1.000000e+00,5.961107e-23,1.094518e-23,1.003470e-22,4.010493e-24,4.593211e-25,6.225560e-23
5.000000e-01,1.686215e-07,1.000000e+00,1.000000e+00,1.327808e-22,3.348643e-23,2.696841e-22,1.145565e-23,1.384330e-24,1.254638e-22
6.666667e-01,2.108250e-07,9.999999e-01,1.000000e+00,2.729028e-22,7.623224e-23,6.186998e-22,2.742118e-23,3.449798e-24,2.494532e-22
8.333333e-01,2.635872e-07,9.999999e-01,1.000000e+00,5.463356e-22,1.583521e-22,1.317632e-21,6.002210e-23,7.783593e-24,4.934140e-22
1.000000e+00,3.295583e-07,9.999999e-01,1.000000e+00,1.083387e-21,3.185044e-22,2.703518e-21,1.251203e-22,1.659415e-23,9.733496e-22
1.166667e+00,4.120360e-07,9.999998e-01,1.000000e+00,2.139548e-21,6.328494e-22,5.441082e-21,2.537033e-22,3.419826e-23,1.916953e-21
1.333333e+00,5.151519e-07,9.999998e-01,1.000000e+00,4.216181e-21,1.250862e-21,1.083900e-20,5.062668e-22,6.901948e-23,3.770831e-21
1.500000e+00,6.440711e-07,9.999997e-01,1.000000e+00,8.296772e-21,2.465930e-21,2.147085e-20,1.000830e-21,1.374688e-22,7.411006e-21
1.666667e+00,8.052508e-07,9.999997e-01,1.000000e+00,1.631048e-20,4.853613e-21,4.239479e-20,1.967525e-21,2.714781e-22,1.455534e-20
1.833333e+00,1.006764e-06,9.999996e-01,1.000000e+00,3.204055e-20,9.542940e-21,8.354823e-20,3.854943e-21,5.331126e-22,2.857164e-20
2.000000e+00,1.258705e-06,9.999994e-01,1.000000e+00,6.290444e-20,1.874808e-20,1.644482e-19,7.537274e-21,1.042898e-21,5.606103e-20
2.166667e+00,1.573691e-06,9.999993e-01,1.000000e+00,1.234417e-19,3.681028e-20,3.234160e-19,1.471775e-20,2.034697e-21,1.099595e-19
2.333333e+00,1.967502e-06,9.999991e-01,1.000000e+00,2.421464e-19,7.223934e-20,6.356763e-19,2.871431e-20,3.961979e-21,2.156128e-19
2.500000e+00,2.459862e-06,9.999989e-01,1.000000e+00,4.748509e-19,1.417129e-19,1.248865e-18,5.598952e-20,7.703481e-21,4.226745e-19
2.666667e+00,3.075432e-06,9.999986e-01,1.000000e+00,9.309375e-19,2.779103e-19,2.452678e-18,1.091295e-19,1.496109e-20,8.284034e-19
2.833333e+00,3.845045e-06,9.999982e-01,1.000000e+00,1.824667e-18,5.448554e-19,4.815468e-18,2.126444e-19,2.902924e-20,1.623281e-18
3.000000e+00,4.807250e-06,9.999978e-01,1.000000e+00,3.575684e-18,1.067962e-18,9.452109e-18,4.142606e-19,5.628219e-20,3.180322e-18
3.166667e+00,6.010238e-06,9.999972e-01,1.000000e+00,7.005798e-18,2.092866e-18,1.854921e-17,8.069070e-19,1.090480e-19,6.229915e-18
3.333333e+00,7.514264e-06,9.999965e-01,1.000000e+00,1.372421e-17,4.100612e-18,3.639486e-17,1.571517e-18,2.111597e-19,1.220205e-17
3.500000e+00,9.394659e-06,9.999956e-01,1.000000e+00,2.688160e-17,8.033154e-18,7.139715e-17,3.060355e-18,4.086755e-19,2.389622e-17
3.666667e+00,1.174561e-05,9.999945e-01,1.000000e+00,5.264617e-17,1.573479e-17,1.400409e-16,5.959225e-18,7.905719e-19,4.679249e-17
3.833333e+00,1.468485e-05,9.999931e-01,1.000000e+00,1.030926e-16,3.081618e-17,2.746429e-16,1.160325e-17,1.528679e-18,9.161735e-17
4.000000e+00,1.835962e-05,9.999913e-01,1.000000e+00,2.018561e-16,6.034556e-17,5.385501e-16,2.259159e-17,2.954723e-18,1.793650e-16
4.166667e+00,2.295394e-05,9.999892e-01,1.000000e+00,3.951969e-16,1.181585e-16,1.055924e-15,4.398403e-17,5.708921e-18,3.511232e-16
4.333333e+00,2.869794e-05,9.999864e-01,1.000000e+00,7.736526e-16,2.313349e-16,2.070100e-15,8.563037e-17,1.102649e-17,6.872990e-16
4.500000e+00,3.587929e-05,9.999830e-01,1.000000e+00,1.514405e-15,4.528746e-16,4.057942e-15,1.667048e-16,2.128989e-17,1.345237e-15
4.666667e+00,4.485764e-05,9.999788e-01,1.000000e+00,2.964179e-15,8.864989e-16,7.953876e-15,3.245321e-16,4.109309e-17,2.632818e-15
4.833333e+00,5.608265e-05,9.999735e-01,1.000000e+00,5.801431e-15,1.735179e-15,1.558881e-14,6.317693e-16,7.929181e-17,5.152450e-15
5.000000e+00,7.011646e-05,9.999668e-01,1.000000e+00,1.135367e-14,3.396085e-15,3.055137e-14,1.229701e-15,1.528468e-16,1.008278e-14
5.166667e+00,8.766183e-05,9.999585e-01,1.000000e+00,2.221825e-14,6.646341e-15,6.023674e-14,2.351893e-15,2.689745e-16,1.974748e-14
5.333333e+00,1.095974e-04,9.999481e-01,1.000000e+00,4.350756e-14,1.300647e-14,1.189758e-13,4.465836e-15,4.567234e-16,3.870144e-14
5.500000e+00,1.370214e-04,9.999351e-01,1.000000e+00,8.525167e-14,2.546791e-14,2.349694e-13,8.466493e-15,7.704397e-16,7.592096e-14
5.666667e+00,1.713069e-04,9.999189e-01,1.000000e+00,1.671980e-13,4.990036e-14,4.637447e-13,1.608157e-14,1.313975e-15,1.490980e-13
5.833333e+00,2.141705e-04,9.998985e-01,1.000000e+00,3.282591e-13,9.785742e-14,9.146997e-13,3.066976e-14,2.287945e-15,2.931016e-13
6.000000e+00,2.677575e-04,9.998731e-01,1.000000e+00,6.451241e-13,1.921027e-13,1.807823e-12,5.764161e-14,3.940269e-15,5.865543e-13
6.166667e+00,3.347499e-04,9.998414e-01,1.000000e+00,1.286072e-12,3.774966e-13,3.603764e-12,1.065289e-13,6.722925e-15,1.228973e-12
6.333333e+00,4.185000e-04,9.998017e-01,1.000000e+00,2.667084e-12,7.517001e-13,7.339056e-12,2.016513e-13,1.169328e-14,2.473061e-12
6.500000e+00,5.231972e-04,9.997521e-01,1.000000e+00,5.400187e-12,1.553811e-12,1.492706e-11,3.902727e-13,2.099189e-14,4.943031e-12
6.666667e+00,6.540775e-04,9.996901e-01,1.000000e+00,1.082274e-11,3.148951e-12,3.016615e-11,7.650842e-13,3.885143e-14,9.804906e-12
6.833333e+00,8.176836e-04,9.996125e-01,1.000000e+00,2.151441e-11,6.317319e-12,6.045252e-11,1.519684e-12,7.530666e-14,1.966511e-11
7.000000e+00,1.022190e-03,9.995156e-01,1.000000e+00,4.306950e-11,1.256930e-11,1.210946e-10,3.024510e-12,1.460827e-13,3.809228e-11
7.166667e+00,1.277809e-03,9.993945e-01,1.000000e+00,8.401340e-11,2.515500e-11,2.395107e-10,5.998504e-12,2.846274e-13,7.362750e-11
7.333333e+00,1.597295e-03,9.992431e-01,1.000000e+00,1.627085e-10,4.916239e-11,4.688950e-10,1.181816e-11,5.562827e-13,1.429060e-10
7.500000e+00,1.996575e-03,9.990538e-01,1.000000e+00,3.156569e-10,9.531662e-11,9.137758e-10,2.313816e-11,1.088702e-12,2.793459e-10
7.666667e+00,2.495527e-03,9.988173e-01,1.000000e+00,6.160245e-10,1.849468e-10,1.781548e-09,4.518659e-11,2.124520e-12,5.428286e-10
7.833333e+00,3.118959e-03,9.985219e-01,1.000000e+00,1.198173e-09,3.607839e-10,3.469076e-09,8.808151e-11,4.146525e-12,1.062380e-09
8.000000e+00,3.897805e-03,9.981527e-01,1.000000e+00,2.341836e-09,7.018317e-10,6.765867e-09,1.716756e-10,8.075565e-12,2.067157e-09
8.166667e+00,4.870623e-03,9.976915e-01,1.000000e+00,4.561085e-09,1.371266e-09,1.318527e-08,3.345408e-10,1.572179e-11,4.026997e-09
8.333333e+00,6.085434e-03,9.971157e-01,1.000000e+00,8.884956e-09,2.671233e-09,2.568464e-08,6.515819e-10,3.060531e-11,7.855563e-09
8.500000e+00,7.601981e-03,9.963966e-01,1.000000e+00,1.732687e-08,5.203731e-09,5.004483e-08,1.268869e-09,5.956926e-11,1.531203e-08
8.666667e+00,9.494508e-03,9.954993e-01,1.000000e+00,3.377696e-08,1.014721e-08,9.749826e-08,2.470561e-09,1.159272e-10,2.983434e-08
8.833333e+00,1.185513e-02,9.943798e-01,9.999000e-01,6.581897e-08,1.978112e-08,1.898844e-07,4.808933e-09,2.255259e-10,5.806632e-08
9.000000e+00,1.479793e-02,9.929839e-01,9.999000e-01,1.281261e-07,3.854359e-08,3.695408e-07,9.355020e-09,4.385370e-10,1.129188e-07
9.166667e+00,1.846383e-02,9.912447e-01,9.999000e-01,2.492156e-07,7.503938e-08,7.184968e-07,1.818237e-08,8.520962e-10,2.193420e-07
9.333333e+00,2.302642e-02,9.890794e-01,9.999000e-01,4.842354e-07,1.459712e-07,1.395337e-06,3.529706e-08,1.653839e-09,4.253728e-07
9.500000e+00,2.869867e-02,9.863865e-01,9.999000e-01,9.394740e-07,2.836582e-07,2.705608e-06,6.841529e-08,3.205251e-09,8.234332e-07
9.666667e+00,3.574067e-02,9.830418e-01,9.999000e-01,1.819506e-06,5.504122e-07,5.236299e-06,1.323468e-07,6.200184e-09,1.590180e-06
9.833333e+00,4.446808e-02,9.788943e-01,9.999000e-01,3.515951e-06,1.066190e-06,1.010985e-05,2.553879e-07,1.196459e-08,3.062015e-06
1.000000e+01,5.526111e-02,9.737613e-01,9.998000e-01,6.775421e-06,2.060739e-06,1.946158e-05,4.913034e-07,2.301833e-08,5.874710e-06
1.016667e+01,6.857330e-02,9.674247e-01,9.995000e-01,1.301066e-05,3.971875e-06,3.732610e-05,9.415398e-07,4.411728e-08,1.122052e-05
1.033333e+01,8.493887e-02,9.596260e-01,9.992000e-01,2.487345e-05,7.627746e-06,7.126340e-05,1.795859e-06,8.416087e-08,2.131209e-05
1.050000e+01,1.049772e-01,9.500637e-01,9.989000e-01,4.730086e-05,1.458604e-05,1.352923e-04,3.405408e-06,1.596256e-07,4.020335e-05
1.066667e+01,1.293914e-01,9.383929e-01,9.979000e-01,8.936724e-05,2.774744e-05,2.550786e-04,6.411361e-06,3.006161e-07,7.520393e-05
1.083333e+01,1.589579e-01,9.242282e-01,9.974000e-01,1.674115e-04,5.241271e-05,4.768677e-04,1.196527e-05,5.612477e-07,1.392322e-04
1.100000e+01,1.945023e-01,9.071532e-01,9.962000e-01,3.106462e-04,9.825093e-05,8.823141e-04,2.209314e-05,1.036855e-06,2.545550e-04
1.116667e+01,2.368567e-01,8.867372e-01,9.950000e-01,5.693376e-04,1.823169e-04,1.612200e-03,4.027063e-05,1.891265e-06,4.583634e-04
1.133333e+01,2.867935e-01,8.625633e-01,9.916000e-01,1.028411e-03,3.343033e-04,2.901798e-03,7.227630e-05,3.397544e-06,8.103621e-04
1.150000e+01,3.449364e-01,8.342663e-01,9.875000e-01,1.822581e-03,6.030120e-04,5.129883e-03,1.273528e-04,5.994071e-06,1.401655e-03
1.166667e+01,4.116389e-01,8.015860e-01,9.823000e-01,3.160887e-03,1.067549e-03,8.877109e-03,2.195837e-04,1.035281e-05,2.362450e-03
1.183333e+01,4.868622e-01,7.644221e-01,9.736000e-01,5.343678e-03,1.848725e-03,1.498320e-02,3.691738e-04,1.744646e-05,3.862991e-03
1.200000e+01,5.700503e-01,7.228917e-01,9.609000e-01,8.753132e-03,3.112375e-03,2.457351e-02,6.029853e-04,2.858638e-05,6.099453e-03
1.216667e+01,6.600439e-01,6.773725e-01,9.464000e-01,1.381921e-02,5.064951e-03,3.900541e-02,9.532675e-04,4.538573e-05,9.255438e-03
1.233333e+01,7.550468e-01,6.285251e-01,9.254000e-01,2.096273e-02,7.945497e-03,5.969341e-02,1.453580e-03,6.960087e-05,1.343574e-02
1.250000e+01,8.526980e-01,5.772717e-01,8.962000e-01,3.032106e-02,1.190999e-02,8.778607e-02,2.131260e-03,1.028156e-04,1.858462e-02
1.266667e+01,9.502351e-01,5.247346e-01,8.598000e-01,4.155775e-02,1.691079e-02,1.237332e-01,2.998047e-03,1.460239e-04,2.442052e-02
1.283333e+01,1.044733e+00,4.721450e-01,8.265000e-01,5.378922e-02,2.263819e-02,1.668342e-01,4.040129e-03,1.991748e-04,3.043293e-02
1.300000e+01,1.133391e+00,4.207204e-01,7.774000e-01,6.611784e-02,2.880579e-02,2.151006e-01,5.213887e-03,2.609009e-04,3.596656e-02
1.316667e+01,1.213804e+00,3.715507e-01,7.273000e-01,7.615327e-02,3.408544e-02,2.655286e-01,6.449148e-03,3.285324e-04,4.037510e-02
1.333333e+01,1.284149e+00,3.255152e-01,6.685000e-01,8.279728e-02,3.791093e-02,3.144110e-01,7.659281e-03,3.984301e-04,4.318423e-02
1.350000e+01,1.343278e+00,2.832343e-01,6.080000e-01,8.472789e-02,3.927484e-02,3.583628e-01,8.759353e-03,4.666855e-04,4.419204e-02
1.366667e+01,1.390722e+00,2.450591e-01,5.500000e-01,8.207693e-02,3.815497e-02,3.946965e-01,9.678117e-03,5.296663e-04,4.347912e-02
1.383333e+01,1.426611e+00,2.110962e-01,4.992000e-01,7.584894e-02,3.508966e-02,4.220128e-01,1.036934e-02,5.845341e-04,4.133733e-02
1.400000e+01,1.451527e+00,1.812568e-01,4.447000e-01,6.756069e-02,3.103876e-02,4.399662e-01,1.081316e-02,6.294998e-04,3.816680e-02
1.416667e+01,1.466377e+00,1.553099e-01,3.901000e-01,5.774128e-02,2.596422e-02,4.492446e-01,1.101418e-02,6.637727e-04,3.438218e-02
1.433333e+01,1.472256e+00,1.329323e-01,3.401000e-01,4.745649e-02,2.064523e-02,4.513195e-01,1.099992e-02,6.876190e-04,3.034607e-02
1.450000e+01,1.470329e+00,1.137564e-01,2.969000e-01,3.778722e-02,1.582788e-02,4.475397e-01,1.080260e-02,7.017748e-04,2.633757e-02
1.466667e+01,1.461752e+00,9.740174e-02,2.580000e-01,2.939880e-02,1.185266e-02,4.390282e-01,1.045567e-02,7.072906e-04,2.254893e-02
1.483333e+01,1.447619e+00,8.349944e-02,2.253000e-01,2.241193e-02,8.650907e-03,4.271500e-01,9.996149e-03,7.053760e-04,1.909482e-02
1.500000e+01,1.428923e+00,7.170650e-02,1.975000e-01,1.685543e-02,6.226551e-03,4.134195e-01,9.467416e-03,6.978623e-04,1.602929e-02
1.516667e+01,1.406548e+00,6.171379e-02,1.711000e-01,1.255592e-02,4.443717e-03,3.984211e-01,8.891621e-03,6.856727e-04,1.336413e-02
1.533333e+01,1.381263e+00,5.324807e-02,1.478000e-01,9.229119e-03,3.112695e-03,3.826860e-01,8.290266e-03,6.697227e-04,1.108343e-02
1.550000e+01,1.353724e+00,4.607248e-02,1.307000e-01,6.710023e-03,2.161806e-03,3.665036e-01,7.681004e-03,6.509423e-04,9.155405e-03
1.566667e+01,1.324489e+00,3.998399e-02,1.153000e-01,4.888226e-03,1.524153e-03,3.506023e-01,7.084104e-03,6.305159e-04,7.540831e-03
1.583333e+01,1.294021e+00,3.481001e-02,1.010000e-01,3.557127e-03,1.071543e-03,3.346644e-01,6.501370e-03,6.085963e-04,6.198425e-03
1.600000e+01,1.262708e+00,3.040488e-02,8.750000e-02,2.576973e-03,7.472190e-04,3.192476e-01,5.946392e-03,5.860424e-04,5.088552e-03
1.616667e+01,1.230869e+00,2.664617e-02,7.460000e-02,1.852550e-03,5.136306e-04,3.044120e-01,5.423095e-03,5.633317e-04,4.174689e-03
1.633333e+01,1.198763e+00,2.343131e-02,6.500000e-02,1.316799e-03,3.480047e-04,2.897791e-01,4.928647e-03,5.402784e-04,3.424412e-03
1.650000e+01,1.166604e+00,2.067457e-02,5.820000e-02,9.380966e-04,2.398047e-04,2.762787e-01,4.475641e-03,5.179615e-04,2.809738e-03
1.666667e+01,1.134564e+00,1.830426e-02,5.070000e-02,6.768818e-04,1.709119e-04,2.632288e-01,4.054581e-03,4.958089e-04,2.306830e-03
1.683333e+01,1.102782e+00,1.626052e-02,4.520000e-02,4.866093e-04,1.184349e-04,2.503160e-01,3.661346e-03,4.736928e-04,1.895646e-03
1.700000e+01,1.071369e+00,1.449337e-02,4.070000e-02,3.525981e-04,8.439844e-05,2.379919e-01,3.300923e-03,4.521805e-04,1.559538e-03
1.716667e+01,1.040411e+00,1.296099e-02,3.670000e-02,2.578940e-04,6.097591e-05,2.265277e-01,2.974900e-03,4.315591e-04,1.284763e-03
1.733333e+01,1.009977e+00,1.162836e-02,3.270000e-02,1.898827e-04,4.431345e-05,2.155559e-01,2.678304e-03,4.117944e-04,1.059984e-03
1.750000e+01,9.801215e-01,1.046608e-02,2.950000e-02,1.397123e-04,3.177149e-05,2.050634e-01,2.407602e-03,3.925036e-04,8.759512e-04
1.766667e+01,9.508832e-01,9.449481e-03,2.550000e-02,1.033816e-04,2.326226e-05,1.952420e-01,2.163992e-03,3.741882e-04,7.251273e-04
1.783333e+01,9.222920e-01,8.557782e-03,2.350000e-02,7.540744e-05,1.645823e-05,1.858722e-01,1.944042e-03,3.567479e-04,6.013642e-04
1.800000e+01,8.943685e-01,7.773451e-03,2.110000e-02,5.611879e-05,1.235359e-05,1.771841e-01,1.747286e-03,3.402820e-04,4.996647e-04
1.816667e+01,8.671272e-01,7.081629e-03,1.920000e-02,4.180859e-05,9.051407e-06,1.684114e-01,1.565574e-03,3.240133e-04,4.159581e-04
1.833333e+01,8.405756e-01,6.469768e-03,1.760000e-02,3.137576e-05,6.761115e-06,1.600805e-01,1.402103e-03,3.084522e-04,3.469525e-04
1.850000e+01,8.147162e-01,5.927201e-03,1.610000e-02,2.374169e-05,5.119354e-06,1.525063e-01,1.257053e-03,2.937209e-04,2.899691e-04
1.866667e+01,7.895491e-01,5.444808e-03,1.470000e-02,1.804795e-05,3.873204e-06,1.450339e-01,1.125380e-03,2.796576e-04,2.428275e-04
1.883333e+01,7.650703e-01,5.014829e-03,1.340000e-02,1.375545e-05,2.915903e-06,1.378369e-01,1.006583e-03,2.661459e-04,2.037552e-04
1.900000e+01,7.412728e-01,4.630633e-03,1.220000e-02,1.050073e-05,2.196904e-06,1.313507e-01,9.019517e-04,2.535082e-04,1.713124e-04
1.916667e+01,7.181489e-01,4.286489e-03,1.150000e-02,8.026017e-06,1.655298e-06,1.248560e-01,8.063186e-04,2.411876e-04,1.443192e-04
1.933333e+01,6.956882e-01,3.977506e-03,1.060000e-02,6.242202e-06,1.301312e-06,1.187337e-01,7.209434e-04,2.294862e-04,1.218187e-04
1.950000e+01,6.738794e-01,3.699454e-03,1.000000e-02,4.855672e-06,9.968265e-07,1.129448e-01,6.446526e-04,2.183730e-04,1.030268e-04
1.966667e+01,6.527100e-01,3.448675e-03,9.700000e-03,3.821795e-06,7.891387e-07,1.074837e-01,5.766583e-04,2.078649e-04,8.730203e-05
1.983333e+01,6.321671e-01,3.221998e-03,9.300000e-03,3.070238e-06,6.437640e-07,1.022169e-01,5.154113e-04,1.977455e-04,7.411649e-05
2.000000e+01,6.122368e-01,3.016675e-03,8.800000e-03,2.482023e-06,5.208638e-07,9.725818e-02,4.607948e-04,1.881374e-04,6.304079e-05
2.016667e+01,5.929051e-01,2.830311e-03,8.100000e-03,2.002231e-06,4.173113e-07,9.255464e-02,4.120260e-04,1.790482e-04,5.371934e-05
2.033333e+01,5.741577e-01,2.660817e-03,7.600000e-03,1.593735e-06,3.262454e-07,8.807563e-02,3.684058e-04,1.703603e-04,4.585888e-05
2.050000e+01,5.559801e-01,2.506363e-03,7.100000e-03,1.272346e-06,2.605205e-07,8.377546e-02,3.292305e-04,1.620298e-04,3.921787e-05
2.066667e+01,5.383576e-01,2.365355e-03,6.700000e-03,1.016118e-06,2.074807e-07,7.975160e-02,2.945618e-04,1.542848e-04,3.359756e-05
2.083333e+01,5.212759e-01,2.236376e-03,6.300000e-03,8.162172e-07,1.672778e-07,7.571692e-02,2.629338e-04,1.467012e-04,2.883117e-05
2.100000e+01,5.047199e-01,2.118203e-03,6.000000e-03,6.570575e-07,1.345493e-07,7.207072e-02,2.351540e-04,1.395557e-04,2.478249e-05
2.116667e+01,4.886758e-01,2.009735e-03,5.700000e-03,5.332209e-07,1.098609e-07,6.850101e-02,2.100632e-04,1.326581e-04,2.133658e-05
2.133333e+01,4.731289e-01,1.910015e-03,5.500000e-03,4.343653e-07,8.963720e-08,6.520739e-02,1.879129e-04,1.261760e-04,1.839949e-05
2.150000e+01,4.580654e-01,1.818188e-03,5.100000e-03,3.575165e-07,7.438249e-08,6.213792e-02,1.683275e-04,1.201786e-04,1.589200e-05
2.166667e+01,4.434718e-01,1.733486e-03,4.900000e-03,2.903800e-07,5.948679e-08,5.896113e-02,1.502504e-04,1.142108e-04,1.374641e-05
2.183333e+01,4.293338e-01,1.655253e-03,4.700000e-03,2.384956e-07,4.933263e-08,5.616071e-02,1.346096e-04,1.087430e-04,1.190885e-05
2.200000e+01,4.156387e-01,1.582877e-03,4.500000e-03,1.970059e-07,4.091023e-08,5.342210e-02,1.204782e-04,1.034700e-04,1.033166e-05
2.216667e+01,4.023731e-01,1.515831e-03,4.100000e-03,1.631804e-07,3.391976e-08,5.091218e-02,1.080049e-04,9.851038e-05,8.976193e-06
2.233333e+01,3.895245e-01,1.453632e-03,3.800000e-03,1.322074e-07,2.684939e-08,4.852140e-02,9.686775e-05,9.381935e-05,7.809413e-06
2.250000e+01,3.770807e-01,1.395844e-03,3.700000e-03,1.068689e-07,2.143657e-08,4.606014e-02,8.659447e-05,8.918050e-05,6.803121e-06
2.266667e+01,3.650293e-01,1.342091e-03,3.300000e-03,8.843487e-08,1.814614e-08,4.368696e-02,7.739024e-05,8.478768e-05,5.934330e-06
2.283333e+01,3.533581e-01,1.292034e-03,3.200000e-03,7.102332e-08,1.394582e-08,4.156035e-02,6.935369e-05,8.066563e-05,5.183260e-06
2.300000e+01,3.420558e-01,1.245356e-03,3.200000e-03,5.852630e-08,1.170209e-08,3.953345e-02,6.216438e-05,7.673431e-05,4.532890e-06
2.316667e+01,3.311114e-01,1.201777e-03,3.100000e-03,4.967746e-08,1.017330e-08,3.756477e-02,5.568673e-05,7.295466e-05,3.968901e-06
2.333333e+01,3.205137e-01,1.161045e-03,3.000000e-03,4.215172e-08,8.590231e-09,3.566855e-02,4.987200e-05,6.934375e-05,3.479189e-06
2.350000e+01,3.102519e-01,1.122935e-03,3.000000e-03,3.576239e-08,7.260703e-09,3.392899e-02,4.475225e-05,6.596361e-05,3.053524e-06
2.366667e+01,3.003158e-01,1.087239e-03,2.800000e-03,3.086966e-08,6.352286e-09,3.231148e-02,4.021452e-05,6.275742e-05,2.682992e-06
2.383333e+01,2.906954e-01,1.053765e-03,2.600000e-03,2.596279e-08,5.193181e-09,3.074067e-02,3.611900e-05,5.968292e-05,2.359993e-06
2.400000e+01,2.813809e-01,1.022346e-03,2.600000e-03,2.152041e-08,4.231155e-09,2.924144e-02,3.245401e-05,5.677333e-05,2.078138e-06
2.416667e+01,2.723627e-01,9.928270e-04,2.600000e-03,1.838695e-08,3.718118e-09,2.781532e-02,2.917501e-05,5.400550e-05,1.831872e-06
2.433333e+01,2.636316e-01,9.650658e-04,2.600000e-03,1.596319e-08,3.270929e-09,2.645876e-02,2.624055e-05,5.137252e-05,1.616450e-06
2.450000e+01,2.551787e-01,9.389330e-04,2.400000e-03,1.397617e-08,2.880648e-09,2.514596e-02,2.359425e-05,4.883777e-05,1.427752e-06
2.466667e+01,2.469951e-01,9.143152e-04,2.300000e-03,1.179854e-08,2.344217e-09,2.395709e-02,2.126801e-05,4.645229e-05,1.262348e-06
2.483333e+01,2.390726e-01,8.911013e-04,2.100000e-03,9.978724e-09,1.982615e-09,2.280651e-02,1.917549e-05,4.421784e-05,1.117220e-06
2.500000e+01,2.314028e-01,8.691950e-04,1.900000e-03,8.250215e-09,1.599227e-09,2.173451e-02,1.731472e-05,4.208765e-05,9.897042e-07
2.516667e+01,2.239779e-01,8.485023e-04,1.900000e-03,6.718440e-09,1.279529e-09,2.067451e-02,1.561791e-05,4.003548e-05,8.775286e-07
2.533333e+01,2.167901e-01,8.289431e-04,1.900000e-03,5.706451e-09,1.132545e-09,1.966620e-02,1.409635e-05,3.808335e-05,7.787561e-07
2.550000e+01,2.098320e-01,8.104410e-04,1.900000e-03,4.956763e-09,1.003392e-09,1.870707e-02,1.273141e-05,3.622636e-05,6.917065e-07
2.566667e+01,2.030963e-01,7.929263e-04,1.900000e-03,4.355749e-09,8.897781e-10,1.779472e-02,1.150646e-05,3.445991e-05,6.149141e-07
2.583333e+01,1.965760e-01,7.763308e-04,1.800000e-03,3.850885e-09,7.897337e-10,1.687247e-02,1.037540e-05,3.272838e-05,5.470527e-07
2.600000e+01,1.902643e-01,7.606017e-04,1.700000e-03,3.321072e-09,6.645686e-10,1.603494e-02,9.383000e-06,3.111342e-05,4.871108e-07
2.616667e+01,1.841544e-01,7.456820e-04,1.700000e-03,2.827580e-09,5.580100e-10,1.525291e-02,8.498503e-06,2.959623e-05,4.341059e-07
2.633333e+01,1.782401e-01,7.315202e-04,1.700000e-03,2.464433e-09,4.965431e-10,1.450902e-02,7.703235e-06,2.815300e-05,3.871767e-07
2.650000e+01,1.725152e-01,7.180695e-04,1.700000e-03,2.173886e-09,4.422119e-10,1.380140e-02,6.987824e-06,2.678014e-05,3.455923e-07
2.666667e+01,1.669735e-01,7.052864e-04,1.700000e-03,1.929546e-09,3.941446e-10,1.312830e-02,6.343903e-06,2.547422e-05,3.087087e-07
2.683333e+01,1.616094e-01,6.931308e-04,1.700000e-03,1.718437e-09,3.515822e-10,1.248803e-02,5.764005e-06,2.423197e-05,2.759657e-07
2.700000e+01,1.564171e-01,6.815652e-04,1.700000e-03,1.533463e-09,3.138594e-10,1.187898e-02,5.241459e-06,2.305029e-05,2.468881e-07
2.716667e+01,1.513913e-01,6.705516e-04,1.600000e-03,1.370247e-09,2.803959e-10,1.126110e-02,4.754671e-06,2.188622e-05,2.209965e-07
2.733333e+01,1.465265e-01,6.600647e-04,1.600000e-03,1.187288e-09,2.359114e-10,1.071189e-02,4.330980e-06,2.081892e-05,1.979956e-07
2.750000e+01,1.418176e-01,6.500711e-04,1.600000e-03,1.046779e-09,2.110769e-10,1.018947e-02,3.948482e-06,1.980366e-05,1.775156e-07
2.766667e+01,1.372598e-01,6.405427e-04,1.600000e-03,9.310725e-10,1.889954e-10,9.692522e-03,3.602943e-06,1.883790e-05,1.592666e-07
2.783333e+01,1.328481e-01,6.314536e-04,1.600000e-03,8.319575e-10,1.693467e-10,9.219813e-03,3.290580e-06,1.791924e-05,1.429954e-07
2.800000e+01,1.285779e-01,6.227796e-04,1.600000e-03,7.452854e-10,1.518494e-10,8.770159e-03,3.008009e-06,1.704538e-05,1.284722e-07
2.816667e+01,1.244447e-01,6.144978e-04,1.600000e-03,6.686779e-10,1.362574e-10,8.342434e-03,2.752204e-06,1.621412e-05,1.155011e-07
2.833333e+01,1.204440e-01,6.065907e-04,1.500000e-03,6.005942e-10,1.223505e-10,7.967042e-03,2.529659e-06,1.543905e-05,1.039243e-07
2.850000e+01,1.165718e-01,5.990313e-04,1.500000e-03,5.219629e-10,1.030793e-10,7.578486e-03,2.318810e-06,1.468613e-05,9.355874e-08
2.866667e+01,1.128239e-01,5.918047e-04,1.500000e-03,4.620393e-10,9.268531e-11,7.208879e-03,2.127498e-06,1.396992e-05,8.428508e-08
2.883333e+01,1.091963e-01,5.848935e-04,1.500000e-03,4.128047e-10,8.339566e-11,6.857299e-03,1.953776e-06,1.328864e-05,7.598331e-08
2.900000e+01,1.056851e-01,5.782814e-04,1.500000e-03,3.705808e-10,7.508843e-11,6.522866e-03,1.795901e-06,1.264058e-05,6.854419e-08
2.916667e+01,1.022867e-01,5.719531e-04,1.500000e-03,3.335400e-10,6.765535e-11,6.204743e-03,1.652309e-06,1.202413e-05,6.187676e-08
2.933333e+01,9.899740e-02,5.658942e-04,1.500000e-03,3.006788e-10,6.099895e-11,5.902136e-03,1.521600e-06,1.143774e-05,5.590160e-08
2.950000e+01,9.581373e-02,5.600913e-04,1.500000e-03,2.713695e-10,5.503539e-11,5.614287e-03,1.402517e-06,1.087994e-05,5.052824e-08
2.966667e+01,9.273225e-02,5.545349e-04,1.400000e-03,2.451139e-10,4.969182e-11,5.359929e-03,1.298686e-06,1.038256e-05,4.572959e-08
2.983333e+01,8.974981e-02,5.492067e-04,1.400000e-03,2.137174e-10,4.192210e-11,5.098524e-03,1.199221e-06,9.876222e-06,4.138627e-08
3.000000e+01,8.686317e-02,5.440985e-04,1.400000e-03,1.900115e-10,3.790051e-11,4.849868e-03,1.108367e-06,9.394577e-06,3.748263e-08
3.016667e+01,8.406927e-02,5.391999e-04,1.400000e-03,1.705998e-10,3.428472e-11,4.613339e-03,1.025304e-06,8.936421e-06,3.396991e-08
3.033333e+01,8.136513e-02,5.345009e-04,1.400000e-03,1.539383e-10,3.103468e-11,4.388346e-03,9.492968e-07,8.500608e-06,3.080936e-08
3.050000e+01,7.874788e-02,5.299920e-04,1.400000e-03,1.392846e-10,2.811149e-11,4.174326e-03,8.796834e-07,8.086048e-06,2.795986e-08
3.066667e+01,7.621472e-02,5.256650e-04,1.300000e-03,1.262277e-10,2.548180e-11,3.974377e-03,8.165063e-07,7.687843e-06,2.538751e-08
3.083333e+01,7.376298e-02,5.215102e-04,1.300000e-03,1.101186e-10,2.146013e-11,3.780547e-03,7.579120e-07,7.312920e-06,2.306949e-08
3.100000e+01,7.139003e-02,5.175204e-04,1.300000e-03,9.813973e-11,1.947782e-11,3.596170e-03,7.041005e-07,6.956282e-06,2.097714e-08
3.116667e+01,6.909336e-02,5.136880e-04,1.300000e-03,8.840264e-11,1.769025e-11,3.420785e-03,6.546366e-07,6.617036e-06,1.908710e-08
3.133333e+01,6.687048e-02,5.100059e-04,1.300000e-03,8.006195e-11,1.607741e-11,3.253953e-03,6.091275e-07,6.294333e-06,1.737596e-08
3.150000e+01,6.471907e-02,5.064674e-04,1.300000e-03,7.271003e-11,1.462128e-11,3.095258e-03,5.672198e-07,5.987369e-06,1.583102e-08
3.166667e+01,6.263681e-02,5.030661e-04,1.300000e-03,6.614722e-11,1.330452e-11,2.944303e-03,5.285938e-07,5.695374e-06,1.443359e-08
3.183333e+01,6.062150e-02,4.997959e-04,1.300000e-03,6.024759e-11,1.211498e-11,2.800709e-03,4.929607e-07,5.417620e-06,1.316883e-08
3.200000e+01,5.867098e-02,4.966513e-04,1.300000e-03,5.492490e-11,1.103956e-11,2.664119e-03,4.600596e-07,5.153412e-06,1.202280e-08
3.216667e+01,5.678317e-02,4.936271e-04,1.200000e-03,5.011160e-11,1.006670e-11,2.534955e-03,4.298005e-07,4.904235e-06,1.098539e-08
3.233333e+01,5.495606e-02,4.907173e-04,1.200000e-03,4.385517e-11,8.480300e-12,2.411326e-03,4.016670e-07,4.665063e-06,1.004310e-08
3.250000e+01,5.318771e-02,4.879175e-04,1.200000e-03,3.927137e-11,7.743504e-12,2.293726e-03,3.756230e-07,4.437556e-06,9.188007e-09
3.266667e+01,5.147622e-02,4.852230e-04,1.200000e-03,3.557092e-11,7.075556e-12,2.181862e-03,3.514928e-07,4.221144e-06,8.411625e-09
3.283333e+01,4.981977e-02,4.826294e-04,1.200000e-03,3.240480e-11,6.469689e-12,2.075454e-03,3.291171e-07,4.015286e-06,7.706212e-09
3.300000e+01,4.821660e-02,4.801324e-04,1.200000e-03,2.961042e-11,5.919829e-12,1.974235e-03,3.083515e-07,3.819467e-06,7.064882e-09
3.316667e+01,4.666498e-02,4.777281e-04,1.200000e-03,2.710520e-11,5.420478e-12,1.877952e-03,2.890644e-07,3.633199e-06,6.481459e-09
3.333333e+01,4.516327e-02,4.754126e-04,1.200000e-03,2.484166e-11,4.966712e-12,1.786366e-03,2.711366e-07,3.456014e-06,5.950391e-09
3.350000e+01,4.370985e-02,4.731824e-04,1.200000e-03,2.278832e-11,4.554116e-12,1.699246e-03,2.544592e-07,3.287470e-06,5.466682e-09
3.366667e+01,4.230319e-02,4.710338e-04,1.200000e-03,2.092159e-11,4.178725e-12,1.616374e-03,2.389332e-07,3.127146e-06,5.025837e-09
3.383333e+01,4.094177e-02,4.689638e-04,1.200000e-03,1.922225e-11,3.836974e-12,1.537545e-03,2.244686e-07,2.974641e-06,4.623807e-09
3.400000e+01,3.962415e-02,4.669689e-04,1.200000e-03,1.767379e-11,3.525657e-12,1.462560e-03,2.109829e-07,2.829573e-06,4.256945e-09
3.416667e+01,3.834891e-02,4.650464e-04,1.200000e-03,1.626172e-11,3.241886e-12,1.391232e-03,1.984010e-07,2.691580e-06,3.921962e-09
3.433333e+01,3.711470e-02,4.631933e-04,1.200000e-03,1.497313e-11,2.983064e-12,1.323382e-03,1.866543e-07,2.560316e-06,3.615893e-09
3.450000e+01,3.592019e-02,4.614068e-04,1.200000e-03,1.379643e-11,2.746847e-12,1.258842e-03,1.756799e-07,2.435454e-06,3.336063e-09
3.466667e+01,3.476411e-02,4.596845e-04,1.200000e-03,1.272120e-11,2.531126e-12,1.197449e-03,1.654205e-07,2.316682e-06,3.080057e-09
3.483333e+01,3.364522e-02,4.580236e-04,1.200000e-03,1.173806e-11,2.333995e-12,1.139051e-03,1.558233e-07,2.203701e-06,2.845695e-09
3.500000e+01,3.256233e-02,4.564220e-04,1.200000e-03,1.083854e-11,2.153737e-12,1.083500e-03,1.468401e-07,2.096231e-06,2.631006e-09
3.516667e+01,3.151429e-02,4.548772e-04,1.200000e-03,1.001498e-11,1.988800e-12,1.030659e-03,1.384266e-07,1.994002e-06,2.434210e-09
3.533333e+01,3.049996e-02,4.533871e-04,1.200000e-03,9.260477e-12,1.837785e-12,9.803945e-04,1.305420e-07,1.896758e-06,2.253696e-09
3.550000e+01,2.951827e-02,4.519496e-04,1.200000e-03,8.568785e-12,1.699425e-12,9.325816e-04,1.231491e-07,1.804257e-06,2.087926e-09
3.566667e+01,2.856816e-02,4.505628e-04,1.200000e-03,7.934083e-12,1.572576e-12,8.871004e-04,1.162134e-07,1.716267e-06,1.935680e-09
3.583333e+01,2.764863e-02,4.492246e-04,1.200000e-03,7.351399e-12,1.456170e-12,8.438373e-04,1.097032e-07,1.632567e-06,1.795757e-09
3.600000e+01,2.675869e-02,4.479333e-04,1.200000e-03,6.816150e-12,1.349300e-12,8.026839e-04,1.035892e-07,1.552950e-06,1.666821e-09
3.616667e+01,2.589738e-02,4.466871e-04,1.200000e-03,6.323634e-12,1.251127e-12,7.635375e-04,9.784460e-08,1.477215e-06,1.548391e-09
3.633333e+01,2.506379e-02,4.454843e-04,1.200000e-03,5.870880e-12,1.160777e-12,7.263003e-04,9.244455e-08,1.405173e-06,1.439367e-09
3.650000e+01,2.425702e-02,4.443233e-04,1.200000e-03,5.454356e-12,1.077729e-12,6.908791e-04,8.736606e-08,1.336645e-06,1.338903e-09
3.666667e+01,2.347621e-02,4.432025e-04,1.200000e-03,5.070823e-12,1.001324e-12,6.571854e-04,8.258789e-08,1.271459e-06,1.246259e-09
3.683333e+01,2.272053e-02,4.421205e-04,1.200000e-03,4.717381e-12,9.309648e-13,6.251349e-04,7.809037e-08,1.209452e-06,1.160778e-09
3.700000e+01,2.198917e-02,4.410759e-04,1.200000e-03,4.391449e-12,8.661210e-13,5.946475e-04,7.385530e-08,1.150469e-06,1.081832e-09
3.716667e+01,2.128135e-02,4.400672e-04,1.200000e-03,4.090643e-12,8.063209e-13,5.656470e-04,6.986580e-08,1.094363e-06,1.008880e-09
3.733333e+01,2.059631e-02,4.390933e-04,1.200000e-03,3.812833e-12,7.511269e-13,5.380608e-04,6.610622e-08,1.040992e-06,9.414218e-10
3.750000e+01,1.993331e-02,4.381527e-04,1.200000e-03,3.556087e-12,7.001497e-13,5.118199e-04,6.256202e-08,9.902248e-07,8.790010e-10
3.766667e+01,1.929165e-02,4.372443e-04,1.200000e-03,3.318649e-12,6.530354e-13,4.868589e-04,5.921969e-08,9.419332e-07,8.212027e-10
3.783333e+01,1.867064e-02,4.363669e-04,1.200000e-03,3.098918e-12,6.094617e-13,4.631151e-04,5.606668e-08,8.959967e-07,7.676487e-10
3.800000e+01,1.806962e-02,4.355195e-04,1.200000e-03,2.895435e-12,5.691354e-13,4.405294e-04,5.309130e-08,8.523004e-07,7.179943e-10
3.816667e+01,1.748794e-02,4.347009e-04,1.200000e-03,2.706874e-12,5.317892e-13,4.190451e-04,5.028269e-08,8.107351e-07,6.719240e-10
3.833333e+01,1.692498e-02,4.339101e-04,1.200000e-03,2.532022e-12,4.971798e-13,3.986086e-04,4.763069e-08,7.711969e-07,6.291482e-10
3.850000e+01,1.638014e-02,4.331462e-04,1.200000e-03,2.369768e-12,4.650849e-13,3.791688e-04,4.512587e-08,7.335870e-07,5.894093e-10
3.866667e+01,1.585284e-02,4.324081e-04,1.200000e-03,2.219111e-12,4.353006e-13,3.606771e-04,4.275940e-08,6.978112e-07,5.524685e-10
3.883333e+01,1.534251e-02,4.316950e-04,1.200000e-03,2.079134e-12,4.076438e-13,3.430872e-04,4.052306e-08,6.637801e-07,5.181067e-10
3.900000e+01,1.484861e-02,4.310059e-04,1.200000e-03,1.948997e-12,3.819464e-13,3.263551e-04,3.840915e-08,6.314086e-07,4.861237e-10
3.916667e+01,1.437060e-02,4.303401e-04,1.200000e-03,1.827933e-12,3.580544e-13,3.104390e-04,3.641048e-08,6.006159e-07,4.563361e-10
3.933333e+01,1.390798e-02,4.296967e-04,1.200000e-03,1.715237e-12,3.358268e-13,2.952992e-04,3.452034e-08,5.713249e-07,4.285760e-10
3.950000e+01,1.346024e-02,4.290750e-04,1.200000e-03,1.610266e-12,3.151347e-13,2.808977e-04,3.273243e-08,5.434623e-07,4.026896e-10
3.966667e+01,1.302692e-02,4.284741e-04,1.200000e-03,1.512430e-12,2.958599e-13,2.671985e-04,3.104086e-08,5.169586e-07,3.785361e-10
3.983333e+01,1.260755e-02,4.278933e-04,1.200000e-03,1.421188e-12,2.778944e-13,2.541675e-04,2.944011e-08,4.917474e-07,3.559860e-10
